5.199358401673232
2.262788088437577
6.846479144700008
0.8489673215257714
2.6973237733758144
0.5855411633591636
5.7473472861459936
7.657880783465303
2.5046522780630043
0.5774397103973667
5.264228271325255
7.248879538295921
0.7214587574983338
2.688687205067987
3.83476859804763
0.261115983773629
3.83447909841916
9.128782457465828
3.8849281115396934
10.043562544725603
2.5909613717272304
2.7098021067078575
3.4709638550584065
6.58632756501755
4.1835928739001105
4.394149600451702
2.6577380257906666
2.8195828797522218
2.1218385156294874
4.976316968565705
1.2405160019288903
3.6480712176276553
1.507599773131346
5.24196285765243
2.8533302641092053
6.2172173232295185
0.13903707806574284
2.099954365804732
1.7216187484850738
1.2960836306777637
0.3357077258882393
0.9532058744276752
2.6052553695687704
2.1739235887007533
0
0.9005249737467873
0.35532717423995863
3.35677282110182
0.8670749919403704
3.086402358290269
2.0834029340028914
4.158345067205158
1.559036623787756
1.2632152176507647
4.061007291101044
1.6832043877768017
0.8851843610568806
1.3017085530011405
2.2893541023737667
6.360678059389877
1.2502700003648417
1.2935875850562577
2.9184336720747974
2.05466882981335
