NumberOfQubits	504	
NumberOfSubgraphs	504	
Serial	387	
PlantedSolution:	
0	1	
1	-1	
2	1	
3	1	
4	1	
5	1	
6	-1	
8	1	
9	-1	
10	1	
11	1	
12	-1	
13	-1	
14	1	
15	-1	
16	1	
17	1	
18	1	
19	-1	
20	1	
21	1	
22	-1	
23	-1	
24	-1	
25	-1	
26	1	
27	-1	
28	-1	
29	-1	
30	-1	
31	1	
32	1	
33	-1	
34	1	
35	-1	
36	1	
37	-1	
38	-1	
39	-1	
40	-1	
41	-1	
42	-1	
43	1	
44	-1	
45	-1	
46	-1	
47	1	
48	-1	
49	1	
50	-1	
51	1	
52	1	
53	-1	
54	1	
55	1	
56	-1	
57	-1	
58	-1	
59	-1	
60	1	
61	1	
62	1	
63	1	
64	-1	
65	1	
66	-1	
67	1	
68	-1	
69	-1	
70	-1	
71	1	
72	1	
73	1	
74	-1	
75	-1	
76	1	
77	1	
78	-1	
79	-1	
80	-1	
81	1	
82	-1	
83	-1	
84	-1	
85	-1	
86	1	
87	1	
88	-1	
89	1	
90	1	
91	1	
92	1	
93	-1	
94	-1	
95	1	
96	-1	
97	1	
98	1	
99	1	
100	1	
101	1	
102	-1	
103	1	
104	1	
105	-1	
106	-1	
107	1	
108	-1	
109	1	
110	1	
111	1	
112	1	
113	-1	
114	-1	
115	1	
116	1	
117	-1	
118	1	
119	-1	
120	-1	
121	1	
123	-1	
124	-1	
125	-1	
126	1	
127	1	
128	-1	
129	1	
130	1	
131	-1	
132	1	
133	-1	
134	1	
135	1	
136	1	
137	1	
138	-1	
139	1	
141	1	
142	-1	
143	-1	
144	-1	
145	-1	
146	1	
147	1	
148	-1	
149	-1	
150	1	
151	-1	
152	-1	
153	-1	
154	-1	
155	-1	
156	-1	
157	-1	
158	1	
159	1	
160	-1	
161	-1	
162	1	
163	1	
164	-1	
165	-1	
166	-1	
167	1	
168	1	
169	-1	
170	-1	
171	1	
172	-1	
173	-1	
174	1	
175	1	
176	-1	
177	1	
178	1	
179	1	
180	1	
181	-1	
182	-1	
183	1	
184	-1	
185	-1	
186	1	
187	1	
188	-1	
189	-1	
190	1	
191	1	
192	-1	
193	-1	
194	1	
195	-1	
196	1	
197	1	
198	-1	
199	1	
200	-1	
201	-1	
202	-1	
203	1	
204	-1	
205	1	
206	1	
207	-1	
208	-1	
209	1	
210	-1	
211	-1	
212	-1	
213	-1	
214	1	
215	1	
216	-1	
217	1	
218	-1	
219	-1	
220	-1	
221	1	
222	-1	
223	1	
224	1	
225	-1	
226	-1	
227	1	
228	1	
229	1	
230	-1	
231	-1	
232	-1	
233	-1	
234	-1	
235	1	
236	1	
237	1	
238	1	
239	1	
240	1	
241	1	
242	1	
243	1	
244	1	
245	1	
246	-1	
247	1	
248	1	
249	1	
250	-1	
251	-1	
252	-1	
253	-1	
254	1	
255	1	
256	1	
257	-1	
258	-1	
259	-1	
260	-1	
261	-1	
262	1	
263	-1	
264	-1	
265	-1	
266	1	
267	-1	
268	1	
269	-1	
270	-1	
271	-1	
272	1	
273	-1	
274	-1	
275	-1	
276	-1	
277	-1	
278	1	
279	1	
280	-1	
281	1	
282	1	
283	-1	
284	1	
285	1	
286	-1	
287	-1	
288	1	
289	1	
290	1	
291	-1	
292	1	
293	1	
294	-1	
295	1	
296	-1	
297	1	
298	1	
299	-1	
300	-1	
301	-1	
302	1	
303	1	
304	-1	
305	1	
306	-1	
307	-1	
308	1	
309	-1	
310	1	
311	-1	
312	1	
313	1	
314	-1	
315	-1	
316	-1	
317	1	
318	-1	
319	-1	
320	-1	
321	-1	
322	-1	
323	1	
324	-1	
325	-1	
326	1	
327	-1	
328	1	
329	-1	
330	-1	
331	-1	
332	1	
333	-1	
334	1	
335	1	
336	1	
337	1	
338	1	
339	-1	
340	-1	
341	1	
342	1	
343	-1	
344	1	
345	1	
346	1	
347	1	
348	-1	
349	-1	
350	1	
351	1	
352	-1	
353	-1	
354	-1	
355	1	
356	1	
357	-1	
358	-1	
359	-1	
361	-1	
362	1	
363	1	
364	1	
365	-1	
367	-1	
368	1	
369	-1	
370	-1	
371	1	
372	-1	
373	1	
374	-1	
375	1	
376	-1	
377	-1	
378	1	
379	1	
380	-1	
382	1	
383	1	
384	1	
385	-1	
386	1	
387	1	
388	1	
389	1	
390	1	
391	-1	
392	1	
393	-1	
394	1	
396	1	
397	-1	
398	-1	
399	1	
400	1	
401	1	
402	-1	
403	-1	
404	1	
405	-1	
406	1	
407	-1	
408	-1	
409	1	
410	-1	
411	-1	
412	1	
413	-1	
414	-1	
415	-1	
416	1	
417	1	
418	1	
419	-1	
420	-1	
421	1	
422	-1	
424	-1	
425	-1	
426	-1	
427	1	
428	-1	
429	-1	
430	1	
431	1	
432	-1	
433	1	
434	1	
435	1	
436	1	
437	-1	
438	1	
439	-1	
440	-1	
441	-1	
442	-1	
443	-1	
444	-1	
445	-1	
446	1	
447	-1	
448	1	
449	-1	
450	-1	
451	-1	
452	1	
453	-1	
454	-1	
455	1	
456	-1	
457	1	
458	1	
459	-1	
460	1	
461	-1	
462	1	
463	-1	
464	-1	
465	-1	
466	1	
467	1	
468	1	
469	1	
470	-1	
471	1	
472	-1	
473	1	
474	1	
475	-1	
476	1	
477	-1	
478	-1	
479	-1	
480	-1	
481	1	
482	-1	
483	-1	
484	1	
485	1	
486	-1	
487	1	
488	1	
489	1	
490	1	
491	-1	
492	-1	
493	1	
494	-1	
495	1	
496	1	
497	-1	
498	1	
499	-1	
500	-1	
501	1	
502	1	
503	-1	
504	1	
505	-1	
506	-1	
507	1	
508	-1	
509	1	
510	-1	
511	-1	
Js:	
98	101	-3	
101	109	-2	
105	109	3	
105	110	3	
102	110	2	
98	102	3	
497	500	-2	
499	500	3	
499	503	-2	
498	503	4	
498	501	-3	
497	501	1	
296	300	-3	
297	300	2	
297	303	-4	
298	303	-2	
298	301	2	
296	301	-3	
339	340	-2	
340	348	-1	
346	348	3	
346	351	-5	
343	351	1	
339	343	2	
408	412	2	
412	420	1	
418	420	-2	
418	421	-3	
413	421	1	
408	413	-3	
473	476	-3	
476	484	-3	
481	484	1	
481	485	-4	
477	485	3	
473	477	3	
201	206	4	
203	206	-1	
203	267	2	
267	268	3	
265	268	2	
201	265	1	
218	220	-3	
220	228	-1	
224	228	-2	
224	231	5	
223	231	1	
218	223	4	
210	212	-2	
211	212	-3	
211	214	3	
209	214	-4	
209	213	3	
210	213	-3	
129	133	3	
131	133	-3	
131	134	2	
128	134	-2	
128	135	3	
129	135	-2	
24	29	2	
27	29	-3	
27	30	-3	
26	30	4	
26	31	-3	
24	31	3	
184	188	-2	
185	188	2	
185	191	6	
186	191	-3	
186	189	4	
184	189	-4	
169	175	-3	
171	175	-2	
171	235	-3	
235	236	-3	
233	236	1	
169	233	-3	
240	246	1	
243	246	5	
243	307	2	
307	311	-4	
304	311	2	
240	304	2	
426	428	-2	
428	436	2	
433	436	2	
433	437	3	
429	437	-2	
426	429	-3	
457	460	-2	
460	468	-1	
464	468	4	
464	469	4	
461	469	-2	
457	461	5	
288	292	-4	
290	292	-2	
290	354	2	
354	358	-4	
352	358	-2	
288	352	-1	
3	4	-3	
4	12	2	
11	12	1	
11	13	5	
5	13	1	
3	5	4	
50	52	3	
51	52	3	
51	115	-3	
115	118	-2	
114	118	4	
50	114	-2	
384	389	-3	
385	389	4	
385	449	1	
449	454	-2	
448	454	5	
384	448	-1	
194	196	-2	
195	196	3	
195	198	-3	
193	198	-5	
193	199	-2	
194	199	-4	
377	383	4	
378	383	-4	
378	442	-1	
442	447	-3	
441	447	-4	
377	441	-1	
392	397	4	
397	405	-2	
402	405	-4	
402	407	1	
399	407	2	
392	399	-2	
8	14	4	
10	14	-3	
10	74	2	
74	78	-1	
72	78	4	
8	72	-2	
17	20	-2	
18	20	-3	
18	23	-2	
19	23	-4	
19	22	-4	
17	22	2	
40	44	-2	
42	44	-3	
42	46	-3	
41	46	-2	
41	45	-4	
40	45	-4	
256	261	3	
257	261	-3	
257	321	-2	
321	324	-2	
320	324	-2	
256	320	-2	
64	69	-2	
66	69	3	
66	70	-3	
67	70	2	
67	71	-4	
64	71	2	
353	356	3	
356	364	-2	
361	364	3	
361	367	-3	
359	367	2	
353	359	-2	
120	124	-2	
121	124	4	
121	126	-1	
123	126	-5	
123	127	1	
120	127	3	
280	284	4	
283	284	2	
283	287	-3	
282	287	3	
282	285	-3	
280	285	3	
273	277	-4	
275	277	-3	
275	279	2	
274	279	-4	
274	278	1	
273	278	4	
505	509	3	
507	509	-4	
507	510	3	
504	510	-3	
504	511	3	
505	511	-3	
488	493	-2	
490	493	-3	
490	494	3	
489	494	-3	
489	495	-3	
488	495	-4	
97	100	-3	
99	100	-2	
99	163	1	
163	165	4	
161	165	-3	
97	161	2	
336	342	-2	
337	342	2	
337	401	-3	
401	406	-2	
400	406	-4	
336	400	-2	
322	326	4	
326	334	-2	
328	334	5	
328	335	-1	
327	335	3	
322	327	-3	
82	84	-2	
83	84	-3	
83	86	3	
80	86	-3	
80	85	-1	
82	85	-4	
313	316	2	
314	316	-4	
314	317	2	
315	317	-4	
315	318	-3	
313	318	3	
368	372	-2	
369	372	-4	
369	375	2	
370	375	4	
370	373	2	
368	373	-4	
48	53	2	
53	61	3	
58	61	2	
58	62	2	
54	62	-3	
48	54	2	
32	36	-4	
33	36	-2	
33	39	-2	
34	39	3	
34	37	3	
32	37	3	
176	181	3	
179	181	4	
179	183	-2	
178	183	-3	
178	182	4	
176	182	-3	
89	93	4	
91	93	2	
91	155	-1	
155	157	-4	
153	157	-1	
89	153	2	
146	148	2	
147	148	-4	
147	149	2	
145	149	-3	
145	151	-3	
146	151	4	
242	245	-3	
245	253	3	
250	253	-1	
250	255	2	
247	255	4	
242	247	-2	
138	141	4	
139	141	-3	
139	143	3	
137	143	3	
137	142	-2	
138	142	-4	
386	388	-2	
387	388	-4	
387	451	2	
451	453	-3	
450	453	-4	
386	450	2	
456	462	4	
462	470	2	
466	470	4	
466	471	-3	
463	471	-1	
456	463	-4	
219	221	-1	
221	229	-3	
227	229	-2	
227	230	1	
222	230	-3	
219	222	-3	
424	430	2	
430	438	1	
432	438	2	
432	439	-4	
431	439	3	
424	431	4	
162	164	2	
164	172	-3	
170	172	-2	
170	174	3	
166	174	2	
162	166	4	
88	95	2	
90	95	-3	
90	154	2	
154	158	-2	
152	158	5	
88	152	-1	
104	108	2	
108	116	-2	
112	116	-3	
112	119	3	
111	119	2	
104	111	-5	
410	414	-2	
411	414	-3	
411	475	-3	
475	479	5	
474	479	2	
410	474	3	
259	262	3	
262	270	3	
264	270	-2	
264	271	-3	
263	271	1	
259	263	-6	
329	333	-3	
330	333	-2	
330	394	-1	
394	396	-4	
393	396	2	
329	393	-3	
376	380	-4	
379	380	5	
379	443	-1	
443	445	-3	
440	445	-3	
376	440	-1	
416	422	3	
419	422	-2	
419	483	4	
483	487	4	
480	487	1	
416	480	5	
74	76	3	
75	76	2	
75	77	4	
73	77	4	
73	79	1	
74	79	-4	
281	286	3	
286	294	-2	
289	294	2	
289	295	-3	
287	295	2	
281	287	-3	
347	349	1	
349	357	2	
355	357	4	
355	358	2	
350	358	1	
347	350	-3	
248	252	2	
251	252	-5	
251	254	2	
249	254	2	
249	253	3	
248	253	4	
299	301	3	
301	309	-2	
305	309	4	
305	310	-3	
302	310	-3	
299	302	2	
202	204	-3	
203	204	3	
203	207	-3	
200	207	-2	
200	205	4	
202	205	2	
57	60	5	
59	60	1	
59	63	5	
56	63	2	
56	61	4	
57	61	-2	
232	237	3	
234	237	3	
234	239	2	
233	239	3	
233	238	3	
232	238	-3	
1	6	-5	
2	6	4	
2	66	3	
66	68	-5	
65	68	4	
1	65	-2	
370	374	-2	
371	374	5	
371	435	-2	
435	438	-3	
434	438	-4	
370	434	-1	
80	87	1	
81	87	-5	
81	145	1	
145	150	4	
144	150	5	
80	144	2	
362	365	3	
363	365	-1	
363	427	-1	
427	431	-2	
426	431	2	
362	426	1	
192	197	3	
194	197	-3	
194	258	-2	
258	260	-3	
256	260	3	
192	256	1	
496	500	3	
500	508	-2	
506	508	2	
506	510	-2	
502	510	3	
496	502	-3	
177	180	-3	
179	180	-3	
179	243	-2	
243	244	3	
241	244	-1	
177	241	-3	
154	156	-3	
156	164	-1	
160	164	-3	
160	167	3	
159	167	1	
154	159	2	
401	404	-3	
403	404	4	
403	467	1	
467	468	-2	
465	468	4	
401	465	-2	
272	276	4	
274	276	-2	
274	338	2	
338	341	-3	
336	341	4	
272	336	-1	
344	351	-3	
345	351	-1	
345	409	-2	
409	415	-1	
408	415	-3	
344	408	1	
306	308	2	
308	316	-2	
312	316	2	
312	319	6	
311	319	-2	
306	311	-3	
482	484	-2	
484	492	1	
491	492	-3	
491	494	-3	
486	494	-2	
482	486	-3	
49	55	-2	
51	55	-3	
115	117	-1	
113	117	-2	
49	113	2	
35	38	-3	
38	46	-3	
43	46	2	
43	47	-3	
39	47	2	
35	39	1	
323	324	4	
324	332	2	
331	332	4	
331	333	-2	
325	333	3	
323	325	3	
16	20	-4	
20	28	-2	
25	28	-4	
25	29	-2	
21	29	2	
16	21	-3	
106	108	-2	
107	108	2	
107	171	-1	
171	173	3	
170	173	-3	
106	170	1	
449	452	4	
452	460	-1	
458	460	-4	
458	463	3	
455	463	-3	
449	455	3	
90	92	-1	
92	100	-4	
96	100	2	
96	103	-5	
95	103	-3	
226	228	-2	
227	228	-4	
227	291	3	
291	293	3	
290	293	-2	
226	290	1	
384	390	-2	
390	398	3	
394	398	4	
394	399	-3	
391	399	-2	
384	391	3	
208	212	-3	
212	220	1	
217	220	2	
217	223	-2	
215	223	-1	
208	215	3	
120	125	-2	
123	125	-3	
123	187	3	
187	190	-2	
184	190	-3	
120	184	-3	
472	478	-3	
478	486	-3	
483	486	-2	
479	487	3	
472	479	-4	
264	268	2	
267	271	-2	
266	271	2	
266	269	-2	
264	269	-2	
441	444	-2	
443	444	-3	
443	446	4	
442	446	3	
9	12	-3	
10	12	4	
8	15	4	
9	15	-4	
216	221	4	
225	229	5	
225	230	-4	
216	222	-2	
129	132	-4	
130	132	-2	
130	135	-4	
131	135	3	
129	134	2	
417	420	5	
420	428	-1	
425	428	-2	
425	429	-2	
421	429	2	
417	421	1	
24	28	2	
27	28	-2	
27	91	2	
91	94	2	
88	94	-3	
24	88	-2	
374	382	-1	
376	382	4	
376	383	2	
375	383	-1	
371	375	-2	
136	142	1	
137	201	3	
201	205	1	
136	200	3	
165	173	1	
168	173	2	
168	175	-4	
167	175	-2	
161	167	3	
0	5	-4	
3	67	-2	
67	69	4	
0	64	3	
459	461	-3	
467	469	-3	
467	470	3	
459	462	3	
18	21	-4	
17	23	2	
16	22	3	
193	196	3	
192	198	-3	
193	197	2	
269	277	-2	
270	278	1	
266	270	4	
68	76	-2	
75	79	-3	
71	79	2	
65	71	-4	
146	149	-3	
149	157	-1	
152	157	-2	
150	158	-1	
146	150	-2	
298	300	-2	
299	300	-2	
299	363	4	
363	367	4	
362	367	2	
298	362	-4	
433	439	-1	
433	497	4	
497	502	3	
432	496	3	
474	476	-3	
474	478	2	
472	477	1	
345	350	1	
346	350	-1	
346	410	1	
410	413	-2	
409	413	3	
34	36	-2	
35	36	-2	
35	99	3	
99	101	-4	
34	98	-3	
177	182	-1	
178	242	-1	
242	246	2	
241	246	3	
41	105	2	
105	111	2	
40	104	4	
48	52	2	
50	53	2	
49	53	3	
48	55	3	
321	327	-3	
323	327	2	
323	387	-1	
387	391	2	
385	391	-3	
321	385	1	
352	356	4	
355	356	-2	
354	357	-3	
354	359	-2	
352	359	-3	
338	342	-2	
339	342	4	
339	403	-3	
402	404	-2	
338	402	2	
250	252	2	
251	255	2	
248	255	-2	
248	254	-2	
250	254	4	
58	60	3	
58	63	3	
59	62	3	
57	62	3	
113	116	-1	
116	124	2	
121	127	-4	
119	127	2	
113	119	-3	
81	84	2	
83	85	2	
83	87	3	
284	292	2	
289	292	-2	
289	293	-2	
285	293	-2	
234	236	-2	
236	244	-2	
240	244	-3	
240	245	-3	
237	245	-2	
329	334	1	
393	397	-3	
328	392	-2	
450	452	2	
451	452	-3	
451	454	-3	
448	455	-3	
450	455	2	
312	317	-2	
314	318	-2	
314	319	-1	
304	308	4	
306	310	2	
304	309	2	
425	430	-3	
425	489	4	
489	492	2	
488	492	2	
424	488	3	
208	213	3	
210	215	3	
211	215	3	
208	214	1	
42	47	2	
43	107	-3	
107	110	2	
106	110	3	
42	106	-3	
501	509	-3	
507	511	2	
503	511	2	
186	188	4	
187	189	3	
187	191	-1	
332	340	4	
337	340	2	
337	343	3	
335	343	-3	
331	335	4	
259	260	-2	
257	263	-3	
257	262	2	
258	262	-1	
417	422	-2	
417	481	-4	
480	485	2	
434	436	1	
436	444	3	
440	444	-3	
437	445	-2	
434	437	3	
288	294	3	
294	302	2	
296	302	1	
296	303	2	
295	303	-1	
288	295	1	
32	38	1	
33	38	-2	
33	97	3	
97	103	-2	
32	96	3	
148	156	-1	
153	156	-3	
153	159	5	
151	159	1	
147	151	3	
406	414	3	
411	415	-3	
407	415	-3	
400	407	2	
364	372	3	
369	373	-3	
365	373	4	
361	365	-4	
160	166	2	
162	226	2	
226	231	-2	
160	224	2	
219	220	-2	
219	283	-2	
283	286	2	
282	286	2	
218	282	3	
0	4	-2	
1	4	2	
2	5	2	
320	325	-3	
322	325	-1	
322	386	1	
386	390	-3	
320	384	-1	
139	203	-1	
202	207	-1	
138	202	-1	
9	73	2	
73	78	4	
112	117	3	
117	125	-1	
118	126	-1	
112	118	-1	
168	174	-3	
169	174	3	
168	232	2	
378	380	3	
379	382	-2	
377	382	-4	
25	31	-1	
26	90	-3	
90	93	2	
25	89	3	
275	276	-3	
276	284	1	
281	284	-2	
279	287	1	
345	348	-3	
347	348	4	
344	350	-3	
344	349	3	
345	349	3	
176	183	3	
177	183	-2	
128	133	-3	
130	133	-2	
130	194	-1	
192	199	2	
128	192	-1	
466	468	1	
466	469	-2	
465	469	1	
465	471	2	
464	471	3	
490	492	3	
491	493	3	
490	495	-2	
504	508	4	
505	508	-1	
506	511	2	
506	509	2	
504	509	-2	
459	460	3	
418	422	4	
418	482	3	
80	84	-2	
84	92	1	
88	92	3	
86	94	1	
171	172	3	
235	239	-2	
170	234	2	
9	13	-2	
11	75	2	
388	396	3	
394	397	1	
389	397	2	
386	389	-2	
136	143	4	
200	206	2	
33	37	3	
97	102	2	
144	148	-3	
145	148	-2	
145	209	1	
209	212	-2	
144	208	-1	
330	332	3	
336	340	2	
333	341	2	
250	314	-2	
249	313	-3	
268	276	-1	
272	279	-2	
271	279	2	
265	271	-2	
297	302	2	
307	310	1	
303	311	2	
435	499	2	
499	501	3	
434	498	3	
22	30	2	
24	30	-1	
23	31	2	
106	109	1	
109	117	-2	
114	117	-3	
110	118	-2	
217	221	-2	
217	222	-3	
219	223	3	
216	223	1	
64	70	-3	
67	131	-2	
131	132	4	
128	132	2	
64	128	-3	
225	228	1	
291	294	2	
225	289	1	
258	261	-3	
258	322	1	
321	326	2	
404	412	-2	
410	412	2	
405	413	-2	
401	405	-1	
56	62	-1	
49	54	-4	
157	165	-2	
163	166	3	
158	166	2	
155	158	-2	
392	398	2	
393	398	-2	
393	457	1	
456	461	1	
392	456	2	
241	247	1	
242	306	2	
306	309	-2	
241	305	-2	
176	180	2	
180	188	2	
187	188	2	
182	190	-3	
424	428	-2	
427	428	3	
427	430	-2	
426	430	3	
424	429	1	
472	476	3	
474	477	2	
475	477	-3	
371	372	1	
368	374	2	
441	445	-2	
440	446	-1	
440	447	-2	
44	52	2	
47	55	-2	
353	358	3	
352	357	-1	
448	452	-2	
449	453	2	
196	204	2	
202	206	3	
198	206	-1	
43	45	2	
266	330	2	
330	334	3	
264	328	2	
482	487	2	
481	487	-2	
240	247	-3	
239	247	1	
232	239	3	
403	406	1	
403	407	3	
313	317	-1	
313	377	1	
312	376	1	
280	286	-3	
283	347	1	
344	348	1	
280	344	1	
256	262	-3	
259	323	1	
130	134	-3	
134	142	3	
139	142	1	
135	143	-2	
17	21	-2	
19	21	2	
19	83	-2	
17	81	2	
507	508	3	
499	502	2	
226	229	2	
226	230	-3	
224	230	2	
225	231	2	
147	211	-1	
146	210	1	
363	364	-2	
362	364	-2	
249	252	2	
251	253	1	
249	255	-2	
169	172	-2	
337	341	-1	
489	493	-2	
491	495	1	
6	14	-1	
26	29	1	
29	37	-2	
35	37	-3	
30	38	2	
93	101	-2	
99	102	1	
94	102	-3	
89	94	2	
185	190	4	
72	76	-2	
70	78	-1	
290	295	-4	
291	295	-1	
288	293	-2	
115	116	-4	
115	119	-1	
432	436	3	
497	503	-2	
496	503	2	
265	269	-4	
267	269	-2	
267	331	-2	
329	335	2	
265	329	2	
91	92	-1	
91	95	-4	
400	405	3	
402	466	2	
400	464	-1	
238	246	1	
235	238	-3	
65	69	2	
69	77	1	
74	77	-1	
384	388	2	
387	389	-1	
315	316	-2	
315	379	1	
314	378	-1	
274	277	-2	
275	278	3	
272	278	-3	
154	157	-2	
155	159	-1	
28	36	1	
32	39	1	
31	39	-1	
27	31	2	
416	421	-2	
419	421	3	
483	484	2	
480	484	3	
56	60	2	
59	61	-1	
41	44	-2	
50	54	2	
46	54	-1	
173	181	-2	
178	181	1	
174	182	-1	
409	412	-3	
411	412	2	
475	478	-1	
473	478	-3	
409	473	-1	
427	429	2	
435	437	2	
435	439	-2	
141	149	-1	
144	149	-2	
142	150	1	
368	375	-2	
367	375	-1	
195	197	2	
197	205	-2	
199	207	-1	
195	199	3	
18	82	3	
82	86	2	
16	80	1	
281	285	2	
217	281	-2	
346	349	2	
355	359	2	
351	359	1	
300	308	3	
307	308	-1	
307	309	-1	
442	444	-1	
442	506	-4	
440	504	2	
453	461	-2	
457	463	2	
213	221	-1	
214	222	1	
8	13	1	
11	14	-2	
9	14	-1	
385	390	2	
467	471	3	
465	470	-3	
2	4	-3	
0	6	1	
57	121	-1	
121	125	2	
56	120	-1	
258	263	-2	
321	325	-2	
320	326	-3	
162	167	3	
113	118	-2	
114	178	2	
113	177	2	
304	310	2	
441	446	-1	
505	510	-3	
441	505	-2	
272	277	-1	
427	491	2	
72	79	-1	
75	139	2	
72	136	-3	
201	204	-1	
204	212	-1	
209	215	-1	
207	215	1	
201	207	-2	
370	372	-2	
369	374	-2	
354	356	1	
313	319	2	
248	312	2	
81	85	2	
85	93	-1	
87	95	1	
408	414	-2	
392	396	-2	
396	404	-1	
482	485	2	
459	463	-1	
458	462	1	
45	53	-1	
41	47	2	
155	156	-3	
152	159	2	
120	126	3	
242	244	-2	
241	245	-2	
228	236	-2	
232	236	2	
231	239	1	
329	332	1	
283	285	2	
401	407	1	
168	172	1	
170	175	-1	
99	103	-1	
105	108	-2	
106	111	2	
104	109	1	
387	390	-2	
498	500	-1	
192	196	-2	
435	436	-1	
341	349	1	
342	350	-1	
205	213	-1	
210	214	2	
206	214	-1	
291	292	2	
290	294	1	
378	382	1	
115	179	1	
112	176	1	
419	420	-2	
229	237	2	
235	237	-1	
230	238	1	
480	486	-1	
36	44	1	
438	446	1	
77	85	2	
78	86	3	
297	361	-2	
57	63	1	
216	220	-3	
282	284	-1	
216	280	1	
133	141	1	
307	371	1	
306	370	1	
187	251	-1	
186	250	1	
10	13	2	
11	15	2	
347	351	-1	
163	164	-1	
163	227	-1	
114	119	1	
398	406	1	
393	399	-3	
450	454	-2	
257	260	-2	
260	268	-2	
267	270	-1	
315	319	-1	
273	279	1	
338	343	2	
273	337	1	
410	415	-2	
408	472	1	
65	70	-1	
65	129	-1	
83	147	1	
147	150	-1	
26	28	-1	
107	109	-1	
233	237	1	
203	205	2	
123	124	-2	
439	447	2	
183	191	-2	
74	138	1	
138	143	-2	
385	388	1	
1	5	1	
458	461	-1	
457	462	-2	
293	301	1	
34	38	-1	
416	420	-1	
98	103	-1	
98	162	1	
161	164	-2	
155	219	-1	
154	218	1	
211	213	-1	
172	180	-1	
309	317	1	
310	318	3	
51	53	-1	
153	217	-1	
152	216	-1	
43	44	2	
107	111	1	
369	433	-1	
379	383	-1	
137	141	-2	
73	137	-2	
353	357	2	
289	353	2	
355	419	1	
352	416	-1	
160	165	-2	
451	455	-1	
246	254	2	
243	247	-1	
144	151	-1	
178	180	1	
322	324	-2	
411	413	-1	
409	414	-2	
492	500	-1	
496	501	-1	
493	501	1	
42	45	-1	
234	238	1	
8	12	1	
76	84	2	
79	87	-1	
266	268	-2	
265	270	1	
48	112	1	
25	30	-2	
90	94	-1	
227	231	1	
224	288	1	
433	438	-1	
498	502	-1	
425	431	-1	
328	333	2	
386	391	2	
88	93	-1	
152	156	-1	
442	445	2	
169	173	-1	
259	261	1	
233	297	1	
297	301	-1	
232	296	-1	
456	460	-1	
422	430	-1	
243	245	1	
305	311	1	
73	76	1	
338	340	1	
330	335	1	
251	315	-1	
136	141	1	
485	493	1	
481	486	1	
3	6	1	
55	63	-1	
50	55	1	
181	189	-1	
96	101	1	
161	225	-1	
291	355	1	
14	22	1	
16	23	1	
15	23	-1	
402	406	1	
40	46	1	
371	373	1	
323	326	-1	
320	327	-1	
394	458	1	
64	68	1	
98	100	-1	
49	52	-1	
52	60	1	
210	274	1	
273	276	-1	
209	273	1	
161	166	1	
299	303	1	
200	264	-1	
75	78	-1	
426	490	-1	
488	494	1	
89	95	1	
244	252	1	
339	341	1	
334	342	-1	
40	47	-1	
12	20	1	
13	21	-1	
218	221	-1	
443	447	-1	
211	275	1	
208	272	1	
336	343	1	
195	259	-1	
177	181	-1	
96	102	-1	
10	15	-1	
82	87	-1	
448	453	1	
312	318	-1	
Energy:	-2096	
