NumberOfQubits	504	
NumberOfSubgraphs	840	
Serial	169	
PlantedSolution:	
0	-1	
1	-1	
2	1	
3	1	
4	1	
5	1	
6	1	
8	1	
9	-1	
10	-1	
11	-1	
12	1	
13	-1	
14	-1	
15	1	
16	1	
17	1	
18	1	
19	-1	
20	1	
21	-1	
22	1	
23	1	
24	-1	
25	1	
26	-1	
27	-1	
28	1	
29	1	
30	-1	
31	-1	
32	1	
33	1	
34	1	
35	1	
36	1	
37	1	
38	1	
39	-1	
40	-1	
41	1	
42	-1	
43	1	
44	-1	
45	1	
46	-1	
47	-1	
48	1	
49	1	
50	-1	
51	1	
52	1	
53	-1	
54	-1	
55	-1	
56	-1	
57	1	
58	1	
59	-1	
60	1	
61	1	
62	-1	
63	1	
64	1	
65	1	
66	-1	
67	-1	
68	-1	
69	1	
70	-1	
71	1	
72	-1	
73	-1	
74	1	
75	-1	
76	1	
77	1	
78	-1	
79	-1	
80	1	
81	1	
82	-1	
83	-1	
84	-1	
85	-1	
86	1	
87	1	
88	1	
89	-1	
90	-1	
91	-1	
92	1	
93	1	
94	-1	
95	-1	
96	-1	
97	1	
98	1	
99	1	
100	-1	
101	1	
102	1	
103	1	
104	1	
105	1	
106	1	
107	-1	
108	1	
109	1	
110	-1	
111	1	
112	-1	
113	1	
114	-1	
115	1	
116	-1	
117	1	
118	1	
119	1	
120	-1	
121	1	
123	-1	
124	-1	
125	-1	
126	-1	
127	-1	
128	1	
129	-1	
130	1	
131	1	
132	-1	
133	1	
134	-1	
135	1	
136	-1	
137	1	
138	-1	
139	1	
141	-1	
142	1	
143	1	
144	-1	
145	-1	
146	1	
147	-1	
148	-1	
149	-1	
150	1	
151	1	
152	-1	
153	-1	
154	-1	
155	-1	
156	1	
157	-1	
158	-1	
159	-1	
160	1	
161	1	
162	1	
163	1	
164	-1	
165	1	
166	1	
167	-1	
168	-1	
169	-1	
170	1	
171	1	
172	1	
173	1	
174	1	
175	-1	
176	1	
177	1	
178	-1	
179	1	
180	-1	
181	-1	
182	-1	
183	-1	
184	1	
185	-1	
186	1	
187	-1	
188	-1	
189	1	
190	1	
191	-1	
192	-1	
193	1	
194	1	
195	-1	
196	1	
197	-1	
198	1	
199	-1	
200	-1	
201	-1	
202	1	
203	-1	
204	-1	
205	-1	
206	1	
207	1	
208	1	
209	-1	
210	1	
211	1	
212	-1	
213	-1	
214	-1	
215	1	
216	-1	
217	1	
218	1	
219	1	
220	1	
221	1	
222	1	
223	-1	
224	-1	
225	-1	
226	-1	
227	-1	
228	-1	
229	1	
230	1	
231	1	
232	1	
233	1	
234	1	
235	-1	
236	-1	
237	1	
238	1	
239	-1	
240	-1	
241	1	
242	-1	
243	1	
244	-1	
245	1	
246	-1	
247	-1	
248	-1	
249	-1	
250	-1	
251	-1	
252	-1	
253	-1	
254	1	
255	-1	
256	1	
257	-1	
258	-1	
259	-1	
260	1	
261	1	
262	-1	
263	1	
264	1	
265	-1	
266	-1	
267	-1	
268	1	
269	1	
270	-1	
271	1	
272	1	
273	1	
274	1	
275	-1	
276	-1	
277	1	
278	-1	
279	-1	
280	1	
281	1	
282	-1	
283	-1	
284	1	
285	-1	
286	1	
287	-1	
288	1	
289	-1	
290	-1	
291	-1	
292	-1	
293	1	
294	-1	
295	-1	
296	1	
297	1	
298	-1	
299	-1	
300	-1	
301	1	
302	1	
303	1	
304	-1	
305	1	
306	1	
307	-1	
308	-1	
309	1	
310	-1	
311	1	
312	1	
313	-1	
314	1	
315	-1	
316	1	
317	-1	
318	1	
319	-1	
320	1	
321	-1	
322	-1	
323	1	
324	1	
325	-1	
326	1	
327	1	
328	-1	
329	-1	
330	1	
331	-1	
332	-1	
333	1	
334	1	
335	-1	
336	1	
337	-1	
338	1	
339	1	
340	1	
341	-1	
342	-1	
343	1	
344	1	
345	-1	
346	-1	
347	-1	
348	-1	
349	1	
350	1	
351	1	
352	-1	
353	1	
354	1	
355	-1	
356	1	
357	-1	
358	-1	
359	-1	
361	1	
362	1	
363	1	
364	1	
365	1	
367	-1	
368	-1	
369	1	
370	1	
371	1	
372	-1	
373	-1	
374	-1	
375	-1	
376	-1	
377	1	
378	1	
379	-1	
380	-1	
382	1	
383	-1	
384	-1	
385	-1	
386	1	
387	-1	
388	-1	
389	1	
390	-1	
391	-1	
392	1	
393	-1	
394	-1	
396	1	
397	1	
398	-1	
399	1	
400	1	
401	-1	
402	-1	
403	1	
404	-1	
405	1	
406	1	
407	-1	
408	1	
409	1	
410	-1	
411	-1	
412	1	
413	1	
414	1	
415	1	
416	-1	
417	1	
418	1	
419	1	
420	-1	
421	-1	
422	1	
424	-1	
425	1	
426	-1	
427	-1	
428	1	
429	-1	
430	1	
431	1	
432	1	
433	-1	
434	1	
435	-1	
436	-1	
437	1	
438	1	
439	-1	
440	1	
441	-1	
442	-1	
443	-1	
444	1	
445	1	
446	-1	
447	1	
448	-1	
449	-1	
450	1	
451	-1	
452	1	
453	-1	
454	1	
455	-1	
456	-1	
457	-1	
458	-1	
459	-1	
460	1	
461	-1	
462	1	
463	1	
464	-1	
465	-1	
466	-1	
467	1	
468	1	
469	-1	
470	1	
471	1	
472	-1	
473	1	
474	1	
475	-1	
476	1	
477	1	
478	1	
479	-1	
480	-1	
481	1	
482	1	
483	-1	
484	-1	
485	-1	
486	1	
487	-1	
488	-1	
489	-1	
490	1	
491	-1	
492	-1	
493	-1	
494	-1	
495	1	
496	1	
497	1	
498	1	
499	-1	
500	-1	
501	-1	
502	-1	
503	-1	
504	1	
505	-1	
506	-1	
507	1	
508	-1	
509	1	
510	1	
511	1	
Js:	
185	189	5	
187	189	4	
187	191	-5	
186	191	5	
186	190	4	
185	190	4	
336	340	-4	
339	340	-5	
339	343	-6	
337	343	5	
337	341	-4	
336	341	-3	
75	77	5	
77	85	-2	
80	85	4	
80	86	-3	
78	86	3	
75	78	-3	
497	501	-6	
499	501	-3	
499	503	-6	
498	503	6	
498	502	4	
497	502	4	
219	221	-4	
221	229	2	
227	229	3	
227	231	5	
223	231	3	
219	223	5	
96	100	-4	
98	100	2	
98	101	-5	
97	101	4	
97	102	-3	
96	102	3	
408	414	-3	
411	414	4	
411	475	3	
475	479	-4	
472	479	-6	
408	472	4	
402	405	3	
403	405	-6	
403	467	-4	
467	471	-5	
466	471	5	
402	466	2	
242	246	-3	
243	246	4	
243	307	-2	
307	310	-4	
306	310	6	
242	306	3	
417	421	5	
421	429	-2	
424	429	-4	
424	430	4	
422	430	-3	
417	422	-5	
144	148	-6	
147	148	-5	
147	211	3	
211	215	-5	
208	215	-4	
144	208	-2	
56	61	4	
59	61	5	
59	63	4	
58	63	2	
58	62	6	
56	62	-4	
201	204	-4	
202	204	-4	
202	207	-2	
200	207	6	
200	205	-5	
201	205	-5	
192	196	3	
193	196	-7	
193	199	3	
194	199	5	
194	198	3	
192	198	6	
128	132	3	
130	132	5	
130	133	5	
131	133	-3	
131	134	5	
128	134	5	
483	485	-6	
485	493	-2	
491	493	-6	
491	494	-2	
486	494	3	
483	486	-2	
458	460	7	
459	460	2	
459	461	-6	
456	461	-5	
456	463	3	
458	463	3	
248	253	-3	
251	253	-5	
251	315	2	
315	318	4	
312	318	-5	
248	312	3	
104	110	4	
110	118	-2	
114	118	3	
114	119	5	
111	119	-2	
104	111	-5	
441	444	6	
443	444	5	
443	445	4	
440	445	-4	
440	447	-7	
441	447	4	
266	269	3	
267	269	5	
267	271	5	
265	271	-4	
265	270	-4	
266	270	-5	
273	276	3	
274	276	7	
274	278	2	
275	278	-5	
275	277	3	
273	277	3	
226	228	-3	
228	236	-2	
233	236	4	
233	238	-5	
230	238	4	
226	230	4	
26	28	5	
27	28	4	
27	31	-3	
24	31	-6	
24	29	-4	
26	29	5	
386	389	-6	
389	397	4	
392	397	-5	
392	398	5	
390	398	-5	
386	390	3	
280	284	-3	
281	284	-3	
281	286	-7	
282	286	-1	
282	287	-4	
280	287	4	
17	20	-3	
18	20	6	
18	82	3	
82	84	-5	
81	84	2	
17	81	-4	
49	52	-2	
51	52	-5	
51	53	3	
48	53	6	
48	54	2	
49	54	6	
504	508	6	
507	508	4	
507	509	-5	
506	509	3	
506	511	7	
504	511	-4	
1	5	8	
3	5	-4	
3	67	-5	
67	70	-6	
65	70	3	
1	65	2	
161	165	-5	
165	173	-2	
168	173	4	
168	174	4	
166	174	2	
161	166	-6	
9	12	5	
10	12	3	
10	13	-5	
11	13	-6	
11	15	4	
9	15	-5	
448	453	-3	
451	453	-7	
451	454	-1	
449	454	5	
449	455	-3	
448	455	-5	
89	93	5	
90	93	3	
90	154	-2	
154	156	4	
153	156	-6	
89	153	-2	
290	292	-6	
292	300	2	
297	300	4	
297	303	-5	
295	303	3	
290	295	-6	
344	349	-5	
345	349	5	
345	350	3	
347	350	6	
347	351	4	
344	351	-5	
321	324	5	
322	324	5	
322	327	7	
320	327	-5	
320	326	-4	
321	326	-3	
313	316	6	
314	316	-4	
314	378	-3	
378	383	7	
377	383	2	
313	377	-6	
257	260	6	
259	260	-2	
259	263	6	
258	263	5	
258	261	4	
257	261	6	
40	45	7	
42	45	-4	
42	47	-4	
43	47	5	
43	46	4	
40	46	-4	
352	356	4	
353	356	-5	
353	357	5	
355	357	-4	
355	359	-4	
352	359	-5	
112	117	5	
115	117	-2	
115	179	-2	
179	180	6	
176	180	3	
112	176	-3	
138	141	-7	
139	141	4	
139	142	-5	
137	142	-6	
137	143	-4	
138	143	3	
291	293	7	
293	301	-4	
299	301	3	
299	302	-4	
294	302	5	
291	294	-5	
361	367	6	
363	367	6	
363	427	4	
427	431	7	
425	431	-6	
361	425	-3	
88	95	3	
91	95	5	
91	155	-2	
155	158	-3	
152	158	-3	
88	152	2	
433	436	-2	
435	436	-3	
435	438	5	
432	438	2	
432	439	4	
433	439	-8	
33	36	-3	
34	36	-7	
34	38	-3	
35	38	-3	
35	39	5	
33	39	4	
401	404	-6	
404	412	2	
409	412	-3	
409	415	7	
407	415	3	
401	407	-4	
330	333	-4	
331	333	7	
331	335	-6	
328	335	5	
328	334	3	
330	334	-6	
370	372	4	
371	372	-4	
371	373	3	
369	373	3	
369	375	5	
370	375	6	
384	388	-6	
388	396	5	
393	396	2	
393	399	6	
391	399	-4	
384	391	-3	
235	237	1	
237	245	-3	
241	245	-3	
241	247	5	
239	247	-2	
235	239	3	
162	164	3	
164	172	5	
169	172	3	
169	175	-5	
167	175	-5	
162	167	4	
64	68	4	
68	76	5	
74	76	-6	
74	79	4	
71	79	5	
64	71	-5	
482	484	3	
484	492	3	
488	492	-3	
488	495	3	
487	495	4	
482	487	4	
120	124	-3	
121	124	6	
121	126	5	
123	126	-6	
123	127	6	
120	127	-6	
145	149	-7	
146	149	-2	
146	210	-3	
210	213	3	
209	213	-4	
145	209	-2	
464	468	4	
468	476	2	
474	476	-5	
474	477	-4	
469	477	4	
464	469	-6	
216	220	4	
218	220	-5	
218	223	4	
217	223	4	
217	222	-4	
216	222	-4	
19	22	5	
22	30	-2	
25	30	5	
25	31	5	
23	31	3	
19	23	4	
248	252	-3	
249	252	-5	
249	255	3	
250	255	-7	
250	254	2	
248	254	5	
177	181	4	
178	181	4	
178	183	-3	
179	183	3	
179	182	3	
177	182	4	
106	109	-4	
107	109	3	
107	171	-4	
171	172	-3	
170	172	-5	
106	170	-4	
304	311	4	
305	311	-5	
305	369	-3	
369	374	4	
368	374	-4	
304	368	3	
354	358	5	
355	358	-4	
355	419	-4	
419	420	3	
418	420	4	
354	418	-5	
0	4	7	
4	12	-2	
8	12	-5	
8	14	4	
6	14	-1	
0	6	5	
16	21	6	
19	21	-4	
19	83	-2	
83	87	5	
80	87	-5	
16	80	3	
465	469	4	
473	477	-4	
473	478	-4	
470	478	-1	
465	470	6	
105	108	-4	
108	116	-1	
113	116	3	
113	119	-3	
105	111	-5	
376	380	-6	
378	380	3	
379	383	-8	
379	382	-3	
376	382	7	
346	348	-4	
347	348	-3	
347	411	3	
411	413	6	
410	413	4	
346	410	-2	
203	204	-5	
204	212	-2	
209	212	-4	
209	214	-3	
206	214	-3	
203	206	2	
321	325	-5	
323	325	6	
323	387	4	
387	389	4	
385	389	2	
321	385	-3	
232	237	-3	
234	237	-5	
234	298	2	
298	301	2	
296	301	-5	
232	296	3	
272	277	-5	
277	285	4	
283	285	-4	
283	287	3	
279	287	-5	
272	279	6	
425	428	-3	
426	428	5	
426	490	4	
490	492	5	
489	492	3	
425	489	3	
65	69	-4	
66	69	5	
66	130	2	
130	135	-4	
129	135	3	
65	129	3	
329	332	-6	
332	340	2	
338	340	3	
338	342	5	
334	342	2	
329	334	3	
256	260	-5	
260	268	-5	
264	268	-3	
264	270	5	
262	270	-2	
256	262	7	
224	228	-4	
225	228	-6	
225	289	-3	
289	294	-7	
288	294	3	
224	288	-3	
434	437	-4	
437	445	-2	
442	445	6	
442	446	-4	
438	446	4	
434	438	4	
41	44	4	
44	52	1	
50	52	4	
50	55	3	
47	55	-1	
41	47	3	
96	103	6	
99	103	-2	
99	163	-2	
163	165	-3	
160	165	-4	
96	160	3	
450	452	-6	
452	460	3	
457	460	2	
457	462	2	
454	462	-4	
450	454	-3	
496	500	3	
500	508	-4	
505	508	-3	
505	510	5	
502	510	-2	
496	502	5	
304	309	3	
309	317	5	
314	317	3	
314	319	-6	
311	319	5	
362	364	-7	
364	372	3	
368	372	-4	
368	373	-4	
365	373	3	
362	365	-5	
144	149	-4	
149	157	-6	
154	157	-6	
154	159	-3	
151	159	5	
144	151	2	
72	78	-4	
73	78	2	
73	137	2	
136	143	5	
72	136	-2	
416	421	-5	
417	481	-5	
481	485	4	
480	485	4	
416	480	-8	
56	60	4	
57	60	-3	
57	121	2	
121	125	5	
120	125	-6	
56	120	-4	
394	397	5	
397	405	-3	
400	405	-4	
400	406	-4	
398	406	3	
394	398	-3	
184	188	5	
186	188	4	
186	189	-4	
184	191	4	
90	92	3	
91	92	7	
91	94	-2	
88	94	5	
90	95	-4	
195	197	-5	
197	205	-3	
201	206	3	
198	206	3	
195	198	6	
240	244	-5	
244	252	-6	
250	252	-4	
250	253	2	
245	253	4	
240	245	5	
32	36	-5	
34	37	-4	
33	37	-5	
33	38	-5	
32	38	-5	
298	300	-5	
300	308	-3	
307	308	-4	
302	310	2	
298	302	4	
2	6	-4	
3	6	-5	
67	71	3	
66	71	2	
2	66	4	
82	86	5	
83	86	3	
83	147	-3	
147	150	4	
146	150	-6	
82	146	2	
99	100	5	
100	108	4	
105	110	-3	
102	110	4	
99	102	-4	
386	388	5	
386	450	-4	
450	453	-4	
384	448	-3	
408	412	-5	
412	420	2	
419	422	-5	
414	422	3	
282	284	5	
282	346	-3	
346	351	3	
345	351	4	
281	345	-4	
241	246	-5	
246	254	4	
251	254	5	
251	255	-4	
247	255	-2	
356	364	-2	
357	365	5	
352	357	-3	
457	461	-5	
459	462	6	
456	462	5	
457	463	7	
338	341	3	
338	402	2	
402	404	-5	
400	404	2	
336	400	-2	
13	21	2	
16	22	-4	
14	22	2	
10	14	-5	
435	439	-3	
435	499	-3	
499	500	-4	
497	500	4	
433	497	4	
25	28	5	
27	29	5	
27	30	-3	
218	222	-4	
219	222	-5	
216	221	5	
161	164	4	
163	167	5	
163	166	-5	
194	196	-4	
195	196	3	
192	197	2	
192	199	-7	
443	447	-3	
440	446	3	
441	446	-5	
481	486	3	
490	494	4	
490	495	-3	
481	487	4	
410	415	3	
410	474	4	
473	476	-5	
409	473	-5	
256	261	-3	
261	269	3	
266	271	4	
263	271	-4	
256	263	-2	
273	278	3	
275	339	-1	
273	337	5	
427	429	-3	
427	430	-2	
426	430	3	
426	431	2	
424	431	3	
226	229	6	
227	230	3	
225	230	5	
225	231	2	
226	231	-3	
155	156	5	
152	159	-4	
153	159	-3	
170	173	2	
170	175	4	
169	174	5	
177	180	4	
177	183	4	
178	182	-3	
176	182	5	
112	116	-4	
115	116	6	
115	118	4	
113	118	-3	
113	117	-5	
330	332	5	
329	335	-3	
232	236	3	
235	236	-7	
235	238	-2	
233	239	4	
232	239	5	
320	324	4	
322	326	5	
323	326	-4	
323	327	-4	
58	60	-8	
59	60	3	
57	63	-7	
57	62	3	
208	212	7	
211	212	1	
210	215	-4	
208	213	-4	
465	468	4	
467	468	4	
466	470	5	
313	317	-4	
315	317	-5	
315	379	-4	
379	380	-3	
377	380	6	
133	141	1	
136	141	-5	
136	142	2	
134	142	-3	
505	509	6	
507	511	-3	
507	510	-4	
49	53	3	
50	53	-5	
51	55	4	
51	54	5	
40	44	-4	
41	45	-6	
43	45	-3	
289	292	-4	
291	292	-2	
288	293	-3	
288	295	3	
289	295	-3	
203	207	-2	
203	267	-2	
267	268	3	
200	264	1	
73	76	3	
72	79	5	
72	77	4	
73	77	5	
385	390	-5	
387	390	-3	
387	451	-4	
451	455	-7	
385	449	-3	
432	436	6	
434	436	5	
434	498	-4	
498	501	3	
496	501	4	
432	496	3	
84	92	4	
89	92	3	
85	93	3	
81	85	3	
299	303	6	
299	363	3	
297	361	-3	
242	244	-4	
306	308	-3	
304	308	-4	
240	304	-2	
0	5	3	
64	69	-4	
0	64	3	
396	404	3	
399	407	5	
344	348	5	
348	356	3	
353	358	5	
350	358	3	
344	350	-3	
12	20	-3	
18	23	-4	
15	23	-1	
8	15	-4	
101	109	-4	
104	109	-2	
103	111	-4	
97	103	-3	
416	420	-3	
418	482	-5	
480	484	4	
370	374	3	
374	382	-3	
376	383	-2	
375	383	-1	
274	279	4	
274	338	4	
336	342	5	
272	336	-4	
475	477	3	
475	478	6	
472	478	4	
474	479	4	
315	316	2	
312	319	3	
123	124	-5	
145	148	4	
145	151	4	
146	151	-5	
144	150	4	
258	260	-2	
258	262	-3	
259	262	-4	
259	261	4	
280	285	4	
283	286	5	
281	287	3	
185	188	-5	
184	190	-4	
184	189	-5	
491	492	-4	
491	495	5	
488	493	-6	
489	493	-2	
35	37	-6	
32	39	-5	
129	132	-5	
131	132	7	
131	135	-4	
128	135	-7	
129	134	-3	
106	110	2	
107	110	-5	
403	406	-5	
464	471	-3	
400	464	5	
330	394	-1	
394	396	5	
392	396	-3	
328	392	4	
9	14	-4	
11	14	-4	
11	75	4	
75	76	5	
9	73	-5	
138	142	2	
139	203	6	
138	202	7	
305	309	3	
307	309	3	
307	371	3	
371	375	3	
288	292	4	
290	354	4	
354	359	4	
288	352	-4	
2	4	-6	
3	4	-4	
66	70	-3	
211	214	4	
211	275	4	
275	276	-6	
209	273	-2	
88	93	-4	
93	101	-2	
98	102	-5	
94	102	-1	
160	164	-5	
161	225	3	
225	229	3	
224	229	3	
160	224	3	
503	511	2	
497	503	-2	
179	181	3	
179	243	-3	
243	244	4	
178	242	-4	
17	22	-5	
81	87	-4	
152	157	-4	
153	157	-2	
153	217	3	
217	221	-3	
152	216	-4	
118	126	6	
119	127	4	
428	436	-3	
432	437	-3	
429	437	4	
426	429	-5	
232	238	-3	
234	238	-5	
296	300	6	
449	452	4	
458	462	4	
346	349	3	
347	349	2	
53	61	-2	
57	61	-5	
55	63	3	
48	55	5	
387	391	5	
385	391	-5	
264	269	-3	
265	269	4	
42	44	4	
43	44	5	
41	46	3	
42	46	-4	
24	30	-6	
26	30	-4	
193	198	-2	
200	206	4	
199	207	3	
442	444	-1	
443	446	-4	
483	484	-5	
480	487	-2	
249	253	-6	
113	177	-1	
176	183	6	
322	325	-2	
325	333	4	
327	335	-2	
98	103	-2	
98	162	-3	
162	166	2	
160	166	-2	
313	318	4	
377	382	-5	
312	376	3	
501	509	2	
499	502	-4	
408	415	-5	
276	284	-2	
283	284	5	
274	277	-3	
128	133	-6	
129	133	5	
129	193	-1	
128	192	1	
453	461	-1	
459	463	4	
455	463	-2	
2	5	-6	
1	6	5	
83	84	-4	
349	357	2	
353	359	-2	
351	359	2	
35	99	4	
97	100	5	
33	97	-3	
75	79	-2	
75	139	1	
139	143	-4	
217	220	-6	
219	220	-2	
243	245	-3	
243	247	4	
234	239	-3	
150	158	4	
155	159	-6	
147	151	-4	
104	108	-4	
107	108	3	
171	173	-4	
104	168	4	
370	373	7	
433	437	2	
403	407	3	
394	399	4	
74	77	-2	
69	77	-2	
466	468	3	
52	60	-2	
54	62	3	
90	94	-5	
89	94	-3	
194	197	4	
195	259	-4	
194	258	4	
224	231	4	
328	332	2	
329	393	-3	
393	398	-4	
448	452	4	
418	422	-3	
340	348	-3	
345	348	-4	
342	350	2	
339	342	3	
187	190	6	
148	156	3	
137	141	-3	
202	205	3	
137	201	3	
489	495	4	
489	494	-6	
488	494	4	
9	13	-1	
10	15	4	
209	215	-3	
210	214	5	
208	214	3	
307	311	4	
305	310	5	
235	299	-2	
233	297	-3	
272	278	4	
278	286	3	
280	286	-5	
378	442	3	
442	447	3	
376	440	-2	
257	262	-4	
257	321	-2	
256	320	-2	
38	46	4	
40	47	-2	
39	47	-5	
402	406	4	
401	406	-3	
337	401	-2	
20	28	-2	
25	29	-2	
21	29	3	
17	21	4	
116	124	-4	
413	421	1	
416	422	3	
42	106	4	
105	109	-4	
41	105	-4	
59	123	2	
123	125	-3	
250	314	2	
249	313	-1	
177	241	-3	
240	246	-3	
176	240	2	
475	476	2	
476	484	3	
478	486	-4	
289	293	-2	
290	293	2	
306	309	-3	
315	319	-3	
306	311	-4	
506	508	3	
506	510	4	
504	509	-4	
424	428	5	
490	493	2	
424	488	-4	
67	68	2	
65	71	-3	
64	70	4	
498	500	-3	
496	503	5	
456	460	-5	
458	461	-4	
50	54	-3	
50	114	3	
114	117	3	
49	113	-5	
384	389	4	
386	391	3	
384	390	-2	
83	85	-3	
371	374	6	
265	268	5	
264	271	-3	
172	180	2	
178	180	-4	
173	181	4	
169	173	4	
417	420	5	
482	486	-6	
410	412	4	
27	91	-3	
88	92	3	
24	88	3	
218	282	2	
282	285	-5	
216	280	-1	
205	213	-1	
203	205	-3	
162	165	-5	
162	226	3	
333	341	2	
339	341	5	
335	343	-2	
379	443	-2	
81	145	3	
80	144	2	
1	4	-3	
8	13	3	
5	13	1	
320	325	3	
32	96	-2	
154	158	-3	
153	158	-4	
433	438	2	
361	365	5	
359	367	-3	
241	244	3	
251	252	-2	
146	148	-2	
130	134	4	
135	143	-2	
192	256	-1	
19	20	5	
17	23	-2	
219	283	1	
217	281	2	
185	191	-3	
186	250	3	
185	249	-3	
451	452	-1	
449	453	-5	
448	454	5	
401	405	2	
401	465	-3	
465	471	3	
59	62	-6	
58	61	4	
268	276	1	
270	278	3	
466	469	-3	
441	505	2	
505	511	4	
440	504	-3	
419	421	4	
419	483	4	
305	308	3	
308	316	3	
312	316	-3	
312	317	3	
163	227	-3	
224	230	3	
34	39	3	
34	98	-3	
402	407	-4	
392	399	1	
26	90	-3	
25	89	3	
180	188	1	
187	188	-5	
182	190	2	
291	295	-4	
291	355	1	
74	78	4	
10	74	3	
193	197	4	
193	257	-1	
337	340	3	
170	174	2	
171	174	-4	
171	235	5	
234	236	2	
170	234	-3	
202	206	3	
136	200	-6	
67	69	3	
304	310	-2	
324	332	4	
326	334	-4	
242	247	4	
240	247	-3	
82	85	-5	
87	95	3	
82	87	-2	
297	301	-3	
298	303	3	
296	302	3	
114	116	-4	
112	119	3	
405	413	2	
409	413	-3	
409	414	-4	
406	414	-1	
196	204	3	
201	207	3	
378	382	-2	
283	347	-2	
346	350	-3	
363	364	5	
362	426	1	
106	108	-4	
289	353	1	
16	23	-6	
371	435	-1	
369	433	2	
168	172	2	
168	175	-3	
160	167	3	
73	79	-3	
8	72	4	
479	487	-3	
176	181	3	
181	189	-2	
183	191	-3	
213	221	3	
215	223	2	
56	63	4	
121	127	2	
142	150	-2	
143	151	2	
460	468	-3	
467	470	-5	
462	470	-1	
443	507	2	
442	506	-3	
154	218	2	
393	397	3	
257	263	3	
65	68	5	
66	68	4	
450	455	3	
229	237	-3	
273	279	4	
338	343	-3	
248	255	-4	
80	84	3	
81	86	-4	
48	52	-4	
49	55	4	
32	37	-3	
70	78	-4	
420	428	-3	
227	228	-5	
231	239	3	
436	444	3	
440	444	3	
439	447	3	
434	439	2	
385	388	-4	
310	318	-3	
211	213	3	
281	285	-1	
492	500	-2	
493	501	-2	
481	484	4	
483	487	-3	
43	107	3	
40	104	3	
362	367	3	
156	164	3	
163	164	2	
159	167	1	
472	477	3	
471	479	1	
187	251	-2	
249	254	-4	
195	199	2	
175	183	1	
299	300	2	
301	309	-3	
331	334	-2	
18	21	3	
504	510	3	
96	101	2	
95	103	-1	
89	95	-4	
369	372	3	
372	380	-2	
411	412	2	
411	415	2	
425	429	2	
435	437	5	
430	438	-3	
425	430	-3	
464	470	2	
157	165	-1	
158	166	3	
86	94	-2	
354	356	-3	
355	356	3	
418	421	3	
341	349	3	
343	351	2	
210	212	3	
212	220	3	
214	222	2	
48	112	3	
320	384	-2	
184	248	-2	
168	232	3	
233	237	-3	
120	126	-3	
370	434	-1	
368	432	-2	
314	318	2	
296	303	-3	
266	268	3	
410	414	3	
441	445	4	
361	364	-3	
28	36	-1	
29	37	1	
201	265	-2	
352	358	-3	
353	417	-2	
352	416	1	
242	245	-2	
285	293	-2	
287	295	-1	
106	111	2	
337	342	-3	
218	221	-3	
306	370	-1	
368	375	-3	
117	125	4	
155	219	3	
266	330	4	
330	335	2	
264	328	5	
394	458	-2	
393	457	2	
51	115	-3	
105	169	2	
99	101	3	
290	294	-1	
472	476	3	
477	485	-2	
408	413	-2	
344	408	-1	
210	274	2	
152	156	-1	
67	131	-1	
297	302	2	
174	182	3	
26	31	-3	
323	324	2	
400	407	-3	
467	469	2	
112	118	-2	
91	93	-1	
313	319	-1	
298	362	4	
74	138	-1	
463	471	1	
267	331	-4	
480	486	2	
427	428	-1	
473	479	2	
107	111	2	
269	277	-2	
392	456	2	
284	292	2	
36	44	2	
321	327	2	
329	333	-2	
76	84	-2	
24	28	-1	
367	375	-2	
147	149	1	
18	22	-4	
280	344	-3	
37	45	1	
161	167	2	
202	266	1	
275	279	-1	
336	343	-2	
35	36	-2	
286	294	-1	
171	175	-2	
222	230	1	
482	485	2	
461	469	-1	
427	491	3	
207	215	-2	
11	12	2	
474	478	1	
354	357	-1	
403	404	-2	
169	233	1	
238	246	1	
227	291	-1	
363	365	-2	
79	87	1	
265	329	-3	
115	119	-3	
114	178	-2	
226	290	1	
16	20	-1	
216	223	-2	
331	332	1	
45	53	1	
46	54	-1	
377	441	1	
155	157	-1	
258	322	-2	
267	270	-1	
328	333	-1	
109	117	-1	
272	276	1	
494	502	1	
72	76	1	
495	503	-1	
241	305	1	
322	386	-1	
Energy:	-3794	
