NumberOfQubits	504	
NumberOfSubgraphs	504	
Serial	33	
PlantedSolution:	
0	-1	
1	-1	
2	-1	
3	1	
4	-1	
5	1	
6	-1	
8	1	
9	-1	
10	-1	
11	1	
12	-1	
13	-1	
14	-1	
15	-1	
16	1	
17	-1	
18	1	
19	-1	
20	1	
21	-1	
22	-1	
23	1	
24	1	
25	-1	
26	-1	
27	1	
28	-1	
29	-1	
30	-1	
31	-1	
32	1	
33	-1	
34	-1	
35	-1	
36	-1	
37	1	
38	-1	
39	-1	
40	1	
41	1	
42	-1	
43	-1	
44	-1	
45	1	
46	-1	
47	-1	
48	1	
49	-1	
50	-1	
51	-1	
52	-1	
53	-1	
54	-1	
55	1	
56	1	
57	-1	
58	-1	
59	-1	
60	-1	
61	-1	
62	1	
63	1	
64	1	
65	1	
66	-1	
67	-1	
68	-1	
69	1	
70	1	
71	-1	
72	1	
73	1	
74	-1	
75	-1	
76	-1	
77	1	
78	1	
79	1	
80	1	
81	-1	
82	-1	
83	-1	
84	-1	
85	-1	
86	1	
87	-1	
88	1	
89	1	
90	1	
91	-1	
92	1	
93	1	
94	1	
95	-1	
96	-1	
97	-1	
98	-1	
99	-1	
100	-1	
101	-1	
102	-1	
103	1	
104	1	
105	1	
106	1	
107	-1	
108	-1	
109	-1	
110	-1	
111	-1	
112	1	
113	-1	
114	-1	
115	-1	
116	-1	
117	1	
118	-1	
119	1	
120	-1	
121	1	
123	1	
124	-1	
125	-1	
126	1	
127	-1	
128	-1	
129	1	
130	1	
131	-1	
132	1	
133	1	
134	-1	
135	-1	
136	1	
137	-1	
138	1	
139	-1	
141	-1	
142	1	
143	1	
144	1	
145	-1	
146	-1	
147	-1	
148	1	
149	-1	
150	-1	
151	-1	
152	1	
153	1	
154	1	
155	1	
156	1	
157	-1	
158	-1	
159	-1	
160	-1	
161	1	
162	-1	
163	-1	
164	1	
165	1	
166	-1	
167	1	
168	1	
169	1	
170	1	
171	-1	
172	1	
173	1	
174	1	
175	1	
176	-1	
177	-1	
178	1	
179	1	
180	-1	
181	-1	
182	1	
183	-1	
184	1	
185	1	
186	-1	
187	1	
188	-1	
189	-1	
190	-1	
191	-1	
192	1	
193	-1	
194	1	
195	1	
196	1	
197	1	
198	-1	
199	-1	
200	1	
201	1	
202	1	
203	-1	
204	1	
205	1	
206	-1	
207	-1	
208	1	
209	-1	
210	1	
211	1	
212	-1	
213	1	
214	1	
215	1	
216	1	
217	-1	
218	1	
219	-1	
220	1	
221	1	
222	1	
223	-1	
224	-1	
225	-1	
226	1	
227	1	
228	1	
229	-1	
230	1	
231	1	
232	-1	
233	-1	
234	-1	
235	1	
236	1	
237	-1	
238	1	
239	-1	
240	1	
241	1	
242	-1	
243	1	
244	-1	
245	1	
246	-1	
247	-1	
248	1	
249	-1	
250	1	
251	-1	
252	-1	
253	1	
254	-1	
255	1	
256	-1	
257	-1	
258	1	
259	-1	
260	1	
261	-1	
262	1	
263	-1	
264	-1	
265	-1	
266	1	
267	1	
268	1	
269	-1	
270	-1	
271	1	
272	1	
273	1	
274	-1	
275	-1	
276	-1	
277	-1	
278	1	
279	1	
280	1	
281	1	
282	1	
283	-1	
284	-1	
285	1	
286	-1	
287	-1	
288	-1	
289	-1	
290	1	
291	1	
292	1	
293	-1	
294	-1	
295	1	
296	-1	
297	1	
298	-1	
299	1	
300	-1	
301	1	
302	1	
303	-1	
304	-1	
305	-1	
306	-1	
307	-1	
308	-1	
309	-1	
310	-1	
311	-1	
312	1	
313	1	
314	-1	
315	1	
316	-1	
317	-1	
318	-1	
319	1	
320	-1	
321	-1	
322	1	
323	-1	
324	1	
325	-1	
326	-1	
327	1	
328	1	
329	1	
330	-1	
331	-1	
332	-1	
333	1	
334	1	
335	1	
336	1	
337	-1	
338	-1	
339	1	
340	1	
341	-1	
342	1	
343	1	
344	-1	
345	-1	
346	1	
347	1	
348	-1	
349	1	
350	1	
351	1	
352	-1	
353	1	
354	-1	
355	1	
356	-1	
357	1	
358	-1	
359	1	
361	-1	
362	-1	
363	-1	
364	1	
365	1	
367	1	
368	1	
369	1	
370	-1	
371	1	
372	-1	
373	1	
374	-1	
375	1	
376	-1	
377	1	
378	-1	
379	-1	
380	-1	
382	-1	
383	1	
384	-1	
385	1	
386	1	
387	1	
388	1	
389	1	
390	-1	
391	-1	
392	-1	
393	-1	
394	1	
396	1	
397	1	
398	1	
399	-1	
400	1	
401	-1	
402	-1	
403	1	
404	-1	
405	-1	
406	-1	
407	1	
408	-1	
409	1	
410	-1	
411	-1	
412	-1	
413	1	
414	-1	
415	-1	
416	-1	
417	1	
418	-1	
419	1	
420	1	
421	1	
422	1	
424	1	
425	1	
426	-1	
427	-1	
428	-1	
429	-1	
430	1	
431	-1	
432	-1	
433	-1	
434	-1	
435	-1	
436	1	
437	1	
438	1	
439	1	
440	1	
441	1	
442	-1	
443	-1	
444	1	
445	-1	
446	-1	
447	-1	
448	1	
449	-1	
450	-1	
451	1	
452	-1	
453	-1	
454	1	
455	1	
456	1	
457	-1	
458	1	
459	1	
460	1	
461	-1	
462	1	
463	-1	
464	-1	
465	-1	
466	1	
467	1	
468	-1	
469	-1	
470	-1	
471	1	
472	-1	
473	1	
474	1	
475	1	
476	-1	
477	-1	
478	1	
479	-1	
480	1	
481	1	
482	1	
483	1	
484	-1	
485	-1	
486	-1	
487	-1	
488	-1	
489	-1	
490	1	
491	-1	
492	-1	
493	1	
494	-1	
495	-1	
496	1	
497	-1	
498	-1	
499	-1	
500	-1	
501	-1	
502	1	
503	-1	
504	-1	
505	1	
506	-1	
507	-1	
508	1	
509	1	
510	1	
511	-1	
Js:	
232	237	-4	
235	237	-1	
235	239	4	
234	239	-2	
234	238	3	
232	238	2	
201	205	-3	
203	205	3	
203	267	2	
267	268	-3	
265	268	4	
201	265	-1	
19	20	4	
20	28	2	
27	28	4	
27	30	3	
22	30	-2	
19	22	3	
169	172	-2	
170	172	-3	
170	173	-3	
171	173	-1	
171	174	5	
169	174	-3	
280	284	-3	
283	284	-2	
283	285	4	
282	285	-3	
282	287	4	
280	287	3	
480	484	2	
482	484	3	
482	487	4	
483	487	2	
483	486	-2	
480	486	2	
42	46	-4	
43	46	-4	
43	107	-2	
107	108	-2	
106	108	-4	
42	106	3	
241	244	4	
242	244	-3	
242	245	2	
243	245	4	
243	247	1	
241	247	3	
9	13	-3	
11	13	4	
11	15	-1	
10	15	-4	
10	14	-5	
9	14	-3	
176	180	2	
177	180	-3	
177	183	-1	
178	183	3	
178	182	-2	
176	182	3	
97	100	-3	
98	100	-4	
98	102	-3	
99	102	-2	
99	103	3	
97	103	4	
320	327	4	
323	327	4	
323	387	1	
387	390	3	
384	390	-2	
320	384	1	
130	132	4	
131	132	4	
131	135	-3	
128	135	-4	
128	134	-3	
130	134	2	
208	213	-2	
210	213	-3	
210	274	2	
274	276	-2	
272	276	-3	
208	272	-2	
224	229	-4	
226	229	2	
226	290	1	
290	292	-4	
288	292	2	
224	288	-3	
449	453	3	
453	461	-2	
456	461	4	
456	462	-3	
454	462	-1	
449	454	3	
65	68	2	
68	76	-3	
72	76	1	
72	77	-3	
69	77	2	
65	69	-5	
305	308	-2	
308	316	-2	
314	316	1	
314	317	-3	
309	317	-3	
305	309	-3	
33	36	-3	
34	36	-4	
34	39	-2	
32	39	-2	
32	37	-4	
33	37	2	
137	142	3	
142	150	-2	
146	150	-2	
146	151	-3	
143	151	1	
137	143	2	
192	196	2	
193	196	4	
193	257	-1	
257	263	-3	
256	263	-2	
192	256	1	
376	382	-2	
378	382	-2	
378	442	-2	
442	446	-4	
440	446	-2	
376	440	3	
104	109	2	
109	117	1	
114	117	-2	
114	119	3	
111	119	2	
104	111	2	
362	365	1	
363	365	2	
363	427	-2	
427	431	5	
426	431	-2	
362	426	-3	
408	414	-2	
411	414	-2	
411	475	4	
475	476	-3	
472	476	-1	
408	472	-4	
80	84	2	
81	84	-2	
81	87	-2	
83	87	-5	
83	86	-1	
80	86	-4	
496	500	4	
499	500	-3	
499	501	-3	
497	501	3	
497	503	-2	
496	503	3	
488	492	1	
490	492	5	
490	493	-1	
489	493	3	
489	495	-2	
488	495	-4	
49	52	3	
52	60	-2	
57	60	-4	
57	61	-4	
53	61	-2	
49	53	-3	
352	359	4	
353	359	-2	
353	417	2	
417	422	-3	
416	422	1	
352	416	-2	
336	340	-3	
339	340	3	
339	341	2	
338	341	-5	
338	343	2	
336	343	-3	
393	396	3	
396	404	-2	
401	404	-4	
401	407	2	
399	407	3	
393	399	-2	
216	220	-4	
217	220	4	
217	221	-2	
219	221	3	
219	223	-3	
216	223	2	
291	293	-2	
293	301	1	
297	301	-3	
297	303	3	
295	303	1	
291	295	-3	
161	164	-3	
162	164	-2	
162	166	-3	
163	166	-2	
163	165	3	
161	165	-2	
249	252	-3	
251	252	3	
251	255	2	
248	255	-1	
248	254	2	
249	254	-3	
329	333	-1	
331	333	-3	
331	334	3	
330	334	2	
330	335	1	
329	335	-4	
16	21	3	
21	29	-2	
25	29	-4	
25	31	-3	
23	31	-2	
16	23	-3	
465	468	-2	
467	468	3	
467	469	-2	
464	469	-2	
464	471	3	
465	471	3	
184	188	3	
185	188	2	
185	189	-3	
186	189	-2	
186	190	-2	
184	190	4	
369	375	-5	
370	375	-2	
370	434	-1	
434	438	3	
433	438	1	
369	433	1	
48	54	3	
54	62	2	
58	62	3	
58	63	3	
55	63	2	
48	55	-3	
152	156	-2	
155	156	-4	
155	157	2	
153	157	-4	
153	158	2	
152	158	1	
345	348	-3	
346	348	-1	
346	350	-1	
344	350	3	
344	349	3	
345	349	4	
145	148	5	
147	148	2	
147	211	3	
211	215	-2	
209	215	-2	
145	209	-3	
1	4	-5	
3	4	4	
3	5	-2	
0	5	4	
0	6	4	
1	6	-2	
505	508	-5	
506	508	3	
506	509	5	
504	509	3	
504	511	-3	
505	511	4	
368	373	-3	
371	373	-3	
371	435	-1	
435	436	2	
432	436	4	
368	432	1	
304	310	-3	
310	318	-4	
313	318	3	
313	319	-4	
311	319	-3	
304	311	-3	
89	92	-2	
90	92	-2	
90	95	2	
91	95	-4	
91	94	3	
89	94	-2	
394	397	-2	
397	405	2	
402	405	-4	
402	406	-1	
398	406	3	
394	398	4	
200	206	2	
202	206	3	
202	266	-1	
266	271	-3	
264	271	4	
200	264	-2	
354	358	4	
355	358	2	
355	419	-2	
419	420	-3	
418	420	3	
354	418	-2	
194	198	-2	
195	198	1	
195	259	1	
259	262	1	
258	262	-3	
194	258	-1	
448	452	2	
452	460	2	
457	460	-3	
457	463	-5	
455	463	1	
448	455	-4	
121	124	5	
123	124	2	
123	126	-4	
120	126	4	
120	127	2	
121	127	4	
74	78	2	
75	78	3	
75	139	2	
139	141	-2	
138	141	2	
74	138	3	
409	412	3	
410	412	-2	
410	474	2	
474	479	2	
473	479	3	
409	473	2	
377	380	-3	
379	380	-3	
379	443	-1	
443	445	-4	
441	445	4	
377	441	-2	
321	325	-3	
322	325	4	
322	386	-1	
386	389	-2	
385	389	-4	
321	385	-1	
105	108	-1	
108	116	-2	
113	116	-2	
113	118	-3	
110	118	-1	
105	110	4	
225	228	4	
227	228	3	
227	230	-3	
226	230	-1	
226	231	-4	
225	231	3	
424	428	4	
426	428	-2	
426	430	2	
425	430	-3	
425	429	3	
424	429	3	
41	44	3	
43	44	-3	
43	45	-1	
40	45	-4	
40	47	2	
41	47	4	
66	68	-4	
67	68	-3	
67	71	-3	
64	71	3	
64	70	3	
66	70	3	
273	277	1	
274	277	-2	
274	279	3	
275	279	3	
275	278	-2	
273	278	-3	
298	300	-3	
299	300	3	
299	302	-2	
296	302	-4	
296	303	-2	
298	303	-5	
96	101	-4	
99	101	-3	
99	163	2	
163	167	2	
160	167	3	
96	160	-1	
361	364	5	
364	372	2	
369	372	3	
367	375	1	
361	367	3	
233	236	3	
236	244	1	
240	244	-1	
240	246	3	
238	246	1	
233	238	3	
281	284	4	
284	292	-2	
289	292	2	
289	294	-2	
286	294	-2	
281	286	2	
168	173	-3	
173	181	2	
179	181	3	
179	183	3	
175	183	1	
168	175	4	
17	23	2	
18	23	-3	
18	82	1	
82	85	-4	
81	85	2	
17	81	-3	
337	342	-2	
342	350	-2	
347	350	-1	
347	351	-4	
343	351	-1	
337	343	2	
24	28	3	
26	28	-2	
26	90	3	
90	93	-4	
88	93	1	
24	88	-2	
210	212	3	
212	220	1	
218	220	-2	
218	222	-4	
214	222	2	
210	214	-2	
491	493	4	
493	501	-1	
498	501	-1	
498	502	4	
494	502	1	
491	494	-4	
472	477	-3	
477	485	-2	
481	485	-1	
481	486	5	
478	486	2	
472	478	3	
323	324	2	
324	332	-2	
328	332	3	
328	334	-3	
326	334	3	
323	326	-3	
144	149	2	
149	157	1	
154	157	2	
154	159	4	
151	159	-3	
144	151	4	
186	191	-3	
187	191	3	
187	251	2	
251	253	-3	
250	253	-1	
186	250	3	
8	12	4	
9	12	-2	
9	73	2	
73	79	-4	
72	79	-2	
8	72	-2	
259	260	3	
260	268	-2	
265	269	-3	
261	269	3	
259	261	-3	
434	436	2	
436	444	-2	
442	444	2	
442	447	-4	
439	447	2	
434	439	3	
306	308	3	
307	308	-3	
307	371	3	
371	374	2	
370	374	-4	
306	370	-1	
48	52	4	
51	52	1	
51	115	-3	
115	119	1	
112	119	-4	
48	112	-2	
402	407	1	
403	407	-4	
403	467	-3	
467	470	3	
466	470	-2	
402	466	4	
386	388	-1	
387	388	3	
387	451	-3	
451	454	-1	
450	454	3	
386	450	3	
312	316	3	
315	316	3	
315	379	-2	
379	383	2	
376	383	3	
312	376	2	
56	62	-3	
59	62	-2	
59	123	1	
123	125	2	
120	125	-3	
56	120	1	
193	197	1	
197	205	-2	
201	207	2	
199	207	2	
193	199	-3	
129	133	2	
133	141	1	
136	141	3	
136	143	-2	
135	143	1	
129	135	3	
33	39	-3	
35	39	-3	
35	38	2	
32	38	2	
352	356	-1	
354	356	-2	
354	359	1	
353	357	2	
352	357	2	
200	204	-3	
203	204	1	
267	270	2	
264	270	-2	
408	412	-2	
411	412	-2	
411	413	-3	
409	413	-1	
409	415	3	
408	415	-4	
458	461	3	
459	461	3	
459	463	4	
457	462	4	
458	462	-4	
507	509	2	
507	510	4	
504	510	4	
506	511	-3	
384	388	3	
388	396	-2	
392	396	3	
392	399	-2	
391	399	-2	
384	391	2	
429	437	1	
433	437	2	
433	439	4	
431	439	-1	
425	431	3	
2	5	4	
2	66	-3	
0	64	3	
337	340	2	
337	401	2	
400	404	2	
336	400	-2	
41	45	-2	
45	53	-1	
50	53	-4	
50	55	4	
47	55	1	
416	421	3	
419	421	-2	
419	483	-3	
483	485	4	
480	485	3	
416	480	2	
11	12	3	
11	14	3	
8	15	-4	
178	180	-2	
178	181	2	
176	181	-2	
177	182	3	
24	29	-3	
26	29	-2	
26	31	-3	
27	31	3	
24	30	3	
222	230	-2	
225	230	2	
223	231	-1	
218	223	3	
240	245	-2	
243	307	1	
307	309	-3	
304	309	-2	
240	304	1	
82	87	-2	
83	147	1	
147	149	-4	
146	149	-2	
82	146	-3	
288	293	-2	
289	293	-3	
291	294	-3	
288	295	1	
130	133	-3	
131	133	2	
131	195	2	
195	197	-2	
194	197	-3	
130	194	-2	
465	469	-5	
469	477	-2	
473	477	-2	
473	478	-3	
470	478	3	
465	470	-1	
248	252	3	
249	313	2	
312	319	-2	
248	312	-2	
154	156	-3	
156	164	-1	
160	164	2	
160	166	-3	
158	166	-3	
154	158	-3	
74	76	-3	
75	76	3	
75	77	2	
73	77	-2	
74	79	2	
273	276	3	
273	279	-3	
275	277	-5	
272	277	2	
256	260	3	
257	260	3	
257	321	-2	
321	327	3	
256	320	-3	
328	335	-2	
329	393	2	
393	398	-2	
392	398	2	
328	392	2	
281	285	-1	
283	286	-3	
280	286	2	
281	287	-2	
450	452	-4	
451	452	3	
451	455	-4	
448	453	-2	
450	453	-4	
499	502	2	
498	503	-4	
440	444	-3	
443	444	3	
443	447	-1	
441	447	2	
441	446	2	
106	109	2	
107	109	-4	
107	171	-2	
170	174	-4	
106	170	1	
49	54	1	
51	54	-3	
115	117	2	
113	117	2	
49	113	-2	
58	60	-4	
58	61	-2	
56	61	3	
56	63	-4	
57	63	-2	
368	372	3	
372	380	-2	
377	382	1	
374	382	-3	
368	374	2	
355	356	4	
356	364	3	
361	365	-4	
357	365	-4	
355	357	-2	
235	236	-3	
235	299	-1	
299	301	-3	
233	297	-1	
89	93	2	
91	93	2	
88	95	3	
88	94	-2	
187	188	3	
187	189	3	
185	190	4	
96	100	-3	
98	103	3	
97	102	-1	
96	102	2	
16	20	-3	
18	20	-3	
18	22	3	
17	22	-3	
17	21	2	
209	213	3	
211	213	-2	
211	214	-1	
208	214	-3	
208	215	-4	
258	261	4	
266	269	2	
266	270	3	
262	270	4	
489	492	-4	
490	495	4	
491	495	1	
489	494	-2	
344	348	-2	
347	348	-4	
346	351	-3	
346	349	-3	
476	484	-2	
479	487	-2	
475	479	2	
196	204	-2	
202	204	-3	
198	206	-2	
192	198	3	
105	111	2	
105	169	-2	
169	175	-3	
104	168	-1	
420	428	2	
424	430	-2	
422	430	-3	
418	422	-2	
241	246	1	
242	246	-1	
242	306	-2	
306	310	-3	
305	310	-3	
241	305	-2	
3	67	3	
65	71	3	
1	65	3	
400	405	3	
405	413	2	
410	413	2	
410	414	2	
406	414	-3	
400	406	1	
36	44	-2	
42	44	-1	
38	46	3	
34	38	-3	
114	116	-3	
116	124	-2	
121	126	1	
118	126	3	
114	118	-2	
234	237	2	
234	298	-1	
296	300	-3	
232	296	-1	
322	324	-2	
330	332	-3	
330	333	3	
325	333	3	
152	159	2	
155	159	2	
155	219	2	
216	221	-2	
152	216	1	
250	255	-4	
251	315	3	
315	317	-2	
250	314	1	
81	86	2	
81	145	-1	
145	150	2	
144	150	3	
80	144	-3	
459	460	-3	
460	468	-1	
466	468	3	
466	471	-2	
463	471	1	
389	397	-3	
390	398	1	
385	390	2	
64	69	-2	
65	129	-1	
129	134	4	
64	128	-1	
161	167	-3	
162	167	2	
162	226	-1	
226	228	-3	
161	225	1	
504	508	-1	
507	511	-2	
339	342	-5	
72	78	-2	
138	142	-2	
136	142	-3	
72	136	2	
432	437	2	
437	445	2	
443	446	-2	
438	446	-2	
432	438	3	
362	367	-4	
363	367	3	
427	429	-1	
426	429	-3	
160	165	2	
163	227	-1	
227	229	3	
160	224	-1	
417	421	-3	
418	421	2	
418	482	3	
481	484	3	
417	481	2	
314	318	-2	
314	378	-4	
378	383	2	
377	383	-4	
313	377	2	
5	13	2	
10	13	-2	
6	14	-1	
2	6	2	
83	84	-2	
84	92	-4	
85	93	1	
83	85	-2	
112	117	-2	
117	125	3	
121	125	-2	
119	127	2	
137	141	-3	
139	203	3	
203	207	-2	
137	201	3	
237	245	1	
242	247	2	
239	247	-1	
232	239	-3	
256	262	2	
265	270	-1	
265	271	-2	
263	271	3	
185	191	1	
250	254	-2	
185	249	2	
153	156	-1	
217	223	2	
153	217	1	
449	452	-1	
456	460	-2	
410	415	-2	
474	476	3	
473	476	2	
42	45	3	
106	110	1	
104	110	-3	
40	104	-3	
403	405	2	
464	468	-2	
400	464	-2	
277	285	1	
282	286	2	
278	286	1	
289	295	3	
290	295	-3	
290	354	2	
353	358	2	
289	353	1	
50	52	-2	
59	60	-3	
59	61	3	
25	28	-1	
19	23	3	
435	439	1	
435	499	-2	
433	497	-2	
331	335	3	
327	335	-2	
211	212	4	
209	212	-2	
307	311	-3	
304	368	-2	
35	37	2	
35	99	-2	
32	96	2	
172	180	1	
179	180	-2	
195	199	3	
194	199	1	
296	301	2	
298	301	2	
297	302	-3	
347	349	-1	
345	350	3	
424	431	1	
427	491	-3	
488	493	2	
424	488	2	
387	391	1	
386	391	3	
384	389	2	
394	396	-2	
394	458	1	
392	456	1	
88	92	-2	
86	94	-2	
288	294	-3	
291	355	-2	
355	359	-2	
288	352	-1	
305	311	-2	
416	420	2	
417	420	-2	
50	54	-1	
206	214	2	
207	215	-2	
202	207	2	
150	158	-1	
105	109	-1	
497	500	-2	
497	502	-3	
123	127	2	
123	187	-1	
184	191	3	
120	184	1	
3	6	3	
264	268	2	
267	269	3	
376	380	-2	
378	380	2	
244	252	2	
248	253	-3	
245	253	-4	
241	245	-1	
112	118	-2	
113	177	-3	
112	176	1	
98	162	1	
162	165	3	
97	161	2	
18	21	2	
27	29	-1	
408	413	1	
475	477	2	
272	279	-2	
274	338	3	
336	341	3	
272	336	-1	
217	281	2	
216	280	-3	
257	261	-1	
258	322	1	
321	324	4	
11	75	-1	
434	437	2	
435	437	-3	
435	438	3	
402	404	-2	
466	469	1	
401	465	1	
369	373	-2	
365	373	-1	
128	132	-1	
129	132	-1	
129	193	1	
192	199	3	
128	192	1	
218	221	-2	
221	229	-1	
224	230	3	
464	470	-3	
474	478	-2	
471	479	2	
507	508	-5	
505	510	-2	
505	509	-1	
115	116	-2	
115	179	3	
114	178	-1	
490	494	-2	
488	494	-3	
379	382	-4	
375	383	-1	
306	309	-2	
315	318	2	
204	212	2	
205	213	-2	
200	205	1	
448	454	2	
139	142	2	
139	143	3	
329	332	2	
292	300	1	
294	302	-1	
290	294	1	
403	406	2	
407	415	2	
89	95	2	
89	153	-2	
152	157	2	
88	152	-2	
164	172	-2	
168	172	-3	
167	175	-1	
283	287	1	
283	347	2	
282	346	-2	
246	254	-4	
247	255	2	
240	247	3	
425	428	-1	
419	422	-2	
393	397	-3	
385	391	2	
340	348	1	
76	84	-1	
82	84	-1	
79	87	1	
75	79	3	
33	97	2	
0	4	1	
259	323	-2	
320	326	2	
41	105	-2	
8	13	1	
13	21	-2	
15	23	1	
458	460	1	
59	63	3	
130	135	1	
481	487	1	
480	487	3	
24	31	-1	
25	30	-2	
184	189	-2	
227	231	1	
225	229	-1	
51	53	-2	
359	367	1	
275	276	-2	
272	278	2	
67	70	1	
70	78	-3	
73	78	2	
71	79	2	
80	85	3	
195	196	-3	
193	198	-2	
93	101	2	
94	102	2	
112	116	1	
106	111	3	
385	449	2	
384	448	2	
328	333	-2	
322	326	3	
353	356	1	
17	20	2	
19	83	1	
403	404	1	
404	412	1	
163	164	2	
138	143	-3	
138	202	-2	
201	204	1	
179	182	2	
179	243	-1	
243	244	1	
178	242	2	
146	148	3	
147	150	-2	
145	149	2	
291	292	-1	
299	363	2	
363	364	-1	
362	364	1	
298	362	-3	
258	260	-1	
259	263	2	
209	214	2	
433	436	2	
169	173	-2	
170	175	-1	
40	44	3	
394	399	3	
392	397	2	
276	284	-1	
279	287	1	
304	308	-1	
306	311	-1	
338	342	-2	
339	343	-2	
153	159	2	
267	331	2	
331	332	-1	
266	330	-1	
10	74	-1	
74	77	3	
35	36	-1	
33	38	-2	
234	236	2	
233	239	-2	
233	237	-3	
401	405	-1	
401	406	-2	
496	501	3	
100	108	-2	
101	109	-2	
98	101	1	
468	476	1	
474	477	1	
177	181	-1	
177	241	-1	
176	240	2	
2	4	-1	
49	55	1	
51	55	-1	
427	428	-3	
352	358	-2	
200	207	2	
136	200	-2	
314	319	1	
386	390	2	
451	453	-1	
27	91	-1	
344	351	-2	
280	344	1	
370	372	-1	
370	373	3	
371	375	2	
180	188	-2	
186	188	-2	
183	191	-2	
176	183	-2	
224	231	1	
19	21	-1	
14	22	-1	
320	325	2	
264	269	-2	
441	444	-2	
441	505	-2	
440	504	-1	
297	300	1	
483	484	1	
484	492	1	
485	493	1	
73	76	1	
192	197	-2	
201	206	-2	
249	253	1	
243	246	2	
128	133	2	
131	134	1	
57	62	2	
102	110	-2	
107	110	1	
107	111	-3	
103	111	2	
274	278	2	
338	340	2	
273	337	2	
157	165	-1	
155	158	2	
34	37	1	
37	45	1	
39	47	-2	
25	89	2	
349	357	-1	
350	358	2	
499	503	-2	
434	498	1	
361	425	1	
285	293	3	
171	172	1	
171	235	-1	
235	238	-2	
168	232	1	
312	317	2	
312	318	-1	
215	223	1	
4	12	1	
1	5	2	
385	388	-1	
449	455	3	
80	87	1	
82	86	-1	
67	69	2	
66	71	1	
194	196	1	
250	252	1	
440	445	2	
440	447	-1	
148	156	-1	
145	151	1	
257	262	-2	
467	471	1	
346	410	2	
409	414	2	
345	409	1	
141	149	-1	
354	357	1	
268	276	-1	
269	277	-1	
229	237	1	
231	239	2	
171	175	-2	
313	316	1	
26	30	-2	
290	293	1	
219	220	1	
219	222	1	
217	222	1	
256	261	-1	
258	263	2	
506	510	1	
329	334	2	
482	486	-1	
458	463	1	
10	12	-2	
9	15	-2	
432	439	1	
432	496	1	
337	341	-2	
32	36	2	
320	324	2	
321	326	-1	
472	479	-1	
181	189	-2	
228	236	-2	
230	238	-1	
115	118	-1	
492	500	-1	
498	500	-2	
495	503	1	
202	205	-1	
91	92	2	
421	429	-1	
348	356	-1	
351	359	-2	
159	167	1	
412	420	2	
413	421	1	
287	295	-1	
120	124	1	
42	47	1	
43	47	-2	
299	303	1	
73	137	1	
66	69	-1	
227	291	-1	
344	408	1	
387	389	1	
203	206	1	
165	173	-1	
425	489	1	
501	509	1	
502	510	1	
496	502	-1	
249	255	-1	
369	374	1	
368	375	1	
41	46	-1	
414	422	-1	
184	248	-1	
225	289	1	
443	507	-1	
332	340	1	
334	342	-1	
218	282	1	
90	94	1	
300	308	-1	
301	309	-1	
87	95	-1	
16	22	2	
16	80	-1	
161	166	-1	
281	345	1	
50	114	1	
232	236	-1	
482	485	-1	
251	254	-1	
411	415	1	
475	478	-1	
265	329	1	
297	361	1	
144	148	1	
146	210	1	
210	215	-1	
144	208	-1	
307	310	-1	
371	372	1	
56	60	-1	
8	14	-1	
322	327	-1	
104	108	1	
Energy:	-2114	
