NumberOfQubits	504	
NumberOfSubgraphs	420	
Serial	284	
PlantedSolution:	
0	-1	
1	1	
2	1	
3	1	
4	1	
5	-1	
6	1	
8	1	
9	-1	
10	-1	
11	-1	
12	-1	
13	1	
14	1	
15	1	
16	-1	
17	-1	
18	-1	
19	-1	
20	-1	
21	-1	
22	1	
23	1	
24	-1	
25	1	
26	-1	
27	-1	
28	-1	
29	-1	
30	-1	
31	1	
32	-1	
33	1	
34	-1	
35	1	
36	-1	
37	-1	
38	-1	
39	1	
40	-1	
41	1	
42	-1	
43	-1	
44	1	
45	-1	
46	-1	
47	-1	
48	-1	
49	1	
50	1	
51	1	
52	-1	
53	1	
54	-1	
55	-1	
56	-1	
57	1	
58	1	
59	-1	
60	1	
61	-1	
62	-1	
63	-1	
64	-1	
65	-1	
66	1	
67	1	
68	-1	
69	-1	
70	1	
71	-1	
72	-1	
73	-1	
74	1	
75	-1	
76	-1	
77	-1	
78	1	
79	1	
80	-1	
81	1	
82	-1	
83	-1	
84	1	
85	-1	
86	-1	
87	1	
88	1	
89	1	
90	-1	
91	-1	
92	1	
93	1	
94	-1	
95	-1	
96	1	
97	-1	
98	-1	
99	1	
100	1	
101	1	
102	-1	
103	1	
104	1	
105	-1	
106	-1	
107	-1	
108	1	
109	1	
110	1	
111	1	
112	-1	
113	1	
114	1	
115	1	
116	1	
117	-1	
118	1	
119	-1	
120	-1	
121	-1	
123	1	
124	-1	
125	1	
126	-1	
127	1	
128	-1	
129	-1	
130	-1	
131	-1	
132	-1	
133	1	
134	-1	
135	1	
136	1	
137	1	
138	1	
139	-1	
141	1	
142	-1	
143	1	
144	-1	
145	1	
146	1	
147	1	
148	-1	
149	-1	
150	-1	
151	-1	
152	1	
153	1	
154	1	
155	1	
156	1	
157	1	
158	-1	
159	-1	
160	1	
161	-1	
162	1	
163	1	
164	-1	
165	-1	
166	-1	
167	1	
168	-1	
169	1	
170	1	
171	-1	
172	-1	
173	-1	
174	1	
175	-1	
176	-1	
177	1	
178	1	
179	1	
180	-1	
181	1	
182	-1	
183	-1	
184	1	
185	1	
186	-1	
187	-1	
188	-1	
189	1	
190	-1	
191	1	
192	1	
193	-1	
194	-1	
195	-1	
196	1	
197	-1	
198	-1	
199	-1	
200	1	
201	1	
202	-1	
203	-1	
204	-1	
205	1	
206	1	
207	-1	
208	-1	
209	-1	
210	1	
211	-1	
212	1	
213	-1	
214	-1	
215	-1	
216	-1	
217	-1	
218	-1	
219	1	
220	1	
221	-1	
222	-1	
223	-1	
224	-1	
225	-1	
226	-1	
227	1	
228	-1	
229	-1	
230	-1	
231	1	
232	1	
233	1	
234	1	
235	1	
236	-1	
237	1	
238	1	
239	1	
240	-1	
241	-1	
242	-1	
243	-1	
244	1	
245	1	
246	1	
247	1	
248	1	
249	-1	
250	1	
251	-1	
252	-1	
253	-1	
254	-1	
255	1	
256	-1	
257	1	
258	-1	
259	-1	
260	1	
261	-1	
262	-1	
263	1	
264	-1	
265	1	
266	-1	
267	1	
268	-1	
269	1	
270	1	
271	-1	
272	1	
273	-1	
274	1	
275	1	
276	-1	
277	-1	
278	-1	
279	1	
280	1	
281	1	
282	-1	
283	-1	
284	1	
285	1	
286	-1	
287	-1	
288	-1	
289	-1	
290	1	
291	-1	
292	1	
293	-1	
294	1	
295	-1	
296	1	
297	-1	
298	-1	
299	1	
300	-1	
301	1	
302	-1	
303	-1	
304	-1	
305	1	
306	1	
307	-1	
308	1	
309	-1	
310	-1	
311	-1	
312	-1	
313	1	
314	1	
315	1	
316	1	
317	-1	
318	-1	
319	1	
320	-1	
321	-1	
322	-1	
323	-1	
324	1	
325	1	
326	1	
327	1	
328	1	
329	1	
330	1	
331	-1	
332	1	
333	1	
334	1	
335	1	
336	-1	
337	1	
338	1	
339	-1	
340	-1	
341	-1	
342	-1	
343	-1	
344	1	
345	-1	
346	1	
347	-1	
348	1	
349	-1	
350	-1	
351	1	
352	1	
353	-1	
354	1	
355	1	
356	-1	
357	1	
358	-1	
359	-1	
361	-1	
362	-1	
363	-1	
364	-1	
365	1	
367	1	
368	-1	
369	1	
370	-1	
371	1	
372	1	
373	-1	
374	1	
375	-1	
376	1	
377	-1	
378	1	
379	-1	
380	1	
382	1	
383	1	
384	-1	
385	-1	
386	1	
387	1	
388	-1	
389	1	
390	1	
391	-1	
392	-1	
393	1	
394	-1	
396	1	
397	-1	
398	1	
399	1	
400	-1	
401	1	
402	1	
403	-1	
404	1	
405	-1	
406	1	
407	1	
408	1	
409	-1	
410	1	
411	-1	
412	1	
413	1	
414	-1	
415	1	
416	1	
417	1	
418	-1	
419	-1	
420	1	
421	1	
422	1	
424	-1	
425	1	
426	1	
427	-1	
428	1	
429	-1	
430	1	
431	-1	
432	-1	
433	1	
434	-1	
435	1	
436	-1	
437	-1	
438	1	
439	1	
440	1	
441	-1	
442	-1	
443	1	
444	1	
445	1	
446	1	
447	-1	
448	1	
449	1	
450	1	
451	1	
452	1	
453	-1	
454	-1	
455	1	
456	-1	
457	-1	
458	-1	
459	-1	
460	1	
461	-1	
462	1	
463	1	
464	1	
465	1	
466	-1	
467	1	
468	1	
469	1	
470	-1	
471	1	
472	1	
473	-1	
474	1	
475	1	
476	-1	
477	1	
478	-1	
479	-1	
480	1	
481	1	
482	1	
483	1	
484	-1	
485	1	
486	-1	
487	1	
488	1	
489	-1	
490	1	
491	-1	
492	-1	
493	-1	
494	1	
495	1	
496	1	
497	1	
498	-1	
499	1	
500	-1	
501	1	
502	-1	
503	-1	
504	1	
505	1	
506	-1	
507	-1	
508	-1	
509	1	
510	1	
511	1	
Js:	
248	252	-3	
250	252	1	
250	253	3	
249	253	-3	
249	255	2	
248	255	-2	
288	292	2	
289	292	2	
289	294	3	
290	294	-3	
290	293	2	
288	293	2	
80	84	3	
84	92	-2	
90	92	-2	
90	95	-3	
87	95	1	
80	87	2	
424	428	4	
427	428	2	
427	491	-1	
491	492	-2	
488	492	-3	
424	488	2	
40	44	2	
43	44	1	
43	107	-2	
107	111	2	
104	111	-2	
40	104	-2	
120	124	-3	
121	124	2	
121	126	-3	
123	126	3	
123	127	-2	
120	127	3	
466	468	2	
468	476	2	
472	476	2	
472	477	-4	
469	477	1	
466	469	5	
480	484	2	
482	484	2	
482	485	-3	
483	485	2	
483	487	-2	
480	487	-1	
498	500	-2	
500	508	3	
504	508	2	
504	511	-3	
503	511	1	
498	503	-3	
442	446	2	
443	446	-1	
443	507	2	
507	510	4	
506	510	2	
442	506	1	
50	52	4	
51	52	2	
51	54	2	
48	54	-3	
48	53	-2	
50	53	-3	
273	276	-2	
275	276	2	
275	277	3	
274	277	3	
274	278	1	
273	278	3	
97	101	4	
98	101	-1	
98	162	2	
162	165	3	
161	165	-3	
97	161	-2	
72	77	-3	
75	77	-2	
75	139	-2	
139	141	4	
136	141	-2	
72	136	2	
352	357	-1	
357	365	2	
362	365	5	
362	367	2	
359	367	3	
352	359	4	
112	119	-2	
114	119	-1	
114	178	-1	
178	180	2	
176	180	-3	
112	176	-1	
171	173	-3	
173	181	2	
179	181	-2	
179	183	3	
175	183	-2	
171	175	-2	
411	413	4	
413	421	-2	
417	421	-2	
417	422	-4	
414	422	-1	
411	414	-3	
297	300	-2	
298	300	-1	
298	301	3	
299	301	-3	
299	303	1	
297	303	3	
304	308	3	
305	308	-3	
305	369	-2	
369	373	-1	
368	373	-3	
304	368	-1	
312	316	-2	
315	316	-2	
315	317	2	
313	317	2	
313	319	-2	
312	319	2	
218	220	2	
219	220	-3	
219	223	-2	
217	223	-2	
217	221	-3	
218	221	-2	
88	94	3	
91	94	-1	
91	155	3	
155	159	2	
152	159	2	
88	152	2	
339	340	-3	
340	348	1	
345	348	2	
345	350	-4	
342	350	1	
339	342	-2	
24	28	1	
27	28	-4	
27	29	-1	
25	29	3	
25	31	-2	
24	31	2	
400	404	2	
403	404	-1	
403	405	-1	
401	405	1	
401	407	-3	
400	407	1	
57	60	-3	
58	60	-3	
58	62	3	
59	62	1	
59	63	-4	
57	63	2	
328	332	-2	
330	332	-3	
330	335	-3	
331	335	-2	
331	333	4	
328	333	-2	
130	133	2	
131	133	3	
131	134	-2	
128	134	3	
128	135	2	
130	135	4	
384	389	-3	
386	389	-3	
386	450	-1	
450	455	-2	
448	455	-2	
384	448	2	
17	23	4	
19	23	3	
19	83	-3	
83	85	3	
81	85	4	
17	81	3	
192	199	3	
193	199	-2	
193	257	2	
257	262	3	
256	262	-3	
192	256	-2	
320	325	3	
322	325	4	
322	327	-3	
323	327	2	
323	326	2	
320	326	3	
280	284	-2	
282	284	3	
282	285	-1	
283	285	3	
283	287	-3	
280	287	2	
201	204	3	
204	212	-1	
210	212	-3	
210	214	3	
206	214	2	
201	206	-1	
146	148	4	
147	148	2	
147	150	3	
145	150	1	
145	151	3	
146	151	-1	
33	36	3	
35	36	2	
35	38	2	
34	38	-3	
34	39	3	
33	39	-3	
8	12	3	
9	12	-3	
9	15	2	
11	15	3	
11	13	2	
8	13	-2	
194	197	-3	
195	197	-1	
195	259	-2	
259	261	1	
258	261	-4	
194	258	-2	
65	68	1	
66	68	3	
66	71	2	
67	71	3	
67	70	-3	
65	70	2	
265	268	2	
267	268	1	
267	269	4	
266	269	2	
266	270	2	
265	270	-3	
458	461	-3	
459	461	2	
459	462	3	
457	462	1	
457	463	5	
458	463	1	
240	244	2	
243	244	2	
243	246	3	
242	246	1	
242	247	2	
240	247	-2	
337	341	2	
341	349	-1	
344	349	3	
344	351	-2	
343	351	-1	
337	343	4	
393	397	-2	
394	397	-3	
394	399	3	
392	399	3	
392	398	2	
393	398	-4	
232	236	2	
234	236	-2	
234	238	-2	
235	238	-4	
235	239	-2	
232	239	-4	
433	436	3	
434	436	-3	
434	438	3	
435	438	-2	
435	437	2	
433	437	-3	
371	372	-2	
372	380	-4	
376	380	-2	
376	382	-2	
374	382	3	
371	374	-2	
41	46	2	
42	46	-3	
42	106	-3	
106	110	3	
105	110	-2	
41	105	3	
184	188	-2	
185	188	2	
185	190	2	
186	190	-3	
186	189	2	
184	189	-3	
465	470	1	
470	478	2	
474	478	2	
474	479	3	
471	479	1	
465	471	-3	
224	229	-3	
227	229	2	
227	230	-3	
226	230	-1	
226	231	3	
224	231	3	
160	164	2	
164	172	2	
170	172	3	
170	174	-2	
166	174	1	
160	166	2	
425	431	3	
426	431	3	
426	490	1	
490	493	3	
489	493	-3	
425	489	2	
203	205	3	
205	213	2	
208	213	-3	
208	215	-2	
207	215	1	
203	207	-1	
385	390	3	
387	390	-4	
387	451	1	
451	454	3	
449	454	2	
385	449	2	
1	4	-4	
3	4	-3	
3	6	-2	
0	6	3	
0	5	3	
1	5	1	
73	76	-1	
74	76	2	
74	138	-2	
138	143	-3	
137	143	2	
73	137	2	
354	358	2	
355	358	3	
355	419	2	
419	420	-3	
418	420	3	
354	418	2	
49	55	1	
51	55	4	
51	115	1	
115	116	-1	
113	116	-4	
49	113	-3	
98	100	2	
99	100	-3	
99	102	-1	
96	102	2	
96	103	-2	
98	103	3	
314	318	-1	
315	318	4	
315	379	2	
379	383	2	
378	383	-2	
314	378	-4	
16	20	-2	
18	20	-3	
18	22	2	
19	22	3	
19	21	1	
16	21	-3	
304	309	2	
307	309	-2	
307	310	-2	
306	310	1	
306	311	2	
304	311	-2	
144	149	-1	
149	157	2	
153	157	-4	
153	158	2	
150	158	3	
144	150	-3	
496	501	-2	
497	501	-2	
497	502	3	
499	502	-2	
499	503	1	
496	503	3	
440	444	-4	
443	444	-3	
443	447	2	
441	447	-2	
441	445	3	
440	445	-2	
408	412	-4	
409	412	3	
409	415	3	
410	415	-2	
410	413	-3	
408	413	1	
272	279	-3	
274	279	-2	
274	338	-2	
338	340	-2	
336	340	-3	
272	336	2	
361	364	-3	
364	372	2	
370	372	-1	
370	375	-4	
367	375	2	
361	367	2	
177	182	2	
178	182	3	
178	242	2	
242	245	3	
241	245	2	
177	241	3	
450	452	-2	
452	460	-2	
456	460	2	
456	461	-3	
453	461	-2	
450	453	2	
32	37	-4	
37	45	1	
40	45	-1	
40	47	-3	
39	47	1	
32	39	1	
200	205	-2	
202	205	2	
202	266	-1	
266	271	-2	
264	271	-1	
200	264	-1	
225	228	-1	
228	236	-3	
233	236	2	
233	237	-2	
229	237	-3	
225	229	-1	
75	78	2	
78	86	2	
82	86	2	
82	87	2	
79	87	-3	
75	79	2	
481	486	2	
486	494	2	
489	494	3	
489	495	2	
487	495	-3	
481	487	-3	
321	324	3	
324	332	2	
329	332	-3	
329	334	-3	
326	334	-1	
321	326	2	
152	156	-2	
154	156	1	
154	218	2	
218	222	-3	
216	222	-2	
152	216	2	
289	295	-1	
291	295	-2	
291	355	-2	
355	356	3	
353	356	-1	
289	353	-3	
25	30	1	
26	30	-3	
26	90	1	
90	93	2	
89	93	-2	
25	89	-2	
186	191	3	
187	191	4	
187	251	1	
251	254	-5	
250	254	3	
186	250	1	
64	69	-3	
65	69	-2	
65	129	-1	
129	132	-4	
128	132	2	
64	128	-2	
384	388	-2	
388	396	-2	
394	396	2	
391	399	2	
384	391	-3	
400	406	-2	
403	406	2	
403	467	4	
467	471	-4	
464	471	-2	
400	464	1	
114	117	-2	
117	125	4	
121	125	3	
118	126	3	
114	118	-2	
281	286	-3	
282	286	-2	
282	346	1	
346	350	4	
281	345	1	
104	109	1	
105	109	2	
105	169	1	
169	174	-4	
168	174	1	
104	168	2	
427	429	-4	
429	437	-1	
432	437	-2	
432	438	-2	
430	438	-1	
427	430	3	
2	5	4	
5	13	1	
10	13	3	
10	14	1	
6	14	1	
2	6	-2	
257	260	-2	
259	260	2	
259	263	3	
256	263	-3	
297	302	-1	
299	302	-2	
299	363	2	
363	364	-2	
297	361	-2	
160	165	1	
161	166	-2	
163	166	1	
163	167	-4	
160	167	2	
147	151	3	
147	211	-2	
211	215	-3	
209	215	-3	
145	209	2	
504	509	-2	
506	509	3	
505	510	-2	
505	511	-2	
57	61	2	
59	61	-3	
56	63	2	
56	62	-2	
57	62	3	
474	476	3	
475	476	4	
475	479	-3	
473	479	-2	
473	477	4	
474	477	-2	
192	196	2	
194	196	3	
193	197	-1	
193	198	-3	
192	198	1	
296	300	3	
300	308	1	
305	310	2	
302	310	1	
296	302	3	
347	348	2	
348	356	1	
354	356	2	
354	357	2	
349	357	1	
347	349	-4	
73	79	2	
74	79	-1	
138	142	-2	
137	142	3	
368	374	2	
371	435	-2	
435	439	3	
432	439	1	
368	432	-2	
106	108	1	
108	116	-2	
112	116	-1	
111	119	2	
106	111	2	
312	317	-3	
313	377	4	
377	383	2	
376	383	-3	
312	376	-2	
417	420	-2	
418	421	2	
416	421	-3	
416	422	-3	
397	405	-3	
402	405	2	
402	406	-2	
398	406	-2	
88	92	-2	
86	94	1	
80	86	-2	
184	190	3	
185	249	-1	
248	253	3	
184	248	-1	
209	212	2	
211	212	-1	
211	213	-3	
210	213	2	
209	214	-2	
163	164	3	
170	175	2	
167	175	1	
176	181	-2	
177	181	-3	
241	244	3	
176	240	-1	
281	284	-2	
283	284	1	
280	285	-1	
280	286	3	
43	46	-3	
46	54	2	
48	55	-1	
47	55	-3	
43	47	-2	
330	334	-2	
334	342	2	
338	342	3	
338	343	-1	
335	343	1	
225	230	-3	
230	238	2	
231	239	2	
225	231	3	
18	21	-3	
21	29	-1	
26	29	-2	
26	31	3	
23	31	-1	
18	23	-1	
35	37	-1	
35	99	-3	
99	103	-3	
32	96	3	
12	20	-2	
16	22	-2	
14	22	-2	
9	14	2	
448	452	-2	
449	452	-3	
449	453	2	
451	453	2	
451	455	-3	
410	412	-2	
410	414	3	
411	415	-1	
408	415	-3	
323	324	3	
323	325	2	
320	327	2	
321	327	2	
424	429	2	
425	429	2	
425	430	-3	
426	430	-3	
424	431	-2	
148	156	1	
153	156	-2	
146	149	-3	
217	220	2	
216	223	-2	
216	221	-2	
458	460	2	
460	468	-2	
464	468	-3	
464	470	3	
462	470	-1	
458	462	3	
265	271	3	
267	271	2	
267	331	2	
329	333	-3	
265	329	1	
386	388	2	
387	388	1	
387	391	-2	
385	391	-2	
385	389	2	
66	69	3	
67	69	1	
67	131	2	
66	130	-1	
290	292	-2	
291	292	1	
291	294	1	
288	294	3	
491	493	-2	
491	494	2	
488	494	-2	
488	495	-2	
490	495	2	
442	444	-1	
441	446	3	
401	404	-1	
402	404	-3	
402	466	1	
465	469	1	
401	465	-4	
273	277	-1	
275	278	-1	
272	278	2	
273	279	3	
483	484	3	
480	485	-2	
480	486	1	
482	486	3	
179	180	-2	
180	188	-2	
187	188	-3	
183	191	2	
195	196	1	
196	204	2	
201	207	3	
199	207	2	
195	199	-3	
497	500	1	
505	508	3	
505	509	-3	
501	509	-2	
369	375	2	
370	434	-2	
434	439	2	
433	439	1	
369	433	-2	
101	109	-2	
107	109	-1	
107	110	2	
102	110	2	
97	102	-1	
42	44	3	
44	52	1	
45	53	2	
42	45	3	
301	309	1	
306	309	3	
303	311	1	
298	303	-2	
28	36	-2	
34	36	2	
30	38	-3	
27	30	-3	
64	68	-3	
68	76	-2	
72	76	-2	
72	78	-1	
70	78	-2	
64	70	1	
136	142	2	
139	142	-2	
139	203	-2	
203	206	3	
200	206	2	
136	200	-3	
258	260	2	
260	268	2	
264	268	-3	
264	269	-1	
261	269	2	
168	173	-1	
169	173	2	
169	233	-2	
232	237	1	
168	232	1	
246	254	2	
251	255	2	
247	255	2	
243	247	3	
115	117	4	
123	125	1	
115	118	-2	
350	358	-1	
353	358	-2	
353	359	-1	
351	359	1	
346	351	4	
91	95	-3	
154	159	2	
90	154	-1	
313	316	-3	
314	316	-2	
378	382	-2	
377	382	-3	
392	396	3	
393	396	-1	
393	457	-1	
456	463	1	
392	456	-2	
499	501	-3	
498	502	-3	
17	22	-1	
18	82	-1	
82	85	-1	
0	4	-2	
3	5	1	
226	228	-3	
227	228	3	
224	230	-2	
226	229	-1	
11	12	2	
10	15	4	
56	60	2	
56	61	3	
409	413	1	
411	475	1	
475	478	2	
473	478	1	
409	473	-2	
116	124	-1	
119	127	2	
113	119	1	
129	133	1	
133	141	-1	
139	143	2	
135	143	-2	
129	135	-2	
337	340	1	
339	343	-2	
339	341	2	
336	341	-2	
363	365	-2	
363	427	-1	
426	428	-1	
362	426	1	
352	358	2	
419	421	3	
352	416	1	
378	380	-1	
379	380	3	
379	443	-1	
442	447	-3	
378	442	1	
89	92	-1	
92	100	-1	
97	100	2	
93	101	1	
283	347	2	
344	348	-3	
280	344	-2	
310	318	-3	
312	318	1	
311	319	3	
307	311	-1	
403	407	2	
144	208	-2	
244	252	2	
249	252	-3	
245	253	-2	
234	239	1	
234	298	1	
298	302	-3	
232	296	-2	
24	29	-2	
29	37	-1	
33	37	2	
33	38	-1	
24	30	-2	
77	85	-1	
83	87	2	
322	326	-2	
323	387	1	
386	390	-2	
322	386	1	
477	485	-1	
481	485	2	
478	486	-1	
472	478	2	
157	165	2	
162	166	2	
158	166	2	
41	44	-3	
105	108	1	
104	108	-3	
3	67	-2	
65	71	1	
1	65	3	
130	132	-1	
129	134	-2	
181	189	-2	
182	190	2	
268	276	-1	
270	278	2	
264	270	1	
454	462	2	
459	463	3	
455	463	2	
195	198	-3	
257	263	-2	
371	373	2	
435	436	1	
432	436	1	
292	300	1	
295	303	-1	
288	295	-2	
136	143	1	
138	202	2	
202	204	-2	
200	204	1	
49	54	2	
113	118	2	
112	118	2	
48	112	-3	
506	508	-1	
507	508	1	
331	332	2	
328	335	-2	
219	221	2	
217	222	-2	
481	484	2	
484	492	-1	
490	492	3	
170	173	2	
171	174	1	
169	175	-1	
179	182	-1	
179	243	2	
243	245	1	
81	84	-1	
82	84	2	
82	146	2	
145	149	2	
81	145	-1	
251	252	-1	
250	255	-2	
89	94	3	
94	102	-1	
98	102	1	
95	103	1	
89	95	2	
208	214	1	
290	354	-1	
353	357	2	
265	269	-1	
267	270	-1	
425	428	-2	
123	124	2	
123	187	1	
187	189	1	
185	189	-2	
121	185	1	
409	414	1	
369	374	-2	
370	374	-1	
433	438	-1	
308	316	-1	
314	317	2	
309	317	-1	
26	28	-1	
31	39	2	
320	324	2	
400	405	-2	
394	398	1	
8	14	-2	
9	73	2	
73	77	-2	
8	72	1	
377	441	1	
440	446	-1	
376	440	-1	
41	45	1	
51	53	-1	
41	47	-1	
275	339	-1	
234	237	-1	
235	237	-3	
233	238	-2	
16	23	2	
83	86	-2	
16	80	1	
88	93	-2	
91	93	3	
155	156	-3	
74	78	2	
66	70	-2	
461	469	-1	
162	164	2	
163	227	1	
162	226	1	
192	197	2	
256	261	-2	
352	356	2	
356	364	-3	
363	367	-1	
396	404	-2	
402	407	-2	
399	407	1	
281	285	-2	
285	293	1	
291	293	-3	
287	295	1	
281	287	2	
58	63	1	
161	167	2	
161	225	-1	
160	224	1	
186	188	-1	
176	183	2	
345	349	-1	
347	351	2	
473	476	-1	
472	479	-1	
120	125	2	
115	119	-2	
496	500	1	
497	503	-2	
418	422	2	
418	482	1	
416	480	2	
154	158	1	
151	159	-2	
144	151	-1	
137	141	-2	
138	141	-1	
202	207	-2	
137	201	1	
272	276	2	
276	284	-2	
278	286	-1	
32	38	1	
96	100	-1	
333	341	-1	
336	342	-2	
368	372	2	
379	382	2	
365	373	2	
370	373	2	
437	445	2	
442	445	2	
439	447	2	
419	483	2	
417	481	-1	
13	21	1	
17	21	-1	
15	23	1	
64	71	-1	
131	132	-3	
49	52	1	
50	114	-3	
114	116	1	
107	108	2	
107	171	-1	
171	172	-1	
168	172	3	
212	220	-1	
216	220	2	
214	222	2	
315	319	-2	
305	311	-1	
492	500	-1	
499	500	2	
493	501	-1	
456	462	2	
450	454	-1	
507	511	3	
440	504	1	
299	300	2	
467	468	-2	
467	470	1	
466	470	-2	
464	469	1	
259	262	-2	
25	28	-2	
0	64	-2	
243	307	-1	
242	306	-1	
426	429	-1	
427	431	-1	
193	196	2	
385	388	-1	
209	213	1	
213	221	-1	
215	223	-2	
240	245	2	
240	246	2	
273	337	1	
336	343	1	
130	134	-2	
134	142	-1	
19	20	-2	
11	14	2	
96	101	-2	
106	109	-1	
457	460	2	
266	268	-1	
266	330	2	
328	334	2	
264	328	1	
346	348	-1	
144	148	-2	
145	148	1	
208	212	-2	
436	444	1	
441	444	1	
34	98	-1	
297	301	1	
361	365	1	
43	45	-2	
40	46	-2	
177	180	2	
404	412	1	
407	415	-1	
451	452	1	
448	454	2	
448	453	2	
75	76	1	
170	234	1	
222	230	1	
223	231	1	
59	123	1	
120	126	-1	
56	120	-1	
434	498	-2	
496	502	2	
432	496	2	
375	383	1	
371	375	-1	
163	165	1	
159	167	-1	
153	159	1	
353	417	-1	
390	398	1	
393	399	-1	
386	391	1	
184	191	1	
506	511	1	
504	510	2	
203	204	-1	
200	207	-1	
290	295	-1	
24	88	-1	
277	285	2	
279	287	-1	
80	85	-1	
81	86	1	
313	318	1	
401	406	1	
490	494	-1	
488	493	1	
2	66	-1	
263	271	1	
258	263	1	
52	60	-1	
55	63	-1	
156	164	1	
155	158	1	
241	246	2	
241	305	-1	
240	304	-1	
235	236	1	
10	74	2	
74	77	1	
32	36	1	
34	37	-1	
17	20	1	
338	341	2	
408	414	-1	
109	117	1	
105	111	1	
282	287	-1	
128	133	1	
168	175	-2	
428	436	-1	
431	439	1	
202	206	1	
198	206	1	
194	198	2	
314	319	-1	
1	6	-2	
121	127	-1	
262	270	1	
258	262	1	
178	181	-1	
211	275	-1	
274	276	1	
210	274	-1	
289	293	-2	
355	357	-2	
233	239	-1	
233	297	1	
296	303	2	
49	53	1	
53	61	1	
58	61	1	
54	62	-1	
491	495	-1	
482	487	-1	
152	157	-1	
154	157	1	
73	78	-1	
392	397	-1	
389	397	1	
306	308	-1	
307	308	1	
307	371	1	
306	370	2	
321	325	1	
226	290	1	
224	288	1	
438	446	-1	
9	13	-1	
69	77	-1	
72	79	-1	
71	79	1	
248	254	-1	
197	205	1	
369	372	-1	
155	219	1	
153	217	1	
416	420	1	
433	497	-2	
80	144	1	
110	118	-1	
408	472	1	
2	4	-1	
362	364	-2	
394	458	1	
172	180	-1	
178	183	1	
405	413	-1	
406	414	1	
304	310	1	
33	97	-1	
257	261	1	
90	94	1	
467	469	1	
443	445	-1	
440	447	-1	
272	277	1	
449	455	1	
242	244	1	
241	247	1	
218	223	-1	
59	60	1	
271	279	1	
387	389	-1	
483	486	1	
11	75	-1	
152	158	1	
283	286	-1	
100	108	-1	
103	111	1	
48	52	-1	
112	117	-1	
176	182	-1	
174	182	1	
329	335	-1	
327	335	-1	
305	309	-1	
465	468	1	
329	393	-1	
328	392	1	
354	359	-1	
210	215	1	
249	254	-1	
251	253	-1	
457	461	1	
227	291	1	
225	289	-1	
67	68	-1	
411	412	1	
412	420	-1	
Energy:	-1734	
