NumberOfQubits	504	
NumberOfSubgraphs	672	
Serial	244	
PlantedSolution:	
0	-1	
1	-1	
2	-1	
3	-1	
4	1	
5	1	
6	1	
8	-1	
9	1	
10	-1	
11	-1	
12	-1	
13	-1	
14	1	
15	-1	
16	-1	
17	-1	
18	1	
19	1	
20	-1	
21	-1	
22	1	
23	1	
24	1	
25	-1	
26	1	
27	-1	
28	1	
29	1	
30	1	
31	-1	
32	-1	
33	-1	
34	1	
35	-1	
36	1	
37	1	
38	-1	
39	-1	
40	-1	
41	1	
42	1	
43	1	
44	-1	
45	-1	
46	-1	
47	-1	
48	-1	
49	-1	
50	1	
51	1	
52	1	
53	-1	
54	-1	
55	1	
56	1	
57	-1	
58	-1	
59	-1	
60	-1	
61	-1	
62	1	
63	-1	
64	1	
65	-1	
66	-1	
67	1	
68	1	
69	1	
70	-1	
71	1	
72	-1	
73	-1	
74	1	
75	-1	
76	-1	
77	1	
78	1	
79	1	
80	-1	
81	1	
82	-1	
83	-1	
84	1	
85	-1	
86	-1	
87	-1	
88	-1	
89	-1	
90	-1	
91	-1	
92	-1	
93	-1	
94	1	
95	1	
96	1	
97	1	
98	1	
99	-1	
100	1	
101	-1	
102	-1	
103	1	
104	-1	
105	-1	
106	-1	
107	-1	
108	1	
109	-1	
110	-1	
111	-1	
112	-1	
113	-1	
114	-1	
115	1	
116	-1	
117	1	
118	1	
119	1	
120	-1	
121	-1	
123	1	
124	1	
125	1	
126	-1	
127	1	
128	1	
129	1	
130	-1	
131	-1	
132	-1	
133	1	
134	1	
135	-1	
136	1	
137	-1	
138	-1	
139	-1	
141	-1	
142	1	
143	-1	
144	1	
145	-1	
146	1	
147	-1	
148	-1	
149	1	
150	-1	
151	1	
152	-1	
153	1	
154	1	
155	1	
156	-1	
157	-1	
158	-1	
159	-1	
160	1	
161	1	
162	1	
163	1	
164	1	
165	-1	
166	-1	
167	1	
168	1	
169	-1	
170	-1	
171	1	
172	-1	
173	-1	
174	1	
175	1	
176	1	
177	-1	
178	1	
179	-1	
180	-1	
181	1	
182	1	
183	-1	
184	-1	
185	1	
186	1	
187	1	
188	1	
189	-1	
190	-1	
191	-1	
192	-1	
193	-1	
194	1	
195	-1	
196	1	
197	1	
198	1	
199	-1	
200	-1	
201	1	
202	-1	
203	1	
204	-1	
205	1	
206	1	
207	-1	
208	1	
209	1	
210	1	
211	-1	
212	-1	
213	1	
214	-1	
215	-1	
216	-1	
217	-1	
218	1	
219	-1	
220	1	
221	1	
222	1	
223	-1	
224	1	
225	-1	
226	-1	
227	-1	
228	1	
229	-1	
230	1	
231	1	
232	-1	
233	-1	
234	1	
235	-1	
236	1	
237	1	
238	-1	
239	-1	
240	-1	
241	1	
242	1	
243	-1	
244	1	
245	1	
246	1	
247	-1	
248	1	
249	-1	
250	-1	
251	1	
252	1	
253	1	
254	-1	
255	1	
256	1	
257	-1	
258	1	
259	-1	
260	-1	
261	1	
262	1	
263	-1	
264	-1	
265	1	
266	1	
267	1	
268	-1	
269	1	
270	-1	
271	1	
272	-1	
273	1	
274	-1	
275	1	
276	-1	
277	-1	
278	-1	
279	1	
280	1	
281	1	
282	1	
283	-1	
284	1	
285	-1	
286	-1	
287	1	
288	-1	
289	-1	
290	-1	
291	1	
292	1	
293	1	
294	1	
295	-1	
296	1	
297	1	
298	1	
299	-1	
300	1	
301	-1	
302	1	
303	-1	
304	-1	
305	-1	
306	1	
307	-1	
308	-1	
309	-1	
310	1	
311	-1	
312	-1	
313	1	
314	1	
315	1	
316	-1	
317	-1	
318	1	
319	-1	
320	-1	
321	-1	
322	-1	
323	-1	
324	1	
325	1	
326	1	
327	1	
328	1	
329	-1	
330	-1	
331	-1	
332	-1	
333	1	
334	1	
335	1	
336	-1	
337	1	
338	-1	
339	-1	
340	-1	
341	-1	
342	1	
343	-1	
344	-1	
345	-1	
346	-1	
347	1	
348	1	
349	1	
350	1	
351	1	
352	-1	
353	-1	
354	-1	
355	1	
356	1	
357	-1	
358	1	
359	1	
361	1	
362	1	
363	-1	
364	-1	
365	-1	
367	-1	
368	-1	
369	1	
370	-1	
371	1	
372	-1	
373	1	
374	1	
375	-1	
376	-1	
377	-1	
378	1	
379	-1	
380	-1	
382	-1	
383	-1	
384	-1	
385	-1	
386	1	
387	-1	
388	1	
389	1	
390	-1	
391	-1	
392	-1	
393	-1	
394	-1	
396	-1	
397	1	
398	1	
399	1	
400	1	
401	-1	
402	1	
403	1	
404	1	
405	1	
406	1	
407	-1	
408	1	
409	1	
410	1	
411	-1	
412	1	
413	-1	
414	1	
415	1	
416	1	
417	1	
418	-1	
419	1	
420	1	
421	-1	
422	-1	
424	-1	
425	1	
426	-1	
427	1	
428	1	
429	-1	
430	-1	
431	-1	
432	1	
433	1	
434	-1	
435	1	
436	1	
437	1	
438	1	
439	1	
440	-1	
441	1	
442	-1	
443	-1	
444	-1	
445	-1	
446	1	
447	-1	
448	-1	
449	-1	
450	1	
451	1	
452	-1	
453	-1	
454	-1	
455	1	
456	-1	
457	1	
458	1	
459	-1	
460	1	
461	1	
462	-1	
463	-1	
464	1	
465	-1	
466	-1	
467	-1	
468	-1	
469	-1	
470	-1	
471	1	
472	-1	
473	-1	
474	1	
475	-1	
476	-1	
477	1	
478	-1	
479	1	
480	-1	
481	-1	
482	-1	
483	-1	
484	1	
485	-1	
486	-1	
487	-1	
488	-1	
489	1	
490	-1	
491	-1	
492	1	
493	-1	
494	1	
495	-1	
496	-1	
497	-1	
498	1	
499	1	
500	1	
501	-1	
502	-1	
503	-1	
504	1	
505	-1	
506	1	
507	1	
508	-1	
509	-1	
510	1	
511	-1	
Js:	
298	300	-3	
300	308	-1	
304	308	-6	
304	309	-1	
301	309	-2	
298	301	4	
385	389	3	
387	389	-2	
387	451	2	
451	453	4	
449	453	-3	
385	449	-3	
201	207	6	
202	207	-2	
202	266	2	
266	269	-4	
265	269	-4	
201	265	1	
408	414	-3	
410	414	-4	
410	474	4	
474	477	-5	
472	477	3	
408	472	4	
33	37	4	
35	37	4	
35	39	-3	
34	39	3	
34	38	5	
33	38	-6	
434	436	5	
436	444	3	
440	444	-6	
440	445	-4	
437	445	4	
434	437	-3	
488	492	3	
490	492	5	
490	493	-2	
491	493	-3	
491	494	-4	
488	494	3	
10	13	-5	
13	21	1	
16	21	-4	
16	23	3	
15	23	3	
10	15	-3	
274	276	-3	
276	284	3	
281	284	-4	
281	287	-2	
279	287	2	
274	279	3	
185	188	-7	
186	188	-4	
186	189	5	
187	189	-3	
187	190	4	
185	190	2	
17	22	4	
19	22	-3	
19	83	3	
83	87	3	
81	87	6	
17	81	4	
104	108	3	
107	108	1	
107	111	-4	
105	111	-3	
105	109	-3	
104	109	3	
154	156	3	
155	156	3	
155	219	-5	
219	220	4	
218	220	-4	
154	218	-2	
80	84	3	
82	84	5	
82	146	2	
146	151	-3	
144	151	-7	
80	144	-1	
177	183	-3	
179	183	-2	
179	243	-3	
243	246	3	
241	246	-5	
177	241	-2	
2	4	4	
3	4	3	
3	5	4	
1	5	-4	
1	6	4	
2	6	3	
320	325	5	
325	333	-3	
329	333	3	
329	334	3	
326	334	3	
320	326	4	
250	252	-3	
251	252	-5	
251	315	-1	
315	316	4	
314	316	6	
250	314	3	
114	116	6	
115	116	3	
115	117	-2	
112	117	4	
112	118	3	
114	118	2	
73	76	2	
74	76	3	
74	78	-6	
72	78	4	
72	79	6	
73	79	3	
161	164	1	
162	164	-4	
162	166	3	
163	166	3	
163	167	-2	
161	167	-5	
194	197	-2	
195	197	3	
195	259	-2	
259	260	-3	
258	260	4	
194	258	1	
224	229	-3	
225	229	-3	
225	231	4	
226	231	4	
226	230	5	
224	230	-5	
400	405	-4	
401	405	5	
401	406	4	
403	406	-4	
403	407	2	
400	407	4	
339	340	-4	
340	348	3	
345	348	3	
345	349	4	
341	349	-3	
339	341	-4	
50	52	-4	
52	60	4	
57	60	-4	
57	61	-4	
53	61	2	
50	53	3	
40	44	-6	
41	44	4	
41	46	3	
43	46	3	
43	45	4	
40	45	2	
24	31	-4	
26	31	2	
26	90	3	
90	94	3	
88	94	4	
24	88	3	
208	213	-3	
211	213	3	
211	275	3	
275	278	3	
272	278	-2	
208	272	-2	
25	30	4	
27	30	5	
27	91	2	
91	93	-5	
89	93	-6	
25	89	-2	
66	68	5	
67	68	-4	
67	69	2	
64	69	-3	
64	70	5	
66	70	-4	
424	429	-3	
427	429	3	
427	431	2	
426	431	-4	
426	430	-2	
424	430	4	
170	175	4	
171	175	-2	
171	235	-2	
235	237	3	
234	237	-4	
170	234	4	
288	292	4	
289	292	4	
289	295	-4	
291	295	3	
291	294	-2	
288	294	3	
457	461	-3	
461	469	2	
466	469	-2	
466	471	3	
463	471	-2	
457	463	2	
475	476	-3	
476	484	2	
482	484	4	
482	487	-2	
479	487	3	
475	479	-2	
296	302	-4	
302	310	-2	
307	310	4	
307	311	-4	
303	311	1	
296	303	4	
497	500	5	
498	500	-3	
498	501	4	
496	501	3	
496	502	-4	
497	502	-4	
136	141	4	
139	141	-3	
139	142	5	
138	142	2	
138	143	6	
136	143	3	
368	372	-5	
371	372	4	
371	373	3	
369	373	-5	
369	374	-2	
368	374	6	
121	124	-3	
123	124	-6	
123	127	-3	
120	127	3	
120	126	-4	
121	126	-6	
96	100	-2	
99	100	6	
99	102	-2	
97	102	4	
97	101	4	
96	101	5	
169	172	-2	
172	180	-4	
176	180	3	
176	182	-3	
174	182	-1	
169	174	-4	
352	356	-4	
353	356	7	
353	358	2	
354	358	5	
354	359	3	
352	359	4	
128	134	-3	
129	134	-4	
129	193	-3	
193	198	3	
192	198	2	
128	192	3	
505	508	4	
506	508	3	
506	509	3	
504	509	3	
504	510	-5	
505	510	5	
458	460	-3	
460	468	1	
464	468	4	
464	470	4	
462	470	-1	
458	462	-3	
384	388	-1	
388	396	5	
393	396	-5	
393	399	2	
391	399	5	
384	391	-4	
376	380	-4	
379	380	-4	
379	383	-4	
377	383	-4	
377	382	-5	
376	382	-5	
264	271	4	
267	271	3	
267	331	3	
331	332	-2	
328	332	3	
264	328	2	
361	364	5	
363	364	-5	
363	365	-4	
362	365	5	
362	367	4	
361	367	3	
336	342	3	
342	350	-3	
344	350	3	
344	351	3	
343	351	3	
336	343	-5	
409	412	-3	
412	420	-3	
419	420	-4	
419	421	5	
413	421	2	
409	413	2	
435	438	-5	
438	446	3	
443	446	5	
443	447	-3	
439	447	2	
435	439	-3	
242	245	-4	
245	253	2	
248	253	-4	
248	255	-3	
247	255	3	
242	247	4	
210	214	5	
214	222	2	
217	222	5	
217	223	-3	
215	223	4	
210	215	5	
49	54	-3	
54	62	3	
59	62	-3	
59	63	-2	
55	63	3	
49	55	2	
147	149	6	
149	157	-2	
152	157	-4	
152	158	-4	
150	158	-5	
147	150	-4	
416	422	5	
417	422	-2	
417	481	4	
481	486	-3	
480	486	-4	
416	480	4	
8	12	-5	
11	12	-5	
11	15	-3	
9	15	4	
9	14	-4	
8	14	-4	
280	285	5	
283	285	-4	
283	287	3	
282	287	-5	
282	286	4	
280	286	3	
227	228	-3	
228	236	-4	
232	236	3	
232	238	-3	
230	238	4	
227	230	2	
200	204	-3	
204	212	-1	
209	212	-3	
209	213	-4	
205	213	-2	
200	205	3	
257	261	4	
259	261	4	
259	263	-3	
256	263	3	
256	262	4	
257	262	4	
321	324	5	
323	324	3	
323	326	4	
322	326	1	
322	327	5	
321	327	-3	
312	317	-6	
315	317	2	
315	318	4	
313	318	-6	
313	319	4	
312	319	-4	
384	390	-4	
386	390	3	
386	450	-2	
450	455	-5	
448	455	4	
384	448	-3	
130	132	-5	
131	132	2	
131	135	-5	
128	135	3	
128	133	-5	
130	133	3	
328	335	-6	
330	335	3	
330	394	-1	
394	397	5	
392	397	-3	
328	392	1	
273	277	5	
274	277	-4	
274	338	2	
338	342	3	
337	342	-3	
273	337	-3	
409	415	-5	
411	415	3	
411	475	-4	
475	478	-6	
473	478	3	
409	473	2	
65	69	5	
69	77	-4	
75	77	5	
75	79	2	
71	79	-3	
65	71	3	
499	500	1	
500	508	3	
507	508	4	
507	511	4	
503	511	-4	
499	503	4	
106	110	-5	
110	118	1	
113	118	2	
113	119	4	
111	119	-1	
106	111	-1	
483	485	-4	
485	493	-2	
489	493	5	
489	495	2	
487	495	-2	
483	487	3	
145	148	5	
148	156	-3	
153	156	4	
153	159	5	
151	159	2	
145	151	3	
88	92	-4	
92	100	-1	
98	100	-4	
98	103	-4	
95	103	-2	
88	95	4	
305	309	-5	
306	309	4	
306	370	4	
370	375	-4	
369	375	3	
305	369	-2	
290	293	6	
291	293	-2	
291	355	-2	
355	357	3	
354	357	-2	
290	354	2	
32	36	5	
36	44	2	
42	44	3	
42	47	5	
39	47	-3	
32	39	4	
240	244	4	
244	252	-3	
249	252	3	
249	254	-3	
246	254	4	
240	246	-3	
18	20	5	
20	28	3	
26	28	-3	
26	29	-6	
21	29	-3	
18	21	2	
160	165	-1	
165	173	-2	
168	173	2	
168	174	-3	
166	174	3	
160	166	4	
233	239	-4	
235	239	-3	
235	299	-3	
299	300	4	
297	300	5	
233	297	2	
178	181	-2	
181	189	2	
184	189	-6	
184	191	3	
183	191	-3	
178	183	4	
402	404	-4	
403	404	-3	
403	467	-3	
467	468	-3	
466	468	-4	
402	466	2	
200	206	4	
203	206	-3	
203	267	-3	
267	268	4	
264	268	-2	
200	264	-2	
378	382	3	
378	442	3	
442	444	-5	
441	444	1	
377	441	-2	
425	428	-2	
428	436	-2	
432	436	-5	
432	439	-3	
431	439	-3	
425	431	4	
449	452	-5	
452	460	3	
456	460	3	
456	462	3	
454	462	-3	
449	454	-4	
217	220	3	
218	222	-4	
216	222	-4	
216	221	4	
217	221	3	
83	84	4	
83	86	-4	
81	86	3	
81	85	-2	
82	85	-5	
192	196	3	
194	196	3	
194	198	-4	
195	198	4	
195	199	-3	
192	199	-5	
56	61	4	
59	61	-4	
59	123	2	
123	125	-5	
120	125	2	
56	120	-3	
346	348	2	
347	348	-4	
347	411	-2	
411	413	-2	
410	413	4	
346	410	1	
51	52	-4	
58	60	-5	
58	63	-5	
51	55	5	
459	461	4	
465	469	-5	
465	471	4	
459	463	-4	
137	141	-3	
137	143	-5	
266	270	3	
270	278	-2	
272	279	3	
271	279	3	
266	271	-3	
389	397	-5	
393	397	2	
393	398	4	
390	398	3	
387	390	-4	
425	429	-1	
429	437	2	
433	437	-4	
433	438	-3	
430	438	3	
425	430	5	
48	53	-4	
51	53	2	
51	115	-3	
112	116	-3	
48	112	-3	
418	422	-6	
418	482	3	
482	486	-3	
0	5	4	
2	5	3	
2	66	-4	
64	68	-1	
0	64	-4	
256	260	-4	
258	322	2	
322	325	3	
256	320	1	
494	502	1	
496	503	-2	
495	503	-1	
488	495	3	
211	212	-4	
275	277	4	
209	273	-2	
338	341	-2	
344	349	2	
338	343	-3	
89	94	1	
94	102	-2	
98	102	3	
89	95	2	
280	284	-3	
283	284	3	
281	285	-5	
281	286	1	
201	206	2	
206	214	1	
207	215	-2	
106	108	3	
107	110	-2	
107	109	-5	
472	476	-4	
473	476	-4	
473	477	-3	
474	479	-4	
472	479	3	
75	76	-4	
75	78	2	
74	77	-3	
73	77	2	
305	308	-3	
305	310	3	
306	310	-1	
306	311	-5	
304	311	-3	
232	239	-3	
297	303	-2	
232	296	3	
42	45	2	
40	46	4	
40	47	-2	
243	244	-3	
243	245	2	
240	247	-4	
17	20	-1	
18	22	4	
16	22	2	
17	23	3	
146	148	4	
147	148	-2	
145	150	-5	
145	149	2	
146	149	-5	
440	447	-4	
441	447	5	
441	505	4	
440	504	-3	
3	6	6	
3	67	3	
67	70	3	
65	70	-3	
1	65	3	
25	28	3	
27	28	3	
24	30	-3	
25	31	-5	
329	332	-4	
330	332	-4	
330	334	3	
331	334	5	
331	335	-2	
329	335	4	
357	365	-3	
359	367	-2	
355	359	-2	
162	167	2	
162	226	3	
226	229	-5	
161	225	1	
184	190	-3	
186	190	4	
186	250	2	
250	253	5	
184	248	-3	
370	372	1	
371	375	4	
371	374	-3	
289	353	-4	
288	352	-2	
402	405	-2	
402	407	-2	
400	406	-3	
442	446	2	
443	507	4	
506	511	4	
442	506	-3	
153	157	4	
154	157	-1	
154	158	4	
152	159	-1	
448	452	3	
451	452	2	
451	454	3	
450	454	4	
314	319	1	
314	378	-3	
378	383	-3	
376	383	-4	
312	376	-3	
185	191	5	
187	191	2	
187	251	-5	
251	254	3	
185	249	4	
179	180	-6	
179	181	3	
173	181	3	
169	173	4	
11	14	3	
9	13	5	
8	13	-3	
129	132	3	
130	134	3	
131	134	3	
129	135	4	
35	36	4	
35	99	-3	
99	101	4	
32	96	4	
193	196	4	
196	204	4	
203	204	3	
203	205	2	
197	205	-4	
193	197	3	
385	388	2	
394	396	-3	
394	399	-4	
385	391	-4	
50	54	2	
50	114	4	
114	119	2	
49	113	-4	
417	421	4	
419	483	3	
483	484	-3	
481	484	4	
160	164	-4	
163	164	-6	
163	227	-3	
227	231	4	
224	231	-2	
160	224	-3	
293	301	2	
299	301	-2	
299	302	2	
294	302	4	
290	294	4	
261	269	-3	
265	270	4	
262	270	2	
426	428	3	
427	428	-4	
427	491	3	
491	492	4	
426	490	-3	
168	175	-3	
234	238	-4	
168	232	3	
435	436	1	
435	499	-3	
499	501	5	
434	498	4	
80	85	-3	
85	93	-2	
91	94	3	
86	94	3	
80	86	-4	
56	62	-2	
57	62	4	
57	121	-1	
408	412	-3	
418	420	4	
414	422	-1	
213	221	-3	
219	221	4	
219	223	-3	
208	215	2	
320	324	3	
321	325	2	
323	325	3	
323	327	3	
320	327	-2	
336	340	-3	
337	341	4	
337	343	4	
465	468	-2	
465	470	-3	
467	470	-5	
467	471	3	
464	471	2	
34	36	1	
113	117	3	
113	177	-1	
177	182	5	
112	176	-1	
347	349	-3	
347	350	-1	
346	350	-5	
346	351	3	
345	351	3	
313	317	2	
314	317	5	
392	398	4	
394	398	2	
394	458	-1	
458	463	4	
456	463	-5	
392	456	-4	
432	437	2	
433	497	4	
432	496	3	
24	29	-3	
90	92	-4	
73	137	2	
137	142	4	
136	142	-3	
72	136	2	
0	4	4	
4	12	2	
10	12	3	
5	13	1	
298	362	-3	
362	364	3	
297	361	-2	
225	228	5	
233	236	4	
233	237	4	
229	237	-3	
378	380	4	
379	443	1	
443	445	-4	
442	445	-3	
241	247	2	
243	247	-1	
243	307	2	
241	305	3	
216	223	-1	
218	223	2	
218	282	2	
280	287	-2	
216	280	1	
41	47	3	
43	47	3	
43	107	2	
41	105	-2	
265	268	4	
268	276	-2	
275	276	2	
275	279	-2	
265	271	-3	
355	358	-5	
475	477	1	
477	485	2	
480	485	-5	
478	486	1	
144	150	1	
155	158	-1	
155	159	2	
17	21	-4	
19	21	2	
365	373	3	
370	373	3	
367	375	3	
363	367	-4	
424	431	-3	
425	489	-3	
488	493	-4	
424	488	-3	
131	133	-4	
131	195	-2	
194	199	4	
130	194	2	
164	172	-1	
171	172	5	
171	173	3	
163	165	2	
459	460	5	
453	461	3	
187	188	-2	
251	255	-3	
249	255	4	
401	404	2	
404	412	-2	
411	412	-2	
407	415	3	
401	407	-4	
58	61	-2	
58	62	4	
48	54	-5	
116	124	3	
121	127	3	
119	127	-5	
115	119	-4	
67	71	-4	
64	71	-3	
501	509	-3	
505	509	-2	
505	511	1	
386	388	-5	
387	388	-3	
387	391	-3	
177	180	1	
178	182	-4	
176	181	-4	
202	204	3	
203	207	3	
201	205	-3	
202	205	4	
328	333	-3	
331	333	4	
393	457	3	
457	462	3	
258	261	-2	
259	262	3	
258	263	4	
97	103	-2	
96	103	-3	
114	117	2	
117	125	-4	
123	126	2	
118	126	4	
408	413	-2	
409	414	-2	
408	415	-3	
72	76	-2	
403	405	2	
402	406	-5	
267	270	-2	
264	269	3	
489	492	-2	
490	495	-4	
491	495	-2	
489	494	-4	
144	149	-2	
147	211	2	
208	212	3	
144	208	-3	
22	30	-2	
23	31	2	
18	23	-3	
309	317	-1	
311	319	-3	
284	292	-2	
290	292	1	
285	293	2	
242	244	-5	
248	252	-2	
248	254	-2	
242	246	-1	
220	228	2	
224	228	-2	
222	230	-1	
417	420	-3	
420	428	-2	
424	428	3	
421	429	-2	
167	175	-2	
160	167	-2	
59	60	-3	
50	55	-3	
474	476	1	
472	478	-2	
377	380	-2	
379	382	-4	
507	509	3	
506	510	-3	
344	348	-3	
339	342	3	
37	45	-2	
41	45	4	
38	46	-3	
322	324	4	
321	326	4	
89	92	-4	
90	95	-2	
91	95	3	
128	132	4	
298	302	-3	
298	303	3	
295	303	-2	
288	295	-3	
448	453	-4	
451	455	-5	
448	454	-4	
369	372	2	
42	106	-2	
104	110	-3	
40	104	-2	
272	276	-4	
273	276	-2	
273	278	3	
274	278	-3	
272	277	-2	
441	446	-3	
482	485	-2	
481	487	-4	
146	210	-2	
209	214	2	
145	209	3	
138	202	-2	
202	206	3	
136	200	2	
98	162	-1	
162	165	3	
161	165	-6	
97	161	-1	
155	157	3	
152	216	-4	
466	470	-3	
464	469	3	
1	4	5	
0	6	4	
82	87	-1	
237	245	-1	
240	245	3	
239	247	2	
234	239	1	
354	418	3	
352	416	2	
8	15	-3	
235	238	-4	
296	301	-2	
363	427	-2	
427	430	2	
361	425	-1	
283	286	3	
283	347	3	
347	351	-3	
282	346	2	
16	20	-4	
27	29	3	
433	439	-3	
434	439	2	
308	316	-2	
313	316	3	
310	318	-4	
304	310	-2	
133	141	2	
135	143	-1	
392	396	-2	
386	389	-5	
105	108	4	
106	170	-2	
170	174	3	
105	169	-2	
332	340	-2	
338	340	-3	
333	341	1	
330	333	-2	
57	63	-3	
355	356	2	
353	357	-2	
227	229	-2	
182	190	-1	
186	191	3	
33	36	3	
66	69	2	
257	263	-2	
193	257	-2	
152	156	-3	
154	159	3	
457	460	-3	
459	462	-3	
458	461	-5	
249	253	4	
251	253	1	
250	254	-2	
250	255	3	
49	53	-3	
51	54	2	
120	124	4	
121	125	5	
307	309	-3	
192	197	2	
199	207	-3	
272	336	-3	
10	14	3	
14	22	1	
19	23	-4	
129	133	2	
134	142	-1	
426	429	3	
470	478	-2	
473	479	2	
471	479	-2	
100	108	-2	
103	111	4	
99	103	-1	
234	236	-3	
260	268	-1	
266	268	3	
256	261	-3	
78	86	1	
79	87	-1	
411	414	3	
345	409	2	
442	447	-2	
323	387	-2	
385	390	-2	
321	385	-2	
43	44	2	
290	295	-2	
497	501	-3	
499	502	3	
498	502	2	
498	503	3	
497	503	2	
26	30	-2	
27	31	-3	
115	118	4	
306	308	2	
368	373	-2	
304	368	-1	
144	148	-2	
147	151	1	
480	484	1	
483	486	-3	
480	487	-2	
210	212	-2	
400	404	-4	
450	452	3	
281	345	3	
345	350	1	
280	344	4	
32	37	3	
34	37	-2	
34	98	3	
96	102	2	
227	291	2	
291	292	-3	
225	289	-2	
362	426	1	
176	183	4	
241	245	-4	
176	240	1	
440	446	1	
504	511	3	
264	270	-3	
352	357	-3	
361	365	3	
76	84	-1	
77	85	1	
410	412	-3	
371	435	-1	
369	433	2	
107	171	2	
104	168	2	
278	286	-3	
258	262	-3	
263	271	-2	
130	135	-3	
153	217	1	
10	74	2	
73	78	2	
9	73	-3	
198	206	-3	
292	300	-2	
297	301	4	
288	293	3	
339	403	-2	
337	401	1	
49	52	4	
113	116	-2	
19	20	4	
16	80	3	
56	60	2	
56	63	-3	
467	469	2	
419	422	2	
178	180	4	
178	242	-2	
28	36	1	
31	39	-2	
282	284	3	
346	349	3	
496	500	4	
88	93	-1	
93	101	-1	
315	319	2	
211	214	-3	
138	141	-3	
139	143	-3	
105	110	-2	
170	173	-2	
372	380	-2	
374	382	-1	
334	342	1	
353	417	1	
416	421	3	
257	260	-4	
192	256	1	
45	53	-2	
47	55	2	
232	237	-1	
299	303	-4	
441	445	-1	
507	510	-1	
502	510	-2	
18	82	2	
48	52	-1	
355	419	-2	
236	244	-1	
68	76	-4	
66	71	1	
405	413	-2	
468	476	-2	
469	477	2	
455	463	-1	
104	111	3	
168	172	3	
322	386	1	
210	213	-1	
157	165	-2	
159	167	3	
435	437	-1	
266	330	-1	
364	372	-2	
265	329	2	
286	294	2	
287	295	2	
42	46	4	
504	508	2	
177	181	4	
179	182	-2	
312	318	-2	
225	230	1	
307	308	-2	
484	492	-2	
11	75	-2	
384	389	1	
450	453	-2	
486	494	2	
370	374	2	
370	434	-2	
396	404	-1	
398	406	-1	
108	116	1	
109	117	1	
106	109	-3	
195	196	-2	
201	204	2	
350	358	-3	
351	359	-3	
141	149	1	
142	150	-1	
474	478	2	
226	290	-1	
289	293	-1	
275	339	-2	
169	175	3	
65	68	2	
24	28	-3	
184	188	3	
33	39	-1	
356	364	-1	
139	203	2	
48	55	3	
397	405	-1	
399	407	1	
87	95	-3	
481	485	-1	
112	119	-2	
102	110	-3	
344	408	1	
216	220	2	
320	384	1	
8	72	-1	
336	341	-2	
208	214	3	
443	444	-1	
169	233	-1	
296	300	-1	
315	379	-3	
313	377	3	
299	363	1	
392	399	-2	
137	201	2	
200	207	2	
401	465	-2	
400	464	1	
212	220	-1	
193	199	-1	
161	166	2	
84	92	2	
83	85	1	
240	304	-1	
432	438	-2	
35	38	-2	
97	100	-1	
33	97	-2	
349	357	3	
352	358	1	
224	288	1	
324	332	1	
327	335	1	
153	158	1	
337	340	-1	
248	312	-2	
267	269	-1	
348	356	-1	
11	13	-1	
218	221	-2	
209	215	2	
98	101	1	
25	29	-2	
91	155	-2	
90	154	1	
328	334	-1	
80	87	-2	
269	277	-1	
12	20	1	
82	86	-1	
83	147	1	
170	172	-1	
171	174	-2	
449	455	-1	
456	461	-1	
75	139	-1	
91	92	-1	
231	239	-1	
307	371	1	
74	79	1	
74	138	1	
297	302	-1	
312	316	-1	
375	383	-1	
368	375	1	
217	281	1	
339	343	-1	
338	402	1	
158	166	-1	
211	215	-1	
90	93	-1	
410	415	-2	
490	494	2	
289	294	1	
354	356	1	
44	52	1	
46	54	1	
273	279	1	
233	238	-1	
406	414	-1	
259	323	1	
223	231	1	
368	432	-1	
6	14	-1	
72	77	-1	
89	153	1	
70	78	1	
235	236	1	
210	274	1	
101	109	-1	
81	84	-1	
29	37	-1	
Energy:	-2918	
