NumberOfQubits	504	
NumberOfSubgraphs	588	
Serial	116	
PlantedSolution:	
0	1	
1	-1	
2	-1	
3	1	
4	1	
5	-1	
6	-1	
8	-1	
9	1	
10	1	
11	-1	
12	-1	
13	-1	
14	-1	
15	1	
16	-1	
17	-1	
18	-1	
19	-1	
20	-1	
21	-1	
22	-1	
23	1	
24	-1	
25	-1	
26	1	
27	-1	
28	-1	
29	1	
30	1	
31	1	
32	1	
33	1	
34	-1	
35	1	
36	1	
37	-1	
38	1	
39	1	
40	1	
41	-1	
42	-1	
43	1	
44	1	
45	1	
46	-1	
47	1	
48	-1	
49	1	
50	-1	
51	1	
52	-1	
53	1	
54	1	
55	1	
56	-1	
57	-1	
58	1	
59	-1	
60	-1	
61	-1	
62	-1	
63	1	
64	-1	
65	-1	
66	1	
67	-1	
68	1	
69	-1	
70	1	
71	1	
72	-1	
73	-1	
74	1	
75	-1	
76	1	
77	1	
78	-1	
79	1	
80	1	
81	-1	
82	-1	
83	-1	
84	1	
85	-1	
86	-1	
87	1	
88	-1	
89	-1	
90	-1	
91	1	
92	1	
93	-1	
94	1	
95	-1	
96	-1	
97	-1	
98	-1	
99	-1	
100	1	
101	1	
102	-1	
103	-1	
104	-1	
105	1	
106	-1	
107	1	
108	-1	
109	1	
110	1	
111	-1	
112	-1	
113	1	
114	-1	
115	-1	
116	-1	
117	-1	
118	1	
119	1	
120	1	
121	-1	
123	-1	
124	1	
125	-1	
126	-1	
127	1	
128	1	
129	-1	
130	-1	
131	-1	
132	1	
133	-1	
134	1	
135	-1	
136	-1	
137	1	
138	-1	
139	1	
141	-1	
142	-1	
143	-1	
144	-1	
145	-1	
146	-1	
147	1	
148	1	
149	-1	
150	1	
151	-1	
152	1	
153	-1	
154	-1	
155	-1	
156	1	
157	1	
158	-1	
159	1	
160	-1	
161	-1	
162	-1	
163	1	
164	1	
165	-1	
166	1	
167	1	
168	1	
169	1	
170	1	
171	1	
172	-1	
173	-1	
174	-1	
175	1	
176	-1	
177	-1	
178	1	
179	-1	
180	1	
181	1	
182	1	
183	-1	
184	-1	
185	-1	
186	-1	
187	1	
188	1	
189	-1	
190	-1	
191	-1	
192	-1	
193	1	
194	-1	
195	1	
196	-1	
197	1	
198	-1	
199	1	
200	-1	
201	1	
202	-1	
203	-1	
204	1	
205	-1	
206	-1	
207	1	
208	-1	
209	-1	
210	-1	
211	-1	
212	1	
213	1	
214	-1	
215	1	
216	-1	
217	1	
218	1	
219	-1	
220	1	
221	1	
222	-1	
223	1	
224	1	
225	1	
226	-1	
227	1	
228	-1	
229	-1	
230	1	
231	1	
232	1	
233	-1	
234	1	
235	1	
236	-1	
237	-1	
238	1	
239	-1	
240	-1	
241	1	
242	1	
243	-1	
244	1	
245	1	
246	-1	
247	-1	
248	-1	
249	1	
250	1	
251	1	
252	1	
253	1	
254	1	
255	1	
256	-1	
257	1	
258	-1	
259	-1	
260	-1	
261	-1	
262	-1	
263	-1	
264	1	
265	-1	
266	-1	
267	-1	
268	-1	
269	-1	
270	1	
271	-1	
272	-1	
273	-1	
274	-1	
275	-1	
276	-1	
277	1	
278	-1	
279	1	
280	1	
281	1	
282	-1	
283	1	
284	-1	
285	-1	
286	-1	
287	-1	
288	1	
289	-1	
290	-1	
291	-1	
292	-1	
293	1	
294	1	
295	-1	
296	-1	
297	1	
298	1	
299	1	
300	-1	
301	1	
302	1	
303	-1	
304	1	
305	1	
306	1	
307	1	
308	1	
309	1	
310	-1	
311	1	
312	-1	
313	1	
314	1	
315	1	
316	1	
317	1	
318	1	
319	-1	
320	1	
321	-1	
322	-1	
323	-1	
324	1	
325	-1	
326	-1	
327	-1	
328	1	
329	-1	
330	1	
331	-1	
332	1	
333	1	
334	1	
335	1	
336	-1	
337	1	
338	1	
339	-1	
340	1	
341	1	
342	-1	
343	1	
344	1	
345	1	
346	1	
347	1	
348	1	
349	1	
350	-1	
351	-1	
352	1	
353	1	
354	-1	
355	1	
356	-1	
357	1	
358	-1	
359	-1	
361	1	
362	1	
363	1	
364	1	
365	1	
367	1	
368	-1	
369	-1	
370	-1	
371	-1	
372	-1	
373	1	
374	-1	
375	-1	
376	-1	
377	-1	
378	-1	
379	-1	
380	-1	
382	-1	
383	-1	
384	1	
385	-1	
386	1	
387	1	
388	1	
389	-1	
390	-1	
391	-1	
392	-1	
393	1	
394	1	
396	1	
397	1	
398	-1	
399	-1	
400	1	
401	1	
402	1	
403	-1	
404	1	
405	-1	
406	-1	
407	1	
408	-1	
409	-1	
410	1	
411	1	
412	-1	
413	1	
414	1	
415	-1	
416	1	
417	-1	
418	-1	
419	1	
420	1	
421	-1	
422	-1	
424	1	
425	-1	
426	1	
427	1	
428	1	
429	1	
430	-1	
431	1	
432	-1	
433	-1	
434	1	
435	1	
436	1	
437	-1	
438	-1	
439	-1	
440	-1	
441	1	
442	1	
443	-1	
444	-1	
445	1	
446	-1	
447	-1	
448	1	
449	1	
450	1	
451	1	
452	-1	
453	1	
454	-1	
455	-1	
456	-1	
457	-1	
458	-1	
459	1	
460	1	
461	1	
462	1	
463	-1	
464	1	
465	1	
466	-1	
467	1	
468	1	
469	-1	
470	-1	
471	1	
472	-1	
473	-1	
474	1	
475	-1	
476	-1	
477	1	
478	1	
479	1	
480	-1	
481	1	
482	-1	
483	1	
484	1	
485	-1	
486	-1	
487	-1	
488	-1	
489	-1	
490	1	
491	1	
492	-1	
493	-1	
494	-1	
495	-1	
496	1	
497	-1	
498	1	
499	-1	
500	1	
501	-1	
502	-1	
503	-1	
504	1	
505	-1	
506	-1	
507	1	
508	1	
509	1	
510	1	
511	-1	
Js:	
402	404	-2	
403	404	3	
403	406	-3	
401	406	4	
401	405	3	
402	405	-3	
32	37	3	
33	37	3	
33	97	2	
97	103	-3	
96	103	-4	
32	96	3	
168	173	2	
171	173	4	
171	175	-4	
169	175	-3	
169	174	2	
168	174	-3	
289	293	4	
293	301	-6	
297	301	-1	
297	302	-3	
294	302	-3	
289	294	-4	
257	263	-3	
258	263	-3	
258	322	-1	
322	324	4	
321	324	4	
257	321	1	
456	460	2	
459	460	1	
459	461	-4	
457	461	4	
457	463	-3	
456	463	-5	
464	468	-1	
467	468	3	
467	471	-3	
466	471	4	
466	469	-3	
464	469	4	
9	14	4	
14	22	-2	
19	22	-5	
19	23	-2	
15	23	-4	
9	15	-3	
224	228	4	
228	236	-3	
233	236	-3	
233	238	2	
230	238	2	
224	230	-4	
472	476	-4	
475	476	3	
475	479	2	
474	479	-5	
474	478	-3	
472	478	1	
106	108	-3	
107	108	3	
107	110	-2	
104	110	2	
104	109	5	
106	109	-1	
498	501	5	
501	509	-2	
504	509	-5	
504	511	3	
503	511	-3	
498	503	4	
56	60	-3	
57	60	-2	
57	62	-4	
58	62	3	
58	63	-4	
56	63	4	
64	69	-4	
67	69	4	
67	131	-1	
131	134	5	
128	134	-2	
64	128	1	
265	268	-2	
268	276	-2	
274	276	-3	
274	278	-3	
270	278	2	
265	270	-3	
384	389	-5	
385	389	-3	
385	449	3	
449	453	-3	
448	453	-3	
384	448	-3	
81	84	3	
82	84	-2	
82	146	-1	
146	148	3	
145	148	2	
81	145	-1	
243	244	2	
244	252	3	
250	252	-4	
250	255	-4	
247	255	4	
243	247	-4	
488	492	-4	
491	492	3	
491	493	5	
489	493	2	
489	494	-3	
488	494	-2	
345	348	-4	
347	348	-4	
347	411	-3	
411	414	-4	
409	414	3	
345	409	-1	
209	212	5	
212	220	2	
219	220	4	
219	222	-4	
214	222	-2	
209	214	-1	
178	180	-4	
179	180	4	
179	181	4	
176	181	4	
176	182	2	
178	182	-4	
152	156	-3	
154	156	2	
154	158	-2	
153	158	5	
153	157	3	
152	157	-1	
312	316	3	
314	316	-3	
314	319	4	
313	319	-2	
313	318	-4	
312	318	3	
34	36	4	
36	44	-1	
40	44	-6	
40	47	4	
39	47	-2	
34	39	3	
281	285	-3	
282	285	-5	
282	287	-3	
283	287	5	
283	286	2	
281	286	3	
88	92	2	
91	92	-3	
91	95	4	
90	95	3	
90	93	-6	
88	93	-4	
329	332	4	
332	340	1	
336	340	5	
336	343	5	
335	343	-2	
329	335	4	
426	429	-3	
429	437	2	
433	437	-2	
433	439	3	
431	439	2	
426	431	-5	
442	444	1	
443	444	-3	
443	446	5	
441	446	3	
441	447	2	
442	447	3	
298	303	2	
299	303	3	
299	363	3	
363	364	-4	
362	364	-3	
298	362	-4	
368	374	-3	
371	374	-4	
371	435	2	
435	438	4	
432	438	-3	
368	432	1	
112	117	-3	
113	117	2	
113	118	-5	
114	118	3	
114	119	3	
112	119	-1	
192	198	4	
198	206	-2	
202	206	-4	
202	207	4	
199	207	-3	
192	199	2	
185	188	5	
186	188	2	
186	190	-4	
184	190	-3	
184	191	3	
185	191	-4	
25	28	-3	
26	28	5	
26	30	3	
27	30	2	
27	29	3	
25	29	3	
353	356	5	
354	356	-2	
354	358	-5	
355	358	2	
355	357	3	
353	357	-4	
306	308	-4	
307	308	-3	
307	309	-5	
305	309	2	
305	311	-3	
306	311	-3	
72	76	4	
74	76	2	
74	77	-4	
73	77	2	
73	79	3	
72	79	2	
416	420	-4	
419	420	-3	
419	483	4	
483	487	4	
480	487	-2	
416	480	2	
98	101	3	
99	101	4	
99	163	2	
163	164	-3	
162	164	4	
98	162	-3	
120	124	-5	
121	124	-3	
121	126	-5	
123	126	-3	
123	125	-3	
120	125	4	
376	380	-3	
378	380	-4	
378	383	-3	
379	383	-5	
379	382	3	
376	382	-5	
43	45	-2	
45	53	-2	
49	53	-2	
49	54	-3	
46	54	2	
43	46	-1	
208	213	3	
213	221	-3	
216	221	2	
216	223	1	
215	223	-3	
208	215	-3	
344	351	4	
346	351	4	
346	410	-4	
410	415	3	
408	415	-2	
344	408	-2	
137	141	4	
138	141	-3	
138	143	-2	
136	143	-6	
136	142	-3	
137	142	-2	
393	396	-4	
394	396	-3	
394	397	-3	
392	397	4	
392	398	-4	
393	398	4	
386	390	5	
387	390	2	
387	451	-4	
451	454	2	
450	454	3	
386	450	-4	
1	5	-4	
2	5	-4	
2	66	4	
66	68	-2	
65	68	5	
1	65	-3	
328	333	3	
333	341	-1	
339	341	3	
339	342	-3	
334	342	2	
328	334	-5	
193	196	4	
196	204	3	
203	204	4	
203	205	-4	
197	205	4	
193	197	4	
241	245	2	
245	253	-2	
249	253	-2	
249	254	-5	
246	254	3	
241	246	3	
497	500	4	
500	508	-1	
506	508	1	
506	510	4	
502	510	-2	
497	502	-3	
80	85	3	
83	85	-2	
83	147	1	
147	149	4	
144	149	-3	
80	144	-1	
256	260	3	
259	260	-3	
259	323	-1	
323	327	-2	
320	327	5	
256	320	1	
417	422	-5	
418	422	1	
418	482	-4	
482	484	3	
481	484	-5	
417	481	4	
226	229	-4	
227	229	5	
227	291	3	
291	295	-2	
290	295	5	
226	290	-1	
264	269	3	
269	277	3	
275	277	5	
275	279	3	
271	279	-1	
264	271	3	
11	12	3	
12	20	-2	
17	20	-5	
17	21	-3	
13	21	-4	
11	13	-4	
361	365	5	
365	373	-3	
369	373	3	
369	375	-3	
367	375	2	
361	367	-4	
160	165	-2	
163	165	5	
163	167	-2	
161	167	3	
161	166	2	
160	166	6	
232	239	4	
234	239	4	
234	298	-2	
298	300	3	
296	300	-3	
232	296	-2	
129	132	4	
130	132	4	
130	133	-4	
128	133	3	
128	135	4	
129	135	-4	
50	55	4	
51	55	-1	
51	115	3	
115	116	-2	
114	116	-3	
50	114	3	
425	428	3	
427	428	-5	
427	430	3	
424	430	6	
424	429	-3	
425	429	-4	
170	172	2	
171	172	1	
171	235	-2	
235	237	3	
234	237	5	
170	234	1	
369	372	-2	
370	372	3	
370	434	2	
434	436	-2	
433	436	3	
369	433	-1	
75	78	-2	
78	86	-2	
82	86	-3	
82	87	3	
79	87	3	
75	79	3	
41	46	-6	
42	46	-4	
42	106	-2	
106	111	-4	
105	111	4	
41	105	-2	
288	292	3	
291	292	-4	
291	355	-1	
355	359	5	
352	359	3	
288	352	-3	
89	92	5	
92	100	2	
98	100	2	
98	102	-3	
94	102	3	
89	94	3	
304	309	1	
309	317	-3	
315	317	-4	
315	318	-2	
310	318	3	
304	310	2	
1	4	4	
3	4	-5	
3	6	4	
0	6	4	
0	5	3	
184	189	-3	
187	189	5	
187	251	-3	
251	255	-2	
248	255	2	
184	248	-3	
266	269	-2	
267	269	-3	
267	331	-2	
331	333	3	
330	333	3	
266	330	3	
24	30	4	
30	38	-2	
35	38	-5	
35	39	-3	
31	39	2	
24	31	5	
400	407	-3	
401	407	-3	
401	465	-2	
465	470	3	
464	470	3	
400	464	-2	
145	150	4	
150	158	3	
155	158	-2	
155	159	4	
151	159	5	
145	151	3	
473	477	-5	
477	485	3	
481	485	1	
481	486	3	
478	486	2	
473	478	3	
48	52	-4	
52	60	-3	
59	60	4	
59	61	-3	
53	61	3	
48	53	3	
450	452	2	
452	460	-3	
458	460	5	
458	462	3	
454	462	3	
385	388	3	
388	396	-5	
393	399	4	
391	399	2	
385	391	-3	
272	276	-3	
276	284	-1	
280	284	-2	
280	286	3	
278	286	-1	
272	278	-4	
410	412	-2	
412	420	2	
418	420	3	
418	421	-4	
413	421	2	
410	413	-3	
377	380	5	
377	441	2	
441	445	-2	
440	445	5	
376	440	-1	
176	183	-3	
177	183	3	
177	241	4	
241	244	-2	
240	244	3	
176	240	-3	
273	277	3	
274	277	-2	
274	338	3	
338	340	-3	
337	340	-1	
273	337	3	
490	494	-4	
494	502	-1	
496	502	5	
496	503	2	
495	503	-1	
490	495	2	
194	198	-4	
195	198	2	
195	259	-1	
259	262	-3	
258	262	-3	
194	258	-1	
217	221	-3	
221	229	2	
225	229	2	
225	231	-2	
223	231	2	
217	223	-3	
200	206	-2	
206	214	-2	
211	214	-3	
211	215	2	
207	215	2	
200	207	3	
8	12	-4	
18	20	-4	
18	22	2	
8	14	-5	
346	349	-2	
349	357	-2	
354	357	-1	
350	358	-1	
346	350	2	
10	13	3	
16	21	-3	
16	23	3	
10	15	-5	
321	325	-4	
322	325	-4	
322	326	2	
320	326	5	
321	327	-3	
139	141	3	
139	203	2	
201	205	-1	
137	201	-3	
64	68	2	
67	68	-3	
67	70	3	
65	70	3	
65	71	3	
64	71	3	
505	508	4	
507	508	-5	
507	510	-3	
506	511	-5	
505	511	-3	
123	124	-2	
123	127	5	
121	127	2	
121	125	-2	
144	150	-2	
146	150	3	
146	210	-3	
210	213	3	
144	208	-4	
240	245	3	
242	245	-4	
242	246	2	
243	246	-3	
240	247	2	
384	391	1	
387	391	5	
451	455	-3	
448	455	4	
154	157	4	
154	218	2	
218	222	-4	
217	222	2	
153	217	3	
492	500	1	
499	500	5	
499	501	-2	
493	501	1	
488	493	-4	
192	196	-4	
193	257	-1	
257	261	4	
256	261	-3	
192	256	1	
290	293	4	
299	301	-2	
295	303	-3	
177	181	3	
181	189	2	
187	190	-1	
182	190	3	
177	182	3	
281	284	4	
282	284	-2	
280	285	2	
280	287	4	
281	287	-2	
43	44	-5	
44	52	1	
50	52	-2	
47	55	1	
43	47	-3	
96	102	-2	
102	110	-1	
105	110	-4	
103	111	-1	
26	29	-3	
24	29	2	
25	31	3	
400	404	3	
404	412	4	
408	412	-3	
407	415	3	
331	332	4	
331	334	3	
328	335	-3	
315	316	-3	
315	319	2	
313	317	-3	
312	317	1	
249	252	1	
251	252	-2	
251	253	-4	
248	253	3	
248	254	3	
442	445	-4	
443	447	-3	
440	446	-1	
56	61	-3	
57	61	2	
59	62	-4	
59	63	2	
465	468	-5	
466	468	-3	
466	470	-3	
467	470	3	
467	469	4	
465	469	3	
161	164	4	
162	165	2	
432	437	-2	
434	437	3	
434	439	1	
435	439	-2	
168	172	4	
169	172	4	
169	233	-1	
233	239	-3	
168	232	-2	
75	76	1	
76	84	2	
81	85	-4	
77	85	3	
75	77	5	
364	372	3	
368	372	-4	
368	375	1	
363	367	-4	
409	413	3	
411	413	-3	
411	475	3	
475	477	3	
409	473	-3	
424	428	-2	
426	428	-4	
427	431	-3	
266	268	-3	
267	268	-4	
267	270	2	
265	271	-3	
266	271	-3	
89	93	-3	
88	95	-4	
88	94	3	
225	228	4	
225	230	-4	
227	230	-3	
227	231	2	
224	231	-4	
130	134	3	
131	195	2	
195	197	-4	
194	197	2	
130	194	2	
345	349	-3	
347	349	-2	
347	350	4	
344	350	2	
345	351	-3	
51	54	-4	
115	119	4	
113	119	3	
49	113	-4	
288	294	-2	
289	353	1	
353	359	1	
480	485	4	
483	485	4	
482	487	-2	
482	486	-3	
480	486	-4	
35	36	-3	
32	38	5	
34	37	-3	
147	148	-4	
148	156	-4	
152	159	-3	
147	151	-1	
338	341	-2	
339	403	-3	
402	406	2	
338	402	-3	
304	308	-3	
305	308	-2	
305	310	4	
307	310	-3	
307	311	-1	
304	311	-4	
458	461	3	
459	463	-4	
457	462	3	
386	389	-1	
389	397	3	
390	398	-4	
72	78	-2	
74	78	2	
74	138	3	
72	136	3	
180	188	3	
183	191	-2	
178	183	4	
272	279	4	
273	279	-2	
337	343	-2	
272	336	-1	
99	100	2	
100	108	-3	
104	108	-4	
101	109	-3	
0	4	2	
2	4	3	
66	69	4	
0	64	3	
370	374	-1	
374	382	-2	
375	383	-2	
370	375	-3	
16	22	-4	
19	83	3	
83	86	-2	
80	86	2	
16	80	3	
419	422	2	
417	421	-2	
416	421	2	
298	302	-2	
362	365	-2	
297	361	-3	
237	245	2	
238	246	-1	
235	238	-4	
408	414	2	
410	414	1	
410	474	-3	
472	479	5	
408	472	-3	
170	173	3	
171	174	2	
170	175	-4	
200	204	3	
201	204	2	
201	207	-3	
202	205	-2	
200	205	-2	
218	220	2	
216	222	-4	
218	221	-3	
112	116	-5	
115	118	-1	
115	117	-4	
145	149	-2	
147	211	3	
211	212	3	
145	209	-4	
448	452	2	
451	452	3	
449	455	4	
320	324	-4	
323	325	-4	
323	326	-5	
129	133	-2	
133	141	2	
139	143	2	
135	143	-1	
504	508	-3	
505	510	3	
505	509	2	
489	492	-1	
490	492	4	
490	493	-2	
491	495	2	
489	495	-3	
40	45	-1	
41	45	4	
42	47	4	
314	317	1	
314	378	3	
378	382	-1	
377	382	-3	
313	377	3	
258	260	-2	
258	261	-2	
257	262	3	
256	262	-3	
10	12	3	
11	14	-4	
432	436	-3	
434	498	-3	
496	501	3	
432	496	2	
289	292	-2	
292	300	-2	
296	302	2	
330	332	-2	
330	394	-1	
394	399	-4	
329	393	1	
306	309	-1	
307	371	-1	
371	373	2	
370	373	2	
306	370	3	
18	82	-3	
81	87	-1	
17	81	-3	
70	78	-4	
73	78	-2	
71	79	-2	
67	71	3	
162	167	-4	
162	226	-1	
226	231	5	
161	225	1	
3	5	3	
2	6	3	
91	93	1	
91	155	-1	
155	157	3	
90	154	-2	
476	484	2	
481	487	3	
479	487	-1	
33	36	-4	
34	98	1	
97	100	4	
275	276	-2	
275	339	-1	
338	342	-2	
262	270	2	
264	270	-3	
263	271	-3	
259	263	2	
131	132	1	
195	199	-4	
194	199	3	
185	190	-3	
186	250	3	
249	255	-2	
185	249	3	
400	405	3	
403	405	3	
403	467	1	
464	471	-4	
348	356	-1	
352	356	3	
352	357	-2	
120	126	2	
58	60	2	
55	63	-2	
48	55	-3	
435	437	4	
435	499	2	
499	503	-3	
497	503	1	
433	497	-3	
283	347	1	
344	348	-2	
280	344	-3	
138	142	-4	
138	202	-2	
201	206	3	
425	431	3	
450	453	-4	
453	461	-2	
456	461	2	
456	462	4	
441	444	3	
442	446	3	
384	388	-3	
210	215	3	
209	213	-2	
27	28	-2	
25	30	2	
176	180	2	
179	182	2	
232	236	3	
233	237	-3	
107	111	-4	
106	110	3	
8	13	-2	
9	13	3	
9	73	2	
73	76	3	
8	72	1	
83	84	4	
84	92	-1	
86	94	-1	
416	422	3	
414	422	-2	
296	301	4	
296	303	-3	
273	278	-2	
32	39	1	
35	99	2	
96	101	2	
283	284	3	
282	286	-3	
337	342	-3	
315	379	2	
376	383	-3	
312	376	-2	
144	148	-1	
155	156	3	
144	151	-3	
235	236	3	
129	193	1	
193	198	2	
128	192	1	
321	326	-1	
323	387	-1	
321	385	-1	
482	485	-2	
305	369	-3	
369	374	-2	
304	368	3	
355	356	1	
354	359	-3	
353	358	-2	
186	189	-3	
248	252	-2	
402	466	-1	
51	53	-2	
56	62	-3	
54	62	-2	
203	267	-2	
200	264	-3	
361	364	-2	
371	372	-2	
449	452	2	
458	463	-2	
455	463	-2	
179	243	-3	
241	247	-3	
166	174	2	
170	174	3	
167	175	2	
160	167	3	
152	158	2	
217	220	-3	
216	220	3	
152	216	4	
164	172	1	
165	173	1	
43	107	-3	
107	109	-3	
40	104	3	
425	430	-1	
425	489	-3	
488	495	-2	
424	488	-2	
27	31	3	
27	91	2	
24	88	-2	
507	509	3	
16	20	-1	
17	23	-3	
18	23	1	
18	21	-2	
112	118	3	
75	139	2	
139	142	3	
146	149	-2	
210	214	-3	
208	214	-3	
299	300	3	
362	367	-4	
436	444	4	
440	444	-3	
440	447	-3	
439	447	-3	
432	439	-3	
242	244	-3	
242	306	2	
240	304	1	
224	229	1	
224	288	1	
401	404	-2	
409	412	-2	
409	415	-2	
314	318	-2	
37	45	-2	
38	46	1	
33	38	-2	
386	388	-3	
392	396	2	
486	494	1	
491	494	3	
487	495	-2	
470	478	-2	
471	479	-2	
340	348	-3	
346	348	2	
343	351	3	
187	191	-3	
251	254	-2	
49	52	2	
49	55	-3	
50	53	2	
83	87	2	
80	87	-3	
81	86	2	
459	462	-3	
114	117	-2	
117	125	3	
119	127	-3	
194	196	2	
1	6	-3	
259	261	-4	
256	263	-3	
96	100	3	
97	102	-2	
99	102	-3	
99	103	1	
218	223	-2	
131	133	-3	
129	134	-3	
58	61	3	
57	63	4	
483	484	-1	
323	324	-1	
322	327	-3	
302	310	3	
303	311	-1	
297	303	2	
468	476	1	
473	476	-2	
341	349	-4	
344	349	1	
342	350	-4	
433	438	-2	
434	438	3	
498	502	-1	
136	141	-1	
141	149	-1	
142	150	-1	
250	253	1	
250	314	-1	
312	319	-4	
248	312	-1	
393	397	-1	
397	405	1	
402	407	-3	
399	407	1	
265	269	-4	
272	277	1	
219	283	1	
218	282	1	
352	358	2	
354	418	-2	
352	416	1	
42	45	3	
442	506	-2	
441	505	2	
68	76	-2	
64	70	1	
184	188	2	
187	188	-2	
19	21	-1	
118	126	2	
120	127	-2	
155	219	1	
288	293	-1	
289	295	2	
291	294	3	
106	170	1	
169	173	3	
105	169	1	
419	421	3	
483	486	1	
448	454	2	
449	454	-2	
97	101	2	
97	161	-1	
331	335	2	
329	334	-2	
330	334	-3	
368	373	2	
363	365	-2	
379	380	-2	
377	383	1	
406	414	2	
400	406	3	
385	390	-1	
387	389	2	
242	247	3	
243	307	1	
91	94	-3	
90	94	-1	
411	415	2	
11	15	2	
11	75	-1	
10	74	2	
257	260	2	
260	268	-2	
204	212	-1	
211	213	2	
205	213	-1	
435	436	-2	
437	445	-1	
153	159	2	
146	151	-2	
273	276	3	
337	341	-3	
392	399	-3	
394	458	1	
392	456	-1	
82	85	-2	
66	71	-3	
281	345	-2	
496	500	-2	
498	500	1	
499	502	-2	
160	164	-1	
161	165	-3	
163	166	-2	
507	511	2	
297	300	3	
227	228	1	
226	230	-1	
73	137	2	
137	143	3	
371	375	3	
324	332	-1	
328	332	-2	
325	333	1	
234	238	1	
232	238	-2	
48	54	-2	
113	116	2	
48	112	-2	
408	413	2	
472	477	1	
59	123	1	
57	121	-2	
128	132	-3	
131	135	2	
290	292	1	
193	199	-2	
98	103	2	
95	103	-3	
430	438	-2	
424	431	1	
149	157	-2	
386	391	3	
450	455	1	
339	340	1	
336	400	2	
277	285	2	
279	287	2	
201	265	2	
475	478	3	
172	180	2	
173	181	-1	
21	29	1	
22	30	1	
379	443	-2	
378	442	-1	
308	316	-2	
311	319	-2	
51	52	2	
134	142	1	
116	124	2	
107	171	-1	
168	175	-2	
104	168	-1	
208	212	2	
209	273	-1	
208	272	-1	
474	476	2	
421	429	-1	
422	430	-1	
264	268	-1	
267	271	-1	
266	270	2	
284	292	-2	
286	294	2	
202	204	1	
19	20	-1	
20	28	-1	
24	28	-1	
23	31	-1	
147	150	-1	
26	90	1	
90	92	1	
25	89	3	
497	501	3	
251	315	1	
249	313	-1	
42	44	1	
480	484	2	
211	275	-1	
275	278	-2	
210	274	1	
32	36	-2	
33	39	-3	
34	38	1	
329	333	3	
504	510	-2	
384	390	2	
219	223	3	
301	309	-2	
50	54	1	
174	182	2	
175	183	-1	
336	341	-1	
136	200	1	
426	490	-2	
56	120	-1	
474	477	-1	
290	294	2	
288	295	2	
9	12	-2	
313	316	1	
457	460	2	
186	191	-2	
179	183	-1	
105	109	-2	
203	207	-1	
80	84	-2	
3	67	2	
65	69	-2	
394	398	2	
235	299	-2	
233	297	-2	
427	429	1	
405	413	-1	
28	36	-2	
35	37	1	
29	37	2	
345	350	1	
451	453	-2	
355	419	-2	
417	420	2	
353	417	1	
261	269	1	
41	44	2	
427	491	-1	
74	79	-1	
226	228	-2	
465	471	-1	
240	246	-2	
209	215	-1	
72	77	2	
298	301	-1	
290	354	-1	
443	507	1	
484	492	-1	
219	221	1	
283	285	2	
156	164	1	
157	165	1	
411	412	1	
460	468	-1	
461	469	1	
192	197	2	
203	206	-1	
338	343	1	
339	343	1	
403	407	1	
236	244	1	
232	237	-1	
130	135	-1	
506	509	2	
440	504	1	
356	364	2	
357	365	-2	
154	159	2	
88	152	-1	
291	293	-1	
225	289	1	
330	335	2	
264	328	-1	
195	196	1	
185	189	1	
274	279	2	
234	236	-1	
231	239	1	
66	70	-1	
250	254	-1	
320	325	-1	
177	180	1	
243	245	1	
153	156	1	
426	430	1	
202	266	1	
210	212	1	
105	108	1	
306	310	1	
363	427	1	
362	426	-1	
469	477	1	
473	479	1	
326	334	1	
327	335	1	
10	14	1	
104	111	-1	
299	302	1	
Energy:	-2516	
