NumberOfQubits	504	
NumberOfSubgraphs	840	
Serial	285	
PlantedSolution:	
0	-1	
1	1	
2	-1	
3	1	
4	1	
5	1	
6	1	
8	-1	
9	-1	
10	-1	
11	-1	
12	1	
13	1	
14	1	
15	-1	
16	1	
17	-1	
18	-1	
19	1	
20	-1	
21	1	
22	-1	
23	1	
24	1	
25	-1	
26	1	
27	-1	
28	1	
29	-1	
30	1	
31	1	
32	1	
33	-1	
34	1	
35	-1	
36	-1	
37	1	
38	-1	
39	1	
40	-1	
41	-1	
42	1	
43	1	
44	1	
45	1	
46	1	
47	-1	
48	1	
49	-1	
50	1	
51	1	
52	-1	
53	-1	
54	1	
55	1	
56	-1	
57	1	
58	-1	
59	1	
60	-1	
61	1	
62	1	
63	-1	
64	-1	
65	-1	
66	-1	
67	1	
68	1	
69	1	
70	-1	
71	1	
72	1	
73	1	
74	1	
75	-1	
76	-1	
77	-1	
78	-1	
79	1	
80	1	
81	-1	
82	1	
83	-1	
84	-1	
85	1	
86	-1	
87	1	
88	-1	
89	1	
90	-1	
91	1	
92	-1	
93	1	
94	1	
95	-1	
96	1	
97	-1	
98	-1	
99	1	
100	1	
101	-1	
102	1	
103	1	
104	1	
105	1	
106	-1	
107	1	
108	-1	
109	-1	
110	1	
111	-1	
112	1	
113	-1	
114	-1	
115	-1	
116	1	
117	1	
118	1	
119	1	
120	-1	
121	1	
123	1	
124	1	
125	1	
126	-1	
127	-1	
128	1	
129	-1	
130	1	
131	-1	
132	1	
133	-1	
134	-1	
135	1	
136	-1	
137	-1	
138	-1	
139	1	
141	-1	
142	-1	
143	-1	
144	1	
145	1	
146	-1	
147	-1	
148	1	
149	1	
150	-1	
151	-1	
152	1	
153	-1	
154	-1	
155	-1	
156	-1	
157	-1	
158	-1	
159	-1	
160	-1	
161	-1	
162	-1	
163	-1	
164	1	
165	1	
166	1	
167	1	
168	1	
169	-1	
170	1	
171	1	
172	-1	
173	1	
174	1	
175	-1	
176	1	
177	1	
178	-1	
179	1	
180	1	
181	1	
182	-1	
183	-1	
184	1	
185	1	
186	1	
187	-1	
188	-1	
189	1	
190	-1	
191	-1	
192	1	
193	1	
194	1	
195	-1	
196	1	
197	1	
198	1	
199	-1	
200	-1	
201	1	
202	-1	
203	1	
204	1	
205	-1	
206	-1	
207	-1	
208	1	
209	1	
210	-1	
211	1	
212	1	
213	1	
214	1	
215	1	
216	-1	
217	-1	
218	-1	
219	-1	
220	-1	
221	1	
222	-1	
223	1	
224	1	
225	-1	
226	1	
227	1	
228	1	
229	-1	
230	-1	
231	-1	
232	1	
233	-1	
234	1	
235	1	
236	1	
237	-1	
238	1	
239	-1	
240	-1	
241	1	
242	-1	
243	1	
244	1	
245	1	
246	1	
247	1	
248	1	
249	1	
250	-1	
251	-1	
252	1	
253	-1	
254	1	
255	1	
256	1	
257	1	
258	1	
259	1	
260	-1	
261	-1	
262	-1	
263	-1	
264	-1	
265	-1	
266	1	
267	-1	
268	-1	
269	1	
270	1	
271	1	
272	1	
273	1	
274	1	
275	1	
276	1	
277	-1	
278	1	
279	1	
280	-1	
281	-1	
282	-1	
283	1	
284	-1	
285	1	
286	1	
287	-1	
288	1	
289	-1	
290	1	
291	-1	
292	1	
293	-1	
294	1	
295	1	
296	1	
297	-1	
298	-1	
299	-1	
300	1	
301	1	
302	-1	
303	1	
304	-1	
305	1	
306	1	
307	1	
308	1	
309	-1	
310	-1	
311	1	
312	-1	
313	1	
314	1	
315	-1	
316	1	
317	1	
318	1	
319	1	
320	-1	
321	1	
322	1	
323	1	
324	-1	
325	1	
326	1	
327	-1	
328	-1	
329	-1	
330	1	
331	-1	
332	-1	
333	1	
334	1	
335	-1	
336	-1	
337	1	
338	-1	
339	1	
340	-1	
341	1	
342	1	
343	-1	
344	1	
345	1	
346	1	
347	1	
348	1	
349	-1	
350	-1	
351	1	
352	-1	
353	1	
354	-1	
355	1	
356	1	
357	-1	
358	1	
359	1	
361	-1	
362	1	
363	1	
364	1	
365	1	
367	1	
368	1	
369	1	
370	1	
371	1	
372	-1	
373	1	
374	1	
375	1	
376	1	
377	1	
378	-1	
379	1	
380	1	
382	1	
383	-1	
384	1	
385	1	
386	-1	
387	-1	
388	-1	
389	1	
390	1	
391	1	
392	1	
393	-1	
394	-1	
396	1	
397	-1	
398	-1	
399	-1	
400	-1	
401	-1	
402	1	
403	-1	
404	-1	
405	-1	
406	-1	
407	-1	
408	-1	
409	-1	
410	-1	
411	1	
412	-1	
413	-1	
414	-1	
415	-1	
416	1	
417	-1	
418	1	
419	1	
420	-1	
421	-1	
422	-1	
424	1	
425	-1	
426	1	
427	1	
428	1	
429	1	
430	-1	
431	-1	
432	1	
433	1	
434	1	
435	1	
436	-1	
437	1	
438	-1	
439	1	
440	1	
441	-1	
442	1	
443	1	
444	-1	
445	-1	
446	-1	
447	1	
448	-1	
449	1	
450	-1	
451	-1	
452	1	
453	1	
454	1	
455	-1	
456	-1	
457	-1	
458	-1	
459	1	
460	-1	
461	1	
462	1	
463	1	
464	1	
465	1	
466	1	
467	-1	
468	-1	
469	-1	
470	1	
471	-1	
472	1	
473	-1	
474	1	
475	-1	
476	-1	
477	-1	
478	-1	
479	-1	
480	-1	
481	1	
482	-1	
483	1	
484	-1	
485	-1	
486	-1	
487	1	
488	1	
489	-1	
490	1	
491	1	
492	1	
493	1	
494	1	
495	1	
496	1	
497	-1	
498	-1	
499	-1	
500	1	
501	1	
502	1	
503	1	
504	-1	
505	-1	
506	1	
507	1	
508	1	
509	1	
510	-1	
511	1	
Js:	
128	133	5	
133	141	-3	
136	141	-3	
136	142	6	
134	142	-3	
128	134	5	
250	252	7	
251	252	6	
251	255	5	
248	255	-4	
248	253	5	
250	253	4	
291	294	6	
294	302	3	
297	302	-6	
297	303	3	
295	303	-3	
291	295	5	
48	55	-6	
50	55	-6	
50	114	6	
114	119	4	
112	119	-5	
48	112	-5	
336	341	-2	
338	341	6	
338	342	3	
339	342	-4	
339	343	6	
336	343	-4	
193	198	-4	
194	198	5	
194	258	-2	
258	263	5	
257	263	5	
193	257	-3	
226	228	-5	
228	236	-5	
234	236	-4	
234	239	5	
231	239	-4	
226	231	3	
449	452	-4	
452	460	2	
458	460	-4	
458	461	5	
453	461	-4	
449	453	-7	
201	204	-7	
202	204	5	
202	206	-4	
203	206	5	
203	205	-5	
201	205	2	
265	268	-3	
267	268	-5	
267	331	-3	
331	332	-5	
329	332	-2	
265	329	-4	
346	348	-4	
347	348	-4	
347	349	4	
344	349	5	
344	350	4	
346	350	4	
464	469	5	
469	477	-2	
472	477	5	
472	478	2	
470	478	2	
464	470	4	
24	29	7	
27	29	-5	
27	91	5	
91	95	3	
88	95	5	
24	88	3	
497	500	6	
498	500	5	
498	503	6	
499	503	5	
499	502	5	
497	502	4	
8	13	-5	
13	21	-4	
18	21	3	
18	23	5	
15	23	4	
8	15	-5	
49	52	-5	
52	60	-4	
57	60	5	
57	62	5	
54	62	-3	
49	54	7	
98	100	4	
100	108	4	
107	108	-5	
107	109	5	
101	109	-3	
98	101	-4	
273	276	-5	
275	276	-5	
275	278	-4	
274	278	-5	
274	277	5	
273	277	5	
168	173	-5	
170	173	-5	
170	174	-2	
171	174	-5	
171	175	6	
168	175	4	
304	309	-2	
305	309	4	
305	369	-3	
369	373	-7	
368	373	-4	
304	368	-3	
282	284	-5	
283	284	-4	
283	287	6	
281	287	-5	
281	286	5	
282	286	4	
242	244	5	
243	244	-6	
243	246	-5	
241	246	-3	
241	247	3	
242	247	3	
505	508	7	
507	508	2	
507	509	-6	
504	509	5	
504	510	-4	
505	510	-5	
74	78	4	
75	78	4	
75	139	2	
139	143	6	
138	143	-5	
74	138	3	
433	436	4	
435	436	4	
435	439	-3	
434	439	-5	
434	437	-4	
433	437	2	
66	68	5	
67	68	-4	
67	131	-1	
131	132	5	
130	132	-7	
66	130	1	
386	388	2	
387	388	-5	
387	391	5	
384	391	-4	
384	390	-3	
386	390	4	
176	180	-3	
180	188	2	
185	188	3	
185	191	-7	
183	191	-4	
176	183	6	
81	84	-4	
83	84	3	
83	86	-6	
82	86	4	
82	87	-4	
81	87	7	
208	213	-5	
209	213	-4	
209	214	5	
211	214	-3	
211	215	-2	
208	215	-5	
144	148	-5	
146	148	4	
146	150	-6	
145	150	3	
145	151	4	
144	151	5	
97	102	5	
99	102	-3	
99	163	3	
163	167	3	
161	167	4	
97	161	2	
353	356	-4	
354	356	4	
354	358	-4	
355	358	-5	
355	359	-5	
353	359	-2	
394	397	-3	
397	405	-2	
402	405	-4	
402	407	4	
399	407	-2	
394	399	-6	
120	124	5	
121	124	-5	
121	127	2	
123	127	8	
123	125	-3	
120	125	-4	
0	4	5	
1	4	-6	
1	65	4	
65	71	5	
64	71	-3	
0	64	-5	
34	36	4	
35	36	-4	
35	38	-7	
33	38	4	
33	39	4	
34	39	-5	
424	428	-5	
426	428	-4	
426	429	-7	
425	429	-3	
425	430	-5	
424	430	4	
378	382	5	
379	382	-6	
379	443	-3	
443	447	-5	
442	447	-3	
378	442	-2	
480	484	-5	
484	492	-5	
490	492	-6	
490	494	-3	
486	494	4	
480	486	-3	
113	118	2	
115	118	6	
115	179	-1	
179	182	6	
177	182	2	
113	177	2	
152	156	4	
154	156	-4	
154	158	-6	
153	158	-3	
153	157	-4	
152	157	-2	
307	308	-6	
308	316	5	
313	316	-4	
313	318	-4	
310	318	1	
307	310	4	
10	12	2	
12	20	3	
17	20	-3	
17	22	-4	
14	22	3	
10	14	6	
409	413	-4	
413	421	3	
417	421	-2	
417	422	-4	
414	422	-4	
409	414	-6	
467	468	-5	
468	476	-2	
473	476	-4	
473	479	-5	
471	479	2	
467	471	-6	
393	396	3	
396	404	-1	
401	404	-3	
401	406	-2	
398	406	-1	
393	398	-5	
418	420	3	
419	420	5	
419	483	-5	
483	485	4	
482	485	-4	
418	482	4	
41	44	4	
43	44	-4	
43	45	-6	
42	45	1	
42	46	-7	
41	46	3	
376	380	-4	
377	380	-7	
377	441	2	
441	445	-5	
440	445	-4	
376	440	-3	
320	325	5	
321	325	2	
321	327	6	
323	327	2	
323	326	-5	
320	326	6	
217	220	-4	
218	220	-7	
218	222	-4	
219	222	-4	
219	223	4	
217	223	-1	
289	292	3	
292	300	-4	
296	300	-7	
296	301	-6	
293	301	-4	
289	293	-4	
264	271	4	
266	271	2	
266	330	-3	
330	334	-4	
328	334	5	
264	328	-4	
225	229	-4	
229	237	-5	
232	237	4	
232	238	-6	
230	238	-4	
225	230	-4	
448	454	4	
454	462	-3	
456	462	4	
456	463	5	
455	463	-3	
448	455	-3	
25	30	4	
26	30	-5	
26	90	3	
90	92	-4	
89	92	5	
25	89	3	
361	364	7	
364	372	2	
371	372	4	
371	375	-4	
367	375	-2	
361	367	8	
192	196	-6	
195	196	1	
195	259	3	
259	262	5	
256	262	-4	
192	256	-2	
73	76	5	
74	76	4	
74	77	-4	
72	77	5	
72	79	-3	
73	79	-5	
56	60	-4	
59	60	5	
59	61	1	
58	61	8	
58	63	-5	
56	63	-3	
161	164	4	
162	164	5	
162	165	7	
160	165	3	
160	166	-4	
161	166	5	
96	102	-5	
102	110	-3	
106	110	-3	
106	111	-5	
103	111	6	
96	103	-3	
306	309	4	
309	317	4	
315	317	3	
315	319	-4	
311	319	-4	
306	311	-4	
424	431	5	
427	431	4	
427	491	-4	
491	495	-3	
488	495	-5	
424	488	-5	
298	301	4	
299	301	2	
299	363	2	
363	365	-7	
362	365	7	
298	362	2	
178	181	-5	
181	189	-4	
186	189	-6	
186	190	7	
182	190	-2	
178	182	-4	
410	412	-3	
411	412	4	
411	415	5	
408	415	-6	
408	413	-3	
410	413	-3	
345	349	4	
349	357	-3	
352	357	-3	
352	359	6	
351	359	2	
345	351	-6	
104	110	-3	
105	110	-3	
105	169	-1	
169	172	-4	
168	172	3	
104	168	-4	
152	159	2	
155	159	-5	
155	219	2	
219	221	5	
216	221	5	
152	216	4	
240	245	-5	
245	253	3	
249	253	5	
249	254	-2	
246	254	-5	
240	246	1	
2	6	7	
3	6	-4	
3	67	-3	
67	69	-4	
66	69	4	
2	66	-4	
16	20	6	
19	20	-4	
19	83	3	
83	85	3	
80	85	-7	
16	80	-3	
272	279	-5	
273	279	-4	
273	337	3	
337	340	4	
336	340	-5	
272	336	4	
193	197	-5	
197	205	5	
200	205	-4	
200	207	-5	
199	207	-5	
193	199	4	
489	493	5	
493	501	1	
496	501	-5	
496	502	-5	
494	502	-1	
489	494	4	
368	374	5	
370	374	-3	
370	434	-2	
434	438	2	
432	438	5	
368	432	-2	
40	45	3	
45	53	-2	
51	53	6	
51	55	-3	
47	55	1	
40	47	-4	
321	324	6	
322	324	5	
322	386	2	
386	389	3	
385	389	-3	
321	385	1	
146	149	2	
147	149	3	
147	211	3	
211	212	-5	
210	212	4	
146	210	-3	
257	260	4	
260	268	-4	
266	268	5	
266	269	-7	
261	269	4	
257	261	3	
129	133	-4	
137	141	-6	
137	143	-4	
135	143	-2	
129	135	6	
224	231	-5	
226	290	-3	
290	293	4	
288	293	3	
224	288	-3	
416	422	3	
417	481	5	
481	487	-5	
480	487	4	
416	480	4	
24	28	-4	
28	36	3	
32	36	5	
32	39	-4	
31	39	-2	
24	31	-3	
312	317	6	
314	317	-3	
314	378	5	
378	383	-5	
376	383	5	
312	376	-4	
120	126	-4	
123	126	-5	
123	187	1	
187	190	-4	
184	190	5	
120	184	3	
442	446	-3	
443	446	3	
443	507	-2	
507	511	-4	
506	511	-4	
442	506	-3	
402	404	4	
403	404	-5	
403	406	-6	
400	406	-4	
400	405	-6	
475	476	-4	
475	479	-4	
474	479	4	
474	478	7	
473	478	4	
264	270	4	
265	270	4	
329	333	-5	
328	333	5	
464	468	6	
466	468	4	
466	469	3	
465	469	6	
465	471	5	
464	471	3	
88	92	-4	
90	94	-4	
91	94	-6	
91	93	-2	
88	93	4	
233	237	-3	
235	237	5	
235	299	-2	
299	302	-4	
233	297	-4	
448	452	-6	
451	452	5	
451	455	-5	
450	455	-5	
450	454	6	
457	460	-4	
459	460	6	
459	463	-6	
457	462	4	
274	276	-3	
276	284	4	
280	284	-4	
280	285	7	
277	285	-3	
8	12	-3	
9	12	5	
9	13	5	
11	13	3	
11	15	-2	
113	116	-5	
115	116	4	
115	119	3	
112	117	-4	
113	117	5	
0	5	7	
1	5	3	
65	70	-4	
64	70	-4	
160	164	3	
163	164	-5	
163	227	3	
227	230	2	
224	230	5	
160	224	4	
436	444	-4	
440	444	3	
440	447	-4	
439	447	-4	
433	439	3	
26	29	5	
29	37	2	
33	37	4	
30	38	3	
330	332	-4	
332	340	-2	
337	343	4	
335	343	-3	
330	335	5	
384	388	2	
388	396	7	
392	396	-6	
392	397	5	
389	397	-5	
384	389	-8	
352	356	5	
354	418	3	
418	421	5	
416	421	5	
352	416	-3	
204	212	-1	
208	212	-4	
207	215	-2	
201	207	3	
177	180	-6	
186	188	3	
177	181	-5	
305	310	5	
307	371	-3	
371	373	-5	
243	245	-2	
240	247	5	
496	503	1	
497	501	4	
106	108	-5	
107	171	-2	
171	172	4	
170	172	5	
106	170	3	
485	493	3	
491	493	-4	
487	495	-4	
483	487	-5	
408	412	-5	
409	412	-4	
410	414	-4	
410	415	-4	
32	37	-7	
35	37	3	
35	99	-5	
99	101	3	
96	101	3	
32	96	-4	
306	308	-5	
312	316	4	
312	319	3	
42	44	-6	
43	47	4	
40	46	-4	
194	196	-6	
258	262	4	
425	428	5	
427	429	-6	
425	431	3	
283	285	-3	
283	286	-5	
280	287	3	
504	508	3	
506	510	5	
504	511	7	
129	132	3	
130	135	-4	
128	135	-3	
129	134	-5	
148	156	4	
155	156	-3	
151	159	-5	
218	223	5	
216	223	5	
216	222	2	
217	222	-4	
323	324	4	
323	325	-5	
320	327	-4	
322	327	5	
362	364	-5	
363	364	-3	
363	367	-5	
361	365	3	
56	61	6	
59	63	7	
59	62	-6	
56	62	3	
17	23	4	
18	82	3	
17	81	3	
114	117	3	
117	125	-4	
121	125	-7	
121	126	5	
118	126	6	
114	118	-2	
385	391	-5	
387	451	3	
451	453	4	
385	449	-3	
187	191	-6	
187	251	-2	
249	252	-4	
185	249	-2	
288	292	-5	
290	292	-6	
290	295	3	
288	294	-4	
149	157	5	
150	158	-4	
147	150	2	
267	270	4	
270	278	-2	
272	278	-4	
271	279	-2	
267	271	-5	
48	52	5	
51	54	-5	
48	53	5	
75	76	-5	
72	78	4	
234	238	-3	
234	298	4	
298	300	4	
232	296	2	
401	407	5	
403	407	-4	
403	467	-3	
467	470	4	
465	470	-4	
401	465	4	
344	348	4	
347	350	4	
347	351	-2	
344	351	-5	
162	166	2	
166	174	-4	
169	174	-5	
169	175	-4	
167	175	2	
162	167	5	
370	372	-6	
372	380	4	
377	382	-2	
374	382	-3	
85	93	-4	
89	93	-4	
89	94	-4	
86	94	4	
80	86	2	
435	437	-5	
437	445	4	
441	446	-5	
438	446	-4	
435	438	-3	
394	398	-5	
394	458	-3	
457	461	-4	
393	457	-4	
139	142	3	
139	203	-4	
200	206	-4	
136	200	-4	
331	333	4	
333	341	-3	
334	342	2	
331	334	5	
2	4	5	
2	5	4	
3	5	8	
1	6	-5	
314	318	-5	
315	318	7	
315	379	3	
379	383	4	
227	228	-4	
235	236	4	
235	239	5	
227	231	3	
105	108	3	
105	111	3	
98	103	4	
353	357	5	
355	357	3	
355	419	-2	
417	420	-5	
353	417	4	
10	13	3	
19	21	5	
19	22	4	
481	484	4	
481	486	3	
186	250	2	
250	254	5	
248	254	-5	
184	248	2	
178	180	5	
179	180	-3	
179	183	5	
176	182	4	
25	28	-5	
26	28	-4	
27	31	5	
25	31	6	
256	260	6	
259	263	3	
259	261	5	
256	261	3	
192	197	-4	
194	197	-3	
195	198	6	
195	199	-5	
192	199	4	
210	213	-3	
213	221	-3	
214	222	4	
210	214	3	
472	476	-7	
475	477	-6	
474	477	3	
472	479	4	
65	68	5	
67	71	-4	
40	44	5	
41	105	4	
105	109	6	
104	109	4	
40	104	4	
138	202	-4	
137	201	4	
114	116	-3	
116	124	-6	
119	127	6	
227	229	6	
227	291	-2	
289	294	5	
225	289	-2	
425	489	-4	
488	493	-3	
9	14	3	
11	14	5	
11	75	-4	
75	77	3	
73	77	3	
9	73	3	
400	407	-2	
392	399	-4	
34	38	5	
34	98	5	
97	101	-3	
33	97	-4	
211	213	-5	
211	275	-2	
275	277	-4	
209	273	-2	
301	309	2	
304	311	4	
303	311	2	
298	303	2	
82	84	4	
84	92	-4	
87	95	6	
347	411	-5	
411	413	4	
345	409	3	
432	437	-3	
435	499	-5	
499	501	3	
432	496	-5	
164	172	3	
165	173	-3	
387	390	4	
451	454	3	
386	450	-4	
441	444	-4	
443	444	4	
505	509	3	
441	505	-2	
460	468	2	
466	471	5	
463	471	1	
265	269	4	
329	335	-6	
247	255	-5	
145	149	-6	
154	157	-3	
50	52	2	
50	54	-2	
339	341	-3	
339	403	1	
402	406	-2	
338	402	3	
232	236	3	
233	236	3	
234	237	2	
232	239	3	
322	325	-3	
321	326	3	
128	132	-5	
131	135	-5	
314	316	-3	
314	319	-5	
281	285	3	
482	484	-4	
483	486	-4	
369	372	2	
371	374	-6	
368	375	-4	
369	375	-3	
16	23	-2	
354	357	-3	
352	358	1	
70	78	-4	
74	79	-3	
71	79	-4	
340	348	2	
345	348	-5	
345	350	-3	
342	350	1	
337	342	-5	
241	245	-5	
241	305	-3	
304	310	-5	
240	304	-4	
49	53	-2	
51	115	3	
115	117	-3	
49	113	-4	
169	173	2	
170	175	3	
259	260	4	
264	268	2	
262	270	4	
208	214	-2	
210	274	3	
208	272	-3	
385	388	4	
394	396	3	
391	399	3	
202	207	-2	
147	148	4	
153	156	-5	
153	159	-4	
147	151	-3	
299	300	3	
299	303	7	
289	295	5	
209	212	-3	
212	220	3	
216	220	-2	
215	223	-4	
209	215	-5	
377	383	5	
376	382	4	
363	427	-3	
362	426	-3	
184	188	5	
187	188	-7	
185	189	-4	
184	189	-4	
411	475	2	
408	472	2	
59	123	-1	
123	124	-4	
56	120	2	
97	103	4	
72	76	3	
76	84	-1	
80	84	4	
77	85	-1	
161	225	-4	
500	508	-3	
506	508	5	
502	510	2	
432	436	3	
440	446	5	
3	4	-3	
0	6	3	
37	45	-3	
39	47	4	
27	28	3	
461	469	2	
466	470	-5	
462	470	-1	
458	462	-3	
81	86	-3	
416	420	5	
418	422	3	
419	422	4	
419	421	4	
449	455	4	
450	453	2	
448	453	3	
249	255	-5	
258	261	5	
267	269	1	
263	271	4	
243	307	3	
242	306	4	
326	334	-3	
331	335	-3	
327	335	3	
410	474	3	
409	473	-3	
393	397	-5	
390	398	5	
489	492	3	
489	495	4	
131	133	-3	
138	141	4	
138	142	-2	
131	134	-4	
193	196	-3	
176	181	-3	
178	183	-2	
370	373	-4	
369	433	-2	
224	228	2	
217	221	5	
218	221	-1	
218	282	-5	
282	287	-2	
217	281	-4	
400	404	-4	
400	464	2	
272	276	2	
275	339	-4	
96	100	4	
99	100	-4	
160	167	5	
96	160	1	
112	116	-3	
350	358	4	
233	238	3	
296	302	2	
498	501	2	
501	509	3	
503	511	-4	
18	22	-4	
22	30	-3	
24	30	-3	
23	31	-1	
90	93	-4	
90	154	-4	
154	159	-3	
88	152	3	
43	46	-3	
43	107	-3	
370	375	-4	
324	332	-3	
328	332	-4	
325	333	-3	
10	15	-5	
64	68	4	
65	69	-3	
67	70	6	
57	63	-3	
442	444	5	
441	447	4	
442	445	4	
313	317	-4	
313	377	-2	
427	428	3	
426	431	3	
426	430	4	
144	149	-3	
146	151	-3	
144	150	-4	
33	36	-4	
139	141	5	
136	143	-3	
137	142	-5	
459	462	-5	
457	463	-2	
491	492	-3	
491	494	4	
488	494	-4	
490	493	-4	
346	410	-3	
16	21	-5	
82	85	3	
42	106	3	
104	108	-2	
225	228	2	
155	157	4	
157	165	2	
163	165	2	
163	166	4	
158	166	1	
155	158	-3	
279	287	3	
480	485	-4	
481	485	-3	
482	486	-5	
482	487	3	
177	183	2	
177	241	-3	
241	244	-3	
240	244	-2	
176	240	3	
196	204	-4	
112	118	-2	
456	461	4	
392	456	1	
433	497	4	
83	87	-2	
300	308	1	
97	100	2	
98	102	3	
275	279	1	
265	271	3	
356	364	-3	
357	365	3	
153	217	-2	
186	191	2	
291	293	-4	
288	295	-3	
385	390	-4	
386	391	3	
251	315	-1	
250	314	-1	
420	428	-1	
422	430	-2	
210	215	-2	
298	302	-4	
264	269	3	
51	52	3	
49	55	-2	
171	173	-3	
168	174	-2	
338	340	-5	
336	400	-2	
450	452	3	
449	454	-4	
26	31	-3	
25	29	-2	
257	262	-3	
249	313	-2	
248	312	-2	
11	12	6	
75	79	4	
219	220	-2	
219	283	-3	
282	285	3	
432	439	2	
434	498	4	
496	500	-4	
179	243	-2	
242	246	4	
178	242	-2	
192	198	3	
198	206	4	
69	77	4	
66	70	-2	
404	412	-3	
408	414	-3	
406	414	3	
19	23	-4	
17	21	4	
346	349	4	
36	44	-2	
41	45	5	
89	95	2	
226	230	5	
235	238	-2	
83	147	-3	
145	148	-3	
81	145	1	
107	110	-4	
104	111	-3	
161	165	3	
58	62	-3	
57	61	-6	
297	361	2	
322	326	-3	
393	399	-3	
392	398	4	
378	380	3	
337	341	-4	
291	355	2	
353	358	-4	
289	353	-1	
401	405	-4	
405	413	-3	
407	415	-3	
280	286	3	
278	286	-2	
203	207	5	
256	263	3	
10	74	2	
8	72	3	
38	46	-1	
42	47	3	
35	39	1	
305	308	-1	
313	319	-4	
305	311	-4	
130	133	5	
131	195	2	
195	197	3	
130	194	-2	
387	389	3	
384	448	4	
251	254	3	
243	247	-4	
473	477	-4	
477	485	-2	
479	487	-1	
429	437	-2	
433	438	5	
430	438	-3	
66	71	4	
369	374	-3	
50	53	4	
201	206	2	
120	127	-4	
4	12	-1	
6	14	1	
488	492	-3	
108	116	1	
110	118	-2	
73	78	3	
290	294	3	
18	20	-3	
296	303	-3	
329	334	1	
225	231	-4	
355	356	-3	
354	359	3	
409	415	-2	
344	408	-1	
41	47	-4	
506	509	-3	
507	510	4	
474	476	3	
475	478	-4	
499	500	-2	
497	503	2	
320	324	-2	
338	343	-2	
130	134	3	
362	367	-3	
490	495	-4	
426	490	1	
90	95	-3	
379	380	2	
202	205	-4	
170	234	-2	
233	239	3	
169	233	-4	
114	178	-2	
112	176	1	
306	310	-2	
458	463	5	
34	37	1	
27	30	-2	
315	316	-2	
53	61	1	
465	468	1	
467	469	2	
272	277	2	
145	209	-1	
179	181	-3	
428	436	2	
434	436	3	
431	439	3	
80	87	-2	
80	144	-2	
236	244	-1	
237	245	3	
113	119	2	
200	204	-2	
93	101	2	
99	103	-2	
95	103	1	
307	311	-2	
291	292	1	
505	511	-1	
48	54	-1	
46	54	-2	
226	229	3	
162	226	-1	
320	384	-1	
129	193	-1	
128	192	-1	
9	15	-4	
251	253	-3	
330	333	-2	
109	117	1	
68	76	2	
64	69	3	
152	158	3	
259	323	-2	
258	322	2	
483	484	2	
336	342	3	
171	235	-2	
81	85	2	
297	301	4	
121	185	-2	
185	190	2	
206	214	1	
346	351	-4	
281	284	-2	
16	22	2	
306	370	-1	
307	309	2	
55	63	-2	
402	466	-3	
244	252	-3	
498	502	3	
242	245	-2	
238	246	-2	
257	321	-2	
256	320	-2	
89	153	2	
290	354	1	
288	352	2	
202	266	1	
201	265	-2	
375	383	3	
220	228	2	
222	230	-2	
456	460	-4	
274	279	-3	
57	121	-1	
443	445	3	
312	318	3	
427	430	2	
424	429	1	
8	14	2	
459	461	-3	
65	129	-1	
64	128	1	
174	182	2	
175	183	-1	
91	92	3	
91	155	-1	
216	280	-2	
73	137	1	
72	136	2	
58	60	-4	
144	208	1	
403	405	-1	
248	252	2	
343	351	-1	
412	420	1	
44	52	-1	
172	180	-1	
173	181	-2	
159	167	-1	
224	229	1	
297	300	-1	
187	189	-2	
359	367	2	
94	102	1	
266	270	-2	
273	278	-1	
274	338	1	
141	149	1	
142	150	1	
282	346	-1	
281	345	1	
304	308	2	
348	356	1	
258	260	2	
88	94	-1	
286	294	1	
287	295	1	
184	191	-1	
168	232	-2	
284	292	1	
285	293	-1	
250	255	-1	
368	372	2	
339	340	-2	
20	28	1	
200	264	-1	
82	146	2	
194	199	2	
421	429	1	
203	204	1	
283	347	1	
280	344	1	
302	310	-1	
78	86	-1	
79	87	-1	
440	504	1	
107	111	1	
21	29	1	
106	109	-1	
478	486	1	
221	229	-1	
268	276	-1	
269	277	1	
223	231	1	
Energy:	-3792	
