NumberOfQubits	504	
NumberOfSubgraphs	672	
Serial	134	
PlantedSolution:	
0	-1	
1	-1	
2	1	
3	1	
4	-1	
5	-1	
6	1	
8	1	
9	1	
10	1	
11	-1	
12	-1	
13	-1	
14	-1	
15	-1	
16	1	
17	-1	
18	-1	
19	1	
20	-1	
21	-1	
22	1	
23	1	
24	1	
25	-1	
26	-1	
27	-1	
28	-1	
29	-1	
30	1	
31	-1	
32	-1	
33	-1	
34	1	
35	1	
36	1	
37	-1	
38	-1	
39	1	
40	1	
41	1	
42	1	
43	-1	
44	-1	
45	-1	
46	-1	
47	1	
48	-1	
49	1	
50	-1	
51	1	
52	-1	
53	-1	
54	1	
55	1	
56	-1	
57	-1	
58	1	
59	1	
60	-1	
61	1	
62	1	
63	1	
64	-1	
65	-1	
66	1	
67	1	
68	-1	
69	-1	
70	1	
71	1	
72	1	
73	1	
74	-1	
75	1	
76	-1	
77	-1	
78	1	
79	-1	
80	-1	
81	1	
82	1	
83	1	
84	1	
85	-1	
86	-1	
87	1	
88	1	
89	-1	
90	-1	
91	1	
92	-1	
93	-1	
94	1	
95	-1	
96	-1	
97	1	
98	-1	
99	-1	
100	1	
101	1	
102	1	
103	1	
104	1	
105	-1	
106	1	
107	-1	
108	-1	
109	-1	
110	-1	
111	1	
112	-1	
113	1	
114	-1	
115	1	
116	1	
117	1	
118	1	
119	1	
120	1	
121	1	
123	-1	
124	1	
125	-1	
126	-1	
127	-1	
128	-1	
129	-1	
130	1	
131	1	
132	-1	
133	-1	
134	-1	
135	-1	
136	-1	
137	1	
138	-1	
139	-1	
141	-1	
142	1	
143	1	
144	-1	
145	-1	
146	1	
147	1	
148	-1	
149	-1	
150	1	
151	-1	
152	-1	
153	1	
154	-1	
155	-1	
156	1	
157	1	
158	1	
159	1	
160	1	
161	-1	
162	-1	
163	1	
164	-1	
165	1	
166	1	
167	1	
168	-1	
169	1	
170	1	
171	1	
172	-1	
173	1	
174	1	
175	-1	
176	1	
177	1	
178	1	
179	-1	
180	1	
181	-1	
182	1	
183	1	
184	-1	
185	1	
186	1	
187	1	
188	1	
189	1	
190	-1	
191	-1	
192	1	
193	-1	
194	1	
195	1	
196	-1	
197	1	
198	1	
199	-1	
200	1	
201	-1	
202	1	
203	1	
204	1	
205	1	
206	1	
207	1	
208	1	
209	1	
210	1	
211	-1	
212	-1	
213	-1	
214	-1	
215	1	
216	-1	
217	-1	
218	-1	
219	-1	
220	1	
221	-1	
222	-1	
223	-1	
224	1	
225	-1	
226	1	
227	1	
228	1	
229	1	
230	-1	
231	-1	
232	1	
233	-1	
234	-1	
235	-1	
236	1	
237	1	
238	1	
239	-1	
240	1	
241	1	
242	-1	
243	1	
244	-1	
245	-1	
246	1	
247	-1	
248	1	
249	1	
250	1	
251	1	
252	1	
253	-1	
254	-1	
255	-1	
256	-1	
257	1	
258	-1	
259	1	
260	-1	
261	-1	
262	-1	
263	1	
264	-1	
265	1	
266	1	
267	1	
268	1	
269	-1	
270	1	
271	-1	
272	-1	
273	-1	
274	1	
275	1	
276	1	
277	-1	
278	1	
279	-1	
280	1	
281	1	
282	1	
283	-1	
284	-1	
285	-1	
286	-1	
287	-1	
288	1	
289	1	
290	1	
291	1	
292	1	
293	-1	
294	-1	
295	1	
296	-1	
297	-1	
298	1	
299	-1	
300	-1	
301	-1	
302	-1	
303	1	
304	-1	
305	1	
306	-1	
307	-1	
308	1	
309	-1	
310	1	
311	1	
312	1	
313	1	
314	-1	
315	-1	
316	1	
317	-1	
318	1	
319	1	
320	1	
321	-1	
322	1	
323	-1	
324	1	
325	1	
326	1	
327	1	
328	-1	
329	-1	
330	-1	
331	-1	
332	-1	
333	-1	
334	1	
335	-1	
336	1	
337	-1	
338	1	
339	1	
340	1	
341	-1	
342	-1	
343	1	
344	-1	
345	-1	
346	1	
347	1	
348	1	
349	-1	
350	-1	
351	-1	
352	1	
353	-1	
354	1	
355	1	
356	-1	
357	-1	
358	-1	
359	1	
361	1	
362	-1	
363	-1	
364	1	
365	1	
367	-1	
368	-1	
369	1	
370	1	
371	1	
372	-1	
373	1	
374	1	
375	-1	
376	-1	
377	1	
378	-1	
379	-1	
380	-1	
382	-1	
383	1	
384	1	
385	1	
386	-1	
387	1	
388	1	
389	1	
390	1	
391	1	
392	1	
393	1	
394	1	
396	-1	
397	-1	
398	-1	
399	1	
400	1	
401	-1	
402	-1	
403	1	
404	1	
405	-1	
406	-1	
407	-1	
408	1	
409	1	
410	1	
411	-1	
412	-1	
413	-1	
414	1	
415	-1	
416	-1	
417	1	
418	-1	
419	1	
420	1	
421	-1	
422	1	
424	1	
425	-1	
426	1	
427	-1	
428	-1	
429	1	
430	1	
431	1	
432	1	
433	1	
434	1	
435	-1	
436	-1	
437	1	
438	-1	
439	1	
440	-1	
441	-1	
442	-1	
443	1	
444	1	
445	1	
446	1	
447	-1	
448	-1	
449	1	
450	-1	
451	-1	
452	1	
453	-1	
454	-1	
455	1	
456	-1	
457	-1	
458	1	
459	-1	
460	1	
461	1	
462	-1	
463	1	
464	1	
465	-1	
466	-1	
467	1	
468	-1	
469	-1	
470	-1	
471	-1	
472	-1	
473	1	
474	-1	
475	1	
476	-1	
477	1	
478	1	
479	1	
480	-1	
481	-1	
482	-1	
483	1	
484	1	
485	-1	
486	1	
487	-1	
488	1	
489	-1	
490	-1	
491	1	
492	1	
493	1	
494	1	
495	1	
496	1	
497	1	
498	1	
499	-1	
500	-1	
501	-1	
502	-1	
503	-1	
504	1	
505	1	
506	-1	
507	1	
508	1	
509	-1	
510	1	
511	-1	
Js:	
242	244	-4	
244	252	2	
249	252	4	
249	255	4	
247	255	-2	
242	247	-5	
344	348	5	
345	348	2	
345	351	-2	
346	351	4	
346	349	-3	
344	349	-3	
80	87	4	
81	87	-3	
81	145	4	
145	149	-3	
144	149	-3	
80	144	-4	
475	476	5	
476	484	3	
483	484	-5	
483	487	1	
479	487	-2	
475	479	-2	
338	342	2	
339	342	3	
339	403	-2	
403	406	3	
402	406	-3	
338	402	2	
320	327	-5	
321	327	4	
321	385	-1	
385	389	-5	
384	389	-4	
320	384	-2	
232	236	-3	
235	236	3	
235	239	-4	
233	239	-4	
233	237	4	
232	237	-4	
243	245	-3	
245	253	-3	
251	253	3	
251	254	5	
246	254	3	
243	246	-3	
426	431	-5	
427	431	4	
427	491	3	
491	493	5	
490	493	4	
426	490	5	
202	204	-4	
204	212	2	
210	212	4	
210	214	4	
206	214	2	
202	206	-4	
458	460	3	
459	460	3	
459	463	3	
456	463	5	
456	461	1	
458	461	-3	
328	332	-4	
330	332	2	
330	333	-3	
329	333	-3	
329	335	-5	
328	335	-4	
257	261	3	
261	269	-4	
264	269	-2	
264	270	4	
262	270	3	
257	262	5	
65	68	-5	
67	68	-3	
67	69	3	
66	69	4	
66	70	-5	
65	70	1	
410	413	-2	
411	413	-1	
411	415	-4	
408	415	3	
408	414	-2	
410	414	-6	
16	20	-2	
17	20	-4	
17	22	2	
19	22	-6	
19	23	-3	
16	23	-4	
179	181	-3	
181	189	3	
184	189	5	
184	191	5	
183	191	4	
179	183	2	
74	76	-4	
75	76	3	
75	139	1	
139	142	4	
138	142	5	
74	138	2	
432	436	3	
435	436	-2	
435	439	-5	
434	439	-1	
434	437	-2	
432	437	-4	
305	311	-5	
307	311	4	
307	371	4	
371	372	3	
369	372	2	
305	369	-3	
192	198	-4	
195	198	-5	
195	259	-3	
259	263	-4	
256	263	4	
192	256	-3	
32	36	2	
35	36	-3	
35	99	-4	
99	101	3	
96	101	2	
32	96	-5	
440	446	5	
441	446	4	
441	505	-2	
505	508	-5	
504	508	-1	
440	504	2	
48	52	-6	
49	52	3	
49	54	-4	
50	54	-2	
50	53	-5	
48	53	-6	
154	156	5	
155	156	4	
155	157	4	
153	157	-4	
153	159	-2	
154	159	6	
128	133	-4	
130	133	4	
130	135	5	
129	135	-3	
129	134	-4	
128	134	-4	
105	108	5	
107	108	-3	
107	109	-4	
106	109	3	
106	111	-5	
105	111	3	
24	28	2	
25	28	-4	
25	29	-4	
27	29	-3	
27	31	4	
24	31	6	
160	164	4	
163	164	3	
163	166	3	
161	166	2	
161	167	4	
160	167	-4	
289	294	4	
290	294	4	
290	354	1	
354	358	4	
353	358	-4	
289	353	2	
10	13	5	
11	13	-4	
11	15	-4	
8	15	-5	
8	14	3	
10	14	5	
121	126	4	
123	126	1	
123	187	2	
187	190	7	
185	190	4	
121	185	-2	
282	284	4	
283	284	-3	
283	285	-3	
280	285	2	
280	286	3	
282	286	3	
497	500	4	
498	500	4	
498	502	3	
496	502	5	
496	501	4	
497	501	-3	
466	469	1	
467	469	5	
467	470	5	
465	470	-5	
465	471	-3	
466	471	-5	
40	44	3	
42	44	2	
42	45	-2	
43	45	-4	
43	47	1	
40	47	-3	
114	116	4	
115	116	-1	
115	118	-5	
113	118	-4	
113	117	3	
114	117	4	
193	197	7	
197	205	2	
200	205	-2	
200	207	-5	
199	207	3	
193	199	-3	
442	445	3	
443	445	-5	
443	507	-2	
507	510	-6	
506	510	3	
442	506	2	
336	341	4	
337	341	-5	
337	401	-2	
401	404	7	
400	404	-3	
336	400	-2	
377	380	4	
378	380	-4	
378	382	-3	
376	382	-5	
376	383	4	
377	383	3	
386	388	2	
388	396	4	
394	396	6	
394	399	-4	
391	399	-4	
386	391	5	
216	220	4	
218	220	6	
218	221	-2	
217	221	-4	
217	222	-4	
216	222	4	
208	215	-4	
211	215	5	
211	275	3	
275	276	-4	
272	276	4	
208	272	-3	
298	300	3	
300	308	2	
304	308	3	
304	310	5	
302	310	-3	
298	302	2	
226	228	-5	
227	228	3	
227	230	5	
225	230	-3	
225	231	-5	
226	231	2	
57	60	-4	
59	60	3	
59	61	-5	
56	61	5	
56	63	5	
57	63	5	
416	420	4	
420	428	2	
424	428	5	
424	430	4	
422	430	-1	
416	422	5	
89	92	-4	
91	92	3	
91	94	-4	
88	94	-2	
88	95	-5	
89	95	-4	
448	452	3	
451	452	4	
451	453	-3	
449	453	4	
449	455	-4	
448	455	3	
314	316	3	
315	316	5	
315	317	-3	
312	317	4	
312	319	-4	
314	319	4	
361	364	-4	
363	364	-4	
363	367	-5	
362	367	-4	
362	365	5	
361	365	-3	
473	477	-5	
477	485	-1	
480	485	-4	
480	486	4	
478	486	-4	
473	478	-4	
168	172	-5	
170	172	2	
170	175	3	
171	175	3	
171	173	-7	
168	173	-4	
2	4	5	
3	4	3	
3	5	-5	
0	5	-6	
0	6	2	
2	6	-6	
291	293	4	
293	301	-2	
296	301	-4	
296	303	4	
295	303	2	
291	295	-4	
72	77	3	
77	85	-2	
83	85	-3	
83	86	5	
78	86	2	
72	78	-3	
33	37	7	
34	37	3	
34	98	3	
98	103	1	
97	103	-4	
33	97	2	
176	180	-3	
177	180	-3	
177	183	4	
178	183	-3	
178	182	-5	
176	182	-5	
288	292	-5	
291	292	-3	
291	355	-1	
355	357	4	
352	357	3	
288	352	2	
266	268	-3	
267	268	-6	
267	331	3	
331	334	5	
330	334	4	
266	330	3	
392	398	5	
393	398	3	
393	457	2	
457	462	-5	
456	462	4	
392	456	3	
488	492	-4	
492	500	1	
499	500	-3	
499	503	-6	
495	503	-1	
488	495	-3	
265	270	3	
270	278	-2	
273	278	6	
273	279	-1	
271	279	-2	
265	271	5	
144	148	-4	
146	148	-4	
146	151	3	
147	151	5	
147	150	-4	
144	150	2	
368	373	5	
370	373	-4	
370	375	3	
369	375	4	
369	374	3	
368	374	3	
320	324	-5	
323	324	4	
323	325	5	
322	325	-3	
322	326	-4	
320	326	-3	
417	421	2	
418	421	-4	
418	482	-5	
482	484	3	
481	484	2	
417	481	-5	
112	116	3	
116	124	-4	
120	124	-4	
120	127	4	
119	127	5	
112	119	5	
72	79	4	
73	79	-3	
73	137	-3	
137	143	-2	
136	143	5	
72	136	4	
184	188	2	
186	188	-4	
186	250	-4	
250	253	5	
248	253	3	
184	248	-2	
424	429	-3	
425	429	4	
425	489	-3	
489	494	-3	
488	494	-5	
424	488	-3	
41	46	2	
46	54	2	
51	54	-4	
51	55	-4	
47	55	3	
41	47	-3	
194	196	4	
195	196	2	
259	260	5	
258	260	-4	
194	258	-1	
16	21	3	
18	21	-2	
18	82	3	
82	84	3	
80	84	2	
16	80	2	
26	30	4	
30	38	-2	
35	38	4	
35	39	-3	
31	39	1	
26	31	-3	
281	287	3	
283	287	-1	
283	347	5	
347	350	5	
345	350	3	
281	345	5	
98	100	4	
100	108	5	
104	108	2	
104	110	5	
102	110	4	
98	102	5	
152	157	3	
157	165	-2	
162	165	3	
162	166	5	
158	166	-2	
152	158	3	
209	213	2	
210	213	4	
210	274	-3	
274	277	5	
273	277	1	
209	273	3	
306	309	-4	
309	317	3	
313	317	3	
313	318	-3	
310	318	-3	
306	310	2	
64	71	2	
67	71	-4	
67	131	-1	
131	132	3	
128	132	-4	
64	128	1	
169	174	-7	
170	174	3	
170	234	3	
234	238	4	
233	238	3	
169	233	3	
219	221	-5	
221	229	3	
224	229	-4	
224	231	3	
223	231	3	
219	223	-3	
386	390	4	
387	390	-4	
387	451	-4	
451	454	-4	
450	454	-4	
386	450	-2	
433	436	3	
436	444	4	
440	444	-4	
440	447	-3	
439	447	3	
433	439	-3	
404	412	2	
409	412	-4	
409	415	4	
407	415	-3	
401	407	-2	
137	141	-5	
139	141	-3	
139	203	4	
203	206	-5	
201	206	2	
137	201	2	
464	468	6	
468	476	-2	
472	476	-3	
472	479	5	
471	479	-3	
464	471	2	
1	4	-4	
4	12	1	
9	12	4	
9	14	3	
6	14	2	
1	6	4	
56	60	-3	
58	60	-4	
58	62	-4	
59	62	-4	
353	356	2	
355	356	4	
355	359	-4	
352	359	-3	
353	357	-4	
338	340	-4	
340	348	-2	
344	351	-3	
343	351	3	
338	343	4	
90	93	-3	
93	101	-1	
97	101	-4	
95	103	1	
90	95	-3	
296	300	-3	
297	300	-5	
297	302	-2	
299	302	-2	
299	301	5	
177	182	2	
177	241	-1	
241	246	-3	
240	246	-3	
176	240	-2	
394	397	2	
397	405	-2	
403	405	4	
403	407	-3	
399	407	4	
506	508	4	
506	509	-6	
504	509	5	
504	511	-4	
505	511	5	
417	422	-5	
419	422	-4	
419	483	-4	
483	485	3	
481	485	-3	
411	414	4	
411	475	5	
475	478	2	
474	478	3	
410	474	5	
117	125	4	
120	125	3	
120	126	4	
118	126	5	
434	438	5	
435	438	-1	
435	499	1	
499	501	-4	
498	501	2	
434	498	-4	
376	380	-4	
379	383	3	
379	382	-3	
83	84	-3	
84	92	4	
91	93	3	
85	93	-3	
201	205	3	
202	205	5	
202	266	-1	
266	271	4	
201	265	2	
28	36	2	
33	36	3	
29	37	-1	
208	212	2	
211	212	-3	
211	214	-2	
209	214	4	
209	215	3	
385	388	-3	
387	388	-4	
384	390	-2	
324	332	4	
331	332	-3	
331	333	-2	
325	333	-4	
152	159	3	
154	218	-3	
152	216	-5	
43	107	-5	
42	106	-4	
192	196	5	
194	197	3	
193	198	3	
1	5	3	
1	65	-5	
65	71	4	
0	64	-5	
281	284	1	
284	292	2	
290	292	-3	
290	293	5	
285	293	2	
281	285	2	
9	13	3	
11	75	2	
75	77	5	
73	77	-1	
9	73	-3	
313	316	-5	
312	318	3	
169	175	3	
168	174	3	
163	167	-3	
163	227	-4	
227	229	-3	
160	224	4	
306	308	5	
306	370	2	
304	368	1	
298	303	-4	
299	303	3	
299	363	-3	
362	364	3	
298	362	4	
18	20	-4	
19	20	4	
19	21	4	
17	21	5	
18	22	3	
121	124	-5	
123	124	3	
187	188	2	
185	188	-4	
448	453	-5	
450	453	2	
450	455	4	
449	454	3	
448	454	-4	
234	236	5	
235	238	3	
232	239	4	
268	276	1	
275	277	4	
269	277	-3	
267	269	3	
433	437	-2	
433	497	2	
497	502	4	
432	496	-3	
400	405	4	
402	405	-4	
402	466	-5	
466	468	-2	
400	464	-4	
426	429	-3	
427	429	3	
138	141	-3	
141	149	2	
145	150	4	
142	150	-2	
248	252	-3	
249	254	4	
250	254	1	
250	255	4	
248	255	5	
257	260	-3	
258	322	3	
322	327	-1	
257	321	3	
241	244	3	
243	247	4	
241	245	3	
272	278	-1	
278	286	3	
280	287	4	
279	287	-4	
272	279	-5	
337	340	3	
339	340	-4	
339	343	-3	
336	343	-5	
336	342	3	
337	342	-4	
51	52	3	
50	55	5	
441	444	2	
442	444	4	
443	446	2	
459	461	4	
457	461	5	
458	462	3	
129	132	-5	
131	135	4	
129	133	-3	
41	44	5	
41	105	3	
105	110	-3	
40	104	-4	
418	420	5	
482	486	3	
416	480	4	
161	165	4	
162	226	4	
225	228	3	
161	225	-2	
66	68	2	
68	76	-4	
74	78	3	
70	78	-3	
329	393	3	
393	397	5	
392	397	4	
328	392	-1	
153	158	-5	
155	158	2	
155	219	-3	
217	223	-4	
153	217	-3	
408	412	5	
409	473	-3	
472	477	4	
408	472	3	
114	119	1	
115	119	-4	
115	179	2	
178	181	2	
114	178	-2	
24	30	-3	
26	90	-3	
90	94	6	
24	88	-2	
82	87	-4	
82	146	-2	
145	148	-3	
32	38	-3	
99	100	4	
96	100	2	
364	372	4	
371	375	4	
367	375	2	
361	367	5	
139	143	4	
203	207	-2	
136	200	-2	
347	348	2	
348	356	2	
354	356	3	
350	358	-3	
499	502	-2	
502	510	-2	
507	511	3	
503	511	-3	
10	12	-1	
12	20	-2	
18	23	4	
15	23	2	
10	15	4	
489	492	3	
490	494	2	
490	495	1	
467	468	-3	
465	469	-4	
464	469	2	
425	428	-5	
425	430	-2	
427	430	3	
424	431	-3	
288	293	2	
289	295	3	
288	295	-5	
186	189	-3	
187	189	-3	
184	190	-2	
186	191	3	
305	308	-3	
307	309	-5	
57	61	2	
58	63	-3	
56	62	4	
256	261	4	
258	261	-3	
258	263	2	
259	262	3	
256	262	-2	
354	359	-3	
355	419	1	
419	421	4	
354	418	2	
315	319	1	
315	379	3	
379	380	-3	
314	378	-4	
3	67	-4	
2	66	-4	
396	404	2	
401	406	-3	
398	406	-4	
394	398	-1	
341	349	-1	
32	39	4	
34	39	-3	
96	102	-2	
80	86	-4	
83	147	2	
144	151	-2	
112	117	3	
123	125	-4	
123	127	5	
42	46	5	
43	46	-1	
107	111	-1	
370	374	-4	
370	434	-1	
433	438	4	
369	433	-2	
208	213	5	
205	213	2	
297	361	3	
409	413	3	
474	477	3	
264	268	2	
328	334	2	
264	328	2	
172	180	-2	
179	180	4	
179	182	2	
174	182	-1	
322	386	-1	
384	391	-4	
235	237	-4	
237	245	1	
240	245	4	
238	246	-2	
153	156	1	
156	164	4	
160	166	-3	
222	230	-2	
452	460	-3	
456	460	3	
455	463	-2	
442	447	-4	
25	30	4	
27	30	2	
27	91	3	
89	93	3	
25	89	-2	
8	12	4	
8	72	-2	
277	285	-3	
282	285	4	
282	287	2	
274	279	-1	
130	134	3	
131	134	-4	
131	195	-1	
195	199	3	
194	199	3	
130	194	-2	
251	252	-4	
49	55	-4	
482	485	-2	
485	493	3	
489	493	-3	
489	495	4	
487	495	4	
482	487	-3	
163	165	-3	
405	413	-2	
408	413	3	
353	359	2	
353	417	2	
352	416	-1	
281	286	4	
282	346	-3	
345	349	-4	
178	180	-2	
180	188	2	
185	191	3	
192	197	-2	
193	257	1	
257	263	-3	
481	486	2	
481	487	-4	
474	479	2	
368	372	-4	
371	435	-2	
435	437	5	
368	432	1	
274	278	-5	
321	325	4	
327	335	3	
441	445	3	
64	69	-2	
69	77	-2	
75	78	2	
64	70	4	
34	38	3	
38	46	-2	
40	46	-4	
39	47	-3	
218	222	-1	
26	28	-2	
27	28	-4	
24	29	3	
234	239	2	
16	22	-5	
17	23	3	
498	503	3	
496	503	2	
200	204	-4	
201	204	3	
201	207	4	
200	206	2	
315	318	2	
5	13	-1	
3	6	-4	
81	84	-2	
89	94	2	
86	94	2	
81	86	-3	
133	141	-2	
137	142	-4	
134	142	1	
466	470	3	
103	111	-3	
99	103	4	
291	294	4	
294	302	-3	
296	302	-4	
240	244	3	
241	305	-1	
305	310	-2	
240	304	-2	
387	389	-2	
385	449	-3	
419	420	-3	
421	429	-1	
265	269	2	
266	269	2	
266	270	-3	
264	271	3	
332	340	2	
334	342	2	
458	463	-4	
459	462	-4	
114	118	2	
148	156	3	
149	157	2	
146	149	4	
74	79	3	
71	79	3	
57	62	3	
280	284	2	
344	350	-2	
280	344	3	
101	109	-4	
104	109	2	
97	102	-4	
36	44	2	
41	45	3	
37	45	-3	
374	382	2	
378	383	5	
375	383	-1	
368	375	-2	
426	430	-4	
430	438	2	
431	439	-3	
400	406	-2	
136	142	2	
143	151	2	
51	115	3	
113	119	-1	
49	113	-3	
297	301	-2	
219	220	-2	
220	228	-2	
224	228	-2	
243	307	2	
242	306	1	
411	412	-2	
186	190	2	
187	251	1	
484	492	-1	
491	492	-3	
491	494	-2	
486	494	2	
483	486	-1	
161	164	3	
164	172	-1	
171	172	3	
165	173	-1	
384	388	-3	
393	396	-3	
393	399	-2	
82	85	4	
88	93	3	
87	95	3	
338	341	2	
402	404	-1	
289	292	-2	
113	116	3	
113	177	-2	
177	181	4	
176	181	3	
112	176	2	
130	132	2	
131	133	3	
128	135	3	
379	443	2	
443	447	3	
441	447	-3	
377	441	-2	
326	334	-3	
323	326	3	
507	508	-4	
504	510	-4	
11	12	-4	
233	236	1	
232	238	-3	
434	436	3	
438	446	2	
194	198	-3	
192	199	4	
450	452	-4	
0	4	-3	
121	125	3	
371	373	-1	
369	373	2	
356	364	1	
363	365	3	
357	365	1	
224	230	2	
138	143	2	
185	189	-2	
410	415	2	
409	414	-2	
387	391	2	
385	390	-5	
88	92	3	
90	92	-2	
312	316	-2	
312	376	3	
351	359	-2	
347	351	2	
267	270	-1	
169	172	3	
170	173	-3	
339	341	3	
162	164	1	
162	167	2	
159	167	-2	
155	159	2	
76	84	2	
243	244	3	
240	247	-2	
242	245	-2	
298	301	4	
297	303	3	
104	111	-2	
330	394	2	
469	477	3	
470	478	2	
203	204	1	
202	207	-2	
34	36	-4	
248	254	3	
96	103	3	
105	109	-2	
426	428	1	
427	428	-2	
50	52	-1	
289	293	3	
8	13	-2	
10	74	1	
219	283	-1	
283	286	-3	
217	281	-1	
59	63	-3	
64	68	-2	
66	71	-3	
322	324	-2	
212	220	2	
218	223	-4	
215	223	2	
314	318	3	
311	319	-3	
304	311	2	
226	229	-3	
229	237	2	
231	239	-2	
83	87	-2	
276	284	-4	
365	373	-4	
43	44	-3	
26	29	-4	
314	317	3	
377	382	3	
313	377	-2	
152	156	-1	
154	158	2	
115	117	1	
346	348	-3	
346	350	3	
496	500	2	
500	508	2	
505	509	1	
501	509	3	
389	397	3	
390	398	-3	
236	244	-1	
40	45	2	
33	39	2	
9	15	1	
75	79	3	
323	327	-3	
65	69	3	
480	487	-2	
437	445	-1	
432	438	2	
175	183	2	
168	175	-2	
52	60	2	
53	61	1	
97	100	-1	
98	162	-1	
97	161	-1	
457	460	3	
460	468	1	
461	469	1	
402	407	1	
392	399	-2	
474	476	3	
370	372	-2	
372	380	-1	
193	196	-3	
195	197	2	
213	221	-1	
219	222	-4	
214	222	1	
208	214	3	
91	155	-1	
90	154	-1	
13	21	-1	
305	309	2	
307	310	-1	
352	356	4	
352	358	-3	
258	262	3	
251	315	2	
249	313	-1	
67	70	-3	
412	420	-2	
413	421	-3	
462	470	1	
464	470	2	
463	471	1	
25	31	-2	
234	237	1	
449	452	-2	
98	101	2	
74	77	-3	
136	141	-3	
203	205	-4	
160	165	-1	
50	114	-3	
241	247	-3	
331	335	3	
330	335	-2	
442	446	3	
440	445	2	
275	279	3	
166	174	-1	
167	175	1	
209	212	3	
210	215	2	
328	333	-3	
106	110	2	
107	110	-2	
107	171	-1	
106	170	-2	
336	340	-1	
58	61	-3	
73	76	3	
73	78	3	
416	421	-2	
414	422	1	
48	54	3	
48	112	-1	
506	511	-1	
306	311	2	
216	223	-2	
256	320	1	
363	427	-1	
361	425	-1	
403	467	-3	
467	471	2	
42	47	-3	
11	14	-2	
250	252	-1	
249	253	-2	
147	148	2	
146	150	-2	
187	191	1	
490	492	4	
491	495	-3	
274	338	2	
273	337	-2	
429	437	-2	
121	127	-2	
401	465	-2	
465	468	2	
256	260	-2	
260	268	2	
265	268	-2	
263	271	3	
138	202	2	
473	479	-2	
299	300	-2	
178	242	2	
104	168	-1	
32	37	-2	
211	213	-2	
81	85	2	
17	81	2	
417	420	-2	
386	389	2	
347	349	-2	
154	157	-1	
45	53	-2	
230	238	1	
290	295	-2	
216	221	1	
321	324	1	
173	181	1	
273	276	3	
151	159	-1	
333	341	1	
432	439	1	
200	264	1	
505	510	-1	
384	448	-1	
475	477	2	
308	316	-1	
313	319	2	
355	358	2	
233	297	-1	
232	296	-1	
49	53	2	
196	204	2	
198	206	1	
497	503	1	
235	299	-1	
234	298	1	
480	484	2	
354	357	3	
349	357	1	
259	261	2	
267	271	-1	
304	309	-3	
335	343	1	
179	243	-1	
242	246	2	
150	158	2	
225	289	2	
288	294	-1	
224	288	-1	
321	326	3	
272	277	2	
472	478	-1	
129	193	-1	
443	444	-2	
33	38	-2	
371	374	-2	
453	461	-2	
108	116	1	
109	117	-1	
89	153	-1	
88	152	1	
182	190	-1	
225	229	-1	
226	290	-1	
403	404	-1	
147	149	-2	
147	211	1	
145	209	1	
329	332	1	
329	334	2	
307	308	-2	
451	455	1	
72	76	2	
19	83	-1	
292	300	-1	
272	336	-1	
488	493	-1	
473	476	2	
44	52	1	
428	436	-1	
392	396	-1	
394	458	-1	
275	339	-1	
146	210	-1	
144	208	1	
91	95	2	
226	230	1	
385	391	1	
176	183	-1	
400	407	-1	
287	295	2	
507	509	1	
99	102	1	
228	236	-1	
21	29	-1	
22	30	1	
425	431	-1	
185	249	-1	
135	143	1	
265	329	2	
457	463	1	
145	151	-1	
406	414	-1	
454	462	-1	
54	62	-1	
259	323	1	
227	231	1	
168	232	1	
410	412	1	
14	22	-1	
171	174	-1	
171	235	1	
301	309	-1	
59	123	1	
56	120	-1	
2	5	1	
251	255	1	
250	314	1	
275	278	-1	
Energy:	-2930	
