NumberOfQubits	504	
NumberOfSubgraphs	672	
Serial	450	
PlantedSolution:	
0	1	
1	1	
2	-1	
3	-1	
4	-1	
5	1	
6	-1	
8	1	
9	-1	
10	1	
11	-1	
12	-1	
13	1	
14	1	
15	-1	
16	1	
17	1	
18	-1	
19	-1	
20	-1	
21	-1	
22	-1	
23	1	
24	1	
25	1	
26	1	
27	-1	
28	-1	
29	1	
30	1	
31	1	
32	-1	
33	1	
34	-1	
35	1	
36	-1	
37	1	
38	-1	
39	1	
40	-1	
41	1	
42	-1	
43	1	
44	1	
45	1	
46	1	
47	-1	
48	1	
49	-1	
50	-1	
51	1	
52	-1	
53	1	
54	-1	
55	-1	
56	1	
57	1	
58	1	
59	1	
60	-1	
61	1	
62	1	
63	-1	
64	1	
65	1	
66	-1	
67	1	
68	1	
69	1	
70	-1	
71	-1	
72	-1	
73	-1	
74	1	
75	1	
76	-1	
77	1	
78	1	
79	1	
80	1	
81	1	
82	1	
83	1	
84	1	
85	-1	
86	1	
87	-1	
88	-1	
89	-1	
90	-1	
91	1	
92	1	
93	1	
94	1	
95	-1	
96	1	
97	-1	
98	-1	
99	1	
100	1	
101	-1	
102	1	
103	-1	
104	-1	
105	-1	
106	1	
107	-1	
108	1	
109	1	
110	-1	
111	-1	
112	1	
113	-1	
114	-1	
115	1	
116	-1	
117	1	
118	1	
119	-1	
120	1	
121	1	
123	-1	
124	-1	
125	1	
126	-1	
127	-1	
128	-1	
129	-1	
130	1	
131	-1	
132	-1	
133	1	
134	1	
135	1	
136	1	
137	-1	
138	1	
139	1	
141	-1	
142	-1	
143	-1	
144	-1	
145	-1	
146	1	
147	-1	
148	-1	
149	1	
150	1	
151	-1	
152	-1	
153	1	
154	-1	
155	-1	
156	1	
157	-1	
158	1	
159	-1	
160	-1	
161	-1	
162	1	
163	1	
164	1	
165	-1	
166	1	
167	1	
168	-1	
169	-1	
170	1	
171	1	
172	1	
173	-1	
174	-1	
175	-1	
176	1	
177	-1	
178	1	
179	-1	
180	-1	
181	1	
182	1	
183	-1	
184	1	
185	1	
186	1	
187	1	
188	1	
189	1	
190	1	
191	-1	
192	1	
193	-1	
194	1	
195	-1	
196	-1	
197	-1	
198	1	
199	-1	
200	1	
201	-1	
202	1	
203	-1	
204	-1	
205	-1	
206	1	
207	-1	
208	1	
209	-1	
210	-1	
211	-1	
212	-1	
213	-1	
214	1	
215	-1	
216	1	
217	1	
218	1	
219	-1	
220	-1	
221	-1	
222	-1	
223	-1	
224	1	
225	-1	
226	1	
227	-1	
228	1	
229	-1	
230	-1	
231	1	
232	-1	
233	1	
234	-1	
235	-1	
236	-1	
237	-1	
238	-1	
239	1	
240	-1	
241	-1	
242	-1	
243	-1	
244	1	
245	-1	
246	-1	
247	1	
248	1	
249	-1	
250	-1	
251	1	
252	1	
253	-1	
254	1	
255	1	
256	1	
257	1	
258	1	
259	-1	
260	1	
261	-1	
262	-1	
263	-1	
264	1	
265	-1	
266	-1	
267	1	
268	1	
269	-1	
270	1	
271	1	
272	1	
273	-1	
274	-1	
275	-1	
276	-1	
277	1	
278	1	
279	-1	
280	-1	
281	1	
282	1	
283	1	
284	1	
285	-1	
286	1	
287	-1	
288	-1	
289	-1	
290	-1	
291	-1	
292	-1	
293	-1	
294	-1	
295	1	
296	-1	
297	-1	
298	-1	
299	1	
300	1	
301	-1	
302	1	
303	-1	
304	-1	
305	-1	
306	1	
307	-1	
308	1	
309	-1	
310	1	
311	1	
312	-1	
313	1	
314	1	
315	-1	
316	-1	
317	-1	
318	-1	
319	1	
320	-1	
321	-1	
322	1	
323	1	
324	-1	
325	-1	
326	-1	
327	-1	
328	-1	
329	1	
330	1	
331	1	
332	-1	
333	1	
334	-1	
335	1	
336	-1	
337	-1	
338	-1	
339	1	
340	1	
341	1	
342	-1	
343	-1	
344	1	
345	-1	
346	-1	
347	1	
348	-1	
349	-1	
350	-1	
351	1	
352	1	
353	-1	
354	1	
355	1	
356	-1	
357	-1	
358	-1	
359	1	
361	-1	
362	1	
363	-1	
364	1	
365	-1	
367	1	
368	1	
369	-1	
370	1	
371	1	
372	1	
373	1	
374	-1	
375	-1	
376	-1	
377	1	
378	1	
379	1	
380	-1	
382	1	
383	1	
384	-1	
385	1	
386	-1	
387	-1	
388	-1	
389	-1	
390	-1	
391	1	
392	1	
393	1	
394	-1	
396	-1	
397	1	
398	1	
399	-1	
400	-1	
401	1	
402	1	
403	1	
404	-1	
405	1	
406	-1	
407	-1	
408	1	
409	1	
410	-1	
411	-1	
412	1	
413	-1	
414	-1	
415	-1	
416	-1	
417	-1	
418	-1	
419	-1	
420	-1	
421	1	
422	-1	
424	-1	
425	-1	
426	1	
427	-1	
428	-1	
429	1	
430	1	
431	1	
432	-1	
433	1	
434	1	
435	-1	
436	-1	
437	-1	
438	-1	
439	1	
440	1	
441	-1	
442	-1	
443	-1	
444	-1	
445	1	
446	1	
447	-1	
448	-1	
449	-1	
450	-1	
451	1	
452	1	
453	-1	
454	-1	
455	-1	
456	1	
457	-1	
458	-1	
459	1	
460	1	
461	1	
462	1	
463	-1	
464	-1	
465	1	
466	1	
467	-1	
468	-1	
469	-1	
470	1	
471	-1	
472	1	
473	-1	
474	1	
475	-1	
476	-1	
477	1	
478	-1	
479	1	
480	1	
481	-1	
482	1	
483	1	
484	-1	
485	1	
486	1	
487	-1	
488	1	
489	-1	
490	-1	
491	1	
492	-1	
493	-1	
494	-1	
495	-1	
496	1	
497	1	
498	-1	
499	1	
500	-1	
501	-1	
502	1	
503	-1	
504	-1	
505	1	
506	1	
507	-1	
508	-1	
509	-1	
510	1	
511	1	
Js:	
281	284	-5	
284	292	-1	
290	292	-5	
290	293	-3	
285	293	-4	
281	285	4	
417	421	5	
418	421	5	
418	482	4	
482	485	-3	
481	485	4	
417	481	-5	
312	316	-2	
315	316	-5	
315	379	4	
379	383	-4	
376	383	4	
312	376	-3	
88	93	2	
90	93	4	
90	154	-4	
154	158	-3	
152	158	4	
88	152	-2	
201	207	5	
202	207	3	
202	266	3	
266	268	3	
265	268	4	
201	265	-3	
65	68	-2	
67	68	-3	
67	71	5	
64	71	-3	
64	70	3	
65	70	5	
162	164	3	
163	164	-4	
163	227	3	
227	229	-4	
226	229	5	
162	226	-3	
35	37	-4	
37	45	-3	
40	45	4	
40	47	-4	
39	47	-3	
35	39	-3	
49	53	-4	
51	53	-6	
51	115	-4	
115	118	-3	
113	118	3	
49	113	-6	
178	180	4	
179	180	3	
179	181	4	
176	181	-3	
176	182	-5	
178	182	-6	
408	412	-4	
410	412	-1	
410	474	4	
474	479	-3	
472	479	-4	
408	472	-2	
146	148	-2	
147	148	-4	
147	151	-3	
144	151	-3	
144	149	4	
146	149	-4	
19	21	-3	
21	29	3	
24	29	-4	
24	31	-5	
23	31	1	
19	23	3	
248	252	-4	
251	252	-3	
251	255	-3	
249	255	2	
249	253	-4	
248	253	3	
208	213	3	
210	213	-3	
210	274	-3	
274	278	-2	
272	278	-3	
208	272	-3	
465	468	4	
466	468	4	
466	469	2	
467	469	-5	
467	470	-3	
465	470	-4	
137	141	-4	
139	141	4	
139	143	4	
138	143	4	
138	142	5	
137	142	-2	
320	326	-4	
322	326	4	
322	386	-1	
386	391	2	
384	391	5	
320	384	-3	
432	436	-3	
434	436	4	
434	438	3	
433	438	-3	
433	437	2	
432	437	-4	
352	357	4	
353	357	-3	
353	359	2	
355	359	4	
355	358	3	
352	358	4	
400	404	-6	
403	404	5	
403	405	-3	
401	405	3	
401	407	4	
400	407	-5	
323	324	4	
324	332	-4	
329	332	4	
329	333	-3	
325	333	5	
323	325	4	
449	452	-7	
450	452	3	
450	453	-7	
451	453	2	
451	454	4	
449	454	-3	
336	340	3	
337	340	5	
337	343	-4	
338	343	-3	
338	341	5	
336	341	-5	
96	102	-4	
97	102	-1	
97	161	-4	
161	167	5	
160	167	4	
96	160	3	
106	108	-4	
108	116	2	
112	116	4	
112	119	2	
111	119	-4	
106	111	-2	
75	77	-3	
77	85	2	
80	85	3	
80	86	-4	
78	86	-2	
75	78	-5	
346	349	-4	
347	349	3	
347	351	-5	
344	351	-2	
344	350	5	
346	350	4	
56	60	6	
59	60	-4	
59	62	-5	
58	62	-6	
58	61	-3	
56	61	-4	
306	308	-4	
307	308	6	
307	311	4	
305	311	2	
305	309	-6	
306	309	-2	
426	431	-3	
427	431	4	
427	491	3	
491	492	-2	
490	492	-3	
426	490	3	
216	221	4	
219	221	4	
219	223	-2	
217	223	5	
217	222	4	
216	222	2	
296	301	4	
299	301	3	
299	303	3	
297	303	-4	
297	302	4	
296	302	2	
130	132	3	
131	132	-4	
131	195	2	
195	198	4	
194	198	-4	
130	194	-5	
74	76	3	
76	84	1	
81	84	-3	
81	87	6	
79	87	-1	
74	79	-4	
458	461	5	
459	461	-3	
459	462	-6	
457	462	4	
457	463	4	
458	463	-4	
234	236	-5	
236	244	2	
242	244	-3	
242	247	3	
239	247	-3	
234	239	3	
1	4	3	
3	4	-4	
3	6	-4	
2	6	-3	
2	5	2	
1	5	-5	
209	212	-5	
211	212	-2	
211	275	2	
275	277	2	
273	277	5	
209	273	-2	
170	172	-4	
171	172	-5	
171	173	3	
169	173	4	
169	175	-5	
170	175	3	
257	260	-3	
259	260	5	
259	261	-4	
258	261	2	
258	263	-4	
257	263	5	
9	12	-5	
10	12	5	
10	14	-1	
8	14	-7	
8	13	-3	
9	13	-4	
440	447	3	
443	447	-4	
443	507	-3	
507	509	-3	
504	509	-5	
440	504	-4	
369	372	5	
372	380	2	
378	380	5	
378	382	-3	
374	382	3	
369	374	-4	
424	428	-5	
425	428	-4	
425	489	-3	
489	494	-5	
488	494	2	
424	488	-3	
200	204	4	
203	204	-3	
203	267	2	
267	270	-3	
264	270	-4	
200	264	2	
89	92	2	
91	92	-5	
91	155	-3	
155	159	-5	
153	159	4	
89	153	3	
497	500	3	
498	500	3	
498	501	-5	
499	501	3	
499	503	4	
497	503	3	
393	397	-4	
394	397	-2	
394	398	5	
392	398	-2	
392	399	3	
393	399	4	
41	44	-5	
44	52	2	
50	52	-4	
50	54	-6	
46	54	-1	
41	46	-4	
224	228	-3	
225	228	4	
225	289	-2	
289	294	-4	
288	294	-4	
224	288	-2	
361	364	5	
362	364	-3	
362	367	-6	
363	367	4	
363	365	-4	
361	365	-4	
186	188	-2	
187	188	-5	
187	191	3	
184	191	5	
184	190	-4	
186	190	6	
16	20	4	
20	28	2	
27	28	-5	
27	30	4	
22	30	2	
16	22	3	
128	135	4	
129	135	3	
129	193	-2	
193	196	-3	
192	196	5	
128	192	3	
120	124	5	
121	124	2	
121	127	7	
123	127	-3	
123	126	-6	
120	126	5	
473	476	-4	
476	484	-4	
483	484	4	
483	486	-4	
478	486	4	
473	478	-6	
235	237	-4	
237	245	-2	
240	245	-3	
240	246	-2	
238	246	-3	
235	238	4	
441	444	3	
442	444	-3	
442	506	4	
506	511	-4	
505	511	-2	
441	505	3	
328	332	-5	
330	332	3	
330	334	-3	
331	334	2	
331	335	-5	
328	335	3	
409	413	3	
411	413	-4	
411	475	-3	
475	477	5	
473	477	-1	
409	473	3	
216	220	4	
218	220	3	
218	282	-5	
282	286	5	
280	286	2	
216	280	3	
32	36	-7	
34	36	-4	
34	37	5	
33	37	-4	
33	38	4	
32	38	4	
105	109	5	
107	109	3	
107	111	-4	
104	111	3	
104	110	-4	
105	110	-3	
386	388	-3	
387	388	-4	
387	389	-3	
385	389	3	
385	390	3	
386	390	3	
304	310	3	
306	310	-3	
306	370	2	
370	375	5	
368	375	3	
304	368	3	
313	317	3	
314	317	5	
314	318	-2	
315	318	-3	
315	319	4	
313	319	-3	
98	100	2	
99	100	-5	
99	103	3	
96	103	3	
96	101	-2	
98	101	-5	
416	422	-5	
419	422	-3	
419	483	3	
483	487	4	
480	487	2	
416	480	-4	
370	373	-2	
371	373	-3	
371	435	1	
435	439	4	
434	439	-1	
370	434	2	
283	285	-3	
291	293	-4	
291	295	4	
287	295	3	
283	287	4	
402	406	-5	
406	414	-4	
409	414	2	
409	415	5	
407	415	-3	
402	407	2	
168	174	-3	
169	174	-2	
169	233	1	
233	238	-2	
232	238	-2	
168	232	-2	
345	348	3	
348	356	-3	
354	356	4	
354	359	-3	
351	359	-3	
345	351	3	
48	52	4	
52	60	-2	
57	60	3	
57	63	3	
55	63	4	
48	55	3	
456	460	-4	
460	468	3	
464	468	-2	
464	471	-5	
463	471	-3	
456	463	-2	
177	183	-4	
179	183	-3	
179	243	-4	
243	246	-4	
241	246	-3	
177	241	-3	
256	262	4	
257	262	3	
257	321	3	
321	327	-1	
320	327	2	
256	320	3	
496	500	3	
500	508	-3	
505	508	5	
505	510	-5	
502	510	-3	
496	502	4	
185	189	-6	
186	189	-3	
186	250	4	
250	254	6	
249	254	3	
185	249	3	
83	86	-3	
86	94	-3	
91	94	-3	
91	95	2	
87	95	2	
83	87	4	
266	269	-3	
269	277	1	
275	279	-5	
271	279	-1	
266	271	3	
81	85	2	
82	85	4	
82	146	-3	
146	150	-3	
145	150	3	
81	145	4	
201	206	4	
206	214	-1	
208	214	-2	
208	215	4	
207	215	-1	
11	14	5	
14	22	2	
17	22	3	
17	23	-5	
15	23	-2	
11	15	-3	
152	156	2	
156	164	-2	
161	164	4	
161	165	-2	
157	165	-3	
152	157	4	
114	116	-2	
116	124	-2	
120	125	5	
117	125	-3	
114	117	5	
66	69	4	
69	77	-3	
72	77	3	
72	79	3	
71	79	3	
66	71	2	
129	133	4	
133	141	2	
136	141	4	
136	142	3	
134	142	3	
129	134	-3	
416	420	-4	
420	428	-3	
424	430	4	
422	430	-2	
449	453	-3	
450	454	-2	
448	454	-6	
448	455	-5	
449	455	-3	
338	342	-4	
339	342	4	
339	403	2	
402	405	-4	
338	402	1	
42	46	3	
43	46	-5	
43	107	-3	
107	110	-2	
106	110	2	
42	106	3	
195	197	3	
197	205	-3	
202	205	5	
202	206	-3	
198	206	-3	
225	230	-4	
227	230	2	
227	231	5	
224	231	-2	
489	493	-4	
490	493	-4	
490	495	-3	
491	495	5	
491	494	-3	
25	29	-4	
26	29	-3	
26	90	2	
90	95	-3	
89	95	-4	
25	89	-3	
292	300	4	
298	300	2	
298	303	-3	
295	303	-3	
290	295	3	
437	445	4	
443	445	3	
443	446	2	
438	446	-4	
432	438	-4	
162	165	4	
165	173	-2	
170	173	4	
170	174	3	
166	174	2	
162	166	-6	
268	276	2	
273	276	-2	
273	278	3	
270	278	-2	
265	270	2	
0	4	4	
1	6	-5	
0	5	-5	
18	20	-3	
18	82	3	
82	84	-3	
80	84	3	
16	80	-3	
388	396	-3	
394	396	-6	
390	398	-3	
387	390	-5	
376	382	3	
377	382	-4	
377	441	3	
441	446	3	
440	446	-4	
376	440	-1	
363	364	-4	
363	427	-3	
427	429	5	
425	429	3	
361	425	-2	
128	133	3	
130	133	3	
194	199	3	
192	199	3	
73	78	4	
74	78	-1	
74	138	3	
137	143	-4	
73	137	-3	
219	220	-2	
219	283	2	
283	286	-5	
497	502	-3	
507	510	4	
507	511	-2	
503	511	3	
401	404	4	
401	465	-2	
465	471	3	
400	464	1	
232	239	1	
233	239	-4	
233	297	2	
297	301	-2	
232	296	-4	
51	54	3	
50	55	-3	
49	55	-1	
184	188	4	
187	189	-2	
185	191	4	
346	348	-2	
347	348	5	
347	411	2	
410	413	-4	
346	410	1	
145	149	4	
149	157	-2	
153	157	4	
151	159	-3	
145	151	-3	
43	44	-3	
43	47	3	
41	45	3	
331	333	4	
327	335	4	
323	327	5	
368	372	2	
371	372	-2	
371	375	5	
369	375	-1	
368	374	4	
240	244	5	
244	252	2	
251	253	4	
245	253	-3	
480	484	4	
484	492	2	
488	492	5	
488	493	4	
485	493	1	
480	485	-5	
177	180	-3	
177	181	-5	
24	28	3	
28	36	-1	
33	36	2	
30	38	-2	
24	30	-2	
337	341	4	
339	343	5	
336	342	-2	
112	117	-3	
114	118	4	
115	119	5	
210	212	-3	
211	214	5	
209	214	3	
209	215	-3	
210	215	-4	
457	460	5	
458	462	3	
456	461	-5	
305	308	3	
304	311	5	
304	309	-4	
291	294	-3	
291	355	3	
355	356	3	
353	356	2	
289	353	-3	
97	100	-2	
99	102	-3	
98	102	4	
97	101	-4	
8	12	3	
10	13	-4	
10	15	5	
8	15	3	
472	476	4	
475	476	2	
474	477	-4	
58	63	4	
59	63	-3	
56	62	-2	
261	269	-5	
267	269	2	
267	271	-2	
263	271	-3	
259	263	-1	
64	68	-2	
66	68	4	
66	70	-2	
67	70	-3	
67	69	-2	
64	69	-3	
314	319	-2	
314	378	-4	
378	383	-4	
377	383	-5	
313	377	3	
234	237	-3	
235	299	3	
299	302	3	
298	302	5	
234	298	-1	
344	349	3	
349	357	2	
354	357	4	
354	358	3	
350	358	-2	
389	397	4	
392	397	-4	
391	399	4	
385	391	4	
482	487	4	
481	487	3	
222	230	-3	
226	230	2	
226	231	2	
223	231	2	
433	436	3	
436	444	3	
442	447	-2	
439	447	3	
433	439	-3	
148	156	4	
154	156	4	
150	158	-3	
147	150	4	
196	204	-3	
200	205	4	
193	197	-4	
272	276	-2	
276	284	3	
281	287	2	
279	287	-3	
272	279	3	
258	262	4	
258	322	-4	
321	326	-4	
104	108	4	
107	108	3	
107	171	-1	
168	172	4	
104	168	-2	
121	125	-5	
123	125	3	
120	127	-3	
242	246	3	
246	254	1	
248	254	-3	
248	255	-5	
247	255	-2	
72	76	-5	
75	76	-1	
75	139	-2	
72	136	4	
504	508	-3	
501	509	-3	
496	501	4	
328	334	-3	
329	334	4	
329	393	-2	
393	396	3	
392	396	4	
328	392	-1	
412	420	3	
419	420	-3	
414	422	1	
408	414	5	
426	430	-3	
425	430	3	
160	165	-4	
163	167	-4	
163	166	2	
160	166	2	
312	318	-5	
379	380	3	
376	380	3	
131	134	5	
128	134	-4	
130	135	-4	
451	452	-4	
451	455	3	
448	453	-3	
25	31	-4	
88	92	4	
24	88	2	
362	365	3	
365	373	3	
367	375	-1	
18	21	4	
18	22	-4	
465	469	3	
467	471	3	
466	471	3	
466	470	-3	
32	39	4	
243	245	2	
241	245	-4	
256	260	-3	
260	268	3	
264	268	-3	
264	269	3	
256	261	3	
435	436	-2	
435	499	-4	
499	502	-3	
498	502	2	
434	498	3	
104	109	2	
105	169	2	
168	175	-3	
83	85	-3	
85	93	2	
90	94	1	
274	277	4	
274	338	-1	
338	340	2	
273	337	2	
204	212	2	
209	213	-3	
205	213	-2	
203	205	-3	
345	349	-2	
345	409	1	
408	415	-2	
344	408	-2	
49	52	-3	
113	116	-3	
48	112	-4	
11	13	4	
11	75	2	
9	73	-1	
0	6	2	
2	66	4	
0	64	-5	
472	478	2	
232	236	4	
233	236	2	
297	300	2	
296	300	3	
224	229	2	
227	291	-1	
309	317	-3	
310	318	3	
305	310	2	
187	190	-3	
187	251	-3	
251	254	-3	
218	221	1	
282	285	2	
280	285	2	
442	445	4	
330	335	-5	
25	28	3	
26	30	-4	
26	31	3	
144	148	2	
155	156	4	
387	391	-1	
384	389	-3	
386	389	-3	
352	359	-2	
3	5	4	
3	67	4	
65	71	-1	
1	65	-3	
459	460	-3	
491	493	-3	
488	495	2	
97	103	4	
40	44	2	
42	45	4	
42	47	-4	
194	196	2	
195	196	-3	
195	199	-4	
193	199	-3	
194	197	2	
401	406	3	
403	406	2	
403	407	-1	
48	53	-3	
53	61	-2	
57	61	-4	
249	252	4	
249	313	-2	
313	316	4	
248	312	1	
84	92	-3	
88	95	-2	
411	412	3	
418	420	-3	
413	421	-2	
113	117	3	
115	117	1	
114	119	-3	
275	278	3	
275	339	-1	
336	343	-3	
272	336	2	
240	247	2	
243	247	3	
243	307	-2	
240	304	1	
293	301	-3	
298	301	-2	
171	174	4	
174	182	2	
178	183	3	
175	183	-2	
171	175	-3	
464	469	-3	
469	477	-2	
474	478	4	
470	478	2	
464	470	3	
370	372	3	
377	380	3	
370	374	2	
368	373	-2	
369	373	4	
369	433	1	
368	432	2	
230	238	-2	
235	239	3	
231	239	-2	
225	231	3	
256	263	3	
322	324	3	
320	324	-2	
59	123	1	
123	124	-5	
57	121	-1	
274	276	-4	
280	284	5	
280	287	-2	
274	279	-2	
74	77	-2	
73	77	3	
73	79	-2	
265	271	5	
481	486	3	
486	494	2	
489	495	-2	
487	495	-1	
426	429	-5	
429	437	-1	
435	437	-2	
431	439	-3	
213	221	-2	
217	221	2	
215	223	3	
153	158	-3	
281	286	-3	
283	347	-1	
281	345	4	
136	143	4	
139	203	4	
203	207	-1	
200	207	3	
136	200	1	
176	180	2	
180	188	1	
184	189	-3	
181	189	-2	
11	12	2	
361	367	3	
100	108	-2	
103	111	-1	
330	394	1	
393	398	-3	
288	292	2	
289	292	-3	
288	352	5	
299	300	-3	
300	308	-2	
302	310	-2	
267	331	-4	
328	333	2	
264	328	2	
226	228	-3	
228	236	-3	
229	237	-3	
499	500	2	
498	503	-3	
497	501	-1	
35	36	2	
35	38	3	
34	38	-3	
34	39	2	
19	20	-3	
16	23	-3	
16	21	3	
147	211	-3	
144	208	2	
67	131	1	
129	132	-5	
65	129	1	
405	413	2	
410	414	-3	
321	385	2	
384	390	-2	
27	29	4	
27	91	-1	
91	93	-4	
135	143	-1	
131	135	4	
340	348	1	
342	350	-2	
337	342	-1	
41	105	3	
418	422	-3	
154	159	-2	
155	219	-3	
219	222	-3	
218	222	3	
154	218	-1	
467	468	-2	
461	469	-1	
58	60	-3	
54	62	2	
314	316	2	
242	245	-2	
250	253	-2	
250	255	-2	
506	509	4	
506	510	-3	
195	259	-2	
192	256	2	
411	415	-3	
475	479	4	
473	479	-2	
2	4	-5	
168	173	-2	
82	87	-1	
185	188	-2	
186	191	3	
394	399	2	
427	428	-2	
424	431	-3	
440	444	3	
441	445	2	
341	349	2	
346	351	2	
343	351	-1	
312	317	-3	
312	319	4	
311	319	3	
241	244	3	
56	63	4	
51	55	2	
33	39	-3	
88	94	4	
89	94	3	
462	470	-1	
459	463	-2	
141	149	-2	
142	150	1	
419	421	3	
193	198	2	
259	262	-2	
259	323	2	
321	325	-3	
217	220	3	
220	228	-2	
224	230	3	
109	117	-1	
112	118	1	
110	118	3	
17	20	3	
17	21	2	
178	181	-1	
298	362	3	
297	361	2	
507	508	-4	
434	437	3	
75	79	-3	
10	74	-1	
99	163	-2	
163	165	-1	
424	429	1	
201	204	-2	
199	207	-3	
258	260	-2	
262	270	3	
402	404	2	
105	108	1	
106	170	-1	
169	172	2	
410	415	-3	
474	476	1	
68	76	3	
72	78	1	
70	78	-3	
379	382	-3	
353	358	-4	
355	419	2	
417	420	2	
353	417	-2	
385	388	4	
50	114	-2	
93	101	3	
95	103	-3	
307	310	-1	
203	206	-3	
212	220	-2	
477	485	2	
479	487	2	
290	294	-3	
290	354	-1	
435	438	-3	
158	166	-3	
364	372	-2	
19	22	2	
19	83	3	
83	84	-3	
345	350	-3	
280	344	2	
31	39	-1	
27	31	2	
273	279	-2	
42	44	2	
43	45	2	
40	46	3	
339	340	-4	
185	190	-3	
489	492	-2	
490	494	-3	
322	325	2	
326	334	3	
80	87	-2	
80	144	3	
242	306	3	
306	311	-2	
241	305	-2	
9	15	3	
9	14	1	
433	497	-4	
496	503	-2	
432	496	3	
403	467	3	
402	466	-2	
138	141	2	
48	54	2	
49	54	2	
394	458	-2	
392	456	2	
57	62	-3	
313	318	3	
201	205	-1	
264	271	-2	
162	167	1	
225	229	-1	
161	225	-2	
210	214	-2	
146	210	1	
92	100	2	
94	102	-2	
480	486	1	
289	293	1	
216	223	1	
218	223	3	
426	428	1	
176	183	3	
243	244	-1	
176	240	3	
250	252	3	
250	314	1	
453	461	1	
455	463	-1	
450	455	-2	
371	374	3	
375	383	-1	
440	445	-3	
170	234	1	
321	324	-3	
192	197	-2	
113	119	1	
18	23	2	
154	157	-2	
155	157	-1	
173	181	1	
177	182	1	
443	444	-2	
452	460	-1	
454	462	1	
288	295	2	
98	103	-2	
427	430	1	
106	109	-4	
208	212	2	
211	215	1	
82	86	2	
331	332	-1	
265	329	2	
384	388	-2	
233	237	3	
241	247	-1	
416	421	2	
481	484	-1	
282	284	-1	
278	286	-1	
400	405	2	
59	61	-3	
492	500	-2	
494	502	1	
160	224	2	
202	204	2	
200	206	-2	
272	277	-3	
277	285	-1	
83	147	2	
145	148	-2	
226	290	1	
65	69	-4	
172	180	-1	
296	303	-3	
428	436	-1	
330	333	-2	
322	327	-2	
387	451	3	
386	450	-2	
266	270	2	
90	92	2	
96	100	-3	
160	164	1	
356	364	2	
357	365	-2	
504	511	3	
40	104	-1	
192	198	-1	
128	132	-4	
178	242	2	
458	460	2	
456	462	1	
442	446	3	
105	111	2	
73	76	-3	
308	316	1	
379	443	-2	
441	447	-2	
211	213	-3	
495	503	1	
282	287	2	
472	477	-2	
267	268	-3	
146	151	3	
121	126	3	
51	52	1	
47	55	1	
184	248	-2	
362	426	1	
35	99	-2	
34	98	-2	
139	142	-2	
138	202	-2	
384	448	1	
409	412	-2	
506	508	1	
505	509	-1	
397	405	-2	
398	406	3	
26	28	4	
25	30	-2	
432	439	2	
482	484	1	
482	486	2	
115	116	3	
275	276	3	
179	182	2	
286	294	2	
152	159	-2	
153	217	2	
152	216	2	
227	228	-1	
101	109	1	
257	261	2	
265	269	-2	
13	21	-1	
131	133	2	
89	93	-1	
336	400	-1	
234	238	-3	
167	175	2	
214	222	1	
344	348	2	
155	158	2	
193	257	2	
359	367	2	
417	422	-2	
17	81	-3	
354	418	-1	
130	134	-1	
332	340	1	
334	342	1	
12	20	-1	
425	431	1	
235	236	-2	
98	162	-1	
161	166	1	
221	229	1	
483	485	-1	
118	126	2	
119	127	1	
404	412	-1	
504	510	-1	
408	413	1	
32	96	1	
320	325	2	
352	416	1	
282	346	-1	
307	309	1	
307	371	2	
430	438	1	
291	292	1	
289	295	1	
393	457	2	
457	461	1	
266	330	2	
329	335	1	
144	150	-2	
164	172	-2	
183	191	-1	
137	201	-1	
421	429	1	
33	97	1	
315	317	2	
99	101	1	
471	479	1	
232	237	-1	
36	44	2	
41	47	1	
399	407	-1	
468	476	1	
288	293	1	
355	357	1	
50	53	-1	
305	369	1	
411	414	1	
448	452	1	
323	326	1	
299	363	1	
400	406	-1	
143	151	-1	
283	284	-1	
Energy:	-2910	
