NumberOfQubits	504	
NumberOfSubgraphs	840	
Serial	350	
PlantedSolution:	
0	1	
1	1	
2	1	
3	1	
4	-1	
5	-1	
6	-1	
8	-1	
9	1	
10	1	
11	-1	
12	-1	
13	1	
14	1	
15	1	
16	-1	
17	1	
18	-1	
19	1	
20	-1	
21	1	
22	1	
23	1	
24	-1	
25	1	
26	-1	
27	-1	
28	1	
29	-1	
30	-1	
31	1	
32	1	
33	1	
34	1	
35	1	
36	1	
37	1	
38	-1	
39	-1	
40	1	
41	-1	
42	1	
43	1	
44	-1	
45	-1	
46	-1	
47	-1	
48	1	
49	1	
50	1	
51	-1	
52	-1	
53	-1	
54	-1	
55	1	
56	1	
57	-1	
58	-1	
59	1	
60	-1	
61	-1	
62	1	
63	1	
64	-1	
65	-1	
66	1	
67	1	
68	-1	
69	1	
70	-1	
71	-1	
72	-1	
73	1	
74	1	
75	1	
76	1	
77	1	
78	1	
79	1	
80	1	
81	1	
82	1	
83	-1	
84	-1	
85	-1	
86	-1	
87	-1	
88	1	
89	1	
90	1	
91	-1	
92	1	
93	-1	
94	-1	
95	-1	
96	-1	
97	1	
98	-1	
99	-1	
100	-1	
101	1	
102	1	
103	1	
104	1	
105	-1	
106	-1	
107	1	
108	1	
109	1	
110	1	
111	1	
112	-1	
113	-1	
114	-1	
115	-1	
116	1	
117	1	
118	-1	
119	1	
120	-1	
121	1	
123	1	
124	-1	
125	-1	
126	-1	
127	1	
128	-1	
129	-1	
130	-1	
131	-1	
132	-1	
133	-1	
134	-1	
135	1	
136	-1	
137	-1	
138	1	
139	1	
141	-1	
142	-1	
143	-1	
144	-1	
145	1	
146	-1	
147	-1	
148	1	
149	1	
150	-1	
151	-1	
152	1	
153	-1	
154	-1	
155	-1	
156	-1	
157	1	
158	-1	
159	-1	
160	-1	
161	-1	
162	-1	
163	-1	
164	-1	
165	1	
166	-1	
167	1	
168	1	
169	-1	
170	-1	
171	1	
172	-1	
173	-1	
174	1	
175	1	
176	-1	
177	1	
178	-1	
179	1	
180	-1	
181	-1	
182	-1	
183	-1	
184	-1	
185	-1	
186	1	
187	-1	
188	1	
189	-1	
190	1	
191	-1	
192	-1	
193	-1	
194	1	
195	-1	
196	-1	
197	-1	
198	1	
199	-1	
200	-1	
201	1	
202	1	
203	-1	
204	-1	
205	1	
206	1	
207	1	
208	-1	
209	1	
210	-1	
211	-1	
212	1	
213	1	
214	1	
215	1	
216	-1	
217	-1	
218	-1	
219	1	
220	1	
221	1	
222	1	
223	1	
224	1	
225	-1	
226	-1	
227	1	
228	1	
229	-1	
230	-1	
231	1	
232	1	
233	-1	
234	1	
235	1	
236	1	
237	1	
238	-1	
239	-1	
240	1	
241	-1	
242	1	
243	1	
244	-1	
245	-1	
246	-1	
247	-1	
248	-1	
249	1	
250	-1	
251	-1	
252	-1	
253	-1	
254	1	
255	1	
256	-1	
257	-1	
258	1	
259	1	
260	1	
261	1	
262	1	
263	-1	
264	-1	
265	1	
266	1	
267	1	
268	1	
269	1	
270	-1	
271	1	
272	1	
273	-1	
274	-1	
275	-1	
276	1	
277	-1	
278	-1	
279	-1	
280	-1	
281	-1	
282	-1	
283	1	
284	-1	
285	1	
286	1	
287	-1	
288	1	
289	1	
290	1	
291	1	
292	-1	
293	-1	
294	-1	
295	1	
296	-1	
297	1	
298	-1	
299	-1	
300	1	
301	-1	
302	-1	
303	-1	
304	1	
305	1	
306	-1	
307	-1	
308	1	
309	1	
310	-1	
311	-1	
312	-1	
313	1	
314	-1	
315	1	
316	1	
317	1	
318	1	
319	-1	
320	1	
321	1	
322	1	
323	-1	
324	1	
325	-1	
326	-1	
327	-1	
328	1	
329	-1	
330	-1	
331	-1	
332	1	
333	1	
334	1	
335	1	
336	-1	
337	-1	
338	-1	
339	-1	
340	1	
341	-1	
342	1	
343	-1	
344	1	
345	1	
346	1	
347	-1	
348	1	
349	1	
350	1	
351	-1	
352	1	
353	1	
354	1	
355	-1	
356	-1	
357	1	
358	-1	
359	1	
361	1	
362	1	
363	-1	
364	1	
365	-1	
367	-1	
368	1	
369	1	
370	-1	
371	1	
372	-1	
373	-1	
374	1	
375	1	
376	1	
377	1	
378	1	
379	-1	
380	-1	
382	-1	
383	-1	
384	-1	
385	-1	
386	-1	
387	-1	
388	1	
389	1	
390	-1	
391	1	
392	1	
393	1	
394	1	
396	1	
397	1	
398	1	
399	-1	
400	-1	
401	-1	
402	-1	
403	-1	
404	1	
405	1	
406	-1	
407	1	
408	-1	
409	1	
410	-1	
411	1	
412	1	
413	1	
414	1	
415	-1	
416	1	
417	1	
418	1	
419	1	
420	1	
421	-1	
422	-1	
424	1	
425	1	
426	-1	
427	-1	
428	1	
429	1	
430	-1	
431	1	
432	1	
433	-1	
434	-1	
435	1	
436	-1	
437	1	
438	-1	
439	-1	
440	-1	
441	-1	
442	-1	
443	1	
444	-1	
445	-1	
446	1	
447	1	
448	1	
449	1	
450	-1	
451	1	
452	1	
453	1	
454	1	
455	1	
456	-1	
457	1	
458	-1	
459	-1	
460	1	
461	1	
462	-1	
463	1	
464	-1	
465	-1	
466	1	
467	-1	
468	-1	
469	1	
470	-1	
471	-1	
472	1	
473	1	
474	-1	
475	1	
476	-1	
477	1	
478	1	
479	-1	
480	-1	
481	-1	
482	-1	
483	1	
484	-1	
485	1	
486	1	
487	-1	
488	-1	
489	-1	
490	1	
491	1	
492	1	
493	-1	
494	-1	
495	1	
496	1	
497	-1	
498	1	
499	1	
500	1	
501	-1	
502	1	
503	1	
504	1	
505	1	
506	-1	
507	-1	
508	1	
509	-1	
510	-1	
511	1	
Js:	
273	276	6	
276	284	2	
283	284	7	
283	285	-4	
277	285	-2	
273	277	-4	
18	21	2	
21	29	2	
24	29	-4	
24	31	-5	
23	31	-4	
18	23	3	
241	245	4	
242	245	3	
242	306	5	
306	310	-3	
305	310	6	
241	305	2	
66	70	5	
67	70	-4	
67	131	1	
131	132	-7	
130	132	-3	
66	130	2	
186	190	5	
187	190	5	
187	251	-2	
251	255	5	
250	255	6	
186	250	4	
258	263	4	
259	263	4	
259	323	3	
323	325	-5	
322	325	-5	
258	322	-4	
202	204	3	
204	212	4	
208	212	-5	
208	215	2	
207	215	-4	
202	207	-6	
504	508	-6	
505	508	-5	
505	511	-5	
507	511	4	
507	509	-3	
504	509	8	
48	54	5	
51	54	-3	
51	115	-4	
115	118	-3	
112	118	-4	
48	112	3	
337	342	5	
338	342	6	
338	402	-4	
402	405	4	
401	405	3	
337	401	-4	
32	37	-4	
35	37	-2	
35	99	4	
99	102	5	
96	102	-1	
32	96	4	
297	301	-5	
299	301	-5	
299	363	-2	
363	365	-6	
361	365	5	
297	361	-3	
498	501	8	
499	501	4	
499	502	-3	
497	502	7	
497	503	4	
498	503	-2	
144	148	7	
146	148	-2	
146	151	-5	
145	151	5	
145	150	4	
144	150	-3	
88	92	-5	
90	92	-4	
90	95	5	
89	95	-3	
89	94	5	
88	94	3	
290	293	3	
291	293	4	
291	355	4	
355	356	-1	
354	356	6	
290	354	3	
49	53	5	
50	53	4	
50	114	3	
114	116	6	
113	116	2	
49	113	-2	
161	164	-3	
163	164	-4	
163	167	6	
160	167	3	
160	165	6	
161	165	5	
433	436	-3	
434	436	-7	
434	439	5	
435	439	2	
435	438	6	
433	438	-4	
482	484	-4	
484	492	4	
491	492	-6	
491	494	4	
486	494	-4	
482	486	3	
426	428	4	
427	428	6	
427	431	4	
424	431	-6	
424	430	7	
426	430	-3	
216	221	5	
217	221	4	
217	222	3	
219	222	-6	
219	223	-5	
216	223	5	
408	415	6	
411	415	6	
411	475	-4	
475	478	-3	
472	478	-6	
408	472	5	
73	76	4	
74	76	-6	
74	79	-5	
75	79	-5	
75	78	-5	
73	78	-6	
314	318	5	
315	318	-5	
315	379	5	
379	380	-8	
378	380	6	
314	378	4	
2	5	8	
5	13	3	
10	13	-5	
10	14	-5	
6	14	-1	
2	6	6	
329	333	3	
330	333	5	
330	335	-3	
328	335	-4	
328	334	-3	
329	334	2	
440	444	-5	
443	444	5	
443	445	1	
442	445	-6	
442	446	1	
440	446	-5	
170	172	-3	
172	180	-2	
176	180	-2	
176	182	3	
174	182	2	
170	174	6	
80	84	5	
83	84	-3	
83	86	-7	
81	86	6	
81	87	3	
80	87	5	
40	44	-2	
43	44	5	
43	45	4	
41	45	-4	
41	47	-4	
40	47	4	
264	268	4	
267	268	3	
267	270	5	
266	270	5	
266	271	-4	
264	271	4	
456	460	5	
460	468	3	
465	468	-4	
465	470	6	
462	470	-3	
456	462	-4	
385	388	6	
387	388	4	
387	390	-3	
384	390	-6	
384	391	4	
385	391	5	
368	373	5	
371	373	3	
371	375	-3	
369	375	-5	
369	374	3	
368	374	-4	
233	236	4	
235	236	7	
235	239	5	
232	239	4	
232	238	4	
233	238	-3	
344	348	-6	
345	348	-4	
345	349	-6	
347	349	4	
347	350	6	
344	350	-4	
104	109	-4	
107	109	-3	
107	171	-5	
171	175	-3	
168	175	-7	
104	168	-2	
56	60	4	
59	60	4	
59	123	-4	
123	124	4	
120	124	-7	
56	120	2	
304	308	3	
308	316	-6	
313	316	-2	
313	317	-7	
309	317	-3	
304	309	-6	
64	69	5	
65	69	4	
65	129	-3	
129	134	-4	
128	134	-6	
64	128	2	
153	157	6	
155	157	2	
155	159	-6	
152	159	4	
152	158	-2	
153	158	-4	
136	142	-4	
139	142	4	
139	203	-5	
203	206	4	
200	206	6	
136	200	-5	
336	343	-6	
339	343	-3	
339	403	-1	
403	407	4	
400	407	4	
336	400	1	
416	420	5	
418	420	-4	
418	421	5	
419	421	7	
419	422	5	
416	422	6	
449	452	-4	
450	452	5	
450	455	-5	
451	455	-3	
451	453	-5	
449	453	-7	
192	196	-7	
195	196	7	
195	197	-5	
193	197	-5	
193	198	5	
192	198	4	
224	228	-5	
227	228	-4	
227	230	-2	
225	230	-3	
225	231	4	
224	231	-3	
256	262	6	
257	262	4	
257	321	3	
321	324	-4	
320	324	5	
256	320	2	
210	214	6	
211	214	3	
211	275	-3	
275	279	-4	
274	279	-5	
210	274	2	
280	286	-4	
286	294	3	
288	294	2	
288	295	-5	
287	295	4	
280	287	-6	
464	469	4	
469	477	-3	
473	477	5	
473	479	5	
471	479	-2	
464	471	-5	
184	189	-4	
185	189	-3	
185	249	5	
249	252	-3	
248	252	-5	
184	248	-5	
392	396	-5	
393	396	-4	
393	398	-6	
394	398	4	
394	397	-6	
392	397	-7	
33	38	4	
34	38	4	
34	98	-2	
98	103	5	
97	103	-2	
33	97	-2	
483	485	4	
485	493	2	
489	493	-5	
489	495	5	
487	495	2	
483	487	6	
19	20	5	
20	28	2	
27	28	6	
27	30	-2	
22	30	4	
19	22	2	
409	412	-6	
411	412	1	
411	413	-5	
410	413	4	
410	414	5	
409	414	-5	
352	357	4	
355	357	3	
355	358	-6	
353	358	3	
353	359	-4	
352	359	-4	
131	133	-7	
133	141	-2	
137	141	3	
137	143	-3	
135	143	4	
131	135	2	
312	319	-5	
313	319	-3	
313	377	-3	
377	383	6	
376	383	6	
312	376	4	
176	183	-4	
179	183	6	
179	243	-3	
243	247	5	
240	247	4	
176	240	4	
298	300	3	
300	308	-3	
307	308	4	
307	311	1	
303	311	-2	
298	303	-5	
458	461	4	
459	461	7	
459	463	4	
457	463	-5	
457	462	5	
458	462	-3	
8	12	5	
11	12	-2	
11	15	8	
9	15	-6	
9	14	-3	
8	14	8	
105	110	2	
106	110	5	
106	170	-2	
170	173	-4	
169	173	-5	
105	169	-5	
115	117	3	
117	125	6	
121	125	4	
121	127	-4	
119	127	-6	
115	119	-6	
58	61	-5	
59	61	3	
59	63	4	
57	63	4	
57	62	4	
58	62	5	
362	364	6	
364	372	4	
370	372	-3	
370	375	4	
367	375	1	
362	367	7	
194	197	5	
197	205	2	
201	205	-4	
201	207	-3	
199	207	-2	
194	199	7	
226	229	-3	
229	237	2	
234	237	-4	
234	238	-5	
230	238	-2	
226	230	-3	
281	286	5	
282	286	4	
282	346	5	
346	351	2	
345	351	5	
281	345	-1	
82	85	5	
85	93	-5	
91	93	-5	
91	95	-2	
87	95	-4	
82	87	4	
432	437	-6	
433	437	-3	
433	497	-3	
497	500	5	
496	500	-3	
432	496	-4	
1	4	6	
3	4	6	
3	6	-4	
0	6	6	
0	5	3	
1	5	3	
259	260	-5	
260	268	2	
265	268	-5	
265	269	-4	
261	269	-3	
259	261	-2	
208	213	4	
209	213	-6	
209	273	-2	
273	278	-3	
272	278	4	
208	272	3	
154	156	-4	
156	164	-2	
162	164	-4	
162	166	-4	
158	166	2	
154	158	-7	
177	181	5	
178	181	-3	
178	242	2	
242	244	-2	
241	244	-5	
177	241	3	
441	447	5	
442	447	4	
442	506	2	
506	510	-7	
505	510	4	
441	505	2	
331	332	4	
332	340	3	
339	340	5	
339	341	-3	
333	341	3	
331	333	3	
384	389	5	
386	389	7	
386	450	-2	
450	454	4	
448	454	-4	
384	448	-1	
289	292	2	
292	300	3	
296	300	7	
296	302	-3	
294	302	-2	
289	294	-4	
98	100	-4	
100	108	7	
105	108	4	
105	109	-5	
101	109	-4	
98	101	4	
424	429	-2	
426	429	6	
426	490	5	
490	495	-5	
488	495	-4	
424	488	6	
240	245	4	
245	253	-4	
249	253	4	
249	254	4	
246	254	3	
240	246	4	
33	36	3	
36	44	2	
42	44	4	
42	47	4	
39	47	-3	
33	39	7	
417	422	3	
417	481	6	
481	486	4	
480	486	4	
416	480	5	
402	404	-1	
403	404	5	
403	467	-3	
467	468	-4	
466	468	6	
402	466	6	
66	68	4	
68	76	6	
72	76	3	
72	77	7	
69	77	-4	
66	69	-4	
138	141	6	
141	149	3	
147	149	4	
147	150	-5	
142	150	-2	
138	142	4	
185	188	4	
186	188	-4	
187	191	-5	
185	191	-3	
48	52	2	
50	52	7	
51	53	-2	
51	55	5	
48	55	3	
321	327	5	
322	327	4	
322	326	2	
320	326	5	
16	20	2	
17	20	5	
17	21	-7	
19	21	-4	
19	23	-6	
16	23	3	
154	159	-4	
155	219	-2	
219	220	-4	
218	220	6	
154	218	-2	
25	28	-3	
27	29	-4	
26	29	-4	
26	30	-5	
25	30	5	
473	476	4	
474	476	-5	
474	478	4	
472	479	5	
398	406	4	
400	406	-2	
399	407	4	
393	399	7	
40	46	4	
43	46	3	
43	107	-3	
107	111	-5	
104	111	-3	
40	104	5	
379	382	-3	
376	382	5	
378	383	-4	
425	429	-2	
429	437	-2	
435	437	-4	
430	438	-3	
425	430	4	
121	124	4	
123	127	-4	
123	126	-8	
120	126	-3	
64	71	-4	
65	71	-4	
129	133	-5	
128	133	-2	
347	348	4	
348	356	-1	
353	356	4	
353	357	-4	
349	357	-2	
312	316	5	
314	316	5	
314	319	5	
315	319	3	
312	318	3	
80	86	-1	
83	147	-1	
147	148	5	
80	144	1	
99	103	-2	
96	103	7	
417	421	4	
418	482	7	
482	487	4	
481	487	-4	
274	277	-5	
275	277	-3	
275	278	-4	
272	279	5	
387	391	4	
387	451	2	
451	454	5	
449	454	-3	
385	449	1	
361	367	6	
363	367	-4	
363	427	3	
425	428	-5	
361	425	-3	
507	508	5	
507	510	5	
506	509	-3	
251	252	-3	
251	253	-6	
250	253	-3	
250	254	4	
248	254	4	
209	212	-3	
212	220	-2	
218	221	4	
213	221	1	
465	469	3	
466	469	-4	
466	471	3	
464	470	-3	
8	15	4	
11	75	2	
72	78	-3	
8	72	-1	
288	293	5	
293	301	-4	
298	301	4	
295	303	3	
162	167	-4	
163	227	3	
227	231	-4	
226	231	5	
162	226	-4	
177	180	5	
178	180	-4	
178	182	-4	
179	182	5	
177	183	-2	
112	116	4	
114	117	2	
113	117	4	
113	118	-5	
257	261	5	
267	269	-3	
267	271	-4	
263	271	4	
257	263	-4	
457	460	-3	
458	460	5	
458	463	4	
457	461	4	
282	287	3	
346	350	-4	
280	344	3	
136	143	-4	
137	201	6	
201	206	-3	
489	492	3	
490	492	-2	
490	494	4	
488	494	-3	
488	493	-5	
305	311	5	
306	311	-5	
306	370	-3	
370	373	-4	
369	373	5	
305	369	2	
337	340	3	
338	340	3	
336	342	-2	
336	341	-5	
337	341	-4	
57	60	-3	
58	60	-5	
56	62	3	
56	63	-4	
165	173	4	
169	174	2	
166	174	4	
161	166	-5	
90	93	4	
91	94	-3	
195	198	3	
193	199	-3	
192	199	-5	
171	235	1	
168	232	-2	
408	412	4	
409	415	4	
410	415	-2	
408	413	-2	
498	500	-3	
499	500	-4	
499	503	3	
496	503	-5	
496	502	-2	
498	502	-4	
330	334	3	
330	394	3	
328	392	1	
441	444	2	
441	446	4	
443	446	-5	
443	447	-5	
440	447	3	
475	476	5	
476	484	2	
480	484	-5	
480	485	4	
477	485	-3	
475	477	-4	
307	309	4	
307	371	-3	
371	374	-5	
304	368	-4	
228	236	-1	
233	237	7	
224	229	-3	
81	84	4	
82	84	4	
82	146	-1	
81	145	-1	
152	157	-7	
153	217	3	
217	223	4	
152	216	3	
9	13	-5	
10	74	2	
73	79	-4	
9	73	-1	
97	100	5	
106	108	3	
102	110	-6	
97	102	-5	
264	270	3	
265	270	4	
265	329	5	
329	335	5	
264	328	5	
288	292	5	
290	292	3	
354	358	4	
352	358	4	
288	352	-1	
3	67	-3	
65	70	-3	
1	65	4	
139	141	3	
203	204	-4	
138	202	-4	
42	46	5	
46	54	-2	
49	54	4	
49	55	-4	
47	55	2	
30	38	1	
34	39	1	
31	39	2	
26	31	5	
214	222	-2	
216	222	2	
215	223	1	
210	215	3	
384	388	-3	
387	389	5	
386	390	-3	
18	20	-4	
18	22	-7	
16	22	5	
16	21	4	
258	262	-2	
259	262	5	
323	326	-5	
240	244	-2	
241	246	-4	
243	246	5	
401	404	-3	
404	412	-4	
410	412	4	
406	414	4	
401	406	-4	
451	452	-5	
448	453	-5	
448	455	-6	
296	301	-2	
297	302	4	
299	302	-5	
299	303	-2	
296	303	-5	
280	284	3	
281	285	5	
281	287	-4	
184	188	6	
186	191	-3	
187	189	-6	
428	436	3	
431	439	4	
371	372	4	
365	373	-3	
362	365	4	
128	132	-6	
130	135	5	
129	135	5	
25	29	4	
25	89	-6	
88	95	5	
24	88	5	
41	44	-5	
44	52	2	
49	52	3	
45	53	-2	
324	332	-3	
331	335	4	
327	335	4	
320	327	4	
256	260	2	
266	268	-3	
266	269	-4	
256	261	5	
377	382	5	
377	441	4	
441	445	-5	
440	445	-5	
376	440	3	
225	229	-4	
227	229	4	
227	291	-3	
289	293	4	
225	289	4	
2	66	-2	
66	71	3	
0	64	-3	
355	359	5	
355	419	-1	
419	420	-3	
417	420	-6	
353	417	-3	
203	205	3	
205	213	-4	
211	213	-3	
206	214	-2	
73	77	-3	
77	85	1	
81	85	5	
78	86	-1	
112	117	5	
120	125	-6	
120	127	4	
112	119	2	
57	61	-5	
121	126	6	
57	121	2	
341	349	2	
343	351	-3	
305	309	-2	
312	317	3	
310	318	-3	
152	156	3	
160	164	-4	
157	165	2	
396	404	-4	
400	404	3	
400	405	6	
397	405	4	
432	436	-2	
434	498	3	
496	501	6	
32	36	-4	
35	36	-4	
99	101	-5	
96	101	4	
171	172	5	
179	180	3	
179	181	3	
173	181	-1	
171	173	-3	
474	477	4	
479	487	-2	
474	479	-4	
467	469	4	
461	469	-2	
456	461	-4	
9	12	5	
10	12	4	
11	14	4	
234	236	-1	
233	239	-3	
144	149	4	
146	150	-4	
144	151	2	
248	253	3	
248	255	3	
247	255	3	
242	247	4	
106	111	3	
209	215	-3	
272	276	-3	
194	258	-2	
258	260	-5	
257	260	4	
193	257	2	
506	508	4	
506	511	-4	
490	493	4	
491	495	-4	
394	399	4	
329	393	-2	
67	68	6	
71	79	4	
67	71	3	
114	118	-5	
113	119	5	
226	290	3	
290	294	5	
340	348	-2	
342	350	1	
339	342	4	
130	133	4	
131	195	-1	
195	199	-3	
130	194	2	
435	499	-4	
251	254	3	
251	315	1	
315	317	-4	
249	313	-1	
325	333	3	
331	334	6	
326	334	-4	
90	94	4	
90	154	2	
153	156	-5	
89	153	2	
421	429	3	
422	430	2	
182	190	5	
185	190	3	
183	191	-4	
220	228	-4	
224	230	5	
222	230	3	
169	172	-4	
168	174	3	
169	175	4	
374	382	3	
375	383	3	
75	77	-5	
75	139	2	
72	136	-4	
403	406	-6	
467	470	-5	
401	465	-3	
19	83	3	
83	87	4	
16	80	6	
304	311	3	
368	372	-3	
2	4	2	
4	12	-2	
8	13	2	
200	204	-4	
201	204	4	
202	205	-4	
200	207	3	
54	62	3	
58	63	5	
55	63	-3	
409	413	-3	
408	414	2	
281	284	-3	
283	286	-3	
282	285	4	
262	270	3	
265	271	2	
256	263	-4	
34	37	-7	
37	45	-1	
42	45	4	
38	46	-2	
379	443	3	
442	444	-5	
378	442	-2	
454	462	2	
455	463	1	
98	162	2	
97	161	2	
356	364	2	
359	367	2	
354	359	-3	
234	298	4	
232	296	3	
210	212	2	
211	212	4	
28	36	-3	
27	31	4	
84	92	4	
91	92	5	
386	388	3	
472	476	3	
243	244	-4	
244	252	-4	
250	252	-3	
502	510	4	
503	511	-4	
307	310	-5	
337	343	-2	
338	343	4	
180	188	4	
181	189	3	
432	438	4	
432	439	-2	
52	60	-4	
56	61	5	
53	61	2	
155	158	-5	
163	166	-2	
159	167	2	
43	47	3	
346	349	-4	
350	358	3	
452	460	2	
453	461	-1	
481	484	-3	
145	149	-4	
143	151	-3	
138	143	-4	
402	407	-3	
400	464	-4	
264	269	-3	
130	134	-4	
128	135	4	
388	396	-4	
390	398	4	
385	390	-4	
64	68	2	
67	69	-3	
64	70	-4	
320	325	3	
321	326	4	
193	196	-4	
194	198	-5	
24	28	3	
24	30	-3	
274	278	-4	
272	277	3	
291	292	4	
291	294	4	
290	295	3	
219	221	-2	
218	223	-2	
218	222	4	
98	102	3	
0	4	6	
1	6	5	
123	125	2	
344	351	-4	
346	410	2	
344	408	3	
425	431	-4	
425	489	4	
17	23	-2	
51	52	-4	
41	46	-4	
392	399	-2	
394	458	2	
456	463	4	
392	456	3	
178	183	3	
242	246	4	
478	486	1	
483	486	-4	
311	319	-4	
137	142	-4	
145	148	-2	
164	172	3	
168	172	3	
168	173	3	
108	116	-1	
115	116	4	
111	119	-1	
329	332	-3	
330	332	3	
437	445	3	
438	446	3	
336	340	4	
234	239	5	
231	239	1	
186	189	4	
184	191	-3	
184	190	2	
35	39	3	
35	38	5	
32	38	4	
74	77	2	
74	78	-3	
249	255	-3	
202	206	-2	
211	215	5	
505	509	4	
283	287	-2	
113	177	-2	
176	181	-5	
112	176	-2	
352	356	4	
354	357	-3	
291	295	1	
11	13	4	
171	174	-3	
427	429	5	
427	491	3	
491	493	-3	
467	471	-4	
369	372	4	
372	380	-2	
59	62	-5	
301	309	2	
302	310	3	
407	415	-2	
232	236	-4	
236	244	3	
237	245	3	
232	237	-3	
18	82	4	
80	85	2	
370	374	3	
371	435	-2	
435	436	-2	
370	434	-3	
363	364	5	
155	156	-4	
153	159	2	
104	108	-3	
104	110	3	
448	452	-4	
449	455	-5	
322	324	-4	
323	324	2	
323	327	-3	
321	325	2	
275	276	2	
275	339	-4	
273	337	2	
459	462	-5	
210	213	2	
208	214	3	
139	143	4	
192	197	-3	
410	474	-3	
65	68	-2	
72	79	2	
328	332	-4	
50	55	3	
40	45	5	
483	484	2	
488	492	2	
436	444	-3	
439	447	-3	
433	439	-6	
27	91	4	
89	93	4	
216	220	2	
218	282	-2	
282	284	-2	
216	280	-3	
203	267	2	
202	266	-1	
289	353	-2	
391	399	3	
500	508	-2	
501	509	2	
175	183	1	
170	175	4	
161	225	-3	
225	228	-2	
160	224	2	
17	81	3	
3	5	5	
297	303	3	
233	297	3	
338	341	-3	
306	309	3	
240	304	2	
378	382	4	
470	478	2	
473	478	-4	
465	471	-4	
129	132	-2	
131	134	2	
70	78	-2	
427	430	1	
10	15	-2	
74	138	-2	
73	137	2	
26	90	3	
235	299	4	
299	300	2	
48	53	5	
97	101	-4	
306	308	-1	
468	476	-1	
472	477	1	
347	411	1	
459	460	4	
419	483	-4	
114	119	-2	
241	247	-2	
200	205	-3	
106	109	4	
154	157	-1	
285	293	-2	
177	182	-1	
402	406	2	
314	317	3	
313	318	-4	
162	165	2	
160	166	-3	
492	500	-3	
494	502	2	
489	494	-3	
258	261	-5	
403	405	1	
221	229	4	
223	231	-3	
284	292	-3	
289	295	-4	
203	207	2	
83	85	-2	
86	94	3	
346	348	-3	
345	409	2	
379	383	-3	
12	20	-2	
15	23	-2	
107	110	-2	
26	28	3	
34	36	4	
29	37	2	
482	485	4	
481	485	3	
298	302	-3	
146	149	-3	
146	210	-5	
145	209	-4	
504	511	-3	
464	468	-4	
434	437	-2	
368	432	-2	
96	100	-2	
105	111	3	
103	111	-3	
409	473	-2	
50	54	-3	
377	380	2	
136	141	-3	
235	238	4	
269	277	3	
270	278	2	
394	396	-1	
89	92	-2	
114	178	-2	
198	206	-3	
351	359	-2	
347	351	-4	
305	308	-3	
148	156	-2	
151	159	-2	
322	386	1	
386	391	4	
320	384	1	
335	343	2	
33	37	-4	
217	281	-2	
413	421	2	
414	422	-1	
411	414	-3	
268	276	-3	
273	279	-3	
271	279	2	
187	188	2	
42	106	3	
283	347	-1	
75	76	1	
147	211	-2	
323	387	2	
321	385	2	
392	398	-2	
393	457	1	
334	342	2	
466	470	-1	
134	142	-2	
357	365	-2	
315	316	2	
167	175	-3	
161	167	-2	
82	86	2	
352	416	-3	
475	479	4	
376	380	-2	
401	407	3	
217	220	4	
361	364	-3	
32	39	-4	
149	157	-2	
267	331	3	
99	163	-2	
163	165	3	
96	160	-2	
13	21	1	
463	471	-2	
495	503	2	
480	487	-2	
274	276	-2	
385	389	-2	
41	105	-1	
116	124	-3	
405	413	-2	
17	22	-3	
14	22	1	
424	428	1	
235	237	-1	
266	330	3	
147	151	-3	
369	433	1	
88	152	-1	
118	126	-3	
243	307	-1	
280	285	1	
144	208	-3	
224	288	-2	
418	422	3	
91	155	1	
420	428	1	
328	333	-3	
274	338	2	
297	300	-2	
298	362	-1	
443	507	1	
440	504	1	
368	375	-2	
389	397	-3	
226	228	-2	
99	100	-2	
200	264	-1	
195	259	1	
192	256	-1	
279	287	-1	
88	93	-1	
450	453	2	
497	501	-1	
278	286	-1	
170	234	-1	
196	204	1	
209	214	2	
354	418	1	
344	349	-2	
93	101	1	
95	103	1	
272	336	2	
129	193	1	
412	420	1	
345	350	-2	
362	426	2	
426	431	-2	
243	245	2	
239	247	-2	
493	501	1	
194	196	1	
238	246	-2	
416	421	-1	
107	108	2	
504	510	2	
219	283	1	
25	31	-2	
Energy:	-3748	
