NumberOfQubits	504	
NumberOfSubgraphs	504	
Serial	398	
PlantedSolution:	
0	1	
1	1	
2	1	
3	1	
4	-1	
5	-1	
6	1	
8	-1	
9	-1	
10	-1	
11	1	
12	-1	
13	1	
14	-1	
15	-1	
16	1	
17	-1	
18	-1	
19	1	
20	-1	
21	-1	
22	-1	
23	1	
24	-1	
25	1	
26	-1	
27	-1	
28	-1	
29	1	
30	1	
31	-1	
32	-1	
33	-1	
34	1	
35	-1	
36	-1	
37	-1	
38	1	
39	-1	
40	1	
41	-1	
42	1	
43	-1	
44	-1	
45	1	
46	-1	
47	-1	
48	-1	
49	-1	
50	-1	
51	-1	
52	-1	
53	-1	
54	1	
55	-1	
56	-1	
57	1	
58	-1	
59	1	
60	1	
61	-1	
62	-1	
63	1	
64	1	
65	1	
66	-1	
67	-1	
68	1	
69	1	
70	1	
71	1	
72	-1	
73	-1	
74	-1	
75	-1	
76	-1	
77	1	
78	1	
79	1	
80	1	
81	1	
82	1	
83	-1	
84	1	
85	-1	
86	1	
87	1	
88	1	
89	-1	
90	-1	
91	-1	
92	-1	
93	1	
94	1	
95	-1	
96	-1	
97	-1	
98	-1	
99	1	
100	1	
101	-1	
102	1	
103	1	
104	-1	
105	-1	
106	-1	
107	1	
108	-1	
109	-1	
110	-1	
111	-1	
112	1	
113	1	
114	1	
115	1	
116	-1	
117	1	
118	-1	
119	-1	
120	-1	
121	-1	
123	1	
124	1	
125	-1	
126	-1	
127	1	
128	1	
129	1	
130	1	
131	-1	
132	-1	
133	-1	
134	-1	
135	1	
136	-1	
137	1	
138	-1	
139	-1	
141	1	
142	1	
143	-1	
144	-1	
145	1	
146	1	
147	-1	
148	1	
149	1	
150	-1	
151	1	
152	-1	
153	1	
154	-1	
155	-1	
156	-1	
157	-1	
158	1	
159	1	
160	1	
161	1	
162	1	
163	-1	
164	1	
165	-1	
166	-1	
167	1	
168	1	
169	1	
170	-1	
171	1	
172	1	
173	1	
174	-1	
175	1	
176	-1	
177	-1	
178	1	
179	1	
180	-1	
181	1	
182	1	
183	-1	
184	1	
185	1	
186	-1	
187	-1	
188	-1	
189	1	
190	-1	
191	-1	
192	1	
193	-1	
194	1	
195	-1	
196	1	
197	-1	
198	1	
199	-1	
200	-1	
201	-1	
202	1	
203	1	
204	-1	
205	1	
206	1	
207	-1	
208	-1	
209	1	
210	1	
211	-1	
212	1	
213	1	
214	-1	
215	-1	
216	1	
217	-1	
218	1	
219	-1	
220	-1	
221	1	
222	1	
223	1	
224	-1	
225	1	
226	-1	
227	-1	
228	1	
229	-1	
230	1	
231	1	
232	1	
233	-1	
234	-1	
235	1	
236	-1	
237	1	
238	1	
239	1	
240	1	
241	-1	
242	1	
243	-1	
244	-1	
245	-1	
246	1	
247	-1	
248	1	
249	-1	
250	-1	
251	-1	
252	-1	
253	-1	
254	1	
255	-1	
256	1	
257	1	
258	-1	
259	1	
260	-1	
261	1	
262	1	
263	1	
264	1	
265	-1	
266	1	
267	-1	
268	-1	
269	-1	
270	-1	
271	-1	
272	1	
273	1	
274	-1	
275	1	
276	-1	
277	1	
278	-1	
279	1	
280	1	
281	1	
282	-1	
283	-1	
284	-1	
285	-1	
286	1	
287	-1	
288	1	
289	1	
290	-1	
291	-1	
292	-1	
293	1	
294	-1	
295	1	
296	1	
297	-1	
298	1	
299	1	
300	1	
301	-1	
302	-1	
303	1	
304	1	
305	-1	
306	-1	
307	-1	
308	-1	
309	1	
310	1	
311	1	
312	-1	
313	1	
314	-1	
315	1	
316	-1	
317	1	
318	-1	
319	1	
320	1	
321	-1	
322	-1	
323	1	
324	-1	
325	1	
326	-1	
327	1	
328	-1	
329	1	
330	-1	
331	-1	
332	-1	
333	-1	
334	-1	
335	1	
336	1	
337	1	
338	1	
339	1	
340	1	
341	1	
342	1	
343	-1	
344	-1	
345	1	
346	1	
347	1	
348	1	
349	-1	
350	-1	
351	-1	
352	1	
353	1	
354	-1	
355	1	
356	-1	
357	1	
358	1	
359	-1	
361	1	
362	-1	
363	1	
364	-1	
365	1	
367	1	
368	1	
369	-1	
370	1	
371	-1	
372	-1	
373	1	
374	-1	
375	-1	
376	1	
377	-1	
378	-1	
379	1	
380	1	
382	-1	
383	1	
384	-1	
385	1	
386	-1	
387	1	
388	-1	
389	1	
390	1	
391	-1	
392	-1	
393	1	
394	1	
396	1	
397	1	
398	-1	
399	-1	
400	-1	
401	1	
402	-1	
403	-1	
404	-1	
405	-1	
406	-1	
407	1	
408	-1	
409	1	
410	1	
411	-1	
412	1	
413	1	
414	-1	
415	1	
416	-1	
417	1	
418	-1	
419	1	
420	-1	
421	-1	
422	1	
424	1	
425	-1	
426	1	
427	-1	
428	-1	
429	-1	
430	1	
431	-1	
432	-1	
433	1	
434	1	
435	1	
436	1	
437	-1	
438	1	
439	-1	
440	-1	
441	-1	
442	1	
443	1	
444	1	
445	1	
446	-1	
447	-1	
448	1	
449	1	
450	-1	
451	-1	
452	-1	
453	-1	
454	1	
455	-1	
456	-1	
457	1	
458	-1	
459	1	
460	1	
461	-1	
462	-1	
463	-1	
464	-1	
465	1	
466	1	
467	-1	
468	1	
469	-1	
470	-1	
471	-1	
472	1	
473	-1	
474	1	
475	-1	
476	1	
477	-1	
478	1	
479	1	
480	-1	
481	1	
482	-1	
483	-1	
484	1	
485	1	
486	1	
487	-1	
488	1	
489	-1	
490	1	
491	1	
492	1	
493	-1	
494	1	
495	-1	
496	-1	
497	-1	
498	1	
499	-1	
500	1	
501	-1	
502	1	
503	-1	
504	1	
505	-1	
506	1	
507	-1	
508	-1	
509	1	
510	-1	
511	-1	
Js:	
203	204	4	
204	212	1	
210	212	-4	
210	215	4	
207	215	-2	
203	207	-1	
320	324	5	
321	324	-2	
321	385	2	
385	391	3	
384	391	-3	
320	384	-1	
193	197	3	
194	197	5	
194	199	2	
192	199	4	
192	198	-3	
193	198	2	
440	445	-2	
442	445	-3	
442	446	4	
441	446	-3	
441	447	-3	
440	447	-5	
25	28	3	
28	36	-2	
35	36	-2	
35	37	2	
29	37	4	
25	29	-2	
224	228	2	
228	236	3	
233	236	2	
233	238	3	
230	238	-3	
224	230	5	
426	428	4	
427	428	-2	
427	429	-3	
424	429	3	
424	431	3	
426	431	2	
392	396	3	
396	404	3	
402	404	-3	
402	405	-4	
397	405	3	
392	397	4	
291	293	4	
293	301	2	
297	301	-3	
297	302	-2	
294	302	-3	
291	294	2	
162	164	-4	
163	164	3	
163	227	-4	
227	231	3	
226	231	4	
162	226	-1	
130	133	2	
131	133	-3	
131	135	2	
128	135	4	
128	134	3	
130	134	3	
80	87	-4	
83	87	2	
83	147	-1	
147	148	4	
144	148	-3	
80	144	1	
57	60	-4	
58	60	2	
58	61	-3	
59	61	3	
59	63	-4	
57	63	-4	
176	180	-2	
179	180	4	
179	183	-2	
178	183	2	
178	182	-3	
176	182	2	
307	308	-3	
308	316	2	
313	316	4	
313	319	-4	
311	319	-2	
307	311	3	
267	268	-2	
268	276	-3	
272	276	-3	
272	279	-2	
271	279	2	
267	271	-2	
330	333	-3	
333	341	3	
337	341	-3	
337	343	2	
335	343	-3	
330	335	2	
104	108	-2	
107	108	3	
107	111	2	
106	111	2	
106	110	-4	
104	110	-3	
281	284	3	
283	284	-5	
283	285	-3	
282	285	-3	
282	286	2	
281	286	-4	
72	76	3	
75	76	-2	
75	78	3	
73	78	3	
73	77	3	
72	77	2	
65	69	-3	
66	69	4	
66	71	3	
67	71	2	
67	70	3	
65	70	2	
506	508	-4	
507	508	-2	
507	509	3	
505	509	3	
505	511	-2	
506	511	2	
274	277	3	
275	277	-1	
275	339	-3	
339	342	3	
338	342	-3	
274	338	1	
352	357	-4	
353	357	-2	
353	417	-2	
417	422	3	
416	422	3	
352	416	1	
408	412	2	
411	412	4	
411	413	3	
409	413	-3	
409	415	-4	
408	415	3	
240	244	3	
243	244	-2	
243	246	3	
241	246	4	
241	247	2	
240	247	4	
184	188	3	
187	188	-2	
187	251	2	
251	255	-3	
248	255	5	
184	248	-2	
258	260	-4	
259	260	3	
259	323	-2	
323	326	-3	
322	326	-5	
258	322	-1	
393	399	2	
394	399	4	
394	458	4	
458	463	3	
457	463	3	
393	457	-3	
97	100	3	
99	100	-3	
99	103	1	
98	103	3	
98	101	-3	
97	101	-1	
16	20	2	
18	20	-5	
18	21	-3	
19	21	3	
19	23	-3	
16	23	2	
41	45	4	
45	53	1	
48	53	-4	
48	55	2	
47	55	-2	
41	47	-3	
496	501	-3	
498	501	3	
498	502	-2	
499	502	5	
499	503	-2	
496	503	-3	
161	165	3	
165	173	3	
170	173	4	
170	175	2	
167	175	-3	
161	167	-3	
304	309	-3	
306	309	5	
306	370	-3	
370	375	2	
368	375	3	
304	368	-3	
475	476	-4	
476	484	-3	
482	484	3	
482	485	5	
477	485	1	
475	477	-2	
10	12	3	
11	12	4	
11	13	-3	
9	13	2	
9	15	-4	
10	15	-4	
450	452	-1	
451	452	-2	
451	454	3	
449	454	-3	
449	455	4	
450	455	3	
112	116	2	
114	116	3	
114	117	-2	
115	117	-4	
115	119	2	
112	119	-3	
201	206	2	
202	206	-3	
202	266	1	
266	270	4	
265	270	-3	
201	265	-2	
88	93	-5	
89	93	1	
89	94	2	
90	94	2	
90	95	-3	
88	95	-1	
24	30	1	
30	38	-2	
34	38	-5	
34	39	4	
31	39	2	
24	31	-3	
153	156	-1	
155	156	-3	
155	157	-1	
152	157	-5	
152	159	1	
153	159	-2	
344	348	3	
345	348	1	
345	351	2	
346	351	3	
346	349	4	
344	349	-3	
466	468	-4	
467	468	-3	
467	470	-2	
464	470	-5	
464	471	-1	
466	471	3	
121	124	4	
123	124	-3	
123	125	4	
120	125	-2	
120	127	3	
121	127	4	
432	437	3	
435	437	2	
435	439	3	
433	439	2	
433	438	-2	
432	438	5	
480	486	4	
486	494	-1	
491	494	-1	
491	495	3	
487	495	1	
480	487	-3	
209	213	-2	
213	221	-1	
218	221	-3	
218	222	-3	
214	222	-1	
209	214	4	
138	141	-2	
141	149	-1	
146	149	-2	
146	150	4	
142	150	1	
138	142	5	
42	44	-2	
44	52	-2	
51	52	-3	
51	54	1	
46	54	3	
42	46	4	
354	356	-3	
355	356	3	
355	419	-1	
419	421	1	
418	421	-3	
354	418	2	
289	292	6	
292	300	-1	
299	300	-2	
299	303	-3	
295	303	-2	
289	295	-2	
376	380	-1	
377	380	2	
377	383	3	
379	383	1	
379	382	4	
376	382	3	
0	4	2	
2	4	2	
2	5	3	
1	5	3	
1	6	3	
0	6	-3	
361	364	3	
362	364	2	
362	367	4	
363	367	-2	
363	365	-3	
361	365	-4	
168	172	-3	
171	172	-3	
171	235	-1	
235	237	-4	
232	237	-1	
168	232	2	
185	190	3	
186	190	-4	
186	250	-2	
250	253	4	
249	253	-4	
185	249	2	
305	310	2	
307	310	3	
307	371	-1	
371	374	3	
369	374	-3	
305	369	-3	
448	453	3	
453	461	-4	
459	461	4	
459	462	5	
454	462	4	
448	454	1	
425	430	-1	
426	430	-2	
426	490	-3	
490	493	3	
489	493	-2	
425	489	-4	
80	84	-3	
82	84	-3	
82	85	4	
81	85	3	
81	86	-4	
80	86	1	
328	332	-3	
329	332	2	
329	333	3	
331	333	2	
331	334	-3	
328	334	-5	
257	261	3	
259	261	-3	
259	263	-1	
256	263	-3	
256	262	-4	
257	262	-3	
400	405	-3	
401	405	-1	
401	407	-4	
403	407	2	
403	406	-3	
400	406	-3	
217	220	-3	
219	220	-3	
219	223	2	
216	223	3	
216	221	-4	
217	221	1	
408	414	-4	
410	414	-4	
410	474	-4	
474	478	-3	
472	478	-1	
408	472	4	
385	388	2	
386	388	-1	
386	389	4	
387	389	4	
387	390	-2	
385	390	-2	
136	143	-2	
137	143	3	
137	201	3	
201	205	2	
200	205	3	
136	200	-3	
314	316	-2	
315	316	1	
315	317	-4	
312	317	2	
312	318	-4	
314	318	2	
272	278	-2	
273	278	4	
273	337	-2	
337	340	-2	
336	340	-3	
272	336	-2	
32	36	-5	
33	36	-5	
33	97	-2	
97	102	-3	
96	102	3	
32	96	-3	
232	239	-5	
234	239	2	
234	298	3	
298	300	-3	
296	300	2	
232	296	-3	
440	444	2	
443	444	-4	
443	507	-1	
507	510	-2	
504	510	3	
440	504	1	
105	109	-4	
107	109	3	
107	171	2	
171	174	1	
169	174	4	
105	169	3	
177	181	3	
181	189	-4	
185	189	1	
185	191	3	
183	191	-3	
177	183	-2	
347	350	4	
350	358	3	
355	358	3	
355	359	3	
351	359	-1	
347	351	3	
145	150	4	
150	158	-1	
154	158	2	
154	159	4	
151	159	-3	
145	151	-3	
8	13	3	
13	21	2	
17	21	2	
17	22	-3	
14	22	-3	
8	14	-2	
26	28	-2	
27	28	-3	
27	91	2	
91	92	-2	
90	92	-3	
26	90	-2	
488	492	-3	
492	500	-4	
497	500	4	
497	503	-2	
495	503	-3	
488	495	-4	
129	132	4	
131	132	-2	
131	195	2	
195	196	2	
193	196	2	
129	193	2	
49	52	4	
50	52	-2	
50	114	2	
114	118	3	
113	118	3	
49	113	3	
465	469	3	
469	477	-3	
473	477	-4	
473	479	-1	
471	479	3	
465	471	2	
160	166	3	
161	166	2	
161	225	-2	
225	229	3	
224	229	3	
160	224	3	
64	68	-2	
68	76	3	
74	76	-2	
74	79	-4	
71	79	-3	
64	71	-3	
417	420	2	
419	420	2	
419	483	4	
483	487	2	
481	487	4	
417	481	-1	
392	398	-2	
394	398	2	
458	460	3	
456	460	5	
392	456	1	
242	244	3	
244	252	-3	
251	252	-2	
251	254	4	
246	254	2	
242	246	-3	
280	286	-4	
286	294	2	
288	294	2	
288	295	-3	
287	295	-1	
280	287	5	
369	373	3	
370	373	-2	
370	434	-2	
434	436	-4	
433	436	-2	
369	433	-1	
56	62	4	
59	62	2	
59	123	-1	
123	126	4	
120	126	-4	
56	120	-1	
208	212	1	
209	212	-2	
211	214	2	
211	215	-2	
208	215	-2	
266	268	1	
264	271	4	
264	269	-3	
266	269	2	
321	325	4	
322	325	3	
322	327	2	
320	327	-2	
320	326	2	
321	326	1	
40	44	3	
43	44	3	
43	45	4	
40	47	3	
368	372	2	
372	380	2	
378	380	4	
378	383	3	
375	383	-1	
137	141	-2	
139	142	3	
139	143	-3	
242	245	4	
245	253	-3	
248	253	1	
247	255	2	
242	247	1	
3	4	4	
4	12	-2	
10	14	-2	
6	14	1	
3	6	-2	
290	292	-2	
290	354	3	
354	358	3	
353	358	-2	
289	353	-2	
83	84	2	
83	86	2	
101	109	2	
105	111	-2	
103	111	3	
229	237	3	
235	238	2	
225	230	-2	
26	29	4	
34	37	2	
26	30	2	
504	508	3	
505	508	-3	
505	510	-3	
506	510	3	
506	509	-2	
504	509	2	
11	15	-2	
11	75	1	
75	77	4	
9	73	-2	
323	324	2	
324	332	-2	
331	332	-2	
331	335	-1	
327	335	-2	
323	327	-2	
220	228	2	
226	228	3	
223	231	1	
283	287	-2	
283	347	2	
347	349	-1	
280	344	1	
186	188	4	
186	191	-1	
187	191	-3	
187	189	2	
184	189	-4	
424	428	2	
425	428	-2	
425	431	2	
427	431	-3	
427	430	4	
424	430	-3	
409	412	-3	
412	420	-2	
416	420	-4	
416	421	-2	
413	421	3	
491	492	-3	
496	500	2	
493	501	-2	
491	493	3	
339	403	2	
403	404	-3	
338	402	2	
377	382	-3	
379	443	-2	
441	444	-2	
377	441	-3	
164	172	-2	
170	172	-2	
162	165	1	
130	132	3	
130	135	-2	
128	133	2	
129	133	4	
437	445	2	
438	446	2	
65	68	-4	
66	68	3	
67	69	2	
89	95	-2	
91	95	-3	
91	155	-2	
155	158	2	
153	158	2	
89	153	2	
257	260	2	
258	262	2	
257	263	3	
195	198	3	
198	206	-3	
200	206	-2	
200	207	-3	
199	207	-3	
195	199	-2	
40	46	2	
42	106	-2	
40	104	4	
273	276	-1	
274	276	-3	
274	279	3	
275	279	-3	
275	278	4	
178	180	2	
179	182	-1	
176	181	-2	
178	181	-1	
17	20	2	
18	23	1	
19	22	3	
457	460	-2	
459	463	3	
456	462	1	
481	484	-3	
481	486	-2	
478	486	-1	
475	478	3	
298	302	-1	
302	310	3	
305	311	3	
303	311	-2	
298	303	-3	
146	148	-2	
147	149	3	
144	149	-3	
144	151	3	
146	151	-2	
113	117	-1	
112	118	2	
386	391	-3	
387	391	1	
387	451	2	
451	455	-2	
386	450	-3	
465	468	-1	
466	469	4	
467	469	2	
465	470	4	
363	364	-3	
364	372	-2	
371	372	-5	
371	373	3	
365	373	-3	
49	53	-2	
49	55	-2	
50	55	2	
50	54	3	
48	54	3	
192	196	-3	
196	204	2	
203	205	-2	
197	205	2	
192	197	-1	
434	439	-2	
435	499	2	
434	498	-3	
56	60	2	
57	62	-2	
58	62	-3	
58	63	2	
56	63	2	
217	222	-4	
218	282	1	
281	285	3	
217	281	1	
313	317	-3	
314	319	2	
384	388	-2	
388	396	3	
393	396	1	
393	398	4	
390	398	2	
384	390	3	
32	39	3	
35	39	-2	
35	99	2	
96	100	2	
166	174	2	
168	174	3	
168	175	-2	
160	167	-3	
264	270	1	
265	329	2	
329	334	-1	
264	328	2	
401	406	3	
406	414	1	
411	414	-1	
411	415	2	
407	415	-1	
233	239	3	
233	297	2	
296	301	3	
25	31	3	
25	89	2	
89	92	-3	
88	92	2	
24	88	2	
288	293	-3	
291	355	2	
355	357	-2	
288	352	-3	
418	422	2	
419	422	-2	
483	485	-2	
418	482	-1	
240	245	2	
241	245	-2	
241	305	-1	
305	308	-1	
304	308	-2	
240	304	-1	
340	348	-3	
346	348	-3	
341	349	-1	
336	341	-2	
425	429	-2	
489	494	4	
488	494	-2	
424	488	-3	
211	212	3	
208	214	-3	
208	213	3	
210	213	-2	
250	252	-5	
249	254	4	
74	77	1	
73	79	1	
72	78	1	
154	157	-2	
154	218	2	
218	223	-3	
152	216	2	
448	452	3	
449	452	3	
451	453	3	
116	124	3	
121	125	-3	
117	125	-3	
112	117	-2	
474	479	-2	
472	479	-3	
353	356	2	
356	364	-2	
359	367	3	
353	359	2	
0	5	-2	
1	65	-2	
0	64	-3	
91	93	-1	
93	101	2	
99	101	4	
99	102	-2	
94	102	-2	
91	94	2	
234	236	-2	
235	236	-2	
235	299	-2	
345	350	4	
281	345	1	
370	374	2	
368	374	3	
389	397	-3	
392	399	-2	
391	399	2	
376	383	4	
378	442	2	
442	447	1	
376	440	3	
258	261	1	
261	269	1	
263	271	2	
258	263	3	
336	343	-2	
339	343	2	
336	400	2	
464	469	-2	
473	478	3	
470	478	-1	
177	182	3	
182	190	3	
202	205	3	
202	207	2	
145	148	1	
148	156	2	
154	156	-2	
51	53	-3	
53	61	-1	
57	61	-2	
55	63	2	
51	55	-2	
330	332	2	
325	333	1	
320	325	-2	
163	167	-1	
227	230	2	
20	28	-1	
27	30	4	
22	30	1	
16	22	-2	
497	501	-2	
497	502	2	
494	502	-1	
490	494	3	
123	127	-2	
121	126	3	
72	79	3	
75	79	1	
75	139	1	
136	142	1	
72	136	-2	
43	47	-2	
43	107	3	
3	5	3	
3	67	3	
2	66	-2	
179	243	3	
243	245	1	
176	240	2	
33	38	2	
428	436	2	
431	439	-2	
8	12	-3	
11	14	-2	
9	14	-2	
131	134	3	
129	134	2	
275	276	2	
273	277	-2	
272	277	-3	
105	108	-4	
106	108	-2	
106	170	1	
170	174	-2	
290	293	1	
299	301	2	
299	302	-1	
290	294	-3	
81	84	-3	
84	92	-1	
87	95	2	
81	87	-2	
458	461	1	
457	461	3	
480	485	2	
482	487	-1	
483	486	2	
314	317	3	
315	319	-3	
369	375	-2	
367	375	-1	
361	367	-2	
243	247	-3	
98	100	2	
98	162	-3	
161	164	-1	
97	161	1	
433	437	3	
441	445	2	
256	260	2	
259	262	-1	
256	261	-2	
51	115	3	
115	116	2	
113	116	2	
202	204	2	
216	220	3	
219	222	3	
219	221	3	
344	350	1	
342	350	1	
337	342	-3	
385	449	2	
384	448	3	
16	21	-2	
18	82	3	
82	87	-2	
16	80	-4	
227	229	-2	
227	291	-1	
291	292	2	
225	289	-1	
468	476	-1	
474	476	-2	
467	471	-2	
147	211	-2	
211	213	2	
144	208	-3	
267	270	-3	
267	331	-2	
330	334	1	
266	330	2	
400	404	-1	
401	404	-2	
402	407	2	
59	60	-2	
56	61	-3	
186	189	-1	
248	252	3	
290	295	3	
352	356	1	
379	380	-3	
374	382	-1	
321	327	2	
157	165	-2	
163	165	-3	
163	166	-1	
158	166	2	
152	158	-1	
171	175	-3	
169	175	-2	
169	173	1	
168	173	-2	
41	44	-2	
42	45	-2	
41	46	-2	
231	239	-1	
277	285	1	
282	287	-3	
279	287	-1	
450	453	2	
450	454	3	
83	85	-2	
85	93	1	
88	94	2	
86	94	-2	
346	410	1	
410	415	-2	
345	409	-2	
146	210	-2	
209	215	1	
145	209	3	
1	4	2	
2	6	-3	
102	110	2	
96	103	2	
312	316	-3	
310	318	2	
417	421	2	
421	429	-1	
422	430	-1	
136	141	-2	
139	141	2	
139	203	3	
200	204	-1	
64	70	-4	
70	78	-1	
74	78	3	
24	29	3	
33	37	-2	
33	39	-1	
432	436	1	
436	444	1	
443	447	2	
439	447	-1	
432	439	-2	
118	126	-3	
119	127	3	
114	119	-1	
387	388	2	
134	142	1	
138	143	-2	
135	143	2	
338	341	-2	
338	343	2	
329	335	-2	
234	238	2	
297	300	3	
460	468	-1	
463	471	1	
456	463	-1	
17	23	3	
15	23	-1	
187	190	-3	
499	501	-2	
501	509	2	
507	511	-4	
503	511	1	
301	309	2	
306	311	1	
296	303	2	
282	284	3	
177	180	2	
180	188	-2	
194	198	-1	
152	156	-3	
155	159	-1	
153	157	2	
26	31	2	
27	31	-2	
25	30	-2	
50	53	-1	
472	476	1	
473	476	1	
475	479	2	
203	206	1	
203	267	1	
267	269	-2	
265	269	-2	
490	492	-1	
357	365	1	
362	365	3	
352	359	2	
418	420	-2	
8	15	-1	
73	76	-2	
8	72	-1	
435	438	-2	
496	502	-3	
432	496	-1	
264	268	-2	
265	268	-3	
299	363	-2	
297	361	2	
400	407	1	
401	465	-2	
400	464	2	
100	108	1	
19	20	2	
19	83	3	
458	462	1	
457	462	1	
35	38	2	
32	37	-1	
114	178	-1	
176	183	-1	
112	176	-1	
251	315	1	
315	318	-1	
248	312	1	
232	236	1	
234	237	2	
232	238	-2	
113	119	3	
434	437	-1	
498	500	-3	
433	497	2	
410	413	-2	
409	414	1	
69	77	1	
178	242	1	
177	241	-2	
217	223	2	
339	340	-1	
344	351	-2	
343	351	1	
323	325	-2	
323	387	-1	
385	389	-1	
104	109	-2	
90	93	-2	
171	173	2	
427	491	2	
288	292	1	
291	295	-1	
504	511	3	
145	149	1	
448	455	2	
305	309	2	
162	166	2	
96	160	2	
128	132	1	
128	192	-2	
442	444	-1	
250	254	2	
250	314	-1	
249	313	-1	
326	334	1	
328	335	2	
225	228	-2	
225	231	-2	
226	229	-3	
452	460	1	
456	461	-2	
403	467	-1	
402	466	1	
345	349	2	
349	357	1	
17	81	2	
416	480	-2	
185	188	1	
280	284	-1	
169	172	-2	
10	13	1	
133	141	-1	
129	135	-2	
241	244	1	
336	342	-1	
409	473	-1	
472	477	3	
115	118	1	
269	277	2	
266	271	2	
66	70	2	
160	164	1	
130	194	-2	
393	397	2	
403	405	-1	
398	406	-2	
48	52	-1	
52	60	2	
54	62	1	
212	220	1	
215	223	1	
315	379	-2	
314	378	2	
370	372	1	
371	435	1	
435	436	2	
74	138	-2	
137	142	1	
73	137	1	
455	463	1	
300	308	1	
306	308	-1	
306	310	2	
296	302	2	
256	320	2	
104	111	-1	
97	103	2	
442	506	-1	
441	505	-1	
354	359	-1	
394	396	-2	
479	487	1	
37	45	1	
38	46	-1	
249	255	-2	
362	426	1	
426	429	-2	
361	425	1	
201	204	-2	
201	207	-1	
498	503	1	
179	181	-2	
184	191	2	
289	293	-1	
313	377	1	
312	376	1	
233	237	2	
464	468	2	
5	13	-1	
120	124	2	
386	390	3	
77	85	-1	
78	86	-1	
474	477	-1	
48	112	2	
274	278	1	
270	278	-1	
34	98	-1	
155	219	1	
338	340	2	
147	150	-1	
194	196	-1	
489	492	1	
490	495	-2	
489	495	-1	
107	110	-1	
153	217	1	
195	259	2	
193	257	2	
42	47	2	
304	311	1	
67	68	2	
443	445	-1	
443	446	-2	
440	446	-1	
483	484	2	
481	485	-2	
482	486	2	
273	279	-1	
82	86	-2	
429	437	-1	
430	438	-1	
260	268	-1	
298	362	-2	
378	382	-1	
410	412	1	
411	475	-1	
499	500	1	
64	69	-2	
65	71	1	
170	234	-1	
347	348	1	
371	375	1	
368	373	-1	
24	28	-1	
27	29	-1	
399	407	-2	
313	318	-1	
408	413	-1	
414	422	1	
222	230	1	
92	100	1	
95	103	-1	
49	54	1	
352	358	-1	
159	167	1	
480	484	-1	
257	321	1	
280	285	1	
206	214	1	
210	214	1	
332	340	1	
334	342	1	
138	202	1	
285	293	-1	
195	197	1	
194	258	1	
156	164	-1	
106	109	-1	
347	411	-1	
339	341	-1	
162	167	-1	
322	324	-1	
184	190	1	
147	151	1	
144	150	-1	
312	319	-1	
235	239	1	
348	356	1	
346	350	1	
211	275	1	
210	274	-1	
41	105	1	
502	510	-1	
193	199	-1	
192	256	-1	
80	85	-1	
249	252	1	
224	231	1	
226	230	-1	
Energy:	-2122	
