NumberOfQubits	504	
NumberOfSubgraphs	672	
Serial	356	
PlantedSolution:	
0	-1	
1	-1	
2	1	
3	-1	
4	1	
5	-1	
6	-1	
8	1	
9	1	
10	-1	
11	1	
12	1	
13	1	
14	1	
15	1	
16	-1	
17	-1	
18	1	
19	-1	
20	-1	
21	1	
22	-1	
23	-1	
24	-1	
25	1	
26	1	
27	1	
28	-1	
29	-1	
30	-1	
31	-1	
32	-1	
33	1	
34	-1	
35	1	
36	-1	
37	1	
38	-1	
39	-1	
40	-1	
41	-1	
42	1	
43	1	
44	1	
45	-1	
46	-1	
47	1	
48	-1	
49	1	
50	1	
51	-1	
52	-1	
53	-1	
54	-1	
55	1	
56	1	
57	-1	
58	1	
59	-1	
60	-1	
61	1	
62	1	
63	1	
64	1	
65	-1	
66	1	
67	1	
68	-1	
69	1	
70	-1	
71	1	
72	-1	
73	1	
74	1	
75	-1	
76	-1	
77	1	
78	-1	
79	1	
80	-1	
81	-1	
82	1	
83	-1	
84	-1	
85	-1	
86	1	
87	-1	
88	1	
89	-1	
90	1	
91	1	
92	-1	
93	1	
94	1	
95	-1	
96	1	
97	1	
98	1	
99	1	
100	1	
101	1	
102	-1	
103	1	
104	1	
105	-1	
106	-1	
107	-1	
108	1	
109	1	
110	-1	
111	-1	
112	1	
113	1	
114	1	
115	1	
116	1	
117	1	
118	1	
119	1	
120	-1	
121	-1	
123	1	
124	1	
125	-1	
126	-1	
127	1	
128	1	
129	1	
130	-1	
131	-1	
132	-1	
133	-1	
134	1	
135	1	
136	-1	
137	-1	
138	1	
139	-1	
141	-1	
142	-1	
143	-1	
144	1	
145	1	
146	1	
147	-1	
148	1	
149	1	
150	1	
151	-1	
152	1	
153	1	
154	1	
155	-1	
156	1	
157	-1	
158	-1	
159	-1	
160	-1	
161	1	
162	-1	
163	-1	
164	-1	
165	-1	
166	1	
167	-1	
168	1	
169	-1	
170	-1	
171	-1	
172	-1	
173	1	
174	-1	
175	1	
176	1	
177	1	
178	-1	
179	1	
180	-1	
181	1	
182	1	
183	1	
184	1	
185	1	
186	-1	
187	-1	
188	1	
189	-1	
190	1	
191	1	
192	1	
193	1	
194	-1	
195	-1	
196	1	
197	-1	
198	1	
199	1	
200	1	
201	1	
202	-1	
203	-1	
204	-1	
205	-1	
206	1	
207	1	
208	1	
209	1	
210	1	
211	1	
212	-1	
213	-1	
214	1	
215	1	
216	-1	
217	1	
218	-1	
219	-1	
220	-1	
221	-1	
222	-1	
223	-1	
224	1	
225	-1	
226	1	
227	-1	
228	1	
229	1	
230	-1	
231	-1	
232	1	
233	1	
234	-1	
235	-1	
236	-1	
237	-1	
238	1	
239	1	
240	1	
241	-1	
242	-1	
243	1	
244	-1	
245	1	
246	1	
247	1	
248	-1	
249	1	
250	1	
251	-1	
252	1	
253	1	
254	-1	
255	1	
256	-1	
257	-1	
258	-1	
259	-1	
260	1	
261	1	
262	1	
263	-1	
264	1	
265	1	
266	-1	
267	-1	
268	1	
269	1	
270	1	
271	-1	
272	1	
273	1	
274	-1	
275	-1	
276	1	
277	1	
278	-1	
279	-1	
280	-1	
281	1	
282	1	
283	1	
284	-1	
285	1	
286	-1	
287	-1	
288	1	
289	1	
290	1	
291	-1	
292	-1	
293	-1	
294	1	
295	-1	
296	-1	
297	1	
298	-1	
299	1	
300	-1	
301	-1	
302	1	
303	1	
304	1	
305	-1	
306	-1	
307	1	
308	-1	
309	1	
310	1	
311	-1	
312	1	
313	1	
314	1	
315	-1	
316	-1	
317	1	
318	1	
319	-1	
320	-1	
321	-1	
322	-1	
323	1	
324	1	
325	-1	
326	-1	
327	1	
328	-1	
329	-1	
330	-1	
331	-1	
332	-1	
333	1	
334	-1	
335	-1	
336	1	
337	1	
338	1	
339	-1	
340	1	
341	1	
342	-1	
343	-1	
344	-1	
345	1	
346	1	
347	-1	
348	-1	
349	-1	
350	-1	
351	1	
352	-1	
353	1	
354	1	
355	-1	
356	1	
357	-1	
358	-1	
359	1	
361	-1	
362	1	
363	-1	
364	1	
365	-1	
367	1	
368	-1	
369	1	
370	1	
371	-1	
372	-1	
373	-1	
374	-1	
375	1	
376	1	
377	1	
378	1	
379	1	
380	1	
382	-1	
383	1	
384	-1	
385	1	
386	1	
387	1	
388	1	
389	1	
390	1	
391	1	
392	-1	
393	-1	
394	-1	
396	1	
397	1	
398	1	
399	-1	
400	-1	
401	-1	
402	-1	
403	1	
404	1	
405	-1	
406	-1	
407	-1	
408	-1	
409	1	
410	1	
411	-1	
412	1	
413	1	
414	1	
415	-1	
416	1	
417	1	
418	1	
419	-1	
420	1	
421	1	
422	-1	
424	-1	
425	1	
426	1	
427	-1	
428	1	
429	-1	
430	1	
431	-1	
432	1	
433	1	
434	-1	
435	1	
436	1	
437	1	
438	-1	
439	1	
440	-1	
441	1	
442	-1	
443	-1	
444	1	
445	-1	
446	-1	
447	-1	
448	1	
449	1	
450	-1	
451	1	
452	1	
453	-1	
454	1	
455	1	
456	-1	
457	-1	
458	-1	
459	1	
460	-1	
461	1	
462	-1	
463	1	
464	1	
465	-1	
466	-1	
467	1	
468	-1	
469	-1	
470	1	
471	1	
472	-1	
473	-1	
474	1	
475	1	
476	-1	
477	-1	
478	1	
479	1	
480	1	
481	-1	
482	-1	
483	-1	
484	-1	
485	-1	
486	1	
487	1	
488	-1	
489	-1	
490	-1	
491	-1	
492	-1	
493	-1	
494	1	
495	1	
496	1	
497	1	
498	-1	
499	-1	
500	1	
501	1	
502	1	
503	-1	
504	1	
505	1	
506	1	
507	-1	
508	1	
509	-1	
510	-1	
511	1	
Js:	
384	389	4	
385	389	-3	
385	449	-1	
449	455	-5	
448	455	4	
384	448	2	
433	436	-4	
436	444	-2	
443	444	2	
443	445	-6	
437	445	-2	
433	437	-3	
410	413	-3	
411	413	3	
411	415	-5	
408	415	-3	
408	414	-2	
410	414	-3	
281	284	5	
282	284	3	
282	346	4	
346	348	3	
345	348	3	
281	345	-2	
80	85	3	
81	85	-5	
81	145	2	
145	149	-7	
144	149	-4	
80	144	2	
201	205	4	
202	205	-2	
202	207	5	
203	207	-3	
203	206	4	
201	206	-3	
258	260	5	
259	260	4	
259	323	3	
323	326	5	
322	326	-4	
258	322	-3	
480	484	4	
483	484	-4	
483	485	-4	
482	485	-4	
482	487	-2	
480	487	-5	
40	47	6	
43	47	-4	
43	107	-4	
107	111	-4	
104	111	4	
40	104	3	
10	14	1	
11	14	-4	
11	75	4	
75	78	-5	
74	78	-3	
10	74	5	
128	133	6	
129	133	3	
129	193	-1	
193	196	-4	
192	196	-5	
128	192	1	
496	500	-3	
498	500	7	
498	502	1	
497	502	-5	
497	503	-3	
496	503	4	
488	492	4	
490	492	-6	
490	493	-6	
491	493	-3	
491	494	6	
488	494	3	
106	109	-2	
109	117	-2	
112	117	-4	
112	118	-4	
110	118	3	
106	110	-3	
305	308	-2	
308	316	-5	
312	316	4	
312	319	2	
311	319	-6	
305	311	-2	
65	68	-2	
67	68	-3	
67	71	-6	
64	71	-3	
64	70	4	
65	70	-4	
347	349	-3	
349	357	-5	
353	357	3	
353	359	4	
351	359	-3	
347	351	4	
361	365	-4	
362	365	6	
362	426	-3	
426	429	4	
425	429	3	
361	425	-1	
272	278	5	
275	278	-5	
275	339	-3	
339	342	-4	
336	342	4	
272	336	-3	
241	244	-4	
242	244	1	
242	245	4	
240	245	-4	
240	247	-2	
241	247	2	
472	477	-4	
474	477	-3	
474	479	-5	
473	479	3	
473	478	5	
472	478	2	
56	61	-6	
59	61	-3	
59	123	2	
123	127	-4	
120	127	5	
56	120	2	
25	29	4	
27	29	-2	
27	30	4	
26	30	3	
26	31	4	
25	31	5	
283	285	1	
285	293	4	
291	293	-5	
291	294	3	
286	294	4	
283	286	4	
154	158	-3	
155	158	-4	
155	219	-1	
219	222	-3	
218	222	-4	
154	218	4	
441	446	6	
442	446	-4	
442	506	2	
506	511	-3	
505	511	-4	
441	505	1	
457	461	4	
459	461	-4	
459	462	5	
456	462	-4	
456	463	-4	
457	463	7	
209	213	2	
210	213	6	
210	274	2	
274	277	4	
273	277	4	
209	273	-5	
289	292	4	
292	300	-2	
299	300	3	
299	303	-4	
295	303	2	
289	295	3	
402	404	3	
403	404	1	
403	405	3	
400	405	-2	
400	407	-3	
402	407	-4	
168	173	-3	
170	173	4	
170	234	-2	
234	237	-5	
232	237	-4	
168	232	-2	
178	180	-5	
179	180	2	
179	183	-4	
177	183	-4	
177	182	-3	
178	182	2	
368	373	-5	
370	373	-4	
370	434	2	
434	439	3	
432	439	-4	
368	432	2	
32	36	-4	
35	36	4	
35	38	-4	
34	38	-5	
34	37	3	
32	37	5	
160	164	-2	
163	164	-4	
163	167	-3	
161	167	3	
161	166	4	
160	166	4	
329	332	4	
332	340	2	
337	340	-5	
337	343	2	
335	343	-4	
329	335	-4	
371	374	-4	
374	382	2	
376	382	3	
376	383	-3	
375	383	-2	
371	375	3	
393	396	5	
394	396	3	
394	397	4	
392	397	-2	
392	398	4	
393	398	3	
264	268	-5	
266	268	3	
266	271	-3	
267	271	-4	
267	269	3	
264	269	-3	
249	252	-3	
250	252	-3	
250	314	1	
314	318	-3	
313	318	-3	
249	313	-2	
48	52	-3	
49	52	-1	
49	54	3	
50	54	4	
50	55	-5	
48	55	4	
466	468	-4	
467	468	4	
467	469	3	
464	469	5	
464	470	-2	
466	470	-4	
225	228	-3	
226	228	-3	
226	230	3	
224	230	4	
224	229	-3	
225	229	2	
136	141	-1	
139	141	-3	
139	143	-4	
138	143	3	
138	142	-3	
136	142	-4	
186	189	-4	
187	189	-3	
187	190	5	
184	190	-6	
184	191	-2	
186	191	6	
88	92	3	
89	92	-2	
89	94	2	
90	94	4	
90	93	-3	
88	93	-1	
18	20	5	
19	20	3	
19	23	-4	
16	23	-4	
16	22	-2	
18	22	5	
0	4	6	
2	4	-5	
2	6	3	
3	6	-4	
3	5	-6	
0	5	3	
96	101	-4	
98	101	-2	
98	102	-6	
99	102	4	
99	103	-3	
96	103	-4	
256	261	6	
257	261	4	
257	321	-2	
321	327	4	
320	327	3	
256	320	-2	
169	172	-5	
171	172	-2	
171	235	2	
235	238	5	
233	238	-3	
169	233	2	
8	15	-2	
9	15	-5	
9	73	-4	
73	79	-2	
72	79	3	
8	72	-3	
298	301	-2	
301	309	3	
307	309	-4	
307	310	-3	
302	310	2	
298	302	5	
386	391	-3	
387	391	-2	
387	451	2	
451	453	5	
450	453	-6	
386	450	3	
82	86	-4	
83	86	3	
83	147	-2	
147	150	-2	
146	150	-3	
82	146	-2	
130	135	7	
131	135	2	
131	195	-1	
195	197	-3	
194	197	5	
130	194	-1	
352	358	-2	
355	358	-4	
355	419	-3	
419	421	4	
416	421	-5	
352	416	3	
152	159	4	
153	159	3	
153	217	-3	
217	221	3	
216	221	-6	
152	216	-2	
418	420	-5	
420	428	-3	
424	428	3	
424	430	5	
422	430	-1	
418	422	3	
248	253	4	
251	253	4	
251	255	4	
250	255	-3	
250	254	5	
248	254	-4	
105	108	3	
108	116	2	
113	116	-3	
113	119	-2	
111	119	1	
105	111	-2	
200	204	5	
204	212	-1	
208	212	-3	
208	215	-4	
207	215	-2	
200	207	-3	
40	44	-2	
42	44	-5	
42	45	5	
41	45	-3	
41	46	-4	
40	46	-3	
330	332	-3	
331	332	-3	
331	333	3	
328	333	4	
328	334	-4	
330	334	-2	
499	501	-4	
501	509	3	
504	509	5	
504	510	3	
502	510	2	
499	502	5	
57	60	-5	
58	60	2	
58	62	-4	
56	62	-5	
56	63	-2	
57	63	8	
313	317	-4	
315	317	5	
315	379	4	
379	380	-4	
377	380	-3	
313	377	-4	
354	356	-2	
356	364	-2	
363	364	6	
363	367	2	
359	367	2	
354	359	-3	
448	452	-4	
452	460	3	
458	460	-4	
458	462	2	
454	462	2	
448	454	-5	
280	287	-2	
282	287	3	
346	350	2	
344	350	-4	
280	344	-5	
227	228	4	
228	236	3	
233	236	4	
233	239	-3	
231	239	3	
227	231	-2	
114	116	-4	
116	124	-4	
121	124	5	
121	125	-5	
117	125	-2	
114	117	-4	
153	156	-2	
156	164	4	
162	164	-3	
162	165	-5	
157	165	-3	
153	157	-3	
24	28	-4	
27	28	6	
27	91	-2	
91	95	3	
88	95	-2	
24	88	2	
401	406	4	
403	406	3	
403	467	-3	
467	471	-2	
465	471	5	
401	465	-3	
8	12	-4	
12	20	2	
17	20	-3	
17	21	4	
13	21	-4	
8	13	4	
66	68	2	
68	76	-5	
72	76	-4	
72	77	3	
69	77	-4	
66	69	-3	
440	447	-4	
443	447	-5	
443	507	-1	
507	508	3	
504	508	-2	
440	504	-2	
258	262	4	
262	270	3	
265	270	-6	
265	271	2	
263	271	-3	
258	263	-2	
409	412	-3	
411	412	2	
411	475	-2	
475	476	3	
473	476	-3	
409	473	2	
32	39	-4	
33	39	3	
33	97	-4	
97	100	-4	
96	100	-4	
32	96	-2	
176	180	3	
180	188	-2	
185	188	-6	
185	189	3	
181	189	3	
176	181	-3	
481	486	5	
486	494	-2	
489	494	4	
489	495	4	
487	495	-2	
481	487	5	
369	372	5	
371	372	-3	
371	435	1	
435	438	5	
433	438	4	
369	433	1	
209	214	3	
211	214	-2	
211	275	3	
275	279	-2	
273	279	4	
242	246	3	
243	246	-3	
243	307	-1	
307	308	3	
306	308	2	
242	306	-2	
49	53	5	
51	53	-6	
51	115	2	
115	119	-4	
49	113	3	
272	276	-4	
274	276	3	
274	338	2	
338	341	-5	
336	341	2	
226	290	-2	
290	295	4	
288	295	3	
224	288	-3	
192	197	4	
193	197	-2	
193	198	-4	
194	198	5	
194	199	3	
192	199	-2	
320	324	4	
321	324	-3	
323	327	-5	
323	325	3	
320	325	-2	
297	300	4	
298	300	-4	
296	302	4	
296	301	-4	
297	301	2	
170	172	-3	
170	175	5	
168	175	2	
168	174	4	
169	174	-2	
384	388	4	
386	388	-4	
386	390	4	
385	390	-3	
80	84	-3	
81	84	2	
81	87	-3	
82	87	2	
80	86	3	
363	365	5	
363	427	-2	
427	431	-6	
426	431	3	
217	220	4	
218	220	-2	
218	221	2	
216	223	-5	
217	223	2	
130	134	-2	
134	142	3	
137	142	-2	
137	143	-4	
135	143	2	
147	148	-5	
148	156	-4	
154	156	-2	
154	159	1	
151	159	-5	
147	151	-4	
1	4	4	
4	12	2	
10	12	4	
10	13	2	
5	13	3	
1	5	-4	
393	397	6	
394	398	4	
392	399	-6	
393	399	2	
120	124	2	
123	124	-3	
123	125	-3	
121	126	-4	
120	126	-5	
416	422	3	
417	422	6	
417	481	2	
481	485	-2	
480	485	-3	
416	480	-3	
377	382	-4	
378	382	5	
378	442	2	
442	444	4	
441	444	-3	
377	441	-2	
304	310	-4	
306	310	3	
306	370	2	
370	374	3	
368	374	2	
304	368	4	
128	132	4	
131	132	4	
131	134	5	
129	134	-4	
203	205	-3	
203	267	1	
267	270	2	
201	265	-1	
227	229	4	
229	237	2	
232	239	-4	
67	69	-3	
66	70	-5	
251	315	-1	
312	317	1	
248	312	2	
50	52	5	
51	52	4	
48	53	-2	
401	405	-3	
405	413	3	
408	413	4	
407	415	2	
401	407	-2	
348	356	5	
352	356	5	
352	357	3	
345	349	1	
329	333	2	
333	341	-2	
338	343	-3	
492	500	1	
498	501	3	
493	501	1	
488	493	-2	
176	183	2	
179	243	-3	
243	245	-3	
176	240	-2	
22	30	-1	
24	30	-4	
24	31	2	
23	31	-2	
18	23	3	
449	452	-5	
459	460	5	
453	461	-1	
449	453	1	
59	60	-4	
58	61	-5	
58	63	-5	
104	108	-2	
106	108	4	
105	109	4	
105	110	-4	
104	110	2	
34	36	2	
35	39	3	
33	38	3	
424	429	-3	
429	437	2	
435	437	-4	
430	438	2	
280	286	-3	
283	347	-1	
344	351	3	
89	93	4	
93	101	-3	
98	103	-4	
95	103	2	
89	95	3	
288	292	3	
289	294	5	
288	293	3	
184	188	3	
186	188	1	
187	191	4	
472	476	-4	
474	476	3	
474	478	-2	
475	478	-4	
475	479	-3	
472	479	-3	
465	468	-3	
466	469	-3	
464	471	-5	
256	260	1	
259	261	2	
257	263	-5	
256	263	4	
212	220	-2	
219	220	-5	
219	223	-4	
215	223	1	
75	139	-2	
138	141	5	
74	138	-1	
144	148	-4	
146	148	-2	
145	150	-5	
97	102	4	
99	163	2	
163	165	2	
161	165	2	
97	161	-2	
353	358	3	
417	421	1	
353	417	-4	
505	508	-5	
507	510	-5	
506	510	4	
506	509	-3	
505	509	4	
166	174	2	
171	174	-4	
171	175	2	
167	175	-3	
160	167	-3	
361	364	4	
364	372	2	
369	375	-2	
367	375	3	
361	367	5	
400	404	5	
404	412	-2	
410	412	-5	
406	414	3	
400	406	4	
234	236	-5	
236	244	1	
241	246	3	
238	246	-2	
234	238	2	
73	76	3	
76	84	-3	
83	84	-3	
83	87	2	
79	87	3	
43	44	3	
41	47	4	
42	46	3	
202	204	-4	
202	266	-1	
200	264	1	
425	428	-3	
428	436	-2	
432	436	-2	
431	439	-2	
425	431	3	
88	94	-6	
91	94	2	
91	155	2	
152	158	3	
88	152	-2	
322	324	-5	
324	332	2	
331	334	-6	
326	334	-1	
277	285	1	
281	285	-5	
281	287	2	
279	287	-2	
274	279	-4	
312	318	-5	
314	378	-2	
378	383	2	
312	376	-2	
26	29	2	
26	90	-4	
90	92	-1	
25	89	4	
387	388	-4	
451	455	-4	
450	455	3	
299	301	5	
305	309	-5	
303	311	2	
114	118	3	
115	118	-4	
115	179	-2	
179	181	-4	
178	181	2	
114	178	2	
419	420	2	
419	483	4	
482	484	-3	
418	482	3	
205	213	-1	
210	214	-2	
206	214	2	
338	340	-4	
339	340	3	
337	342	4	
337	341	-4	
248	252	2	
249	254	3	
248	255	2	
9	13	-3	
9	14	-3	
6	14	3	
0	6	-5	
19	21	3	
19	83	3	
83	85	-3	
17	81	-3	
394	458	-2	
458	463	4	
393	457	1	
441	445	-4	
440	446	-3	
489	492	-3	
491	495	4	
497	500	-2	
499	500	3	
499	503	-3	
496	501	-4	
497	501	-3	
194	196	2	
195	196	3	
195	199	5	
193	199	-4	
1	6	-3	
2	66	-4	
66	71	1	
65	71	3	
1	65	-5	
113	118	-3	
113	177	2	
176	182	-4	
112	176	-2	
73	77	4	
73	137	1	
136	143	-5	
72	136	-2	
276	284	2	
280	284	-4	
278	286	1	
304	308	3	
314	316	3	
314	319	4	
304	311	-1	
390	398	-4	
391	399	4	
385	391	-5	
14	22	2	
15	23	-2	
11	15	-3	
266	269	-3	
266	330	-3	
330	333	3	
264	328	4	
296	300	-2	
297	303	3	
299	302	-2	
290	292	3	
290	354	-3	
354	357	-2	
289	353	-2	
45	53	1	
48	54	-4	
46	54	-2	
456	460	-3	
460	468	2	
465	470	3	
462	470	2	
345	350	-5	
347	350	-2	
347	411	-2	
409	415	3	
345	409	-2	
434	437	2	
432	437	-3	
376	380	-4	
379	382	2	
379	383	-6	
123	126	6	
121	127	4	
146	151	4	
147	211	2	
211	215	-5	
210	215	2	
146	210	-1	
162	167	-3	
162	226	3	
226	231	2	
225	231	-3	
161	225	-3	
100	108	-2	
107	108	3	
107	110	-3	
102	110	1	
243	247	-5	
239	247	-1	
235	239	-3	
28	36	-4	
33	36	2	
33	37	-2	
29	37	3	
24	29	-4	
473	477	-3	
477	485	-2	
483	486	2	
478	486	2	
154	157	3	
217	222	3	
259	262	4	
322	325	-3	
427	429	2	
425	430	-4	
403	407	3	
52	60	-2	
54	62	-1	
232	236	3	
506	508	-4	
507	511	4	
450	454	4	
130	132	-5	
129	135	-4	
185	191	-2	
3	4	1	
3	67	3	
64	68	4	
0	64	2	
211	213	2	
273	278	2	
416	420	-2	
417	420	3	
418	421	-3	
329	334	-1	
334	342	2	
339	343	-3	
494	502	-1	
495	503	1	
469	477	-2	
471	479	-2	
139	142	-3	
139	203	-4	
203	204	1	
136	200	4	
74	77	-4	
77	85	1	
80	87	-3	
74	79	-3	
41	105	2	
104	109	-5	
178	183	2	
178	242	3	
241	245	1	
177	241	2	
346	410	1	
408	412	3	
344	408	-1	
98	162	-1	
162	166	1	
96	160	1	
149	157	-1	
155	157	-4	
150	158	2	
261	269	-2	
265	269	-3	
434	436	-4	
435	439	-5	
482	486	4	
192	198	-4	
198	206	-2	
202	206	2	
199	207	-2	
26	28	1	
27	31	2	
25	30	-2	
224	228	2	
227	291	-2	
35	37	-2	
32	38	-1	
34	39	-3	
91	92	4	
92	100	3	
99	100	-3	
99	101	-3	
91	93	3	
214	222	2	
208	214	-5	
240	244	-5	
244	252	4	
251	252	4	
247	255	-3	
112	116	2	
115	117	-1	
112	119	-3	
307	371	3	
369	374	5	
305	369	3	
57	61	-2	
59	63	2	
59	62	5	
169	175	2	
235	237	-3	
233	237	2	
283	284	-3	
283	287	6	
282	285	-3	
257	260	2	
260	268	-2	
267	268	3	
257	262	2	
75	76	-3	
82	84	4	
78	86	-1	
152	156	-3	
144	151	3	
387	390	-4	
386	389	-2	
456	461	4	
459	463	-2	
9	12	1	
10	15	4	
18	21	1	
17	23	-3	
321	325	-4	
440	444	3	
504	511	-4	
315	316	1	
315	318	3	
314	317	-3	
297	302	-3	
298	362	-1	
297	361	2	
402	405	-4	
467	470	-4	
402	466	-4	
43	45	4	
106	111	-3	
42	106	3	
221	229	2	
223	231	2	
186	250	3	
250	253	-1	
249	253	3	
185	249	-3	
164	172	-1	
169	173	2	
165	173	2	
133	141	-1	
128	134	-2	
65	69	-1	
340	348	2	
347	348	-2	
343	351	-1	
426	428	3	
426	490	3	
490	495	3	
488	495	4	
424	488	-3	
291	295	-3	
291	355	2	
354	358	4	
372	380	2	
409	413	-2	
409	414	-4	
394	399	-2	
195	198	3	
49	55	-4	
120	125	-4	
449	454	-4	
451	454	-1	
275	276	1	
275	277	2	
168	172	-3	
172	180	-2	
174	182	3	
496	502	2	
498	503	-4	
330	335	-4	
328	335	2	
90	95	3	
442	447	-4	
320	326	-4	
321	326	2	
321	385	1	
384	391	4	
320	384	-1	
66	130	1	
129	132	3	
65	129	1	
344	348	-1	
344	349	-2	
427	430	2	
427	491	-2	
425	489	-2	
313	319	-2	
225	230	-4	
225	289	1	
288	294	-3	
16	20	-5	
16	21	3	
296	303	3	
36	44	2	
41	44	3	
37	45	-1	
137	141	-5	
137	201	4	
338	342	2	
177	180	2	
177	181	-3	
378	380	-3	
411	414	-2	
163	166	3	
483	487	-2	
480	486	-3	
208	213	4	
427	428	2	
421	429	2	
113	117	-3	
114	119	-3	
82	85	2	
155	156	-3	
269	277	-2	
272	277	-3	
272	279	1	
271	279	3	
56	60	3	
464	468	2	
240	246	-2	
241	305	2	
305	310	2	
240	304	-1	
432	438	2	
434	438	-4	
434	498	1	
432	496	-3	
219	221	-2	
216	222	-3	
218	223	-2	
2	5	2	
235	236	-2	
170	174	-1	
175	183	-2	
281	286	3	
75	79	-2	
38	46	1	
39	47	2	
306	309	2	
309	317	3	
315	319	-2	
306	311	-3	
266	270	3	
265	329	2	
362	364	-2	
362	367	-4	
243	244	-1	
64	69	-3	
350	358	-3	
355	359	2	
345	351	-3	
196	204	2	
200	205	2	
197	205	-4	
440	445	-2	
392	396	3	
396	404	2	
399	407	-2	
131	133	-4	
130	133	-2	
128	135	-3	
468	476	1	
475	477	2	
451	452	4	
50	53	-2	
51	54	-2	
51	55	2	
489	493	-3	
184	189	3	
186	190	2	
290	293	-3	
138	202	4	
96	102	1	
419	422	-3	
481	484	-2	
387	389	-4	
389	397	3	
19	22	-3	
310	318	2	
232	238	-2	
230	238	2	
227	230	-2	
322	327	1	
245	253	-4	
246	254	3	
195	259	-1	
193	257	-1	
73	78	2	
72	78	-3	
115	116	-3	
433	439	-1	
435	499	-1	
433	497	-3	
267	331	-3	
218	282	2	
217	281	1	
410	474	-3	
408	472	-3	
107	171	-2	
171	173	4	
106	170	1	
337	401	-1	
401	404	3	
336	400	2	
209	212	3	
211	212	-2	
346	349	4	
341	349	1	
339	341	-2	
90	154	-1	
153	158	2	
89	153	1	
352	359	4	
458	461	2	
457	462	-3	
500	508	2	
365	373	-1	
371	373	-2	
443	446	2	
441	447	2	
224	231	2	
160	224	2	
34	98	3	
265	268	-2	
268	276	-3	
270	278	2	
201	204	3	
71	79	-3	
355	357	-3	
354	418	-2	
325	333	2	
327	335	-1	
17	22	-3	
8	14	-3	
377	383	-3	
210	212	3	
402	406	-1	
465	469	-2	
105	169	-1	
104	168	-2	
280	285	2	
304	309	-1	
369	373	2	
251	254	1	
44	52	1	
173	181	1	
160	165	-2	
159	167	1	
155	159	-2	
448	453	1	
141	149	-1	
144	150	-3	
142	150	1	
234	239	-2	
410	415	-1	
435	436	-2	
485	493	1	
388	396	-3	
11	12	-3	
336	343	3	
339	403	-1	
86	94	-2	
87	95	-3	
370	372	1	
370	375	-4	
328	332	-2	
163	227	-2	
226	229	3	
119	127	3	
242	247	3	
470	478	1	
256	262	3	
18	82	-2	
152	157	2	
101	109	-1	
103	111	-2	
200	206	3	
16	80	-2	
145	148	-1	
209	215	-2	
145	209	-1	
187	188	2	
187	251	-2	
249	255	-2	
331	335	-1	
234	298	-2	
298	303	2	
232	296	1	
25	28	1	
484	492	1	
355	356	2	
457	460	1	
70	78	2	
413	421	-1	
414	422	2	
40	45	-2	
43	46	-1	
220	228	1	
48	112	1	
476	484	-2	
287	295	-1	
274	278	-1	
146	149	-2	
184	248	-2	
346	351	-2	
235	299	1	
233	297	-2	
397	405	1	
398	406	1	
385	388	3	
213	221	1	
258	261	2	
158	166	2	
57	62	-1	
368	372	-1	
368	375	-2	
284	292	1	
179	182	-1	
182	190	-1	
183	191	2	
307	311	2	
505	510	2	
67	70	1	
313	316	1	
323	324	-2	
376	440	-2	
81	86	1	
264	270	-2	
300	308	-1	
118	126	1	
503	511	1	
161	164	2	
107	109	2	
35	99	-1	
282	286	-1	
491	492	1	
412	420	-1	
424	431	2	
291	292	-1	
97	101	-1	
330	394	1	
329	393	-1	
259	263	-2	
55	63	1	
273	276	-1	
299	363	-1	
84	92	1	
21	29	1	
507	509	1	
185	190	2	
392	456	-1	
384	390	1	
85	93	2	
30	38	-2	
289	293	1	
264	271	-1	
461	469	1	
463	471	1	
31	39	1	
219	283	-1	
466	471	-1	
97	103	-1	
147	149	1	
290	294	-1	
288	352	1	
222	230	-1	
201	207	1	
438	446	1	
439	447	1	
Energy:	-2914	
