NumberOfQubits	504	
NumberOfSubgraphs	420	
Serial	436	
PlantedSolution:	
0	1	
1	1	
2	1	
3	1	
4	1	
5	-1	
6	-1	
8	1	
9	-1	
10	-1	
11	1	
12	1	
13	1	
14	1	
15	1	
16	-1	
17	-1	
18	-1	
19	1	
20	-1	
21	1	
22	-1	
23	-1	
24	-1	
25	1	
26	-1	
27	-1	
28	1	
29	1	
30	-1	
31	-1	
32	1	
33	-1	
34	-1	
35	-1	
36	-1	
37	-1	
38	1	
39	1	
40	1	
41	-1	
42	1	
43	1	
44	1	
45	1	
46	-1	
47	-1	
48	-1	
49	1	
50	-1	
51	1	
52	-1	
53	1	
54	-1	
55	-1	
56	-1	
57	1	
58	1	
59	1	
60	-1	
61	-1	
62	-1	
63	1	
64	1	
65	1	
66	1	
67	-1	
68	1	
69	1	
70	1	
71	1	
72	1	
73	-1	
74	1	
75	1	
76	1	
77	1	
78	-1	
79	-1	
80	-1	
81	-1	
82	-1	
83	1	
84	-1	
85	1	
86	-1	
87	1	
88	-1	
89	-1	
90	-1	
91	1	
92	1	
93	1	
94	-1	
95	-1	
96	-1	
97	1	
98	-1	
99	1	
100	1	
101	-1	
102	1	
103	-1	
104	-1	
105	-1	
106	1	
107	-1	
108	-1	
109	1	
110	-1	
111	-1	
112	-1	
113	-1	
114	-1	
115	1	
116	-1	
117	1	
118	1	
119	-1	
120	-1	
121	-1	
123	1	
124	1	
125	-1	
126	-1	
127	1	
128	-1	
129	1	
130	1	
131	1	
132	-1	
133	1	
134	1	
135	1	
136	-1	
137	1	
138	1	
139	-1	
141	-1	
142	-1	
143	-1	
144	-1	
145	-1	
146	-1	
147	1	
148	-1	
149	1	
150	1	
151	1	
152	1	
153	1	
154	1	
155	1	
156	-1	
157	-1	
158	-1	
159	1	
160	-1	
161	1	
162	-1	
163	1	
164	-1	
165	1	
166	-1	
167	-1	
168	1	
169	1	
170	1	
171	1	
172	-1	
173	1	
174	1	
175	-1	
176	1	
177	1	
178	-1	
179	1	
180	1	
181	1	
182	1	
183	-1	
184	1	
185	-1	
186	-1	
187	1	
188	1	
189	1	
190	-1	
191	-1	
192	-1	
193	1	
194	1	
195	-1	
196	1	
197	-1	
198	-1	
199	1	
200	-1	
201	-1	
202	1	
203	1	
204	1	
205	-1	
206	-1	
207	-1	
208	1	
209	1	
210	-1	
211	1	
212	1	
213	-1	
214	-1	
215	-1	
216	1	
217	-1	
218	-1	
219	-1	
220	-1	
221	-1	
222	-1	
223	-1	
224	-1	
225	1	
226	1	
227	-1	
228	-1	
229	1	
230	1	
231	1	
232	1	
233	-1	
234	1	
235	1	
236	-1	
237	-1	
238	-1	
239	1	
240	1	
241	1	
242	-1	
243	1	
244	-1	
245	-1	
246	-1	
247	-1	
248	-1	
249	-1	
250	-1	
251	-1	
252	-1	
253	1	
254	-1	
255	-1	
256	1	
257	-1	
258	1	
259	-1	
260	-1	
261	-1	
262	-1	
263	-1	
264	1	
265	1	
266	-1	
267	1	
268	1	
269	1	
270	-1	
271	-1	
272	1	
273	-1	
274	1	
275	1	
276	-1	
277	1	
278	1	
279	1	
280	1	
281	-1	
282	1	
283	1	
284	1	
285	1	
286	-1	
287	1	
288	-1	
289	-1	
290	1	
291	-1	
292	-1	
293	1	
294	-1	
295	-1	
296	1	
297	-1	
298	1	
299	1	
300	-1	
301	1	
302	-1	
303	-1	
304	1	
305	1	
306	-1	
307	-1	
308	1	
309	-1	
310	-1	
311	1	
312	1	
313	-1	
314	1	
315	-1	
316	1	
317	-1	
318	1	
319	-1	
320	1	
321	-1	
322	1	
323	-1	
324	-1	
325	1	
326	-1	
327	-1	
328	1	
329	-1	
330	-1	
331	-1	
332	1	
333	-1	
334	-1	
335	-1	
336	-1	
337	1	
338	1	
339	-1	
340	-1	
341	1	
342	1	
343	-1	
344	-1	
345	1	
346	-1	
347	1	
348	-1	
349	-1	
350	1	
351	-1	
352	-1	
353	1	
354	-1	
355	-1	
356	-1	
357	-1	
358	1	
359	1	
361	1	
362	1	
363	1	
364	-1	
365	1	
367	-1	
368	1	
369	1	
370	1	
371	-1	
372	1	
373	1	
374	-1	
375	1	
376	1	
377	-1	
378	-1	
379	-1	
380	-1	
382	-1	
383	1	
384	1	
385	1	
386	-1	
387	1	
388	1	
389	-1	
390	1	
391	-1	
392	-1	
393	-1	
394	1	
396	-1	
397	1	
398	1	
399	1	
400	-1	
401	1	
402	1	
403	-1	
404	1	
405	-1	
406	1	
407	1	
408	1	
409	1	
410	-1	
411	1	
412	-1	
413	-1	
414	1	
415	-1	
416	-1	
417	-1	
418	-1	
419	1	
420	1	
421	-1	
422	-1	
424	-1	
425	1	
426	1	
427	1	
428	-1	
429	-1	
430	-1	
431	-1	
432	1	
433	1	
434	-1	
435	-1	
436	1	
437	-1	
438	1	
439	-1	
440	-1	
441	-1	
442	-1	
443	1	
444	-1	
445	1	
446	-1	
447	1	
448	-1	
449	1	
450	1	
451	-1	
452	1	
453	-1	
454	1	
455	-1	
456	1	
457	-1	
458	-1	
459	-1	
460	1	
461	1	
462	-1	
463	-1	
464	1	
465	-1	
466	-1	
467	1	
468	-1	
469	1	
470	1	
471	1	
472	-1	
473	1	
474	-1	
475	-1	
476	-1	
477	1	
478	1	
479	-1	
480	-1	
481	-1	
482	-1	
483	-1	
484	1	
485	-1	
486	-1	
487	1	
488	-1	
489	1	
490	-1	
491	-1	
492	-1	
493	1	
494	-1	
495	1	
496	-1	
497	1	
498	-1	
499	-1	
500	-1	
501	-1	
502	-1	
503	1	
504	-1	
505	1	
506	1	
507	-1	
508	-1	
509	-1	
510	-1	
511	1	
Js:	
265	269	-2	
266	269	2	
266	330	-2	
330	334	-2	
329	334	3	
265	329	2	
337	340	-1	
338	340	3	
338	343	3	
339	343	-2	
339	342	3	
337	342	-4	
440	445	1	
443	445	-3	
443	446	2	
441	446	-1	
441	447	-1	
440	447	5	
193	196	-5	
195	196	3	
195	198	-2	
192	198	-3	
192	199	-1	
193	199	-3	
408	412	3	
410	412	-3	
410	474	2	
474	477	2	
472	477	3	
408	472	2	
32	36	3	
33	36	1	
33	39	3	
35	39	2	
35	37	-2	
32	37	2	
169	173	-2	
173	181	-2	
176	181	-3	
176	182	-3	
174	182	-3	
169	174	1	
145	149	2	
146	149	2	
146	210	1	
210	215	-3	
209	215	4	
145	209	1	
392	397	-1	
397	405	2	
403	405	-3	
403	406	1	
398	406	-3	
392	398	2	
274	276	3	
275	276	4	
275	279	2	
272	279	-4	
272	278	-3	
274	278	-2	
433	436	2	
434	436	3	
434	439	-1	
432	439	3	
432	437	1	
433	437	4	
385	388	-2	
387	388	1	
387	389	3	
386	389	-2	
386	390	3	
385	390	-4	
289	295	1	
290	295	5	
290	354	1	
354	357	-2	
353	357	3	
289	353	2	
112	116	-2	
116	124	4	
121	124	-2	
121	127	3	
119	127	4	
112	119	-2	
256	260	4	
258	260	2	
258	262	2	
259	262	-3	
259	263	-4	
256	263	3	
491	494	-3	
494	502	1	
498	502	-3	
498	503	1	
495	503	-1	
491	495	3	
369	372	-3	
372	380	1	
377	380	-4	
377	382	2	
374	382	-2	
369	374	2	
25	31	2	
26	31	-3	
26	90	-2	
90	94	-2	
89	94	-3	
25	89	2	
16	21	2	
18	21	2	
18	82	2	
82	86	-2	
80	86	-3	
16	80	-2	
320	324	-1	
324	332	2	
331	332	4	
331	333	-3	
325	333	2	
320	325	-3	
42	44	-2	
44	52	2	
50	52	-3	
50	53	4	
45	53	1	
42	45	-4	
235	238	2	
238	246	-3	
240	246	1	
240	247	5	
239	247	3	
235	239	1	
131	133	2	
133	141	1	
139	141	-4	
139	143	-3	
135	143	1	
131	135	-1	
217	220	-2	
219	220	-3	
219	283	3	
283	285	-3	
281	285	-2	
217	281	-3	
8	14	-2	
9	14	3	
9	73	-2	
73	76	2	
72	76	-2	
8	72	2	
449	452	-2	
451	452	3	
451	453	-1	
450	453	3	
450	454	-2	
449	454	2	
81	84	-1	
84	92	2	
88	92	-1	
88	95	-2	
87	95	3	
81	87	3	
56	61	-2	
59	61	3	
59	63	-3	
57	63	2	
57	62	4	
56	62	-3	
201	204	2	
203	204	-3	
203	207	3	
202	207	-2	
202	206	2	
201	206	-3	
152	156	2	
156	164	1	
162	164	-3	
162	167	-3	
159	167	1	
152	159	-2	
305	308	-4	
306	308	3	
306	310	1	
307	310	-2	
307	309	-3	
305	309	1	
457	460	3	
460	468	2	
467	468	2	
467	470	-2	
462	470	-1	
457	462	-3	
184	188	-1	
185	188	3	
185	249	1	
249	255	-2	
248	255	-4	
184	248	1	
297	300	-2	
299	300	3	
299	303	3	
298	303	-1	
298	302	2	
297	302	-3	
424	430	-2	
425	430	3	
425	489	-2	
489	493	-2	
488	493	2	
424	488	-2	
0	4	-4	
3	4	-1	
3	67	-3	
67	71	2	
64	71	-2	
0	64	-2	
226	228	2	
227	228	-2	
227	231	2	
224	231	3	
224	229	1	
226	229	2	
97	102	-2	
102	110	2	
106	110	-1	
106	111	4	
103	111	-2	
97	103	2	
362	367	4	
363	367	4	
363	427	-3	
427	429	-1	
426	429	3	
362	426	-3	
345	348	4	
346	348	-2	
346	351	-1	
344	351	-2	
344	350	-4	
345	350	-2	
417	421	-1	
419	421	4	
419	483	-1	
483	487	2	
481	487	2	
417	481	-2	
312	316	-2	
314	316	-3	
314	319	3	
315	319	-1	
315	317	-3	
312	317	-2	
96	100	2	
100	108	-2	
107	108	-2	
107	109	1	
101	109	2	
96	101	-2	
144	148	-2	
147	148	3	
147	211	-1	
211	214	2	
208	214	-3	
144	208	1	
496	500	-3	
500	508	-2	
506	508	2	
506	509	3	
501	509	1	
496	501	-3	
178	183	-2	
179	183	2	
179	243	-2	
243	245	2	
242	245	3	
178	242	-2	
41	46	-3	
46	54	-1	
49	54	3	
49	55	3	
47	55	-2	
41	47	3	
458	461	3	
461	469	2	
466	469	1	
466	471	3	
463	471	1	
458	463	-3	
393	396	-2	
396	404	1	
401	404	-2	
401	407	-1	
399	407	2	
393	399	3	
10	12	1	
11	12	-3	
11	75	-2	
75	77	1	
74	77	-3	
10	74	2	
19	20	1	
20	28	-1	
24	28	3	
24	30	-2	
22	30	-2	
19	22	3	
186	191	-2	
187	191	3	
187	251	1	
251	254	-4	
250	254	-2	
186	250	1	
168	172	2	
170	172	3	
170	234	1	
234	236	2	
232	236	4	
168	232	-2	
216	223	3	
218	223	-1	
218	282	2	
282	287	1	
280	287	-3	
216	280	-2	
1	5	1	
2	5	4	
2	66	-2	
66	69	1	
65	69	-2	
1	65	-3	
409	414	-4	
411	414	1	
411	475	3	
475	479	-4	
473	479	3	
409	473	-3	
416	420	-3	
418	420	4	
418	482	-2	
482	485	-3	
480	485	-2	
416	480	-1	
155	157	2	
157	165	-1	
163	165	-3	
163	166	3	
158	166	-1	
155	158	2	
288	293	2	
291	293	3	
291	355	-2	
355	359	2	
352	359	3	
288	352	1	
114	117	2	
117	125	-2	
120	125	-2	
120	126	-2	
118	126	2	
114	118	2	
128	132	-2	
129	132	-4	
129	134	-1	
130	134	-4	
130	133	-2	
128	133	3	
368	373	-2	
370	373	-3	
370	375	-3	
371	375	2	
371	374	-2	
368	374	3	
504	509	-4	
505	509	1	
505	511	-4	
507	511	-2	
507	510	-5	
504	510	-1	
264	268	1	
267	268	-2	
267	271	3	
265	271	2	
265	270	1	
264	270	2	
257	261	-4	
258	261	3	
258	322	-2	
322	327	-1	
321	327	-2	
257	321	-3	
376	383	-2	
378	383	5	
378	442	-1	
442	444	-2	
440	444	-2	
376	440	-1	
136	142	-3	
138	142	1	
138	202	3	
202	205	3	
200	205	-3	
136	200	-2	
474	476	-3	
476	484	1	
482	484	2	
482	486	-1	
478	486	-1	
474	478	3	
225	229	-1	
229	237	1	
233	237	-3	
233	238	-4	
230	238	-1	
225	230	-3	
336	341	-3	
341	349	2	
347	349	4	
347	351	3	
343	351	-2	
336	343	-2	
283	284	-2	
284	292	3	
288	292	-3	
288	294	-2	
286	294	-1	
283	286	-2	
384	391	-2	
387	391	3	
387	451	3	
451	455	-1	
448	455	-3	
384	448	3	
177	180	-4	
178	180	2	
242	244	-2	
241	244	4	
177	241	-2	
83	85	-2	
85	93	-2	
91	93	-3	
91	95	-1	
83	87	-2	
352	356	-2	
356	364	-3	
361	364	5	
361	365	-4	
357	365	-2	
352	357	-2	
27	29	3	
29	37	2	
34	37	-2	
34	38	-1	
30	38	3	
27	30	-2	
304	310	2	
310	318	2	
313	318	2	
313	319	2	
311	319	1	
304	311	-3	
10	13	4	
13	21	-1	
17	21	2	
17	23	-2	
15	23	-1	
10	15	2	
433	438	-2	
435	438	2	
435	499	-2	
499	501	-2	
497	501	3	
433	497	2	
323	326	-3	
326	334	-2	
328	334	2	
328	335	3	
327	335	-2	
323	327	-3	
48	55	-2	
51	55	2	
51	115	-2	
115	118	-2	
112	118	2	
48	112	1	
66	70	-3	
70	78	3	
73	78	2	
73	79	-1	
71	79	3	
66	71	-2	
105	110	-2	
107	110	-2	
107	171	2	
171	175	-2	
169	175	4	
105	169	2	
137	142	-3	
142	150	2	
145	150	1	
145	151	1	
143	151	2	
137	143	2	
208	213	2	
213	221	-3	
217	221	-1	
217	222	-2	
214	222	-2	
400	407	-2	
402	407	-2	
402	466	3	
466	470	2	
464	470	-2	
400	464	2	
209	212	-1	
210	212	4	
210	274	2	
274	277	1	
273	277	2	
209	273	2	
425	428	-3	
426	428	2	
426	490	1	
490	492	-3	
489	492	3	
195	197	-3	
194	197	2	
194	199	-4	
34	36	1	
35	36	-3	
35	99	1	
99	102	-1	
98	102	2	
34	98	-2	
40	44	-2	
43	44	-3	
43	46	2	
40	47	3	
410	415	1	
411	415	4	
411	413	1	
408	413	2	
296	301	-3	
301	309	-1	
304	309	3	
303	311	2	
296	303	2	
160	164	-2	
161	164	2	
161	166	2	
160	165	-2	
154	156	2	
155	156	2	
153	157	2	
153	159	-2	
154	159	-3	
186	188	3	
186	189	3	
184	189	3	
184	190	3	
185	190	-2	
58	60	5	
59	60	1	
56	63	-3	
58	61	2	
1	6	2	
3	6	3	
67	68	1	
65	68	-3	
456	461	-1	
458	462	1	
459	462	-4	
459	463	-3	
456	463	2	
113	116	-1	
123	124	-1	
123	125	3	
113	117	2	
249	252	-2	
250	252	-2	
250	255	2	
248	253	3	
249	253	2	
353	358	-2	
355	358	2	
355	419	2	
419	422	3	
417	422	-3	
353	417	-2	
385	389	1	
389	397	-3	
394	397	-3	
394	398	-1	
390	398	-2	
465	468	-2	
468	476	-1	
472	476	-3	
469	477	-2	
465	469	-2	
424	428	-2	
428	436	1	
435	436	1	
435	439	-2	
431	439	2	
424	431	-2	
379	382	-2	
379	443	2	
443	444	2	
441	444	-3	
377	441	-2	
104	108	-3	
106	108	1	
105	111	2	
105	109	2	
104	109	2	
48	52	1	
51	53	-3	
51	54	1	
48	54	-3	
218	220	-1	
219	223	-3	
216	222	2	
218	222	2	
76	84	-1	
80	84	-2	
80	85	1	
77	85	-1	
72	77	-2	
289	293	3	
293	301	1	
297	301	2	
294	302	-2	
289	294	-2	
90	92	3	
89	92	-2	
168	174	-1	
176	183	1	
175	183	-1	
168	175	-1	
329	332	1	
330	332	-1	
330	333	-2	
328	333	2	
329	335	-3	
313	316	2	
315	316	3	
315	318	2	
312	318	-3	
313	317	-2	
337	341	-2	
338	341	-1	
338	402	1	
402	406	-2	
401	406	-3	
337	401	-2	
146	148	-2	
147	150	2	
144	150	2	
144	151	3	
146	151	2	
483	485	-2	
485	493	-2	
490	493	3	
490	494	-2	
486	494	-1	
483	486	-3	
2	4	-2	
4	12	1	
11	14	-2	
6	14	2	
2	6	2	
16	20	-4	
17	20	-2	
17	22	3	
19	23	2	
16	23	-1	
497	502	1	
502	510	-2	
503	511	-1	
497	503	-3	
344	348	-2	
345	349	2	
347	350	-1	
260	268	-2	
267	270	2	
262	270	-2	
256	262	1	
234	237	2	
237	245	2	
240	245	3	
234	239	-3	
200	204	4	
201	207	-3	
203	206	-2	
200	206	-1	
276	284	2	
282	284	-1	
282	285	-1	
277	285	-3	
275	277	1	
336	342	2	
339	403	-1	
400	405	-2	
336	400	2	
320	326	-2	
322	326	3	
322	386	1	
386	388	2	
384	388	-2	
320	384	-1	
226	231	-2	
227	291	1	
291	295	-1	
226	290	-1	
257	263	-2	
259	323	-2	
323	325	-1	
321	325	3	
74	79	3	
75	79	1	
75	139	-1	
138	141	3	
74	138	-1	
307	308	-2	
307	371	-2	
371	372	3	
305	369	-1	
370	434	2	
434	438	3	
432	438	2	
368	432	-1	
131	132	3	
131	134	-3	
128	134	2	
128	135	2	
129	135	-3	
244	252	-2	
251	252	-3	
246	254	1	
241	246	2	
448	452	2	
450	452	-2	
449	453	3	
449	455	2	
32	39	2	
33	97	2	
97	101	1	
32	96	1	
24	29	2	
27	91	1	
88	93	2	
24	88	1	
172	180	2	
177	181	-1	
170	173	2	
480	484	3	
484	492	2	
491	492	-2	
487	495	1	
480	487	3	
409	413	2	
413	421	-2	
416	421	-2	
416	422	-2	
414	422	2	
160	167	-2	
161	167	3	
161	225	-3	
225	228	1	
224	228	2	
160	224	-2	
235	236	3	
235	299	-2	
296	300	1	
232	296	3	
278	286	2	
281	286	1	
281	287	3	
279	287	-1	
363	364	-1	
362	365	-2	
392	396	-3	
393	457	1	
456	460	-2	
392	456	2	
113	118	-1	
121	126	-2	
113	119	-2	
442	447	-3	
442	506	1	
504	508	-3	
440	504	-1	
470	478	-2	
475	478	1	
471	479	-1	
467	471	-3	
376	380	-3	
378	380	-1	
379	383	2	
376	382	1	
194	196	-1	
192	197	3	
193	198	2	
353	356	2	
355	356	1	
354	359	2	
354	358	2	
40	45	-2	
42	47	1	
43	47	2	
40	46	-1	
264	269	4	
266	270	-3	
264	271	2	
81	86	-2	
82	146	-2	
81	145	-2	
123	126	2	
123	187	2	
184	191	1	
120	184	1	
99	100	-1	
99	103	3	
98	103	1	
96	102	2	
64	68	-3	
66	68	-1	
67	70	2	
67	69	-1	
64	69	-2	
57	60	2	
58	63	-2	
211	212	-4	
212	220	1	
216	220	-1	
216	221	2	
211	213	2	
498	500	-2	
499	500	-2	
499	503	3	
496	503	1	
496	502	2	
88	94	-1	
89	153	-1	
153	158	4	
152	158	2	
88	152	1	
8	12	-2	
9	12	-1	
9	15	2	
11	15	-2	
11	13	-1	
8	13	-1	
425	429	1	
426	431	2	
427	431	-1	
427	430	3	
435	437	-3	
437	445	-1	
442	445	3	
442	446	-2	
438	446	3	
394	399	-1	
391	399	2	
115	117	-2	
115	179	2	
179	182	-1	
178	182	2	
114	178	-1	
72	78	2	
73	137	2	
136	143	-2	
72	136	2	
400	404	2	
401	465	1	
465	471	2	
464	471	2	
417	420	2	
482	487	-2	
243	246	2	
243	247	-2	
233	239	1	
409	415	-2	
1	4	2	
3	5	3	
0	5	1	
250	253	-2	
250	314	1	
314	318	-1	
248	312	1	
280	286	2	
282	286	2	
282	346	1	
346	350	1	
280	344	1	
28	36	3	
35	38	-2	
292	300	-1	
298	300	-2	
104	110	2	
171	173	-1	
168	173	-1	
104	168	1	
448	454	2	
454	462	2	
455	463	-2	
205	213	-1	
208	215	3	
207	215	-2	
332	340	2	
335	343	1	
331	335	-1	
259	261	-2	
323	324	1	
322	324	2	
18	23	-3	
19	83	-1	
83	84	2	
82	84	-2	
162	226	2	
226	230	1	
306	370	1	
187	188	-2	
187	190	2	
186	190	-1	
185	189	-2	
91	92	-2	
91	155	1	
90	154	1	
48	53	-1	
130	132	1	
130	135	-3	
505	508	-2	
506	511	-2	
488	494	2	
489	494	1	
273	276	-1	
275	339	2	
273	337	-1	
177	183	-1	
243	244	1	
195	199	2	
194	198	2	
17	81	-1	
80	87	-1	
330	394	1	
394	396	3	
328	392	-2	
410	413	-2	
424	429	-2	
429	437	-1	
433	439	1	
269	277	-1	
272	277	-2	
271	279	1	
281	284	1	
290	292	-3	
287	295	2	
364	372	1	
369	373	1	
365	373	-1	
354	418	-2	
352	416	-2	
164	172	-1	
171	172	2	
171	174	-1	
166	174	2	
160	166	1	
385	391	2	
386	391	1	
384	390	-1	
209	214	-1	
141	149	2	
147	149	-2	
139	142	-1	
34	39	2	
98	100	3	
97	100	-2	
114	116	-2	
120	124	3	
120	127	2	
114	119	1	
25	28	1	
27	28	2	
27	31	-2	
26	29	1	
25	29	-2	
9	13	2	
8	15	-3	
218	221	-2	
221	229	1	
227	229	2	
227	230	2	
222	230	2	
234	298	-2	
298	301	-2	
233	297	1	
69	77	2	
65	71	-1	
242	306	-2	
306	311	2	
240	304	-2	
42	106	-1	
104	111	-2	
40	104	-2	
256	261	1	
256	320	1	
393	398	2	
379	380	1	
441	445	2	
201	205	-1	
481	484	-2	
481	486	-3	
452	460	1	
457	461	2	
453	461	1	
347	348	-1	
345	351	1	
346	349	-2	
152	157	3	
154	158	-1	
432	436	-2	
434	498	-1	
498	501	-1	
432	496	-1	
59	62	2	
68	76	-2	
75	76	2	
75	78	3	
64	70	-1	
402	404	1	
403	404	2	
403	467	2	
466	468	-1	
249	254	-3	
251	255	1	
41	44	-2	
43	107	2	
105	108	-1	
41	105	-1	
473	477	-2	
473	478	-1	
465	470	3	
93	101	1	
99	101	2	
95	103	2	
265	268	-2	
266	268	3	
378	382	-1	
375	383	1	
368	375	-2	
427	491	-1	
488	495	2	
220	228	-2	
223	231	1	
181	189	-2	
182	190	2	
83	86	-2	
83	147	-1	
147	151	-1	
80	144	-1	
280	285	1	
273	278	3	
443	507	-1	
505	510	2	
441	505	1	
162	165	-1	
165	173	-2	
167	175	-1	
410	414	-1	
355	357	1	
49	52	2	
51	52	2	
115	119	2	
49	113	-1	
121	125	-1	
185	191	-1	
121	185	-1	
336	340	-1	
333	341	1	
427	428	-1	
18	20	-2	
18	22	-1	
33	37	-1	
32	38	-2	
33	38	1	
0	6	-1	
456	462	-1	
450	455	2	
306	309	1	
305	310	1	
321	324	-2	
320	327	2	
497	500	1	
499	502	-1	
257	262	2	
137	141	1	
138	143	2	
404	412	2	
408	415	1	
407	415	2	
112	117	1	
113	177	-1	
176	180	-1	
112	176	2	
81	85	-1	
82	85	1	
145	148	-1	
217	223	-2	
440	446	-2	
439	447	1	
348	356	1	
352	358	2	
350	358	-2	
459	460	2	
464	468	2	
464	469	-2	
459	461	1	
106	109	2	
106	170	-1	
170	175	1	
49	53	1	
50	54	-2	
94	102	1	
96	103	-2	
90	95	-1	
163	164	1	
163	227	1	
211	275	1	
251	253	1	
313	377	-2	
312	376	-3	
393	397	1	
401	405	-1	
192	196	2	
196	204	-1	
197	205	-2	
154	157	1	
155	159	1	
26	28	2	
26	30	-2	
299	301	-1	
297	303	-2	
296	302	-1	
338	342	-1	
56	60	-2	
473	476	-1	
472	478	2	
368	372	2	
369	375	-2	
65	70	-1	
386	450	-1	
385	449	-1	
43	45	-1	
42	46	2	
354	356	-1	
224	230	1	
225	289	-1	
224	288	-1	
489	495	-2	
394	458	-1	
458	460	2	
180	188	-1	
183	191	1	
129	133	2	
130	194	-1	
129	193	-2	
98	101	-2	
171	235	-2	
280	284	-1	
91	94	2	
86	94	-1	
208	272	1	
21	29	2	
24	31	-2	
23	31	-1	
315	379	1	
314	378	2	
347	411	1	
411	412	2	
346	410	-1	
203	267	-1	
201	265	-1	
161	165	-1	
170	174	-2	
305	311	-2	
241	305	1	
210	213	1	
210	214	-1	
299	363	-1	
298	362	-1	
148	156	-2	
153	156	-1	
150	158	2	
436	444	-1	
179	181	-1	
402	405	-1	
50	55	1	
198	206	1	
425	431	1	
243	307	1	
5	13	-1	
10	14	1	
258	263	1	
73	77	1	
351	359	1	
228	236	1	
231	239	-1	
89	95	-1	
507	508	1	
274	279	-1	
339	340	-1	
274	338	-1	
219	221	-1	
67	131	-1	
66	130	-1	
99	163	-2	
96	160	-1	
384	389	-1	
451	454	2	
108	116	-1	
110	118	1	
144	149	-1	
19	21	-1	
25	30	1	
57	61	-1	
59	123	-1	
123	127	-1	
57	121	1	
371	373	1	
370	374	1	
312	319	-1	
289	292	-1	
290	293	-1	
291	294	-2	
178	181	1	
420	428	1	
422	430	-1	
418	422	-1	
309	317	1	
329	393	-1	
392	399	2	
98	162	-2	
97	161	1	
259	260	-1	
345	409	1	
408	414	-1	
344	408	1	
109	117	-1	
111	119	-1	
388	396	1	
128	192	-1	
206	214	-1	
339	341	-1	
475	476	-1	
475	477	-1	
58	62	1	
37	45	1	
41	45	1	
39	47	1	
89	93	1	
90	93	-1	
361	367	-1	
359	367	1	
353	359	-1	
232	239	-1	
507	509	1	
504	511	1	
272	276	-2	
273	279	1	
16	22	-1	
491	493	1	
490	495	-1	
149	157	-1	
242	246	-1	
241	247	1	
400	406	2	
139	203	1	
202	204	-2	
481	485	-1	
480	486	-1	
169	233	1	
82	87	-1	
322	325	1	
267	269	-1	
267	331	1	
331	334	-1	
264	328	-1	
74	76	1	
300	308	-1	
418	421	1	
225	231	1	
403	407	-1	
146	150	1	
151	159	1	
363	365	1	
426	430	1	
177	182	1	
36	44	1	
38	46	-1	
240	244	1	
248	252	1	
247	255	-1	
369	433	1	
291	292	1	
290	294	1	
288	295	-1	
467	469	1	
257	260	1	
209	213	-1	
162	166	1	
457	463	1	
107	111	-1	
405	413	1	
406	414	-1	
136	141	-1	
Energy:	-1736	
