NumberOfQubits	504	
NumberOfSubgraphs	588	
Serial	39	
PlantedSolution:	
0	1	
1	1	
2	-1	
3	-1	
4	1	
5	-1	
6	1	
8	1	
9	1	
10	1	
11	1	
12	-1	
13	-1	
14	1	
15	-1	
16	1	
17	1	
18	1	
19	-1	
20	1	
21	-1	
22	1	
23	-1	
24	1	
25	1	
26	-1	
27	-1	
28	-1	
29	1	
30	-1	
31	-1	
32	-1	
33	-1	
34	1	
35	1	
36	1	
37	1	
38	1	
39	-1	
40	-1	
41	1	
42	1	
43	1	
44	-1	
45	-1	
46	1	
47	1	
48	-1	
49	-1	
50	-1	
51	1	
52	-1	
53	-1	
54	1	
55	1	
56	1	
57	1	
58	-1	
59	1	
60	1	
61	1	
62	1	
63	-1	
64	-1	
65	-1	
66	1	
67	-1	
68	1	
69	-1	
70	-1	
71	-1	
72	1	
73	1	
74	1	
75	-1	
76	1	
77	-1	
78	-1	
79	1	
80	-1	
81	1	
82	1	
83	1	
84	1	
85	1	
86	1	
87	1	
88	-1	
89	1	
90	-1	
91	1	
92	-1	
93	-1	
94	-1	
95	-1	
96	-1	
97	1	
98	1	
99	1	
100	1	
101	1	
102	1	
103	-1	
104	1	
105	-1	
106	1	
107	-1	
108	1	
109	-1	
110	1	
111	-1	
112	1	
113	1	
114	-1	
115	1	
116	1	
117	1	
118	1	
119	-1	
120	-1	
121	-1	
123	1	
124	1	
125	1	
126	-1	
127	-1	
128	1	
129	1	
130	-1	
131	-1	
132	-1	
133	-1	
134	-1	
135	-1	
136	-1	
137	1	
138	-1	
139	-1	
141	-1	
142	-1	
143	-1	
144	-1	
145	-1	
146	1	
147	1	
148	-1	
149	-1	
150	-1	
151	1	
152	1	
153	-1	
154	-1	
155	-1	
156	-1	
157	1	
158	1	
159	1	
160	-1	
161	1	
162	-1	
163	1	
164	1	
165	1	
166	-1	
167	-1	
168	-1	
169	-1	
170	-1	
171	1	
172	1	
173	-1	
174	-1	
175	1	
176	-1	
177	1	
178	-1	
179	-1	
180	1	
181	-1	
182	1	
183	-1	
184	-1	
185	-1	
186	-1	
187	1	
188	-1	
189	-1	
190	1	
191	1	
192	-1	
193	-1	
194	1	
195	-1	
196	1	
197	-1	
198	-1	
199	1	
200	1	
201	-1	
202	1	
203	1	
204	-1	
205	-1	
206	1	
207	1	
208	-1	
209	-1	
210	-1	
211	1	
212	1	
213	1	
214	-1	
215	-1	
216	1	
217	-1	
218	1	
219	-1	
220	1	
221	-1	
222	1	
223	-1	
224	1	
225	-1	
226	-1	
227	1	
228	1	
229	-1	
230	-1	
231	-1	
232	1	
233	-1	
234	1	
235	-1	
236	1	
237	1	
238	1	
239	-1	
240	-1	
241	1	
242	-1	
243	1	
244	-1	
245	-1	
246	1	
247	1	
248	-1	
249	-1	
250	-1	
251	-1	
252	1	
253	1	
254	1	
255	-1	
256	1	
257	1	
258	1	
259	1	
260	-1	
261	-1	
262	1	
263	1	
264	1	
265	-1	
266	-1	
267	-1	
268	1	
269	1	
270	1	
271	1	
272	-1	
273	1	
274	-1	
275	1	
276	1	
277	1	
278	1	
279	-1	
280	1	
281	1	
282	1	
283	1	
284	1	
285	-1	
286	1	
287	-1	
288	-1	
289	1	
290	1	
291	-1	
292	-1	
293	1	
294	-1	
295	-1	
296	-1	
297	-1	
298	-1	
299	-1	
300	1	
301	-1	
302	-1	
303	-1	
304	-1	
305	-1	
306	-1	
307	1	
308	1	
309	-1	
310	-1	
311	-1	
312	-1	
313	1	
314	1	
315	-1	
316	1	
317	1	
318	1	
319	-1	
320	1	
321	1	
322	-1	
323	-1	
324	1	
325	-1	
326	1	
327	-1	
328	1	
329	1	
330	-1	
331	1	
332	1	
333	1	
334	-1	
335	-1	
336	-1	
337	1	
338	-1	
339	-1	
340	-1	
341	1	
342	-1	
343	1	
344	1	
345	-1	
346	1	
347	1	
348	1	
349	-1	
350	-1	
351	1	
352	-1	
353	-1	
354	1	
355	-1	
356	1	
357	-1	
358	-1	
359	-1	
361	-1	
362	1	
363	1	
364	1	
365	-1	
367	1	
368	-1	
369	1	
370	1	
371	-1	
372	-1	
373	1	
374	-1	
375	-1	
376	-1	
377	-1	
378	-1	
379	-1	
380	-1	
382	-1	
383	1	
384	1	
385	1	
386	-1	
387	-1	
388	-1	
389	1	
390	-1	
391	1	
392	-1	
393	-1	
394	-1	
396	1	
397	-1	
398	-1	
399	1	
400	1	
401	1	
402	-1	
403	-1	
404	-1	
405	-1	
406	-1	
407	1	
408	-1	
409	-1	
410	-1	
411	-1	
412	-1	
413	-1	
414	1	
415	-1	
416	1	
417	-1	
418	1	
419	1	
420	1	
421	-1	
422	-1	
424	1	
425	-1	
426	1	
427	-1	
428	1	
429	1	
430	-1	
431	-1	
432	-1	
433	1	
434	-1	
435	-1	
436	1	
437	-1	
438	-1	
439	1	
440	1	
441	-1	
442	-1	
443	1	
444	-1	
445	-1	
446	-1	
447	1	
448	-1	
449	-1	
450	-1	
451	1	
452	1	
453	-1	
454	1	
455	-1	
456	1	
457	-1	
458	-1	
459	-1	
460	-1	
461	1	
462	-1	
463	1	
464	1	
465	1	
466	1	
467	1	
468	1	
469	1	
470	1	
471	-1	
472	1	
473	1	
474	-1	
475	-1	
476	1	
477	1	
478	-1	
479	-1	
480	1	
481	1	
482	1	
483	-1	
484	-1	
485	1	
486	1	
487	1	
488	1	
489	-1	
490	1	
491	-1	
492	-1	
493	1	
494	1	
495	-1	
496	-1	
497	-1	
498	1	
499	-1	
500	-1	
501	-1	
502	1	
503	-1	
504	-1	
505	-1	
506	-1	
507	-1	
508	1	
509	-1	
510	1	
511	1	
Js:	
176	181	-3	
178	181	-3	
178	242	-1	
242	244	3	
240	244	-2	
176	240	-2	
170	174	-5	
174	182	3	
177	182	-3	
177	183	2	
175	183	2	
170	175	-4	
432	436	3	
434	436	-1	
434	439	2	
433	439	-4	
433	437	3	
432	437	-4	
424	428	-4	
426	428	-3	
426	429	-4	
427	429	2	
427	430	1	
424	430	3	
377	380	-4	
378	380	-4	
378	442	-2	
442	444	2	
441	444	-4	
377	441	-2	
392	397	4	
394	397	-4	
394	399	3	
393	399	3	
393	398	-5	
392	398	-2	
267	269	-4	
269	277	-2	
275	277	-1	
275	278	-3	
270	278	-2	
267	270	2	
321	326	-3	
323	326	4	
323	387	-1	
387	389	6	
385	389	2	
321	385	-2	
17	20	-4	
18	20	-2	
18	21	3	
19	21	-4	
19	22	2	
17	22	4	
154	156	-4	
155	156	-4	
155	219	3	
219	222	2	
218	222	-4	
154	218	3	
137	141	2	
138	141	-4	
138	143	-4	
139	143	1	
139	142	-3	
137	142	3	
208	212	1	
209	212	-4	
209	273	3	
273	279	3	
272	279	-3	
208	272	-4	
336	341	3	
339	341	3	
339	403	-3	
403	407	3	
400	407	-4	
336	400	2	
129	133	3	
131	133	-4	
131	195	1	
195	198	-3	
193	198	-4	
129	193	1	
481	484	-1	
482	484	5	
482	486	-2	
483	486	3	
483	485	5	
481	485	-3	
144	148	-5	
145	148	-4	
145	150	-4	
147	150	4	
147	151	-4	
144	151	-2	
96	100	3	
99	100	-4	
99	163	1	
163	166	5	
160	166	-3	
96	160	-2	
473	476	3	
474	476	2	
474	479	-4	
472	479	2	
472	477	-3	
473	477	-4	
226	231	-3	
227	231	3	
227	291	2	
291	292	-5	
290	292	3	
226	290	-1	
233	238	3	
235	238	4	
235	299	4	
299	301	-1	
297	301	-5	
233	297	-2	
25	29	-3	
29	37	-2	
32	37	4	
32	38	2	
30	38	3	
25	30	3	
449	452	4	
452	460	-2	
457	460	-3	
457	463	2	
455	463	3	
449	455	-4	
256	261	3	
258	261	2	
258	263	-4	
259	263	-2	
259	262	-3	
256	262	-3	
83	84	-4	
84	92	3	
88	92	4	
88	94	-5	
86	94	1	
83	86	-5	
105	108	3	
106	108	-4	
106	109	4	
107	109	-3	
107	111	-2	
105	111	-4	
353	359	-3	
354	359	2	
354	418	3	
418	421	4	
417	421	-1	
353	417	-3	
97	103	4	
98	103	2	
98	162	2	
162	167	-2	
161	167	-3	
97	161	-1	
498	501	2	
499	501	4	
499	502	2	
497	502	3	
497	503	-3	
498	503	3	
330	332	4	
332	340	-1	
337	340	4	
337	342	3	
334	342	-2	
330	334	-4	
200	204	2	
203	204	3	
203	205	3	
202	205	-2	
202	207	-3	
200	207	-3	
280	284	-4	
283	284	2	
283	347	-3	
347	351	-3	
344	351	-4	
280	344	-3	
488	492	4	
490	492	4	
490	493	-3	
489	493	5	
489	495	-4	
488	495	3	
248	252	5	
249	252	3	
249	254	2	
251	254	-3	
251	253	4	
248	253	3	
1	4	-5	
3	4	-2	
3	67	-4	
67	71	-5	
65	71	-4	
1	65	4	
408	413	-3	
409	413	3	
409	414	3	
411	414	3	
411	415	-4	
408	415	-2	
72	76	-2	
74	76	-2	
74	78	5	
73	78	3	
73	79	-3	
72	79	-4	
506	509	-2	
507	509	3	
507	511	3	
504	511	6	
504	510	1	
506	510	3	
224	229	2	
225	229	-3	
225	289	-3	
289	294	3	
288	294	-4	
224	288	2	
57	63	-4	
59	63	2	
59	123	-2	
123	127	5	
121	127	-4	
57	121	1	
465	468	-5	
466	468	-3	
466	470	-5	
467	470	2	
467	469	-3	
465	469	-4	
320	324	-4	
322	324	3	
322	386	-2	
386	390	-2	
384	390	4	
320	384	1	
306	311	3	
307	311	2	
307	371	2	
371	375	-4	
370	375	3	
306	370	1	
9	12	3	
11	12	3	
11	13	4	
10	13	4	
10	15	4	
9	15	3	
48	54	5	
50	54	5	
50	114	-4	
114	117	3	
112	117	-3	
48	112	-4	
40	44	-2	
41	44	4	
41	47	-4	
43	47	-1	
43	46	-2	
40	46	-3	
314	316	1	
315	316	4	
315	318	5	
312	318	2	
312	319	-3	
314	319	6	
128	132	5	
130	132	-4	
130	194	1	
194	196	4	
192	196	5	
128	192	1	
185	188	-3	
187	188	4	
187	191	-3	
184	191	4	
184	189	-4	
185	189	2	
51	52	2	
52	60	-1	
58	60	3	
58	61	6	
53	61	2	
51	53	5	
361	364	5	
364	372	1	
369	372	5	
369	373	-5	
365	373	-2	
361	365	-3	
352	356	2	
355	356	4	
355	419	3	
419	422	-2	
416	422	5	
352	416	3	
451	453	4	
453	461	3	
459	461	5	
459	462	-2	
454	462	-2	
451	454	-3	
81	85	-4	
85	93	1	
91	93	5	
91	95	-3	
87	95	3	
81	87	-4	
24	28	3	
28	36	2	
33	36	4	
33	39	-3	
31	39	-1	
24	31	-4	
232	236	-5	
234	236	-3	
234	298	4	
298	303	3	
296	303	-3	
232	296	4	
281	285	3	
282	285	3	
282	346	-2	
346	349	6	
345	349	-3	
281	345	2	
210	213	-2	
213	221	3	
217	221	-3	
217	223	-5	
215	223	-1	
210	215	-5	
0	5	4	
2	5	-3	
2	66	2	
66	68	2	
64	68	2	
0	64	4	
376	382	-3	
379	382	-5	
379	443	-2	
443	446	3	
440	446	4	
376	440	2	
115	116	-3	
116	124	-5	
120	124	5	
120	126	4	
118	126	3	
115	118	-3	
264	271	-5	
265	271	2	
265	329	4	
329	335	1	
328	335	-3	
264	328	-4	
162	164	2	
164	172	-2	
171	172	-4	
171	173	4	
165	173	-1	
162	165	1	
241	246	4	
243	246	-3	
243	307	-3	
307	310	2	
305	310	-3	
241	305	2	
153	157	2	
155	157	3	
155	159	4	
152	159	-4	
152	158	-4	
153	158	4	
401	404	4	
402	404	-3	
402	406	-4	
400	406	3	
400	405	3	
401	405	3	
304	308	3	
308	316	-2	
313	316	-4	
313	317	2	
309	317	1	
304	309	-3	
323	325	-4	
325	333	2	
331	333	-4	
331	335	3	
327	335	-3	
323	327	1	
496	500	-2	
500	508	2	
505	508	3	
505	510	3	
502	510	-3	
496	502	4	
235	237	-3	
237	245	2	
243	245	2	
243	247	-1	
239	247	2	
235	239	-2	
368	374	-5	
371	374	-4	
371	435	-1	
435	438	-4	
432	438	2	
368	432	-3	
266	268	6	
268	276	-3	
274	276	2	
274	277	2	
266	269	-3	
113	119	2	
115	119	2	
115	179	2	
179	180	4	
177	180	3	
113	177	-1	
186	190	-4	
187	190	-3	
187	251	2	
251	255	-3	
250	255	-4	
186	250	-3	
410	412	-2	
411	412	-4	
411	475	-2	
475	478	2	
474	478	-3	
410	474	-2	
16	23	4	
18	23	2	
18	82	-4	
82	86	-2	
80	86	-1	
16	80	4	
40	45	-4	
42	45	3	
42	106	-3	
106	110	-1	
104	110	4	
40	104	2	
298	300	4	
299	300	3	
299	363	2	
363	367	-5	
362	367	-4	
298	362	-1	
425	431	-2	
427	431	-4	
427	491	-4	
491	494	5	
489	494	-3	
425	489	-2	
8	14	4	
11	14	-2	
11	75	2	
75	77	-2	
72	77	2	
8	72	-2	
201	204	-3	
204	212	3	
211	212	-3	
211	214	4	
206	214	3	
201	206	-1	
49	54	1	
54	62	-1	
56	62	-4	
56	63	5	
55	63	-2	
49	55	3	
216	220	-5	
220	228	-3	
227	228	4	
227	230	1	
222	230	3	
216	222	-3	
345	348	2	
348	356	-4	
352	358	-4	
350	358	-3	
345	350	-2	
282	286	2	
286	294	2	
290	294	2	
290	295	4	
287	295	-2	
282	287	3	
26	31	-3	
27	31	-2	
27	91	3	
91	92	2	
90	92	-4	
26	90	-3	
384	391	-2	
386	391	2	
386	450	-3	
450	454	4	
448	454	-2	
384	448	3	
456	460	4	
460	468	1	
464	468	1	
464	471	5	
463	471	1	
456	463	-2	
416	420	-2	
417	420	4	
417	481	4	
481	487	2	
480	487	-4	
416	480	-3	
34	37	-4	
35	37	-2	
35	99	-2	
99	102	-3	
98	102	-3	
34	98	-3	
193	197	-5	
195	197	-3	
195	259	-2	
259	260	4	
257	260	3	
193	257	1	
129	134	4	
134	142	-3	
136	142	-3	
136	143	-3	
135	143	-2	
129	135	-3	
443	444	3	
443	447	-2	
442	447	2	
442	445	-4	
441	445	-4	
0	6	-3	
1	6	-4	
65	70	-2	
64	70	4	
146	149	5	
149	157	2	
154	157	2	
154	158	3	
150	158	2	
146	150	-2	
338	340	-2	
338	341	-3	
339	343	1	
337	343	-3	
385	388	4	
388	396	3	
392	396	5	
390	398	3	
385	390	3	
169	172	5	
168	173	-2	
168	174	-2	
169	174	-2	
289	293	-4	
291	293	3	
291	355	-1	
355	357	5	
353	357	-2	
289	353	1	
89	93	4	
93	101	2	
97	101	-3	
95	103	-2	
89	95	-3	
113	116	5	
120	125	3	
117	125	-4	
113	117	-3	
376	380	-4	
378	383	3	
379	383	4	
192	199	-3	
194	199	-4	
194	258	-1	
256	263	-2	
192	256	2	
67	68	2	
68	76	-4	
73	76	-4	
73	77	2	
69	77	-4	
67	69	-2	
296	300	2	
300	308	-2	
306	308	3	
306	310	-3	
302	310	-3	
296	302	-5	
393	397	-3	
394	458	-2	
458	462	-4	
457	462	-4	
393	457	-2	
100	108	3	
107	108	3	
107	110	2	
102	110	-4	
96	102	2	
19	23	-4	
19	83	1	
83	85	1	
80	85	3	
201	207	3	
201	265	-1	
265	270	4	
264	270	-3	
200	264	1	
44	52	-1	
49	52	-3	
49	53	-4	
45	53	1	
41	45	1	
8	13	3	
9	13	-3	
9	14	-3	
10	14	-2	
8	15	3	
178	180	1	
180	188	4	
186	188	-2	
182	190	-2	
178	182	4	
219	223	-4	
219	283	-1	
283	285	3	
217	281	2	
469	477	1	
473	478	3	
470	478	2	
465	470	-2	
224	228	2	
228	236	-2	
234	239	2	
231	239	-3	
224	231	3	
112	118	-3	
123	126	2	
119	127	-4	
112	119	4	
493	501	2	
496	501	-2	
496	503	-3	
495	503	2	
490	495	3	
160	164	-2	
163	164	-1	
161	166	1	
161	165	-3	
160	165	2	
240	245	-3	
241	245	4	
242	246	2	
242	247	4	
240	247	3	
408	412	-2	
412	420	3	
418	420	-2	
413	421	-2	
25	28	3	
33	38	-3	
146	148	3	
146	210	1	
208	215	-4	
144	208	1	
425	429	3	
429	437	1	
433	438	2	
430	438	-3	
425	430	2	
248	254	5	
250	254	2	
250	314	-1	
314	317	-3	
312	317	5	
248	312	-1	
370	372	3	
370	374	3	
368	373	-1	
349	357	-2	
354	357	-1	
354	358	5	
346	350	3	
329	332	-3	
330	333	2	
331	334	-1	
329	334	3	
275	276	-4	
276	284	-3	
280	287	3	
279	287	1	
275	279	4	
57	60	-4	
59	60	-4	
59	62	-4	
56	61	-2	
57	61	-4	
448	452	3	
450	455	-3	
450	453	-3	
448	453	3	
482	485	1	
480	486	-4	
482	487	-4	
130	133	-3	
131	134	-2	
128	134	3	
322	326	-2	
321	325	2	
320	325	4	
362	364	-4	
363	364	-3	
361	367	3	
362	365	4	
205	213	2	
211	213	4	
203	206	-3	
402	407	2	
403	406	-2	
401	406	3	
226	229	-3	
229	237	3	
233	237	3	
230	238	2	
226	230	-3	
506	508	4	
506	511	-1	
504	509	-2	
505	509	-4	
435	439	-3	
435	499	-4	
499	500	-3	
498	500	4	
434	498	4	
74	79	-2	
75	79	2	
75	139	-3	
139	141	-4	
74	138	-1	
89	94	3	
89	153	-2	
153	159	2	
88	152	1	
301	309	3	
304	311	-5	
303	311	-2	
297	303	-4	
104	109	3	
105	109	-2	
105	169	-2	
169	175	-1	
168	175	4	
104	168	3	
272	278	-4	
274	278	2	
274	338	-3	
338	342	-3	
336	342	-2	
272	336	-2	
181	189	-2	
183	191	4	
176	183	-3	
313	318	-3	
315	379	-2	
377	383	4	
313	377	-3	
427	428	2	
491	492	-2	
424	488	2	
260	268	2	
266	271	4	
263	271	-1	
257	263	3	
42	46	-3	
46	54	-1	
50	55	3	
47	55	1	
42	47	-3	
2	4	4	
3	5	-4	
3	6	4	
20	28	1	
26	28	2	
26	29	3	
21	29	2	
17	21	3	
82	87	-3	
82	146	-1	
145	149	-2	
81	145	-2	
387	388	2	
394	396	4	
391	399	-4	
387	391	3	
467	468	3	
468	476	-1	
472	476	-3	
471	479	-2	
467	471	4	
443	445	-2	
440	447	-4	
288	292	2	
290	293	-3	
289	295	2	
288	295	-3	
65	69	-3	
66	69	4	
66	70	4	
67	70	-2	
218	220	-2	
218	221	4	
219	221	-2	
216	223	3	
32	36	3	
34	36	-3	
35	39	4	
32	39	3	
410	413	-4	
411	413	1	
409	415	-4	
410	415	-2	
344	348	-2	
355	359	1	
351	359	3	
251	252	2	
250	253	-2	
249	255	-3	
459	460	-3	
459	463	4	
458	463	-4	
458	461	3	
456	461	-2	
141	149	1	
147	149	3	
143	151	1	
137	143	3	
194	197	3	
192	198	-3	
121	125	3	
121	126	-3	
114	118	4	
419	421	3	
421	429	1	
426	430	2	
422	430	-1	
257	261	4	
261	269	3	
262	270	-2	
257	262	-2	
402	405	-2	
402	466	-2	
466	469	-2	
464	469	-4	
400	464	-1	
305	308	-2	
299	302	-3	
89	92	2	
90	154	-1	
153	156	-2	
428	436	-2	
433	436	-4	
431	439	2	
424	431	4	
324	332	-2	
328	332	-4	
320	327	3	
280	286	-3	
283	286	-2	
347	348	-3	
43	44	5	
43	107	-4	
104	111	3	
202	204	2	
209	214	-1	
202	206	-4	
273	278	-2	
338	343	4	
273	337	1	
76	84	-1	
78	86	-2	
475	476	3	
476	484	2	
483	484	2	
477	485	-3	
475	477	2	
12	20	2	
14	22	-1	
225	228	2	
232	239	2	
225	231	-3	
96	101	4	
98	101	-3	
160	167	-3	
384	389	-3	
387	451	2	
24	30	-2	
27	30	-3	
88	93	-2	
24	88	2	
48	52	3	
50	52	-2	
51	55	-3	
48	53	-2	
497	501	-3	
494	502	-1	
177	181	4	
179	181	-2	
179	243	2	
243	244	3	
241	244	3	
177	241	1	
184	190	-1	
185	190	4	
312	316	3	
315	317	-3	
130	135	-3	
131	135	-3	
128	133	-3	
168	172	3	
169	173	-3	
170	173	2	
58	62	4	
370	373	-2	
371	373	-2	
368	375	-2	
507	510	4	
137	201	4	
201	205	2	
200	205	4	
136	200	4	
329	333	-3	
326	334	3	
75	78	-2	
10	74	2	
418	422	3	
414	422	-3	
410	414	3	
208	213	2	
211	275	-2	
101	109	2	
99	101	-2	
16	21	2	
25	31	3	
23	31	1	
121	124	2	
123	125	-2	
258	260	3	
259	261	2	
258	262	-2	
77	85	2	
82	85	3	
79	87	-1	
492	500	-1	
436	444	-3	
437	445	-2	
218	282	-1	
281	287	-2	
347	350	2	
345	351	-2	
396	404	1	
403	404	2	
399	407	-2	
392	399	2	
288	293	-2	
293	301	1	
296	301	-2	
294	302	-2	
378	382	-4	
114	119	-1	
114	178	2	
178	183	-3	
112	176	1	
450	452	-1	
451	452	-2	
451	455	3	
449	454	3	
242	306	-3	
240	304	-2	
480	484	3	
481	486	-4	
145	151	2	
144	150	2	
464	470	3	
0	4	1	
2	6	3	
152	157	-2	
157	165	3	
163	165	-4	
158	166	1	
352	357	-2	
357	365	-2	
359	367	-1	
352	359	-2	
38	46	-3	
39	47	2	
321	327	4	
322	327	-3	
386	388	4	
195	196	2	
196	204	1	
203	207	2	
199	207	-3	
195	199	3	
97	102	-1	
105	110	-2	
103	111	-3	
397	405	-1	
398	406	2	
156	164	2	
161	164	-3	
159	167	4	
65	68	2	
66	71	-1	
64	71	-2	
457	461	3	
339	340	4	
339	342	-3	
336	343	4	
265	268	-2	
249	253	3	
292	300	2	
295	303	-1	
291	295	-2	
273	276	-2	
282	284	-3	
277	285	3	
273	277	-3	
305	309	-3	
307	309	3	
369	375	2	
305	369	-1	
438	446	-1	
439	447	-4	
426	431	2	
490	494	-2	
426	490	2	
51	115	-3	
49	113	3	
409	473	3	
472	478	3	
408	472	-3	
179	182	2	
179	183	-2	
16	22	2	
18	22	-5	
82	84	-1	
80	84	3	
27	29	3	
90	95	-3	
186	189	-3	
185	249	-3	
224	230	3	
353	358	-2	
417	422	-2	
138	142	-2	
299	303	1	
297	361	-1	
8	12	2	
19	20	3	
15	23	1	
209	213	3	
210	214	-1	
208	214	-2	
209	215	-3	
233	236	2	
233	239	-3	
234	237	-1	
232	237	2	
328	333	1	
330	335	-3	
328	334	1	
443	507	2	
507	508	2	
442	506	-2	
313	319	4	
385	391	1	
242	245	1	
43	45	2	
40	47	3	
497	500	-2	
499	503	1	
34	38	-1	
35	38	-2	
416	421	3	
139	203	3	
138	202	-3	
26	30	-3	
90	94	-3	
368	372	-3	
370	434	2	
434	438	-2	
163	227	-2	
227	229	2	
161	225	-1	
172	180	-1	
173	181	-2	
272	277	3	
278	286	-1	
67	131	-1	
66	130	-1	
74	77	2	
81	86	-3	
341	349	2	
346	351	1	
343	351	-1	
362	426	1	
361	425	-2	
456	462	-2	
267	268	1	
264	269	-1	
146	151	-2	
289	292	1	
104	108	-1	
106	170	1	
4	12	2	
6	14	-2	
307	308	-2	
480	485	-2	
479	487	-2	
475	479	-3	
121	185	-1	
185	191	1	
120	184	-2	
314	378	1	
97	100	2	
99	103	2	
401	407	1	
491	493	-2	
488	494	-3	
320	326	-2	
81	84	-2	
110	118	-1	
111	119	-1	
244	252	2	
245	253	-2	
394	398	-2	
234	238	-3	
298	301	-2	
153	217	2	
152	216	-2	
72	136	2	
210	212	2	
210	274	-3	
274	279	-2	
340	348	2	
342	350	-1	
434	437	-3	
435	437	-1	
176	180	3	
176	182	-2	
197	205	-1	
193	199	1	
363	365	3	
367	375	1	
419	420	-3	
419	483	3	
162	166	-4	
162	226	-3	
160	224	-2	
281	284	-1	
283	287	3	
281	286	-4	
65	129	1	
64	128	1	
11	15	3	
56	60	-2	
59	61	-2	
440	445	2	
442	446	-2	
441	446	-2	
441	447	-2	
51	54	-1	
17	23	2	
403	405	-2	
403	467	2	
466	471	2	
353	356	-1	
354	356	-2	
32	96	-2	
425	428	3	
27	28	-3	
265	269	1	
267	331	4	
331	332	-2	
123	124	-2	
377	382	-1	
376	383	-3	
80	87	2	
83	87	1	
83	147	-2	
144	149	-1	
80	144	-1	
385	449	2	
211	215	-1	
246	254	-2	
248	255	-2	
247	255	2	
241	247	-2	
310	318	2	
256	260	2	
258	322	2	
256	320	-2	
484	492	-1	
489	492	-2	
487	495	-1	
152	156	1	
389	397	2	
333	341	-2	
335	343	1	
344	350	3	
345	409	-1	
409	412	-2	
344	408	-2	
186	191	-2	
41	46	2	
504	508	-3	
503	511	2	
171	175	-2	
129	132	2	
131	132	-3	
128	135	3	
219	220	2	
216	221	-1	
369	374	-1	
424	429	1	
458	460	-1	
35	36	2	
33	97	3	
151	159	1	
501	509	-1	
240	246	2	
5	13	-2	
1	5	-1	
306	309	-1	
297	302	-1	
123	187	-1	
187	189	1	
41	105	1	
24	29	-1	
337	401	-2	
259	323	-1	
323	324	3	
321	324	-2	
257	321	-1	
171	174	2	
171	235	2	
169	233	-1	
75	76	-1	
136	141	-2	
488	493	-2	
491	495	1	
250	252	2	
449	453	-1	
57	62	-1	
441	505	-2	
505	511	2	
440	504	2	
9	73	-2	
474	477	1	
271	279	-1	
214	222	3	
400	404	-1	
404	412	-1	
407	415	2	
148	156	1	
379	380	-1	
163	167	1	
154	159	1	
336	340	1	
347	349	1	
37	45	1	
392	456	2	
305	311	-3	
225	230	-2	
386	389	1	
133	141	1	
130	134	-2	
91	94	1	
184	188	-1	
267	271	3	
236	244	1	
198	206	-1	
200	206	-2	
98	100	-1	
346	410	1	
408	414	2	
280	285	-1	
212	220	1	
304	310	-1	
314	318	-2	
311	319	1	
58	63	-1	
338	402	1	
42	44	2	
322	325	2	
483	487	1	
473	479	1	
291	294	1	
266	270	1	
498	502	1	
432	496	-1	
71	79	-2	
440	444	2	
16	20	2	
356	364	-1	
285	293	-3	
217	220	1	
96	103	-1	
478	486	1	
56	120	-1	
10	12	2	
92	100	1	
94	102	1	
193	196	2	
194	198	1	
34	39	1	
405	413	-1	
238	246	-1	
232	238	-1	
64	69	-1	
70	78	-2	
167	175	1	
363	427	-1	
221	229	-1	
435	436	1	
433	497	1	
371	372	1	
106	111	1	
418	482	-2	
465	471	2	
401	465	-1	
393	396	-1	
170	234	-1	
384	388	1	
448	455	-1	
115	117	1	
297	300	-1	
290	354	-1	
288	352	1	
147	148	1	
337	341	-1	
226	228	1	
372	380	-1	
374	382	1	
346	348	-1	
33	37	1	
17	81	-1	
170	172	1	
284	292	1	
112	116	-1	
120	127	1	
432	439	1	
217	222	1	
223	231	1	
235	236	1	
330	394	-1	
328	392	1	
Energy:	-2550	
