NumberOfQubits	504	
NumberOfSubgraphs	420	
Serial	146	
PlantedSolution:	
0	-1	
1	-1	
2	1	
3	1	
4	-1	
5	1	
6	-1	
8	1	
9	1	
10	1	
11	1	
12	1	
13	1	
14	-1	
15	-1	
16	1	
17	-1	
18	-1	
19	1	
20	1	
21	-1	
22	1	
23	-1	
24	-1	
25	1	
26	1	
27	-1	
28	1	
29	-1	
30	-1	
31	-1	
32	-1	
33	1	
34	-1	
35	-1	
36	1	
37	1	
38	1	
39	1	
40	-1	
41	1	
42	1	
43	1	
44	-1	
45	-1	
46	-1	
47	1	
48	-1	
49	1	
50	-1	
51	-1	
52	-1	
53	1	
54	-1	
55	1	
56	1	
57	-1	
58	-1	
59	-1	
60	-1	
61	1	
62	1	
63	-1	
64	1	
65	1	
66	1	
67	-1	
68	1	
69	1	
70	-1	
71	1	
72	-1	
73	-1	
74	1	
75	1	
76	-1	
77	-1	
78	1	
79	-1	
80	1	
81	1	
82	1	
83	-1	
84	-1	
85	1	
86	1	
87	1	
88	-1	
89	-1	
90	-1	
91	1	
92	1	
93	1	
94	1	
95	1	
96	-1	
97	1	
98	1	
99	-1	
100	-1	
101	-1	
102	1	
103	1	
104	1	
105	1	
106	-1	
107	-1	
108	1	
109	1	
110	-1	
111	1	
112	1	
113	-1	
114	1	
115	-1	
116	-1	
117	-1	
118	-1	
119	-1	
120	1	
121	-1	
123	-1	
124	-1	
125	-1	
126	1	
127	1	
128	-1	
129	1	
130	-1	
131	1	
132	-1	
133	-1	
134	1	
135	1	
136	-1	
137	1	
138	1	
139	-1	
141	1	
142	1	
143	1	
144	-1	
145	-1	
146	1	
147	1	
148	1	
149	-1	
150	-1	
151	1	
152	-1	
153	-1	
154	-1	
155	1	
156	1	
157	1	
158	1	
159	1	
160	-1	
161	1	
162	-1	
163	-1	
164	-1	
165	1	
166	-1	
167	1	
168	-1	
169	1	
170	-1	
171	1	
172	1	
173	-1	
174	1	
175	1	
176	1	
177	1	
178	1	
179	1	
180	1	
181	-1	
182	1	
183	1	
184	1	
185	1	
186	-1	
187	1	
188	1	
189	-1	
190	-1	
191	1	
192	1	
193	1	
194	-1	
195	-1	
196	-1	
197	-1	
198	1	
199	1	
200	-1	
201	1	
202	-1	
203	-1	
204	-1	
205	1	
206	-1	
207	1	
208	1	
209	-1	
210	1	
211	1	
212	1	
213	-1	
214	1	
215	1	
216	-1	
217	1	
218	-1	
219	-1	
220	-1	
221	1	
222	-1	
223	1	
224	1	
225	1	
226	-1	
227	1	
228	-1	
229	1	
230	-1	
231	-1	
232	1	
233	-1	
234	1	
235	1	
236	1	
237	1	
238	-1	
239	-1	
240	1	
241	1	
242	-1	
243	-1	
244	-1	
245	1	
246	1	
247	-1	
248	1	
249	-1	
250	-1	
251	-1	
252	1	
253	1	
254	-1	
255	-1	
256	-1	
257	1	
258	-1	
259	1	
260	-1	
261	1	
262	-1	
263	-1	
264	-1	
265	-1	
266	-1	
267	-1	
268	-1	
269	-1	
270	1	
271	-1	
272	-1	
273	1	
274	1	
275	-1	
276	-1	
277	-1	
278	1	
279	1	
280	1	
281	1	
282	1	
283	-1	
284	-1	
285	-1	
286	1	
287	1	
288	-1	
289	1	
290	1	
291	1	
292	1	
293	1	
294	-1	
295	1	
296	1	
297	-1	
298	-1	
299	1	
300	-1	
301	1	
302	1	
303	-1	
304	-1	
305	-1	
306	-1	
307	1	
308	-1	
309	1	
310	-1	
311	1	
312	-1	
313	1	
314	1	
315	1	
316	1	
317	1	
318	1	
319	1	
320	1	
321	-1	
322	-1	
323	-1	
324	-1	
325	-1	
326	1	
327	1	
328	1	
329	1	
330	1	
331	1	
332	1	
333	1	
334	-1	
335	-1	
336	1	
337	-1	
338	-1	
339	-1	
340	1	
341	-1	
342	1	
343	1	
344	1	
345	-1	
346	1	
347	-1	
348	-1	
349	-1	
350	-1	
351	-1	
352	1	
353	-1	
354	-1	
355	1	
356	1	
357	-1	
358	-1	
359	1	
361	1	
362	-1	
363	-1	
364	1	
365	1	
367	-1	
368	-1	
369	1	
370	1	
371	1	
372	1	
373	-1	
374	-1	
375	1	
376	1	
377	-1	
378	1	
379	1	
380	1	
382	1	
383	-1	
384	1	
385	-1	
386	-1	
387	-1	
388	-1	
389	1	
390	-1	
391	-1	
392	1	
393	-1	
394	1	
396	1	
397	-1	
398	1	
399	1	
400	-1	
401	-1	
402	1	
403	1	
404	1	
405	-1	
406	1	
407	-1	
408	1	
409	1	
410	1	
411	-1	
412	1	
413	-1	
414	1	
415	-1	
416	-1	
417	1	
418	-1	
419	1	
420	1	
421	1	
422	1	
424	1	
425	1	
426	-1	
427	1	
428	-1	
429	1	
430	1	
431	1	
432	-1	
433	1	
434	1	
435	1	
436	-1	
437	-1	
438	1	
439	-1	
440	1	
441	-1	
442	1	
443	-1	
444	1	
445	-1	
446	1	
447	-1	
448	-1	
449	1	
450	1	
451	1	
452	1	
453	-1	
454	-1	
455	1	
456	-1	
457	-1	
458	-1	
459	-1	
460	1	
461	-1	
462	1	
463	-1	
464	1	
465	1	
466	1	
467	1	
468	1	
469	1	
470	1	
471	1	
472	-1	
473	1	
474	-1	
475	1	
476	1	
477	-1	
478	-1	
479	1	
480	1	
481	-1	
482	-1	
483	1	
484	1	
485	1	
486	1	
487	-1	
488	1	
489	-1	
490	1	
491	-1	
492	-1	
493	-1	
494	1	
495	1	
496	1	
497	-1	
498	-1	
499	1	
500	-1	
501	1	
502	-1	
503	-1	
504	1	
505	-1	
506	-1	
507	-1	
508	1	
509	1	
510	1	
511	1	
Js:	
435	436	2	
436	444	3	
443	444	2	
443	445	-3	
437	445	-2	
435	437	2	
265	270	2	
267	270	2	
267	331	-1	
331	334	3	
329	334	1	
265	329	2	
128	134	3	
129	134	-2	
129	193	-2	
193	198	2	
192	198	-3	
128	192	2	
280	287	-4	
283	287	4	
283	347	-1	
347	350	-2	
344	350	-3	
280	344	-2	
169	175	1	
171	175	-3	
171	235	-2	
235	236	-2	
233	236	2	
169	233	3	
186	188	3	
187	188	-4	
187	190	3	
185	190	-3	
185	189	2	
186	189	-1	
80	86	-3	
81	86	-2	
81	145	2	
145	149	2	
144	149	-2	
80	144	2	
74	76	3	
75	76	1	
75	77	3	
73	77	-2	
73	78	-3	
74	78	-3	
392	398	-3	
394	398	3	
394	458	1	
458	460	3	
456	460	2	
392	456	1	
362	364	3	
364	372	-2	
371	372	-2	
371	373	2	
365	373	-3	
362	365	1	
25	29	2	
26	29	3	
26	31	3	
24	31	-3	
24	30	-3	
25	30	-1	
464	468	-4	
467	468	-1	
467	470	2	
465	470	-3	
465	469	-3	
464	469	-2	
9	12	-2	
11	12	-2	
11	14	2	
8	14	3	
8	13	-3	
9	13	2	
483	485	-2	
485	493	1	
488	493	4	
488	494	1	
486	494	-3	
483	486	-2	
384	390	2	
386	390	-2	
386	450	2	
450	455	-3	
448	455	2	
384	448	-3	
56	60	4	
59	60	-3	
59	63	-4	
57	63	3	
57	62	3	
56	62	-3	
224	228	-3	
226	228	-2	
226	290	1	
290	292	-4	
288	292	1	
224	288	1	
312	316	2	
315	316	-3	
315	318	-3	
313	318	-2	
313	319	-2	
312	319	4	
209	213	3	
210	213	3	
210	274	-1	
274	277	3	
273	277	1	
209	273	1	
402	405	2	
403	405	2	
403	407	2	
400	407	-1	
400	406	2	
402	406	2	
322	324	2	
323	324	-3	
323	327	2	
321	327	2	
321	325	-2	
322	325	-2	
106	108	4	
107	108	2	
107	111	2	
105	111	3	
105	110	3	
106	110	-2	
42	44	-1	
43	44	3	
43	45	3	
41	45	3	
41	47	-4	
42	47	-3	
96	101	-1	
99	101	-3	
99	163	2	
163	166	-3	
160	166	-3	
96	160	-1	
440	446	-2	
442	446	-3	
442	506	3	
506	510	2	
504	510	2	
440	504	-2	
241	245	-2	
242	245	3	
242	246	3	
243	246	3	
243	247	3	
241	247	4	
195	197	1	
197	205	2	
201	205	-1	
201	207	-2	
199	207	-2	
195	199	2	
498	500	-2	
499	500	2	
499	501	-4	
496	501	-2	
496	502	-3	
498	502	-2	
425	428	-1	
426	428	-3	
426	431	2	
427	431	-2	
427	429	-1	
425	429	-2	
176	180	-2	
179	180	-2	
179	182	-5	
178	182	1	
178	181	3	
176	181	3	
408	412	-3	
410	412	-3	
410	474	2	
474	479	-2	
472	479	3	
408	472	2	
88	92	2	
91	92	-3	
91	93	3	
89	93	3	
89	94	2	
88	94	3	
305	308	-3	
306	308	-2	
306	310	-3	
304	310	-1	
304	309	3	
305	309	-1	
153	157	3	
155	157	-3	
155	159	-3	
154	159	3	
154	158	3	
153	158	4	
338	341	-3	
339	341	3	
339	342	2	
336	342	-3	
336	343	-4	
338	343	2	
168	174	-3	
170	174	1	
170	234	2	
234	237	-3	
232	237	-3	
168	232	1	
296	300	3	
298	300	-3	
298	302	-2	
297	302	3	
297	303	-3	
296	303	2	
352	358	2	
355	358	-2	
355	419	-1	
419	420	-4	
416	420	2	
352	416	4	
112	116	3	
115	116	-4	
115	117	-2	
113	117	1	
113	118	-2	
112	118	3	
216	220	-2	
217	220	1	
217	223	-4	
219	223	1	
219	222	-3	
216	222	3	
121	124	-2	
123	124	-3	
123	127	4	
120	127	-1	
120	126	3	
121	126	4	
50	52	-2	
51	52	-4	
51	55	-3	
48	55	4	
48	54	-2	
50	54	-3	
136	141	-1	
139	141	3	
139	143	1	
138	143	-2	
138	142	-2	
136	142	3	
64	68	-2	
66	68	-2	
66	71	-1	
65	71	-5	
65	69	1	
64	69	-4	
258	260	-2	
259	260	2	
259	262	-4	
256	262	-3	
256	261	4	
258	261	3	
16	20	-3	
18	20	3	
18	23	-2	
17	23	-4	
17	21	-3	
16	21	3	
409	413	2	
411	413	-3	
411	475	2	
475	477	-3	
473	477	4	
409	473	-2	
82	85	-1	
83	85	3	
83	147	2	
147	148	-3	
146	148	-3	
82	146	2	
33	36	-3	
34	36	3	
34	98	2	
98	102	2	
97	102	-2	
33	97	-2	
369	374	2	
374	382	2	
378	382	-2	
378	383	3	
375	383	-1	
369	375	-5	
202	204	-2	
204	212	2	
211	212	-2	
211	214	-4	
206	214	-1	
202	206	-3	
249	252	3	
250	252	2	
250	254	-2	
251	254	-2	
251	253	-1	
249	253	4	
272	276	-4	
276	284	-2	
282	284	3	
282	286	-2	
278	286	-1	
272	278	-1	
385	389	4	
387	389	2	
387	451	-1	
451	453	2	
449	453	2	
385	449	2	
0	4	-4	
1	4	3	
1	5	3	
2	5	-1	
2	6	4	
0	6	-1	
480	484	-2	
484	492	-1	
491	492	-3	
491	495	1	
487	495	3	
480	487	3	
345	348	-4	
348	356	3	
354	356	3	
354	357	-3	
349	357	2	
345	349	-2	
264	268	-2	
266	268	-4	
266	330	2	
330	332	-3	
328	332	-3	
264	328	-1	
225	229	-2	
227	229	-3	
227	291	-2	
291	295	-2	
289	295	-4	
225	289	-2	
417	421	3	
421	429	-3	
424	429	-2	
424	430	-2	
422	430	-2	
417	422	-2	
433	438	-2	
434	438	2	
434	498	4	
498	503	-2	
497	503	-2	
433	497	2	
32	37	2	
35	37	2	
35	39	3	
33	39	1	
33	38	-3	
32	38	3	
130	133	2	
131	133	4	
131	195	2	
195	196	-3	
194	196	-4	
130	194	-2	
161	164	4	
162	164	-2	
162	165	-2	
160	165	3	
160	167	4	
161	167	-2	
456	461	-2	
457	461	-2	
457	463	-3	
459	463	-3	
459	462	3	
456	462	4	
506	508	1	
507	508	4	
507	511	2	
505	511	3	
505	509	-2	
506	509	2	
387	388	-2	
388	396	-2	
393	396	3	
393	399	3	
391	399	2	
387	391	-3	
377	380	2	
379	380	-3	
379	443	3	
443	447	1	
441	447	-3	
377	441	-2	
297	301	3	
299	301	1	
299	363	2	
363	367	-3	
361	367	3	
297	361	3	
72	76	-2	
76	84	-2	
83	84	-2	
83	87	3	
79	87	3	
72	79	2	
177	181	1	
181	189	1	
184	189	3	
184	191	-4	
183	191	-1	
177	183	-2	
224	230	-1	
230	238	-2	
235	238	2	
235	239	3	
231	239	-2	
224	231	3	
346	350	-2	
350	358	-2	
353	358	-4	
353	359	3	
351	359	3	
346	351	2	
401	404	3	
402	404	-1	
402	466	-2	
466	471	1	
465	471	-2	
401	465	2	
90	92	1	
92	100	2	
96	100	-1	
96	103	3	
95	103	-4	
90	95	-3	
217	221	-3	
218	221	-1	
218	282	3	
282	285	2	
281	285	2	
217	281	-2	
248	255	2	
250	255	-3	
250	314	-1	
314	317	-5	
312	317	1	
248	312	1	
368	374	-2	
370	374	3	
370	434	1	
434	439	2	
432	439	-2	
368	432	-2	
257	261	-2	
261	269	1	
267	269	-2	
267	271	3	
263	271	-3	
257	263	4	
104	109	-2	
109	117	-1	
114	117	2	
114	119	3	
111	119	1	
104	111	-3	
19	20	1	
20	28	-1	
27	28	2	
27	30	-2	
22	30	1	
19	22	-3	
273	279	-3	
275	279	3	
275	339	1	
339	340	2	
337	340	4	
273	337	2	
49	53	-2	
53	61	2	
58	61	4	
58	62	3	
54	62	1	
49	54	3	
240	244	2	
243	244	-2	
243	307	1	
307	311	-3	
304	311	2	
240	304	-2	
320	325	2	
325	333	1	
331	333	2	
326	334	1	
320	326	-4	
144	150	-2	
145	150	-1	
145	209	1	
209	215	2	
208	215	-2	
144	208	3	
3	6	5	
3	67	-3	
67	70	-2	
66	70	3	
2	66	-3	
418	421	2	
418	482	-3	
482	484	3	
481	484	1	
417	481	3	
148	156	-1	
152	156	-3	
152	159	2	
151	159	-1	
146	151	-1	
200	204	-3	
201	204	3	
203	207	1	
203	205	-2	
200	205	2	
169	172	-1	
170	172	2	
170	173	-3	
168	173	-3	
169	174	-3	
8	15	1	
10	15	-3	
10	74	-1	
74	77	1	
72	77	-1	
8	72	1	
489	493	-1	
489	494	-2	
490	494	-3	
490	495	-3	
488	495	-2	
408	415	3	
410	415	-1	
474	478	-2	
472	478	-3	
289	293	-2	
290	293	-2	
290	295	-1	
288	295	2	
288	294	-2	
289	294	-2	
40	44	-2	
41	44	2	
43	46	3	
40	46	4	
128	132	-3	
130	132	-3	
130	134	3	
129	135	-3	
128	135	-4	
450	452	-3	
451	452	-1	
451	454	3	
449	454	-3	
450	453	3	
328	335	3	
330	335	1	
330	394	1	
394	397	2	
392	397	2	
328	392	-1	
409	414	-2	
411	414	-1	
475	476	-2	
473	476	-3	
120	124	-3	
121	127	2	
121	125	-1	
120	125	3	
137	142	-2	
142	150	1	
147	150	2	
147	151	2	
143	151	-2	
137	143	-3	
379	382	-3	
376	382	-3	
376	383	-2	
377	383	-3	
10	12	-3	
11	15	3	
9	15	3	
10	13	-3	
194	198	1	
194	258	-1	
258	262	-2	
192	256	-1	
90	94	2	
90	154	-2	
152	158	2	
88	152	-2	
501	509	-3	
503	511	3	
499	503	3	
400	404	2	
403	404	-2	
403	467	-2	
467	471	-3	
464	471	-1	
400	464	-2	
329	333	-3	
333	341	2	
335	343	2	
329	335	-3	
370	372	-3	
371	375	-3	
369	373	2	
370	373	-2	
185	188	-2	
186	191	2	
184	190	1	
433	436	3	
440	444	-1	
440	445	-3	
433	437	1	
234	236	-2	
234	239	3	
232	239	-1	
232	238	2	
233	238	-2	
48	52	-1	
51	53	2	
49	55	1	
97	100	-3	
98	100	2	
98	162	1	
162	167	3	
97	161	-2	
208	212	-3	
210	212	-2	
210	214	-2	
211	213	-1	
208	213	1	
257	260	-3	
260	268	-1	
266	271	-1	
240	245	-4	
245	253	-2	
249	254	1	
246	254	1	
240	246	-1	
355	356	-2	
355	359	3	
345	351	-2	
296	301	-2	
301	309	-1	
307	309	-2	
303	311	-1	
32	36	-2	
34	37	2	
32	39	2	
385	388	2	
386	388	-1	
386	391	-2	
384	391	3	
385	390	-1	
280	285	2	
281	286	-2	
283	286	3	
115	179	2	
176	182	-1	
112	176	1	
1	65	3	
65	68	-2	
0	64	3	
320	324	3	
322	327	3	
322	326	-2	
104	108	-2	
105	108	-2	
105	109	-1	
107	109	3	
107	110	-3	
104	110	-1	
220	228	1	
226	231	-2	
223	231	1	
216	223	2	
362	367	-2	
363	427	1	
427	428	1	
362	426	1	
93	101	-1	
99	103	3	
89	95	1	
25	28	-3	
26	28	-2	
27	29	-2	
27	31	-1	
25	31	-2	
58	60	-1	
57	61	1	
56	63	2	
241	244	3	
244	252	-2	
248	252	-2	
247	255	-1	
17	81	-1	
81	84	3	
80	84	1	
16	80	-2	
457	460	3	
459	460	1	
458	462	-2	
458	461	-3	
481	485	3	
480	486	2	
481	487	-2	
113	119	-1	
114	178	-1	
178	180	-2	
177	180	1	
113	177	2	
393	398	2	
398	406	-1	
401	406	-2	
401	407	-2	
399	407	1	
308	316	2	
310	318	-2	
274	276	-2	
274	278	-2	
275	278	3	
275	277	-3	
272	277	-2	
138	141	1	
139	203	-2	
203	206	-2	
138	202	1	
78	86	-2	
82	86	-3	
82	87	-2	
73	79	-2	
352	357	1	
354	418	2	
418	422	2	
416	422	3	
435	438	-1	
438	446	-2	
441	446	-1	
439	447	-3	
435	439	2	
496	500	2	
500	508	2	
507	510	2	
502	510	2	
219	221	3	
221	229	1	
227	230	3	
222	230	-1	
291	292	-2	
292	300	-2	
299	300	2	
299	302	-3	
294	302	1	
291	294	2	
155	156	-2	
156	164	-1	
163	164	-2	
163	165	2	
157	165	-2	
466	468	-3	
468	476	1	
474	476	2	
474	477	-2	
469	477	1	
466	469	-1	
424	431	-2	
425	431	-2	
425	489	3	
489	492	3	
488	492	1	
424	488	-2	
344	349	2	
347	349	-1	
347	411	-2	
408	413	1	
344	408	1	
192	196	2	
193	196	1	
193	197	3	
194	197	-3	
194	199	-1	
192	199	-3	
19	21	3	
18	22	-3	
38	46	1	
40	47	1	
39	47	-1	
338	340	1	
338	342	2	
337	343	-1	
313	317	-1	
314	378	1	
313	377	1	
67	69	3	
67	71	2	
65	70	1	
64	70	-1	
133	141	1	
137	141	-3	
135	143	-1	
131	135	1	
265	269	-2	
264	271	-2	
264	270	3	
449	452	-4	
448	454	-1	
171	173	1	
173	181	1	
178	183	-2	
175	183	-3	
361	364	-2	
368	372	2	
368	373	-1	
361	365	-2	
412	420	-1	
419	422	2	
414	422	-1	
410	414	-2	
396	404	1	
400	405	-3	
397	405	-1	
393	397	-2	
470	478	2	
473	478	2	
473	479	-1	
471	479	-2	
112	117	2	
117	125	-4	
118	126	3	
426	430	1	
427	430	-2	
427	491	3	
491	493	-2	
490	493	-2	
426	490	2	
3	5	-2	
5	13	-2	
11	13	-2	
6	14	1	
187	251	4	
251	252	1	
185	249	-2	
432	438	2	
442	447	-1	
207	215	-2	
200	207	3	
313	316	-2	
311	319	1	
305	311	2	
75	79	3	
75	139	2	
139	142	2	
72	136	-3	
497	501	-1	
504	509	-2	
504	511	-2	
84	92	1	
85	93	-1	
81	85	-2	
164	172	1	
168	172	2	
166	174	1	
161	166	1	
50	53	3	
59	61	2	
55	63	1	
50	55	1	
225	228	2	
228	236	2	
232	236	-1	
229	237	2	
149	157	-2	
150	158	2	
259	323	1	
323	325	-3	
257	321	1	
218	223	1	
281	284	-2	
40	45	-2	
42	45	1	
42	106	2	
106	111	2	
40	104	-1	
298	301	1	
293	301	-2	
346	348	2	
353	356	1	
353	357	-1	
346	349	3	
98	101	2	
101	109	2	
102	110	1	
266	269	1	
329	332	-1	
384	388	1	
459	461	1	
476	484	-1	
482	485	1	
477	485	1	
24	28	1	
28	36	1	
35	36	2	
35	38	2	
30	38	2	
242	306	-1	
306	309	2	
129	132	2	
129	133	-1	
131	134	-2	
273	276	2	
376	440	-2	
406	414	-2	
409	415	2	
407	415	-3	
402	407	1	
169	173	-2	
233	237	2	
186	190	-2	
251	255	2	
186	250	-2	
16	22	-1	
18	82	1	
344	351	2	
91	95	-2	
91	155	-1	
225	231	1	
227	231	-1	
298	303	2	
298	362	-3	
315	317	-2	
312	318	-2	
314	319	-1	
114	118	2	
119	127	3	
432	437	-2	
434	437	2	
432	496	-1	
321	324	-2	
320	327	-1	
321	326	2	
210	215	-2	
211	215	-1	
209	214	1	
283	285	1	
285	293	1	
288	293	2	
286	294	2	
332	340	-2	
334	342	2	
328	334	2	
202	205	2	
198	206	2	
68	76	1	
73	76	-1	
70	78	1	
113	116	2	
177	182	-2	
44	52	1	
49	52	2	
46	54	-1	
25	89	2	
24	88	-2	
242	244	-2	
466	470	1	
8	12	-2	
9	14	2	
259	263	3	
256	263	-2	
41	105	1	
99	100	-2	
96	102	3	
218	220	-3	
219	220	-2	
216	221	1	
218	222	-2	
420	428	1	
424	428	-2	
419	421	-2	
371	435	-2	
369	433	1	
145	148	1	
146	149	2	
147	149	1	
145	151	3	
454	462	-2	
456	463	-1	
455	463	1	
451	455	-3	
441	444	3	
442	444	-1	
505	510	-2	
441	505	-2	
386	389	2	
389	397	1	
390	398	3	
171	172	-2	
172	180	-2	
176	183	2	
2	4	2	
235	299	-1	
296	302	-1	
232	296	2	
77	85	-1	
57	60	-2	
58	63	-2	
425	430	-2	
280	284	2	
279	287	1	
272	279	2	
336	341	1	
331	335	1	
497	500	-2	
504	508	-2	
497	502	-3	
185	191	-1	
248	253	-1	
184	248	-2	
29	37	2	
34	39	2	
31	39	-1	
482	486	2	
481	486	1	
131	132	2	
372	380	1	
376	380	-3	
201	265	2	
265	268	2	
200	264	-1	
355	357	1	
357	365	2	
363	365	2	
359	367	1	
405	413	-2	
411	415	1	
347	351	-1	
67	68	-1	
64	71	-2	
304	308	1	
307	308	2	
307	310	2	
305	310	-2	
19	23	3	
16	23	1	
89	92	1	
89	153	-1	
153	156	2	
59	123	-1	
56	120	-2	
225	230	1	
226	230	-2	
394	396	2	
394	399	-3	
392	399	-1	
48	53	1	
72	78	1	
74	138	-2	
136	143	-1	
352	356	-2	
448	452	2	
449	455	1	
448	453	-2	
337	341	-1	
339	403	1	
337	401	-1	
201	206	1	
137	201	1	
507	509	-1	
270	278	-2	
271	279	1	
187	189	1	
248	254	-2	
193	199	-2	
33	37	1	
171	174	-2	
233	239	1	
371	374	-1	
410	413	-2	
4	12	-1	
0	5	2	
378	380	1	
378	442	-1	
123	125	2	
115	119	-1	
483	484	-2	
483	487	-1	
480	485	-2	
80	85	-2	
144	151	-1	
205	213	1	
291	293	-1	
243	245	-1	
309	317	-1	
314	318	-1	
212	220	-1	
214	222	1	
97	101	1	
331	332	1	
337	342	1	
155	158	-1	
116	124	-2	
179	181	1	
472	477	1	
42	46	1	
162	166	-2	
162	226	-2	
226	229	1	
224	229	1	
160	224	1	
367	375	1	
94	102	-1	
146	150	2	
264	269	-1	
269	277	1	
11	75	1	
9	73	1	
353	417	-1	
417	420	-1	
379	383	-1	
392	396	-2	
387	390	-2	
50	114	-1	
49	113	2	
66	69	-2	
67	131	1	
66	130	1	
17	20	-2	
18	21	-1	
170	175	-1	
56	61	-1	
234	238	1	
238	246	1	
241	246	1	
239	247	-2	
330	333	-2	
330	334	1	
315	319	-2	
27	91	1	
299	303	1	
363	364	2	
282	346	1	
403	406	-1	
467	469	-2	
154	157	-1	
159	167	-1	
195	198	-2	
192	197	1	
203	267	-1	
267	268	-1	
202	266	-2	
322	386	-1	
321	385	1	
106	109	1	
106	170	1	
104	168	1	
291	355	-1	
354	359	1	
290	354	1	
144	148	2	
147	211	-2	
433	439	-1	
347	348	1	
411	412	1	
409	412	-1	
345	409	1	
453	461	-1	
450	454	1	
306	370	1	
304	368	1	
250	253	2	
336	340	-1	
272	336	-1	
489	495	1	
482	487	-1	
36	44	1	
37	45	1	
26	30	1	
26	90	-1	
90	93	1	
88	93	1	
442	445	1	
10	14	2	
472	476	1	
475	479	-2	
141	149	1	
384	389	-1	
339	343	1	
418	420	1	
419	483	1	
428	436	-2	
432	436	-1	
430	438	-1	
112	119	1	
236	244	1	
306	311	-1	
35	99	-1	
99	102	1	
32	96	1	
200	206	-1	
461	469	-1	
463	471	1	
458	463	-1	
24	29	1	
213	221	-1	
215	223	-1	
284	292	-1	
290	294	1	
345	350	-1	
314	316	1	
323	326	-1	
103	111	-1	
98	103	1	
163	227	-1	
356	364	1	
73	137	-1	
43	47	-1	
273	278	1	
154	156	1	
152	157	-1	
57	121	-1	
178	242	-1	
176	240	-1	
295	303	-1	
491	494	-1	
51	115	-1	
435	499	1	
82	84	-1	
404	412	1	
460	468	-1	
464	470	-1	
462	470	1	
219	283	1	
282	287	-1	
180	188	-1	
182	190	-1	
416	480	-1	
441	445	-1	
443	507	-1	
505	508	-1	
262	270	1	
161	165	1	
208	214	1	
475	478	1	
434	436	1	
429	437	-1	
426	429	1	
352	359	-1	
34	38	-1	
234	298	1	
114	116	1	
1	6	-1	
130	135	1	
Energy:	-1730	
