NumberOfQubits	504	
NumberOfSubgraphs	756	
Serial	59	
PlantedSolution:	
0	1	
1	1	
2	-1	
3	-1	
4	1	
5	1	
6	-1	
8	1	
9	-1	
10	1	
11	-1	
12	1	
13	-1	
14	-1	
15	-1	
16	-1	
17	1	
18	1	
19	1	
20	-1	
21	-1	
22	1	
23	1	
24	-1	
25	-1	
26	1	
27	1	
28	1	
29	1	
30	1	
31	1	
32	1	
33	1	
34	-1	
35	-1	
36	-1	
37	-1	
38	-1	
39	1	
40	1	
41	1	
42	1	
43	1	
44	-1	
45	1	
46	1	
47	1	
48	-1	
49	-1	
50	-1	
51	1	
52	-1	
53	-1	
54	1	
55	1	
56	-1	
57	-1	
58	-1	
59	-1	
60	-1	
61	1	
62	-1	
63	-1	
64	1	
65	1	
66	1	
67	-1	
68	-1	
69	-1	
70	-1	
71	-1	
72	-1	
73	-1	
74	-1	
75	-1	
76	-1	
77	1	
78	1	
79	-1	
80	-1	
81	1	
82	1	
83	-1	
84	-1	
85	1	
86	-1	
87	1	
88	-1	
89	1	
90	-1	
91	-1	
92	-1	
93	-1	
94	-1	
95	-1	
96	-1	
97	1	
98	-1	
99	-1	
100	-1	
101	1	
102	1	
103	1	
104	-1	
105	1	
106	-1	
107	-1	
108	1	
109	1	
110	1	
111	1	
112	1	
113	-1	
114	-1	
115	-1	
116	-1	
117	1	
118	1	
119	-1	
120	1	
121	1	
123	-1	
124	1	
125	1	
126	-1	
127	-1	
128	-1	
129	1	
130	-1	
131	1	
132	1	
133	1	
134	1	
135	1	
136	-1	
137	1	
138	-1	
139	-1	
141	1	
142	-1	
143	1	
144	-1	
145	-1	
146	1	
147	1	
148	1	
149	1	
150	-1	
151	-1	
152	1	
153	-1	
154	-1	
155	1	
156	-1	
157	-1	
158	1	
159	-1	
160	1	
161	1	
162	1	
163	-1	
164	-1	
165	1	
166	-1	
167	1	
168	1	
169	1	
170	1	
171	1	
172	1	
173	1	
174	-1	
175	-1	
176	-1	
177	-1	
178	1	
179	1	
180	-1	
181	1	
182	-1	
183	1	
184	1	
185	-1	
186	1	
187	-1	
188	1	
189	-1	
190	1	
191	-1	
192	1	
193	1	
194	-1	
195	-1	
196	-1	
197	1	
198	1	
199	1	
200	-1	
201	1	
202	1	
203	1	
204	-1	
205	-1	
206	-1	
207	1	
208	-1	
209	-1	
210	1	
211	-1	
212	1	
213	1	
214	-1	
215	1	
216	-1	
217	-1	
218	-1	
219	1	
220	1	
221	1	
222	1	
223	1	
224	-1	
225	1	
226	-1	
227	1	
228	-1	
229	-1	
230	1	
231	1	
232	-1	
233	-1	
234	1	
235	1	
236	-1	
237	-1	
238	-1	
239	1	
240	-1	
241	1	
242	1	
243	1	
244	1	
245	1	
246	-1	
247	-1	
248	1	
249	1	
250	-1	
251	1	
252	1	
253	1	
254	-1	
255	-1	
256	1	
257	-1	
258	-1	
259	1	
260	1	
261	-1	
262	-1	
263	-1	
264	-1	
265	-1	
266	-1	
267	-1	
268	-1	
269	1	
270	1	
271	-1	
272	1	
273	-1	
274	-1	
275	1	
276	1	
277	-1	
278	1	
279	1	
280	-1	
281	1	
282	1	
283	-1	
284	-1	
285	-1	
286	-1	
287	-1	
288	1	
289	-1	
290	-1	
291	-1	
292	1	
293	1	
294	1	
295	-1	
296	1	
297	-1	
298	1	
299	-1	
300	-1	
301	-1	
302	1	
303	-1	
304	1	
305	1	
306	1	
307	1	
308	-1	
309	1	
310	-1	
311	1	
312	-1	
313	1	
314	1	
315	-1	
316	-1	
317	-1	
318	1	
319	1	
320	1	
321	1	
322	1	
323	1	
324	-1	
325	-1	
326	-1	
327	1	
328	1	
329	-1	
330	1	
331	-1	
332	1	
333	1	
334	-1	
335	1	
336	1	
337	-1	
338	1	
339	1	
340	1	
341	-1	
342	-1	
343	-1	
344	1	
345	-1	
346	-1	
347	-1	
348	1	
349	-1	
350	1	
351	1	
352	-1	
353	-1	
354	-1	
355	-1	
356	1	
357	1	
358	-1	
359	1	
361	1	
362	-1	
363	1	
364	1	
365	1	
367	-1	
368	-1	
369	1	
370	-1	
371	1	
372	1	
373	-1	
374	-1	
375	-1	
376	-1	
377	1	
378	1	
379	1	
380	-1	
382	1	
383	1	
384	-1	
385	1	
386	-1	
387	-1	
388	1	
389	1	
390	1	
391	-1	
392	1	
393	1	
394	1	
396	1	
397	-1	
398	-1	
399	1	
400	1	
401	1	
402	1	
403	1	
404	-1	
405	-1	
406	-1	
407	1	
408	1	
409	-1	
410	1	
411	1	
412	1	
413	1	
414	1	
415	-1	
416	1	
417	-1	
418	1	
419	-1	
420	-1	
421	-1	
422	-1	
424	-1	
425	1	
426	1	
427	-1	
428	-1	
429	-1	
430	1	
431	1	
432	-1	
433	1	
434	1	
435	-1	
436	1	
437	-1	
438	-1	
439	1	
440	1	
441	1	
442	1	
443	-1	
444	1	
445	1	
446	1	
447	-1	
448	1	
449	1	
450	-1	
451	-1	
452	-1	
453	-1	
454	-1	
455	-1	
456	1	
457	1	
458	-1	
459	-1	
460	-1	
461	-1	
462	1	
463	-1	
464	-1	
465	1	
466	1	
467	-1	
468	1	
469	1	
470	1	
471	-1	
472	1	
473	1	
474	1	
475	-1	
476	-1	
477	1	
478	-1	
479	1	
480	-1	
481	-1	
482	1	
483	1	
484	-1	
485	-1	
486	-1	
487	-1	
488	-1	
489	-1	
490	1	
491	-1	
492	1	
493	-1	
494	1	
495	-1	
496	-1	
497	1	
498	-1	
499	1	
500	-1	
501	-1	
502	1	
503	-1	
504	-1	
505	-1	
506	1	
507	-1	
508	1	
509	-1	
510	1	
511	1	
Js:	
200	204	-4	
201	204	4	
201	265	3	
265	269	-4	
264	269	3	
200	264	-4	
240	244	2	
241	244	-4	
241	245	-4	
242	245	2	
242	247	4	
240	247	-6	
280	284	-3	
283	284	-5	
283	286	-6	
282	286	3	
282	285	5	
280	285	-5	
378	382	3	
379	382	-4	
379	443	3	
443	446	3	
442	446	-4	
378	442	-3	
48	52	-7	
49	52	-3	
49	54	-4	
50	54	7	
50	55	5	
48	55	3	
17	23	-5	
18	23	6	
18	82	-4	
82	85	-4	
81	85	-3	
17	81	-3	
307	308	5	
308	316	-4	
313	316	5	
313	317	4	
309	317	5	
307	309	-5	
129	132	-6	
130	132	4	
130	133	4	
131	133	-3	
131	134	-5	
129	134	2	
482	484	5	
483	484	5	
483	485	2	
480	485	-3	
480	487	-6	
482	487	-1	
24	31	5	
27	31	3	
27	91	4	
91	93	-4	
88	93	-6	
24	88	-4	
425	428	3	
427	428	-5	
427	491	-2	
491	493	-6	
489	493	-6	
425	489	-4	
352	356	5	
353	356	-3	
353	357	5	
355	357	4	
355	358	-5	
352	358	-3	
58	60	-6	
59	60	-2	
59	63	-5	
56	63	-4	
56	62	-7	
58	62	2	
227	230	-5	
230	238	2	
233	238	-5	
233	239	2	
231	239	2	
227	231	-3	
184	188	-4	
187	188	4	
187	189	-5	
186	189	3	
186	191	4	
184	191	5	
208	213	4	
210	213	-4	
210	214	3	
211	214	-5	
211	215	2	
208	215	3	
408	415	-4	
410	415	7	
410	474	-4	
474	476	5	
472	476	5	
408	472	-4	
160	165	-4	
161	165	-5	
161	225	-3	
225	229	4	
224	229	-5	
160	224	3	
323	325	5	
325	333	4	
331	333	3	
331	335	4	
327	335	-4	
323	327	3	
393	397	3	
397	405	-2	
401	405	5	
401	407	-4	
399	407	2	
393	399	-5	
232	236	-5	
235	236	-4	
235	299	1	
299	303	-3	
296	303	6	
232	296	3	
257	261	-6	
258	261	-3	
258	262	-4	
259	262	4	
259	263	4	
257	263	-5	
498	502	4	
502	510	3	
506	510	-5	
506	511	-3	
503	511	2	
498	503	-3	
112	117	-6	
115	117	2	
115	119	5	
114	119	-6	
114	118	4	
112	118	-4	
459	460	-5	
460	468	2	
466	468	-5	
466	471	4	
463	471	-2	
459	463	-6	
330	332	-6	
332	340	3	
338	340	-4	
338	342	4	
334	342	-3	
330	334	5	
66	68	-4	
67	68	-4	
67	70	-1	
64	70	2	
64	71	2	
66	71	3	
168	172	-5	
171	172	-3	
171	175	6	
169	175	-3	
169	174	4	
168	174	5	
72	76	-4	
76	84	-2	
83	84	-4	
83	86	3	
78	86	3	
72	78	5	
9	12	4	
10	12	-4	
10	15	4	
8	15	5	
8	14	5	
9	14	-6	
368	375	-3	
369	375	-4	
369	433	-1	
433	438	5	
432	438	-5	
368	432	-1	
457	461	6	
461	469	-2	
464	469	4	
464	470	7	
462	470	-2	
457	462	-2	
147	148	-7	
148	156	-1	
152	156	3	
152	159	3	
151	159	-4	
147	151	3	
386	388	5	
388	396	-5	
392	396	-4	
392	398	3	
390	398	4	
386	390	5	
40	45	-4	
43	45	-4	
43	47	-5	
42	47	-5	
42	46	-4	
40	46	3	
290	292	4	
291	292	2	
291	295	-4	
289	295	2	
289	294	4	
290	294	3	
146	149	-5	
149	157	3	
155	157	4	
155	158	-4	
150	158	-2	
146	150	5	
104	108	7	
105	108	-3	
105	111	5	
107	111	5	
107	109	4	
104	109	4	
32	36	6	
33	36	1	
33	39	-4	
34	39	4	
34	37	-5	
32	37	-3	
274	276	4	
275	276	-3	
275	277	4	
273	277	-3	
273	279	-2	
274	279	4	
193	197	-4	
195	197	4	
195	198	6	
194	198	3	
194	199	3	
193	199	5	
217	220	3	
219	220	-5	
219	221	-4	
216	221	-4	
216	223	1	
217	223	6	
176	181	6	
177	181	-3	
177	183	4	
178	183	-3	
178	182	6	
176	182	-4	
0	4	-4	
3	4	2	
3	5	6	
1	5	-4	
1	6	3	
0	6	6	
98	102	2	
99	102	4	
99	163	2	
163	167	5	
162	167	-2	
98	162	2	
249	252	-3	
250	252	6	
250	253	-1	
248	253	-4	
248	255	5	
249	255	3	
202	206	4	
203	206	3	
203	267	2	
267	268	3	
266	268	-5	
202	266	1	
19	20	2	
20	28	-2	
26	28	-4	
26	30	-5	
22	30	-2	
19	22	-7	
424	429	4	
426	429	5	
426	490	-1	
490	494	-6	
488	494	5	
424	488	-3	
320	324	4	
321	324	7	
321	385	-2	
385	389	-4	
384	389	4	
320	384	2	
448	452	6	
451	452	-3	
451	454	-4	
449	454	4	
449	453	4	
448	453	-6	
339	341	3	
341	349	-5	
345	349	-4	
345	351	4	
343	351	2	
339	343	4	
409	413	4	
413	421	3	
417	421	-4	
417	422	-4	
414	422	-1	
409	414	4	
370	373	-4	
371	373	3	
371	435	1	
435	439	4	
434	439	-4	
370	434	-1	
73	79	-6	
74	79	-4	
74	138	-4	
138	141	4	
137	141	4	
73	137	4	
120	125	2	
121	125	-6	
121	127	3	
123	127	-5	
123	126	-4	
120	126	4	
376	383	-3	
377	383	-3	
377	441	-2	
441	447	3	
440	447	5	
376	440	4	
297	302	-4	
298	302	-3	
298	362	3	
362	364	5	
361	364	-5	
297	361	2	
89	92	4	
92	100	-3	
96	100	-3	
96	103	4	
95	103	4	
89	95	4	
306	310	4	
310	318	5	
312	318	3	
312	319	4	
311	319	-4	
306	311	4	
496	500	-6	
500	508	-2	
504	508	4	
504	509	-5	
501	509	-3	
496	501	-3	
409	412	4	
411	412	-3	
411	475	-3	
475	479	6	
473	479	-4	
409	473	3	
72	77	-2	
75	77	5	
75	139	-4	
139	142	-2	
136	142	-6	
72	136	-4	
400	404	5	
402	404	4	
402	406	4	
403	406	4	
403	405	5	
400	405	4	
354	357	3	
357	365	-2	
363	365	-5	
363	367	-4	
359	367	5	
354	359	4	
344	348	3	
346	348	6	
346	351	3	
347	351	4	
347	350	5	
344	350	-5	
250	254	-3	
251	254	7	
251	315	-1	
315	318	5	
314	318	-2	
250	314	2	
16	21	-3	
21	29	3	
25	29	4	
25	31	4	
23	31	1	
16	23	3	
288	292	-3	
292	300	2	
296	300	-2	
296	301	3	
293	301	2	
288	293	-4	
416	420	4	
418	420	6	
418	421	4	
419	421	-3	
419	422	-4	
416	422	4	
80	87	3	
81	87	-5	
81	145	-1	
145	151	-5	
144	151	-3	
80	144	-1	
433	436	-2	
436	444	-4	
442	444	-4	
442	445	-2	
437	445	3	
433	437	4	
265	270	2	
270	278	-3	
272	278	-2	
272	279	-4	
271	279	4	
265	271	-2	
169	173	-6	
170	173	-4	
170	234	-3	
234	237	5	
233	237	-2	
169	233	2	
178	180	3	
179	180	3	
179	243	-2	
243	246	-3	
242	246	3	
178	242	-2	
49	53	-6	
51	53	3	
51	115	3	
115	116	-3	
113	116	-3	
49	113	-3	
89	94	3	
90	94	-5	
90	154	-3	
154	156	-4	
153	156	-5	
89	153	3	
64	69	5	
65	69	2	
65	129	1	
129	135	-3	
128	135	6	
64	128	1	
35	36	-2	
36	44	-3	
41	44	6	
41	46	-3	
38	46	3	
35	38	-6	
192	196	6	
194	196	-6	
194	258	-2	
258	260	-4	
256	260	-4	
192	256	-2	
474	477	-4	
477	485	2	
481	485	-5	
481	486	4	
478	486	-3	
474	478	2	
97	101	-7	
101	109	2	
106	109	4	
106	110	6	
102	110	-3	
97	102	-3	
386	391	-2	
387	391	-5	
387	451	-4	
451	455	-4	
450	455	-6	
386	450	3	
217	222	3	
218	222	4	
218	282	2	
282	287	4	
281	287	-3	
217	281	3	
491	492	3	
492	500	2	
499	500	3	
499	503	3	
495	503	-2	
491	495	4	
394	396	-2	
394	458	4	
458	463	-1	
456	463	4	
392	456	4	
368	372	4	
372	380	-3	
377	380	6	
377	382	-3	
374	382	3	
368	374	-3	
121	124	-4	
123	124	-3	
123	187	-1	
187	190	5	
185	190	4	
121	185	2	
322	325	3	
328	333	4	
328	334	3	
326	334	-2	
322	326	4	
202	205	-4	
205	213	5	
209	213	4	
209	215	3	
207	215	-5	
202	207	-4	
161	164	2	
162	164	4	
162	226	3	
226	228	-4	
225	228	5	
2	5	4	
5	13	1	
11	13	5	
11	14	-2	
6	14	-1	
2	6	-4	
305	308	3	
306	308	3	
304	311	-3	
304	310	4	
305	310	4	
57	60	-4	
56	61	2	
57	61	4	
441	445	-4	
443	445	6	
443	507	-3	
507	508	3	
505	508	6	
441	505	-3	
427	431	5	
424	431	4	
424	430	4	
425	430	-4	
337	340	5	
339	340	-3	
339	342	4	
336	342	5	
336	343	5	
337	343	-5	
465	469	-4	
467	469	2	
467	470	5	
464	471	-2	
465	471	6	
497	501	3	
506	509	4	
497	502	-3	
144	150	-4	
147	150	2	
147	211	-4	
211	212	6	
208	212	4	
144	208	-4	
137	143	-3	
139	143	5	
139	203	3	
203	205	3	
201	205	2	
137	201	-4	
160	164	-1	
164	172	3	
166	174	-5	
160	166	4	
324	332	2	
329	332	-2	
329	335	4	
320	327	-3	
1	4	-5	
2	4	7	
2	66	-3	
65	71	3	
1	65	-4	
226	230	5	
227	291	4	
290	295	-4	
226	290	2	
419	420	-3	
419	483	-4	
483	486	3	
482	486	5	
418	482	-4	
452	460	-3	
456	460	2	
456	461	3	
453	461	-3	
404	412	4	
411	414	-5	
406	414	-1	
400	406	4	
18	22	-2	
19	83	4	
83	87	3	
82	87	2	
32	38	2	
33	38	4	
33	97	-4	
96	101	4	
32	96	-2	
74	76	-4	
75	76	4	
75	79	-2	
73	78	3	
74	78	2	
234	236	2	
235	239	-4	
232	239	4	
232	237	-2	
177	180	-6	
243	244	-6	
177	241	2	
298	300	5	
299	300	-5	
299	301	-5	
297	301	3	
297	303	-3	
298	303	2	
153	157	-3	
157	165	2	
163	165	-2	
163	166	-4	
158	166	3	
153	158	3	
42	45	-4	
45	53	-1	
51	55	-4	
47	55	-2	
113	117	-4	
113	119	-4	
17	20	5	
25	28	4	
17	21	3	
434	436	-2	
435	436	3	
435	438	-1	
432	437	2	
434	437	3	
198	206	3	
200	206	-3	
200	207	2	
199	207	-2	
195	199	4	
257	260	-3	
260	268	4	
266	269	1	
261	269	4	
216	220	5	
219	283	2	
280	286	-2	
216	280	1	
314	316	3	
315	316	-1	
315	319	4	
313	319	-2	
314	317	-3	
35	39	1	
35	99	-4	
99	103	4	
98	103	-3	
34	98	-4	
369	373	4	
370	374	-4	
371	374	5	
371	375	4	
8	12	-4	
11	12	3	
11	15	-4	
10	13	6	
8	13	2	
88	92	-3	
91	92	-2	
91	95	2	
90	95	-3	
88	94	-3	
133	141	-5	
136	141	3	
134	142	4	
354	356	3	
356	364	-3	
361	367	6	
346	350	3	
346	410	1	
344	408	-1	
209	214	-5	
210	274	-3	
274	277	-3	
209	273	-1	
473	476	-3	
473	478	5	
475	478	-3	
475	477	4	
472	477	-4	
181	189	5	
185	189	-3	
185	191	-3	
183	191	5	
176	183	-3	
249	253	-4	
251	255	4	
248	254	-2	
480	484	2	
484	492	4	
490	492	-6	
490	495	3	
487	495	-2	
107	110	2	
107	171	-1	
171	173	-3	
106	170	1	
387	389	3	
389	397	5	
394	397	6	
394	398	3	
387	390	-3	
288	294	-3	
289	353	-3	
353	358	-4	
288	352	3	
218	221	4	
221	229	3	
224	231	5	
223	231	-4	
218	223	5	
40	44	4	
41	105	-5	
40	104	4	
262	270	4	
264	270	-4	
264	271	-2	
263	271	-2	
402	407	-4	
403	407	4	
403	467	3	
467	468	4	
402	466	-3	
376	380	-3	
378	380	3	
442	447	4	
384	388	3	
393	396	-5	
391	399	-4	
384	391	-4	
130	135	2	
130	194	2	
128	192	3	
272	276	-3	
276	284	2	
281	284	3	
281	285	3	
277	285	-2	
272	277	4	
240	245	3	
241	305	-4	
305	309	2	
304	309	-4	
240	304	3	
362	365	5	
363	427	2	
427	429	2	
362	426	3	
340	348	-2	
347	348	3	
347	349	4	
337	341	-2	
454	462	-4	
459	462	4	
455	463	-2	
449	455	4	
50	52	-2	
48	53	-4	
80	84	-4	
81	84	3	
81	86	3	
82	86	4	
80	85	4	
154	159	-3	
154	218	-2	
216	222	4	
152	216	3	
507	511	-6	
504	511	6	
505	509	-4	
144	148	4	
145	148	3	
145	150	-5	
144	149	4	
67	69	-3	
65	70	4	
66	70	5	
114	116	-2	
116	124	5	
120	124	-4	
120	127	5	
119	127	3	
58	61	5	
58	63	-5	
59	62	-4	
57	62	-5	
180	188	-3	
186	188	-5	
186	190	-1	
182	190	3	
177	182	-3	
425	431	-4	
488	493	-3	
24	28	2	
27	30	-4	
321	325	3	
323	326	5	
322	327	-4	
321	327	-4	
417	481	-5	
481	487	-3	
416	480	5	
497	500	4	
499	502	-3	
496	502	-3	
496	503	-3	
497	503	5	
331	332	4	
329	333	3	
329	334	-4	
232	238	-3	
238	246	-3	
240	246	4	
239	247	2	
275	278	-5	
275	339	-2	
272	336	2	
193	196	3	
196	204	2	
200	205	-1	
197	205	3	
370	372	3	
379	380	3	
379	383	-5	
375	383	2	
370	375	-4	
74	77	-3	
138	143	4	
457	460	-3	
458	460	-5	
458	462	3	
456	462	-3	
227	228	3	
291	293	4	
290	293	2	
426	430	-4	
430	438	2	
433	439	-3	
431	439	3	
426	431	-2	
386	389	2	
385	449	-3	
3	6	6	
3	67	-4	
0	64	-5	
441	444	-5	
443	444	2	
440	446	-4	
12	20	-3	
16	20	-5	
15	23	3	
9	15	-2	
123	125	4	
121	126	4	
90	93	3	
91	155	3	
154	158	4	
401	404	3	
405	413	-1	
163	164	-4	
170	172	-5	
170	175	4	
167	175	3	
267	270	2	
267	331	-4	
328	335	-4	
264	328	3	
43	46	-4	
43	107	3	
280	287	-3	
281	345	5	
344	351	-3	
280	344	4	
248	252	-3	
314	319	-4	
248	312	-1	
35	37	3	
99	100	-4	
98	100	-5	
465	468	3	
468	476	2	
474	479	-3	
471	479	2	
299	302	3	
302	310	2	
307	310	-1	
307	311	-4	
303	311	2	
354	358	4	
353	359	2	
337	342	-1	
338	402	2	
401	406	3	
337	401	2	
130	134	6	
129	133	3	
491	494	3	
488	495	-4	
489	495	-3	
184	190	5	
209	212	-2	
210	215	-5	
267	269	4	
256	261	4	
435	437	-4	
435	499	5	
499	501	4	
498	501	-5	
434	498	-5	
145	149	-3	
155	159	4	
88	152	-3	
256	262	5	
259	323	-3	
320	326	5	
256	320	-3	
273	276	5	
275	279	-3	
274	278	3	
273	278	4	
233	236	-4	
235	237	5	
235	238	-2	
384	448	2	
160	167	3	
161	167	-4	
224	228	-3	
72	79	-3	
136	143	-3	
42	44	3	
43	44	2	
40	47	3	
312	316	-5	
313	318	-3	
315	317	-4	
312	317	2	
203	204	5	
203	207	-2	
201	206	-4	
472	478	4	
9	13	1	
13	21	-3	
19	21	3	
14	22	3	
97	100	3	
100	108	2	
284	292	4	
288	295	4	
287	295	-4	
283	287	3	
363	364	-4	
361	365	-4	
297	300	-3	
300	308	-1	
301	309	1	
244	252	-4	
251	252	2	
247	255	-3	
243	247	2	
345	350	-2	
346	349	-2	
56	60	-3	
57	63	-4	
59	61	-6	
26	29	-3	
29	37	-1	
33	37	3	
30	38	2	
112	116	5	
113	118	4	
168	175	-2	
408	413	-4	
411	413	-5	
410	414	-4	
355	356	3	
355	419	-2	
352	416	2	
369	372	-4	
369	374	3	
368	373	-5	
51	52	5	
48	54	3	
192	197	-3	
193	198	2	
192	199	-2	
96	102	4	
106	111	4	
103	111	3	
400	407	-2	
400	464	1	
212	220	-3	
217	221	2	
213	221	1	
392	399	-4	
285	293	3	
289	293	-3	
286	294	5	
245	253	-3	
249	254	4	
246	254	-2	
258	263	-5	
258	322	2	
322	324	4	
257	321	-2	
505	510	4	
77	85	-2	
80	86	-3	
185	188	2	
184	189	2	
378	383	-5	
84	92	2	
90	92	-2	
87	95	4	
0	5	-3	
266	271	5	
266	330	3	
330	333	-3	
265	329	-4	
219	222	-3	
222	230	-2	
219	223	2	
421	429	-3	
425	429	2	
422	430	2	
432	436	4	
440	444	1	
439	447	3	
432	439	3	
450	453	-2	
450	454	-4	
498	500	1	
494	502	-2	
28	36	-4	
32	39	-5	
31	39	-3	
141	149	-2	
142	150	-2	
138	142	-3	
385	388	-3	
387	388	-2	
385	390	-3	
128	132	4	
131	135	-4	
296	302	-4	
162	165	-4	
162	166	3	
179	181	-5	
179	183	-3	
466	469	-5	
67	71	-6	
336	340	1	
338	341	4	
18	20	3	
24	29	4	
27	29	-5	
507	509	2	
442	506	-3	
306	370	2	
305	369	2	
83	147	1	
146	148	-3	
82	146	-1	
433	497	-3	
432	496	-3	
420	428	-1	
424	428	-3	
298	301	4	
229	237	-2	
457	463	3	
458	461	-3	
313	377	4	
376	382	5	
312	376	-3	
186	250	3	
185	249	-4	
79	87	-1	
441	446	-3	
438	446	4	
434	438	-1	
350	358	2	
355	359	-3	
351	359	-2	
193	257	1	
114	117	2	
41	47	-2	
42	106	2	
105	109	2	
243	245	-4	
241	246	3	
323	324	1	
328	332	-1	
99	101	2	
156	164	4	
289	292	3	
290	354	-3	
384	390	3	
51	54	-3	
274	338	3	
336	341	3	
482	485	3	
485	493	3	
486	494	1	
208	214	-2	
291	294	-3	
168	173	-4	
202	204	-2	
138	202	3	
449	452	3	
65	68	4	
64	68	-3	
34	36	-2	
137	142	3	
136	200	-2	
228	236	-2	
107	108	3	
483	487	4	
427	430	-2	
152	157	4	
154	157	2	
307	371	-2	
304	368	-2	
176	180	-3	
315	379	3	
314	378	-4	
11	75	-2	
73	76	-1	
9	73	-3	
273	337	3	
25	30	4	
26	90	-2	
25	89	2	
131	132	-4	
128	133	3	
320	325	-1	
321	326	2	
16	22	4	
83	85	3	
16	80	3	
251	253	-4	
505	511	1	
507	510	4	
504	510	2	
345	348	3	
465	470	2	
194	197	-2	
192	198	-2	
385	391	3	
94	102	2	
118	126	4	
417	420	2	
265	268	-3	
331	334	-3	
242	244	-3	
242	306	-2	
306	309	-3	
165	173	1	
171	174	3	
69	77	3	
73	77	-1	
70	78	4	
52	60	-3	
53	61	3	
279	287	-1	
220	228	-1	
410	412	1	
407	415	2	
352	359	2	
234	238	3	
234	298	1	
233	297	-3	
37	45	3	
352	357	3	
24	30	-3	
201	207	3	
105	110	-4	
104	110	3	
17	22	-2	
179	182	4	
117	125	-4	
440	445	3	
259	260	-3	
259	261	3	
257	262	-1	
18	21	3	
418	422	3	
394	399	-3	
393	457	-2	
139	141	4	
135	143	-3	
295	303	-2	
426	428	3	
428	436	3	
429	437	-2	
68	76	-3	
71	79	2	
225	231	-2	
225	289	1	
342	350	1	
195	259	-1	
256	263	2	
506	508	-3	
159	167	1	
153	159	-3	
267	271	-3	
323	387	-1	
408	412	-4	
145	209	-3	
278	286	-1	
171	235	-2	
234	239	4	
362	367	-2	
304	308	2	
305	311	-3	
396	404	-2	
398	406	-2	
393	398	4	
96	160	3	
55	63	2	
49	55	2	
451	453	-3	
448	454	2	
82	84	3	
488	492	1	
489	494	-1	
416	421	1	
481	484	-1	
169	172	2	
168	232	1	
66	69	3	
75	78	-1	
115	118	-2	
50	114	-1	
322	386	-1	
282	346	3	
57	121	1	
56	120	2	
371	372	-3	
402	405	1	
392	397	2	
27	28	2	
26	31	-4	
226	229	-2	
226	231	-2	
224	230	1	
225	230	-3	
128	134	-1	
354	418	-1	
152	158	-2	
266	270	3	
344	349	2	
349	357	-1	
93	101	1	
339	403	2	
336	400	-2	
450	452	-3	
161	166	-1	
210	212	-2	
146	210	-1	
41	45	2	
443	447	1	
409	415	-3	
467	471	-2	
115	179	3	
112	176	2	
8	72	2	
353	417	1	
281	286	-1	
283	347	-2	
269	277	2	
227	229	2	
224	288	1	
335	343	1	
299	363	3	
206	214	-1	
50	53	-3	
54	62	2	
39	47	1	
106	108	1	
489	492	2	
475	476	2	
264	268	-2	
250	255	3	
184	248	-3	
98	101	-2	
333	341	-1	
464	468	-2	
85	93	2	
88	95	1	
211	275	1	
91	94	-3	
114	178	3	
155	156	-1	
10	14	1	
459	461	-1	
329	393	1	
328	392	-1	
187	191	-1	
480	486	2	
479	487	2	
365	373	2	
367	375	-1	
412	420	-2	
170	174	-1	
146	151	-3	
338	343	1	
218	220	-1	
97	161	1	
473	477	-3	
268	276	1	
401	465	-1	
448	455	2	
131	195	2	
129	193	-3	
241	247	-1	
155	219	-2	
187	251	2	
364	372	1	
163	227	1	
89	93	2	
440	504	1	
10	74	-1	
19	23	-2	
410	413	1	
86	94	-2	
59	123	1	
214	222	-2	
361	425	1	
469	477	-1	
470	478	-1	
291	355	-1	
236	244	1	
330	335	1	
348	356	-1	
204	212	1	
237	245	2	
178	181	-1	
408	414	1	
282	284	-1	
46	54	1	
472	479	-1	
48	112	-1	
208	272	1	
153	217	1	
34	38	1	
466	470	1	
104	111	1	
120	184	-1	
195	196	1	
476	484	1	
243	307	1	
105	169	1	
104	168	1	
147	149	-1	
Energy:	-3348	
