NumberOfQubits	504	
NumberOfSubgraphs	420	
Serial	464	
PlantedSolution:	
0	-1	
1	1	
2	-1	
3	1	
4	1	
5	-1	
6	-1	
8	-1	
9	-1	
10	-1	
11	-1	
12	1	
13	-1	
14	1	
15	-1	
16	1	
17	1	
18	1	
19	-1	
20	1	
21	-1	
22	-1	
23	1	
24	-1	
25	-1	
26	-1	
27	-1	
28	-1	
29	-1	
30	-1	
31	-1	
32	-1	
33	1	
34	-1	
35	1	
36	1	
37	1	
38	-1	
39	-1	
40	-1	
41	1	
42	1	
43	-1	
44	-1	
45	1	
46	-1	
47	-1	
48	-1	
49	-1	
50	1	
51	1	
52	-1	
53	-1	
54	1	
55	-1	
56	1	
57	1	
58	1	
59	-1	
60	1	
61	1	
62	-1	
63	1	
64	-1	
65	1	
66	-1	
67	1	
68	-1	
69	-1	
70	-1	
71	-1	
72	1	
73	1	
74	-1	
75	1	
76	-1	
77	-1	
78	-1	
79	1	
80	-1	
81	1	
82	1	
83	1	
84	1	
85	-1	
86	-1	
87	1	
88	-1	
89	1	
90	1	
91	1	
92	-1	
93	1	
94	1	
95	-1	
96	1	
97	-1	
98	1	
99	-1	
100	-1	
101	-1	
102	1	
103	1	
104	1	
105	1	
106	1	
107	1	
108	-1	
109	-1	
110	1	
111	-1	
112	1	
113	1	
114	-1	
115	1	
116	1	
117	1	
118	1	
119	-1	
120	-1	
121	-1	
123	-1	
124	1	
125	-1	
126	1	
127	-1	
128	1	
129	-1	
130	1	
131	-1	
132	1	
133	-1	
134	-1	
135	1	
136	1	
137	-1	
138	-1	
139	1	
141	-1	
142	-1	
143	1	
144	1	
145	-1	
146	-1	
147	1	
148	1	
149	-1	
150	-1	
151	-1	
152	-1	
153	1	
154	1	
155	1	
156	1	
157	1	
158	-1	
159	1	
160	-1	
161	-1	
162	1	
163	-1	
164	1	
165	-1	
166	-1	
167	-1	
168	1	
169	-1	
170	-1	
171	1	
172	-1	
173	1	
174	1	
175	1	
176	-1	
177	-1	
178	1	
179	1	
180	-1	
181	1	
182	1	
183	-1	
184	1	
185	-1	
186	-1	
187	1	
188	1	
189	-1	
190	-1	
191	1	
192	1	
193	1	
194	1	
195	-1	
196	1	
197	1	
198	-1	
199	-1	
200	-1	
201	1	
202	1	
203	-1	
204	-1	
205	-1	
206	-1	
207	1	
208	1	
209	-1	
210	-1	
211	1	
212	-1	
213	1	
214	1	
215	1	
216	-1	
217	1	
218	1	
219	-1	
220	1	
221	-1	
222	-1	
223	1	
224	1	
225	-1	
226	1	
227	1	
228	1	
229	-1	
230	-1	
231	-1	
232	1	
233	-1	
234	-1	
235	-1	
236	1	
237	-1	
238	1	
239	1	
240	1	
241	-1	
242	1	
243	-1	
244	-1	
245	1	
246	1	
247	1	
248	-1	
249	1	
250	-1	
251	1	
252	-1	
253	-1	
254	1	
255	1	
256	-1	
257	-1	
258	1	
259	-1	
260	1	
261	-1	
262	-1	
263	1	
264	1	
265	1	
266	1	
267	-1	
268	1	
269	-1	
270	1	
271	1	
272	1	
273	1	
274	1	
275	-1	
276	-1	
277	1	
278	-1	
279	-1	
280	1	
281	-1	
282	1	
283	1	
284	1	
285	-1	
286	1	
287	1	
288	1	
289	-1	
290	1	
291	-1	
292	-1	
293	1	
294	-1	
295	-1	
296	-1	
297	-1	
298	-1	
299	-1	
300	1	
301	-1	
302	-1	
303	1	
304	-1	
305	-1	
306	-1	
307	-1	
308	1	
309	1	
310	-1	
311	-1	
312	1	
313	-1	
314	-1	
315	1	
316	1	
317	-1	
318	1	
319	-1	
320	1	
321	1	
322	1	
323	-1	
324	1	
325	1	
326	1	
327	1	
328	1	
329	-1	
330	1	
331	-1	
332	1	
333	-1	
334	-1	
335	1	
336	-1	
337	-1	
338	-1	
339	-1	
340	-1	
341	-1	
342	1	
343	1	
344	1	
345	-1	
346	-1	
347	1	
348	1	
349	-1	
350	-1	
351	1	
352	1	
353	-1	
354	1	
355	-1	
356	1	
357	-1	
358	-1	
359	1	
361	1	
362	-1	
363	-1	
364	1	
365	1	
367	1	
368	1	
369	-1	
370	1	
371	1	
372	1	
373	1	
374	1	
375	-1	
376	1	
377	1	
378	1	
379	1	
380	-1	
382	-1	
383	1	
384	-1	
385	-1	
386	1	
387	-1	
388	1	
389	-1	
390	1	
391	1	
392	1	
393	1	
394	1	
396	-1	
397	-1	
398	1	
399	-1	
400	-1	
401	1	
402	1	
403	-1	
404	1	
405	1	
406	1	
407	-1	
408	-1	
409	1	
410	-1	
411	-1	
412	-1	
413	-1	
414	-1	
415	1	
416	-1	
417	-1	
418	1	
419	-1	
420	1	
421	1	
422	-1	
424	1	
425	1	
426	1	
427	1	
428	-1	
429	-1	
430	1	
431	-1	
432	-1	
433	1	
434	1	
435	-1	
436	-1	
437	1	
438	1	
439	1	
440	1	
441	-1	
442	1	
443	1	
444	-1	
445	1	
446	1	
447	1	
448	1	
449	1	
450	-1	
451	1	
452	1	
453	-1	
454	1	
455	-1	
456	1	
457	1	
458	1	
459	1	
460	-1	
461	-1	
462	1	
463	1	
464	1	
465	1	
466	-1	
467	1	
468	1	
469	-1	
470	1	
471	-1	
472	-1	
473	1	
474	1	
475	-1	
476	-1	
477	-1	
478	1	
479	-1	
480	-1	
481	1	
482	1	
483	1	
484	-1	
485	1	
486	1	
487	-1	
488	1	
489	1	
490	-1	
491	1	
492	1	
493	1	
494	1	
495	-1	
496	-1	
497	-1	
498	1	
499	1	
500	-1	
501	-1	
502	1	
503	-1	
504	1	
505	-1	
506	-1	
507	1	
508	-1	
509	-1	
510	1	
511	-1	
Js:	
67	68	-2	
68	76	-4	
75	76	2	
75	78	2	
70	78	-3	
67	70	2	
42	45	-2	
43	45	1	
43	107	3	
107	110	-1	
106	110	2	
42	106	-4	
153	156	-1	
154	156	2	
154	159	-3	
152	159	2	
152	157	2	
153	157	-4	
353	356	3	
355	356	3	
355	357	3	
354	357	2	
354	358	3	
353	358	-1	
208	212	2	
210	212	1	
210	274	1	
274	279	1	
272	279	2	
208	272	-1	
80	84	2	
81	84	-2	
81	85	1	
82	85	-3	
82	86	3	
80	86	-2	
504	509	5	
505	509	-2	
505	510	2	
507	510	-2	
507	511	4	
504	511	-1	
32	36	2	
33	36	-2	
33	97	2	
97	103	3	
96	103	-2	
32	96	3	
392	396	2	
393	396	4	
393	457	-3	
457	463	1	
456	463	-4	
392	456	-2	
264	268	-2	
266	268	-4	
266	271	1	
265	271	-3	
265	270	-3	
264	270	-2	
282	286	-3	
283	286	-2	
283	347	1	
347	350	3	
346	350	-3	
282	346	1	
48	52	-4	
49	52	-2	
49	54	3	
50	54	-3	
50	53	-1	
48	53	-3	
466	468	2	
468	476	2	
472	476	-3	
472	479	3	
471	479	-2	
466	471	-2	
290	292	1	
291	292	-2	
291	295	-3	
289	295	-1	
289	293	2	
290	293	3	
416	420	2	
417	420	4	
417	481	3	
481	484	4	
480	484	3	
416	480	-2	
427	429	3	
429	437	1	
435	437	-2	
435	438	3	
430	438	-1	
427	430	-3	
304	309	-2	
309	317	2	
315	317	1	
315	319	4	
311	319	-2	
304	311	-3	
192	199	-1	
195	199	-3	
195	259	-1	
259	263	3	
256	263	2	
192	256	2	
176	180	-3	
177	180	-1	
177	181	2	
179	181	4	
179	183	2	
176	183	-1	
330	332	-2	
331	332	2	
331	333	-2	
329	333	-2	
329	335	2	
330	335	-4	
401	404	-4	
402	404	-2	
402	407	2	
403	407	2	
403	405	2	
401	405	-2	
227	228	-2	
228	236	-1	
235	236	1	
235	237	-2	
229	237	-1	
227	229	-1	
11	12	1	
12	20	-2	
18	20	-4	
18	22	2	
14	22	-2	
11	14	4	
202	204	2	
203	204	-3	
203	205	-3	
200	205	1	
200	207	3	
202	207	-3	
297	300	-1	
299	300	3	
299	301	-2	
296	301	-3	
296	303	2	
297	303	1	
377	382	1	
379	382	1	
379	443	-3	
443	446	-3	
441	446	2	
377	441	-2	
385	388	2	
387	388	3	
387	390	4	
386	390	1	
386	389	4	
385	389	-4	
25	29	-3	
27	29	-2	
27	30	-3	
26	30	-2	
26	31	-3	
25	31	-3	
344	349	3	
345	349	-3	
345	409	2	
409	414	1	
408	414	2	
344	408	2	
129	134	-3	
134	142	1	
139	142	2	
139	143	-3	
135	143	-2	
129	135	3	
248	253	-4	
249	253	2	
249	254	-4	
251	254	1	
251	255	-3	
248	255	3	
160	165	-2	
162	165	2	
162	166	-1	
163	166	-3	
163	167	-2	
160	167	-3	
233	238	3	
238	246	-2	
241	246	-1	
241	247	2	
239	247	-2	
233	239	1	
40	44	-4	
41	44	3	
41	105	-1	
105	111	3	
104	111	-1	
40	104	2	
169	173	2	
171	173	-3	
171	175	1	
170	175	3	
170	174	4	
169	174	2	
491	492	-3	
492	500	3	
499	500	2	
499	501	3	
493	501	2	
491	493	2	
363	364	5	
364	372	-2	
371	372	-3	
371	373	2	
365	373	-2	
363	365	5	
336	340	-3	
337	340	-3	
337	341	-2	
338	341	-2	
338	342	3	
336	342	-2	
145	148	-1	
146	148	3	
146	151	-3	
144	151	2	
144	149	3	
145	149	-3	
320	324	-4	
322	324	-3	
322	327	-3	
321	327	-2	
321	325	-4	
320	325	1	
57	62	4	
59	62	-2	
59	123	-1	
123	127	3	
121	127	-3	
57	121	1	
448	453	1	
451	453	4	
451	454	-1	
450	454	-4	
450	455	-2	
448	455	4	
89	92	2	
90	92	3	
90	93	-2	
88	93	3	
88	94	1	
89	94	3	
184	188	-3	
185	188	2	
185	190	-3	
187	190	-4	
187	189	1	
184	189	3	
209	213	1	
211	213	2	
211	275	2	
275	277	3	
273	277	-3	
209	273	2	
216	220	1	
219	220	3	
219	221	-3	
217	221	3	
217	222	-2	
216	222	-3	
34	37	2	
35	37	2	
35	99	1	
99	101	-4	
98	101	2	
34	98	4	
112	116	-2	
113	116	-3	
113	119	2	
114	119	-4	
114	117	-3	
112	117	-1	
305	308	-1	
306	308	1	
306	370	1	
370	374	-3	
369	374	2	
305	369	-1	
426	428	1	
428	436	-1	
432	436	-4	
432	439	-2	
431	439	1	
426	431	4	
193	197	-2	
194	197	-2	
194	258	-2	
258	261	1	
257	261	-4	
193	257	-1	
410	413	-3	
411	413	-2	
411	475	-2	
475	477	-4	
474	477	-2	
410	474	2	
9	13	-3	
13	21	-2	
19	21	-3	
19	23	3	
15	23	2	
9	15	-3	
418	422	4	
419	422	-3	
419	483	2	
483	486	-3	
482	486	-2	
418	482	3	
459	461	3	
461	469	-1	
464	469	3	
464	470	2	
462	470	-2	
459	462	-1	
312	316	-1	
314	316	3	
314	378	2	
378	380	2	
376	380	2	
312	376	1	
0	4	3	
3	4	-2	
3	5	3	
1	5	4	
1	6	-1	
0	6	-3	
489	494	-3	
494	502	1	
498	502	-2	
498	503	3	
495	503	-2	
489	495	3	
72	79	2	
74	79	3	
74	138	-2	
138	141	-3	
136	141	3	
72	136	-1	
64	71	-3	
66	71	2	
66	130	1	
130	133	2	
128	133	2	
64	128	2	
440	444	2	
442	444	4	
442	447	-2	
441	447	1	
441	445	-2	
440	445	-2	
225	228	3	
226	228	-1	
226	230	4	
224	230	-1	
224	231	3	
225	231	-1	
280	284	-4	
283	284	-2	
283	287	-2	
281	287	3	
281	285	-4	
280	285	-2	
242	245	-2	
243	245	3	
243	307	2	
307	310	-2	
306	310	-2	
242	306	3	
56	60	-2	
58	60	-5	
58	61	-4	
59	61	4	
59	63	2	
56	63	-4	
384	389	-1	
389	397	-1	
394	397	3	
394	399	-2	
391	399	1	
384	391	4	
115	116	-2	
116	124	3	
120	124	2	
120	126	4	
118	126	-3	
115	118	-4	
297	302	-3	
298	302	2	
298	362	-2	
362	367	5	
361	367	-5	
297	361	2	
176	182	3	
178	182	-3	
178	242	-2	
242	244	2	
240	244	1	
176	240	-1	
90	95	-2	
91	95	1	
91	155	-1	
155	158	1	
154	158	3	
90	154	-1	
208	214	-3	
214	222	2	
218	222	-1	
218	223	-3	
215	223	-2	
208	215	-1	
32	38	-1	
38	46	-2	
41	46	2	
41	47	-2	
39	47	-2	
32	39	-3	
161	164	3	
164	172	1	
168	172	3	
168	173	-3	
165	173	1	
161	165	2	
193	196	-3	
196	204	3	
201	204	2	
201	206	2	
198	206	-3	
193	198	-2	
288	294	2	
289	294	-3	
289	353	-1	
353	359	3	
352	359	4	
288	352	-1	
81	87	-2	
83	87	-2	
83	147	-2	
147	150	1	
145	150	-2	
81	145	-2	
323	325	2	
325	333	-1	
328	333	2	
328	334	3	
326	334	2	
323	326	2	
65	69	3	
69	77	1	
73	77	4	
73	78	3	
65	70	1	
339	340	-1	
340	348	3	
346	348	1	
346	351	-1	
343	351	-2	
339	343	3	
186	191	3	
187	191	-2	
187	251	1	
251	252	2	
250	252	-5	
186	250	-2	
449	452	-4	
452	460	1	
458	460	2	
458	461	-3	
453	461	-2	
449	453	2	
99	100	1	
100	108	-3	
104	108	2	
104	109	3	
101	109	-2	
483	485	-2	
485	493	-1	
488	493	-3	
488	495	-1	
487	495	-2	
483	487	4	
267	269	-3	
269	277	2	
275	278	-2	
270	278	2	
267	270	-1	
433	439	1	
434	439	-3	
434	498	-3	
497	503	-2	
433	497	3	
368	372	1	
372	380	1	
379	380	4	
379	383	-1	
375	383	3	
368	375	3	
17	20	-3	
20	28	-1	
24	28	-3	
24	30	-2	
22	30	-2	
17	22	1	
400	404	2	
404	412	1	
411	412	-2	
411	414	3	
406	414	2	
400	406	3	
465	470	-3	
470	478	1	
473	478	-2	
473	479	2	
465	471	3	
496	500	-2	
500	508	1	
506	508	-3	
506	510	1	
502	510	-2	
496	502	2	
49	53	-2	
51	53	2	
51	55	-2	
50	55	3	
425	431	2	
426	490	2	
490	494	-2	
425	489	-1	
232	236	3	
233	236	3	
233	237	-3	
234	237	-1	
234	238	3	
232	238	-1	
130	132	-3	
131	132	2	
131	195	-1	
194	199	2	
130	194	1	
256	260	2	
258	260	2	
258	262	4	
257	262	-2	
256	261	-2	
9	12	1	
10	12	3	
10	13	-2	
8	13	1	
8	15	-4	
313	316	3	
315	316	-2	
312	319	-2	
312	318	-3	
313	318	4	
420	428	3	
424	428	2	
424	429	-1	
421	429	3	
417	421	3	
91	92	1	
92	100	-2	
97	100	-2	
97	102	1	
94	102	1	
91	94	-4	
272	276	3	
274	276	2	
274	338	-2	
338	343	2	
336	343	3	
272	336	1	
137	141	1	
141	149	-1	
146	149	-2	
146	150	-1	
142	150	-1	
137	142	-4	
2	6	-3	
3	6	-2	
3	67	-3	
67	69	3	
66	69	-1	
2	66	-2	
392	398	-3	
398	406	-2	
403	406	2	
399	407	-3	
392	399	2	
120	125	-2	
121	125	-2	
123	126	1	
408	412	-2	
409	412	2	
409	415	2	
410	415	3	
408	413	-3	
467	468	-2	
473	476	1	
473	477	2	
469	477	-1	
467	469	-2	
16	23	-4	
19	83	2	
80	87	-4	
16	80	2	
329	332	-2	
331	335	2	
331	334	-3	
329	334	-2	
356	364	-2	
357	365	2	
160	166	2	
166	174	1	
169	175	2	
167	175	1	
301	309	2	
305	309	2	
305	310	1	
302	310	-2	
296	302	-3	
136	143	-1	
138	143	2	
138	202	2	
202	206	2	
200	206	-1	
136	200	-2	
153	217	-2	
216	221	1	
152	216	-3	
178	180	1	
179	180	2	
177	182	1	
370	375	1	
371	375	2	
371	435	2	
434	438	-1	
370	434	2	
65	68	2	
75	79	2	
71	79	2	
65	71	2	
201	205	3	
205	213	2	
210	213	2	
210	215	3	
207	215	-1	
201	207	2	
457	460	-3	
459	460	2	
459	463	-4	
456	462	-3	
457	462	-2	
282	285	1	
282	287	-2	
281	286	1	
280	286	-2	
243	244	-3	
244	252	-2	
250	254	-2	
246	254	-3	
243	246	2	
234	239	3	
235	239	3	
235	299	-2	
298	300	-1	
234	298	-2	
128	132	-2	
129	132	-1	
129	133	-3	
131	133	-2	
131	135	2	
128	135	-1	
347	349	1	
345	350	-2	
345	351	2	
344	351	2	
354	359	-2	
354	418	-2	
416	422	-2	
352	416	3	
291	293	3	
288	295	2	
290	294	3	
448	452	-1	
449	454	-3	
440	447	-3	
443	447	-2	
443	507	-1	
507	509	-1	
440	504	-1	
482	484	-1	
482	487	2	
480	487	-1	
480	485	3	
481	485	-2	
384	390	2	
385	391	-1	
42	47	2	
43	47	-3	
107	108	2	
106	108	-2	
323	324	2	
323	327	3	
321	326	-2	
320	326	2	
266	269	2	
265	269	-1	
264	271	-2	
186	188	2	
185	191	3	
184	190	-1	
26	28	-2	
24	29	-3	
57	60	-3	
56	61	-2	
56	62	2	
105	109	1	
109	117	1	
111	119	-2	
368	373	-3	
369	373	3	
369	433	-1	
433	436	3	
368	432	1	
35	36	-3	
36	44	2	
40	45	3	
37	45	-2	
225	229	-3	
226	229	3	
226	231	-3	
227	231	2	
227	230	2	
225	230	-2	
8	14	-2	
10	14	2	
10	74	-2	
74	77	-2	
72	77	1	
8	72	2	
51	52	-1	
51	115	-2	
112	118	-3	
48	112	2	
240	245	-1	
245	253	-1	
247	255	-2	
240	247	-3	
313	317	-1	
314	317	-4	
378	383	-2	
377	383	2	
313	377	2	
147	148	-3	
148	156	-1	
155	156	-3	
155	159	2	
151	159	3	
147	151	2	
424	430	-2	
427	491	2	
488	492	-2	
424	488	-3	
17	21	2	
18	21	-1	
18	82	-2	
82	84	-2	
17	81	-2	
337	342	3	
339	342	2	
339	403	-1	
337	401	-2	
209	212	-2	
211	212	2	
275	279	1	
273	279	3	
441	444	1	
442	506	2	
505	508	-2	
441	505	-2	
393	397	1	
394	398	2	
34	39	2	
98	102	-2	
96	102	-3	
1	4	-1	
2	5	1	
217	220	2	
218	220	-2	
219	223	2	
402	406	1	
402	466	2	
466	469	-3	
400	464	3	
171	172	1	
171	235	1	
232	237	2	
168	232	1	
88	92	2	
89	93	-1	
89	95	1	
88	95	-3	
300	308	-2	
304	308	3	
303	311	-2	
299	303	3	
192	196	-2	
194	198	2	
192	197	-3	
162	164	-3	
163	164	2	
161	166	-3	
497	501	2	
499	502	-2	
496	503	-1	
472	477	-1	
475	479	-2	
474	479	-1	
474	478	-3	
472	478	2	
259	260	3	
259	262	-1	
256	262	-3	
258	263	-2	
362	426	2	
426	430	-1	
425	430	-1	
361	425	2	
137	143	2	
139	203	1	
137	201	-1	
352	358	-1	
355	358	-2	
355	419	-2	
419	421	2	
416	421	1	
276	284	-1	
282	284	-1	
278	286	1	
274	278	3	
29	37	1	
33	37	2	
33	38	3	
30	38	-1	
433	437	1	
437	445	-3	
443	445	-1	
438	446	-2	
433	438	-1	
368	374	-2	
374	382	2	
376	382	3	
376	383	-2	
77	85	1	
83	85	3	
83	86	2	
78	86	-2	
117	125	2	
113	117	-3	
64	70	-2	
67	131	-1	
131	134	-2	
128	134	3	
345	348	-1	
341	349	-1	
249	252	-2	
250	314	-1	
314	318	1	
249	313	1	
105	110	-3	
106	170	2	
170	172	-1	
169	172	-3	
105	169	1	
322	386	-1	
386	391	-2	
320	384	-1	
241	245	2	
307	311	-2	
305	311	-2	
241	305	-3	
264	269	2	
267	331	1	
328	332	-2	
264	328	-2	
145	209	-2	
209	214	-3	
144	208	-2	
181	189	2	
185	189	-1	
183	191	2	
43	46	-2	
46	54	-1	
47	55	-1	
460	468	-1	
465	468	-2	
458	462	-3	
224	229	2	
225	289	1	
289	292	-2	
288	292	3	
224	288	-1	
486	494	-1	
490	495	-3	
11	13	-3	
16	21	1	
16	22	2	
410	412	-1	
411	415	2	
409	413	2	
58	62	1	
57	63	2	
450	452	2	
451	452	-2	
96	100	2	
107	111	2	
103	111	-1	
504	508	-2	
507	508	2	
505	511	-2	
152	156	-1	
155	157	-3	
153	158	3	
152	158	-2	
251	315	1	
315	318	-1	
248	312	1	
434	437	-2	
435	499	2	
498	500	2	
257	260	1	
259	323	1	
257	321	1	
369	372	-2	
28	36	-2	
35	39	2	
31	39	-2	
24	31	-1	
80	85	-1	
85	93	1	
87	95	1	
232	239	-1	
281	284	1	
283	285	2	
280	287	2	
180	188	2	
187	188	-1	
182	190	2	
0	5	1	
1	65	-2	
64	69	-2	
0	64	-3	
419	420	1	
425	428	-2	
425	429	2	
336	341	-1	
339	341	-2	
403	404	2	
403	467	-1	
467	471	2	
401	465	-2	
97	101	-1	
98	162	-1	
162	167	3	
161	167	-1	
97	161	1	
268	276	2	
272	278	1	
266	270	2	
297	301	-1	
298	301	-1	
298	303	-2	
8	12	1	
18	23	1	
394	396	2	
394	458	-1	
457	461	1	
307	308	2	
307	309	2	
306	309	2	
304	310	-2	
347	348	-2	
348	356	-1	
351	359	-1	
347	351	2	
147	211	-2	
211	215	1	
146	210	-2	
222	230	-1	
223	231	1	
216	223	2	
41	45	-2	
42	46	2	
40	46	-3	
474	476	2	
476	484	-1	
481	486	-2	
478	486	1	
330	333	-3	
424	431	2	
427	431	1	
378	382	3	
378	442	1	
376	440	-2	
386	388	1	
385	390	2	
171	174	-2	
168	175	1	
177	183	-2	
178	183	3	
241	244	-1	
177	241	1	
66	68	-2	
74	76	-1	
195	197	1	
197	205	2	
203	206	-2	
195	198	1	
144	150	2	
150	158	1	
160	164	-1	
163	227	2	
224	228	-3	
160	224	2	
290	295	2	
130	135	2	
408	415	2	
407	415	1	
400	407	-2	
75	77	-1	
75	139	-1	
73	137	2	
496	501	-3	
432	496	-2	
123	125	-2	
120	127	-2	
121	126	2	
346	349	1	
349	357	-1	
350	358	-1	
417	422	-1	
482	485	-2	
25	28	-1	
27	28	-1	
27	91	3	
25	89	3	
53	61	-2	
55	63	2	
49	55	-2	
271	279	2	
267	271	-2	
240	246	2	
249	255	-1	
104	110	1	
102	110	-2	
99	102	1	
212	220	2	
218	221	1	
213	221	2	
392	397	1	
397	405	2	
402	405	2	
377	380	3	
448	454	-1	
454	462	-1	
455	463	-2	
371	374	-1	
435	439	1	
72	76	2	
76	84	-1	
72	78	2	
186	189	-3	
250	253	1	
184	248	1	
50	52	2	
50	114	-1	
49	113	1	
34	38	1	
98	103	-1	
475	476	1	
466	470	1	
467	470	1	
464	471	1	
2	4	2	
4	12	-2	
6	14	-1	
195	196	1	
193	199	-2	
312	317	2	
506	509	-2	
506	511	-2	
504	510	1	
322	325	2	
361	364	1	
362	365	1	
259	261	1	
16	20	1	
490	493	2	
491	494	-2	
432	437	1	
439	447	-2	
11	75	2	
73	79	-1	
9	73	2	
219	222	-1	
451	455	2	
344	348	-2	
480	486	-1	
265	329	2	
90	94	1	
26	90	1	
384	388	1	
388	396	1	
390	398	-1	
121	124	1	
123	124	2	
123	187	1	
121	185	-1	
114	178	1	
113	177	1	
275	339	-1	
35	38	2	
427	428	-1	
503	511	-1	
499	503	-1	
82	146	1	
369	375	1	
105	108	-1	
347	411	1	
410	414	-2	
346	410	-1	
354	356	-1	
352	357	1	
353	357	-1	
107	109	-2	
107	171	-2	
104	168	-1	
115	179	-1	
179	182	-1	
112	176	-1	
267	268	1	
139	141	-1	
136	142	1	
296	300	-2	
236	244	-1	
237	245	1	
51	54	-1	
54	62	1	
81	86	1	
80	144	1	
235	238	1	
327	335	-1	
320	327	-1	
24	88	-1	
66	70	2	
400	405	2	
464	468	-1	
386	450	-1	
385	449	1	
409	473	-1	
408	472	-1	
251	253	2	
194	196	1	
200	204	-1	
199	207	2	
168	174	1	
313	319	-1	
315	379	1	
10	15	-1	
370	372	-1	
483	484	1	
489	492	1	
489	493	-2	
436	444	-1	
442	446	-1	
432	438	-2	
393	398	-2	
456	460	1	
17	23	-2	
257	263	-1	
93	101	1	
99	103	-1	
95	103	2	
306	311	1	
387	391	2	
387	451	1	
384	448	-1	
119	127	-2	
112	119	-1	
154	218	1	
106	111	-1	
277	285	1	
279	287	-1	
338	402	1	
265	268	-1	
266	330	-1	
163	165	1	
133	141	1	
442	445	-2	
192	198	-2	
48	54	-1	
83	84	-1	
82	87	-1	
172	180	1	
176	181	1	
173	181	-1	
321	324	-1	
284	292	-1	
286	294	1	
67	71	1	
234	236	1	
434	436	1	
497	502	-1	
211	214	-1	
210	214	-1	
32	37	-1	
21	29	1	
19	22	-1	
328	335	-1	
27	31	-1	
242	247	1	
490	492	-1	
418	421	-1	
344	350	1	
130	134	1	
227	291	1	
291	294	-1	
226	290	1	
110	118	1	
114	118	1	
475	478	1	
450	453	-1	
138	142	1	
59	60	1	
43	44	1	
396	404	-1	
273	276	1	
275	276	1	
274	277	-1	
273	278	1	
219	283	1	
217	281	1	
292	300	1	
293	301	1	
288	293	-1	
5	13	1	
308	316	1	
310	318	1	
203	207	1	
149	157	1	
106	109	1	
353	417	-1	
204	212	-1	
208	213	1	
202	205	1	
248	252	1	
250	255	1	
491	495	-1	
488	494	-1	
458	463	-1	
52	60	1	
258	322	-1	
256	320	-1	
34	36	1	
33	39	1	
115	119	-1	
481	487	1	
9	14	-1	
314	319	-1	
19	20	1	
Energy:	-1736	
