NumberOfQubits	504	
NumberOfSubgraphs	504	
Serial	438	
PlantedSolution:	
0	-1	
1	-1	
2	-1	
3	1	
4	1	
5	1	
6	-1	
8	-1	
9	-1	
10	1	
11	-1	
12	1	
13	-1	
14	1	
15	-1	
16	-1	
17	1	
18	1	
19	1	
20	1	
21	-1	
22	1	
23	1	
24	-1	
25	1	
26	1	
27	-1	
28	1	
29	-1	
30	-1	
31	1	
32	-1	
33	1	
34	-1	
35	1	
36	-1	
37	1	
38	-1	
39	1	
40	-1	
41	-1	
42	1	
43	1	
44	-1	
45	1	
46	1	
47	1	
48	-1	
49	1	
50	-1	
51	1	
52	1	
53	1	
54	1	
55	1	
56	1	
57	1	
58	1	
59	-1	
60	1	
61	-1	
62	1	
63	-1	
64	1	
65	1	
66	-1	
67	1	
68	-1	
69	1	
70	1	
71	-1	
72	-1	
73	1	
74	1	
75	1	
76	-1	
77	1	
78	1	
79	-1	
80	-1	
81	-1	
82	-1	
83	-1	
84	-1	
85	-1	
86	1	
87	-1	
88	1	
89	1	
90	1	
91	-1	
92	-1	
93	1	
94	1	
95	-1	
96	-1	
97	1	
98	1	
99	1	
100	1	
101	-1	
102	-1	
103	1	
104	1	
105	-1	
106	-1	
107	-1	
108	-1	
109	-1	
110	-1	
111	-1	
112	1	
113	1	
114	-1	
115	-1	
116	-1	
117	1	
118	-1	
119	1	
120	1	
121	1	
123	-1	
124	-1	
125	1	
126	1	
127	1	
128	-1	
129	1	
130	1	
131	1	
132	-1	
133	1	
134	-1	
135	1	
136	1	
137	-1	
138	1	
139	-1	
141	1	
142	1	
143	-1	
144	1	
145	1	
146	1	
147	-1	
148	-1	
149	-1	
150	1	
151	1	
152	-1	
153	1	
154	1	
155	-1	
156	-1	
157	1	
158	1	
159	1	
160	1	
161	1	
162	1	
163	-1	
164	-1	
165	-1	
166	1	
167	1	
168	-1	
169	1	
170	1	
171	-1	
172	1	
173	1	
174	1	
175	-1	
176	-1	
177	1	
178	-1	
179	1	
180	-1	
181	1	
182	1	
183	1	
184	-1	
185	1	
186	-1	
187	-1	
188	-1	
189	-1	
190	-1	
191	-1	
192	-1	
193	1	
194	1	
195	-1	
196	1	
197	-1	
198	1	
199	1	
200	1	
201	-1	
202	1	
203	1	
204	1	
205	-1	
206	1	
207	-1	
208	-1	
209	1	
210	1	
211	1	
212	1	
213	-1	
214	-1	
215	-1	
216	1	
217	-1	
218	1	
219	1	
220	-1	
221	-1	
222	-1	
223	-1	
224	1	
225	-1	
226	-1	
227	1	
228	1	
229	-1	
230	1	
231	1	
232	-1	
233	1	
234	1	
235	1	
236	-1	
237	1	
238	1	
239	1	
240	1	
241	1	
242	-1	
243	-1	
244	1	
245	1	
246	-1	
247	1	
248	1	
249	-1	
250	-1	
251	1	
252	1	
253	1	
254	-1	
255	1	
256	1	
257	-1	
258	1	
259	-1	
260	-1	
261	1	
262	1	
263	1	
264	1	
265	-1	
266	1	
267	-1	
268	1	
269	1	
270	-1	
271	-1	
272	-1	
273	-1	
274	1	
275	1	
276	-1	
277	1	
278	-1	
279	-1	
280	-1	
281	-1	
282	1	
283	1	
284	-1	
285	1	
286	1	
287	1	
288	-1	
289	1	
290	-1	
291	-1	
292	-1	
293	-1	
294	1	
295	-1	
296	-1	
297	-1	
298	1	
299	-1	
300	-1	
301	1	
302	1	
303	-1	
304	1	
305	1	
306	-1	
307	-1	
308	-1	
309	1	
310	-1	
311	1	
312	-1	
313	1	
314	1	
315	1	
316	1	
317	1	
318	-1	
319	1	
320	1	
321	1	
322	1	
323	-1	
324	1	
325	-1	
326	-1	
327	-1	
328	-1	
329	1	
330	1	
331	-1	
332	-1	
333	-1	
334	-1	
335	1	
336	1	
337	-1	
338	1	
339	-1	
340	1	
341	1	
342	-1	
343	-1	
344	-1	
345	-1	
346	-1	
347	1	
348	1	
349	1	
350	-1	
351	-1	
352	1	
353	1	
354	1	
355	-1	
356	1	
357	-1	
358	-1	
359	-1	
361	-1	
362	1	
363	-1	
364	-1	
365	1	
367	1	
368	-1	
369	1	
370	1	
371	1	
372	-1	
373	-1	
374	-1	
375	-1	
376	-1	
377	1	
378	1	
379	-1	
380	-1	
382	1	
383	1	
384	1	
385	-1	
386	1	
387	-1	
388	1	
389	1	
390	1	
391	1	
392	-1	
393	1	
394	-1	
396	1	
397	-1	
398	-1	
399	-1	
400	1	
401	-1	
402	1	
403	1	
404	-1	
405	1	
406	1	
407	1	
408	1	
409	-1	
410	1	
411	-1	
412	-1	
413	1	
414	1	
415	-1	
416	1	
417	-1	
418	1	
419	-1	
420	1	
421	-1	
422	-1	
424	-1	
425	-1	
426	-1	
427	-1	
428	-1	
429	-1	
430	-1	
431	1	
432	-1	
433	-1	
434	1	
435	-1	
436	1	
437	1	
438	-1	
439	1	
440	-1	
441	1	
442	1	
443	1	
444	-1	
445	-1	
446	-1	
447	-1	
448	1	
449	1	
450	-1	
451	-1	
452	1	
453	-1	
454	1	
455	-1	
456	-1	
457	-1	
458	-1	
459	1	
460	1	
461	-1	
462	-1	
463	-1	
464	1	
465	1	
466	-1	
467	1	
468	-1	
469	-1	
470	1	
471	1	
472	1	
473	1	
474	-1	
475	1	
476	1	
477	1	
478	1	
479	-1	
480	-1	
481	1	
482	-1	
483	-1	
484	-1	
485	-1	
486	-1	
487	-1	
488	1	
489	1	
490	1	
491	1	
492	-1	
493	-1	
494	-1	
495	1	
496	-1	
497	1	
498	-1	
499	-1	
500	-1	
501	-1	
502	1	
503	-1	
504	1	
505	1	
506	1	
507	-1	
508	1	
509	1	
510	-1	
511	1	
Js:	
392	396	2	
394	396	4	
394	399	-3	
393	399	2	
393	398	3	
392	398	3	
24	29	-2	
27	29	-2	
27	30	1	
25	30	4	
25	31	-2	
24	31	4	
73	78	-4	
74	78	-2	
74	138	1	
138	141	-3	
137	141	4	
73	137	2	
201	205	-3	
205	213	-3	
209	213	1	
209	215	-4	
207	215	-2	
201	207	-3	
256	261	-3	
257	261	4	
257	263	2	
258	263	-3	
258	262	-2	
256	262	-3	
272	277	3	
274	277	-2	
274	278	-1	
275	278	2	
275	279	2	
272	279	-4	
371	372	2	
372	380	-3	
377	380	3	
377	382	-5	
374	382	4	
371	374	4	
32	39	3	
33	39	4	
33	97	-3	
97	100	-3	
96	100	2	
32	96	-2	
440	445	-3	
443	445	3	
443	447	3	
441	447	4	
441	446	-2	
440	446	-5	
120	124	3	
123	124	2	
123	126	4	
121	126	-3	
121	125	-4	
120	125	-2	
225	229	-3	
226	229	-3	
226	290	-2	
290	292	-3	
289	292	3	
225	289	2	
105	111	-2	
106	111	-3	
106	170	2	
170	175	-3	
169	175	3	
105	169	2	
354	357	1	
357	365	1	
362	365	-2	
362	367	-4	
359	367	2	
354	359	-3	
328	332	-3	
331	332	-4	
331	334	-3	
329	334	3	
329	335	-4	
328	335	2	
171	172	3	
172	180	-1	
177	180	2	
177	182	-4	
174	182	-2	
171	174	4	
464	468	1	
466	468	-3	
466	471	4	
465	471	-2	
465	470	-2	
464	470	3	
281	285	3	
285	293	1	
291	293	-1	
291	295	-3	
287	295	2	
281	287	-2	
128	132	-4	
129	132	3	
129	134	-3	
130	134	3	
130	133	-3	
128	133	4	
337	340	-3	
340	348	-2	
344	348	3	
344	350	-3	
342	350	-1	
337	342	-3	
144	149	-3	
145	149	2	
145	151	-2	
147	151	4	
147	150	2	
144	150	-3	
299	300	-3	
300	308	1	
307	308	-2	
307	310	-4	
302	310	1	
299	302	3	
216	220	3	
219	220	4	
219	221	3	
217	221	-4	
217	223	-2	
216	223	4	
320	327	4	
321	327	4	
321	385	-1	
385	388	2	
384	388	-2	
320	384	-3	
451	454	2	
454	462	1	
457	462	3	
457	463	-2	
455	463	-2	
451	455	-2	
235	236	4	
236	244	1	
242	244	3	
242	245	3	
237	245	1	
235	237	-2	
408	412	3	
411	412	-3	
411	413	3	
410	413	-4	
410	415	-2	
408	415	2	
425	428	-3	
428	436	-2	
433	436	1	
433	439	4	
431	439	-2	
425	431	1	
313	316	4	
314	316	-1	
314	318	2	
315	318	2	
315	319	-3	
313	319	-2	
498	500	-2	
500	508	2	
507	508	-4	
507	510	-3	
502	510	1	
498	502	2	
1	4	4	
3	4	-2	
3	67	-3	
67	69	-4	
65	69	-3	
1	65	3	
400	404	2	
401	404	-3	
401	406	3	
402	406	-3	
402	405	2	
400	405	-3	
184	191	-3	
187	191	-4	
187	251	1	
251	253	-2	
248	253	-3	
184	248	-1	
185	188	-2	
186	188	-3	
186	250	-1	
250	252	4	
249	252	4	
185	249	1	
104	108	2	
108	116	-2	
113	116	2	
113	117	-3	
109	117	-2	
104	109	3	
8	13	-2	
13	21	-2	
18	21	3	
18	23	-4	
15	23	-1	
8	15	-4	
58	60	-2	
59	60	3	
59	63	-3	
56	63	3	
56	61	2	
58	61	-3	
472	477	2	
473	477	-5	
473	479	1	
474	479	-4	
474	478	4	
472	478	-3	
489	492	3	
490	492	1	
490	494	1	
488	494	3	
488	495	1	
489	495	-4	
192	196	5	
194	196	-3	
194	199	-5	
195	199	3	
195	197	-2	
192	197	-4	
41	44	-4	
42	44	-3	
42	45	-3	
40	45	4	
40	46	5	
41	46	2	
81	84	-3	
84	92	-3	
88	92	2	
88	95	-2	
87	95	-4	
81	87	-2	
154	156	-3	
156	164	-2	
162	164	3	
162	167	-2	
159	167	-2	
154	159	-2	
265	268	2	
266	268	-4	
266	270	2	
264	270	3	
264	269	3	
265	269	3	
224	230	-3	
230	238	3	
234	238	-3	
234	239	-2	
231	239	-2	
224	231	-3	
352	356	-3	
353	356	1	
353	417	3	
417	421	-2	
416	421	4	
352	416	-3	
49	52	-2	
50	52	5	
50	53	-1	
48	53	3	
48	54	2	
49	54	-2	
322	326	3	
323	326	-3	
323	387	-2	
387	391	1	
386	391	2	
322	386	-2	
424	429	-2	
429	437	2	
434	437	-3	
434	438	-2	
430	438	-2	
424	430	-2	
304	309	-2	
306	309	4	
306	370	1	
370	375	4	
368	375	1	
304	368	2	
480	484	-3	
483	484	-2	
483	485	1	
481	485	3	
481	486	2	
480	486	-4	
34	37	4	
35	37	2	
35	99	-2	
99	103	-3	
98	103	-3	
34	98	3	
339	341	4	
341	349	1	
347	349	-3	
347	351	4	
343	351	-2	
339	343	-1	
16	22	4	
19	22	-2	
19	83	3	
83	86	4	
80	86	-2	
16	80	-3	
496	501	-2	
501	509	2	
504	509	-4	
504	511	-3	
503	511	3	
496	503	3	
72	76	-3	
75	76	3	
75	139	1	
139	143	-5	
136	143	1	
72	136	-2	
112	119	-2	
114	119	3	
114	178	2	
178	181	3	
176	181	4	
112	176	3	
89	93	-3	
91	93	2	
91	155	-2	
155	157	4	
153	157	-2	
89	153	2	
448	452	-2	
452	460	-1	
458	460	3	
458	461	-2	
453	461	2	
448	453	4	
202	204	-3	
204	212	-2	
211	212	-2	
211	214	5	
206	214	-1	
202	206	-3	
0	6	-4	
2	6	4	
2	66	-3	
66	71	-2	
64	71	3	
0	64	3	
152	157	2	
157	165	1	
160	165	-3	
160	166	-1	
158	166	-1	
152	158	3	
241	245	-2	
243	245	3	
243	246	2	
240	246	4	
240	247	-4	
241	247	-1	
9	12	5	
11	12	-3	
11	15	-3	
10	15	3	
10	14	-3	
9	14	3	
354	358	2	
355	358	-2	
355	419	-4	
419	420	-2	
418	420	-3	
354	418	-2	
273	276	-2	
276	284	-3	
283	284	-2	
283	286	-4	
278	286	3	
273	278	-4	
296	300	3	
298	300	3	
298	303	3	
297	303	-3	
297	301	3	
296	301	5	
312	317	2	
315	317	-3	
315	379	2	
379	383	-4	
376	383	3	
312	376	-3	
107	108	-2	
115	116	-1	
115	118	-3	
110	118	-1	
107	110	2	
90	93	1	
93	101	2	
99	101	3	
99	102	3	
94	102	2	
90	94	-4	
43	45	-1	
45	53	-2	
51	53	-2	
51	55	-2	
47	55	-2	
43	47	3	
74	77	-3	
77	85	2	
82	85	-3	
82	87	-3	
79	87	1	
74	79	3	
200	206	-2	
203	206	-4	
203	267	2	
267	271	-3	
264	271	-1	
200	264	-2	
144	148	2	
146	148	3	
146	210	-2	
210	215	2	
208	215	2	
144	208	1	
400	407	-1	
403	407	-2	
403	467	-2	
467	469	-2	
464	469	4	
400	464	-3	
345	348	-2	
346	348	3	
346	410	2	
410	414	-2	
409	414	4	
345	409	-2	
26	28	-3	
28	36	-3	
35	36	3	
35	38	3	
30	38	-2	
26	30	2	
168	173	3	
169	173	-1	
169	233	-2	
233	236	1	
232	236	1	
168	232	-2	
361	364	-3	
364	372	-1	
369	372	3	
369	373	-2	
365	373	3	
361	365	4	
224	228	2	
227	228	-2	
227	291	2	
291	294	3	
288	294	4	
224	288	2	
321	324	-1	
324	332	-2	
330	332	2	
330	333	4	
325	333	-2	
321	325	2	
426	430	-3	
427	430	-2	
427	491	4	
491	493	2	
490	493	5	
426	490	-1	
441	444	2	
442	444	-1	
442	506	-2	
506	508	-3	
505	508	-2	
441	505	-1	
216	222	2	
218	222	4	
218	282	1	
282	284	2	
280	284	-2	
216	280	2	
475	476	-3	
476	484	-2	
482	484	-3	
482	487	-1	
479	487	-2	
475	479	2	
193	198	-3	
195	198	3	
195	259	-1	
259	260	-3	
257	260	1	
193	257	1	
435	439	1	
435	499	-3	
499	500	-1	
497	500	-3	
433	497	3	
179	181	2	
181	189	2	
187	189	-1	
183	191	3	
179	183	-3	
386	389	-3	
389	397	4	
393	397	2	
390	398	4	
386	390	2	
131	134	3	
134	142	1	
139	142	2	
135	143	-1	
131	135	-3	
56	62	-3	
57	62	-3	
57	121	1	
121	127	-3	
120	127	-3	
56	120	-1	
450	452	3	
451	452	4	
449	454	4	
449	455	4	
450	455	-3	
16	20	3	
17	20	-4	
17	23	-3	
19	23	2	
305	309	-2	
305	311	-3	
306	311	4	
306	310	-1	
304	310	-2	
251	254	4	
249	254	-3	
249	255	-1	
248	255	-3	
64	68	2	
65	68	2	
66	69	-2	
66	70	3	
64	70	-4	
336	340	-2	
338	340	2	
338	343	3	
337	343	-2	
337	341	2	
336	341	-1	
456	460	-2	
459	460	-4	
459	463	4	
458	463	-3	
458	462	-4	
456	462	-3	
161	164	3	
163	164	-2	
163	167	2	
160	167	-4	
161	165	2	
2	4	5	
3	6	2	
3	5	-3	
1	5	5	
412	420	-2	
418	422	3	
414	422	2	
408	414	-2	
312	319	1	
314	319	-3	
314	378	-2	
378	380	-5	
376	380	-2	
368	374	1	
371	435	2	
435	436	3	
432	436	3	
368	432	-4	
355	356	2	
356	364	1	
363	364	-4	
363	367	-2	
355	359	-3	
178	180	2	
180	188	-4	
186	190	-2	
182	190	1	
178	182	2	
25	29	-2	
27	91	-4	
91	92	-1	
89	92	3	
25	89	-1	
320	324	-4	
323	324	2	
387	388	-4	
115	117	1	
117	125	-2	
123	125	2	
123	127	-3	
119	127	-1	
115	119	4	
208	213	-2	
210	213	2	
210	274	-3	
274	279	3	
208	272	-3	
8	12	2	
11	14	-1	
11	13	-3	
41	105	-3	
105	110	-2	
104	110	3	
40	104	-1	
328	333	-4	
331	333	-2	
330	334	4	
330	335	1	
201	204	2	
203	204	2	
267	270	-2	
265	270	-3	
201	265	-2	
401	407	-1	
402	407	-4	
402	466	1	
466	470	4	
401	465	2	
240	244	-2	
242	246	-2	
243	247	3	
442	446	3	
506	509	-2	
440	504	-1	
34	39	2	
98	100	-3	
225	228	2	
226	228	3	
226	231	2	
227	231	3	
227	230	-2	
225	230	3	
81	85	-2	
82	146	2	
146	150	2	
145	150	-2	
81	145	2	
232	237	2	
233	237	2	
233	297	2	
232	296	-2	
280	285	3	
282	285	-3	
282	287	-3	
283	287	-2	
280	286	-1	
424	431	2	
427	431	2	
491	492	2	
488	492	3	
424	488	-2	
217	220	3	
219	223	1	
218	223	2	
217	222	-2	
57	60	-4	
59	61	-3	
58	63	4	
57	63	2	
477	485	1	
482	485	4	
482	486	-2	
478	486	1	
473	478	-2	
155	156	-1	
155	159	2	
152	159	2	
154	158	-3	
294	302	-1	
298	302	-5	
295	303	1	
288	295	-2	
345	349	2	
346	349	2	
346	350	-2	
347	350	-2	
345	351	-2	
417	422	2	
419	422	-2	
419	483	-2	
483	487	-3	
481	487	3	
417	481	3	
51	52	-2	
48	55	-3	
50	54	3	
130	132	2	
131	132	1	
131	133	-3	
128	135	-2	
130	135	-2	
168	172	1	
170	172	-3	
170	173	1	
171	173	4	
168	174	3	
258	261	-3	
259	262	2	
259	263	3	
256	263	1	
67	68	3	
68	76	-2	
75	79	3	
71	79	-4	
67	71	2	
497	501	3	
498	501	-3	
498	503	-2	
499	503	-3	
499	502	-2	
497	502	-3	
26	31	-2	
26	90	3	
88	94	-1	
24	88	2	
209	214	3	
211	275	-1	
275	277	3	
273	277	2	
209	273	1	
193	199	3	
193	197	2	
112	118	1	
113	118	-2	
113	177	-2	
177	183	-1	
176	183	2	
385	389	-1	
394	397	-4	
391	399	3	
385	391	4	
43	44	3	
43	107	3	
107	109	-4	
106	109	-1	
42	106	1	
136	142	-4	
138	142	-1	
138	202	-4	
202	207	3	
200	207	-3	
136	200	-3	
436	444	-2	
443	444	4	
437	445	2	
432	437	3	
308	316	4	
313	318	2	
310	318	-3	
76	84	-1	
83	84	2	
78	86	-2	
72	78	2	
336	342	4	
339	342	-2	
339	403	-1	
403	405	-3	
336	400	-2	
369	374	3	
377	383	-1	
375	383	3	
369	375	-1	
467	468	3	
468	476	3	
474	476	2	
471	479	-2	
467	471	-2	
362	364	3	
362	426	3	
426	428	-1	
361	425	2	
352	357	3	
353	357	4	
141	149	2	
147	149	2	
143	151	1	
137	143	-1	
393	396	-2	
393	457	3	
457	461	-2	
456	461	2	
392	456	-3	
32	36	-3	
32	37	2	
29	37	3	
26	29	2	
507	511	3	
505	511	-3	
505	510	4	
506	510	3	
409	415	-2	
411	415	-3	
411	475	3	
475	477	-3	
409	473	-1	
486	494	1	
489	494	3	
487	495	2	
480	487	-3	
291	292	3	
290	295	-1	
290	293	-5	
289	293	2	
184	189	2	
186	189	-3	
186	191	-1	
185	191	3	
185	190	2	
184	190	-4	
162	166	-3	
163	166	4	
163	227	-1	
227	229	2	
162	226	1	
251	252	-1	
251	255	-3	
248	254	-3	
250	254	-1	
234	236	-1	
235	239	-2	
232	239	4	
232	238	1	
368	373	-3	
370	373	3	
370	434	-2	
432	438	-1	
97	101	-3	
98	101	2	
96	103	3	
96	102	-3	
97	102	1	
266	271	4	
267	269	3	
19	20	2	
19	21	3	
449	452	-2	
450	454	1	
448	454	-4	
449	453	-1	
322	325	2	
320	326	-1	
0	5	3	
5	13	1	
10	13	-3	
6	14	2	
114	116	-2	
116	124	2	
121	124	3	
118	126	1	
114	118	-2	
242	306	1	
241	305	-2	
314	317	-3	
378	383	-3	
73	77	-2	
80	85	-3	
46	54	1	
49	55	-2	
40	47	2	
274	276	3	
275	276	4	
275	339	2	
338	341	-4	
274	338	2	
173	181	-1	
175	183	2	
171	175	-1	
493	501	-1	
495	503	1	
490	495	-4	
153	158	1	
154	218	-2	
218	221	1	
153	217	1	
402	404	2	
403	404	2	
403	406	-2	
401	405	2	
129	193	-2	
192	198	-2	
128	192	-2	
363	365	2	
363	427	-3	
427	429	-2	
425	429	-3	
460	468	2	
461	469	-2	
459	461	4	
348	356	1	
354	356	-2	
350	358	-2	
211	213	3	
202	205	-1	
408	413	-2	
472	476	-3	
408	472	-3	
442	445	3	
442	447	-1	
329	332	2	
329	333	-2	
328	334	-2	
160	164	2	
161	225	-1	
160	224	-1	
112	117	-3	
111	119	1	
107	111	-1	
299	303	-1	
298	301	1	
33	37	1	
33	38	4	
35	39	-2	
256	260	2	
259	261	1	
257	262	-2	
281	284	-1	
284	292	-2	
288	292	-1	
286	294	1	
281	286	2	
67	70	1	
65	70	-3	
148	156	-2	
153	156	3	
153	159	1	
151	159	-3	
146	151	-1	
384	389	-3	
385	390	3	
384	390	-1	
82	84	1	
90	92	1	
90	95	3	
58	62	-3	
484	492	-1	
489	493	1	
485	493	-2	
312	318	-3	
313	377	1	
376	382	2	
307	309	-1	
307	371	2	
305	369	-3	
272	278	-1	
273	337	-1	
272	336	-1	
388	396	-3	
394	398	-1	
387	390	2	
136	141	-2	
142	150	-1	
233	238	-2	
238	246	1	
239	247	1	
233	239	-1	
355	357	-1	
352	359	1	
352	358	-2	
353	358	2	
409	412	-1	
416	420	-2	
416	422	2	
11	75	2	
75	77	-2	
9	73	2	
194	197	1	
197	205	-1	
203	205	2	
198	206	2	
194	198	-2	
27	31	2	
88	93	-3	
433	438	-3	
435	438	-2	
105	108	-2	
106	108	3	
169	172	-4	
0	4	-2	
66	68	-3	
44	52	1	
49	53	2	
41	45	2	
162	165	3	
161	167	-4	
129	133	-2	
123	187	-1	
187	190	-3	
120	184	1	
20	28	-2	
25	28	1	
22	30	3	
280	287	2	
281	345	-2	
344	351	-2	
280	344	-2	
258	260	3	
260	268	3	
263	271	-1	
214	222	-2	
215	223	-2	
462	470	1	
463	471	-1	
283	285	1	
283	347	-2	
282	346	2	
102	110	2	
104	111	3	
103	111	2	
179	182	-3	
179	243	2	
243	244	2	
241	244	2	
177	241	-3	
505	509	-2	
507	509	-2	
504	510	1	
10	74	-2	
72	79	-1	
8	72	2	
426	429	1	
434	439	-3	
426	431	3	
451	453	-2	
448	455	-1	
323	325	-3	
323	327	-2	
321	326	2	
304	308	3	
315	316	1	
311	319	-3	
304	311	-2	
80	84	-2	
145	148	-2	
80	144	2	
250	255	3	
220	228	-1	
221	229	-2	
424	428	-4	
427	428	-1	
491	494	2	
410	474	-1	
367	375	2	
234	237	-2	
235	299	-2	
234	298	-2	
176	180	-2	
185	189	4	
332	340	1	
335	343	2	
331	335	2	
51	54	-2	
51	115	-2	
50	114	-2	
92	100	-2	
89	94	-2	
378	442	-2	
376	440	-2	
392	399	-3	
457	460	2	
208	212	3	
210	212	3	
34	36	-2	
36	44	-1	
42	47	-3	
39	47	-1	
419	421	-2	
483	486	2	
416	480	1	
400	406	1	
465	469	4	
91	95	-2	
88	152	2	
178	183	-1	
168	175	-3	
496	500	-2	
496	502	2	
404	412	-2	
407	415	-3	
59	62	3	
57	61	2	
288	293	-3	
290	294	-1	
289	294	-2	
289	295	3	
195	196	2	
64	69	2	
82	86	-1	
18	82	2	
138	143	3	
137	142	-3	
266	269	-1	
269	277	-1	
271	279	-2	
417	420	2	
418	482	2	
379	382	3	
379	443	2	
377	441	-2	
49	113	-2	
112	116	3	
48	112	2	
249	253	2	
250	253	2	
250	314	-1	
313	317	-2	
249	313	1	
32	38	-2	
96	101	-1	
450	453	-3	
418	421	2	
421	429	-2	
425	430	2	
422	430	-1	
229	237	-1	
297	300	-2	
299	363	1	
297	361	-1	
279	287	1	
273	279	2	
43	46	-2	
327	335	1	
17	21	3	
21	29	-1	
17	22	-2	
301	309	-1	
303	311	-1	
296	303	-1	
387	389	1	
259	323	-2	
322	324	-3	
258	322	1	
213	221	-1	
219	222	-2	
339	340	2	
338	342	1	
73	76	2	
74	76	-1	
72	77	2	
129	135	-2	
170	174	-1	
368	372	1	
370	372	2	
178	242	-2	
241	246	2	
147	148	-3	
144	151	-1	
146	149	2	
152	156	-3	
154	157	-2	
200	205	2	
209	212	-1	
212	220	1	
10	12	-1	
9	15	-1	
353	359	2	
346	351	1	
344	349	2	
106	110	-2	
465	468	-2	
464	471	-1	
83	85	-1	
85	93	-1	
89	95	1	
83	87	-2	
18	20	-3	
24	28	2	
23	31	2	
228	236	2	
235	238	-2	
384	391	-2	
385	449	1	
384	448	-1	
398	406	1	
399	407	1	
305	310	-1	
245	253	3	
247	255	-2	
267	331	-1	
264	328	1	
481	484	1	
312	316	2	
193	196	-1	
345	350	-2	
504	508	1	
262	270	-1	
56	60	-3	
409	413	2	
69	77	1	
438	446	2	
440	447	-2	
439	447	2	
16	21	-2	
17	81	-2	
326	334	1	
137	201	-2	
200	204	-2	
244	252	-2	
248	252	-1	
246	254	-1	
163	165	1	
165	173	2	
166	174	-2	
27	28	1	
91	94	1	
470	478	1	
387	451	-2	
386	450	2	
105	109	1	
150	158	-2	
155	158	2	
396	404	1	
397	405	-1	
224	229	1	
223	231	-1	
67	131	-1	
66	130	-1	
187	188	2	
120	126	-2	
297	302	-1	
492	500	-2	
494	502	2	
4	12	-1	
8	14	2	
334	342	-1	
336	343	-2	
440	444	-1	
139	203	3	
435	437	1	
432	496	-1	
155	219	1	
70	78	1	
299	301	2	
441	445	1	
305	308	1	
392	397	-1	
361	367	-2	
99	100	1	
100	108	1	
101	109	-1	
161	166	1	
52	60	2	
54	62	-2	
410	412	-1	
405	413	-1	
225	231	1	
114	117	1	
41	47	-1	
42	46	-2	
170	234	-2	
472	479	1	
147	211	1	
145	209	-2	
131	195	-1	
347	348	-1	
491	495	2	
488	493	1	
217	281	-2	
264	268	-2	
267	268	-1	
434	498	-1	
506	511	-2	
242	247	1	
176	240	-1	
309	317	-2	
349	357	2	
53	61	2	
55	63	2	
81	86	-1	
86	94	-2	
406	414	-2	
277	285	1	
282	286	-1	
257	321	-2	
256	320	-1	
371	375	1	
473	476	-1	
475	478	-1	
474	477	-1	
296	302	1	
456	463	-2	
371	373	-1	
467	470	-1	
386	388	-1	
9	13	1	
14	22	-1	
34	38	1	
425	489	1	
265	271	1	
266	330	-1	
265	329	1	
307	311	-1	
226	230	1	
499	501	1	
179	180	-1	
184	188	-1	
65	71	-1	
216	221	-1	
98	102	1	
337	401	1	
434	436	-1	
50	55	1	
113	119	-1	
115	179	-1	
270	278	-1	
251	315	-1	
248	312	1	
149	157	1	
306	308	-1	
75	78	-1	
261	269	-1	
208	214	-1	
420	428	-1	
351	359	1	
379	380	1	
130	194	1	
192	199	1	
322	327	1	
320	325	-1	
196	204	-1	
433	437	1	
240	304	1	
219	283	-1	
97	103	-1	
97	161	-1	
96	160	-1	
480	485	1	
139	141	1	
203	207	-1	
Energy:	-2106	
