NumberOfQubits	504	
NumberOfSubgraphs	420	
Serial	274	
PlantedSolution:	
0	-1	
1	-1	
2	-1	
3	1	
4	-1	
5	1	
6	1	
8	-1	
9	-1	
10	-1	
11	-1	
12	-1	
13	-1	
14	1	
15	-1	
16	-1	
17	-1	
18	1	
19	-1	
20	1	
21	-1	
22	1	
23	1	
24	1	
25	1	
26	-1	
27	1	
28	1	
29	1	
30	1	
31	-1	
32	-1	
33	-1	
34	-1	
35	-1	
36	1	
37	-1	
38	1	
39	-1	
40	-1	
41	-1	
42	1	
43	-1	
44	1	
45	1	
46	1	
47	-1	
48	-1	
49	1	
50	1	
51	-1	
52	1	
53	-1	
54	-1	
55	1	
56	1	
57	-1	
58	1	
59	-1	
60	-1	
61	-1	
62	-1	
63	1	
64	1	
65	-1	
66	1	
67	-1	
68	-1	
69	1	
70	-1	
71	1	
72	-1	
73	1	
74	-1	
75	1	
76	1	
77	1	
78	1	
79	1	
80	1	
81	-1	
82	-1	
83	-1	
84	1	
85	1	
86	1	
87	-1	
88	-1	
89	1	
90	1	
91	1	
92	1	
93	1	
94	1	
95	-1	
96	1	
97	1	
98	1	
99	-1	
100	1	
101	1	
102	1	
103	1	
104	1	
105	-1	
106	-1	
107	-1	
108	-1	
109	1	
110	1	
111	1	
112	1	
113	1	
114	1	
115	-1	
116	1	
117	1	
118	1	
119	-1	
120	-1	
121	1	
123	-1	
124	1	
125	-1	
126	1	
127	1	
128	1	
129	-1	
130	-1	
131	-1	
132	-1	
133	-1	
134	-1	
135	1	
136	1	
137	-1	
138	1	
139	1	
141	-1	
142	1	
143	-1	
144	-1	
145	-1	
146	1	
147	-1	
148	1	
149	1	
150	1	
151	-1	
152	-1	
153	1	
154	1	
155	1	
156	-1	
157	-1	
158	-1	
159	-1	
160	1	
161	1	
162	-1	
163	1	
164	-1	
165	-1	
166	1	
167	-1	
168	1	
169	1	
170	1	
171	-1	
172	-1	
173	-1	
174	-1	
175	-1	
176	-1	
177	1	
178	-1	
179	-1	
180	-1	
181	1	
182	1	
183	-1	
184	-1	
185	1	
186	-1	
187	1	
188	-1	
189	-1	
190	-1	
191	-1	
192	-1	
193	-1	
194	1	
195	-1	
196	1	
197	1	
198	-1	
199	1	
200	1	
201	-1	
202	1	
203	1	
204	1	
205	-1	
206	-1	
207	1	
208	-1	
209	1	
210	-1	
211	-1	
212	1	
213	-1	
214	1	
215	-1	
216	-1	
217	1	
218	-1	
219	1	
220	-1	
221	-1	
222	1	
223	-1	
224	-1	
225	-1	
226	-1	
227	1	
228	1	
229	1	
230	1	
231	1	
232	1	
233	1	
234	1	
235	1	
236	-1	
237	-1	
238	1	
239	-1	
240	1	
241	1	
242	-1	
243	1	
244	1	
245	1	
246	-1	
247	1	
248	-1	
249	-1	
250	1	
251	-1	
252	1	
253	1	
254	-1	
255	-1	
256	-1	
257	-1	
258	1	
259	-1	
260	1	
261	-1	
262	-1	
263	1	
264	1	
265	1	
266	1	
267	1	
268	-1	
269	1	
270	1	
271	1	
272	1	
273	1	
274	-1	
275	-1	
276	1	
277	-1	
278	1	
279	-1	
280	-1	
281	1	
282	-1	
283	-1	
284	1	
285	1	
286	1	
287	1	
288	1	
289	1	
290	-1	
291	-1	
292	1	
293	1	
294	-1	
295	1	
296	-1	
297	-1	
298	-1	
299	1	
300	-1	
301	1	
302	-1	
303	1	
304	-1	
305	-1	
306	1	
307	-1	
308	-1	
309	1	
310	-1	
311	-1	
312	-1	
313	1	
314	1	
315	-1	
316	-1	
317	1	
318	1	
319	1	
320	-1	
321	1	
322	-1	
323	1	
324	1	
325	-1	
326	-1	
327	1	
328	1	
329	-1	
330	1	
331	1	
332	1	
333	1	
334	-1	
335	-1	
336	-1	
337	-1	
338	-1	
339	-1	
340	1	
341	-1	
342	1	
343	1	
344	1	
345	1	
346	-1	
347	-1	
348	-1	
349	-1	
350	-1	
351	-1	
352	1	
353	1	
354	1	
355	-1	
356	1	
357	-1	
358	1	
359	1	
361	-1	
362	1	
363	1	
364	1	
365	1	
367	-1	
368	1	
369	-1	
370	1	
371	-1	
372	-1	
373	-1	
374	-1	
375	-1	
376	1	
377	-1	
378	-1	
379	-1	
380	-1	
382	-1	
383	1	
384	-1	
385	-1	
386	-1	
387	1	
388	-1	
389	-1	
390	-1	
391	-1	
392	1	
393	-1	
394	1	
396	1	
397	-1	
398	-1	
399	-1	
400	1	
401	1	
402	1	
403	-1	
404	-1	
405	-1	
406	1	
407	-1	
408	1	
409	-1	
410	1	
411	-1	
412	1	
413	-1	
414	-1	
415	-1	
416	-1	
417	-1	
418	1	
419	-1	
420	-1	
421	-1	
422	-1	
424	-1	
425	-1	
426	-1	
427	-1	
428	-1	
429	1	
430	1	
431	-1	
432	1	
433	1	
434	-1	
435	1	
436	-1	
437	1	
438	-1	
439	1	
440	1	
441	-1	
442	1	
443	-1	
444	1	
445	1	
446	1	
447	-1	
448	-1	
449	-1	
450	-1	
451	1	
452	1	
453	-1	
454	1	
455	1	
456	-1	
457	-1	
458	-1	
459	1	
460	1	
461	1	
462	1	
463	-1	
464	1	
465	1	
466	-1	
467	1	
468	-1	
469	1	
470	1	
471	-1	
472	-1	
473	1	
474	1	
475	-1	
476	-1	
477	-1	
478	1	
479	-1	
480	-1	
481	-1	
482	-1	
483	-1	
484	-1	
485	1	
486	1	
487	-1	
488	1	
489	1	
490	1	
491	-1	
492	1	
493	1	
494	-1	
495	-1	
496	-1	
497	-1	
498	1	
499	-1	
500	-1	
501	-1	
502	-1	
503	1	
504	-1	
505	-1	
506	1	
507	-1	
508	-1	
509	1	
510	1	
511	1	
Js:	
304	309	4	
309	317	1	
314	317	-3	
314	319	-2	
311	319	2	
304	311	-2	
403	404	-2	
404	412	2	
409	412	3	
409	415	3	
407	415	-2	
403	407	-2	
328	335	2	
329	335	-2	
329	393	-1	
393	398	2	
392	398	3	
328	392	-1	
352	356	-2	
355	356	-3	
355	359	2	
353	359	-4	
353	357	2	
352	357	3	
184	188	-1	
185	188	4	
185	189	2	
186	189	-2	
186	190	1	
184	190	-3	
272	276	-1	
273	276	-3	
273	278	3	
275	278	2	
275	277	-4	
272	277	1	
234	236	3	
235	236	2	
235	238	-4	
232	238	-2	
232	237	2	
234	237	-3	
201	204	3	
203	204	-3	
203	206	3	
200	206	2	
200	207	1	
201	207	4	
64	71	3	
66	71	-2	
66	130	1	
130	135	3	
128	135	-2	
64	128	-1	
433	436	3	
435	436	1	
435	499	1	
499	502	1	
497	502	-5	
433	497	1	
217	221	1	
221	229	3	
225	229	2	
225	231	2	
223	231	-4	
217	223	2	
456	460	2	
460	468	2	
466	468	-4	
466	470	3	
462	470	1	
456	462	3	
488	492	-3	
491	492	3	
491	495	-3	
489	495	3	
489	493	-3	
488	493	2	
105	111	2	
106	111	-1	
106	170	1	
170	174	3	
169	174	2	
105	169	1	
34	37	-2	
37	45	1	
40	45	2	
40	46	3	
38	46	2	
34	38	3	
139	142	-3	
142	150	-2	
145	150	3	
145	151	-2	
143	151	1	
139	143	3	
89	93	-3	
93	101	-2	
97	101	2	
97	102	-3	
94	102	-2	
89	94	-2	
424	428	-2	
426	428	-3	
426	431	-1	
427	431	-2	
427	429	4	
424	429	-4	
481	485	2	
482	485	2	
482	486	-3	
483	486	2	
483	487	-3	
481	487	-3	
249	252	2	
251	252	2	
251	315	-1	
315	316	-4	
313	316	-1	
249	313	1	
48	52	2	
50	52	-3	
50	114	-2	
114	117	3	
112	117	-3	
48	112	2	
24	28	-3	
25	28	2	
25	29	-2	
26	29	1	
26	30	3	
24	30	-2	
3	4	3	
4	12	-3	
10	12	-2	
10	14	3	
6	14	-3	
3	6	-2	
376	380	2	
379	380	-3	
379	382	-3	
378	382	-4	
378	383	-2	
376	383	-5	
73	76	-1	
76	84	-1	
82	84	4	
82	87	1	
79	87	1	
73	79	-3	
153	157	1	
155	157	5	
155	158	-3	
154	158	4	
154	159	3	
153	159	1	
16	22	-2	
19	22	3	
19	83	-2	
83	85	1	
80	85	-2	
16	80	2	
192	196	2	
193	196	2	
193	197	3	
194	197	-3	
194	198	-3	
192	198	-2	
472	476	-4	
474	476	1	
474	479	4	
475	479	1	
475	477	-2	
472	477	-1	
176	181	3	
179	181	2	
179	243	-1	
243	247	-2	
240	247	-3	
176	240	2	
264	268	3	
267	268	-1	
267	270	-3	
265	270	-2	
265	271	-2	
264	271	-3	
322	324	3	
323	324	-3	
323	325	3	
320	325	-2	
320	326	-1	
322	326	3	
432	439	-2	
434	439	-2	
434	498	2	
498	501	3	
496	501	-2	
432	496	2	
504	508	-2	
505	508	-2	
505	509	4	
506	509	-3	
506	511	2	
504	511	2	
408	413	4	
413	421	-1	
417	421	3	
417	422	-3	
414	422	-1	
408	414	3	
209	213	-3	
210	213	-3	
210	215	-2	
211	215	-1	
211	214	3	
209	214	-2	
290	294	-2	
294	302	-1	
297	302	-2	
297	303	4	
295	303	1	
290	295	2	
282	285	3	
283	285	3	
283	347	-1	
347	351	-3	
346	351	-3	
282	346	1	
384	391	-2	
386	391	-3	
386	450	2	
450	455	2	
448	455	3	
384	448	-3	
256	260	2	
258	260	-3	
258	262	-2	
259	262	-3	
259	263	1	
256	263	2	
56	61	3	
57	61	-2	
57	121	-1	
121	126	-3	
120	126	3	
56	120	1	
49	54	2	
51	54	-1	
51	115	-2	
115	116	4	
113	116	-1	
49	113	2	
369	372	-3	
371	372	-3	
371	374	-3	
370	374	-2	
370	375	3	
369	375	-3	
161	164	2	
164	172	-2	
171	172	-2	
171	175	-4	
167	175	-2	
161	167	3	
336	340	-2	
338	340	1	
338	343	2	
337	343	4	
337	342	1	
336	342	3	
441	444	3	
442	444	-3	
442	447	3	
443	447	-3	
443	446	3	
441	446	-3	
35	36	3	
36	44	-2	
43	44	-1	
43	47	-5	
39	47	-1	
35	39	-2	
91	92	-2	
92	100	-2	
96	100	-2	
96	103	-3	
95	103	-2	
91	95	3	
280	287	2	
281	287	-4	
281	345	-1	
345	350	4	
344	350	2	
280	344	-1	
219	220	-2	
220	228	1	
224	228	3	
224	230	2	
222	230	-2	
219	222	-4	
385	388	-1	
387	388	4	
387	451	-3	
451	453	-3	
449	453	-4	
385	449	-2	
65	70	-4	
67	70	-2	
67	131	2	
131	132	-3	
129	132	-3	
65	129	-2	
177	183	2	
178	183	-2	
178	242	-2	
242	245	2	
241	245	-1	
177	241	1	
361	364	4	
362	364	-3	
362	367	3	
363	367	-2	
363	365	-3	
361	365	3	
8	15	-2	
11	15	-3	
11	75	3	
75	77	-3	
72	77	2	
8	72	-2	
288	292	-1	
292	300	1	
298	300	-3	
298	301	-1	
293	301	-1	
288	293	-2	
457	461	3	
461	469	2	
467	469	-4	
467	471	3	
463	471	-1	
457	463	-1	
248	253	3	
250	253	-2	
250	314	-1	
314	318	-1	
312	318	2	
248	312	1	
146	148	-2	
147	148	-2	
147	149	4	
144	149	2	
144	151	-3	
146	151	1	
18	20	-1	
19	20	2	
19	21	2	
17	21	-3	
17	23	3	
18	23	-4	
400	406	-1	
401	406	-4	
401	465	-2	
465	469	-2	
464	469	-2	
400	464	2	
98	101	-2	
99	101	1	
99	163	1	
163	165	2	
162	165	-2	
98	162	-1	
56	60	3	
58	60	2	
58	62	4	
59	62	-2	
59	63	2	
56	63	3	
330	332	-2	
331	332	-4	
331	334	2	
329	334	-4	
329	333	3	
330	333	-2	
73	78	-1	
74	78	2	
74	138	-2	
138	141	1	
137	141	-4	
73	137	2	
306	308	2	
307	308	-1	
307	310	3	
305	310	-4	
305	311	-2	
306	311	3	
105	108	-3	
107	108	-1	
107	109	2	
104	109	2	
104	110	-3	
105	110	2	
416	420	-3	
418	420	4	
418	482	-1	
482	484	-3	
480	484	-3	
416	480	-3	
394	397	3	
397	405	-2	
402	405	2	
402	407	2	
399	407	-3	
394	399	-3	
339	340	2	
340	348	3	
346	348	-3	
346	349	1	
341	349	-2	
339	341	-2	
200	205	3	
202	205	2	
202	266	-1	
266	269	-3	
264	269	1	
200	264	-1	
112	118	-2	
118	126	-2	
123	126	2	
123	127	4	
119	127	3	
112	119	-2	
1	5	2	
5	13	2	
9	13	-2	
9	14	2	
1	6	-3	
435	437	1	
437	445	-3	
440	445	-2	
440	446	-2	
438	446	2	
435	438	2	
256	261	-2	
257	261	-3	
257	321	3	
321	327	-3	
320	327	3	
256	320	2	
425	430	3	
426	430	4	
426	490	1	
490	494	3	
489	494	3	
425	489	-1	
88	93	2	
90	93	-2	
90	154	-1	
154	156	1	
152	156	-3	
88	152	1	
168	173	-1	
169	173	2	
169	233	-2	
233	239	3	
232	239	3	
168	232	-1	
208	212	1	
210	212	2	
210	274	-1	
274	279	3	
272	279	2	
208	272	3	
225	228	4	
227	228	-2	
227	291	2	
291	295	-2	
289	295	-2	
225	289	1	
502	510	-3	
507	510	3	
507	511	3	
503	511	-3	
497	503	3	
184	191	-3	
187	191	2	
187	251	-1	
251	254	-3	
248	254	-1	
184	248	-1	
42	45	-2	
45	53	2	
51	53	-2	
51	55	4	
47	55	-1	
42	47	3	
216	220	-3	
218	220	-1	
218	282	-3	
282	284	-2	
280	284	4	
216	280	-3	
128	133	2	
133	141	-1	
136	141	2	
136	142	-1	
134	142	3	
128	134	-2	
451	452	-3	
452	460	-2	
458	460	-2	
458	462	3	
454	462	-1	
451	454	-2	
410	415	2	
411	415	-2	
411	475	-2	
475	478	-2	
474	478	-3	
410	474	-1	
0	5	3	
2	5	2	
2	66	3	
66	68	2	
64	68	3	
0	64	3	
27	28	-2	
28	36	2	
33	36	2	
33	39	-3	
31	39	-1	
27	31	3	
354	358	-3	
355	358	2	
355	419	1	
419	421	-4	
418	421	1	
354	418	-2	
160	166	-2	
162	166	4	
162	226	2	
226	230	3	
160	224	3	
114	116	-1	
116	124	-2	
120	124	2	
120	125	-2	
117	125	3	
384	389	1	
385	389	-4	
385	391	-2	
386	390	-2	
384	390	-3	
194	196	-3	
195	198	-2	
195	199	5	
193	199	1	
240	244	-2	
242	244	2	
243	245	2	
243	246	1	
240	246	2	
370	372	-2	
368	374	2	
368	373	4	
370	373	3	
296	301	2	
299	301	-2	
299	303	-2	
296	302	3	
77	85	-2	
81	85	1	
81	86	1	
78	86	2	
75	78	-3	
176	180	-3	
177	180	2	
177	182	-3	
178	182	2	
178	181	-1	
283	284	3	
284	292	-2	
289	292	-2	
289	294	2	
286	294	2	
283	286	2	
312	319	2	
313	319	-3	
313	377	-1	
377	383	1	
312	376	2	
473	477	3	
477	485	-2	
480	485	1	
480	486	3	
478	486	-1	
473	478	-2	
393	396	3	
394	396	-2	
394	458	2	
458	461	2	
393	457	-2	
185	191	2	
186	191	-2	
186	250	1	
250	255	3	
249	255	-2	
185	249	-1	
496	500	2	
499	500	-3	
499	503	3	
498	503	-1	
41	44	3	
44	52	-1	
48	54	-2	
46	54	2	
41	46	-3	
65	69	2	
67	69	5	
24	29	-2	
29	37	2	
32	37	-4	
32	38	3	
30	38	1	
490	492	-3	
491	494	-2	
488	494	3	
488	495	-1	
490	495	1	
344	349	3	
345	349	-2	
345	351	1	
347	350	-2	
80	87	3	
83	87	-2	
83	147	-1	
147	150	2	
144	150	1	
80	144	-1	
238	246	1	
241	246	3	
241	247	-2	
239	247	-1	
235	239	1	
8	12	-2	
12	20	-1	
17	20	2	
13	21	-2	
8	13	-1	
321	326	2	
326	334	-2	
331	335	-2	
327	335	2	
265	269	-3	
266	270	-2	
267	271	-3	
339	343	1	
339	403	-2	
403	406	2	
337	401	-2	
506	508	3	
507	508	-2	
505	510	-2	
205	213	-1	
209	215	2	
207	215	3	
202	207	-2	
436	444	1	
440	444	3	
433	437	-2	
305	308	-1	
308	316	-2	
315	318	-3	
310	318	1	
153	156	2	
153	217	-2	
217	222	1	
216	222	1	
152	216	-1	
464	468	2	
465	470	-3	
465	471	2	
464	471	3	
453	461	-1	
459	461	-3	
459	463	3	
455	463	2	
449	455	2	
88	92	1	
97	100	-2	
88	94	-3	
163	166	-1	
166	174	1	
168	174	2	
168	175	2	
163	167	-3	
275	276	2	
274	277	-2	
273	279	1	
57	60	-2	
59	60	-2	
59	61	-2	
58	61	3	
58	63	1	
57	63	3	
106	109	3	
106	110	1	
107	110	2	
107	111	2	
104	111	-3	
257	260	1	
259	260	2	
258	263	-2	
257	263	2	
290	293	1	
290	354	-1	
352	358	-2	
288	352	-2	
425	428	-2	
425	429	-1	
424	431	-3	
417	420	1	
419	420	-2	
419	483	-3	
417	481	-3	
72	76	2	
74	76	3	
138	143	2	
136	143	3	
72	136	2	
408	412	1	
411	412	2	
411	414	-2	
409	414	-1	
409	413	-3	
204	212	2	
211	212	3	
206	214	2	
160	164	-1	
170	172	2	
170	173	2	
165	173	-1	
160	165	3	
179	180	-1	
180	188	-1	
187	188	2	
187	190	-3	
182	190	2	
179	182	2	
379	443	-2	
378	442	-2	
324	332	1	
328	332	-2	
328	333	-3	
325	333	1	
218	221	-2	
227	229	-1	
227	231	-2	
218	223	-2	
365	373	-1	
368	375	2	
367	375	-2	
361	367	-2	
81	84	4	
82	146	1	
145	148	-2	
81	145	-1	
299	300	1	
299	363	3	
363	364	-2	
298	362	2	
338	342	3	
338	402	-1	
402	404	1	
400	404	3	
336	400	1	
388	396	1	
392	396	-2	
390	398	-2	
387	390	-2	
25	31	2	
26	31	-2	
26	90	-4	
90	95	1	
89	95	1	
25	89	-3	
35	37	-2	
35	99	-2	
99	103	-3	
32	96	3	
121	124	4	
123	124	2	
120	127	2	
121	125	3	
49	53	3	
50	53	3	
114	118	-2	
113	118	-2	
14	22	-2	
18	22	-2	
15	23	-1	
10	15	-3	
195	196	2	
192	199	2	
192	197	-1	
353	356	-2	
354	356	2	
354	357	3	
352	359	-2	
1	4	1	
2	4	-2	
66	70	2	
1	65	-2	
304	308	-3	
306	310	2	
307	309	2	
473	476	3	
472	479	-2	
448	452	3	
450	452	-2	
450	454	3	
449	454	2	
448	453	-1	
129	133	-1	
130	133	-3	
129	134	-3	
233	236	3	
278	286	-1	
281	286	3	
279	287	1	
275	279	-1	
430	438	1	
434	438	-3	
431	439	1	
425	431	-3	
152	157	-2	
152	159	-3	
248	252	1	
249	254	3	
250	254	2	
248	255	-3	
108	116	-1	
115	119	-2	
111	119	1	
139	141	1	
139	203	-3	
137	201	1	
3	5	1	
3	67	2	
64	69	-2	
386	389	-2	
389	397	-3	
391	399	-2	
42	44	2	
42	46	-1	
41	45	3	
34	36	-1	
34	98	3	
98	100	-3	
33	97	2	
416	422	-2	
481	484	-2	
9	15	1	
75	79	-1	
9	73	2	
377	380	-3	
377	441	-2	
219	221	1	
226	229	2	
226	231	1	
219	223	2	
27	30	-1	
27	91	-2	
90	92	-2	
459	460	-2	
456	463	-2	
266	268	2	
266	330	1	
264	328	-2	
401	405	2	
405	413	-1	
410	413	1	
410	414	2	
406	414	-1	
285	293	-2	
291	293	2	
287	295	-2	
282	287	1	
171	173	3	
173	181	1	
179	183	-2	
175	183	-1	
16	20	3	
83	86	3	
80	86	-2	
258	261	2	
258	322	2	
321	324	1	
146	149	-1	
146	210	2	
208	213	1	
144	208	-1	
432	436	2	
434	436	-1	
498	500	2	
344	348	3	
336	341	-3	
54	62	2	
57	62	-2	
55	63	-1	
48	55	2	
243	244	-2	
244	252	-2	
251	253	2	
245	253	-2	
465	468	1	
466	469	-1	
467	470	-1	
161	165	-1	
161	225	2	
312	317	2	
313	317	-3	
315	319	1	
483	485	2	
485	493	1	
487	495	-1	
297	300	-2	
298	302	-2	
296	303	2	
372	380	1	
377	382	-3	
374	382	-1	
369	374	-2	
186	188	2	
184	189	-2	
185	190	1	
504	510	3	
68	76	3	
72	79	2	
71	79	-2	
40	47	-2	
43	107	-3	
40	104	-2	
337	341	1	
339	342	2	
217	220	1	
217	281	-1	
280	286	2	
492	500	2	
499	501	2	
493	501	1	
490	493	-2	
123	125	-2	
441	445	2	
442	445	-1	
440	447	2	
276	284	1	
277	285	1	
273	277	1	
201	206	1	
208	214	2	
208	215	-2	
91	93	-1	
88	95	-2	
168	172	2	
172	180	-1	
178	180	2	
174	182	1	
242	246	-2	
420	428	-2	
422	430	2	
418	422	-2	
16	21	-2	
384	388	1	
451	455	-1	
267	269	-1	
267	331	2	
329	332	1	
265	329	1	
148	156	2	
153	158	2	
150	158	1	
371	373	-1	
371	435	2	
435	439	3	
368	432	-1	
357	365	1	
362	365	-2	
359	367	-1	
98	102	1	
96	102	-1	
235	237	3	
233	238	-1	
345	348	1	
348	356	1	
350	358	2	
475	476	-1	
473	479	-1	
195	259	1	
259	261	-2	
192	256	-1	
27	29	-2	
24	31	2	
323	326	2	
330	334	3	
330	335	-2	
323	327	-1	
163	164	2	
162	167	-1	
161	166	-2	
49	52	-2	
49	55	1	
227	230	-2	
291	292	1	
290	292	-3	
226	290	-1	
149	157	-1	
155	159	1	
151	159	-2	
147	151	-1	
393	397	-1	
385	390	-1	
306	370	-2	
305	369	-2	
131	134	-2	
135	143	-2	
131	135	1	
427	491	-1	
424	488	1	
74	77	1	
82	85	2	
82	86	1	
0	4	-3	
9	12	1	
181	189	2	
187	189	2	
183	191	-1	
176	183	2	
97	103	-1	
197	205	-2	
198	206	-1	
193	198	-2	
115	118	2	
314	378	1	
400	405	2	
403	405	-1	
403	467	1	
347	411	-2	
410	412	2	
346	410	2	
297	301	1	
297	361	-1	
2	6	1	
65	68	-2	
212	220	2	
214	222	-1	
265	268	2	
268	276	-2	
274	276	1	
274	278	1	
270	278	-1	
416	421	1	
42	106	2	
457	462	-2	
392	456	2	
322	325	-1	
307	371	1	
304	368	1	
288	295	-1	
288	294	2	
433	438	1	
434	437	-2	
432	437	-2	
249	253	1	
251	255	-1	
450	453	-1	
448	454	2	
11	12	1	
11	13	-2	
10	13	-1	
131	133	1	
129	135	2	
83	84	-1	
81	87	-2	
138	202	-2	
202	204	-2	
200	204	1	
136	200	-2	
257	262	2	
262	270	2	
263	271	-3	
169	172	1	
170	175	-1	
100	108	-1	
106	108	-2	
101	109	-2	
209	273	-2	
272	278	-2	
69	77	1	
70	78	2	
114	178	1	
113	177	1	
484	492	1	
486	494	1	
394	398	2	
398	406	1	
402	406	-1	
296	300	-2	
300	308	1	
301	309	-1	
154	218	-1	
472	478	1	
408	472	2	
141	149	-1	
137	142	2	
507	509	2	
314	316	2	
315	317	-1	
20	28	1	
21	29	1	
349	357	-1	
224	229	1	
232	236	1	
234	239	-2	
234	238	-2	
25	30	-1	
89	92	-1	
274	338	-2	
338	341	-1	
272	336	1	
427	428	-1	
241	244	-2	
250	252	1	
246	254	-1	
497	501	-1	
496	503	1	
496	502	-1	
218	222	1	
219	283	-1	
320	324	2	
144	148	2	
386	388	1	
387	391	1	
443	445	2	
99	102	1	
102	110	-2	
103	111	-1	
33	37	-1	
34	39	1	
113	117	1	
121	127	-1	
113	119	1	
195	197	1	
201	205	-1	
199	207	-2	
476	484	-1	
260	268	2	
261	269	-1	
402	466	-1	
364	372	1	
8	14	-1	
291	294	1	
291	355	-2	
18	82	-1	
17	81	-1	
378	380	-1	
379	383	-2	
130	194	2	
128	192	2	
337	340	2	
344	351	2	
343	351	-1	
242	247	-1	
243	307	2	
307	311	-1	
242	306	1	
163	227	-1	
299	302	2	
433	439	-2	
432	438	1	
408	415	1	
41	105	-1	
112	116	1	
96	101	-1	
146	150	-1	
145	209	1	
491	493	-1	
171	235	2	
233	237	1	
74	79	1	
392	397	1	
392	399	-1	
289	293	-2	
289	353	-1	
275	339	1	
138	142	-1	
202	206	-1	
469	477	-1	
474	477	1	
471	479	-2	
369	373	1	
240	245	1	
247	255	1	
91	94	-2	
24	88	1	
52	60	1	
50	54	1	
216	221	-2	
213	221	1	
211	213	-1	
155	156	1	
156	164	1	
157	165	-1	
500	508	1	
501	509	1	
131	195	1	
129	193	-1	
458	463	-1	
11	14	1	
40	44	1	
35	38	1	
67	71	-1	
396	404	-2	
259	323	1	
321	325	1	
442	506	-1	
506	510	-1	
440	504	1	
347	348	1	
347	349	-1	
226	228	1	
224	231	-1	
313	318	-1	
482	487	-1	
73	77	1	
256	262	-1	
266	271	1	
0	6	-1	
128	132	1	
130	132	-1	
160	167	-1	
464	470	-1	
470	478	1	
322	327	1	
241	305	1	
345	409	1	
333	341	1	
334	342	-1	
495	503	-1	
369	433	1	
114	119	1	
269	277	1	
354	359	1	
353	358	-1	
145	149	1	
281	285	1	
177	181	-1	
426	429	1	
51	52	1	
50	55	1	
234	298	1	
298	303	1	
232	296	1	
400	407	1	
393	399	-1	
203	205	-1	
105	109	1	
17	22	-1	
19	23	1	
16	23	1	
225	230	1	
312	316	1	
75	76	2	
10	74	-1	
86	94	-1	
87	95	1	
376	382	1	
409	473	-1	
194	258	1	
193	257	-1	
467	468	-1	
466	471	-1	
43	46	1	
171	174	1	
170	234	-1	
456	461	-1	
137	143	-1	
196	204	1	
228	236	-1	
229	237	1	
344	408	1	
352	416	1	
Energy:	-1724	
