NumberOfQubits	504	
NumberOfSubgraphs	504	
Serial	197	
PlantedSolution:	
0	-1	
1	1	
2	1	
3	-1	
4	1	
5	-1	
6	-1	
8	1	
9	1	
10	1	
11	-1	
12	1	
13	1	
14	1	
15	-1	
16	1	
17	1	
18	-1	
19	1	
20	-1	
21	-1	
22	-1	
23	-1	
24	-1	
25	-1	
26	1	
27	1	
28	-1	
29	1	
30	-1	
31	-1	
32	1	
33	-1	
34	1	
35	-1	
36	-1	
37	1	
38	-1	
39	-1	
40	1	
41	1	
42	-1	
43	-1	
44	1	
45	1	
46	-1	
47	1	
48	-1	
49	1	
50	1	
51	1	
52	-1	
53	1	
54	-1	
55	1	
56	-1	
57	-1	
58	1	
59	1	
60	1	
61	-1	
62	1	
63	-1	
64	1	
65	-1	
66	-1	
67	-1	
68	1	
69	-1	
70	1	
71	1	
72	1	
73	1	
74	-1	
75	-1	
76	1	
77	1	
78	1	
79	-1	
80	-1	
81	1	
82	1	
83	-1	
84	1	
85	1	
86	1	
87	1	
88	-1	
89	1	
90	1	
91	1	
92	1	
93	-1	
94	-1	
95	1	
96	-1	
97	-1	
98	1	
99	1	
100	1	
101	-1	
102	1	
103	-1	
104	-1	
105	-1	
106	-1	
107	1	
108	-1	
109	1	
110	1	
111	1	
112	-1	
113	1	
114	-1	
115	-1	
116	-1	
117	-1	
118	-1	
119	-1	
120	1	
121	-1	
123	1	
124	1	
125	1	
126	-1	
127	-1	
128	1	
129	1	
130	1	
131	-1	
132	-1	
133	-1	
134	1	
135	-1	
136	-1	
137	1	
138	1	
139	-1	
141	-1	
142	-1	
143	1	
144	-1	
145	-1	
146	1	
147	1	
148	1	
149	-1	
150	1	
151	1	
152	-1	
153	1	
154	-1	
155	-1	
156	-1	
157	1	
158	-1	
159	-1	
160	-1	
161	1	
162	1	
163	1	
164	1	
165	-1	
166	-1	
167	1	
168	-1	
169	-1	
170	1	
171	-1	
172	-1	
173	1	
174	1	
175	-1	
176	1	
177	1	
178	-1	
179	-1	
180	1	
181	-1	
182	-1	
183	1	
184	1	
185	-1	
186	1	
187	-1	
188	-1	
189	1	
190	-1	
191	-1	
192	1	
193	1	
194	1	
195	1	
196	1	
197	-1	
198	1	
199	-1	
200	1	
201	1	
202	-1	
203	1	
204	-1	
205	-1	
206	1	
207	1	
208	-1	
209	-1	
210	-1	
211	-1	
212	-1	
213	1	
214	1	
215	-1	
216	1	
217	1	
218	1	
219	-1	
220	-1	
221	1	
222	-1	
223	1	
224	-1	
225	1	
226	-1	
227	-1	
228	-1	
229	1	
230	1	
231	1	
232	-1	
233	1	
234	1	
235	1	
236	-1	
237	-1	
238	-1	
239	1	
240	1	
241	1	
242	-1	
243	1	
244	-1	
245	-1	
246	-1	
247	-1	
248	1	
249	-1	
250	-1	
251	-1	
252	1	
253	1	
254	1	
255	1	
256	-1	
257	-1	
258	1	
259	-1	
260	-1	
261	1	
262	-1	
263	1	
264	1	
265	1	
266	1	
267	-1	
268	-1	
269	1	
270	1	
271	1	
272	1	
273	1	
274	-1	
275	-1	
276	-1	
277	-1	
278	1	
279	1	
280	-1	
281	-1	
282	1	
283	1	
284	-1	
285	-1	
286	-1	
287	-1	
288	1	
289	1	
290	1	
291	1	
292	1	
293	-1	
294	1	
295	1	
296	1	
297	-1	
298	-1	
299	1	
300	-1	
301	-1	
302	-1	
303	-1	
304	1	
305	-1	
306	1	
307	1	
308	-1	
309	1	
310	-1	
311	1	
312	1	
313	-1	
314	1	
315	-1	
316	1	
317	1	
318	-1	
319	-1	
320	1	
321	1	
322	1	
323	1	
324	1	
325	1	
326	1	
327	1	
328	1	
329	1	
330	1	
331	-1	
332	-1	
333	-1	
334	-1	
335	-1	
336	1	
337	-1	
338	1	
339	1	
340	-1	
341	1	
342	1	
343	-1	
344	-1	
345	-1	
346	1	
347	1	
348	-1	
349	1	
350	1	
351	1	
352	1	
353	1	
354	1	
355	-1	
356	-1	
357	1	
358	-1	
359	-1	
361	-1	
362	-1	
363	1	
364	1	
365	-1	
367	1	
368	1	
369	1	
370	1	
371	1	
372	-1	
373	-1	
374	1	
375	1	
376	1	
377	-1	
378	-1	
379	1	
380	-1	
382	1	
383	1	
384	-1	
385	1	
386	-1	
387	1	
388	1	
389	-1	
390	1	
391	1	
392	1	
393	-1	
394	1	
396	-1	
397	1	
398	-1	
399	-1	
400	1	
401	-1	
402	1	
403	-1	
404	1	
405	-1	
406	1	
407	-1	
408	1	
409	-1	
410	-1	
411	-1	
412	-1	
413	1	
414	-1	
415	1	
416	1	
417	-1	
418	1	
419	1	
420	-1	
421	-1	
422	1	
424	1	
425	1	
426	1	
427	-1	
428	-1	
429	1	
430	1	
431	1	
432	1	
433	1	
434	1	
435	-1	
436	1	
437	-1	
438	1	
439	-1	
440	-1	
441	-1	
442	-1	
443	-1	
444	-1	
445	1	
446	-1	
447	-1	
448	1	
449	1	
450	-1	
451	-1	
452	1	
453	-1	
454	1	
455	-1	
456	-1	
457	1	
458	1	
459	1	
460	1	
461	-1	
462	1	
463	-1	
464	-1	
465	1	
466	-1	
467	1	
468	-1	
469	1	
470	1	
471	-1	
472	-1	
473	-1	
474	-1	
475	1	
476	1	
477	-1	
478	1	
479	-1	
480	-1	
481	-1	
482	1	
483	1	
484	1	
485	1	
486	-1	
487	-1	
488	-1	
489	1	
490	1	
491	-1	
492	-1	
493	-1	
494	1	
495	-1	
496	1	
497	-1	
498	1	
499	-1	
500	1	
501	1	
502	1	
503	1	
504	1	
505	1	
506	1	
507	-1	
508	1	
509	1	
510	1	
511	1	
Js:	
257	261	4	
259	261	3	
259	262	-2	
258	262	-3	
258	263	-2	
257	263	3	
211	212	-3	
212	220	-3	
219	220	-4	
219	223	2	
215	223	-3	
211	215	-4	
409	415	2	
411	415	5	
411	475	4	
475	476	-3	
473	476	3	
409	473	-4	
297	301	-2	
299	301	3	
299	302	4	
298	302	-4	
298	303	-1	
297	303	1	
33	36	-2	
36	44	4	
42	44	-3	
42	46	-1	
38	46	-4	
33	38	-3	
329	333	1	
333	341	2	
338	341	-1	
338	343	4	
335	343	1	
329	335	4	
304	308	3	
305	308	-2	
305	310	-3	
307	310	4	
307	309	2	
304	309	-2	
32	39	4	
35	39	-2	
35	99	3	
99	100	2	
96	100	1	
32	96	2	
401	405	-2	
405	413	2	
410	413	-4	
410	414	-2	
406	414	2	
401	406	4	
457	461	3	
458	461	3	
458	462	-4	
459	462	-4	
459	463	-5	
457	463	4	
361	365	-3	
362	365	-5	
362	426	-1	
426	429	-1	
425	429	-3	
361	425	1	
249	252	4	
251	252	5	
251	315	1	
315	317	2	
313	317	4	
249	313	-2	
288	292	-4	
290	292	-2	
290	295	2	
289	295	-4	
289	294	-2	
288	294	-4	
265	268	2	
268	276	1	
275	276	-3	
275	277	-2	
269	277	2	
265	269	-2	
369	372	5	
371	372	2	
371	435	-1	
435	436	5	
433	436	-4	
369	433	-1	
160	164	3	
164	172	2	
169	172	-3	
169	174	4	
166	174	-2	
160	166	-2	
129	132	-1	
130	132	4	
130	134	-3	
128	134	-2	
128	133	4	
129	133	4	
235	238	2	
238	246	1	
240	246	3	
240	247	3	
239	247	1	
235	239	-4	
347	348	-3	
348	356	-1	
353	356	3	
353	357	-1	
349	357	-2	
347	349	-4	
80	85	3	
82	85	-3	
82	87	-5	
81	87	-3	
81	86	-3	
80	86	3	
64	69	2	
65	69	3	
65	71	1	
66	71	3	
66	70	3	
64	70	-2	
9	14	-5	
11	14	-1	
11	75	-2	
75	76	3	
73	76	-2	
9	73	-2	
112	119	4	
115	119	-1	
115	179	-3	
179	181	-3	
176	181	4	
112	176	2	
496	501	-2	
498	501	-3	
498	502	-3	
499	502	2	
499	503	2	
496	503	3	
121	125	2	
123	125	-5	
123	187	1	
187	189	3	
185	189	-2	
121	185	-1	
145	148	4	
146	148	-3	
146	210	3	
210	213	1	
209	213	-3	
145	209	-2	
233	236	2	
236	244	-1	
243	244	2	
243	245	4	
237	245	1	
233	237	2	
441	446	-3	
443	446	-4	
443	507	-2	
507	510	-3	
505	510	-4	
441	505	3	
194	196	-3	
196	204	3	
202	204	2	
202	206	3	
198	206	-2	
194	198	-5	
26	30	2	
27	30	5	
27	91	-1	
91	94	2	
90	94	-3	
26	90	-1	
136	142	-5	
142	150	-1	
147	150	-3	
147	151	-4	
143	151	-2	
136	143	2	
384	388	3	
388	396	3	
394	396	3	
394	399	2	
391	399	4	
384	391	4	
224	228	2	
225	228	4	
225	229	-2	
226	229	2	
226	231	5	
224	231	2	
328	332	3	
332	340	1	
337	340	-4	
337	342	2	
334	342	2	
328	334	2	
464	469	2	
467	469	-2	
467	471	4	
465	471	2	
465	470	-2	
464	470	-2	
416	422	-1	
417	422	4	
417	481	-2	
481	484	2	
480	484	-2	
416	480	4	
41	45	-4	
43	45	-1	
43	107	1	
107	110	-2	
105	110	3	
41	105	2	
490	492	4	
491	492	-3	
491	495	-2	
488	495	-4	
488	493	-4	
490	493	2	
152	156	-3	
153	156	-2	
153	158	3	
155	158	-2	
155	159	-5	
152	159	-2	
17	20	-3	
18	20	-3	
18	21	-2	
19	21	3	
19	22	3	
17	22	3	
321	325	-3	
323	325	-3	
323	327	-2	
320	327	-4	
320	326	-3	
321	326	-4	
272	278	-3	
278	286	3	
282	286	4	
282	287	4	
279	287	2	
272	279	1	
448	453	-3	
451	453	-3	
451	454	3	
449	454	-3	
449	455	5	
448	455	2	
24	28	-3	
25	28	-4	
25	89	-1	
89	95	-2	
88	95	3	
24	88	-1	
58	60	-6	
59	60	-1	
59	62	-4	
57	62	3	
57	61	3	
58	61	2	
312	316	-3	
314	316	-3	
314	378	3	
378	380	-2	
376	380	-3	
312	376	-3	
49	52	2	
51	52	-4	
51	55	-4	
50	55	-3	
50	53	-4	
49	53	-3	
440	447	-2	
442	447	-2	
442	506	3	
506	508	3	
504	508	-4	
440	504	2	
368	374	-3	
374	382	-2	
377	382	3	
377	383	3	
375	383	-3	
368	375	2	
2	4	4	
3	4	3	
3	6	-4	
1	6	4	
1	5	4	
2	5	3	
472	478	3	
478	486	2	
482	486	3	
482	487	2	
479	487	-4	
472	479	-2	
385	389	5	
389	397	4	
392	397	2	
392	398	2	
390	398	3	
385	390	-3	
113	116	-2	
116	124	4	
120	124	-1	
120	126	3	
118	126	-4	
113	118	2	
161	165	3	
165	173	-1	
168	173	2	
168	175	-4	
167	175	1	
161	167	-3	
177	182	3	
182	190	-3	
184	190	1	
184	191	5	
183	191	-1	
177	183	-3	
344	350	4	
350	358	2	
354	358	3	
354	359	-2	
351	359	3	
344	351	2	
192	197	-3	
197	205	-3	
200	205	4	
200	207	-3	
199	207	2	
192	199	2	
8	12	-4	
10	12	-2	
10	74	2	
74	79	-2	
72	79	-2	
8	72	-2	
216	222	4	
217	222	2	
217	281	3	
281	285	-1	
280	285	3	
216	280	2	
427	430	3	
430	438	-2	
434	438	-4	
434	439	2	
431	439	3	
427	431	-3	
97	101	-1	
101	109	4	
104	109	2	
104	111	4	
103	111	-1	
97	103	-3	
248	253	-3	
251	253	3	
251	255	-2	
250	255	4	
250	254	4	
248	254	-4	
336	342	-4	
339	342	-2	
339	403	3	
403	404	3	
400	404	-3	
336	400	-3	
266	270	-3	
267	270	3	
267	331	-2	
331	334	3	
330	334	2	
266	330	-4	
137	141	4	
139	141	2	
139	203	3	
203	206	-1	
201	206	-2	
137	201	-3	
418	420	5	
420	428	-1	
424	428	2	
424	429	3	
421	429	2	
418	421	2	
106	108	-2	
107	108	4	
107	171	-1	
171	173	2	
170	173	-3	
106	170	2	
456	460	2	
460	468	1	
466	468	-3	
466	471	-2	
463	471	1	
456	463	-1	
296	300	2	
300	308	3	
306	308	4	
306	311	-2	
303	311	2	
296	303	4	
322	324	-3	
323	324	-3	
323	387	3	
387	388	-3	
386	388	3	
322	386	2	
224	230	4	
227	230	3	
227	291	2	
291	293	-1	
288	293	2	
224	288	1	
34	37	3	
35	37	2	
99	102	-2	
98	102	-1	
34	98	-3	
368	373	4	
370	373	2	
370	434	1	
434	437	3	
432	437	2	
368	432	-1	
474	476	2	
476	484	-2	
483	484	-3	
483	485	1	
477	485	2	
474	477	-4	
208	213	3	
213	221	-2	
218	221	2	
218	222	3	
214	222	2	
208	214	2	
489	492	1	
492	500	-1	
497	500	5	
497	502	2	
494	502	-2	
489	494	-4	
178	180	2	
180	188	3	
186	188	3	
186	190	3	
178	182	-3	
129	135	3	
131	135	-2	
131	195	2	
195	199	3	
193	199	3	
129	193	-2	
10	13	-4	
13	21	-1	
16	21	3	
16	23	3	
15	23	-3	
10	15	2	
256	260	-2	
260	268	-4	
264	268	-1	
264	271	-3	
263	271	-3	
256	263	2	
48	54	-3	
50	54	3	
50	114	-2	
114	117	-4	
112	117	-2	
48	112	-3	
83	84	2	
84	92	-2	
90	92	-3	
90	93	-1	
85	93	1	
83	85	3	
144	149	-2	
149	157	3	
154	157	2	
154	158	-4	
150	158	2	
144	150	3	
352	356	2	
356	364	2	
363	364	3	
363	367	-5	
359	367	3	
352	359	2	
402	404	-1	
404	412	2	
408	412	4	
408	415	-1	
407	415	-2	
402	407	3	
67	69	-2	
69	77	4	
73	77	-2	
73	78	4	
70	78	-3	
67	70	3	
274	276	1	
276	284	-1	
283	284	4	
283	287	3	
274	279	2	
56	63	-1	
57	63	-3	
57	121	1	
121	127	-3	
120	127	4	
56	120	1	
25	29	4	
27	29	2	
24	30	-4	
24	31	-4	
25	31	-1	
178	183	2	
178	242	-2	
242	246	-2	
241	246	-2	
177	241	-2	
504	509	-2	
506	509	-3	
506	511	-2	
505	511	-3	
504	510	2	
441	444	-3	
443	444	1	
443	445	3	
440	445	3	
440	446	-2	
384	390	-1	
386	390	3	
386	450	-2	
450	452	3	
448	452	-3	
384	448	3	
281	284	-3	
282	284	1	
282	346	-2	
346	349	-4	
345	349	1	
281	345	2	
163	165	3	
163	166	3	
162	166	2	
162	167	-3	
43	44	1	
43	46	-4	
40	46	1	
40	47	-4	
42	47	3	
314	319	2	
315	319	-3	
315	379	-2	
379	383	-2	
378	383	3	
0	4	4	
3	67	-3	
67	68	-2	
64	68	-2	
0	64	4	
234	236	3	
235	236	1	
235	237	-2	
232	237	-3	
232	239	1	
234	239	-2	
352	357	-3	
355	357	3	
355	419	4	
419	420	3	
416	420	-3	
352	416	-3	
393	399	-2	
394	458	-1	
458	460	-4	
457	460	-2	
393	457	-2	
138	141	2	
141	149	-1	
147	149	2	
138	143	1	
209	212	-1	
210	212	-3	
210	274	2	
274	277	-3	
273	277	2	
209	273	2	
310	318	-4	
312	318	2	
312	319	2	
311	319	3	
307	311	2	
489	493	-3	
491	494	3	
227	228	1	
291	295	-4	
225	289	-2	
451	452	3	
449	453	-1	
450	454	4	
330	332	-1	
331	332	-3	
331	333	-3	
328	333	3	
328	335	1	
330	335	3	
244	252	-2	
249	253	1	
245	253	3	
105	108	2	
108	116	-2	
114	116	-2	
114	119	-1	
111	119	1	
105	111	3	
76	84	1	
81	84	-2	
79	87	1	
75	79	-2	
155	156	-3	
153	159	-2	
153	157	-2	
152	157	4	
482	485	2	
474	479	-2	
202	205	-2	
202	266	2	
264	270	-2	
200	264	1	
96	101	-4	
106	109	2	
106	110	2	
102	110	2	
96	102	4	
501	509	-3	
507	509	3	
507	511	-2	
503	511	-3	
498	503	-4	
336	343	2	
338	402	-1	
400	407	-2	
393	397	2	
397	405	2	
398	406	2	
393	398	-2	
131	133	2	
131	134	4	
130	135	2	
128	135	2	
186	191	-1	
186	250	2	
248	255	-3	
184	248	-2	
232	238	-2	
234	238	3	
234	298	-2	
296	302	2	
232	296	2	
456	461	-3	
461	469	1	
462	470	-1	
456	462	3	
34	36	4	
98	100	3	
97	100	3	
33	97	-2	
426	430	-2	
432	438	-3	
432	439	2	
426	431	-3	
12	20	2	
14	22	2	
8	14	-3	
242	247	2	
242	306	2	
306	309	-2	
240	304	-3	
51	53	-1	
48	53	4	
49	54	2	
344	348	-3	
347	351	-2	
345	351	2	
345	350	3	
170	172	3	
170	175	-2	
168	174	1	
321	324	2	
322	325	-2	
320	325	-2	
208	215	-2	
211	275	-3	
275	278	2	
208	272	3	
193	198	-1	
194	258	-2	
258	261	1	
193	257	1	
88	92	3	
91	92	-2	
91	95	-3	
89	93	4	
88	93	1	
362	364	4	
364	372	-2	
369	373	2	
365	373	-2	
285	293	-2	
290	293	3	
290	294	-3	
286	294	1	
280	286	-3	
217	220	2	
219	221	3	
218	223	-3	
217	223	-3	
56	60	4	
58	62	1	
59	61	4	
56	61	-5	
411	412	-1	
411	413	2	
409	413	2	
409	414	2	
408	414	3	
436	444	2	
442	444	-3	
442	445	2	
437	445	-4	
435	437	-1	
201	204	-2	
203	204	4	
203	267	1	
267	269	3	
201	265	-2	
353	358	3	
355	358	2	
419	422	-3	
353	417	3	
192	196	-2	
195	196	-2	
195	259	-1	
256	262	-3	
192	256	2	
18	23	-3	
18	82	2	
82	86	-2	
16	80	-3	
26	29	-2	
29	37	-2	
32	37	-2	
31	39	1	
26	31	4	
297	300	-3	
299	300	2	
299	363	-3	
361	367	-4	
297	361	-3	
115	117	-3	
117	125	2	
123	126	2	
115	118	-3	
176	180	-1	
185	188	-3	
181	189	1	
2	6	1	
2	66	4	
66	68	-1	
65	68	4	
1	65	3	
72	77	1	
74	77	2	
74	138	3	
138	142	3	
72	136	3	
162	164	-2	
162	226	2	
160	224	-3	
379	380	4	
379	382	-2	
376	383	-1	
9	12	2	
11	12	4	
11	15	-3	
8	15	2	
8	13	-1	
9	13	-3	
465	468	4	
467	468	-2	
466	469	2	
465	469	-2	
144	148	3	
145	151	-1	
146	151	-3	
146	150	-2	
41	44	-2	
40	45	-4	
370	375	-4	
371	375	-2	
371	374	-4	
386	389	2	
387	390	-2	
387	391	-2	
385	391	-2	
337	341	3	
339	341	-3	
403	406	1	
337	401	1	
473	478	3	
483	486	-2	
483	487	3	
473	479	-2	
435	499	4	
499	500	3	
433	497	3	
427	428	-2	
425	430	-2	
305	309	3	
309	317	-2	
313	318	2	
75	78	1	
75	139	-1	
139	143	2	
137	143	-2	
73	137	-1	
0	5	-2	
64	71	2	
123	124	-3	
123	127	3	
119	127	-2	
113	119	3	
416	421	3	
418	482	-3	
480	485	3	
329	332	2	
329	393	2	
393	396	-2	
392	396	-3	
328	392	-1	
216	221	-3	
221	229	1	
226	230	1	
222	230	1	
19	20	2	
20	28	1	
21	29	2	
98	103	3	
99	103	1	
99	163	1	
163	167	-3	
98	162	-2	
441	447	-3	
505	508	-1	
249	254	2	
250	314	-1	
313	316	4	
171	174	3	
171	235	-2	
233	239	-3	
169	233	2	
209	214	3	
210	214	2	
274	278	3	
273	278	-1	
257	260	-2	
258	260	2	
258	322	-2	
322	327	-3	
321	327	1	
257	321	1	
410	474	-3	
292	300	-1	
293	301	-2	
51	54	3	
54	62	-1	
55	63	2	
354	357	-2	
346	351	-2	
88	94	-2	
90	154	3	
88	152	-2	
484	492	-1	
490	494	-2	
486	494	1	
481	486	-3	
449	452	-2	
452	460	-1	
459	460	-2	
455	463	-1	
177	181	1	
179	243	-1	
243	247	3	
241	247	2	
280	284	-2	
283	347	-1	
347	350	-2	
280	344	1	
184	188	1	
187	188	2	
187	190	-3	
186	189	-3	
184	189	-3	
80	84	3	
82	84	-2	
83	87	-2	
104	108	-1	
168	172	2	
104	168	-2	
265	271	-3	
266	271	-2	
329	334	-1	
265	329	-2	
35	36	-2	
33	39	2	
34	38	1	
434	498	-2	
432	496	-3	
338	340	4	
339	343	-2	
128	132	3	
131	132	-2	
409	412	2	
408	472	3	
241	244	3	
241	245	2	
105	109	-1	
107	109	-3	
107	111	-1	
104	110	2	
154	156	-1	
156	164	-2	
163	164	-2	
158	166	-1	
227	229	2	
229	237	3	
234	237	-1	
230	238	2	
97	102	1	
97	161	2	
160	165	2	
96	160	-1	
18	22	-2	
9	15	-2	
26	28	3	
27	28	-1	
211	214	-1	
272	276	3	
3	5	2	
65	70	1	
203	207	-1	
201	207	-3	
387	451	2	
451	455	1	
179	180	3	
114	178	2	
50	52	2	
52	60	-1	
58	63	3	
396	404	1	
403	407	-3	
399	407	-1	
392	399	3	
291	292	-2	
219	283	3	
281	287	2	
497	501	3	
502	510	-2	
315	318	-3	
376	382	-3	
361	364	1	
363	365	1	
424	431	-3	
427	491	-2	
491	493	-2	
424	488	2	
41	46	2	
43	47	-3	
450	453	-2	
453	461	-1	
454	462	1	
256	261	2	
259	323	-2	
256	320	1	
91	93	3	
91	155	1	
89	153	-2	
264	269	-3	
273	279	-4	
271	279	1	
355	356	-2	
307	308	1	
307	371	1	
370	374	-2	
306	370	-2	
298	301	-2	
299	303	-1	
72	76	1	
74	76	2	
425	428	4	
426	428	3	
426	490	-2	
490	495	2	
489	495	-2	
425	489	-2	
433	437	1	
439	447	-3	
433	439	2	
83	86	2	
83	147	-1	
147	148	-1	
81	145	1	
49	113	-3	
112	118	1	
400	405	2	
402	405	3	
402	466	-1	
464	468	-2	
400	464	2	
121	124	2	
120	125	-3	
304	311	-2	
305	311	1	
305	369	-2	
368	372	1	
304	368	-1	
281	286	-1	
346	348	2	
345	348	-4	
394	397	2	
394	398	3	
176	182	-1	
176	240	-1	
228	236	-2	
231	239	1	
225	231	-2	
267	268	-3	
262	270	3	
257	262	1	
500	508	-2	
504	511	-2	
352	358	2	
354	418	-2	
92	100	-2	
95	103	2	
326	334	2	
331	335	-1	
327	335	2	
208	212	-2	
216	220	-1	
11	13	-2	
75	77	3	
377	380	2	
378	442	-2	
377	441	-2	
173	181	2	
176	183	-3	
175	183	2	
171	175	-3	
410	415	-2	
475	477	3	
129	134	2	
195	197	2	
193	197	3	
187	191	-2	
187	251	-1	
338	342	1	
337	343	-2	
466	470	-2	
467	470	-3	
66	69	-1	
99	101	3	
315	316	-1	
312	317	-2	
16	20	1	
17	21	-3	
481	485	3	
481	487	-2	
480	486	-3	
59	63	3	
146	149	-1	
144	151	2	
72	78	-3	
71	79	4	
67	71	2	
324	332	2	
325	333	2	
379	443	2	
376	440	2	
130	194	1	
192	198	-2	
128	192	-1	
210	215	-1	
185	190	-2	
185	249	1	
89	94	3	
5	13	1	
10	14	-2	
6	14	-1	
369	375	-1	
265	270	1	
417	421	-3	
427	429	2	
422	430	1	
432	436	-1	
499	501	1	
32	38	2	
39	47	2	
277	285	-2	
168	232	-1	
115	116	-2	
121	126	3	
68	76	-3	
403	405	1	
401	407	-1	
402	406	-3	
344	349	2	
139	142	-2	
200	204	1	
136	200	-1	
162	165	1	
163	227	-2	
227	231	2	
48	52	-1	
507	508	2	
505	509	-1	
291	294	-2	
291	355	1	
354	356	2	
290	354	1	
218	220	-2	
218	282	-2	
27	31	-1	
242	244	-3	
242	245	-1	
240	245	1	
438	446	1	
296	301	2	
295	303	1	
288	295	1	
298	362	-2	
450	455	-3	
448	454	1	
488	492	-2	
275	339	2	
336	341	-2	
272	336	1	
330	394	1	
232	236	-3	
224	229	2	
378	382	-2	
172	180	1	
179	182	-1	
174	182	1	
170	174	1	
138	202	1	
202	207	-2	
308	316	-1	
259	260	2	
261	269	-2	
40	44	-2	
37	45	-2	
161	164	-1	
159	167	1	
419	483	1	
482	484	-2	
357	365	1	
472	476	-2	
475	478	-1	
472	477	-2	
145	149	-3	
144	208	-2	
464	471	2	
185	191	3	
496	500	-1	
497	503	-1	
496	502	-3	
424	430	2	
56	62	3	
410	412	-1	
243	246	2	
246	254	-2	
247	255	1	
459	461	-1	
49	55	-2	
113	117	1	
0	6	-2	
93	101	2	
94	102	2	
284	292	1	
289	292	2	
289	293	2	
283	285	1	
147	211	-1	
169	173	2	
170	234	-1	
233	238	-2	
42	45	-1	
42	106	-2	
106	111	2	
330	333	-1	
264	328	-2	
33	37	1	
30	38	1	
25	30	-2	
153	217	1	
152	216	1	
16	22	2	
19	83	2	
314	317	-2	
314	318	1	
161	166	2	
161	225	1	
225	230	-1	
346	350	-2	
353	359	2	
259	263	2	
274	338	-1	
273	337	2	
203	205	2	
411	414	-2	
298	300	1	
506	510	-1	
371	373	2	
369	374	1	
250	253	2	
249	255	-2	
177	180	-2	
179	183	-1	
130	133	-2	
133	141	-2	
135	143	3	
392	456	1	
313	377	2	
23	31	-1	
17	23	2	
40	104	-1	
34	39	1	
235	299	1	
297	302	-2	
233	297	1	
81	85	-2	
469	477	1	
470	478	-2	
154	159	-2	
273	276	-1	
275	279	2	
193	196	-2	
194	197	-1	
435	438	1	
320	324	2	
155	157	-1	
145	150	1	
226	228	1	
485	493	-1	
487	495	-1	
57	60	2	
443	447	-2	
134	142	-1	
413	421	1	
419	421	1	
414	422	1	
205	213	1	
206	214	-2	
200	206	-2	
370	372	1	
372	380	1	
35	38	1	
110	118	-1	
401	404	2	
401	465	2	
475	479	-1	
384	389	1	
250	252	-1	
251	254	2	
440	444	-1	
340	348	1	
343	351	1	
114	118	1	
74	78	-1	
241	305	-1	
304	310	1	
282	285	-1	
90	95	-1	
87	95	1	
433	438	1	
323	326	-1	
321	385	-1	
474	478	-1	
471	479	-1	
272	277	-1	
240	244	-1	
217	221	1	
113	177	-1	
171	172	-1	
429	437	1	
148	156	-1	
209	215	-1	
207	215	-1	
495	503	-1	
73	79	1	
226	290	-1	
408	413	-1	
105	169	1	
178	181	-1	
341	349	1	
342	350	-1	
403	467	1	
1	4	-1	
266	268	-1	
48	55	-1	
136	141	1	
457	462	-1	
385	449	-1	
216	223	-1	
280	287	1	
100	108	1	
160	167	1	
17	81	-1	
301	309	1	
Energy:	-2114	
