NumberOfQubits	504	
NumberOfSubgraphs	672	
Serial	233	
PlantedSolution:	
0	-1	
1	1	
2	1	
3	-1	
4	1	
5	-1	
6	1	
8	-1	
9	1	
10	-1	
11	-1	
12	1	
13	-1	
14	-1	
15	1	
16	-1	
17	-1	
18	-1	
19	-1	
20	-1	
21	-1	
22	-1	
23	-1	
24	-1	
25	1	
26	-1	
27	1	
28	-1	
29	1	
30	-1	
31	1	
32	-1	
33	-1	
34	1	
35	1	
36	1	
37	1	
38	1	
39	1	
40	-1	
41	1	
42	1	
43	1	
44	-1	
45	-1	
46	-1	
47	1	
48	-1	
49	-1	
50	1	
51	-1	
52	1	
53	1	
54	-1	
55	-1	
56	1	
57	1	
58	1	
59	1	
60	-1	
61	1	
62	1	
63	-1	
64	1	
65	-1	
66	1	
67	-1	
68	1	
69	-1	
70	-1	
71	1	
72	1	
73	-1	
74	-1	
75	1	
76	-1	
77	-1	
78	-1	
79	-1	
80	1	
81	1	
82	-1	
83	1	
84	-1	
85	-1	
86	1	
87	-1	
88	-1	
89	-1	
90	1	
91	-1	
92	-1	
93	1	
94	-1	
95	-1	
96	1	
97	-1	
98	1	
99	1	
100	1	
101	1	
102	-1	
103	1	
104	1	
105	1	
106	-1	
107	1	
108	-1	
109	-1	
110	1	
111	-1	
112	-1	
113	1	
114	-1	
115	-1	
116	1	
117	1	
118	1	
119	1	
120	1	
121	-1	
123	1	
124	-1	
125	-1	
126	1	
127	1	
128	1	
129	1	
130	-1	
131	1	
132	1	
133	1	
134	-1	
135	1	
136	-1	
137	1	
138	-1	
139	-1	
141	1	
142	1	
143	1	
144	-1	
145	1	
146	-1	
147	-1	
148	-1	
149	-1	
150	-1	
151	-1	
152	-1	
153	-1	
154	1	
155	1	
156	1	
157	1	
158	-1	
159	1	
160	-1	
161	-1	
162	1	
163	-1	
164	-1	
165	1	
166	-1	
167	1	
168	-1	
169	1	
170	1	
171	1	
172	-1	
173	1	
174	1	
175	-1	
176	-1	
177	1	
178	-1	
179	-1	
180	1	
181	1	
182	1	
183	1	
184	1	
185	1	
186	1	
187	1	
188	-1	
189	-1	
190	-1	
191	1	
192	-1	
193	-1	
194	-1	
195	-1	
196	-1	
197	-1	
198	-1	
199	1	
200	1	
201	1	
202	-1	
203	-1	
204	1	
205	1	
206	1	
207	-1	
208	1	
209	-1	
210	-1	
211	-1	
212	1	
213	1	
214	-1	
215	-1	
216	-1	
217	-1	
218	1	
219	-1	
220	-1	
221	1	
222	1	
223	1	
224	-1	
225	-1	
226	1	
227	-1	
228	1	
229	1	
230	-1	
231	-1	
232	1	
233	1	
234	-1	
235	1	
236	-1	
237	-1	
238	1	
239	1	
240	-1	
241	-1	
242	1	
243	1	
244	1	
245	-1	
246	1	
247	1	
248	1	
249	-1	
250	1	
251	-1	
252	-1	
253	-1	
254	-1	
255	1	
256	1	
257	1	
258	1	
259	-1	
260	1	
261	1	
262	1	
263	-1	
264	1	
265	-1	
266	1	
267	1	
268	-1	
269	-1	
270	-1	
271	1	
272	-1	
273	-1	
274	-1	
275	1	
276	1	
277	-1	
278	-1	
279	-1	
280	-1	
281	1	
282	1	
283	1	
284	1	
285	1	
286	-1	
287	1	
288	1	
289	1	
290	1	
291	1	
292	1	
293	-1	
294	1	
295	1	
296	1	
297	1	
298	-1	
299	1	
300	-1	
301	-1	
302	-1	
303	-1	
304	1	
305	1	
306	1	
307	-1	
308	-1	
309	1	
310	1	
311	-1	
312	-1	
313	1	
314	-1	
315	1	
316	1	
317	-1	
318	-1	
319	-1	
320	-1	
321	1	
322	-1	
323	1	
324	-1	
325	1	
326	-1	
327	1	
328	1	
329	-1	
330	1	
331	-1	
332	1	
333	1	
334	1	
335	-1	
336	-1	
337	-1	
338	1	
339	1	
340	-1	
341	-1	
342	1	
343	-1	
344	-1	
345	-1	
346	-1	
347	-1	
348	-1	
349	1	
350	1	
351	-1	
352	1	
353	-1	
354	1	
355	-1	
356	1	
357	-1	
358	-1	
359	1	
361	1	
362	-1	
363	-1	
364	1	
365	1	
367	1	
368	1	
369	-1	
370	1	
371	-1	
372	1	
373	1	
374	1	
375	-1	
376	1	
377	-1	
378	-1	
379	1	
380	1	
382	-1	
383	-1	
384	1	
385	1	
386	-1	
387	-1	
388	1	
389	-1	
390	-1	
391	1	
392	-1	
393	1	
394	-1	
396	-1	
397	1	
398	-1	
399	1	
400	1	
401	1	
402	1	
403	-1	
404	-1	
405	-1	
406	-1	
407	1	
408	1	
409	-1	
410	-1	
411	-1	
412	1	
413	1	
414	1	
415	-1	
416	-1	
417	-1	
418	-1	
419	-1	
420	-1	
421	1	
422	1	
424	1	
425	-1	
426	-1	
427	-1	
428	1	
429	1	
430	-1	
431	1	
432	1	
433	-1	
434	1	
435	-1	
436	1	
437	-1	
438	-1	
439	-1	
440	1	
441	-1	
442	-1	
443	-1	
444	1	
445	1	
446	1	
447	1	
448	-1	
449	-1	
450	1	
451	1	
452	-1	
453	-1	
454	-1	
455	1	
456	-1	
457	-1	
458	-1	
459	-1	
460	1	
461	-1	
462	1	
463	-1	
464	1	
465	-1	
466	-1	
467	1	
468	1	
469	1	
470	-1	
471	1	
472	-1	
473	-1	
474	1	
475	-1	
476	1	
477	-1	
478	-1	
479	-1	
480	1	
481	1	
482	-1	
483	1	
484	1	
485	1	
486	1	
487	1	
488	-1	
489	-1	
490	1	
491	1	
492	-1	
493	-1	
494	-1	
495	1	
496	-1	
497	-1	
498	1	
499	-1	
500	1	
501	1	
502	-1	
503	1	
504	-1	
505	1	
506	-1	
507	1	
508	-1	
509	1	
510	-1	
511	1	
Js:	
153	156	4	
154	156	-4	
154	218	-3	
218	222	-5	
217	222	3	
153	217	3	
410	412	4	
411	412	4	
411	413	-1	
408	413	-3	
408	415	3	
410	415	-5	
288	293	4	
293	301	-4	
299	301	3	
299	303	4	
295	303	3	
288	295	-5	
339	340	4	
340	348	-3	
345	348	-6	
345	351	-3	
343	351	-2	
339	343	2	
57	60	3	
58	60	4	
58	63	3	
56	63	4	
56	62	-3	
57	62	-4	
64	71	-2	
66	71	4	
66	130	2	
130	132	4	
128	132	-4	
64	128	-2	
363	364	5	
364	372	-1	
371	372	4	
371	373	-3	
365	373	-3	
363	365	4	
160	166	-2	
162	166	2	
162	226	-3	
226	229	5	
224	229	2	
160	224	-2	
73	76	-2	
75	76	3	
75	78	2	
72	78	4	
72	77	4	
73	77	1	
96	101	-3	
97	101	-3	
97	103	6	
99	103	-2	
99	102	4	
96	102	2	
475	477	-4	
477	485	2	
483	485	-4	
483	486	-6	
478	486	3	
475	478	3	
449	454	-4	
454	462	2	
457	462	4	
457	463	-4	
455	463	1	
449	455	-5	
16	20	-3	
20	28	-2	
25	28	3	
25	30	5	
22	30	2	
16	22	-5	
321	324	5	
324	332	3	
329	332	2	
329	335	-6	
327	335	3	
321	327	-3	
169	175	4	
170	175	3	
170	234	-2	
234	236	-5	
233	236	3	
169	233	-3	
378	383	-4	
379	383	5	
379	443	4	
443	447	3	
442	447	2	
378	442	-3	
249	253	-3	
251	253	-3	
251	315	2	
315	317	3	
313	317	4	
249	313	-2	
258	261	-2	
259	261	4	
259	262	4	
257	262	-3	
257	263	4	
258	263	5	
328	333	-3	
330	333	-4	
330	394	3	
394	396	-4	
392	396	4	
328	392	2	
433	436	5	
434	436	-3	
434	498	-4	
498	500	-5	
497	500	3	
433	497	2	
9	12	-5	
11	12	-4	
11	15	4	
8	15	5	
8	13	-3	
9	13	3	
353	356	-3	
355	356	3	
355	358	-3	
352	358	4	
352	357	3	
353	357	-2	
304	308	2	
307	308	-4	
307	310	3	
306	310	1	
306	309	-4	
304	309	-6	
80	84	3	
82	84	3	
82	86	4	
83	86	-5	
83	85	4	
80	85	2	
104	108	2	
107	108	5	
107	111	3	
106	111	-3	
106	110	-7	
104	110	-5	
402	404	3	
403	404	-7	
403	407	4	
400	407	-3	
400	405	5	
402	405	-3	
202	204	2	
203	204	-3	
203	207	-5	
201	207	4	
201	206	-3	
202	206	2	
120	124	6	
121	124	-6	
121	185	2	
185	189	5	
184	189	3	
120	184	1	
33	37	5	
37	45	-4	
42	45	3	
42	47	-4	
39	47	-4	
33	39	2	
112	119	4	
114	119	2	
114	178	-4	
178	183	3	
176	183	3	
112	176	-3	
505	509	-3	
507	509	-4	
507	511	-5	
504	511	2	
504	510	3	
505	510	6	
232	237	3	
237	245	-2	
240	245	-3	
240	246	4	
238	246	3	
232	238	-2	
265	269	-6	
267	269	3	
267	270	5	
264	270	3	
264	271	-2	
265	271	-3	
458	460	4	
460	468	2	
466	468	3	
466	469	3	
461	469	4	
458	461	-3	
280	285	-2	
283	285	-6	
283	347	3	
347	350	4	
344	350	3	
280	344	-2	
88	92	1	
91	92	-5	
91	95	-3	
89	95	-6	
89	93	3	
88	93	5	
488	492	2	
491	492	4	
491	494	2	
490	494	4	
490	493	6	
488	493	-3	
385	389	4	
386	389	-4	
386	390	-3	
384	390	5	
384	391	-3	
385	391	-2	
1	6	-3	
3	6	3	
3	67	-4	
67	70	2	
65	70	-4	
1	65	6	
432	438	5	
435	438	-2	
435	499	-3	
499	501	2	
496	501	-4	
432	496	3	
416	422	-1	
418	422	5	
418	482	-3	
482	487	4	
480	487	-4	
416	480	5	
208	213	-4	
210	213	-4	
210	214	-5	
211	214	-5	
211	215	-4	
208	215	3	
424	428	-5	
427	428	7	
427	431	3	
425	431	4	
425	429	5	
424	429	-3	
144	148	-4	
147	148	-4	
147	151	-4	
145	151	-3	
145	150	2	
144	150	-3	
152	157	2	
155	157	-4	
155	219	2	
219	223	-4	
216	223	4	
152	216	-2	
192	197	-6	
194	197	-3	
194	198	-2	
195	198	4	
195	199	2	
192	199	5	
281	284	-4	
284	292	-2	
291	292	4	
291	294	-4	
286	294	1	
281	286	3	
248	252	5	
250	252	-2	
250	314	1	
314	319	-3	
312	319	-5	
248	312	1	
138	141	5	
139	141	4	
139	143	2	
136	143	1	
136	142	5	
138	142	-3	
50	53	-4	
51	53	2	
51	55	-7	
49	55	-3	
49	54	-4	
50	54	-5	
19	21	-4	
21	29	1	
24	29	5	
24	31	6	
23	31	-1	
19	23	-2	
272	278	-4	
274	278	-4	
274	338	4	
338	341	-3	
336	341	-3	
272	336	-3	
161	164	-2	
163	164	-5	
163	227	-1	
227	228	4	
225	228	3	
161	225	2	
376	380	-4	
377	380	5	
377	441	-4	
441	445	2	
440	445	-4	
376	440	3	
177	180	-3	
180	188	1	
187	188	5	
187	190	-6	
182	190	2	
177	182	-5	
35	36	-4	
36	44	2	
43	44	4	
43	46	-4	
38	46	2	
35	38	-3	
297	302	2	
298	302	-5	
298	362	-3	
362	367	4	
361	367	4	
297	361	-2	
113	117	-4	
117	125	5	
123	125	3	
123	126	-6	
118	126	-4	
113	118	-6	
129	134	4	
131	134	6	
131	195	2	
195	196	-4	
193	196	-5	
129	193	-2	
272	276	1	
275	276	-6	
275	279	3	
273	279	-2	
273	277	-5	
272	277	4	
168	172	3	
171	172	3	
171	174	-4	
170	174	-5	
170	173	-3	
168	173	3	
464	468	-4	
467	468	-3	
467	470	4	
465	470	-3	
465	471	-4	
464	471	-4	
256	260	4	
259	260	4	
259	323	1	
323	326	2	
320	326	-2	
256	320	2	
386	388	2	
387	388	2	
387	451	-2	
451	453	6	
450	453	1	
386	450	2	
472	476	4	
473	476	4	
473	477	-2	
474	477	3	
474	479	-3	
472	479	-5	
241	244	3	
242	244	4	
242	245	4	
243	245	2	
243	247	-2	
241	247	4	
305	311	3	
306	311	5	
306	370	-4	
370	374	-3	
369	374	-2	
305	369	4	
417	420	-3	
419	420	-4	
419	483	3	
483	484	1	
481	484	-5	
417	481	3	
393	398	4	
398	406	-3	
401	406	7	
401	407	-2	
399	407	2	
393	399	-4	
32	38	3	
34	38	-5	
34	98	3	
98	100	-3	
96	100	-2	
32	96	4	
0	4	-5	
3	4	5	
3	5	-4	
2	5	5	
2	6	-4	
0	6	5	
26	29	2	
27	29	-5	
27	91	2	
91	94	-1	
90	94	-5	
26	90	1	
40	44	-4	
41	44	2	
41	105	-3	
105	109	4	
104	109	4	
40	104	3	
48	52	6	
52	60	3	
59	60	4	
59	61	-2	
53	61	-2	
48	53	4	
280	287	4	
282	287	-3	
282	346	-3	
346	349	2	
344	349	5	
331	332	3	
332	340	3	
337	340	-3	
337	342	2	
334	342	-4	
331	334	5	
9	14	-3	
10	14	-6	
10	74	-2	
74	79	-3	
73	79	-4	
9	73	2	
289	292	-5	
290	292	-4	
290	354	-3	
354	359	2	
353	359	4	
289	353	2	
209	212	3	
212	220	-1	
218	220	2	
218	221	-3	
213	221	-2	
209	213	4	
227	230	3	
230	238	2	
235	238	-4	
235	239	-4	
231	239	3	
227	231	-3	
112	116	-3	
115	116	3	
115	179	-3	
179	181	3	
176	181	5	
489	494	-5	
494	502	-1	
499	502	4	
499	503	3	
495	503	-2	
489	495	5	
17	23	-4	
18	23	-3	
18	82	-3	
82	87	-3	
81	87	4	
17	81	6	
200	205	3	
202	205	5	
202	266	3	
266	268	2	
264	268	4	
200	264	-1	
409	413	3	
413	421	-2	
419	421	-4	
419	422	4	
414	422	-2	
409	414	4	
128	133	-5	
133	141	2	
137	141	-2	
137	143	-4	
135	143	-3	
128	135	-4	
426	430	-3	
430	438	-2	
433	438	2	
433	439	-6	
431	439	1	
426	431	4	
155	158	2	
158	166	-4	
161	166	-5	
161	167	5	
159	167	-3	
155	159	4	
440	444	3	
442	444	2	
442	506	-3	
506	508	-5	
504	508	-4	
440	504	2	
448	452	-5	
452	460	1	
459	460	5	
459	462	3	
448	454	4	
184	191	-3	
186	191	-5	
186	250	-2	
250	255	-5	
248	255	-3	
184	248	1	
368	375	2	
371	375	-2	
371	435	-2	
435	437	-4	
432	437	5	
368	432	2	
322	325	3	
325	333	-2	
331	333	2	
331	335	2	
322	327	5	
145	148	5	
147	150	-3	
146	150	-4	
146	149	-5	
145	149	3	
65	68	-2	
66	68	-2	
66	69	4	
64	69	3	
64	70	3	
296	300	5	
299	300	4	
297	303	5	
297	301	2	
296	301	-1	
305	308	3	
308	316	-4	
312	316	2	
312	318	-3	
310	318	2	
305	310	-4	
392	397	4	
394	397	-2	
394	458	-1	
458	463	-4	
456	463	-2	
392	456	-3	
377	382	-4	
379	382	3	
443	446	-4	
441	446	3	
153	157	4	
157	165	3	
162	165	-3	
162	167	-4	
153	159	3	
243	244	-3	
244	252	-2	
251	252	-4	
251	254	-5	
246	254	2	
243	246	-4	
121	127	4	
123	127	6	
123	187	-1	
185	188	4	
90	92	4	
92	100	3	
97	100	2	
93	101	-1	
90	93	-2	
361	365	-4	
362	365	4	
362	426	1	
426	429	2	
361	425	2	
17	22	-3	
80	87	4	
16	80	-4	
2	4	-2	
4	12	-1	
11	13	-2	
5	13	-2	
270	278	-2	
274	279	-5	
271	279	-2	
267	271	-4	
290	295	-2	
354	357	5	
288	352	2	
192	196	1	
193	198	-4	
194	199	5	
34	37	-2	
34	39	-2	
114	118	3	
115	118	2	
178	181	3	
338	342	-3	
342	350	-1	
347	351	-3	
338	343	-2	
257	260	-3	
258	260	-2	
258	322	2	
322	326	-4	
321	326	4	
257	321	3	
67	69	-3	
69	77	-3	
72	79	-2	
71	79	3	
67	71	5	
505	508	3	
506	511	3	
507	510	-3	
208	212	-6	
209	214	-3	
26	28	-5	
27	28	2	
27	31	-3	
24	30	-2	
26	30	-5	
129	132	-4	
130	134	-3	
131	135	2	
129	135	-3	
403	467	-2	
466	470	-4	
402	466	3	
320	325	6	
323	325	-4	
323	387	4	
387	391	-2	
320	384	3	
484	492	-3	
490	492	3	
485	493	2	
481	485	-4	
474	476	-3	
475	476	4	
475	479	-3	
473	479	-4	
473	478	-2	
474	478	5	
282	284	-4	
282	285	-2	
283	287	-2	
281	287	-4	
137	142	-4	
137	201	-2	
201	204	-2	
200	204	-4	
136	200	4	
496	500	3	
498	502	4	
497	502	-4	
497	501	5	
168	174	4	
171	235	-2	
235	236	3	
232	236	2	
168	232	3	
160	164	-3	
164	172	-2	
169	172	2	
169	173	5	
165	173	-1	
160	165	4	
314	317	-3	
315	319	3	
315	318	4	
313	318	2	
224	228	4	
226	228	-2	
226	230	3	
225	230	-4	
225	231	-3	
224	231	-4	
57	61	-4	
58	61	3	
49	52	2	
50	52	-2	
50	55	3	
51	54	-3	
217	220	-3	
219	220	-5	
216	221	3	
217	221	3	
98	102	4	
102	110	2	
103	111	3	
98	103	-2	
451	452	3	
451	455	-4	
449	453	-4	
448	453	-3	
416	420	-5	
418	420	2	
393	397	-3	
397	405	-1	
401	405	4	
370	372	3	
372	380	-3	
378	380	4	
375	383	-3	
370	375	3	
408	412	2	
409	412	2	
411	414	4	
411	415	-3	
427	491	3	
491	495	-4	
488	495	4	
424	488	3	
265	268	3	
268	276	2	
273	276	5	
269	277	-2	
356	364	-2	
363	367	5	
359	367	1	
355	359	4	
76	84	-4	
83	84	3	
78	86	2	
108	116	-1	
113	116	-2	
109	117	2	
107	109	3	
186	190	3	
183	191	3	
177	183	-4	
457	461	-4	
464	469	-2	
463	471	2	
240	247	3	
242	247	-4	
242	306	-1	
240	304	-2	
289	293	3	
298	301	-5	
294	302	2	
289	294	-2	
88	94	-4	
90	154	-1	
154	158	3	
152	158	-4	
88	152	-2	
436	444	-4	
441	444	4	
441	447	2	
439	447	4	
434	439	2	
345	349	5	
341	349	2	
339	341	-2	
139	142	3	
139	203	-3	
203	205	2	
138	202	-1	
18	20	-4	
19	20	-3	
16	21	-3	
16	23	-3	
147	149	3	
144	151	-4	
251	255	-2	
250	254	3	
249	254	-3	
227	229	2	
229	237	2	
234	237	-4	
234	239	-2	
256	261	-3	
258	262	-3	
256	263	3	
41	46	5	
41	45	4	
40	45	-3	
266	330	-3	
330	334	-1	
329	334	2	
265	329	-2	
33	36	3	
32	37	-3	
368	372	-3	
376	382	4	
374	382	-2	
368	374	-5	
385	388	-5	
388	396	4	
389	397	6	
120	125	2	
121	125	-4	
120	126	-4	
8	12	3	
11	14	-3	
10	15	3	
307	311	-4	
307	371	-3	
369	373	4	
82	85	-2	
85	93	2	
87	95	-2	
336	343	-4	
337	343	1	
337	401	3	
400	406	1	
336	400	2	
437	445	3	
443	445	4	
438	446	3	
417	421	4	
421	429	-3	
425	430	4	
422	430	3	
417	422	3	
206	214	1	
210	215	-2	
207	215	1	
292	300	1	
296	303	4	
291	295	-3	
64	68	-5	
0	64	3	
346	350	4	
350	358	-3	
351	359	2	
346	351	-3	
168	175	3	
233	239	-3	
232	239	-3	
98	101	-4	
99	101	-2	
99	163	-4	
162	164	2	
98	162	-2	
456	460	-4	
459	461	-3	
456	462	3	
472	478	-3	
483	487	2	
479	487	1	
450	454	5	
384	448	1	
131	133	-3	
195	197	-3	
128	192	-1	
112	117	-1	
111	119	1	
105	111	4	
322	324	-3	
328	332	-4	
328	334	-4	
326	334	-2	
501	509	-3	
503	511	-3	
497	503	-2	
178	180	3	
178	242	3	
241	245	-3	
177	241	3	
276	284	-2	
280	284	-1	
280	286	-4	
278	286	-3	
275	278	3	
59	63	5	
55	63	1	
48	55	-2	
489	492	-3	
491	493	3	
490	495	2	
465	468	5	
468	476	-1	
469	477	-1	
465	469	4	
74	77	-2	
412	420	2	
410	413	4	
25	29	5	
25	31	-2	
27	30	4	
385	390	2	
390	398	3	
391	399	-5	
314	316	4	
314	318	3	
312	317	-2	
184	188	3	
186	189	3	
116	124	-4	
120	127	-3	
119	127	-3	
115	119	4	
160	167	-1	
152	159	4	
42	46	3	
42	106	3	
105	110	-1	
369	375	4	
367	375	2	
449	452	-2	
450	452	5	
450	455	-3	
146	210	-2	
145	209	2	
480	484	-3	
482	484	4	
482	485	2	
481	486	-2	
480	486	2	
275	339	-2	
339	342	4	
496	503	5	
233	238	-2	
235	299	1	
297	300	3	
233	297	-2	
466	471	3	
400	464	-3	
344	348	-1	
347	348	-3	
347	411	-2	
408	414	-4	
344	408	-2	
170	172	3	
172	180	3	
179	180	4	
179	182	3	
174	182	-3	
224	230	-2	
226	290	1	
290	294	-4	
288	294	-3	
224	288	2	
240	244	2	
249	252	-3	
249	255	4	
247	255	-2	
426	428	3	
424	431	-2	
424	430	3	
89	92	3	
99	100	-4	
94	102	-2	
89	94	-2	
257	261	-3	
261	269	2	
263	271	-2	
10	13	2	
13	21	-4	
18	21	-3	
18	22	-3	
14	22	-1	
68	76	2	
73	78	3	
70	78	-2	
66	70	3	
396	404	-2	
394	399	4	
378	382	-3	
440	447	-5	
329	333	3	
320	327	-2	
136	141	2	
200	207	-1	
506	509	3	
504	509	3	
17	20	-2	
19	83	-3	
81	85	3	
352	356	-4	
354	356	-2	
353	358	-4	
59	62	-3	
54	62	-2	
129	133	-2	
130	133	4	
130	194	-1	
193	199	2	
273	337	-3	
337	341	-4	
281	285	-3	
283	286	2	
282	286	-3	
434	437	3	
435	439	-3	
32	36	4	
33	97	-3	
96	103	3	
181	189	2	
185	191	-4	
346	410	-1	
409	415	2	
345	409	-1	
216	220	-3	
220	228	-2	
225	229	4	
221	229	-3	
313	316	-4	
313	319	3	
311	319	-2	
40	47	4	
43	47	-2	
43	107	-3	
301	309	1	
304	310	-3	
302	310	-3	
1	4	-3	
1	5	4	
147	211	-1	
211	212	3	
144	208	-1	
260	268	3	
262	270	3	
256	262	-3	
155	156	-2	
156	164	2	
163	165	3	
49	53	3	
50	114	2	
49	113	-2	
323	324	4	
321	385	2	
245	253	2	
248	253	3	
248	254	3	
72	76	-3	
80	86	-2	
134	142	-1	
130	135	2	
196	204	3	
200	206	-3	
198	206	4	
171	173	-4	
235	237	2	
377	383	2	
443	444	1	
28	36	-1	
35	39	-5	
31	39	-1	
26	31	3	
9	15	3	
219	222	3	
216	222	3	
217	223	-2	
462	470	2	
458	462	4	
56	61	-5	
57	121	2	
56	120	2	
330	335	2	
25	89	1	
416	421	3	
472	477	-2	
371	374	2	
368	373	-3	
370	373	-3	
361	364	-4	
362	364	4	
197	205	3	
166	174	1	
167	175	2	
442	445	3	
442	446	5	
236	244	2	
241	246	3	
234	238	3	
8	14	-4	
11	75	1	
75	77	3	
8	72	-1	
58	62	-4	
48	54	-2	
467	471	-3	
459	463	-5	
141	149	-1	
144	149	-3	
143	151	1	
138	143	3	
386	391	4	
33	38	3	
232	296	1	
91	93	3	
91	155	2	
266	270	3	
266	271	-3	
131	132	2	
67	68	3	
355	357	-4	
186	188	3	
184	190	5	
345	350	-1	
344	351	-3	
35	37	-2	
105	108	3	
106	108	-3	
104	111	2	
499	500	2	
498	501	-2	
320	324	-1	
323	327	3	
210	212	3	
208	214	2	
409	473	-4	
408	472	2	
506	510	2	
427	429	-1	
482	486	3	
481	487	2	
114	116	3	
336	340	2	
19	22	-4	
81	86	-1	
226	231	2	
194	196	-3	
199	207	2	
339	403	2	
338	402	-3	
250	253	3	
15	23	3	
392	398	2	
393	457	2	
456	461	-2	
2	66	-3	
175	183	2	
146	148	1	
148	156	2	
150	158	-2	
296	302	3	
384	388	-3	
387	389	1	
387	390	-3	
227	291	3	
225	289	2	
219	221	2	
215	223	1	
209	215	-3	
81	84	3	
24	28	-3	
330	332	-1	
264	328	3	
42	44	3	
43	45	1	
488	494	4	
51	115	2	
48	112	-2	
179	243	2	
96	160	2	
57	63	3	
467	469	-4	
314	378	2	
313	377	1	
290	293	-2	
285	293	2	
74	76	2	
75	139	4	
74	138	-4	
185	249	-1	
348	356	2	
154	157	-2	
12	20	2	
194	258	2	
192	256	-1	
201	205	-3	
107	171	-1	
105	169	-1	
363	427	-1	
427	430	-1	
306	308	1	
376	383	2	
272	279	-2	
239	247	1	
67	131	1	
146	151	-3	
161	165	2	
88	95	-4	
32	39	2	
243	307	1	
304	311	2	
435	436	-2	
434	438	4	
355	419	1	
354	418	2	
403	406	1	
394	398	-4	
402	407	-2	
464	470	-3	
333	341	2	
335	343	-3	
65	69	3	
65	129	1	
426	490	3	
505	511	-3	
441	505	-1	
291	293	-3	
114	117	2	
115	117	2	
299	302	-1	
492	500	-1	
283	284	-3	
77	85	-3	
83	87	2	
79	87	1	
75	79	5	
233	237	3	
275	277	1	
264	269	-1	
369	372	2	
218	223	-2	
153	158	-1	
202	207	-3	
203	206	3	
411	475	2	
410	474	2	
97	102	-2	
171	175	2	
315	379	2	
379	380	-2	
312	376	3	
279	287	-2	
113	119	-2	
74	78	-3	
73	137	4	
405	413	-3	
406	414	2	
309	317	4	
307	309	1	
176	240	-2	
289	295	-2	
354	358	-2	
211	213	2	
448	455	3	
443	507	-2	
507	508	2	
17	21	1	
428	436	1	
432	436	-1	
429	437	2	
393	396	2	
34	36	-2	
173	181	-2	
176	182	-3	
65	71	2	
267	268	2	
267	331	2	
291	355	1	
352	359	-3	
149	157	1	
151	159	1	
218	282	-1	
217	281	2	
101	109	3	
6	14	1	
418	421	2	
59	123	-2	
500	508	2	
502	510	-2	
457	460	-2	
322	386	-1	
346	348	1	
402	406	2	
315	316	-2	
298	300	1	
195	259	1	
259	263	-2	
187	189	3	
489	493	-2	
353	417	-3	
352	416	2	
498	503	1	
72	136	2	
304	368	1	
177	181	-1	
82	146	-1	
80	144	1	
480	485	-2	
266	269	-2	
201	265	2	
222	230	-2	
223	231	1	
404	412	2	
407	415	-1	
128	134	2	
51	52	2	
56	60	2	
487	495	-1	
274	277	-3	
163	167	1	
300	308	-2	
10	12	3	
187	191	-1	
185	190	-2	
0	5	-1	
357	365	-1	
336	342	-2	
112	118	1	
152	156	2	
154	159	1	
216	280	1	
193	197	1	
451	454	1	
90	95	-1	
41	47	2	
40	46	-2	
338	340	-1	
100	108	-2	
384	389	1	
298	303	-2	
299	363	-1	
228	236	1	
287	295	1	
400	404	2	
349	357	1	
425	489	1	
86	94	-2	
385	449	1	
211	275	1	
209	273	1	
163	166	2	
496	502	1	
169	174	-1	
192	198	-2	
329	393	-1	
35	99	-2	
89	153	-1	
44	52	1	
45	53	-1	
347	349	-1	
179	183	1	
106	109	-2	
107	110	-1	
392	399	-1	
277	285	-1	
83	147	1	
81	145	1	
433	437	-1	
440	446	-1	
321	325	-1	
Energy:	-2918	
