NumberOfQubits	504	
NumberOfSubgraphs	504	
Serial	256	
PlantedSolution:	
0	1	
1	-1	
2	-1	
3	1	
4	1	
5	-1	
6	-1	
8	1	
9	-1	
10	-1	
11	-1	
12	1	
13	1	
14	1	
15	-1	
16	1	
17	-1	
18	-1	
19	1	
20	1	
21	1	
22	1	
23	1	
24	-1	
25	1	
26	-1	
27	1	
28	1	
29	-1	
30	-1	
31	1	
32	1	
33	-1	
34	1	
35	1	
36	1	
37	1	
38	-1	
39	-1	
40	1	
41	1	
42	-1	
43	1	
44	1	
45	-1	
46	1	
47	-1	
48	-1	
49	-1	
50	1	
51	1	
52	-1	
53	-1	
54	1	
55	-1	
56	-1	
57	1	
58	1	
59	1	
60	1	
61	1	
62	-1	
63	-1	
64	1	
65	-1	
66	-1	
67	-1	
68	-1	
69	-1	
70	-1	
71	-1	
72	-1	
73	1	
74	1	
75	1	
76	1	
77	-1	
78	1	
79	1	
80	-1	
81	-1	
82	-1	
83	1	
84	-1	
85	-1	
86	-1	
87	1	
88	-1	
89	-1	
90	-1	
91	1	
92	-1	
93	1	
94	1	
95	1	
96	-1	
97	1	
98	1	
99	-1	
100	-1	
101	-1	
102	-1	
103	-1	
104	-1	
105	-1	
106	-1	
107	1	
108	-1	
109	-1	
110	-1	
111	1	
112	-1	
113	-1	
114	1	
115	-1	
116	-1	
117	1	
118	-1	
119	1	
120	-1	
121	1	
123	1	
124	1	
125	1	
126	1	
127	1	
128	1	
129	1	
130	-1	
131	-1	
132	1	
133	1	
134	1	
135	1	
136	-1	
137	-1	
138	-1	
139	1	
141	-1	
142	1	
143	-1	
144	-1	
145	1	
146	1	
147	1	
148	-1	
149	1	
150	-1	
151	1	
152	1	
153	-1	
154	1	
155	-1	
156	-1	
157	1	
158	1	
159	-1	
160	-1	
161	1	
162	1	
163	-1	
164	1	
165	1	
166	-1	
167	1	
168	1	
169	-1	
170	-1	
171	-1	
172	1	
173	1	
174	-1	
175	-1	
176	1	
177	-1	
178	-1	
179	1	
180	-1	
181	-1	
182	1	
183	-1	
184	-1	
185	-1	
186	1	
187	-1	
188	-1	
189	-1	
190	1	
191	-1	
192	-1	
193	-1	
194	1	
195	-1	
196	1	
197	1	
198	1	
199	1	
200	-1	
201	-1	
202	1	
203	1	
204	1	
205	-1	
206	-1	
207	1	
208	1	
209	1	
210	-1	
211	-1	
212	-1	
213	1	
214	-1	
215	1	
216	1	
217	-1	
218	1	
219	1	
220	-1	
221	1	
222	-1	
223	-1	
224	-1	
225	-1	
226	1	
227	1	
228	-1	
229	1	
230	1	
231	-1	
232	1	
233	-1	
234	-1	
235	-1	
236	1	
237	-1	
238	-1	
239	1	
240	-1	
241	1	
242	-1	
243	-1	
244	-1	
245	1	
246	1	
247	1	
248	-1	
249	1	
250	1	
251	1	
252	1	
253	-1	
254	-1	
255	-1	
256	-1	
257	1	
258	1	
259	1	
260	1	
261	-1	
262	-1	
263	-1	
264	-1	
265	-1	
266	-1	
267	-1	
268	-1	
269	1	
270	1	
271	-1	
272	-1	
273	1	
274	-1	
275	-1	
276	-1	
277	-1	
278	-1	
279	-1	
280	1	
281	1	
282	-1	
283	-1	
284	-1	
285	-1	
286	1	
287	-1	
288	-1	
289	1	
290	1	
291	1	
292	-1	
293	-1	
294	1	
295	-1	
296	-1	
297	-1	
298	-1	
299	-1	
300	-1	
301	-1	
302	1	
303	-1	
304	1	
305	1	
306	1	
307	1	
308	-1	
309	1	
310	-1	
311	-1	
312	1	
313	-1	
314	-1	
315	1	
316	-1	
317	1	
318	-1	
319	-1	
320	-1	
321	1	
322	1	
323	-1	
324	-1	
325	1	
326	-1	
327	1	
328	1	
329	1	
330	1	
331	-1	
332	1	
333	-1	
334	-1	
335	1	
336	1	
337	1	
338	-1	
339	1	
340	-1	
341	-1	
342	1	
343	-1	
344	1	
345	1	
346	1	
347	-1	
348	-1	
349	1	
350	1	
351	-1	
352	1	
353	-1	
354	1	
355	-1	
356	1	
357	-1	
358	-1	
359	-1	
361	1	
362	1	
363	1	
364	-1	
365	1	
367	1	
368	1	
369	-1	
370	-1	
371	1	
372	-1	
373	-1	
374	1	
375	1	
376	1	
377	1	
378	-1	
379	-1	
380	-1	
382	-1	
383	1	
384	-1	
385	-1	
386	1	
387	-1	
388	-1	
389	-1	
390	-1	
391	-1	
392	1	
393	1	
394	-1	
396	-1	
397	-1	
398	-1	
399	-1	
400	-1	
401	-1	
402	-1	
403	1	
404	1	
405	1	
406	1	
407	-1	
408	1	
409	-1	
410	-1	
411	1	
412	1	
413	-1	
414	1	
415	1	
416	1	
417	-1	
418	-1	
419	-1	
420	-1	
421	1	
422	-1	
424	1	
425	1	
426	-1	
427	1	
428	-1	
429	-1	
430	1	
431	1	
432	-1	
433	-1	
434	-1	
435	-1	
436	-1	
437	1	
438	1	
439	-1	
440	1	
441	1	
442	1	
443	-1	
444	1	
445	-1	
446	-1	
447	-1	
448	1	
449	1	
450	-1	
451	1	
452	-1	
453	-1	
454	-1	
455	1	
456	1	
457	1	
458	-1	
459	-1	
460	1	
461	1	
462	1	
463	1	
464	-1	
465	-1	
466	1	
467	1	
468	1	
469	1	
470	-1	
471	-1	
472	1	
473	1	
474	1	
475	1	
476	1	
477	-1	
478	1	
479	-1	
480	-1	
481	-1	
482	-1	
483	-1	
484	1	
485	1	
486	-1	
487	-1	
488	-1	
489	-1	
490	-1	
491	1	
492	-1	
493	-1	
494	1	
495	1	
496	1	
497	-1	
498	-1	
499	-1	
500	-1	
501	-1	
502	-1	
503	1	
504	-1	
505	1	
506	-1	
507	1	
508	1	
509	-1	
510	1	
511	-1	
Js:	
0	6	-1	
1	6	-3	
1	65	-4	
65	69	-2	
64	69	3	
0	64	-4	
51	53	4	
53	61	-1	
57	61	-4	
57	63	2	
55	63	-1	
51	55	3	
160	164	2	
163	164	2	
163	166	3	
162	166	5	
162	165	-3	
160	165	1	
432	437	3	
434	437	3	
434	438	1	
435	438	4	
435	439	1	
432	439	-4	
416	421	-4	
421	429	1	
426	429	-4	
426	430	-3	
422	430	1	
416	422	2	
225	228	-3	
227	228	3	
227	230	-4	
226	230	-1	
226	231	-2	
225	231	-4	
81	84	-3	
84	92	-2	
88	92	-2	
88	93	2	
85	93	2	
81	85	-3	
177	182	-4	
179	182	-3	
179	243	2	
243	245	3	
241	245	-1	
177	241	3	
264	268	-2	
267	268	-3	
267	331	2	
331	335	3	
328	335	-4	
264	328	2	
67	70	-4	
70	78	4	
72	78	2	
72	79	1	
71	79	4	
67	71	2	
32	36	4	
35	36	-2	
35	99	3	
99	101	-3	
96	101	-2	
32	96	3	
216	220	1	
218	220	4	
218	223	-3	
219	223	3	
219	221	-4	
216	221	-5	
457	462	-2	
462	470	4	
466	470	-1	
466	471	2	
463	471	3	
457	463	-4	
313	318	-4	
314	318	-4	
314	378	4	
378	383	3	
377	383	-2	
313	377	2	
210	214	-3	
211	214	-3	
211	275	-2	
275	276	-4	
274	276	-3	
210	274	-2	
480	485	4	
481	485	2	
481	487	-4	
483	487	1	
483	486	-4	
480	486	-2	
289	293	-3	
290	293	3	
290	295	1	
291	295	1	
291	294	-4	
289	294	-2	
168	172	-3	
171	172	-2	
171	173	4	
170	173	2	
170	174	-4	
168	174	2	
144	149	4	
145	149	-3	
145	150	1	
146	150	-3	
146	151	-4	
144	151	3	
305	308	4	
307	308	4	
307	310	2	
304	310	1	
304	309	2	
305	309	-3	
280	287	1	
282	287	-4	
282	346	2	
346	351	4	
344	351	-2	
280	344	-3	
3	4	-2	
4	12	1	
10	12	4	
10	13	3	
5	13	3	
3	5	3	
337	340	4	
338	340	-1	
338	343	4	
336	343	3	
336	341	3	
337	341	2	
137	142	2	
138	142	3	
138	202	4	
202	205	3	
201	205	-3	
137	201	-3	
321	327	-3	
323	327	3	
323	387	-3	
387	388	-2	
385	388	-4	
321	385	-1	
320	324	-2	
324	332	3	
329	332	-2	
329	333	2	
325	333	4	
320	325	2	
193	198	-2	
195	198	4	
195	259	1	
259	263	5	
257	263	2	
193	257	1	
128	132	2	
129	132	-5	
129	135	-4	
131	135	1	
131	134	5	
128	134	-2	
112	116	-1	
113	116	-4	
113	119	1	
114	119	4	
114	117	-2	
112	117	1	
499	500	-2	
500	508	3	
505	508	-3	
505	510	3	
502	510	2	
499	502	-2	
393	396	2	
396	404	2	
403	404	-2	
403	407	-3	
399	407	-1	
393	399	4	
370	372	-2	
372	380	-2	
376	380	-3	
376	382	1	
374	382	3	
370	374	2	
496	501	4	
501	509	3	
504	509	-4	
504	511	-2	
503	511	2	
496	503	-3	
34	38	3	
38	46	-2	
43	46	-5	
43	47	2	
39	47	-1	
34	39	4	
450	452	1	
451	452	3	
451	454	3	
449	454	4	
449	455	-2	
450	455	4	
16	20	-3	
18	20	4	
18	23	2	
17	23	3	
17	22	-2	
16	22	-2	
136	143	-2	
139	143	2	
139	203	-3	
203	204	-3	
200	204	-5	
136	200	-2	
234	237	-2	
235	237	-4	
235	239	2	
233	239	4	
233	238	3	
234	238	-4	
354	358	4	
355	358	-3	
355	419	-2	
419	420	-3	
418	420	-3	
354	418	2	
121	125	-4	
123	125	-2	
123	187	1	
187	188	-4	
185	188	-2	
121	185	-1	
488	492	-2	
490	492	-5	
490	493	-3	
491	493	2	
491	495	3	
488	495	3	
104	108	-4	
107	108	3	
107	110	3	
106	110	-5	
106	111	3	
104	111	3	
153	157	3	
155	157	-3	
155	159	-1	
154	159	3	
154	158	-3	
153	158	1	
90	94	-2	
94	102	2	
97	102	3	
97	103	4	
95	103	1	
90	95	3	
345	349	-3	
347	349	3	
347	411	-1	
411	413	3	
409	413	-4	
345	409	1	
296	301	-2	
298	301	-2	
298	303	-4	
297	303	-3	
297	302	-1	
296	302	3	
474	477	3	
475	477	2	
475	478	2	
472	478	-3	
472	479	4	
474	479	3	
24	28	4	
26	28	-2	
26	31	2	
27	31	-3	
27	30	3	
24	30	-4	
249	252	-3	
251	252	-2	
251	255	3	
248	255	3	
248	253	-2	
249	253	3	
363	365	-2	
365	373	-2	
369	373	-2	
369	375	3	
367	375	-2	
363	367	-3	
258	261	-2	
261	269	2	
266	269	2	
266	270	2	
262	270	3	
258	262	2	
441	444	-3	
442	444	-3	
442	447	2	
443	447	-4	
443	446	3	
441	446	3	
273	277	3	
277	285	-3	
283	285	3	
283	286	3	
278	286	4	
273	278	4	
392	398	3	
394	398	-2	
394	458	-3	
458	460	-4	
456	460	-2	
392	456	-2	
176	183	3	
178	183	-1	
178	242	-3	
242	246	2	
240	246	4	
176	240	-2	
48	52	-2	
52	60	3	
58	60	-4	
58	62	2	
54	62	3	
48	54	-1	
400	405	4	
401	405	3	
401	465	-1	
465	468	2	
464	468	3	
400	464	2	
9	15	-4	
11	15	-2	
11	75	5	
75	76	-3	
73	76	1	
9	73	4	
16	21	-2	
19	21	-3	
19	83	-2	
83	87	2	
80	87	3	
16	80	3	
184	189	-3	
186	189	4	
186	191	-2	
185	191	-3	
185	190	3	
184	190	2	
353	356	-2	
356	364	2	
361	364	4	
361	367	-3	
359	367	2	
353	359	-4	
314	316	-1	
315	316	-3	
315	317	-2	
312	317	-4	
312	319	5	
314	319	-3	
386	389	2	
387	389	1	
387	390	-3	
384	390	-2	
384	391	-5	
386	391	3	
424	428	3	
425	428	3	
425	431	-6	
427	431	-3	
427	430	-4	
424	430	2	
192	196	4	
194	196	-4	
194	197	-3	
193	197	2	
193	199	4	
192	199	3	
209	212	-2	
210	212	-4	
210	215	1	
208	215	-2	
208	213	-5	
209	213	-4	
40	44	-3	
42	44	-4	
42	45	-2	
41	45	3	
41	47	4	
40	47	2	
408	412	-3	
409	412	2	
409	414	-3	
410	414	3	
410	415	4	
408	415	-3	
115	116	-2	
116	124	5	
120	124	4	
120	126	-2	
118	126	2	
115	118	-3	
288	292	-2	
292	300	-3	
299	300	-3	
299	303	1	
295	303	-2	
288	295	-3	
433	436	-3	
434	436	-3	
434	498	-3	
498	500	2	
497	500	-3	
433	497	-4	
265	271	-3	
266	271	-4	
266	330	-2	
330	334	3	
329	334	2	
265	329	2	
161	164	-2	
164	172	-3	
169	172	3	
169	175	2	
167	175	2	
161	167	-4	
473	476	-3	
476	484	-4	
482	484	4	
482	487	-3	
479	487	-2	
473	479	-1	
339	340	2	
340	348	2	
347	348	-1	
347	350	3	
342	350	-3	
339	342	-4	
147	148	3	
148	156	-3	
152	156	-1	
152	158	-3	
150	158	2	
147	150	3	
216	222	-3	
217	222	-2	
217	281	2	
281	284	2	
280	284	2	
216	280	-3	
25	29	5	
29	37	2	
33	37	2	
33	38	-2	
30	38	-2	
25	30	-2	
402	406	3	
403	406	-2	
403	467	-2	
467	469	2	
466	469	-4	
402	466	3	
66	68	-4	
68	76	-2	
74	76	-2	
74	77	2	
69	77	-2	
66	69	-3	
232	236	-3	
236	244	-2	
242	244	-2	
242	247	3	
239	247	-2	
232	239	-3	
98	100	2	
100	108	2	
105	108	-2	
105	109	-4	
101	109	-4	
98	101	2	
448	452	4	
452	460	1	
459	460	-2	
459	461	4	
453	461	1	
448	453	3	
256	260	4	
258	260	-4	
258	322	-3	
322	326	4	
320	326	-4	
256	320	2	
440	445	-1	
442	445	3	
442	506	3	
506	509	-2	
440	504	2	
2	5	-2	
8	13	-2	
8	14	-2	
6	14	-2	
2	6	-4	
82	86	-3	
86	94	2	
89	94	2	
89	95	1	
87	95	2	
82	87	2	
130	133	2	
133	141	3	
137	141	-1	
137	143	3	
135	143	3	
130	135	3	
304	311	4	
306	311	-4	
306	370	2	
370	373	-2	
368	373	3	
304	368	-3	
352	356	4	
362	364	3	
362	365	-4	
357	365	2	
352	357	2	
56	60	2	
59	60	-3	
59	123	-2	
123	127	-3	
120	127	4	
56	120	1	
201	206	-4	
206	214	-3	
211	215	3	
207	215	-2	
201	207	-1	
489	492	-1	
490	494	3	
488	494	4	
489	495	-3	
248	252	3	
250	252	-2	
250	254	2	
251	254	3	
226	228	-2	
226	229	-3	
224	229	2	
224	231	-4	
179	180	2	
180	188	-1	
186	188	2	
181	189	-1	
179	181	-4	
209	273	-1	
273	279	3	
272	279	2	
208	272	1	
371	374	-2	
379	382	-4	
379	383	2	
375	383	1	
371	375	-2	
50	52	1	
50	54	2	
49	54	4	
49	55	-3	
48	55	-1	
417	421	2	
419	421	2	
419	483	-3	
481	486	3	
417	481	-3	
91	92	3	
91	155	3	
152	157	-3	
88	152	3	
386	388	1	
388	396	-4	
394	396	1	
394	397	-3	
389	397	-5	
506	508	1	
507	508	-5	
507	511	3	
505	511	2	
506	510	3	
130	134	3	
131	195	-2	
194	198	-2	
130	194	-4	
169	173	-1	
171	175	-3	
170	175	-3	
169	174	-2	
241	244	1	
243	244	-4	
243	307	-1	
305	310	3	
241	305	-1	
456	462	-2	
465	470	-3	
465	471	-3	
456	463	-4	
264	269	3	
265	269	2	
265	270	2	
267	270	2	
267	271	-2	
264	271	3	
99	100	-3	
99	163	-2	
98	162	-1	
323	325	-3	
328	333	1	
327	335	-3	
42	106	-3	
40	104	2	
138	141	2	
139	141	2	
203	205	3	
272	276	-2	
274	279	-3	
275	279	2	
275	277	-1	
272	277	-3	
8	15	3	
73	78	-2	
8	72	3	
82	85	-2	
82	146	1	
145	151	-2	
81	145	-1	
112	119	2	
114	178	1	
178	180	-4	
176	180	2	
112	176	1	
281	285	2	
285	293	1	
291	293	2	
286	294	-1	
281	286	-2	
433	437	2	
435	437	3	
435	499	-3	
497	502	3	
107	109	2	
109	117	-1	
115	117	1	
110	118	-1	
344	349	2	
346	349	-2	
346	410	1	
410	412	2	
344	408	-1	
354	357	2	
355	357	-3	
353	358	-2	
354	359	-1	
229	237	-2	
232	237	1	
232	238	2	
230	238	1	
224	230	2	
219	220	2	
217	221	1	
217	223	-5	
27	28	-2	
28	36	-2	
32	39	3	
31	39	2	
401	404	2	
402	404	2	
402	405	2	
400	407	-2	
401	407	2	
313	316	-2	
315	319	2	
313	317	3	
17	20	-2	
18	22	3	
19	22	-3	
19	23	-3	
297	300	-2	
299	302	3	
298	302	2	
297	301	-3	
426	428	-3	
427	429	-2	
58	61	2	
58	63	4	
56	63	-3	
56	62	-2	
57	62	3	
338	341	-3	
337	343	2	
337	342	-2	
336	342	-1	
377	380	3	
377	441	-3	
440	444	-3	
376	440	-2	
451	453	-1	
451	455	-3	
448	454	3	
256	261	-2	
257	261	3	
259	262	2	
256	262	2	
482	485	2	
477	485	2	
473	477	-4	
64	68	3	
65	68	-1	
65	129	1	
64	128	-2	
96	103	1	
97	161	-2	
160	167	4	
96	160	-1	
432	438	3	
438	446	3	
439	447	-3	
26	29	-3	
26	90	-2	
90	93	2	
89	93	3	
25	89	-1	
390	398	2	
393	398	2	
391	399	-3	
321	324	2	
330	332	2	
326	334	-2	
321	326	2	
11	12	2	
75	79	-2	
74	79	-3	
10	74	-2	
196	204	-2	
200	207	3	
199	207	-3	
80	86	-2	
83	86	2	
83	147	1	
147	149	-2	
80	144	-1	
2	4	3	
3	67	-3	
66	70	-3	
2	66	-3	
240	245	3	
245	253	3	
249	254	-1	
246	254	3	
182	190	-2	
184	191	-4	
183	191	-2	
177	183	-4	
35	37	-4	
37	45	1	
43	45	2	
35	38	3	
408	413	3	
411	475	-4	
408	472	-1	
493	501	-2	
495	503	-2	
460	468	-1	
464	469	4	
461	469	-2	
458	461	2	
416	420	3	
417	420	-3	
417	422	-3	
418	422	-3	
418	421	-2	
282	284	-2	
284	292	-2	
287	295	2	
49	52	-2	
51	52	3	
50	53	2	
345	348	4	
348	356	3	
352	359	2	
351	359	-1	
345	351	2	
369	372	-2	
371	372	3	
368	374	-2	
123	126	-4	
121	127	-1	
146	148	2	
154	156	2	
151	159	-1	
234	236	2	
235	236	3	
233	237	-3	
234	239	-1	
304	308	2	
307	309	-1	
306	309	-3	
33	39	2	
34	98	-3	
98	102	4	
33	97	3	
72	77	-2	
74	138	-1	
136	142	3	
72	136	-1	
424	431	-2	
425	489	1	
489	494	4	
424	488	-1	
401	406	2	
406	414	-3	
407	415	3	
378	382	-2	
379	443	-2	
443	445	3	
378	442	1	
0	5	3	
1	5	-3	
65	71	-3	
64	71	2	
392	396	3	
392	397	2	
385	389	2	
186	190	-2	
187	190	3	
187	251	-1	
251	253	1	
250	253	3	
186	250	-2	
220	228	-2	
222	230	3	
219	222	-2	
42	47	-2	
105	110	2	
41	105	2	
265	268	-2	
268	276	-1	
275	278	-2	
270	278	-2	
498	503	2	
497	503	-1	
280	285	2	
283	347	-1	
344	350	-3	
290	292	2	
296	300	-3	
293	301	-2	
331	332	-2	
332	340	2	
334	342	2	
331	334	-2	
121	124	-3	
117	125	-3	
113	117	-4	
168	173	-4	
173	181	1	
174	182	2	
83	84	4	
91	93	1	
83	85	3	
204	212	2	
203	206	-1	
153	156	-2	
156	164	2	
163	165	3	
157	165	1	
13	21	2	
14	22	-2	
459	462	3	
467	470	-3	
467	471	1	
459	463	1	
478	486	-2	
474	478	-2	
128	133	-3	
192	197	2	
128	192	2	
312	316	-2	
450	454	-2	
241	247	-3	
240	247	2	
27	29	4	
59	61	3	
56	61	2	
507	510	-2	
504	510	-2	
505	509	1	
457	461	1	
393	457	-1	
225	289	-2	
288	294	2	
224	288	-3	
376	383	-4	
440	446	-1	
248	254	-3	
247	255	2	
352	358	2	
352	416	1	
472	476	-2	
480	484	2	
480	487	-2	
17	21	3	
17	81	-2	
81	87	3	
499	501	-3	
432	496	2	
3	6	2	
67	68	-2	
88	94	2	
89	153	-2	
153	159	-4	
152	159	-2	
235	299	1	
232	296	3	
321	325	-3	
331	333	-3	
404	412	-3	
32	37	2	
96	100	-3	
197	205	2	
202	207	2	
48	53	3	
49	53	-1	
49	113	-2	
113	118	-1	
112	118	-4	
48	112	-3	
129	133	-2	
136	141	-2	
259	261	3	
263	271	-2	
41	44	-2	
43	44	-2	
40	46	2	
40	45	3	
274	277	-1	
274	338	-3	
272	336	2	
9	14	2	
11	14	-2	
75	77	2	
73	77	2	
218	282	2	
281	287	2	
144	148	-2	
145	148	4	
145	209	-1	
144	208	-1	
306	310	3	
370	375	3	
305	369	-1	
107	171	2	
168	175	-1	
104	168	2	
161	165	2	
160	166	-2	
491	492	3	
491	494	-2	
489	493	-3	
184	188	3	
187	189	-2	
185	189	-2	
385	390	-3	
386	390	-2	
386	450	3	
450	453	-2	
449	453	3	
385	449	2	
170	172	1	
170	234	-2	
169	233	-2	
427	428	1	
424	429	4	
50	55	3	
51	115	3	
115	119	3	
50	114	-4	
353	357	-2	
419	422	-2	
353	417	1	
91	95	-3	
155	158	3	
90	154	2	
12	20	-2	
15	23	2	
10	15	1	
339	341	3	
341	349	-1	
345	350	-2	
257	260	-2	
260	268	-1	
257	262	3	
141	149	2	
142	150	2	
139	142	2	
76	84	1	
82	84	3	
78	86	1	
75	78	-1	
221	229	-1	
227	229	-3	
298	362	2	
361	365	2	
297	361	2	
97	101	-1	
105	111	2	
103	111	3	
244	252	-2	
283	287	1	
279	287	-2	
315	318	3	
315	379	2	
379	380	-2	
378	380	-2	
322	324	2	
323	324	-3	
387	391	1	
322	386	-1	
195	196	1	
200	206	-1	
198	206	1	
436	444	-3	
440	447	3	
433	439	-1	
330	335	-1	
330	394	2	
394	399	-1	
392	399	-1	
328	392	-1	
307	311	2	
307	371	2	
368	372	3	
409	473	1	
25	28	-2	
33	36	3	
25	31	-2	
59	62	2	
121	126	-2	
57	121	1	
0	4	-4	
1	4	-2	
498	502	2	
346	348	1	
343	351	-2	
483	484	-2	
483	485	2	
467	468	-4	
464	471	-2	
457	460	-2	
456	461	-2	
131	132	-1	
227	291	-1	
291	292	-2	
226	290	-2	
308	316	-2	
309	317	-2	
178	181	-3	
176	182	-1	
211	212	2	
209	215	-3	
210	213	1	
411	415	1	
475	476	-1	
474	476	-2	
410	474	2	
330	333	2	
441	445	2	
506	511	-3	
441	505	1	
34	36	-1	
96	102	-2	
74	78	-2	
384	389	2	
393	397	4	
119	127	2	
363	364	3	
363	427	-2	
362	426	1	
291	355	2	
355	359	-2	
289	353	1	
24	31	-3	
88	95	2	
24	88	-1	
251	315	2	
249	313	2	
276	284	-3	
283	284	-3	
72	76	3	
159	167	-1	
233	297	1	
339	403	1	
403	405	-2	
337	401	2	
147	151	-2	
16	23	-2	
371	373	3	
368	375	1	
59	63	2	
43	107	-1	
10	14	2	
256	263	-2	
114	118	1	
344	348	1	
347	351	-1	
237	245	-2	
238	246	2	
235	238	-2	
488	493	-2	
490	495	1	
162	226	-2	
160	224	-2	
81	86	-2	
437	445	1	
104	109	1	
99	103	-3	
138	143	-2	
202	206	2	
377	382	2	
400	404	-1	
496	500	1	
504	508	2	
177	180	1	
328	334	3	
41	46	-1	
46	54	1	
47	55	-1	
290	294	-2	
290	354	-2	
354	356	-1	
288	352	1	
299	301	2	
301	309	1	
302	310	2	
249	255	2	
250	255	-2	
89	92	-3	
91	94	-2	
195	197	3	
280	286	1	
282	286	1	
346	350	-2	
155	156	2	
154	157	-2	
8	12	-2	
473	478	-3	
208	212	1	
458	462	1	
234	298	-1	
296	303	1	
338	402	-1	
400	406	1	
336	400	2	
269	277	1	
225	230	-1	
218	222	2	
435	436	-3	
492	500	-1	
494	502	1	
120	125	1	
289	292	1	
289	295	3	
322	327	-2	
257	321	1	
18	82	1	
165	173	-2	
171	174	-1	
166	174	-1	
57	60	-2	
51	54	1	
413	421	1	
414	422	1	
313	319	-1	
311	319	-1	
65	70	1	
73	79	-2	
387	451	2	
369	374	-3	
146	149	-1	
34	37	1	
329	393	-1	
67	69	-2	
67	131	1	
131	133	2	
507	509	2	
92	100	-1	
93	101	-2	
465	469	-1	
384	388	-1	
320	384	-1	
298	300	1	
299	363	2	
362	367	-2	
482	486	-1	
130	132	2	
194	199	-1	
129	193	2	
144	150	-3	
266	268	1	
267	269	2	
426	431	1	
425	429	-1	
370	434	-1	
369	433	-1	
212	220	-1	
217	220	-2	
215	223	1	
328	332	1	
312	376	-2	
411	412	2	
475	479	1	
228	236	1	
233	236	1	
241	246	1	
44	52	-1	
45	53	-1	
107	111	-1	
349	357	1	
18	21	2	
499	503	2	
205	213	1	
208	214	-2	
259	260	-1	
75	139	-1	
73	137	1	
398	406	-1	
442	446	2	
449	452	-1	
448	455	-1	
405	413	1	
218	221	1	
282	285	-1	
310	318	-1	
418	482	2	
416	480	2	
329	335	1	
433	438	1	
496	502	2	
26	30	1	
42	46	1	
80	84	-1	
80	85	-2	
9	13	-1	
11	13	1	
192	198	-1	
179	183	1	
176	181	-1	
466	468	-2	
464	470	-1	
128	135	1	
106	108	-1	
102	110	-1	
250	314	1	
314	317	-1	
240	244	-1	
303	311	-1	
434	439	1	
147	211	1	
146	210	1	
9	12	-1	
411	414	-1	
224	228	-1	
288	293	-1	
162	164	1	
203	267	1	
200	264	-1	
472	477	2	
339	343	-1	
498	501	-1	
258	263	-1	
187	191	-1	
425	430	-2	
66	71	1	
161	166	1	
225	229	1	
161	225	-1	
175	183	-1	
90	92	1	
402	407	-1	
202	266	-1	
201	265	-1	
275	339	-1	
409	415	1	
408	414	1	
211	213	1	
209	214	1	
384	448	-1	
320	327	-1	
336	340	-1	
219	283	-1	
294	302	-1	
185	249	1	
203	207	1	
195	199	1	
361	425	1	
163	167	1	
163	227	-1	
264	270	1	
350	358	1	
469	477	-1	
471	479	-1	
273	276	-1	
497	501	-1	
193	196	1	
248	312	1	
97	100	-1	
19	20	-1	
Energy:	-2110	
