NumberOfQubits	504	
NumberOfSubgraphs	756	
Serial	349	
PlantedSolution:	
0	-1	
1	1	
2	1	
3	-1	
4	1	
5	-1	
6	1	
8	-1	
9	1	
10	-1	
11	1	
12	1	
13	1	
14	-1	
15	-1	
16	-1	
17	1	
18	1	
19	-1	
20	-1	
21	1	
22	1	
23	1	
24	1	
25	-1	
26	1	
27	-1	
28	1	
29	-1	
30	1	
31	-1	
32	1	
33	-1	
34	1	
35	1	
36	-1	
37	1	
38	-1	
39	1	
40	-1	
41	-1	
42	-1	
43	1	
44	1	
45	1	
46	1	
47	1	
48	-1	
49	-1	
50	1	
51	-1	
52	-1	
53	1	
54	-1	
55	-1	
56	-1	
57	-1	
58	-1	
59	-1	
60	1	
61	-1	
62	1	
63	1	
64	1	
65	-1	
66	1	
67	-1	
68	1	
69	1	
70	-1	
71	-1	
72	1	
73	-1	
74	1	
75	-1	
76	-1	
77	-1	
78	1	
79	1	
80	1	
81	-1	
82	-1	
83	1	
84	-1	
85	-1	
86	-1	
87	-1	
88	-1	
89	-1	
90	-1	
91	-1	
92	1	
93	-1	
94	1	
95	-1	
96	-1	
97	-1	
98	1	
99	-1	
100	-1	
101	-1	
102	1	
103	1	
104	-1	
105	1	
106	1	
107	1	
108	1	
109	1	
110	1	
111	-1	
112	1	
113	1	
114	-1	
115	-1	
116	-1	
117	1	
118	1	
119	-1	
120	1	
121	-1	
123	1	
124	-1	
125	-1	
126	1	
127	1	
128	1	
129	-1	
130	-1	
131	1	
132	-1	
133	1	
134	1	
135	-1	
136	-1	
137	-1	
138	1	
139	-1	
141	1	
142	1	
143	1	
144	-1	
145	1	
146	1	
147	-1	
148	1	
149	1	
150	1	
151	-1	
152	-1	
153	-1	
154	-1	
155	1	
156	1	
157	1	
158	-1	
159	1	
160	-1	
161	-1	
162	1	
163	-1	
164	-1	
165	-1	
166	1	
167	1	
168	-1	
169	-1	
170	1	
171	1	
172	1	
173	1	
174	-1	
175	1	
176	1	
177	1	
178	1	
179	1	
180	-1	
181	1	
182	-1	
183	1	
184	-1	
185	-1	
186	-1	
187	-1	
188	-1	
189	1	
190	-1	
191	1	
192	-1	
193	1	
194	-1	
195	1	
196	1	
197	1	
198	-1	
199	-1	
200	1	
201	1	
202	1	
203	1	
204	-1	
205	1	
206	-1	
207	1	
208	1	
209	1	
210	-1	
211	1	
212	-1	
213	-1	
214	-1	
215	1	
216	1	
217	1	
218	-1	
219	-1	
220	-1	
221	1	
222	1	
223	1	
224	1	
225	-1	
226	1	
227	1	
228	-1	
229	-1	
230	-1	
231	1	
232	-1	
233	-1	
234	1	
235	1	
236	-1	
237	1	
238	-1	
239	1	
240	-1	
241	1	
242	1	
243	1	
244	-1	
245	-1	
246	-1	
247	-1	
248	1	
249	-1	
250	1	
251	-1	
252	1	
253	-1	
254	-1	
255	-1	
256	1	
257	1	
258	-1	
259	-1	
260	1	
261	-1	
262	1	
263	1	
264	1	
265	-1	
266	1	
267	1	
268	-1	
269	1	
270	-1	
271	-1	
272	-1	
273	1	
274	-1	
275	1	
276	1	
277	-1	
278	1	
279	-1	
280	-1	
281	-1	
282	1	
283	-1	
284	1	
285	1	
286	1	
287	-1	
288	1	
289	-1	
290	1	
291	1	
292	1	
293	1	
294	1	
295	-1	
296	-1	
297	1	
298	1	
299	-1	
300	1	
301	1	
302	1	
303	1	
304	-1	
305	1	
306	1	
307	-1	
308	1	
309	1	
310	-1	
311	-1	
312	1	
313	-1	
314	1	
315	1	
316	-1	
317	-1	
318	1	
319	1	
320	1	
321	-1	
322	-1	
323	-1	
324	-1	
325	-1	
326	1	
327	-1	
328	-1	
329	-1	
330	1	
331	-1	
332	1	
333	1	
334	-1	
335	1	
336	-1	
337	-1	
338	-1	
339	1	
340	-1	
341	1	
342	1	
343	-1	
344	1	
345	-1	
346	-1	
347	1	
348	1	
349	-1	
350	1	
351	1	
352	-1	
353	-1	
354	1	
355	1	
356	1	
357	1	
358	1	
359	-1	
361	-1	
362	1	
363	-1	
364	-1	
365	1	
367	-1	
368	1	
369	1	
370	1	
371	-1	
372	1	
373	-1	
374	1	
375	-1	
376	-1	
377	-1	
378	-1	
379	1	
380	-1	
382	1	
383	-1	
384	1	
385	1	
386	1	
387	1	
388	-1	
389	1	
390	-1	
391	1	
392	-1	
393	-1	
394	1	
396	1	
397	-1	
398	1	
399	1	
400	-1	
401	1	
402	-1	
403	-1	
404	-1	
405	-1	
406	-1	
407	-1	
408	-1	
409	-1	
410	1	
411	-1	
412	1	
413	1	
414	1	
415	1	
416	-1	
417	1	
418	1	
419	-1	
420	-1	
421	1	
422	1	
424	-1	
425	-1	
426	-1	
427	-1	
428	-1	
429	-1	
430	1	
431	1	
432	1	
433	1	
434	-1	
435	-1	
436	1	
437	-1	
438	1	
439	1	
440	-1	
441	-1	
442	1	
443	-1	
444	-1	
445	-1	
446	-1	
447	-1	
448	-1	
449	-1	
450	-1	
451	1	
452	1	
453	1	
454	-1	
455	-1	
456	-1	
457	-1	
458	1	
459	1	
460	-1	
461	1	
462	1	
463	1	
464	1	
465	-1	
466	-1	
467	1	
468	-1	
469	-1	
470	1	
471	-1	
472	1	
473	1	
474	-1	
475	-1	
476	1	
477	-1	
478	-1	
479	-1	
480	1	
481	1	
482	1	
483	1	
484	-1	
485	1	
486	1	
487	-1	
488	1	
489	-1	
490	-1	
491	-1	
492	1	
493	-1	
494	1	
495	-1	
496	-1	
497	1	
498	1	
499	-1	
500	1	
501	-1	
502	1	
503	1	
504	-1	
505	1	
506	-1	
507	-1	
508	-1	
509	1	
510	-1	
511	1	
Js:	
216	221	-3	
219	221	3	
219	283	1	
283	284	3	
280	284	2	
216	280	1	
467	469	3	
469	477	-3	
474	477	-4	
474	478	-3	
470	478	3	
467	470	-4	
273	276	-3	
275	276	-2	
275	339	2	
339	340	4	
337	340	-5	
273	337	1	
345	348	5	
347	348	-3	
347	351	5	
346	351	2	
346	349	-2	
345	349	-3	
434	436	3	
435	436	3	
435	437	-6	
432	437	4	
432	438	-4	
434	438	6	
200	204	4	
203	204	5	
203	206	3	
202	206	4	
202	207	-4	
200	207	2	
33	36	4	
35	36	2	
35	38	4	
32	38	3	
32	39	-4	
33	39	3	
208	214	2	
214	222	-1	
218	222	3	
218	223	4	
215	223	-3	
208	215	-4	
483	486	-3	
486	494	-3	
488	494	-4	
488	495	5	
487	495	-3	
483	487	3	
170	173	-4	
173	181	-2	
177	181	-5	
177	183	-3	
175	183	2	
170	175	-6	
288	293	-5	
290	293	-4	
290	295	5	
291	295	-3	
291	294	-5	
288	294	-3	
128	134	-3	
134	142	3	
137	142	6	
137	143	2	
135	143	4	
128	135	3	
88	94	7	
91	94	-3	
91	155	2	
155	159	-3	
152	159	4	
88	152	-2	
169	174	3	
171	174	6	
171	235	-1	
235	237	-4	
233	237	4	
169	233	-2	
400	406	-3	
406	414	4	
408	414	4	
408	415	-3	
407	415	6	
400	407	-2	
49	53	4	
50	53	-6	
50	55	7	
48	55	-5	
48	54	-1	
49	54	6	
130	132	4	
131	132	5	
131	195	-2	
195	197	-2	
194	197	6	
130	194	-2	
8	13	6	
9	13	-4	
9	73	2	
73	78	3	
72	78	-4	
8	72	-2	
99	101	-4	
101	109	3	
104	109	2	
104	111	-5	
103	111	3	
99	103	5	
323	326	-3	
326	334	5	
331	334	-6	
331	335	3	
327	335	4	
323	327	-4	
392	397	-4	
393	397	-4	
393	399	3	
394	399	-5	
394	398	4	
392	398	5	
449	452	4	
451	452	-5	
451	454	-3	
450	454	-4	
450	453	5	
449	453	4	
80	84	3	
83	84	6	
83	147	2	
147	151	-5	
144	151	4	
80	144	4	
113	117	-2	
115	117	7	
115	119	1	
114	119	-3	
114	118	4	
113	118	-6	
42	44	2	
43	44	-5	
43	46	-3	
41	46	2	
41	47	-4	
42	47	5	
441	445	-5	
442	445	5	
442	506	4	
506	510	-5	
505	510	5	
441	505	-3	
58	60	2	
59	60	5	
59	61	-4	
56	61	-6	
56	62	4	
58	62	6	
457	460	-5	
458	460	3	
458	461	-8	
456	461	4	
456	462	5	
457	462	2	
248	253	5	
251	253	-5	
251	315	2	
315	316	5	
312	316	4	
248	312	2	
241	244	5	
244	252	4	
249	252	4	
249	254	-5	
246	254	-5	
241	246	4	
306	310	3	
307	310	5	
307	371	-2	
371	372	5	
370	372	-4	
306	370	-2	
352	358	-4	
353	358	3	
353	417	3	
417	420	4	
416	420	-4	
352	416	-1	
426	431	4	
427	431	5	
427	491	-4	
491	492	4	
490	492	-4	
426	490	-4	
160	164	4	
161	164	-2	
161	165	-5	
163	165	-5	
163	166	4	
160	166	4	
257	261	4	
261	269	4	
265	269	2	
265	271	-3	
263	271	4	
257	263	3	
297	301	-3	
298	301	-4	
298	362	-4	
362	365	-5	
361	365	5	
297	361	2	
224	228	-1	
227	228	5	
227	230	4	
225	230	-3	
225	231	3	
224	231	-5	
145	149	-3	
149	157	-3	
153	157	6	
153	158	-6	
150	158	4	
145	150	-4	
184	188	-6	
186	188	-2	
186	190	3	
185	190	-5	
185	189	6	
184	189	3	
64	68	-3	
68	76	4	
74	76	5	
74	77	4	
69	77	5	
64	69	-4	
496	500	4	
499	500	3	
499	502	4	
498	502	-6	
498	501	5	
496	501	3	
354	356	-4	
355	356	-3	
355	419	1	
419	422	-4	
418	422	-4	
354	418	-3	
384	388	5	
387	388	4	
387	389	-4	
385	389	-4	
385	391	-4	
384	391	3	
17	21	-3	
19	21	4	
19	23	4	
16	23	5	
16	22	5	
17	22	-5	
25	29	-4	
26	29	5	
26	31	3	
24	31	5	
24	30	5	
25	30	4	
376	380	-7	
377	380	-6	
377	382	4	
379	382	-6	
379	383	7	
376	383	-4	
440	447	2	
443	447	-6	
443	507	-1	
507	509	2	
504	509	4	
440	504	-4	
1	4	-7	
2	4	-5	
2	6	-4	
0	6	6	
0	5	-6	
1	5	5	
121	125	-3	
123	125	5	
123	126	-4	
120	126	-5	
120	127	-4	
121	127	5	
304	308	5	
305	308	-4	
305	369	-2	
369	373	3	
368	373	5	
304	368	-2	
320	324	6	
324	332	3	
328	332	6	
328	333	5	
325	333	4	
320	325	5	
178	182	3	
179	182	3	
179	243	-3	
243	247	3	
242	247	3	
178	242	-3	
272	278	4	
274	278	-4	
274	338	-1	
338	343	-3	
336	343	-4	
272	336	-2	
259	260	-3	
260	268	4	
264	268	6	
264	270	1	
262	270	4	
259	262	5	
402	404	-5	
404	412	2	
409	412	4	
409	413	5	
405	413	2	
402	405	4	
98	100	-3	
100	108	5	
106	108	-5	
106	110	-5	
102	110	-3	
98	102	-5	
464	468	4	
468	476	3	
473	476	-4	
473	479	3	
471	479	3	
464	471	4	
81	85	-4	
85	93	-5	
89	93	-4	
89	95	-5	
87	95	-5	
81	87	-5	
209	212	6	
210	212	-2	
210	214	-4	
211	214	4	
211	213	4	
209	213	-2	
424	428	-6	
426	428	-5	
426	430	-2	
425	430	5	
425	429	-7	
424	429	-2	
193	196	-4	
195	196	-5	
195	198	4	
192	198	-3	
192	199	-5	
193	199	-2	
9	12	-6	
10	12	4	
10	14	-4	
11	14	-5	
11	15	5	
9	15	3	
273	277	4	
277	285	5	
282	285	2	
282	287	3	
279	287	-4	
273	279	5	
289	292	6	
292	300	-3	
296	300	-5	
296	302	4	
294	302	-2	
289	294	2	
307	309	4	
309	317	4	
314	317	-3	
314	319	-4	
311	319	6	
307	311	-3	
480	484	2	
482	484	3	
482	485	4	
481	485	-4	
481	486	-4	
480	486	-3	
65	68	3	
67	68	4	
67	71	6	
66	71	4	
66	70	5	
65	70	-3	
233	236	3	
234	236	4	
234	238	6	
232	238	-2	
232	239	4	
233	239	3	
72	79	-4	
75	79	4	
75	139	-4	
139	141	2	
136	141	4	
72	136	4	
48	52	-3	
51	52	-5	
51	115	-3	
115	116	-4	
112	116	5	
48	112	4	
338	341	5	
341	349	3	
344	349	4	
344	350	-6	
342	350	1	
338	342	4	
497	500	-5	
500	508	3	
507	508	-6	
507	511	5	
503	511	-4	
497	503	-5	
363	364	-7	
364	372	3	
369	372	-3	
369	375	5	
367	375	1	
363	367	-4	
384	390	5	
386	390	5	
386	450	-2	
450	455	-3	
448	455	-4	
384	448	2	
217	220	-4	
218	220	-5	
218	282	2	
282	286	-5	
281	286	5	
217	281	2	
27	28	6	
28	36	2	
34	36	4	
34	37	-4	
29	37	-1	
27	29	-4	
80	86	4	
82	86	-5	
82	146	4	
146	148	-6	
144	148	-4	
176	180	5	
177	180	4	
177	241	-2	
241	245	-2	
240	245	-2	
176	240	2	
88	92	3	
90	92	5	
90	154	2	
154	156	4	
152	156	3	
160	167	5	
162	167	-3	
162	226	-4	
226	229	4	
224	229	5	
160	224	3	
186	191	5	
187	191	3	
187	251	-4	
251	255	-4	
250	255	4	
186	250	4	
410	412	2	
411	412	5	
411	475	-3	
475	478	-5	
410	474	5	
266	269	-3	
267	269	-6	
267	331	-2	
330	334	5	
266	330	-3	
433	436	-5	
436	444	6	
443	444	7	
439	447	5	
433	439	-3	
256	260	-4	
258	260	2	
258	322	-4	
322	326	2	
320	326	-3	
256	320	3	
401	404	5	
403	404	-3	
403	467	4	
467	468	5	
465	468	-3	
401	465	5	
105	109	-5	
107	109	-6	
107	171	-3	
171	172	-6	
169	172	3	
105	169	4	
138	142	-3	
138	202	-4	
202	205	-3	
201	205	-6	
137	201	3	
57	63	4	
59	63	5	
59	123	2	
123	124	5	
121	124	5	
57	121	-2	
313	318	4	
314	318	-3	
314	378	3	
378	382	-4	
313	377	-3	
459	462	-6	
462	470	2	
466	470	5	
466	471	-4	
463	471	2	
459	463	-4	
488	493	3	
489	493	-7	
489	495	2	
491	495	-3	
491	494	3	
296	301	-4	
299	301	2	
299	303	4	
297	303	-5	
297	302	-5	
40	45	5	
42	45	3	
42	106	3	
104	108	5	
40	104	-2	
17	20	5	
18	20	-4	
18	23	-4	
353	357	4	
355	357	-4	
355	358	-3	
352	359	-4	
353	359	-3	
128	132	4	
130	134	4	
129	134	2	
129	133	4	
128	133	-5	
96	100	-3	
97	100	-4	
97	102	-3	
98	101	4	
96	101	-4	
329	335	5	
330	335	-2	
330	394	-1	
394	396	3	
393	396	4	
329	393	-1	
419	420	-4	
419	421	5	
416	421	5	
416	422	4	
417	422	-5	
168	173	6	
170	234	-2	
232	236	-4	
168	232	1	
321	325	-3	
322	325	-3	
322	386	2	
386	391	-3	
321	385	3	
437	445	-3	
441	446	-4	
438	446	4	
435	438	-2	
3	4	6	
3	6	-6	
2	5	5	
408	413	4	
409	473	4	
473	477	4	
472	477	3	
408	472	-4	
306	308	-4	
370	374	-3	
368	374	-5	
275	278	-5	
336	340	-3	
346	350	5	
345	350	2	
208	212	3	
210	213	-4	
210	215	4	
497	501	3	
501	509	3	
505	509	-6	
502	510	-2	
497	502	-3	
288	292	-3	
289	295	-4	
291	293	-2	
194	196	2	
196	204	-3	
203	207	-4	
199	207	3	
194	199	-5	
219	220	-3	
219	223	4	
216	223	-3	
217	221	-4	
265	268	-4	
265	329	-4	
329	332	-3	
264	328	3	
163	167	2	
162	166	4	
161	166	3	
67	69	2	
75	77	-2	
75	78	4	
70	78	-3	
67	70	-4	
176	181	-3	
181	189	-1	
182	190	-3	
176	182	-4	
81	86	-1	
145	148	-5	
81	145	-2	
41	45	4	
45	53	-1	
47	55	1	
452	460	-3	
459	460	3	
459	461	-3	
453	461	-3	
451	453	-2	
11	13	-3	
10	15	-6	
8	14	-4	
107	110	-3	
110	118	-1	
112	118	-2	
112	119	-3	
111	119	-3	
107	111	2	
91	92	5	
154	159	6	
258	262	3	
266	270	5	
266	271	4	
258	263	6	
398	406	-2	
402	406	-2	
402	407	-2	
399	407	2	
392	399	4	
250	252	-3	
250	253	3	
248	255	2	
249	255	-5	
30	38	2	
35	39	-3	
31	39	3	
425	428	2	
427	428	-3	
424	431	3	
424	430	4	
229	237	-2	
235	238	3	
230	238	-3	
226	230	3	
52	60	3	
57	60	5	
57	62	-4	
54	62	4	
51	54	-3	
274	276	5	
276	284	-4	
281	284	6	
281	287	1	
274	279	-3	
312	317	-4	
315	317	4	
315	319	-2	
313	319	4	
312	318	-3	
178	183	-3	
179	183	-5	
243	244	-3	
242	244	2	
475	476	4	
476	484	-2	
480	487	4	
479	487	-3	
475	479	-3	
298	300	-3	
299	300	6	
299	363	2	
362	364	4	
114	116	-3	
116	124	3	
120	124	3	
120	125	5	
117	125	3	
114	117	3	
193	198	5	
193	257	2	
256	261	3	
192	256	3	
138	141	5	
141	149	-3	
147	149	5	
143	151	1	
138	143	-2	
354	357	3	
357	365	-1	
361	367	-5	
359	367	-4	
354	359	1	
440	446	-5	
442	446	3	
506	511	-3	
504	511	4	
400	405	3	
401	405	3	
465	469	-5	
464	469	2	
400	464	6	
32	37	-4	
33	37	4	
33	97	-3	
97	103	5	
96	103	-2	
32	96	4	
76	84	-2	
83	87	-1	
79	87	2	
74	79	-3	
432	439	2	
434	439	5	
434	498	3	
498	503	-1	
496	503	4	
432	496	3	
20	28	1	
26	28	-4	
21	29	1	
18	21	-6	
378	380	-4	
378	383	-3	
376	382	-3	
65	71	-3	
66	130	1	
130	135	-4	
129	135	-4	
65	129	2	
448	454	-6	
454	462	-2	
456	463	3	
455	463	2	
481	484	5	
484	492	3	
489	492	-4	
485	493	3	
388	396	7	
389	397	5	
40	44	2	
44	52	2	
49	52	-4	
46	54	2	
40	46	5	
403	406	-3	
410	414	-5	
410	415	3	
403	407	-4	
305	310	2	
371	375	-3	
153	156	2	
156	164	2	
158	166	2	
200	205	-2	
205	213	3	
206	214	2	
200	206	4	
336	341	3	
337	341	4	
337	343	-5	
336	342	4	
83	85	3	
89	94	3	
86	94	3	
83	86	4	
257	260	-3	
259	323	-4	
321	327	-4	
257	321	3	
59	62	2	
58	63	7	
56	63	-1	
225	228	6	
228	236	-2	
231	239	-1	
275	277	3	
280	285	3	
280	286	3	
278	286	-3	
242	245	4	
243	245	-6	
243	246	3	
240	246	-5	
240	247	-4	
185	188	-2	
185	191	5	
187	190	-5	
184	190	4	
170	172	3	
168	174	-5	
168	175	3	
418	421	-3	
419	483	4	
483	485	-3	
418	482	-4	
64	71	3	
67	131	1	
131	133	-3	
64	128	-2	
301	309	-3	
306	309	-3	
306	311	2	
303	311	2	
296	303	3	
118	126	4	
121	126	5	
119	127	4	
113	119	4	
27	30	3	
27	91	2	
91	95	-2	
25	89	-4	
12	20	-2	
19	20	-5	
15	23	3	
283	285	5	
283	347	4	
347	350	-1	
280	344	-5	
457	463	6	
193	197	-4	
197	205	2	
201	206	3	
198	206	-2	
73	76	-4	
75	76	-3	
139	143	6	
73	137	-4	
41	44	4	
43	107	-3	
41	105	2	
440	444	-3	
442	444	-2	
506	508	-3	
504	508	-4	
267	268	3	
331	333	3	
321	324	2	
322	324	-4	
385	390	2	
370	373	-6	
370	375	4	
371	374	4	
411	414	4	
472	476	-3	
147	150	4	
142	150	2	
136	142	2	
34	38	4	
35	99	-4	
99	102	3	
34	98	-3	
221	229	-2	
227	229	3	
222	230	2	
217	222	-4	
248	254	4	
250	254	3	
250	314	-1	
314	316	4	
426	429	-2	
490	493	1	
425	489	-3	
290	294	5	
291	355	-3	
290	354	-2	
433	437	3	
435	499	2	
433	497	-2	
180	188	-3	
184	191	-2	
183	191	-3	
448	453	4	
402	466	-3	
466	469	-5	
154	157	2	
157	165	-2	
161	167	4	
159	167	-2	
249	253	-3	
313	316	-3	
249	313	1	
82	84	-2	
233	238	-3	
234	298	-2	
298	303	3	
233	297	3	
472	478	4	
472	479	4	
467	471	2	
168	172	-2	
172	180	2	
178	180	3	
174	182	-2	
418	420	4	
417	421	-4	
201	204	1	
204	212	-2	
207	215	3	
201	207	-4	
34	39	3	
27	31	-3	
384	389	-3	
394	397	4	
390	398	4	
267	270	3	
267	271	-2	
323	325	-3	
330	333	-3	
490	494	5	
490	495	4	
53	61	2	
58	61	-3	
55	63	-1	
43	45	3	
43	47	-4	
42	46	3	
344	348	-2	
348	356	2	
353	356	3	
349	357	3	
411	413	3	
410	413	-3	
409	415	3	
155	156	-5	
155	219	4	
219	222	-3	
216	222	-5	
152	216	4	
240	244	-2	
241	305	-3	
305	309	-3	
304	309	-1	
240	304	-5	
65	69	-3	
66	69	-2	
64	70	3	
72	77	4	
73	77	-2	
73	79	-3	
74	78	-3	
283	287	-4	
274	277	-2	
272	277	5	
272	279	-1	
443	446	-2	
226	231	-4	
226	290	1	
288	295	3	
224	288	-1	
8	12	3	
11	12	-2	
10	13	3	
499	503	5	
105	110	3	
105	111	3	
361	364	-3	
363	365	5	
362	367	4	
427	430	5	
488	492	-3	
424	488	3	
192	196	4	
195	199	-3	
192	197	4	
332	340	2	
339	343	4	
335	343	1	
392	396	3	
391	399	-4	
387	391	4	
90	93	-2	
90	95	4	
237	245	2	
239	247	3	
235	239	-4	
129	132	-5	
131	134	-6	
130	133	5	
19	22	3	
507	510	-4	
506	509	3	
378	442	2	
442	447	2	
441	447	-3	
377	441	3	
227	291	-1	
291	292	-4	
225	289	-1	
350	358	-3	
351	359	2	
345	351	4	
169	173	3	
179	181	-4	
169	175	3	
300	308	1	
302	310	2	
299	302	3	
259	261	-3	
323	324	-3	
403	405	-3	
56	60	3	
56	120	-2	
24	29	3	
26	90	3	
24	88	3	
202	204	1	
136	200	3	
428	436	1	
432	436	-2	
431	439	-2	
48	53	5	
49	113	3	
113	116	-2	
315	379	-3	
312	376	3	
186	189	4	
187	189	2	
212	220	-2	
209	215	-3	
456	460	-4	
458	463	3	
339	341	-2	
339	342	-5	
483	484	3	
481	487	3	
482	486	3	
203	267	-2	
202	266	2	
162	164	4	
163	164	-4	
162	165	2	
450	452	4	
451	455	5	
449	455	-4	
449	454	3	
369	374	-3	
147	211	1	
208	213	3	
144	208	2	
304	310	2	
310	318	6	
304	311	-3	
51	55	3	
50	114	2	
139	142	2	
24	28	-2	
25	28	-3	
440	445	-3	
505	511	-2	
429	437	-2	
433	438	1	
430	438	-1	
265	270	-4	
330	332	-4	
282	346	4	
346	348	5	
281	345	3	
322	327	-5	
16	20	-3	
17	81	-2	
80	87	4	
16	80	2	
293	301	-2	
114	178	3	
112	176	-2	
123	127	-3	
235	299	3	
218	221	4	
498	500	3	
499	501	-4	
368	372	-2	
365	373	2	
272	276	4	
273	278	-1	
401	406	4	
465	470	-2	
464	470	-2	
13	21	-1	
14	22	2	
386	389	-2	
387	390	2	
35	37	-3	
96	102	4	
106	111	-2	
106	170	-2	
201	265	-1	
264	271	3	
200	264	-3	
491	493	-4	
489	494	2	
155	157	-3	
153	159	-2	
480	485	-3	
416	480	4	
377	383	-2	
91	93	-4	
352	356	3	
355	359	4	
352	357	-3	
66	68	-4	
397	405	-1	
344	351	-2	
347	411	2	
344	408	1	
245	253	-2	
313	317	-3	
305	311	-2	
146	210	-1	
209	214	3	
145	209	-2	
164	172	2	
171	175	-2	
167	175	2	
285	293	2	
289	293	3	
287	295	-2	
333	341	-1	
334	342	-2	
328	334	-1	
393	398	3	
393	457	-3	
392	456	2	
466	468	-1	
474	476	-2	
176	183	2	
425	431	-2	
8	15	3	
256	262	-3	
417	481	-2	
235	236	3	
234	237	1	
232	237	5	
33	38	-4	
139	203	2	
203	205	2	
307	308	2	
308	316	2	
0	4	1	
1	65	4	
0	64	3	
340	348	-1	
146	150	-2	
152	158	3	
151	159	3	
146	151	3	
408	412	2	
354	358	-5	
92	100	2	
95	103	1	
247	255	-3	
280	287	-4	
19	83	2	
18	82	2	
163	227	-2	
227	231	-3	
321	326	-3	
104	110	-3	
104	168	-1	
435	439	3	
211	212	3	
213	221	2	
136	143	-3	
374	382	-1	
375	383	-2	
368	375	3	
385	388	2	
123	187	-1	
187	188	-3	
120	184	1	
194	198	2	
26	30	-3	
457	461	-2	
458	462	-3	
443	445	-2	
51	53	2	
49	55	-1	
475	477	3	
505	508	-2	
504	510	-2	
3	5	-3	
3	67	-3	
2	66	-2	
210	274	-3	
208	272	4	
328	335	3	
320	327	-1	
178	181	3	
345	409	-1	
32	36	-3	
216	220	2	
220	228	2	
226	228	2	
223	231	-2	
77	85	-1	
82	85	-4	
78	86	-1	
387	451	-3	
385	449	3	
107	108	-1	
315	318	2	
379	380	2	
264	269	-2	
144	149	4	
155	158	1	
152	157	2	
386	388	-2	
57	61	3	
248	252	3	
251	254	-1	
465	471	3	
9	14	3	
89	92	2	
88	93	-2	
282	284	-2	
356	364	-3	
115	179	2	
177	182	3	
113	177	1	
40	47	2	
81	84	-4	
211	215	1	
211	275	-5	
275	279	3	
209	273	-4	
329	333	-2	
1	6	-2	
409	414	-1	
474	479	-2	
259	263	-1	
297	300	-2	
25	31	-3	
362	426	1	
361	425	1	
347	349	3	
74	138	-2	
137	141	3	
224	230	3	
412	420	-1	
413	421	-1	
478	486	2	
482	487	2	
269	277	-1	
271	279	-2	
338	402	-2	
400	404	2	
336	400	-2	
242	246	-2	
242	306	-4	
217	223	-2	
153	217	2	
98	103	-2	
448	452	2	
165	173	3	
166	174	1	
18	22	-2	
195	259	2	
36	44	3	
37	45	-2	
371	373	-2	
371	435	2	
369	433	-2	
289	353	-2	
288	352	3	
251	252	2	
112	117	-2	
460	468	-2	
401	407	2	
154	158	2	
284	292	1	
286	294	-1	
298	302	-2	
338	340	-3	
97	101	-2	
93	101	1	
170	174	1	
225	229	-2	
161	225	-3	
236	244	-2	
241	247	-2	
420	428	-1	
422	430	-1	
4	12	1	
5	13	1	
257	262	-3	
38	46	3	
39	47	-2	
370	434	-1	
368	432	-1	
331	332	2	
88	95	1	
496	502	2	
148	156	2	
232	296	-2	
427	429	-3	
16	21	3	
80	85	-1	
258	261	-2	
256	263	2	
473	478	3	
50	52	-1	
71	79	2	
106	109	-1	
234	239	3	
329	334	1	
17	23	1	
90	94	2	
97	161	-1	
96	160	-1	
396	404	1	
411	415	-3	
108	116	1	
337	342	-2	
145	151	2	
144	150	2	
295	303	1	
50	54	2	
131	135	1	
323	387	1	
129	193	1	
128	192	-1	
343	351	1	
133	141	1	
312	319	-2	
105	108	-1	
11	75	1	
10	74	-1	
266	268	-1	
82	87	1	
99	163	-1	
98	162	-1	
185	249	2	
283	286	1	
147	148	-1	
179	180	1	
22	30	1	
23	31	1	
160	165	-1	
184	248	2	
376	440	-1	
394	458	-1	
372	380	-1	
243	307	2	
477	485	1	
84	92	-1	
109	117	1	
339	403	-1	
194	258	1	
494	502	-1	
495	503	1	
238	246	-1	
290	292	1	
99	100	1	
337	401	-1	
115	118	1	
270	278	-1	
281	285	1	
Energy:	-3298	
