NumberOfQubits	504	
NumberOfSubgraphs	588	
Serial	159	
PlantedSolution:	
0	1	
1	-1	
2	1	
3	-1	
4	1	
5	1	
6	-1	
8	-1	
9	1	
10	1	
11	1	
12	1	
13	-1	
14	-1	
15	1	
16	1	
17	1	
18	1	
19	1	
20	1	
21	-1	
22	1	
23	1	
24	-1	
25	-1	
26	1	
27	-1	
28	1	
29	-1	
30	-1	
31	1	
32	-1	
33	1	
34	1	
35	-1	
36	-1	
37	-1	
38	1	
39	1	
40	1	
41	1	
42	-1	
43	1	
44	-1	
45	-1	
46	1	
47	-1	
48	1	
49	1	
50	-1	
51	-1	
52	1	
53	-1	
54	-1	
55	-1	
56	1	
57	-1	
58	1	
59	-1	
60	-1	
61	-1	
62	-1	
63	-1	
64	1	
65	-1	
66	-1	
67	1	
68	-1	
69	-1	
70	1	
71	1	
72	1	
73	-1	
74	1	
75	-1	
76	1	
77	-1	
78	-1	
79	-1	
80	1	
81	1	
82	1	
83	-1	
84	1	
85	1	
86	1	
87	-1	
88	-1	
89	-1	
90	-1	
91	1	
92	1	
93	-1	
94	-1	
95	1	
96	-1	
97	-1	
98	-1	
99	1	
100	1	
101	1	
102	1	
103	-1	
104	1	
105	-1	
106	-1	
107	1	
108	1	
109	-1	
110	-1	
111	1	
112	1	
113	1	
114	-1	
115	-1	
116	1	
117	1	
118	1	
119	-1	
120	-1	
121	-1	
123	1	
124	-1	
125	-1	
126	1	
127	1	
128	-1	
129	-1	
130	-1	
131	1	
132	1	
133	-1	
134	-1	
135	1	
136	-1	
137	1	
138	1	
139	-1	
141	1	
142	1	
143	1	
144	-1	
145	-1	
146	1	
147	1	
148	-1	
149	1	
150	-1	
151	-1	
152	-1	
153	1	
154	-1	
155	1	
156	-1	
157	-1	
158	1	
159	1	
160	1	
161	-1	
162	1	
163	1	
164	1	
165	1	
166	-1	
167	1	
168	1	
169	-1	
170	-1	
171	1	
172	1	
173	1	
174	-1	
175	-1	
176	1	
177	-1	
178	1	
179	1	
180	-1	
181	1	
182	-1	
183	-1	
184	-1	
185	-1	
186	-1	
187	1	
188	-1	
189	1	
190	-1	
191	1	
192	1	
193	-1	
194	1	
195	1	
196	-1	
197	1	
198	-1	
199	1	
200	1	
201	1	
202	1	
203	1	
204	-1	
205	-1	
206	1	
207	1	
208	1	
209	1	
210	-1	
211	1	
212	-1	
213	-1	
214	1	
215	-1	
216	-1	
217	-1	
218	-1	
219	-1	
220	1	
221	-1	
222	1	
223	1	
224	-1	
225	-1	
226	-1	
227	1	
228	-1	
229	1	
230	-1	
231	1	
232	-1	
233	-1	
234	-1	
235	-1	
236	-1	
237	1	
238	1	
239	-1	
240	1	
241	1	
242	-1	
243	-1	
244	1	
245	-1	
246	-1	
247	1	
248	-1	
249	-1	
250	-1	
251	1	
252	1	
253	1	
254	-1	
255	1	
256	1	
257	1	
258	1	
259	1	
260	-1	
261	-1	
262	1	
263	1	
264	1	
265	-1	
266	-1	
267	1	
268	1	
269	1	
270	-1	
271	1	
272	1	
273	1	
274	-1	
275	-1	
276	-1	
277	1	
278	1	
279	1	
280	1	
281	-1	
282	-1	
283	-1	
284	1	
285	-1	
286	1	
287	1	
288	-1	
289	-1	
290	-1	
291	-1	
292	1	
293	-1	
294	-1	
295	-1	
296	-1	
297	1	
298	-1	
299	-1	
300	1	
301	-1	
302	-1	
303	-1	
304	1	
305	1	
306	-1	
307	1	
308	-1	
309	1	
310	1	
311	-1	
312	-1	
313	-1	
314	1	
315	1	
316	-1	
317	-1	
318	-1	
319	1	
320	-1	
321	-1	
322	-1	
323	1	
324	1	
325	-1	
326	1	
327	1	
328	-1	
329	1	
330	1	
331	1	
332	-1	
333	-1	
334	-1	
335	1	
336	-1	
337	1	
338	1	
339	1	
340	-1	
341	-1	
342	1	
343	-1	
344	1	
345	1	
346	-1	
347	-1	
348	-1	
349	1	
350	1	
351	1	
352	1	
353	-1	
354	-1	
355	-1	
356	1	
357	-1	
358	1	
359	1	
361	-1	
362	1	
363	-1	
364	1	
365	1	
367	1	
368	1	
369	-1	
370	-1	
371	1	
372	-1	
373	-1	
374	-1	
375	-1	
376	1	
377	1	
378	-1	
379	-1	
380	-1	
382	1	
383	1	
384	-1	
385	-1	
386	-1	
387	1	
388	1	
389	1	
390	1	
391	1	
392	1	
393	-1	
394	1	
396	1	
397	-1	
398	-1	
399	-1	
400	-1	
401	-1	
402	-1	
403	1	
404	1	
405	1	
406	-1	
407	-1	
408	1	
409	1	
410	-1	
411	-1	
412	1	
413	1	
414	1	
415	1	
416	1	
417	1	
418	-1	
419	1	
420	1	
421	-1	
422	-1	
424	-1	
425	-1	
426	1	
427	-1	
428	1	
429	-1	
430	1	
431	1	
432	1	
433	1	
434	1	
435	-1	
436	-1	
437	1	
438	1	
439	1	
440	-1	
441	1	
442	1	
443	1	
444	1	
445	1	
446	-1	
447	-1	
448	1	
449	-1	
450	-1	
451	-1	
452	-1	
453	1	
454	1	
455	1	
456	-1	
457	1	
458	1	
459	-1	
460	-1	
461	1	
462	1	
463	-1	
464	-1	
465	-1	
466	1	
467	-1	
468	-1	
469	1	
470	-1	
471	1	
472	-1	
473	1	
474	-1	
475	-1	
476	-1	
477	-1	
478	-1	
479	-1	
480	1	
481	1	
482	1	
483	-1	
484	1	
485	1	
486	-1	
487	1	
488	1	
489	1	
490	1	
491	-1	
492	1	
493	-1	
494	-1	
495	-1	
496	-1	
497	-1	
498	1	
499	1	
500	-1	
501	1	
502	1	
503	1	
504	-1	
505	-1	
506	1	
507	1	
508	1	
509	-1	
510	1	
511	1	
Js:	
466	470	5	
470	478	-2	
472	478	-4	
472	479	-2	
471	479	-2	
466	471	-2	
482	486	2	
486	494	-2	
490	494	3	
490	495	-4	
487	495	1	
482	487	-3	
211	213	3	
213	221	3	
219	221	-3	
219	222	6	
214	222	-3	
211	214	-3	
64	70	-4	
67	70	-3	
67	131	-2	
131	133	-2	
128	133	-4	
64	128	2	
72	76	-4	
76	84	-3	
83	84	3	
83	86	-2	
78	86	2	
72	78	3	
241	247	3	
242	247	4	
242	306	-2	
306	308	-4	
305	308	3	
241	305	-2	
400	405	3	
403	405	-3	
403	406	4	
402	406	-3	
402	407	2	
400	407	-2	
458	461	-3	
459	461	5	
459	463	-4	
457	463	4	
457	462	-3	
458	462	-6	
435	437	2	
437	445	-3	
440	445	3	
440	447	3	
439	447	4	
435	439	2	
168	175	2	
170	175	-3	
170	234	-2	
234	238	3	
232	238	3	
168	232	-1	
369	372	2	
371	372	2	
371	375	4	
370	375	-3	
370	373	-2	
369	373	-3	
272	277	-4	
275	277	2	
275	278	5	
273	278	-2	
273	279	-4	
272	279	-3	
347	349	3	
349	357	-1	
355	357	-2	
355	358	3	
350	358	-3	
347	350	4	
504	508	2	
506	508	-4	
506	509	-2	
507	509	2	
507	511	-3	
504	511	3	
338	341	-2	
339	341	4	
339	343	3	
336	343	-2	
336	342	3	
338	342	-3	
321	324	2	
324	332	3	
328	332	-2	
328	334	-3	
326	334	3	
321	326	4	
385	391	3	
386	391	3	
386	450	-4	
450	452	-2	
449	452	-4	
385	449	2	
113	116	-3	
114	116	2	
114	117	2	
115	117	3	
115	119	3	
113	119	2	
16	23	4	
18	23	-3	
18	82	-3	
82	85	-4	
80	85	-2	
16	80	-3	
192	196	-4	
193	196	-3	
193	199	3	
195	199	-3	
195	197	-3	
192	197	-5	
282	284	3	
284	292	3	
288	292	4	
288	294	-4	
286	294	2	
282	286	3	
185	188	4	
187	188	4	
187	191	-3	
184	191	5	
184	189	2	
185	189	3	
250	253	3	
251	253	-3	
251	315	1	
315	319	-3	
314	319	-4	
250	314	2	
41	44	4	
44	52	1	
51	52	4	
51	54	3	
46	54	2	
41	46	-3	
147	149	-4	
149	157	3	
155	157	4	
155	158	-3	
150	158	2	
147	150	-4	
10	13	3	
13	21	-4	
17	21	3	
17	22	-3	
14	22	3	
10	14	4	
200	206	-5	
203	206	-4	
203	267	-1	
267	268	-4	
264	268	5	
200	264	-2	
104	109	-1	
105	109	-2	
105	110	-3	
107	110	2	
107	111	-3	
104	111	-4	
152	159	3	
154	159	3	
154	218	-3	
218	220	-6	
216	220	2	
152	216	-3	
97	100	4	
98	100	5	
98	103	-3	
96	103	3	
96	102	4	
97	102	2	
411	413	3	
413	421	2	
416	421	3	
416	422	5	
414	422	1	
411	414	-4	
296	300	3	
298	300	4	
298	302	-3	
297	302	-3	
297	303	2	
296	303	-3	
176	181	-3	
178	181	-6	
178	183	4	
179	183	-3	
179	182	4	
176	182	3	
161	164	4	
163	164	-5	
163	167	-2	
160	167	3	
160	165	-4	
161	165	5	
1	4	2	
2	4	-3	
2	66	4	
66	68	-4	
65	68	-3	
1	65	-3	
25	28	3	
28	36	-1	
35	36	-3	
35	38	4	
30	38	1	
25	30	-5	
57	60	-5	
59	60	-4	
59	63	-2	
58	63	-6	
58	62	4	
57	62	-4	
89	92	4	
90	92	2	
90	94	4	
88	94	-3	
88	93	-2	
89	93	-4	
424	430	4	
427	430	2	
427	491	-4	
491	492	2	
488	492	-2	
424	488	-2	
248	252	2	
249	252	3	
249	313	2	
313	316	-3	
312	316	-2	
248	312	-1	
73	79	1	
74	79	5	
74	138	-2	
138	141	-6	
137	141	-3	
73	137	3	
377	380	4	
379	380	-2	
379	382	4	
376	382	-4	
376	383	-4	
377	383	4	
392	396	-5	
394	396	-1	
394	397	3	
393	397	4	
393	399	-4	
392	399	2	
258	260	-2	
259	260	4	
259	262	-4	
257	262	-3	
257	263	-5	
258	263	-3	
225	228	-3	
227	228	4	
227	230	-4	
224	230	-4	
224	229	4	
225	229	4	
432	436	4	
434	436	2	
434	498	1	
498	501	-3	
496	501	4	
432	496	1	
344	348	1	
346	348	-2	
346	410	-3	
410	412	4	
408	412	3	
344	408	-2	
120	124	-4	
121	124	2	
121	127	5	
123	127	-2	
123	126	-4	
120	126	3	
144	148	-4	
145	148	-3	
145	209	-1	
209	215	2	
208	215	4	
144	208	3	
320	325	1	
323	325	4	
323	387	-2	
387	390	-4	
384	390	4	
320	384	-2	
169	173	3	
171	173	-3	
171	235	-2	
235	237	5	
233	237	3	
169	233	-3	
465	468	-4	
468	476	-2	
473	476	3	
473	477	2	
469	477	2	
465	469	4	
265	270	-5	
266	270	-3	
266	330	3	
330	335	-3	
329	335	5	
265	329	2	
240	245	3	
243	245	-3	
243	307	3	
307	309	-4	
304	309	2	
240	304	-5	
417	420	-3	
419	420	-5	
419	483	4	
483	485	4	
481	485	1	
417	481	-3	
130	134	1	
134	142	4	
136	142	2	
136	143	6	
135	143	-2	
130	135	3	
289	295	-2	
290	295	-3	
290	354	-4	
354	359	-2	
353	359	5	
289	353	-2	
42	45	-3	
45	53	2	
50	53	-4	
50	55	-2	
47	55	-3	
42	47	-4	
26	29	3	
29	37	-3	
34	37	4	
34	39	-2	
31	39	3	
26	31	-1	
361	367	3	
362	367	-4	
362	426	2	
426	429	3	
425	429	-2	
361	425	-2	
8	12	-4	
12	20	-2	
19	20	-5	
19	23	-2	
15	23	-3	
8	15	3	
201	204	4	
203	204	-1	
203	205	3	
202	205	4	
202	207	-5	
201	207	-2	
283	285	2	
285	293	-3	
291	293	-4	
291	295	-4	
287	295	2	
283	287	3	
448	453	4	
451	453	2	
451	455	3	
449	455	3	
449	454	3	
448	454	-3	
433	436	4	
436	444	3	
441	444	-4	
441	446	2	
438	446	2	
433	438	-3	
498	500	4	
499	500	4	
499	502	-3	
497	502	-3	
497	503	5	
498	503	-3	
352	356	-2	
356	364	2	
363	364	3	
363	365	4	
357	365	2	
352	357	4	
170	172	3	
172	180	2	
177	180	-4	
177	182	-3	
174	182	1	
170	174	-4	
91	93	2	
93	101	-1	
99	101	-3	
99	103	3	
95	103	4	
91	95	-4	
48	53	3	
49	53	2	
49	113	3	
113	118	-2	
112	118	-2	
48	112	-4	
9	15	-5	
11	15	-4	
11	75	-3	
75	77	-4	
73	77	-3	
9	73	4	
146	148	4	
148	156	1	
153	156	3	
153	159	-4	
151	159	2	
146	151	2	
0	5	-3	
3	5	5	
3	67	2	
67	71	3	
64	71	-3	
0	64	-3	
210	212	-6	
211	212	-1	
211	275	2	
275	276	-2	
274	276	-2	
210	274	-3	
226	228	-2	
228	236	-2	
232	236	3	
232	239	-2	
231	239	1	
226	231	4	
256	261	2	
258	261	4	
258	322	1	
322	327	2	
320	327	4	
256	320	-1	
216	223	2	
217	223	-4	
217	281	-2	
281	286	3	
280	286	-3	
216	280	3	
401	404	2	
404	412	-1	
409	412	-4	
409	415	-2	
407	415	4	
401	407	4	
129	132	-3	
130	132	4	
130	194	3	
194	198	4	
193	198	-1	
129	193	-2	
331	332	3	
332	340	-1	
337	340	4	
337	341	3	
333	341	1	
331	333	5	
480	484	-3	
484	492	2	
489	492	-4	
489	493	3	
485	493	1	
480	485	-3	
456	460	4	
460	468	-1	
467	468	-3	
467	471	4	
463	471	1	
456	463	-4	
378	382	3	
379	443	3	
443	445	-1	
442	445	3	
378	442	2	
186	190	-4	
187	190	1	
187	251	-4	
251	254	2	
250	254	-3	
186	250	2	
305	310	-2	
310	318	4	
313	318	-3	
313	319	2	
311	319	3	
305	311	3	
40	44	4	
43	44	2	
43	107	-3	
107	108	-4	
104	108	1	
40	104	-3	
56	61	3	
57	61	-2	
57	121	-1	
121	125	-3	
120	125	3	
56	120	2	
266	268	2	
266	269	3	
267	269	-2	
267	271	-4	
264	271	-4	
72	77	-2	
77	85	1	
81	85	-3	
81	87	3	
79	87	-2	
72	79	1	
163	166	2	
162	166	3	
162	165	3	
410	414	2	
411	475	-2	
475	478	-2	
474	478	-2	
410	474	-2	
345	348	-5	
348	356	3	
355	356	4	
355	359	2	
351	359	-1	
345	351	-3	
233	236	-4	
236	244	2	
243	244	2	
243	246	-3	
238	246	2	
233	238	3	
26	28	-4	
27	28	3	
27	31	5	
24	31	5	
24	30	4	
26	30	3	
368	372	3	
371	374	3	
369	374	-4	
368	373	-2	
505	508	4	
507	508	-3	
507	510	3	
506	510	-2	
506	511	-4	
505	511	3	
424	428	4	
425	428	2	
425	431	4	
427	431	3	
427	429	3	
424	429	-3	
297	301	3	
299	301	-3	
299	363	-3	
361	365	3	
297	361	3	
386	388	3	
387	388	-2	
387	391	-3	
385	389	-4	
386	389	4	
1	6	-5	
2	6	3	
66	69	3	
65	69	-6	
33	36	3	
35	37	-2	
32	37	-3	
32	39	4	
33	39	3	
353	358	-2	
354	358	4	
354	418	-2	
418	420	4	
353	417	3	
309	317	2	
312	317	-4	
312	318	2	
307	310	-4	
394	398	4	
392	398	3	
129	133	-3	
133	141	2	
139	141	3	
139	142	4	
129	134	3	
401	405	4	
401	465	-2	
464	469	2	
400	464	3	
241	246	2	
246	254	-3	
248	254	-3	
248	255	4	
247	255	-2	
41	45	3	
42	106	4	
106	111	2	
105	111	3	
41	105	4	
88	92	4	
89	95	3	
91	94	3	
48	52	-3	
51	115	-2	
112	119	1	
208	214	-2	
209	214	-3	
209	273	-2	
273	276	3	
272	276	3	
208	272	1	
9	13	2	
19	21	1	
19	22	4	
9	14	1	
222	230	1	
224	231	2	
223	231	-2	
219	223	-1	
179	180	-2	
179	181	-2	
177	183	-4	
194	196	2	
194	199	-2	
195	198	3	
192	198	2	
299	300	2	
300	308	2	
306	311	1	
303	311	-1	
299	303	-3	
257	260	2	
256	262	4	
256	263	-3	
482	484	2	
481	487	-3	
481	486	4	
480	486	4	
56	60	5	
58	60	-1	
59	62	-3	
59	61	-4	
74	76	-3	
82	84	3	
82	86	-2	
74	78	2	
100	108	2	
106	108	4	
106	109	-2	
101	109	2	
98	101	3	
280	287	-4	
283	347	-2	
344	350	-2	
280	344	-3	
440	444	3	
441	447	2	
442	447	2	
442	446	4	
440	446	-3	
497	500	-4	
499	501	-3	
496	502	4	
168	172	-2	
169	172	4	
169	175	-4	
171	175	3	
168	173	-4	
451	452	-3	
452	460	-1	
457	460	6	
454	462	2	
451	454	5	
226	229	3	
226	290	-2	
290	294	2	
289	294	-2	
225	289	-3	
186	189	4	
185	190	-2	
185	191	-2	
339	342	-3	
339	403	1	
338	402	2	
322	324	-5	
323	324	-2	
323	327	-3	
321	327	3	
321	325	-4	
322	325	-3	
472	476	-3	
473	479	3	
474	479	-3	
474	477	4	
472	477	-3	
217	220	3	
218	282	-1	
281	284	2	
40	46	-2	
49	54	3	
49	55	-1	
40	47	3	
329	333	1	
330	333	2	
330	334	3	
328	335	3	
80	87	2	
83	87	-5	
83	147	2	
144	150	-1	
80	144	3	
117	125	3	
123	125	3	
118	126	2	
114	118	4	
490	493	3	
488	495	5	
488	494	2	
489	494	4	
426	430	-3	
430	438	-1	
434	438	-3	
434	439	-2	
431	439	1	
426	431	-3	
137	143	-3	
137	201	-2	
201	206	3	
136	200	3	
152	156	-3	
154	156	-4	
154	158	2	
152	157	4	
242	244	2	
244	252	-2	
249	253	2	
245	253	-1	
242	245	-3	
202	204	3	
204	212	-1	
210	213	-2	
205	213	1	
32	38	2	
33	38	-2	
33	97	6	
32	96	-5	
265	269	5	
269	277	1	
274	277	4	
274	278	2	
270	278	2	
292	300	-1	
298	301	-2	
293	301	2	
288	293	-1	
419	421	3	
418	422	2	
340	348	-2	
343	351	2	
337	343	2	
386	390	1	
450	453	4	
384	448	3	
368	374	4	
370	374	-2	
370	434	4	
434	437	2	
432	437	-2	
368	432	-4	
0	4	4	
4	12	-2	
11	12	-2	
11	14	3	
6	14	-2	
0	6	2	
378	380	-4	
146	149	-2	
147	151	1	
145	151	-5	
145	150	2	
146	150	4	
131	135	2	
128	135	2	
235	236	-2	
234	237	-2	
234	239	-4	
233	239	-2	
153	158	-3	
158	166	2	
160	166	4	
159	167	-1	
17	20	-4	
18	20	-3	
18	22	-2	
16	22	-2	
17	23	-2	
411	412	-1	
411	415	4	
408	415	-2	
408	413	-3	
409	413	-3	
25	29	-3	
27	29	-3	
504	510	4	
504	509	2	
505	509	-4	
461	469	-1	
464	470	-3	
462	470	-1	
459	462	3	
315	316	4	
315	317	-2	
314	317	2	
314	318	3	
362	364	-3	
364	372	3	
368	375	1	
367	375	-3	
291	294	-3	
294	302	1	
296	302	-2	
295	303	-2	
116	124	2	
119	127	3	
114	119	-4	
396	404	2	
400	404	3	
400	406	-3	
398	406	-2	
68	76	2	
75	76	-1	
69	77	-2	
281	285	-3	
282	285	-3	
282	346	-3	
346	349	3	
345	349	2	
281	345	2	
433	437	-2	
435	499	-1	
499	503	-3	
433	497	1	
139	203	3	
203	207	2	
138	202	-4	
3	4	3	
10	12	-2	
5	13	-2	
268	276	1	
271	279	-2	
37	45	-2	
43	45	2	
43	46	-4	
38	46	3	
34	38	-2	
218	221	-2	
218	223	2	
215	223	3	
211	215	4	
176	180	3	
180	188	2	
186	188	-2	
181	189	-1	
240	246	1	
304	310	2	
464	468	-3	
325	333	-2	
331	334	3	
323	326	-3	
162	167	-4	
163	227	-2	
162	226	-1	
193	197	2	
195	259	-2	
259	261	2	
257	261	3	
193	257	-3	
99	102	4	
102	110	1	
103	111	1	
427	428	2	
491	495	-3	
453	461	-2	
456	461	5	
455	463	1	
450	455	-3	
384	388	3	
385	388	4	
387	389	-2	
85	93	2	
90	93	-5	
86	94	2	
81	86	-4	
53	61	-2	
58	61	3	
55	63	-1	
475	476	-3	
476	484	2	
483	484	-2	
483	487	4	
479	487	1	
475	479	-3	
443	444	-3	
443	447	3	
441	445	-4	
274	338	2	
338	340	2	
336	340	3	
272	336	2	
171	172	2	
171	174	3	
128	132	2	
129	135	3	
130	133	-3	
250	252	3	
251	252	-2	
248	253	-3	
250	255	3	
353	356	2	
354	356	-1	
352	358	-2	
352	359	-2	
394	458	-1	
458	460	2	
393	457	1	
73	78	2	
8	72	3	
216	222	2	
219	283	-2	
16	21	3	
18	21	3	
80	84	-2	
194	197	-1	
197	205	3	
200	205	1	
198	206	-2	
361	364	3	
417	422	-4	
419	422	1	
483	486	-2	
237	245	2	
239	247	2	
235	239	-3	
320	324	4	
322	326	2	
266	271	3	
267	331	-2	
330	332	2	
32	36	-2	
36	44	-2	
39	47	-1	
146	210	-1	
208	212	2	
408	414	-4	
408	472	-2	
107	109	3	
305	309	-1	
306	309	4	
306	370	-1	
305	369	-1	
341	349	-2	
347	351	4	
501	509	2	
505	510	3	
502	510	-2	
435	438	-3	
432	439	-3	
50	52	2	
52	60	1	
56	62	-1	
54	62	-2	
50	54	-3	
112	116	-5	
115	116	-1	
113	117	-2	
182	190	1	
184	190	-4	
183	191	2	
176	183	3	
448	452	2	
91	155	-1	
155	156	2	
89	153	-2	
66	70	3	
70	78	3	
75	78	-2	
75	79	2	
71	79	3	
66	71	2	
227	229	-1	
225	231	3	
312	319	2	
314	378	3	
376	380	-2	
312	376	3	
443	446	3	
443	507	-3	
440	504	1	
162	164	-2	
161	166	-2	
261	269	3	
262	270	-1	
258	262	-2	
19	83	2	
17	81	-2	
405	413	-2	
490	492	-3	
491	493	-3	
491	494	-2	
291	292	2	
291	355	2	
288	352	4	
196	204	-4	
199	207	-3	
192	199	-1	
24	29	-2	
26	90	3	
24	88	-2	
234	298	-2	
296	301	-3	
232	296	3	
418	421	-3	
418	482	-3	
482	485	-4	
416	480	-2	
365	373	4	
371	373	1	
363	367	2	
56	63	3	
59	123	-1	
3	6	-2	
2	5	-2	
136	141	-2	
138	142	-2	
137	142	-3	
402	404	4	
403	404	-2	
403	467	3	
467	469	3	
466	469	2	
402	466	2	
240	244	3	
241	244	-3	
304	311	4	
251	255	-2	
249	255	3	
185	249	-3	
104	110	3	
106	110	3	
106	170	-1	
168	174	3	
104	168	-2	
315	379	2	
379	383	3	
313	377	2	
145	149	1	
154	157	2	
329	393	3	
393	396	2	
328	392	2	
272	278	1	
275	339	1	
289	293	-3	
217	222	2	
35	39	1	
35	99	4	
97	101	2	
67	68	1	
67	69	3	
65	71	-3	
131	132	3	
131	134	3	
128	134	-3	
344	349	-3	
346	350	2	
344	351	-3	
426	428	-2	
424	431	-1	
42	44	1	
43	47	3	
256	260	3	
259	263	-2	
384	389	2	
298	303	-3	
11	13	2	
458	463	2	
456	462	-1	
123	124	4	
178	182	2	
51	55	-4	
48	55	3	
155	219	3	
216	221	-2	
280	284	-1	
290	292	2	
75	139	-2	
34	98	3	
308	316	-3	
401	406	-1	
399	407	-1	
394	399	4	
274	279	1	
338	343	-3	
273	337	-1	
57	63	-2	
165	173	-2	
167	175	2	
184	248	-1	
220	228	1	
224	228	-2	
221	229	2	
466	468	3	
465	470	-2	
465	471	2	
464	471	3	
209	212	3	
210	214	-3	
209	213	3	
109	117	2	
115	118	2	
110	118	2	
371	435	4	
432	438	-2	
480	487	-2	
16	20	-2	
488	493	3	
489	495	2	
241	245	-2	
345	350	-3	
307	308	-1	
302	310	2	
299	302	-3	
107	171	1	
328	333	-3	
243	247	-1	
201	265	1	
264	270	2	
144	149	2	
73	76	-1	
72	136	1	
378	383	-2	
410	413	1	
410	415	2	
227	231	-2	
227	291	-1	
91	92	-2	
156	164	-1	
362	365	-3	
369	375	-2	
260	268	3	
428	436	1	
429	437	1	
1	5	2	
276	284	3	
283	284	2	
283	286	-3	
278	286	-2	
49	52	-3	
99	100	1	
115	179	1	
114	178	1	
131	195	-2	
475	477	-2	
473	478	4	
397	405	1	
392	397	2	
354	357	-3	
339	340	2	
337	342	-3	
336	341	-2	
498	502	1	
496	503	3	
105	108	2	
8	14	-3	
10	74	-2	
74	77	2	
377	382	2	
377	441	-2	
390	398	3	
391	399	3	
64	68	2	
94	102	2	
88	95	2	
370	372	-2	
433	439	-2	
369	433	2	
277	285	3	
281	287	2	
279	287	2	
275	279	2	
212	220	1	
329	332	3	
327	335	-2	
263	271	1	
481	484	-3	
139	143	2	
121	126	3	
120	127	2	
177	241	2	
176	240	-2	
242	246	-3	
345	409	1	
355	419	-1	
387	451	1	
232	237	2	
233	297	1	
297	300	-2	
160	224	2	
80	86	-2	
81	145	2	
144	151	1	
34	36	3	
467	470	1	
442	444	-1	
442	506	2	
425	430	3	
402	405	1	
184	188	-2	
186	191	2	
313	317	-2	
84	92	1	
87	95	1	
225	230	-2	
226	230	-2	
290	293	1	
448	455	-2	
9	12	-2	
40	45	2	
51	53	-1	
108	116	-1	
112	117	2	
25	89	1	
147	148	2	
195	196	-1	
200	204	1	
200	207	-2	
96	100	1	
459	460	-2	
477	485	1	
409	414	-2	
409	473	-2	
128	192	1	
160	164	-1	
163	165	-2	
161	167	2	
235	238	2	
307	311	2	
352	416	-2	
500	508	-1	
503	511	-1	
329	334	-2	
98	102	1	
153	157	1	
152	158	2	
111	119	-1	
201	205	2	
315	318	-2	
359	367	-2	
393	398	2	
450	454	-1	
449	453	2	
187	189	2	
48	54	-1	
179	243	2	
147	211	1	
169	174	-2	
388	396	-2	
389	397	2	
42	46	2	
374	382	-1	
375	383	1	
288	295	1	
412	420	1	
304	308	-1	
474	476	-1	
27	91	-2	
273	277	2	
347	348	-1	
320	326	2	
331	335	1	
155	159	-1	
153	217	-1	
99	163	1	
98	162	1	
492	500	-1	
496	500	-2	
494	502	1	
194	258	-2	
406	414	1	
267	270	1	
210	215	1	
234	236	-1	
298	362	-2	
50	114	1	
336	400	-2	
493	501	1	
497	501	1	
495	503	-1	
249	254	-1	
420	428	1	
421	429	-2	
435	436	2	
217	221	-2	
24	28	1	
282	287	1	
346	351	-1	
96	101	-1	
240	247	-2	
208	213	2	
289	292	2	
178	180	1	
173	181	-1	
170	173	-1	
384	391	2	
219	220	1	
403	407	-1	
230	238	-1	
142	150	1	
143	151	1	
426	490	1	
301	309	-1	
8	13	-1	
166	174	1	
65	70	1	
425	489	-1	
92	100	1	
10	15	-1	
264	328	1	
376	440	1	
177	181	1	
27	30	-1	
82	87	1	
82	146	1	
321	385	1	
164	172	1	
337	401	1	
192	256	-1	
417	421	1	
422	430	1	
161	225	1	
88	152	-1	
330	394	-1	
265	268	-1	
322	386	-1	
Energy:	-2506	
