NumberOfQubits	504	
NumberOfSubgraphs	588	
Serial	6	
PlantedSolution:	
0	-1	
1	-1	
2	1	
3	-1	
4	1	
5	1	
6	1	
8	-1	
9	-1	
10	1	
11	1	
12	1	
13	-1	
14	1	
15	-1	
16	-1	
17	-1	
18	1	
19	-1	
20	-1	
21	1	
22	-1	
23	1	
24	1	
25	-1	
26	1	
27	1	
28	1	
29	1	
30	-1	
31	-1	
32	-1	
33	1	
34	1	
35	-1	
36	-1	
37	-1	
38	1	
39	1	
40	1	
41	-1	
42	1	
43	-1	
44	-1	
45	1	
46	-1	
47	-1	
48	-1	
49	1	
50	1	
51	1	
52	-1	
53	1	
54	1	
55	1	
56	-1	
57	-1	
58	-1	
59	1	
60	1	
61	-1	
62	1	
63	1	
64	-1	
65	1	
66	1	
67	1	
68	1	
69	-1	
70	1	
71	-1	
72	-1	
73	1	
74	-1	
75	-1	
76	-1	
77	-1	
78	1	
79	-1	
80	-1	
81	-1	
82	1	
83	-1	
84	1	
85	1	
86	-1	
87	-1	
88	1	
89	1	
90	1	
91	-1	
92	-1	
93	-1	
94	1	
95	1	
96	1	
97	-1	
98	1	
99	-1	
100	1	
101	1	
102	1	
103	-1	
104	-1	
105	-1	
106	1	
107	1	
108	-1	
109	1	
110	1	
111	1	
112	1	
113	-1	
114	-1	
115	-1	
116	1	
117	1	
118	-1	
119	1	
120	-1	
121	-1	
123	1	
124	1	
125	-1	
126	-1	
127	1	
128	-1	
129	1	
130	1	
131	-1	
132	1	
133	1	
134	1	
135	-1	
136	1	
137	1	
138	-1	
139	1	
141	1	
142	1	
143	1	
144	1	
145	1	
146	1	
147	-1	
148	-1	
149	-1	
150	-1	
151	1	
152	-1	
153	1	
154	1	
155	1	
156	1	
157	-1	
158	-1	
159	-1	
160	1	
161	1	
162	-1	
163	-1	
164	1	
165	1	
166	1	
167	-1	
168	1	
169	1	
170	1	
171	-1	
172	-1	
173	1	
174	-1	
175	1	
176	1	
177	1	
178	-1	
179	1	
180	-1	
181	-1	
182	-1	
183	-1	
184	1	
185	-1	
186	-1	
187	1	
188	1	
189	1	
190	1	
191	1	
192	-1	
193	1	
194	-1	
195	1	
196	-1	
197	1	
198	-1	
199	-1	
200	1	
201	-1	
202	-1	
203	1	
204	1	
205	1	
206	1	
207	1	
208	-1	
209	-1	
210	1	
211	-1	
212	1	
213	1	
214	-1	
215	-1	
216	-1	
217	-1	
218	1	
219	1	
220	1	
221	1	
222	1	
223	-1	
224	1	
225	1	
226	-1	
227	1	
228	1	
229	1	
230	-1	
231	1	
232	-1	
233	1	
234	-1	
235	1	
236	1	
237	1	
238	1	
239	-1	
240	-1	
241	-1	
242	-1	
243	-1	
244	1	
245	-1	
246	-1	
247	1	
248	-1	
249	-1	
250	1	
251	1	
252	-1	
253	-1	
254	1	
255	-1	
256	-1	
257	1	
258	-1	
259	1	
260	-1	
261	1	
262	-1	
263	-1	
264	-1	
265	-1	
266	1	
267	1	
268	1	
269	1	
270	1	
271	-1	
272	-1	
273	-1	
274	-1	
275	1	
276	1	
277	1	
278	1	
279	-1	
280	-1	
281	-1	
282	-1	
283	-1	
284	-1	
285	-1	
286	-1	
287	1	
288	-1	
289	1	
290	-1	
291	-1	
292	-1	
293	1	
294	-1	
295	-1	
296	1	
297	1	
298	1	
299	-1	
300	-1	
301	-1	
302	-1	
303	-1	
304	1	
305	-1	
306	1	
307	-1	
308	1	
309	-1	
310	1	
311	-1	
312	-1	
313	-1	
314	1	
315	-1	
316	1	
317	1	
318	1	
319	-1	
320	1	
321	-1	
322	-1	
323	-1	
324	-1	
325	-1	
326	1	
327	1	
328	1	
329	1	
330	-1	
331	1	
332	-1	
333	1	
334	1	
335	1	
336	-1	
337	-1	
338	1	
339	1	
340	1	
341	1	
342	-1	
343	-1	
344	-1	
345	1	
346	-1	
347	-1	
348	-1	
349	1	
350	1	
351	1	
352	-1	
353	1	
354	1	
355	1	
356	-1	
357	-1	
358	1	
359	-1	
361	-1	
362	1	
363	-1	
364	1	
365	-1	
367	-1	
368	1	
369	-1	
370	1	
371	-1	
372	1	
373	-1	
374	-1	
375	-1	
376	1	
377	-1	
378	-1	
379	-1	
380	-1	
382	1	
383	-1	
384	-1	
385	1	
386	-1	
387	-1	
388	1	
389	-1	
390	-1	
391	1	
392	1	
393	1	
394	1	
396	-1	
397	-1	
398	1	
399	-1	
400	1	
401	1	
402	-1	
403	1	
404	-1	
405	1	
406	-1	
407	1	
408	-1	
409	1	
410	1	
411	1	
412	1	
413	1	
414	-1	
415	-1	
416	-1	
417	-1	
418	1	
419	-1	
420	-1	
421	-1	
422	1	
424	1	
425	1	
426	1	
427	-1	
428	1	
429	-1	
430	-1	
431	-1	
432	-1	
433	1	
434	1	
435	1	
436	-1	
437	1	
438	1	
439	1	
440	-1	
441	1	
442	1	
443	1	
444	1	
445	-1	
446	1	
447	-1	
448	1	
449	-1	
450	-1	
451	-1	
452	1	
453	-1	
454	1	
455	-1	
456	1	
457	1	
458	1	
459	-1	
460	1	
461	1	
462	1	
463	-1	
464	-1	
465	1	
466	1	
467	-1	
468	1	
469	1	
470	1	
471	-1	
472	-1	
473	1	
474	-1	
475	-1	
476	-1	
477	1	
478	-1	
479	1	
480	1	
481	1	
482	1	
483	1	
484	1	
485	-1	
486	1	
487	-1	
488	-1	
489	1	
490	-1	
491	1	
492	-1	
493	1	
494	-1	
495	-1	
496	1	
497	-1	
498	-1	
499	1	
500	1	
501	1	
502	1	
503	1	
504	-1	
505	1	
506	-1	
507	-1	
508	1	
509	-1	
510	1	
511	-1	
Js:	
456	461	3	
458	461	-4	
458	463	2	
457	463	4	
457	462	-3	
456	462	-2	
361	364	4	
364	372	2	
368	372	-4	
368	375	2	
367	375	-4	
361	367	-3	
216	220	3	
218	220	-4	
218	282	-2	
282	287	1	
280	287	4	
216	280	-3	
337	340	3	
338	340	-4	
338	343	2	
339	343	4	
339	341	-3	
337	341	4	
305	310	2	
310	318	-5	
315	318	2	
315	319	-3	
311	319	3	
305	311	-4	
232	239	-3	
235	239	4	
235	299	-3	
299	301	-2	
296	301	3	
232	296	4	
264	269	3	
267	269	-4	
267	331	-3	
331	335	4	
328	335	-4	
264	328	2	
9	12	5	
10	12	1	
10	15	5	
11	15	3	
11	14	-4	
9	14	3	
178	181	-3	
181	189	4	
186	189	4	
186	190	3	
182	190	4	
178	182	5	
433	437	-4	
435	437	-5	
435	438	-1	
434	438	-4	
434	439	-2	
433	439	3	
416	420	-4	
417	420	-3	
417	481	3	
481	484	-6	
480	484	-3	
416	480	-5	
120	126	-2	
121	126	5	
121	185	-1	
185	191	3	
184	191	-3	
120	184	1	
496	500	-4	
498	500	3	
498	503	3	
497	503	3	
497	502	3	
496	502	-3	
168	172	3	
171	172	-1	
171	175	3	
169	175	-2	
169	173	-5	
168	173	4	
441	446	-3	
443	446	-4	
443	507	3	
507	510	3	
505	510	3	
441	505	-3	
354	359	4	
355	359	-1	
355	419	2	
419	422	4	
418	422	-2	
354	418	-1	
402	404	-3	
404	412	3	
410	412	-3	
410	413	-2	
405	413	-2	
402	405	-3	
449	452	4	
451	452	2	
451	454	3	
448	454	-3	
448	453	4	
449	453	-4	
473	476	-1	
475	476	-3	
475	478	-3	
474	478	-3	
474	479	3	
473	479	-2	
24	29	-3	
26	29	-5	
26	90	-3	
90	95	3	
88	95	-4	
24	88	-2	
35	38	-2	
38	46	2	
43	46	-4	
43	47	-3	
39	47	3	
35	39	5	
345	348	-4	
346	348	-3	
346	350	4	
347	350	2	
347	349	4	
345	349	-1	
16	23	-3	
17	23	4	
17	81	-3	
81	87	-5	
80	87	-2	
16	80	-3	
209	214	-3	
214	222	2	
217	222	4	
217	223	-3	
215	223	-3	
209	215	2	
105	108	-4	
107	108	4	
107	109	-4	
106	109	-2	
106	110	-3	
105	110	3	
288	292	-3	
289	292	5	
289	353	-2	
353	356	-3	
352	356	-4	
288	352	-2	
322	324	-4	
324	332	2	
330	332	-3	
330	334	3	
326	334	-2	
322	326	4	
386	388	1	
387	388	-3	
387	389	-3	
384	389	-5	
384	390	-3	
386	390	-4	
64	68	2	
65	68	-5	
65	129	-1	
129	134	-5	
128	134	-3	
64	128	-2	
113	116	5	
115	116	3	
115	117	-2	
112	117	-5	
112	119	-2	
113	119	2	
130	135	4	
131	135	-5	
131	195	2	
195	197	-3	
194	197	3	
130	194	-2	
224	229	-3	
225	229	-3	
225	230	2	
227	230	5	
227	231	-2	
224	231	-2	
56	61	-6	
57	61	-5	
57	62	1	
58	62	6	
58	63	-4	
56	63	3	
200	204	3	
202	204	2	
202	207	5	
201	207	2	
201	205	4	
200	205	-2	
265	270	3	
270	278	-2	
272	278	4	
272	279	-3	
271	279	-3	
265	271	-2	
145	148	3	
148	156	4	
155	156	-2	
155	159	3	
151	159	4	
145	151	1	
146	149	3	
149	157	-4	
153	157	3	
153	158	3	
150	158	2	
146	150	2	
241	244	4	
242	244	-2	
242	246	-3	
240	246	-3	
240	247	3	
241	247	1	
97	103	-3	
99	103	-2	
99	163	1	
163	166	4	
161	166	-3	
97	161	1	
66	70	-3	
70	78	-4	
75	78	3	
75	79	4	
71	79	-3	
66	71	4	
248	253	-3	
249	253	-3	
249	254	-4	
251	254	-3	
251	255	2	
248	255	-3	
25	31	-5	
27	31	2	
27	91	1	
91	94	5	
89	94	2	
25	89	2	
50	52	2	
51	52	3	
51	55	-3	
48	55	3	
48	53	-4	
50	53	-3	
424	428	-3	
427	428	3	
427	430	-3	
426	430	-2	
426	431	5	
424	431	3	
483	486	-5	
486	494	2	
488	494	-4	
488	495	4	
487	495	-3	
483	487	3	
440	445	-3	
442	445	2	
442	506	3	
506	509	-3	
504	509	-4	
440	504	-3	
393	398	-2	
398	406	4	
401	406	2	
401	407	-4	
399	407	3	
393	399	4	
1	4	6	
3	4	4	
3	5	4	
2	5	-4	
2	6	3	
1	6	5	
466	468	-3	
467	468	4	
467	470	3	
465	470	-2	
465	471	5	
466	471	3	
312	317	-2	
313	317	4	
313	377	-3	
377	380	-4	
376	380	3	
312	376	4	
138	141	2	
139	141	-3	
139	143	-6	
136	143	-3	
136	142	-5	
138	142	4	
18	20	2	
19	20	-5	
19	83	-4	
83	86	-4	
82	86	4	
18	82	-4	
192	199	-3	
193	199	5	
193	257	1	
257	263	5	
256	263	-4	
192	256	-2	
233	236	-4	
234	236	3	
234	298	1	
298	300	3	
297	300	-3	
233	297	-2	
33	36	3	
36	44	2	
41	44	-3	
41	45	3	
37	45	3	
33	37	3	
210	212	-5	
211	212	3	
211	275	2	
275	276	-4	
274	276	4	
210	274	-1	
96	100	-4	
98	100	-2	
98	162	2	
162	165	4	
160	165	3	
96	160	-2	
306	309	4	
307	309	-3	
307	371	1	
371	373	-5	
370	373	3	
306	370	-3	
283	285	-5	
285	293	3	
291	293	3	
291	294	-3	
286	294	-4	
283	286	-3	
258	260	-4	
259	260	5	
259	261	-4	
257	261	-3	
257	262	3	
258	262	3	
176	180	3	
179	180	2	
179	183	3	
177	183	4	
177	181	-1	
176	181	3	
320	325	2	
323	325	-3	
323	326	3	
321	326	1	
321	327	4	
320	327	3	
409	413	-4	
411	413	-1	
411	414	4	
408	414	-3	
408	415	-3	
409	415	-2	
489	492	4	
491	492	3	
491	494	-2	
490	494	-2	
490	493	3	
489	493	-3	
72	76	3	
74	76	-4	
74	78	4	
73	78	-2	
73	77	1	
72	77	-3	
314	316	-3	
315	316	3	
315	379	3	
379	383	-3	
378	383	-3	
314	378	4	
8	13	4	
13	21	3	
18	21	-3	
18	22	2	
14	22	2	
8	14	2	
144	151	-2	
147	151	3	
147	211	-3	
211	213	4	
208	213	-1	
144	208	5	
80	84	4	
84	92	4	
90	92	3	
90	93	-1	
85	93	3	
80	85	3	
290	294	-5	
294	302	1	
296	302	2	
296	303	3	
295	303	-2	
290	295	-3	
120	124	4	
121	124	2	
121	125	-3	
123	125	2	
123	127	-5	
120	127	3	
392	396	3	
396	404	-3	
403	404	-2	
403	405	-2	
397	405	2	
392	397	3	
104	110	3	
110	118	1	
114	118	-3	
114	119	2	
111	119	-2	
104	111	-3	
432	436	-3	
436	444	5	
443	444	2	
443	447	2	
439	447	4	
432	439	2	
361	365	3	
363	365	-4	
363	427	-3	
427	429	-4	
425	429	3	
361	425	3	
265	268	4	
266	268	-4	
266	330	4	
330	333	-2	
329	333	-3	
265	329	3	
240	245	-2	
243	245	-3	
243	307	2	
307	308	3	
304	308	-4	
240	304	3	
464	468	-2	
468	476	3	
472	476	-3	
472	477	4	
469	477	-2	
464	469	4	
385	391	-5	
386	391	2	
386	450	3	
450	455	-3	
449	455	-3	
385	449	1	
194	196	-4	
196	204	-3	
203	204	-3	
203	206	-4	
198	206	3	
194	198	-3	
186	188	2	
187	188	5	
187	251	-3	
251	252	3	
250	252	2	
186	250	2	
280	284	-2	
281	284	-3	
281	345	3	
345	351	-4	
344	351	3	
280	344	-3	
49	52	4	
52	60	2	
59	60	-4	
59	62	4	
54	62	-3	
49	54	-4	
272	277	-3	
273	277	3	
273	337	-1	
337	342	-3	
336	342	-4	
272	336	-1	
219	220	1	
220	228	-2	
226	228	4	
226	229	4	
221	229	-2	
219	221	-3	
152	156	1	
156	164	2	
163	164	3	
163	167	-2	
159	167	-1	
152	159	-3	
369	374	3	
374	382	3	
376	382	-3	
376	383	3	
375	383	-2	
369	375	-2	
32	38	3	
34	38	-2	
34	98	-4	
98	101	-2	
96	101	-1	
32	96	-4	
499	501	4	
501	509	4	
504	511	-3	
503	511	4	
499	503	-3	
0	5	4	
3	67	3	
67	69	6	
64	69	2	
0	64	-2	
416	421	-3	
418	421	3	
418	482	-6	
482	485	2	
480	485	3	
170	174	2	
171	174	3	
171	235	2	
235	237	-2	
234	237	5	
170	234	2	
40	45	2	
42	45	-4	
42	47	3	
41	47	-3	
41	46	-3	
40	46	3	
457	460	-1	
459	460	4	
459	462	4	
456	463	-3	
354	356	3	
354	358	-3	
355	358	-4	
355	357	2	
352	357	2	
24	28	-5	
27	28	-3	
27	30	5	
26	30	-3	
130	132	-5	
131	132	2	
131	133	-4	
129	133	-3	
129	135	3	
394	398	5	
400	406	4	
400	407	-2	
394	399	3	
91	93	-3	
93	101	2	
99	101	3	
99	102	4	
94	102	1	
72	79	-4	
73	79	5	
73	137	-3	
137	142	-4	
72	136	-1	
230	238	2	
233	238	4	
233	239	2	
231	239	3	
497	500	3	
500	508	-3	
507	508	3	
502	510	-3	
152	157	-3	
154	157	3	
154	218	-1	
218	221	-3	
216	221	2	
152	216	2	
298	302	5	
299	302	-2	
299	363	1	
363	364	4	
362	364	-4	
298	362	-2	
83	147	-2	
147	148	-3	
146	148	2	
82	146	1	
184	189	-3	
185	189	4	
185	249	-2	
248	254	2	
184	248	3	
478	486	-2	
479	487	3	
169	172	3	
170	172	4	
170	175	-5	
168	175	-1	
104	109	3	
105	111	4	
51	54	-3	
51	115	3	
49	113	-2	
8	12	4	
9	13	-3	
10	13	-1	
8	15	-3	
277	285	1	
283	287	-2	
279	287	1	
273	279	-3	
179	243	2	
241	245	-3	
177	241	-2	
205	213	-2	
210	213	-4	
210	215	3	
207	215	-2	
336	340	2	
339	340	-2	
339	342	3	
338	342	3	
338	341	3	
336	341	3	
369	372	5	
369	373	-2	
371	374	-3	
368	374	-3	
309	317	4	
314	317	-2	
314	319	4	
306	311	3	
291	292	-3	
288	293	2	
288	295	-4	
289	295	-2	
34	36	3	
35	36	-3	
32	39	-2	
32	37	-3	
34	37	3	
66	68	-3	
66	69	3	
67	71	2	
65	71	-3	
74	77	-3	
75	77	-4	
75	139	3	
138	143	4	
74	138	1	
409	414	2	
409	473	3	
473	477	-2	
408	472	-4	
256	261	2	
261	269	-2	
266	269	2	
266	270	-3	
262	270	3	
256	262	-3	
465	469	-2	
466	470	-3	
464	470	4	
161	165	-2	
162	226	-3	
225	228	3	
161	225	-3	
435	436	-3	
441	444	-3	
441	445	3	
437	445	2	
259	323	3	
323	324	-3	
258	322	-2	
426	490	4	
490	495	-1	
424	488	4	
321	325	4	
325	333	2	
328	333	-4	
327	335	-2	
57	60	4	
58	60	3	
16	20	-3	
19	22	3	
17	22	-3	
17	21	3	
16	21	3	
387	390	-3	
387	451	-3	
451	455	-3	
448	455	3	
384	448	-1	
420	428	-2	
425	428	-3	
421	429	-2	
417	421	-4	
192	196	-3	
193	196	3	
195	199	4	
195	198	4	
192	198	-3	
344	349	3	
347	351	3	
346	351	2	
344	350	3	
484	492	-2	
491	493	-3	
485	493	3	
481	485	3	
50	55	-3	
50	114	3	
114	117	2	
48	112	2	
308	316	-2	
312	316	3	
312	318	3	
304	310	2	
81	84	3	
89	92	5	
89	95	2	
87	95	4	
276	284	-1	
282	284	-5	
282	286	-4	
278	286	1	
274	278	2	
385	388	-3	
388	396	3	
394	396	2	
394	397	2	
389	397	-2	
385	389	-1	
180	188	3	
187	190	-3	
176	182	2	
200	206	-2	
203	267	-3	
267	268	1	
264	268	2	
200	264	3	
144	150	3	
145	150	3	
145	209	5	
208	214	5	
353	357	3	
357	365	-1	
362	365	4	
362	367	4	
359	367	1	
353	359	5	
450	452	3	
452	460	-4	
458	460	-3	
453	461	3	
450	453	2	
244	252	3	
250	255	3	
247	255	4	
242	247	3	
432	438	4	
434	498	-3	
498	501	4	
496	501	-1	
432	496	3	
155	158	3	
155	219	1	
219	223	6	
153	217	2	
378	380	3	
379	380	-3	
379	382	2	
377	382	3	
377	383	-3	
2	4	-4	
0	6	5	
441	447	-1	
442	447	2	
506	508	4	
505	508	-2	
128	133	4	
133	141	-2	
137	141	-4	
134	142	-2	
411	412	-2	
411	415	-3	
407	415	2	
402	407	2	
161	164	-4	
162	164	2	
162	167	-4	
160	167	4	
160	166	-2	
296	300	2	
298	303	2	
297	303	-2	
297	301	5	
232	236	2	
233	237	-2	
232	238	2	
329	332	3	
331	332	3	
331	334	1	
328	334	-3	
329	335	-2	
98	103	4	
97	102	2	
96	102	-2	
25	28	2	
28	36	-1	
33	39	-2	
31	39	2	
40	44	2	
42	44	4	
43	45	-2	
116	124	4	
123	124	-4	
123	126	4	
118	126	-3	
113	118	-3	
419	421	-3	
422	430	2	
403	406	3	
403	467	3	
400	464	3	
440	446	2	
507	511	2	
340	348	3	
343	351	3	
88	92	1	
90	154	-4	
154	158	4	
152	158	1	
88	152	4	
18	23	-3	
82	85	3	
81	85	2	
435	499	-2	
497	501	3	
433	497	2	
176	183	2	
178	183	1	
178	242	-2	
176	240	2	
250	253	4	
250	314	1	
313	319	-2	
249	313	-2	
393	396	3	
392	399	2	
268	276	2	
275	279	3	
59	123	1	
121	127	2	
57	121	-3	
410	414	3	
411	475	3	
475	479	4	
410	474	2	
226	231	-4	
226	290	-1	
224	288	2	
454	462	3	
450	454	3	
370	372	-3	
305	369	-2	
104	108	-2	
106	108	3	
106	170	1	
168	174	5	
104	168	1	
128	132	4	
129	132	-1	
129	193	-1	
193	197	-3	
192	197	-4	
128	192	-1	
68	76	3	
65	70	-2	
257	321	1	
256	320	2	
216	222	3	
217	281	-2	
281	287	4	
482	486	-3	
489	494	3	
489	495	2	
482	487	2	
145	149	2	
146	210	-3	
209	212	-3	
338	402	1	
401	405	-3	
337	401	2	
51	53	-2	
49	55	-2	
48	54	2	
355	356	3	
352	358	3	
352	359	-2	
20	28	2	
24	30	1	
22	30	-2	
11	12	-2	
386	389	-3	
385	390	-3	
384	391	2	
185	188	2	
187	191	-2	
186	191	3	
185	190	2	
201	204	3	
203	205	-2	
202	205	3	
202	206	-1	
201	206	4	
117	125	3	
120	125	-4	
119	127	-4	
365	373	2	
371	375	-3	
363	367	-2	
461	469	-1	
467	469	3	
467	471	-1	
463	471	2	
144	149	-1	
155	157	1	
282	285	-1	
290	293	-2	
2	66	-3	
64	70	4	
163	165	2	
163	227	2	
227	228	-3	
224	228	-1	
160	224	-2	
267	270	-2	
266	271	3	
264	271	3	
177	180	4	
179	181	3	
177	182	2	
307	310	3	
258	261	-1	
33	38	-4	
35	99	-2	
99	100	2	
97	100	4	
33	97	2	
349	357	-3	
354	357	3	
350	358	-3	
27	29	-1	
25	30	-2	
26	31	-2	
76	84	2	
77	85	1	
425	430	3	
416	422	3	
42	106	-2	
106	111	-3	
41	105	-2	
408	412	-2	
409	412	-2	
410	415	2	
194	199	-1	
219	222	-2	
208	215	-2	
243	244	2	
248	252	-3	
243	247	2	
331	333	-3	
329	334	3	
433	436	1	
440	444	2	
440	447	-3	
499	502	-3	
505	511	4	
86	94	-1	
88	94	-3	
83	87	-2	
473	478	4	
451	453	1	
449	454	2	
232	237	3	
237	245	-2	
241	246	-3	
238	246	3	
58	61	-1	
59	63	-4	
315	317	2	
138	202	3	
200	207	-3	
136	200	-3	
212	220	2	
213	221	-3	
378	382	3	
378	442	1	
376	440	-1	
171	173	2	
273	276	2	
274	277	3	
273	278	4	
292	300	-1	
293	301	2	
289	293	-2	
488	493	-2	
393	397	3	
393	457	-2	
457	461	-2	
392	456	-4	
40	47	-3	
43	107	4	
40	104	2	
11	13	2	
15	23	2	
89	93	3	
91	155	4	
153	156	2	
89	153	-2	
304	309	1	
370	374	2	
304	368	-2	
115	118	3	
65	69	-1	
1	65	2	
283	284	-2	
283	347	-3	
347	348	-1	
336	343	-2	
339	403	-1	
336	400	-2	
418	420	2	
419	420	-1	
419	483	-4	
483	484	-1	
482	484	-1	
401	404	2	
402	466	3	
465	468	-4	
401	465	1	
320	324	2	
323	387	-1	
384	388	2	
320	384	1	
98	102	-2	
235	236	-2	
299	303	-3	
297	302	-3	
297	361	1	
154	156	-3	
147	150	-2	
161	167	-1	
504	508	2	
507	509	-3	
504	510	-2	
193	198	1	
130	134	-4	
256	260	-1	
259	262	2	
258	263	-3	
102	110	-3	
103	111	-2	
224	230	-4	
234	239	1	
341	349	1	
346	349	2	
337	343	-3	
417	422	2	
481	486	-1	
480	486	-1	
322	327	2	
322	386	1	
321	385	1	
10	14	-3	
10	74	2	
9	73	2	
462	470	-1	
459	463	-3	
44	52	-2	
49	53	2	
45	53	-2	
290	292	-1	
291	295	-3	
424	429	2	
427	491	2	
491	495	4	
275	277	-3	
442	444	2	
442	446	-4	
443	445	2	
92	100	1	
97	101	-2	
26	28	-1	
312	319	2	
211	215	-2	
371	435	1	
434	436	1	
370	434	-2	
136	141	2	
83	85	2	
265	269	2	
281	285	-1	
280	285	3	
50	54	-1	
55	63	-2	
236	244	-2	
115	179	1	
179	182	3	
113	177	1	
330	335	2	
490	492	-2	
492	500	-1	
494	502	1	
430	438	2	
433	438	-2	
431	439	1	
425	431	2	
112	116	-2	
114	116	2	
114	178	-2	
112	176	-2	
344	348	2	
342	350	1	
299	300	-3	
300	308	2	
305	308	2	
303	311	2	
218	223	2	
219	283	1	
147	149	1	
153	159	2	
21	29	-2	
25	29	3	
23	31	-2	
472	479	2	
505	509	2	
164	172	2	
169	174	-1	
166	174	3	
392	398	-2	
394	458	-2	
456	460	-2	
483	485	1	
245	253	2	
251	253	2	
48	52	-1	
59	61	1	
53	61	1	
82	87	-1	
80	86	-3	
64	71	-2	
67	131	1	
11	75	-1	
229	237	-2	
225	231	-2	
267	271	1	
184	188	-2	
183	191	-3	
400	405	-2	
320	326	-4	
16	22	-2	
260	268	-1	
263	271	-2	
144	148	2	
211	214	-2	
109	117	-1	
115	119	2	
291	355	-2	
313	318	-2	
426	428	-2	
428	436	-1	
432	437	1	
429	437	2	
426	429	1	
275	339	-1	
274	338	1	
165	173	-3	
167	175	-2	
474	476	3	
474	477	3	
222	230	1	
218	222	-2	
56	120	-2	
480	487	2	
499	500	-2	
506	510	3	
347	411	-1	
346	410	2	
249	252	-3	
246	254	1	
243	246	-3	
4	12	-1	
5	13	1	
69	77	-2	
67	70	1	
321	324	-3	
322	325	-1	
391	399	2	
387	391	1	
96	103	3	
280	286	1	
412	420	2	
413	421	1	
408	413	2	
158	166	1	
137	201	1	
42	46	1	
107	110	1	
242	245	-2	
425	489	-2	
448	452	1	
455	463	-2	
305	309	-1	
227	291	2	
403	407	1	
56	60	1	
56	62	2	
30	38	-1	
476	484	3	
481	487	-1	
348	356	1	
234	238	2	
257	260	-1	
250	254	-2	
275	278	-1	
9	15	1	
101	109	-2	
105	109	2	
368	373	2	
368	432	-1	
141	149	-1	
146	151	-3	
143	151	-1	
137	143	-2	
113	117	1	
400	404	1	
242	306	-2	
306	308	-1	
223	231	1	
35	37	2	
351	359	1	
472	478	-1	
90	94	2	
371	372	1	
73	76	1	
75	76	1	
323	327	1	
464	471	1	
272	276	-1	
379	443	1	
377	441	1	
353	417	2	
352	416	1	
498	502	1	
91	95	-1	
32	36	-2	
406	414	-1	
139	203	1	
203	207	-1	
240	244	1	
46	54	1	
477	485	2	
184	190	2	
228	236	-1	
217	220	2	
3	6	1	
458	462	-1	
107	171	-1	
105	169	1	
57	63	1	
506	511	-1	
225	289	-1	
435	439	-2	
160	164	-1	
269	277	-1	
274	279	-1	
313	316	1	
195	196	1	
199	207	1	
370	375	1	
197	205	1	
78	86	-1	
12	20	-1	
19	21	2	
289	294	2	
304	311	2	
466	469	-2	
345	350	-1	
345	409	-1	
328	332	1	
47	55	1	
178	180	-1	
424	430	-2	
100	108	1	
217	221	-1	
459	461	-1	
162	166	1	
282	346	-1	
241	305	-1	
82	84	-1	
8	72	1	
112	118	1	
470	478	1	
471	479	-2	
139	142	-1	
43	44	1	
24	31	1	
281	286	-1	
17	20	-1	
130	133	-1	
128	135	-2	
208	212	1	
0	4	1	
1	5	-1	
475	477	-1	
80	144	-1	
298	301	-1	
301	309	-1	
306	310	-1	
302	310	1	
264	270	1	
427	431	-1	
34	39	2	
496	503	1	
390	398	1	
187	189	-1	
235	238	1	
239	247	1	
353	358	1	
216	223	1	
67	68	1	
172	180	1	
175	183	1	
251	315	-1	
438	446	-1	
81	86	1	
284	292	1	
288	294	-1	
414	422	-1	
194	258	-1	
154	159	-1	
209	273	-1	
372	380	1	
Energy:	-2516	
