NumberOfQubits	504	
NumberOfSubgraphs	588	
Serial	112	
PlantedSolution:	
0	1	
1	-1	
2	-1	
3	1	
4	-1	
5	1	
6	1	
8	-1	
9	-1	
10	1	
11	-1	
12	-1	
13	-1	
14	1	
15	-1	
16	1	
17	1	
18	-1	
19	1	
20	1	
21	1	
22	1	
23	1	
24	-1	
25	-1	
26	1	
27	-1	
28	1	
29	-1	
30	1	
31	-1	
32	-1	
33	-1	
34	-1	
35	1	
36	-1	
37	-1	
38	-1	
39	-1	
40	1	
41	1	
42	-1	
43	-1	
44	-1	
45	1	
46	1	
47	-1	
48	1	
49	-1	
50	1	
51	1	
52	1	
53	-1	
54	-1	
55	-1	
56	1	
57	1	
58	-1	
59	-1	
60	1	
61	-1	
62	-1	
63	-1	
64	-1	
65	-1	
66	1	
67	-1	
68	-1	
69	1	
70	1	
71	-1	
72	-1	
73	-1	
74	-1	
75	1	
76	-1	
77	1	
78	1	
79	-1	
80	1	
81	1	
82	1	
83	-1	
84	-1	
85	-1	
86	-1	
87	-1	
88	-1	
89	1	
90	1	
91	1	
92	-1	
93	1	
94	1	
95	1	
96	1	
97	1	
98	1	
99	1	
100	-1	
101	1	
102	-1	
103	-1	
104	-1	
105	-1	
106	-1	
107	-1	
108	1	
109	1	
110	-1	
111	1	
112	-1	
113	-1	
114	-1	
115	1	
116	1	
117	1	
118	1	
119	-1	
120	-1	
121	1	
123	1	
124	-1	
125	1	
126	1	
127	1	
128	1	
129	-1	
130	-1	
131	-1	
132	-1	
133	1	
134	-1	
135	1	
136	1	
137	-1	
138	-1	
139	-1	
141	-1	
142	-1	
143	1	
144	-1	
145	-1	
146	1	
147	1	
148	-1	
149	1	
150	-1	
151	-1	
152	1	
153	-1	
154	-1	
155	1	
156	-1	
157	1	
158	1	
159	-1	
160	1	
161	1	
162	1	
163	-1	
164	-1	
165	1	
166	-1	
167	-1	
168	-1	
169	1	
170	-1	
171	1	
172	1	
173	1	
174	-1	
175	-1	
176	-1	
177	1	
178	1	
179	-1	
180	1	
181	-1	
182	1	
183	-1	
184	-1	
185	1	
186	1	
187	1	
188	1	
189	1	
190	1	
191	1	
192	1	
193	-1	
194	1	
195	1	
196	-1	
197	-1	
198	1	
199	1	
200	1	
201	-1	
202	-1	
203	1	
204	-1	
205	-1	
206	-1	
207	1	
208	-1	
209	1	
210	-1	
211	-1	
212	-1	
213	1	
214	-1	
215	1	
216	1	
217	1	
218	1	
219	1	
220	1	
221	1	
222	1	
223	-1	
224	-1	
225	-1	
226	1	
227	-1	
228	1	
229	1	
230	-1	
231	1	
232	-1	
233	1	
234	-1	
235	-1	
236	-1	
237	-1	
238	-1	
239	-1	
240	1	
241	-1	
242	1	
243	-1	
244	1	
245	1	
246	1	
247	1	
248	1	
249	1	
250	1	
251	1	
252	1	
253	1	
254	-1	
255	-1	
256	1	
257	1	
258	-1	
259	1	
260	1	
261	1	
262	1	
263	1	
264	1	
265	-1	
266	1	
267	-1	
268	-1	
269	-1	
270	-1	
271	1	
272	1	
273	-1	
274	-1	
275	1	
276	1	
277	-1	
278	-1	
279	-1	
280	-1	
281	-1	
282	1	
283	-1	
284	1	
285	-1	
286	-1	
287	-1	
288	1	
289	-1	
290	-1	
291	-1	
292	-1	
293	-1	
294	-1	
295	1	
296	1	
297	-1	
298	1	
299	1	
300	1	
301	-1	
302	-1	
303	1	
304	1	
305	1	
306	-1	
307	1	
308	1	
309	-1	
310	1	
311	-1	
312	1	
313	-1	
314	1	
315	1	
316	-1	
317	1	
318	1	
319	1	
320	-1	
321	1	
322	1	
323	1	
324	-1	
325	1	
326	1	
327	-1	
328	-1	
329	1	
330	-1	
331	1	
332	-1	
333	-1	
334	1	
335	1	
336	-1	
337	-1	
338	-1	
339	1	
340	1	
341	1	
342	-1	
343	1	
344	1	
345	-1	
346	1	
347	-1	
348	1	
349	-1	
350	1	
351	1	
352	1	
353	-1	
354	-1	
355	-1	
356	1	
357	-1	
358	1	
359	1	
361	1	
362	1	
363	-1	
364	-1	
365	1	
367	1	
368	-1	
369	1	
370	1	
371	1	
372	1	
373	1	
374	1	
375	1	
376	-1	
377	-1	
378	-1	
379	-1	
380	1	
382	1	
383	-1	
384	1	
385	-1	
386	1	
387	1	
388	-1	
389	1	
390	-1	
391	-1	
392	-1	
393	-1	
394	1	
396	1	
397	-1	
398	1	
399	1	
400	1	
401	-1	
402	1	
403	1	
404	1	
405	1	
406	-1	
407	1	
408	1	
409	-1	
410	1	
411	1	
412	1	
413	-1	
414	1	
415	-1	
416	1	
417	-1	
418	-1	
419	1	
420	1	
421	-1	
422	-1	
424	1	
425	1	
426	-1	
427	1	
428	1	
429	1	
430	1	
431	1	
432	1	
433	-1	
434	1	
435	1	
436	1	
437	-1	
438	-1	
439	1	
440	1	
441	-1	
442	-1	
443	1	
444	1	
445	1	
446	-1	
447	1	
448	-1	
449	-1	
450	-1	
451	1	
452	-1	
453	1	
454	-1	
455	-1	
456	-1	
457	-1	
458	-1	
459	1	
460	1	
461	1	
462	1	
463	-1	
464	1	
465	1	
466	1	
467	-1	
468	1	
469	1	
470	1	
471	1	
472	-1	
473	-1	
474	1	
475	-1	
476	-1	
477	-1	
478	1	
479	-1	
480	1	
481	-1	
482	-1	
483	-1	
484	1	
485	1	
486	1	
487	-1	
488	-1	
489	1	
490	1	
491	-1	
492	-1	
493	1	
494	1	
495	1	
496	1	
497	1	
498	1	
499	-1	
500	-1	
501	1	
502	1	
503	1	
504	1	
505	1	
506	1	
507	1	
508	-1	
509	1	
510	-1	
511	1	
Js:	
227	229	3	
229	237	-2	
235	237	-4	
235	239	-3	
231	239	3	
227	231	4	
82	86	4	
83	86	-3	
83	147	3	
147	150	4	
146	150	2	
82	146	1	
321	324	3	
323	324	2	
323	327	-4	
320	327	-3	
320	325	3	
321	325	-2	
34	37	4	
35	37	3	
35	39	2	
32	39	-4	
32	38	-3	
34	38	-4	
448	452	-3	
450	452	-5	
450	453	3	
451	453	-4	
451	454	3	
448	454	-3	
193	196	-4	
194	196	3	
194	198	3	
192	198	-4	
192	199	-4	
193	199	3	
441	445	4	
443	445	-3	
443	507	-1	
507	511	-2	
505	511	-3	
441	505	-1	
120	124	-3	
123	124	5	
123	125	-3	
121	125	-4	
121	127	-4	
120	127	-4	
306	308	1	
308	316	4	
314	316	3	
314	319	5	
311	319	4	
306	311	-4	
425	428	-3	
426	428	4	
426	429	-4	
424	429	-4	
424	430	-3	
425	430	-3	
464	470	-2	
470	478	-4	
474	478	-2	
474	479	-2	
471	479	2	
464	471	-6	
177	181	4	
179	181	2	
179	182	4	
176	182	4	
176	183	-3	
177	183	1	
113	116	4	
115	116	-1	
115	117	-5	
114	117	-3	
114	119	-3	
113	119	-5	
209	212	4	
210	212	-2	
210	213	3	
208	213	3	
208	215	4	
209	215	-3	
393	398	3	
398	406	-2	
403	406	4	
403	407	-4	
399	407	-2	
393	399	2	
480	484	-4	
483	484	3	
483	485	3	
482	485	5	
482	486	3	
480	486	3	
105	111	3	
106	111	-3	
106	170	-3	
170	172	4	
169	172	-3	
105	169	4	
264	268	-4	
265	268	-4	
265	270	-4	
266	270	3	
266	269	3	
264	269	3	
130	132	-6	
131	132	-2	
131	134	-5	
129	134	-3	
129	135	4	
130	135	-4	
91	92	4	
92	100	-2	
97	100	4	
97	101	-1	
93	101	-3	
91	93	3	
304	309	2	
307	309	3	
307	371	-1	
371	375	1	
368	375	3	
304	368	3	
418	420	5	
419	420	2	
419	422	7	
416	422	1	
416	421	5	
418	421	-2	
336	340	-1	
339	340	-3	
339	342	4	
338	342	-3	
338	343	2	
336	343	4	
490	492	3	
491	492	-2	
491	494	4	
489	494	1	
489	495	-3	
490	495	-3	
329	333	2	
331	333	3	
331	334	3	
330	334	5	
330	335	2	
329	335	-3	
496	500	3	
499	500	-4	
499	502	4	
497	502	-3	
497	501	-4	
496	501	-2	
155	157	-2	
157	165	-2	
160	165	-3	
160	166	3	
158	166	-3	
155	158	-3	
10	13	3	
13	21	2	
16	21	-2	
16	23	-4	
15	23	2	
10	15	-3	
290	293	-3	
291	293	-3	
291	355	2	
355	359	3	
354	359	3	
290	354	-3	
369	373	-4	
370	373	-4	
370	434	-2	
434	437	4	
433	437	1	
369	433	2	
1	4	-4	
3	4	4	
3	5	-3	
0	5	-4	
0	6	-3	
1	6	-4	
456	460	5	
459	460	-5	
459	463	-3	
457	463	-4	
457	461	4	
456	461	4	
384	388	-2	
385	388	-3	
385	389	2	
387	389	-3	
387	391	4	
384	391	2	
297	301	-3	
299	301	2	
299	363	-4	
363	365	2	
361	365	-5	
297	361	2	
275	278	5	
278	286	-2	
280	286	3	
280	287	-5	
279	287	-1	
275	279	4	
186	190	-6	
187	190	-4	
187	251	2	
251	255	3	
250	255	4	
186	250	-3	
345	348	3	
346	348	-3	
346	351	3	
347	351	5	
347	350	3	
345	350	3	
312	318	-3	
313	318	2	
313	377	2	
377	380	3	
376	380	3	
312	376	5	
26	28	2	
27	28	4	
27	30	4	
25	30	4	
25	29	-3	
26	29	4	
89	95	-4	
90	95	-5	
90	154	-1	
154	159	-3	
153	159	-3	
89	153	2	
64	69	-1	
69	77	-4	
75	77	-3	
75	79	2	
71	79	-3	
64	71	-4	
48	52	-3	
51	52	-5	
51	54	3	
50	54	-1	
50	55	3	
48	55	4	
8	12	5	
9	12	-3	
9	73	-3	
73	78	3	
72	78	3	
8	72	-2	
408	412	-4	
409	412	3	
409	413	3	
411	413	3	
411	415	2	
408	415	2	
243	245	4	
245	253	-4	
248	253	-2	
248	254	4	
246	254	3	
243	246	-3	
200	205	2	
202	205	-4	
202	206	3	
203	206	3	
203	207	-2	
200	207	-3	
136	141	2	
138	141	-3	
138	142	-3	
137	142	4	
137	143	3	
136	143	-2	
392	396	3	
396	404	-2	
402	404	-2	
402	405	-4	
397	405	2	
392	397	2	
256	260	-2	
259	260	-3	
259	263	-4	
258	263	3	
258	262	-2	
256	262	-4	
57	60	-2	
59	60	4	
59	61	-2	
56	61	-1	
56	63	4	
57	63	3	
161	167	4	
162	167	4	
162	226	-3	
226	228	-4	
225	228	3	
161	225	3	
218	220	2	
219	220	-2	
219	221	-3	
216	221	-2	
216	223	5	
218	223	4	
40	47	3	
43	47	-3	
43	107	-1	
107	109	3	
104	109	4	
40	104	-2	
80	87	2	
81	87	5	
81	145	2	
145	151	2	
144	151	-3	
80	144	2	
289	292	-2	
292	300	2	
296	300	2	
296	303	-6	
295	303	-2	
289	295	2	
435	436	-4	
436	444	-4	
440	444	-3	
440	446	4	
438	446	-4	
435	438	-3	
274	276	3	
276	284	-2	
283	284	-1	
283	285	-3	
277	285	-3	
274	277	-3	
467	468	5	
468	476	2	
473	476	-3	
473	477	-3	
469	477	4	
467	469	-3	
170	173	3	
171	173	-3	
171	174	3	
168	174	-3	
168	175	-4	
170	175	3	
96	101	2	
98	101	-4	
98	103	2	
99	103	4	
99	102	1	
96	102	3	
233	236	2	
234	236	-3	
234	298	3	
298	302	-2	
297	302	-3	
233	297	3	
40	44	4	
42	44	-4	
42	46	5	
41	46	2	
41	45	-5	
40	45	-4	
344	349	4	
349	357	-3	
352	357	4	
352	358	-5	
350	358	2	
344	350	-2	
504	508	-3	
507	508	3	
507	510	5	
506	510	3	
506	509	-5	
504	509	-4	
378	382	4	
379	382	4	
379	443	-2	
443	447	-3	
442	447	2	
378	442	-4	
184	191	4	
185	191	-2	
185	249	-2	
249	252	-3	
248	252	-5	
184	248	-1	
17	20	-3	
19	20	-2	
19	21	-3	
18	21	2	
18	22	3	
17	22	-3	
66	68	4	
67	68	-4	
67	70	1	
65	70	-3	
65	69	4	
66	69	-3	
241	244	3	
242	244	-4	
242	247	-4	
240	247	-1	
240	246	-4	
241	246	-2	
353	356	3	
356	364	2	
362	364	4	
362	367	-4	
359	367	-2	
353	359	4	
272	277	1	
273	277	-2	
273	337	-3	
337	341	2	
336	341	2	
272	336	-2	
217	221	-4	
221	229	-2	
224	229	3	
224	230	-2	
222	230	2	
217	222	3	
427	429	-2	
429	437	2	
432	437	4	
432	439	-4	
431	439	-2	
427	431	-4	
152	156	3	
156	164	-3	
163	164	-5	
163	165	2	
152	157	-3	
24	28	2	
28	36	2	
33	36	-2	
33	39	3	
31	39	-2	
24	31	-3	
178	180	-4	
180	188	-4	
184	188	-2	
184	189	4	
181	189	3	
178	181	4	
488	493	3	
493	501	-2	
498	501	-4	
498	503	-3	
495	503	1	
488	495	2	
321	326	-4	
322	326	-3	
322	386	-1	
386	390	3	
385	390	-2	
321	385	-2	
74	76	-4	
76	84	-2	
80	84	2	
80	85	-4	
77	85	2	
74	77	3	
106	108	5	
108	116	-2	
112	116	4	
112	118	3	
110	118	3	
106	110	2	
195	196	3	
196	204	2	
201	204	-4	
201	205	-2	
197	205	-3	
195	197	3	
449	454	-4	
454	462	2	
458	462	4	
458	463	-2	
455	463	-3	
449	455	-3	
49	53	6	
53	61	-2	
58	61	-5	
58	62	-1	
54	62	-3	
49	54	-4	
305	309	-3	
309	317	2	
315	317	-4	
315	318	-4	
310	318	-2	
305	310	-3	
264	271	-4	
267	271	3	
267	331	3	
331	332	3	
328	332	-4	
264	328	-2	
475	476	-5	
476	484	1	
481	484	4	
481	487	1	
479	487	-3	
475	479	-4	
408	414	-4	
410	414	1	
410	474	-3	
474	477	3	
472	477	-4	
408	472	3	
400	406	5	
401	406	-2	
401	465	4	
465	471	-2	
400	464	2	
281	284	3	
284	292	-3	
288	292	3	
288	294	4	
286	294	-3	
281	286	-3	
144	148	-3	
147	148	5	
147	211	1	
211	214	-4	
208	214	1	
144	208	-1	
2	5	5	
5	13	-2	
11	13	-3	
11	14	4	
6	14	-2	
2	6	2	
128	133	-5	
133	141	2	
139	141	-3	
139	143	2	
135	143	1	
128	135	-2	
24	29	-4	
26	90	-2	
90	94	-3	
88	94	4	
24	88	-2	
232	236	-2	
235	236	-4	
233	239	4	
233	238	-3	
232	238	-4	
369	372	-2	
372	380	3	
378	380	2	
378	383	-3	
375	383	2	
369	375	-2	
257	260	-4	
258	260	2	
258	261	5	
256	261	-4	
256	263	2	
257	263	-3	
401	407	3	
402	407	1	
402	466	-4	
466	468	-2	
465	468	-2	
393	397	-2	
394	397	3	
394	399	-2	
392	399	4	
392	398	4	
123	127	-3	
120	126	4	
121	126	-3	
370	374	-3	
371	374	-4	
371	435	2	
434	436	-2	
355	356	4	
355	419	-1	
417	422	-2	
353	417	-2	
145	149	4	
146	149	-5	
146	210	2	
210	214	-2	
209	214	3	
145	209	-2	
217	223	3	
218	282	2	
282	285	4	
281	285	-1	
217	281	2	
361	364	3	
363	364	-4	
363	427	-1	
427	430	-3	
361	425	-2	
320	324	-4	
324	332	1	
329	332	3	
327	335	3	
154	158	3	
162	166	2	
159	167	-2	
386	388	3	
387	388	-2	
384	389	-3	
384	390	3	
73	76	-4	
75	76	-2	
75	78	-3	
74	78	1	
74	79	-2	
73	79	-2	
273	279	-2	
274	279	-3	
274	338	-2	
338	340	-3	
337	340	2	
34	36	1	
36	44	-2	
43	44	-2	
43	46	5	
38	46	1	
291	295	3	
288	295	-3	
290	294	1	
347	411	2	
410	413	4	
346	410	-1	
203	204	4	
200	206	1	
201	207	-2	
459	461	1	
458	461	3	
456	462	2	
305	308	-2	
313	316	3	
313	319	3	
305	311	1	
81	84	3	
82	84	4	
82	87	2	
83	87	3	
83	85	-3	
81	85	3	
56	60	-2	
58	60	5	
58	63	-1	
59	63	4	
59	62	-3	
56	62	5	
65	71	-2	
67	71	-4	
67	131	1	
65	129	-1	
49	52	1	
51	55	3	
50	53	4	
417	420	3	
418	482	-5	
481	485	3	
417	481	4	
451	455	2	
448	455	-3	
104	110	2	
113	118	2	
111	119	2	
104	111	3	
505	508	4	
506	508	3	
504	511	-4	
161	164	3	
163	227	-2	
227	230	-3	
225	230	3	
185	189	-3	
187	189	3	
187	191	-3	
186	191	-4	
185	190	-3	
242	245	2	
251	253	-4	
247	255	4	
192	197	4	
195	199	-4	
194	199	-2	
168	172	2	
172	180	-2	
178	183	-2	
175	183	-2	
19	23	3	
18	23	3	
432	438	-1	
440	447	-3	
439	447	-4	
322	325	-2	
325	333	3	
328	333	3	
328	334	2	
326	334	-3	
296	301	3	
298	301	3	
299	302	5	
299	303	-2	
267	268	-2	
267	269	-3	
266	271	-2	
265	271	2	
89	94	-3	
94	102	2	
96	103	5	
95	103	-1	
10	12	2	
10	14	-3	
11	15	-2	
8	15	-4	
499	503	-2	
498	502	-2	
496	502	-3	
177	182	-4	
177	241	-2	
240	244	-3	
176	240	3	
488	492	-2	
489	492	4	
489	493	-4	
490	493	-2	
490	494	-2	
488	494	-5	
155	156	4	
155	219	-2	
216	220	2	
152	216	-4	
312	317	-3	
315	379	2	
379	383	3	
376	383	-5	
105	108	3	
107	108	2	
107	171	3	
169	173	-3	
64	68	-3	
66	130	1	
128	132	4	
64	128	-1	
33	37	-3	
35	99	-3	
99	100	-3	
33	97	4	
208	212	-3	
211	212	2	
211	275	1	
272	278	1	
208	272	2	
348	356	-1	
354	356	4	
354	357	2	
345	349	-3	
25	31	3	
27	31	-3	
27	91	2	
89	92	3	
25	89	2	
304	310	-3	
306	310	-2	
306	370	2	
370	372	-2	
368	372	3	
400	404	-2	
404	412	-3	
409	415	-4	
407	415	3	
400	407	1	
403	405	-2	
403	467	2	
466	469	-2	
472	478	4	
478	486	-2	
480	487	2	
472	479	-2	
377	382	3	
442	445	2	
377	441	-3	
136	142	4	
138	202	1	
202	207	4	
136	200	-4	
0	4	3	
224	228	4	
228	236	-1	
234	239	-3	
224	231	4	
249	255	2	
250	254	-3	
424	428	-3	
424	431	-4	
283	287	-4	
283	347	2	
280	344	2	
339	341	-3	
339	343	-3	
336	342	2	
337	342	-2	
42	47	-3	
41	47	-3	
257	261	-1	
259	262	-3	
114	116	2	
115	118	-4	
362	365	-3	
365	373	-2	
368	373	3	
367	375	-3	
226	229	-3	
232	237	-5	
230	238	-2	
226	230	2	
353	358	3	
417	421	-3	
352	416	-2	
146	151	4	
144	150	-3	
145	150	-2	
88	92	-4	
98	100	-1	
88	93	5	
409	414	3	
411	414	3	
411	475	3	
409	473	-3	
393	396	3	
394	396	4	
394	458	2	
457	462	2	
393	457	-3	
241	247	2	
243	247	3	
243	307	2	
307	310	2	
241	305	1	
502	510	1	
504	510	3	
503	511	2	
497	503	-2	
433	436	-3	
442	444	2	
442	446	-4	
433	438	-4	
16	20	-4	
18	20	2	
18	82	4	
80	86	2	
16	80	2	
121	124	3	
123	187	-1	
187	188	-3	
185	188	3	
121	185	-1	
129	133	4	
129	193	-2	
192	196	2	
128	192	2	
211	215	1	
210	215	3	
209	213	-1	
385	391	-1	
386	391	3	
386	450	-3	
449	452	-2	
385	449	-4	
298	300	-2	
293	301	1	
289	293	-3	
72	77	3	
70	78	-2	
66	70	-3	
153	156	-4	
160	164	2	
153	158	2	
137	141	-2	
139	142	-4	
138	143	4	
179	180	2	
174	182	2	
170	174	3	
264	270	1	
266	330	2	
218	222	-3	
219	222	-3	
219	283	3	
29	37	-1	
32	37	-2	
30	38	1	
24	30	-1	
52	60	-1	
57	61	4	
48	53	-2	
485	493	-1	
491	493	2	
491	495	2	
487	495	3	
483	487	5	
11	12	-3	
9	15	-1	
9	14	3	
8	14	1	
273	276	-4	
275	276	-1	
274	278	-3	
273	278	-2	
323	325	-4	
323	326	-3	
320	326	-1	
464	468	-2	
467	471	2	
466	471	-2	
466	470	-4	
105	109	-2	
169	175	2	
104	168	-2	
315	316	2	
314	318	-3	
314	317	-2	
313	317	3	
3	67	2	
0	64	-2	
369	374	-2	
435	439	-2	
433	439	1	
448	453	-2	
453	461	-2	
152	159	-2	
153	217	1	
99	163	3	
163	167	3	
160	167	2	
96	160	-2	
259	261	-3	
257	262	3	
242	306	3	
304	311	-1	
240	304	-2	
403	404	-2	
48	54	3	
55	63	2	
416	480	-3	
379	380	3	
443	444	-3	
441	444	2	
145	148	-2	
131	135	3	
131	195	2	
130	194	2	
203	205	2	
201	206	-4	
225	231	2	
227	291	-2	
291	294	-2	
289	294	3	
225	289	-2	
340	348	-2	
345	351	3	
343	351	1	
114	178	2	
113	177	-1	
25	28	2	
26	30	-2	
26	31	2	
426	490	2	
425	489	-2	
265	269	-3	
265	329	-1	
280	284	2	
282	286	2	
282	287	-1	
498	500	2	
500	508	1	
505	509	-2	
501	509	-2	
465	469	-3	
465	470	-3	
233	237	1	
297	303	-1	
232	296	2	
363	367	3	
361	367	-2	
91	95	-3	
43	45	3	
387	390	3	
390	398	3	
391	399	-4	
250	252	-2	
251	254	2	
249	253	-4	
412	420	-1	
414	422	2	
117	125	-2	
120	125	3	
118	126	-2	
17	21	-4	
17	23	-1	
19	22	-3	
16	22	-2	
290	295	-2	
352	359	-2	
288	352	-1	
9	13	2	
10	74	3	
34	39	-3	
34	98	2	
98	102	4	
97	102	2	
186	189	1	
106	109	2	
338	341	3	
341	349	3	
346	349	3	
346	350	-2	
342	350	-2	
312	319	-2	
314	378	1	
72	79	3	
75	139	2	
72	136	2	
179	183	-5	
179	243	-1	
437	445	2	
440	445	3	
299	300	-3	
300	308	-3	
307	308	-3	
302	310	2	
330	333	2	
322	327	3	
427	491	2	
424	488	2	
162	165	4	
160	224	2	
211	213	3	
213	221	-3	
214	222	3	
149	157	1	
154	157	4	
151	159	-2	
1	5	2	
2	66	4	
1	65	-4	
401	405	-2	
405	413	3	
410	415	3	
268	276	1	
272	276	-3	
272	279	3	
271	279	1	
387	451	-2	
50	52	-4	
49	55	-2	
475	478	2	
473	478	2	
193	197	1	
198	206	2	
193	198	3	
481	486	2	
483	486	3	
129	132	2	
130	134	-3	
131	133	3	
499	501	2	
496	503	-4	
107	111	2	
107	110	-3	
105	110	-2	
507	509	1	
506	511	-3	
237	245	1	
238	246	1	
235	238	-2	
32	36	4	
35	36	3	
35	38	3	
354	358	-1	
355	358	3	
355	357	-3	
353	357	-2	
57	62	-2	
457	460	-1	
459	462	-3	
456	463	-2	
371	372	-3	
371	373	1	
368	374	2	
148	156	-2	
150	158	-1	
389	397	3	
161	165	1	
165	173	-2	
168	173	3	
166	174	-2	
161	166	1	
434	438	2	
430	438	2	
426	430	2	
212	220	3	
215	223	1	
337	343	-3	
337	401	-2	
336	400	3	
269	277	1	
270	278	-1	
3	6	-3	
65	68	-2	
297	300	2	
301	309	-2	
377	383	1	
322	324	4	
321	327	3	
115	119	-1	
112	117	2	
234	238	2	
298	303	-2	
344	348	-3	
134	142	-1	
128	134	2	
41	44	4	
20	28	-2	
23	31	1	
88	95	-1	
11	75	-2	
282	284	-3	
288	293	2	
285	293	-2	
413	421	-1	
419	421	4	
330	332	-2	
331	335	-2	
328	335	3	
194	197	3	
244	252	-3	
248	255	-1	
441	447	2	
306	309	-2	
451	452	3	
452	460	-1	
101	109	-2	
103	111	1	
402	406	2	
344	351	-2	
411	412	1	
344	408	-1	
171	172	2	
171	235	1	
169	233	-1	
79	87	-2	
450	454	-2	
384	448	3	
203	267	2	
266	268	2	
202	266	-2	
154	218	-3	
364	372	-1	
249	254	2	
97	161	-2	
21	29	1	
22	30	2	
287	295	2	
281	287	-3	
435	499	2	
497	500	2	
433	497	3	
241	245	4	
240	245	-1	
312	316	2	
33	38	-2	
427	428	-2	
425	431	3	
401	404	1	
2	4	-3	
66	71	1	
474	476	-2	
275	277	2	
50	114	2	
48	112	2	
434	498	-3	
432	496	2	
144	149	-2	
329	334	-2	
330	394	1	
329	393	1	
91	94	-1	
262	270	2	
267	270	-3	
263	271	-2	
137	201	-2	
200	204	4	
186	188	-2	
183	191	-1	
226	231	-1	
226	290	1	
171	175	2	
167	175	-1	
484	492	1	
441	446	-2	
216	280	-1	
305	369	-2	
42	106	-1	
104	108	1	
67	69	2	
64	70	3	
14	22	-1	
123	126	-3	
467	470	-2	
141	149	2	
143	151	2	
232	239	1	
259	323	-1	
256	320	-2	
78	86	2	
251	252	1	
250	253	-2	
153	157	2	
155	159	2	
109	117	1	
220	228	-2	
416	420	-3	
282	346	-2	
281	345	-2	
464	469	2	
370	375	1	
19	83	1	
83	84	-1	
374	382	-3	
90	93	2	
425	429	1	
164	172	1	
290	292	-2	
283	286	1	
338	402	-1	
206	214	-1	
207	215	-2	
482	484	-1	
480	485	-2	
432	436	1	
449	453	-1	
450	455	-1	
184	190	1	
32	96	1	
505	510	2	
217	220	-3	
251	315	-2	
249	313	-1	
388	396	2	
139	203	3	
307	311	3	
12	20	1	
339	403	-2	
194	258	-1	
193	257	1	
81	86	2	
460	468	-1	
462	470	1	
376	440	-1	
27	29	-1	
347	348	-2	
169	174	1	
74	138	1	
73	137	-1	
209	273	1	
362	426	1	
426	431	1	
394	398	-2	
473	479	-3	
294	302	1	
296	302	1	
163	166	1	
400	405	-1	
176	180	2	
112	176	-1	
242	246	-1	
82	85	-1	
17	81	-1	
352	356	2	
354	418	-1	
199	207	-1	
96	100	1	
100	108	1	
102	110	-2	
37	45	1	
39	47	-2	
435	437	-1	
258	322	1	
51	53	2	
51	115	-1	
49	113	-1	
332	340	3	
334	342	1	
248	312	1	
280	285	1	
486	494	-1	
8	13	-2	
234	237	-1	
72	76	-1	
410	412	2	
428	436	-2	
275	339	-1	
298	362	-2	
492	500	-2	
260	268	1	
386	389	-1	
57	121	-1	
56	120	2	
224	288	-1	
443	446	2	
40	46	1	
112	119	2	
91	155	1	
357	365	-2	
261	269	-1	
243	244	-1	
418	422	1	
419	483	2	
303	311	-1	
73	77	-1	
291	292	-2	
472	476	-1	
304	308	1	
152	158	-2	
195	198	-2	
458	460	-1	
119	127	1	
333	341	1	
68	76	1	
90	92	-1	
320	384	1	
97	103	1	
147	151	1	
116	124	-1	
113	117	1	
392	456	1	
176	181	-1	
42	45	-1	
98	162	-1	
494	502	-1	
205	213	-1	
434	439	1	
225	229	1	
335	343	-1	
59	123	-1	
85	93	-1	
86	94	1	
219	223	-1	
406	414	-1	
421	429	-1	
422	430	1	
Energy:	-2504	
