NumberOfQubits	504	
NumberOfSubgraphs	840	
Serial	363	
PlantedSolution:	
0	1	
1	-1	
2	-1	
3	1	
4	-1	
5	1	
6	1	
8	-1	
9	-1	
10	1	
11	1	
12	1	
13	1	
14	-1	
15	-1	
16	-1	
17	-1	
18	1	
19	-1	
20	-1	
21	-1	
22	1	
23	-1	
24	-1	
25	-1	
26	-1	
27	1	
28	-1	
29	-1	
30	1	
31	1	
32	-1	
33	-1	
34	-1	
35	1	
36	-1	
37	1	
38	-1	
39	1	
40	-1	
41	-1	
42	1	
43	-1	
44	-1	
45	1	
46	-1	
47	-1	
48	-1	
49	-1	
50	-1	
51	-1	
52	-1	
53	-1	
54	1	
55	-1	
56	1	
57	1	
58	1	
59	1	
60	-1	
61	-1	
62	1	
63	-1	
64	-1	
65	1	
66	-1	
67	1	
68	-1	
69	-1	
70	1	
71	1	
72	1	
73	-1	
74	1	
75	-1	
76	1	
77	-1	
78	-1	
79	1	
80	-1	
81	1	
82	1	
83	1	
84	1	
85	1	
86	-1	
87	-1	
88	-1	
89	1	
90	-1	
91	1	
92	1	
93	1	
94	-1	
95	1	
96	1	
97	-1	
98	1	
99	1	
100	-1	
101	-1	
102	-1	
103	1	
104	-1	
105	1	
106	-1	
107	-1	
108	1	
109	1	
110	1	
111	1	
112	1	
113	1	
114	-1	
115	1	
116	-1	
117	1	
118	1	
119	-1	
120	-1	
121	-1	
123	-1	
124	1	
125	-1	
126	-1	
127	-1	
128	1	
129	1	
130	-1	
131	1	
132	1	
133	-1	
134	-1	
135	1	
136	1	
137	-1	
138	-1	
139	1	
141	-1	
142	-1	
143	-1	
144	-1	
145	-1	
146	1	
147	-1	
148	-1	
149	-1	
150	1	
151	1	
152	1	
153	1	
154	-1	
155	-1	
156	1	
157	1	
158	1	
159	1	
160	1	
161	-1	
162	-1	
163	1	
164	1	
165	1	
166	1	
167	1	
168	1	
169	1	
170	-1	
171	-1	
172	-1	
173	1	
174	-1	
175	1	
176	-1	
177	1	
178	1	
179	1	
180	1	
181	1	
182	1	
183	-1	
184	-1	
185	-1	
186	1	
187	-1	
188	1	
189	1	
190	-1	
191	1	
192	-1	
193	1	
194	-1	
195	1	
196	-1	
197	-1	
198	1	
199	-1	
200	1	
201	-1	
202	1	
203	-1	
204	1	
205	-1	
206	1	
207	1	
208	1	
209	1	
210	1	
211	1	
212	-1	
213	-1	
214	1	
215	1	
216	1	
217	1	
218	1	
219	-1	
220	-1	
221	-1	
222	1	
223	1	
224	-1	
225	-1	
226	-1	
227	-1	
228	-1	
229	-1	
230	1	
231	1	
232	1	
233	1	
234	1	
235	1	
236	1	
237	1	
238	-1	
239	-1	
240	1	
241	-1	
242	-1	
243	1	
244	1	
245	-1	
246	1	
247	-1	
248	1	
249	-1	
250	-1	
251	-1	
252	-1	
253	1	
254	1	
255	1	
256	-1	
257	-1	
258	-1	
259	-1	
260	-1	
261	-1	
262	1	
263	-1	
264	1	
265	-1	
266	-1	
267	-1	
268	1	
269	-1	
270	-1	
271	1	
272	-1	
273	1	
274	1	
275	1	
276	1	
277	1	
278	1	
279	-1	
280	1	
281	-1	
282	1	
283	1	
284	-1	
285	-1	
286	1	
287	-1	
288	1	
289	1	
290	-1	
291	1	
292	1	
293	-1	
294	1	
295	1	
296	-1	
297	1	
298	1	
299	1	
300	1	
301	1	
302	1	
303	-1	
304	-1	
305	-1	
306	1	
307	1	
308	1	
309	-1	
310	1	
311	-1	
312	-1	
313	-1	
314	-1	
315	1	
316	-1	
317	1	
318	1	
319	-1	
320	-1	
321	1	
322	1	
323	1	
324	-1	
325	-1	
326	-1	
327	1	
328	1	
329	-1	
330	-1	
331	1	
332	1	
333	-1	
334	1	
335	-1	
336	1	
337	1	
338	-1	
339	1	
340	1	
341	1	
342	1	
343	1	
344	-1	
345	1	
346	-1	
347	-1	
348	-1	
349	1	
350	-1	
351	-1	
352	-1	
353	-1	
354	-1	
355	1	
356	1	
357	1	
358	1	
359	-1	
361	-1	
362	1	
363	1	
364	-1	
365	-1	
367	1	
368	1	
369	-1	
370	1	
371	-1	
372	1	
373	1	
374	1	
375	1	
376	1	
377	-1	
378	-1	
379	-1	
380	-1	
382	-1	
383	-1	
384	-1	
385	1	
386	-1	
387	1	
388	-1	
389	-1	
390	-1	
391	-1	
392	1	
393	1	
394	-1	
396	-1	
397	1	
398	1	
399	-1	
400	1	
401	1	
402	-1	
403	1	
404	-1	
405	1	
406	1	
407	-1	
408	1	
409	-1	
410	1	
411	1	
412	1	
413	1	
414	1	
415	-1	
416	1	
417	1	
418	1	
419	1	
420	1	
421	1	
422	1	
424	1	
425	1	
426	1	
427	1	
428	-1	
429	1	
430	-1	
431	-1	
432	-1	
433	-1	
434	-1	
435	-1	
436	1	
437	1	
438	1	
439	1	
440	1	
441	1	
442	1	
443	-1	
444	-1	
445	-1	
446	-1	
447	1	
448	1	
449	-1	
450	-1	
451	1	
452	1	
453	1	
454	-1	
455	1	
456	1	
457	1	
458	-1	
459	-1	
460	1	
461	-1	
462	-1	
463	1	
464	1	
465	-1	
466	1	
467	1	
468	-1	
469	1	
470	1	
471	1	
472	-1	
473	-1	
474	1	
475	1	
476	1	
477	1	
478	1	
479	1	
480	1	
481	-1	
482	-1	
483	1	
484	1	
485	1	
486	1	
487	-1	
488	1	
489	-1	
490	-1	
491	-1	
492	-1	
493	1	
494	-1	
495	-1	
496	-1	
497	-1	
498	-1	
499	1	
500	-1	
501	1	
502	-1	
503	-1	
504	-1	
505	-1	
506	-1	
507	-1	
508	1	
509	1	
510	1	
511	-1	
Js:	
353	358	3	
354	358	5	
354	418	-4	
418	421	-2	
417	421	-4	
353	417	4	
376	382	6	
377	382	-3	
377	441	3	
441	444	5	
440	444	6	
376	440	-4	
481	484	3	
483	484	-5	
483	487	5	
480	487	-5	
480	485	-4	
481	485	5	
105	108	-5	
106	108	3	
106	111	5	
107	111	3	
107	110	5	
105	110	-3	
225	228	-3	
227	228	-5	
227	229	-4	
224	229	-4	
224	231	-3	
225	231	5	
130	132	6	
131	132	-4	
131	195	-4	
195	198	-4	
194	198	6	
130	194	-4	
393	396	5	
396	404	4	
403	404	3	
403	406	-4	
398	406	-3	
393	398	-7	
256	261	-6	
259	261	5	
259	323	3	
323	325	5	
320	325	-6	
256	320	-2	
48	53	-6	
51	53	-6	
51	54	6	
50	54	4	
50	55	-5	
48	55	-4	
337	340	-3	
339	340	-7	
339	342	-3	
336	342	-7	
336	341	3	
337	341	-5	
435	437	-2	
437	445	5	
443	445	-4	
443	446	-6	
438	446	5	
435	438	5	
283	285	3	
285	293	2	
290	293	-5	
290	295	4	
287	295	4	
283	287	4	
202	207	1	
203	207	4	
203	267	-2	
267	271	4	
266	271	2	
202	266	2	
56	60	8	
57	60	2	
57	62	-7	
59	62	-4	
59	63	6	
56	63	5	
24	28	-4	
27	28	7	
27	91	-4	
91	92	-3	
88	92	-6	
24	88	-5	
139	141	5	
141	149	-2	
146	149	3	
146	151	-4	
143	151	3	
139	143	-4	
504	508	3	
507	508	5	
507	511	-6	
505	511	-4	
505	510	-6	
504	510	5	
241	244	3	
244	252	5	
248	252	-3	
248	253	-5	
245	253	5	
241	245	-4	
465	468	-5	
468	476	3	
475	476	-5	
475	477	-5	
469	477	5	
465	469	3	
170	174	-4	
171	174	-3	
171	235	3	
235	238	4	
234	238	4	
170	234	-2	
498	501	5	
499	501	-7	
499	502	3	
496	502	-4	
496	503	-7	
498	503	4	
136	142	4	
137	142	-6	
137	201	-4	
201	205	-5	
200	205	4	
136	200	-4	
208	213	4	
209	213	5	
209	273	4	
273	276	-3	
272	276	4	
208	272	2	
210	214	-3	
214	222	-5	
218	222	-5	
218	223	-6	
215	223	4	
210	215	-4	
67	68	1	
68	76	4	
72	76	-4	
72	77	4	
69	77	4	
67	69	6	
424	429	-5	
426	429	-4	
426	430	4	
425	430	3	
425	431	-5	
424	431	5	
249	254	7	
250	254	6	
250	314	-2	
314	319	6	
313	319	-3	
249	313	-1	
344	349	5	
345	349	-5	
345	350	-3	
347	350	-3	
347	351	-5	
344	351	-4	
448	453	-5	
451	453	-4	
451	454	6	
449	454	-5	
449	455	6	
448	455	4	
17	23	-5	
18	23	4	
18	82	4	
82	86	4	
81	86	5	
17	81	4	
152	156	-4	
156	164	-2	
161	164	-2	
161	166	5	
158	166	-1	
152	158	-5	
113	117	-2	
115	117	-5	
115	179	-3	
179	180	3	
177	180	-6	
113	177	-4	
186	188	-5	
187	188	5	
187	191	6	
184	191	4	
184	190	-3	
186	190	4	
176	182	3	
178	182	-7	
178	242	1	
242	246	4	
240	246	1	
176	240	2	
296	300	5	
300	308	-3	
306	308	-4	
306	309	3	
301	309	4	
296	301	4	
40	44	3	
41	44	-3	
41	46	-6	
42	46	3	
42	45	-5	
40	45	5	
0	4	6	
3	4	6	
3	5	-3	
1	5	6	
1	6	8	
0	6	-4	
384	388	-4	
385	388	5	
385	390	6	
386	390	4	
386	389	-4	
384	389	-5	
457	460	-4	
459	460	5	
459	462	-5	
458	462	-3	
458	463	4	
457	463	-6	
368	372	-6	
369	372	4	
369	373	-4	
371	373	4	
371	375	5	
368	375	-4	
160	165	-5	
165	173	5	
168	173	-2	
168	175	-4	
167	175	-3	
160	167	-6	
33	36	-4	
34	36	-4	
34	37	5	
32	37	5	
32	39	3	
33	39	4	
98	100	6	
99	100	3	
99	101	-4	
96	101	4	
96	102	4	
98	102	2	
321	324	5	
324	332	3	
328	332	-4	
328	334	-3	
326	334	4	
321	326	-6	
16	22	4	
19	22	4	
19	83	-4	
83	84	-3	
80	84	4	
16	80	-4	
9	12	5	
11	12	-5	
11	14	5	
10	14	2	
10	13	-8	
9	13	4	
488	492	4	
490	492	-3	
490	494	3	
491	494	-4	
491	495	-5	
488	495	4	
120	124	3	
121	124	5	
121	125	-4	
123	125	-4	
123	126	5	
120	126	-5	
409	413	5	
410	413	-4	
410	414	-3	
411	414	-7	
411	415	4	
409	415	-2	
297	303	4	
298	303	5	
298	362	4	
362	364	5	
361	364	-6	
297	361	6	
280	284	5	
284	292	3	
289	292	-4	
289	294	-5	
286	294	1	
280	286	-4	
64	70	4	
65	70	-4	
65	129	1	
129	133	3	
128	133	6	
64	128	3	
265	269	-4	
269	277	2	
275	277	2	
275	278	-6	
270	278	2	
265	270	-8	
25	31	8	
26	31	2	
26	90	-4	
90	93	4	
89	93	-5	
25	89	3	
467	470	-4	
470	478	-5	
474	478	-4	
474	479	-3	
471	479	-5	
467	471	-3	
352	357	4	
355	357	-4	
355	419	-3	
419	422	-4	
416	422	2	
352	416	3	
392	397	-5	
397	405	-2	
400	405	-4	
400	407	2	
399	407	-3	
392	399	-6	
153	157	-4	
155	157	4	
155	219	-4	
219	221	-6	
217	221	-7	
153	217	-3	
240	247	4	
243	247	3	
243	307	-5	
307	310	-5	
304	310	-3	
240	304	4	
192	199	-4	
193	199	-3	
193	257	3	
257	260	-3	
256	260	-5	
192	256	-2	
73	76	-3	
74	76	-4	
74	78	4	
75	78	-4	
75	79	5	
73	79	4	
232	236	-5	
233	236	-6	
233	239	4	
235	239	3	
235	237	-6	
232	237	-5	
329	333	-4	
331	333	4	
331	335	6	
330	335	-6	
330	334	-2	
329	334	5	
248	255	-5	
251	255	6	
251	315	-3	
315	317	-4	
312	317	6	
248	312	2	
427	428	6	
428	436	3	
432	436	3	
432	439	5	
431	439	2	
427	431	-3	
144	148	-7	
147	148	-3	
147	149	-4	
145	149	-4	
145	150	-7	
144	150	2	
378	380	5	
379	380	-6	
379	443	-2	
443	447	3	
442	447	-5	
378	442	3	
112	116	5	
113	116	4	
113	119	4	
114	119	2	
114	118	4	
112	118	-5	
35	38	3	
38	46	-3	
43	46	1	
43	47	-6	
39	47	3	
35	39	-5	
346	348	-3	
348	356	2	
354	356	4	
354	359	-3	
351	359	-3	
346	351	4	
369	374	5	
370	374	4	
370	434	3	
434	437	6	
433	437	5	
369	433	-5	
178	181	-5	
181	189	-4	
185	189	-5	
185	191	2	
183	191	3	
178	183	4	
297	302	-3	
299	302	-4	
299	363	-4	
363	367	-4	
361	367	4	
450	452	3	
452	460	-4	
456	460	-4	
456	461	4	
453	461	-3	
450	453	4	
210	212	-4	
211	212	4	
211	275	-2	
275	279	4	
274	279	2	
210	274	-4	
89	94	2	
94	102	-3	
97	102	2	
97	103	5	
95	103	-3	
89	95	-6	
257	262	3	
258	262	6	
258	322	3	
322	327	-7	
321	327	3	
257	321	2	
152	159	-2	
154	159	3	
154	218	4	
218	220	4	
216	220	4	
152	216	5	
408	412	-5	
409	412	4	
409	473	-4	
473	476	-4	
472	476	2	
408	472	5	
337	343	-5	
338	343	4	
338	402	-1	
402	406	2	
401	406	-5	
337	401	3	
162	164	5	
163	164	-5	
163	227	-3	
227	230	1	
226	230	6	
162	226	-3	
49	52	-6	
52	60	-2	
58	60	6	
58	61	4	
53	61	2	
49	53	-1	
497	500	-5	
500	508	4	
506	508	-4	
506	509	4	
501	509	-4	
497	501	2	
482	485	3	
485	493	-5	
489	493	5	
489	494	1	
486	494	5	
482	486	2	
104	109	-4	
105	109	-5	
105	169	-2	
169	172	5	
168	172	6	
104	168	2	
192	196	-4	
196	204	4	
201	204	3	
197	205	-4	
192	197	-6	
16	20	-3	
20	28	-3	
24	29	4	
21	29	-3	
16	21	-5	
387	388	3	
388	396	4	
394	396	-3	
394	399	-4	
391	399	-6	
387	391	6	
2	5	7	
2	66	-5	
66	71	5	
65	71	4	
1	65	5	
129	134	4	
134	142	3	
138	142	-6	
138	143	-2	
135	143	4	
129	135	-4	
305	308	4	
308	316	5	
314	316	-5	
311	319	-3	
305	311	-3	
258	260	-3	
260	268	5	
264	268	-4	
264	271	-6	
263	271	5	
258	263	-4	
400	404	6	
402	404	-4	
402	466	4	
466	468	-3	
464	468	4	
400	464	-2	
282	284	3	
282	285	5	
281	285	-6	
281	287	-4	
280	287	4	
8	13	-3	
10	15	6	
11	15	4	
8	14	-7	
81	85	-5	
85	93	-4	
88	93	2	
88	95	3	
87	95	5	
81	87	-2	
288	293	4	
291	293	-5	
291	355	-3	
355	356	-3	
352	356	5	
288	352	2	
313	318	8	
315	318	-4	
315	379	-3	
379	383	-3	
377	383	-3	
313	377	-4	
115	118	-3	
118	126	4	
120	127	-6	
119	127	-5	
115	119	-4	
410	412	-2	
412	420	4	
419	420	-3	
419	421	-5	
413	421	-4	
362	365	4	
363	365	7	
363	427	-1	
427	429	-5	
362	426	1	
26	29	-5	
29	37	2	
34	38	-5	
30	38	-3	
26	30	6	
202	206	-3	
203	206	2	
267	269	-7	
266	269	2	
507	509	3	
504	511	-5	
506	510	6	
130	133	-4	
131	133	4	
131	134	4	
128	134	5	
128	135	2	
130	135	5	
82	84	-4	
84	92	-3	
90	92	6	
90	94	-4	
86	94	-4	
457	461	3	
459	461	-5	
459	463	-5	
456	463	-5	
456	462	5	
457	462	4	
146	148	3	
148	156	4	
154	156	-3	
154	158	5	
150	158	-3	
146	150	-5	
272	277	4	
273	277	-5	
273	279	4	
274	278	-3	
272	278	2	
145	151	3	
147	151	6	
147	211	-4	
211	213	4	
145	209	2	
162	165	2	
169	173	-2	
169	174	3	
166	174	3	
162	166	5	
217	220	4	
217	223	3	
219	223	2	
216	221	3	
242	244	5	
243	244	-2	
243	245	-3	
241	247	-2	
242	247	-3	
482	484	5	
484	492	-4	
491	492	-3	
487	495	-4	
482	487	-4	
322	325	4	
325	333	-3	
327	335	4	
198	206	-3	
200	206	4	
200	207	-5	
199	207	3	
194	199	-5	
432	438	-5	
442	446	4	
439	447	-3	
498	500	-4	
499	500	4	
499	503	4	
497	503	3	
497	502	-5	
498	502	-5	
42	44	4	
43	44	-4	
41	47	4	
41	45	3	
184	188	3	
187	190	-4	
185	190	-6	
184	189	5	
176	180	5	
177	182	-3	
179	182	-3	
179	183	5	
176	183	-5	
386	450	-4	
449	452	3	
385	449	4	
344	348	-3	
345	348	4	
346	349	6	
346	350	-5	
344	350	-4	
18	20	6	
19	20	-4	
19	21	-3	
17	21	-5	
224	230	4	
226	290	-3	
290	294	4	
288	294	-4	
224	288	4	
320	326	-4	
323	326	3	
323	387	-3	
384	391	-4	
320	384	-2	
249	253	4	
251	253	-4	
250	255	4	
73	77	-4	
75	77	-2	
75	139	-2	
137	141	-3	
73	137	-2	
408	414	-4	
411	475	2	
475	479	-4	
472	479	5	
464	469	-7	
474	477	-3	
464	470	-3	
57	61	8	
59	61	4	
58	63	6	
58	62	-4	
306	310	-2	
307	371	1	
371	374	4	
306	370	-4	
107	109	3	
106	110	4	
104	111	2	
338	340	5	
339	343	-4	
336	343	-5	
338	342	3	
225	229	-5	
229	237	-4	
234	237	-5	
234	239	4	
231	239	3	
64	68	-4	
66	68	-4	
66	69	-3	
67	70	-5	
48	52	-4	
51	52	3	
49	54	5	
49	55	-4	
96	103	3	
97	161	-4	
161	167	3	
96	160	-3	
298	301	-5	
298	302	-2	
299	303	6	
296	303	2	
416	420	-6	
420	428	3	
425	428	3	
422	430	4	
114	116	-5	
116	124	5	
117	125	6	
114	117	4	
372	380	4	
378	383	-5	
375	383	5	
330	332	3	
330	394	-3	
394	397	5	
328	392	-2	
401	405	-2	
403	405	-3	
403	467	5	
465	471	2	
401	465	7	
78	86	-1	
80	86	-2	
80	87	-5	
79	87	1	
74	79	3	
353	357	5	
357	365	4	
359	367	-5	
353	359	-3	
304	308	3	
312	316	-3	
309	317	-4	
304	309	-3	
4	12	-2	
8	12	4	
6	14	2	
3	6	-7	
259	260	-2	
265	268	2	
262	270	3	
259	262	6	
35	36	3	
35	99	-4	
34	98	-3	
434	436	5	
436	444	-3	
440	445	6	
152	157	-4	
153	159	-6	
155	159	5	
155	158	-3	
193	196	5	
195	196	5	
195	197	3	
194	197	-3	
193	198	-3	
208	212	4	
212	220	-4	
208	214	-3	
283	284	-2	
291	292	-2	
291	295	-4	
228	236	-2	
232	238	4	
230	238	3	
225	230	4	
170	172	-3	
170	173	6	
171	173	4	
171	175	4	
489	492	-5	
488	494	6	
488	493	-3	
27	29	4	
27	31	-4	
25	30	5	
481	487	-4	
483	486	-2	
480	486	-6	
312	318	2	
379	382	-4	
312	376	2	
59	60	2	
59	123	2	
123	127	2	
56	120	1	
394	398	2	
394	458	3	
458	461	-6	
393	457	-3	
282	286	-4	
283	286	-5	
283	347	3	
347	349	3	
282	346	4	
8	15	-3	
9	15	-3	
9	73	-4	
8	72	-3	
261	269	-3	
264	269	4	
256	263	3	
33	37	3	
33	97	-3	
97	101	-3	
32	96	4	
241	246	5	
242	306	-3	
306	311	4	
241	305	-4	
80	85	-3	
83	85	-3	
83	147	1	
144	151	3	
80	144	-2	
0	5	4	
64	71	1	
0	64	4	
138	202	5	
202	204	-5	
200	204	-2	
371	435	-3	
435	439	4	
433	439	4	
418	420	-3	
417	420	-3	
180	188	2	
186	189	-4	
177	181	-2	
333	341	2	
334	342	-2	
50	53	-4	
50	114	-4	
48	112	-3	
292	300	3	
299	300	-4	
295	303	4	
289	295	-3	
402	405	-5	
405	413	-4	
407	415	-3	
402	407	-4	
209	215	-4	
274	276	-2	
320	324	-4	
321	385	-2	
385	389	-2	
441	446	3	
443	507	-3	
507	510	3	
441	505	3	
40	46	-6	
41	105	4	
104	108	5	
40	104	-5	
466	470	5	
473	478	3	
473	479	3	
466	471	-6	
496	501	2	
233	237	-2	
234	298	2	
297	301	-2	
233	297	-2	
129	132	-6	
131	135	3	
24	31	4	
91	93	-4	
161	165	4	
163	166	-5	
163	167	-3	
424	428	3	
435	436	4	
430	438	-2	
424	430	4	
17	22	2	
18	22	-4	
82	85	-4	
250	252	-6	
251	252	-4	
277	285	2	
281	286	2	
278	286	-4	
356	364	3	
361	365	-4	
331	332	-3	
332	340	3	
335	343	1	
98	101	-4	
101	109	2	
103	111	-3	
98	103	-2	
451	452	-4	
454	462	-3	
240	244	3	
307	311	5	
304	311	-4	
154	157	4	
149	157	2	
144	149	-3	
10	12	2	
11	13	-3	
112	119	3	
113	118	-4	
213	221	-3	
217	222	-2	
211	214	-4	
65	68	5	
75	76	4	
71	79	-5	
314	318	4	
314	378	-3	
377	380	-5	
44	52	-2	
47	55	2	
410	415	6	
474	476	-5	
410	474	-5	
400	406	-5	
442	444	4	
442	506	3	
506	511	-3	
226	231	2	
227	231	5	
227	291	2	
323	327	2	
416	421	-6	
419	483	-5	
480	484	-2	
416	480	-3	
137	143	-5	
139	203	5	
201	207	5	
179	181	-5	
25	28	-2	
22	30	-4	
121	126	-4	
123	187	-2	
121	185	-1	
89	92	-3	
91	94	5	
90	95	-1	
425	429	-4	
425	489	5	
489	495	-4	
424	488	-3	
32	36	-4	
33	38	-4	
32	38	4	
171	172	-3	
235	236	2	
169	233	-3	
56	61	-4	
57	63	2	
56	62	-2	
193	197	-4	
195	199	3	
350	358	3	
355	358	4	
355	359	3	
401	407	4	
403	407	4	
467	468	6	
389	397	5	
386	391	-3	
417	422	-5	
418	422	-5	
418	482	6	
481	486	4	
417	481	-4	
364	372	2	
367	375	1	
362	367	-6	
426	431	5	
427	491	4	
491	493	2	
490	493	5	
426	490	4	
100	108	-3	
102	110	4	
99	102	5	
72	78	5	
74	138	-2	
138	141	-3	
136	141	4	
72	136	-2	
186	191	5	
186	250	2	
184	248	4	
266	268	4	
266	270	-6	
265	271	-2	
216	223	-3	
208	215	-4	
2	4	-5	
225	289	-3	
409	414	3	
473	477	-4	
472	477	3	
305	310	-6	
302	310	-4	
296	302	5	
238	246	2	
243	246	-4	
239	247	-4	
232	239	-2	
374	382	5	
376	383	6	
370	375	-3	
340	348	-2	
347	348	-4	
341	349	-3	
338	341	3	
504	509	6	
502	510	2	
450	454	-4	
455	463	2	
450	455	5	
45	53	-1	
46	54	1	
276	284	5	
279	287	-3	
272	279	-4	
81	84	-5	
82	146	-2	
81	145	1	
219	222	4	
164	172	3	
440	447	3	
64	69	-4	
67	131	1	
16	23	-4	
19	23	-5	
83	87	5	
368	373	-6	
370	373	-5	
434	438	2	
368	432	1	
329	332	4	
258	261	-2	
257	261	-4	
257	263	-5	
386	388	-4	
387	389	4	
384	390	-4	
307	309	3	
312	319	-5	
123	124	5	
120	125	-4	
281	345	3	
267	331	3	
328	333	5	
264	328	4	
160	164	-3	
226	228	-4	
224	228	3	
160	224	2	
242	245	-4	
448	452	-6	
458	460	2	
3	67	-4	
496	500	2	
505	508	4	
503	511	-2	
50	52	-3	
42	47	4	
411	412	-3	
408	415	-3	
129	193	-2	
313	316	-4	
315	316	3	
339	341	-4	
339	403	-1	
169	175	5	
233	238	3	
168	232	-2	
330	333	-2	
320	327	-2	
476	484	-1	
478	486	-1	
177	183	-3	
176	181	3	
288	292	-5	
290	292	3	
289	293	3	
109	117	-1	
111	119	2	
105	111	-3	
203	204	4	
204	212	2	
209	212	4	
209	214	1	
206	214	-4	
11	75	3	
70	78	5	
66	70	2	
97	100	-3	
274	277	5	
274	338	4	
272	336	4	
441	447	-4	
440	446	2	
157	165	2	
163	165	-4	
159	167	-3	
142	150	-1	
392	396	2	
392	398	-3	
390	398	5	
305	309	-3	
43	45	4	
43	107	-3	
104	110	2	
211	215	-2	
144	208	3	
280	344	2	
268	276	-1	
275	276	5	
393	397	-3	
466	469	-2	
435	499	2	
432	496	-3	
246	254	4	
251	254	2	
247	255	4	
354	357	3	
13	21	-2	
15	23	-2	
49	113	2	
192	198	2	
128	192	-2	
107	108	3	
107	171	3	
170	175	2	
106	170	-3	
475	478	-2	
472	478	5	
76	84	-1	
77	85	-1	
74	77	5	
322	324	4	
323	324	4	
322	386	-1	
371	372	3	
368	374	2	
378	382	-2	
240	245	4	
203	205	-3	
202	205	-4	
451	455	3	
448	454	2	
185	188	3	
185	249	-3	
249	252	-2	
83	86	4	
88	94	-2	
210	213	4	
12	20	-2	
14	22	2	
173	181	-1	
174	182	-3	
490	495	-3	
273	337	-3	
433	436	2	
434	498	-2	
433	497	-3	
51	115	3	
115	116	2	
145	148	-3	
155	156	4	
234	236	-3	
266	330	-4	
329	335	3	
265	329	-3	
121	127	-5	
133	141	-3	
136	143	4	
36	44	-4	
404	412	-2	
98	162	3	
427	430	3	
313	317	-2	
442	445	3	
194	196	-2	
352	358	5	
66	130	1	
128	132	-2	
387	451	-3	
449	453	4	
73	78	-3	
67	71	-5	
201	265	-1	
200	264	1	
93	101	3	
99	103	-4	
42	106	2	
106	109	3	
267	268	4	
297	300	-3	
232	296	2	
9	14	-2	
281	284	-2	
426	428	2	
370	372	1	
393	399	-1	
168	174	4	
291	294	-4	
182	190	1	
24	30	3	
31	39	-2	
347	411	2	
344	408	-2	
441	445	-2	
249	255	-1	
352	359	-3	
17	20	-4	
18	21	-2	
54	62	-3	
55	63	3	
90	154	-1	
88	152	2	
467	469	-2	
464	471	-4	
96	100	4	
139	142	2	
1	4	1	
322	326	1	
28	36	1	
187	189	2	
293	301	3	
146	210	-1	
195	259	-1	
216	222	-2	
219	283	3	
216	280	-3	
82	87	2	
434	439	-2	
130	134	-2	
310	318	-2	
331	334	-4	
376	380	2	
207	215	-2	
91	95	-2	
282	287	3	
342	350	-2	
343	351	1	
34	39	3	
26	28	-3	
294	302	-2	
220	228	-3	
221	229	-1	
280	285	-2	
65	69	3	
153	156	-3	
153	158	-3	
432	437	3	
235	299	-2	
299	301	-2	
187	251	-1	
345	351	3	
392	456	-2	
177	241	-2	
201	206	4	
353	356	3	
289	353	-2	
385	391	1	
35	37	-5	
365	373	-1	
465	470	3	
172	180	2	
178	180	-2	
175	183	2	
161	225	-2	
236	244	-2	
483	485	-3	
505	509	3	
10	74	-2	
443	444	-2	
259	263	-3	
57	121	-1	
314	317	2	
108	116	-1	
329	393	1	
363	364	4	
406	414	1	
226	229	-2	
179	243	-1	
112	117	2	
433	438	1	
40	47	1	
151	159	1	
304	368	3	
288	295	1	
408	413	-1	
218	282	-1	
217	281	3	
72	79	-2	
337	342	-3	
147	150	2	
369	375	-2	
384	448	-3	
315	319	3	
51	55	2	
37	45	2	
222	230	-2	
223	231	-2	
328	335	2	
440	504	-1	
162	167	2	
25	29	-2	
248	254	1	
492	500	-1	
494	502	1	
411	413	-2	
273	278	-1	
290	354	1	
264	270	-1	
321	325	2	
401	404	1	
112	176	2	
345	409	2	
48	54	1	
256	262	-2	
298	300	-2	
303	311	1	
2	6	-1	
219	220	1	
336	400	-1	
387	390	1	
429	437	1	
460	468	1	
461	469	-1	
92	100	1	
271	279	-1	
114	178	-1	
421	429	1	
120	184	-1	
275	339	-1	
160	166	1	
89	153	1	
27	30	1	
307	308	1	
Energy:	-3764	
