NumberOfQubits	504	
NumberOfSubgraphs	504	
Serial	416	
PlantedSolution:	
0	1	
1	-1	
2	1	
3	-1	
4	-1	
5	1	
6	1	
8	1	
9	1	
10	-1	
11	1	
12	1	
13	1	
14	1	
15	1	
16	-1	
17	1	
18	-1	
19	-1	
20	1	
21	-1	
22	-1	
23	-1	
24	-1	
25	-1	
26	-1	
27	-1	
28	1	
29	1	
30	-1	
31	1	
32	1	
33	-1	
34	1	
35	-1	
36	-1	
37	-1	
38	1	
39	1	
40	-1	
41	-1	
42	1	
43	-1	
44	1	
45	1	
46	-1	
47	-1	
48	-1	
49	-1	
50	-1	
51	1	
52	-1	
53	1	
54	1	
55	1	
56	1	
57	1	
58	1	
59	1	
60	-1	
61	-1	
62	1	
63	1	
64	-1	
65	1	
66	-1	
67	-1	
68	-1	
69	1	
70	1	
71	1	
72	1	
73	1	
74	1	
75	1	
76	-1	
77	-1	
78	-1	
79	-1	
80	1	
81	-1	
82	-1	
83	1	
84	-1	
85	-1	
86	1	
87	1	
88	1	
89	1	
90	-1	
91	1	
92	1	
93	1	
94	-1	
95	1	
96	1	
97	1	
98	1	
99	-1	
100	1	
101	1	
102	-1	
103	-1	
104	1	
105	1	
106	1	
107	1	
108	1	
109	-1	
110	1	
111	1	
112	-1	
113	-1	
114	-1	
115	1	
116	-1	
117	-1	
118	1	
119	1	
120	-1	
121	1	
123	-1	
124	-1	
125	1	
126	1	
127	-1	
128	1	
129	1	
130	1	
131	1	
132	-1	
133	1	
134	1	
135	-1	
136	-1	
137	1	
138	-1	
139	-1	
141	-1	
142	-1	
143	1	
144	-1	
145	-1	
146	1	
147	1	
148	-1	
149	-1	
150	-1	
151	-1	
152	1	
153	-1	
154	1	
155	-1	
156	-1	
157	1	
158	1	
159	-1	
160	1	
161	1	
162	1	
163	1	
164	1	
165	1	
166	1	
167	1	
168	1	
169	1	
170	-1	
171	1	
172	1	
173	1	
174	-1	
175	-1	
176	1	
177	1	
178	1	
179	-1	
180	-1	
181	-1	
182	-1	
183	1	
184	1	
185	-1	
186	1	
187	1	
188	-1	
189	1	
190	-1	
191	-1	
192	-1	
193	1	
194	-1	
195	1	
196	1	
197	1	
198	-1	
199	1	
200	-1	
201	-1	
202	-1	
203	-1	
204	-1	
205	-1	
206	-1	
207	1	
208	-1	
209	-1	
210	-1	
211	1	
212	1	
213	-1	
214	-1	
215	1	
216	1	
217	1	
218	-1	
219	1	
220	-1	
221	1	
222	-1	
223	-1	
224	-1	
225	-1	
226	1	
227	1	
228	-1	
229	1	
230	-1	
231	1	
232	-1	
233	1	
234	-1	
235	-1	
236	-1	
237	-1	
238	-1	
239	1	
240	1	
241	-1	
242	-1	
243	1	
244	1	
245	-1	
246	-1	
247	1	
248	1	
249	-1	
250	-1	
251	-1	
252	-1	
253	-1	
254	-1	
255	1	
256	-1	
257	1	
258	-1	
259	-1	
260	1	
261	-1	
262	-1	
263	1	
264	-1	
265	1	
266	1	
267	1	
268	1	
269	1	
270	1	
271	1	
272	-1	
273	1	
274	-1	
275	-1	
276	-1	
277	1	
278	-1	
279	1	
280	-1	
281	1	
282	-1	
283	1	
284	-1	
285	-1	
286	1	
287	1	
288	-1	
289	1	
290	-1	
291	-1	
292	1	
293	-1	
294	-1	
295	-1	
296	1	
297	-1	
298	-1	
299	-1	
300	-1	
301	-1	
302	-1	
303	1	
304	1	
305	1	
306	-1	
307	1	
308	1	
309	1	
310	-1	
311	1	
312	-1	
313	-1	
314	1	
315	1	
316	-1	
317	-1	
318	-1	
319	1	
320	1	
321	-1	
322	1	
323	1	
324	-1	
325	-1	
326	1	
327	1	
328	1	
329	1	
330	1	
331	1	
332	-1	
333	-1	
334	1	
335	-1	
336	-1	
337	1	
338	-1	
339	-1	
340	-1	
341	-1	
342	1	
343	-1	
344	-1	
345	1	
346	-1	
347	-1	
348	1	
349	-1	
350	-1	
351	1	
352	1	
353	1	
354	-1	
355	-1	
356	-1	
357	1	
358	-1	
359	1	
361	-1	
362	-1	
363	1	
364	-1	
365	-1	
367	-1	
368	1	
369	1	
370	1	
371	1	
372	1	
373	1	
374	-1	
375	1	
376	-1	
377	1	
378	-1	
379	-1	
380	1	
382	1	
383	1	
384	1	
385	1	
386	1	
387	-1	
388	1	
389	1	
390	-1	
391	1	
392	1	
393	1	
394	-1	
396	-1	
397	1	
398	-1	
399	1	
400	1	
401	1	
402	-1	
403	-1	
404	1	
405	-1	
406	-1	
407	-1	
408	1	
409	-1	
410	1	
411	1	
412	-1	
413	-1	
414	-1	
415	-1	
416	-1	
417	-1	
418	1	
419	-1	
420	1	
421	-1	
422	-1	
424	-1	
425	1	
426	1	
427	-1	
428	1	
429	1	
430	1	
431	1	
432	1	
433	-1	
434	1	
435	-1	
436	1	
437	-1	
438	1	
439	1	
440	-1	
441	-1	
442	-1	
443	1	
444	-1	
445	-1	
446	1	
447	1	
448	1	
449	-1	
450	-1	
451	1	
452	-1	
453	-1	
454	1	
455	1	
456	1	
457	-1	
458	1	
459	1	
460	-1	
461	1	
462	1	
463	1	
464	-1	
465	-1	
466	1	
467	1	
468	-1	
469	-1	
470	-1	
471	1	
472	-1	
473	-1	
474	-1	
475	-1	
476	1	
477	-1	
478	1	
479	-1	
480	-1	
481	-1	
482	1	
483	1	
484	-1	
485	-1	
486	-1	
487	-1	
488	1	
489	-1	
490	-1	
491	-1	
492	1	
493	-1	
494	1	
495	-1	
496	1	
497	-1	
498	-1	
499	-1	
500	-1	
501	-1	
502	-1	
503	-1	
504	1	
505	-1	
506	1	
507	-1	
508	-1	
509	-1	
510	1	
511	1	
Js:	
442	444	-3	
443	444	5	
443	447	-2	
441	447	3	
441	445	4	
442	445	-2	
240	244	-4	
242	244	2	
242	246	-4	
243	246	-3	
243	247	-1	
240	247	-2	
27	30	-3	
30	38	3	
32	38	-2	
32	39	-3	
31	39	2	
27	31	3	
88	92	-3	
90	92	3	
90	154	2	
154	157	-4	
152	157	1	
88	152	-2	
129	135	4	
130	135	2	
130	194	4	
194	199	-2	
193	199	-3	
129	193	-2	
232	238	3	
233	238	3	
233	297	2	
297	303	3	
296	303	-4	
232	296	2	
290	294	2	
291	294	-3	
291	355	-1	
355	357	4	
354	357	3	
290	354	-1	
208	213	-3	
210	213	2	
210	214	-2	
209	214	-2	
209	215	3	
208	215	3	
480	484	-3	
481	484	-4	
481	487	2	
483	487	3	
483	485	2	
480	485	-2	
433	438	3	
434	438	-2	
434	498	2	
498	501	-4	
497	501	-3	
433	497	-2	
179	180	-3	
180	188	-1	
187	188	-3	
187	190	5	
182	190	-2	
179	182	-2	
402	404	2	
403	404	1	
403	467	-3	
467	469	2	
466	469	3	
402	466	3	
17	21	2	
19	21	3	
19	83	2	
83	85	4	
81	85	-3	
17	81	3	
73	76	4	
75	76	2	
75	78	2	
72	78	2	
72	79	4	
73	79	-2	
432	437	1	
435	437	-4	
435	499	-2	
499	502	-4	
496	502	-2	
432	496	-4	
225	228	-2	
227	228	-1	
227	230	4	
226	230	1	
226	229	-1	
225	229	3	
200	204	-2	
203	204	-3	
203	205	-3	
202	205	-4	
202	207	3	
200	207	3	
163	164	-3	
164	172	-3	
169	172	-4	
169	173	2	
165	173	-3	
163	165	-2	
248	252	3	
249	252	3	
249	253	-2	
250	253	-4	
250	254	-2	
248	254	3	
216	221	-5	
219	221	-3	
219	223	4	
217	223	-1	
217	222	2	
216	222	3	
33	36	-3	
34	36	3	
34	98	1	
98	100	-3	
97	100	-4	
33	97	2	
307	308	1	
308	316	3	
315	316	4	
315	317	2	
309	317	2	
307	309	-4	
272	276	-4	
274	276	-2	
274	279	3	
275	279	3	
275	277	2	
272	277	-1	
345	350	3	
346	350	-3	
346	410	-2	
410	414	3	
409	414	-2	
345	409	2	
338	340	-4	
339	340	3	
339	341	-3	
336	341	-4	
336	343	-3	
338	343	-3	
56	60	3	
58	60	3	
58	62	-4	
57	62	-4	
57	61	-4	
56	61	3	
456	461	-3	
457	461	2	
457	462	4	
459	462	-4	
459	463	-3	
456	463	-3	
104	108	-2	
105	108	3	
105	111	-2	
106	111	-4	
106	110	-2	
104	110	-2	
304	310	2	
305	310	3	
305	369	-3	
369	373	-2	
368	373	-4	
304	368	2	
40	46	-2	
46	54	-1	
51	54	-1	
51	55	-3	
47	55	1	
40	47	-3	
120	124	2	
121	124	3	
121	125	-3	
123	125	3	
123	127	-1	
120	127	-3	
112	117	-4	
115	117	2	
115	119	2	
114	119	2	
114	118	1	
112	118	4	
505	508	-4	
507	508	-2	
507	509	-3	
504	509	2	
504	510	-2	
505	510	3	
328	333	3	
331	333	2	
331	335	3	
330	335	-3	
330	334	-1	
328	334	-2	
256	263	-2	
259	263	3	
259	323	2	
323	327	-3	
320	327	-1	
256	320	1	
144	148	-5	
145	148	-4	
145	151	2	
147	151	3	
147	149	1	
144	149	-4	
64	69	3	
67	69	3	
67	71	4	
65	71	1	
65	70	-3	
64	70	3	
264	268	3	
267	268	-2	
267	270	-3	
265	270	1	
265	269	-3	
264	269	2	
8	12	1	
9	12	-3	
9	14	-3	
10	14	2	
10	13	3	
8	13	-3	
2	4	3	
3	4	4	
3	5	4	
0	5	-3	
0	6	-5	
2	6	-4	
489	492	-1	
490	492	3	
490	493	-5	
491	493	-3	
491	494	3	
489	494	2	
280	284	-2	
284	292	2	
289	292	1	
289	295	4	
287	295	1	
280	287	3	
424	428	2	
425	428	-3	
425	430	2	
426	430	-2	
426	431	-2	
424	431	3	
384	389	1	
385	389	-3	
385	449	3	
449	452	-3	
448	452	2	
384	448	-2	
234	236	-2	
235	236	-3	
235	299	3	
299	301	-4	
298	301	-4	
234	298	-1	
472	476	3	
475	476	3	
475	477	-3	
473	477	-4	
473	479	2	
472	479	-4	
362	364	-3	
363	364	3	
363	365	5	
361	365	-3	
361	367	-3	
362	367	-5	
376	380	-2	
378	380	3	
378	383	2	
377	383	-3	
377	382	-3	
376	382	4	
131	133	-3	
133	141	-3	
136	141	-3	
136	142	-3	
134	142	2	
131	134	-2	
387	390	-4	
390	398	-2	
393	398	3	
393	399	-5	
391	399	-3	
387	391	4	
178	181	2	
181	189	-1	
184	189	-4	
184	191	3	
183	191	2	
178	183	-3	
418	420	-4	
419	420	3	
419	421	-3	
417	421	-3	
417	422	-3	
418	422	-3	
16	22	1	
18	22	-3	
18	82	-3	
82	87	2	
80	87	-2	
16	80	2	
401	405	-1	
405	413	-2	
408	413	4	
408	415	2	
407	415	-3	
401	407	5	
347	348	2	
348	356	3	
352	356	3	
352	359	-2	
351	359	3	
347	351	2	
89	93	-3	
93	101	-3	
99	101	1	
99	102	-4	
94	102	1	
89	94	2	
160	166	-2	
166	174	-1	
171	174	4	
171	175	3	
167	175	1	
160	167	-5	
257	260	2	
258	260	4	
258	322	1	
322	325	5	
321	325	-2	
257	321	2	
43	44	3	
44	52	2	
50	52	-4	
50	53	4	
45	53	2	
43	45	1	
217	220	3	
218	220	-3	
218	282	-3	
282	286	-1	
281	286	-2	
217	281	-3	
24	28	3	
25	28	-2	
25	31	1	
26	31	3	
26	29	2	
24	29	4	
89	95	-2	
91	95	-3	
91	155	-2	
155	159	-2	
153	159	-4	
89	153	2	
195	196	-4	
196	204	4	
201	204	-3	
201	206	3	
198	206	-3	
195	198	2	
386	388	-3	
388	396	3	
394	396	3	
394	397	3	
389	397	-2	
386	389	-3	
306	311	4	
307	311	-2	
307	371	-2	
371	374	5	
370	374	3	
306	370	3	
464	468	-4	
467	468	4	
467	470	-2	
465	470	-3	
465	471	4	
464	471	3	
312	317	-3	
313	317	-4	
313	319	2	
314	319	-4	
314	318	4	
312	318	2	
449	453	-2	
450	453	-3	
450	455	2	
451	455	-3	
451	454	-3	
449	454	4	
74	77	2	
75	77	2	
75	139	1	
139	143	-1	
138	143	5	
74	138	2	
273	277	-3	
277	285	2	
283	285	1	
283	286	-3	
278	286	3	
273	278	-4	
440	446	3	
442	446	2	
442	506	-2	
506	511	-3	
504	511	-3	
440	504	3	
176	181	3	
177	181	1	
177	241	3	
241	245	-3	
240	245	-1	
176	240	-3	
146	150	3	
147	150	4	
147	211	-3	
211	212	-3	
210	212	3	
146	210	3	
224	229	-2	
229	237	3	
232	237	-3	
232	239	1	
231	239	-3	
224	231	1	
474	478	4	
478	486	1	
482	486	3	
482	487	4	
479	487	2	
474	479	-1	
11	12	-4	
12	20	-2	
16	20	3	
16	23	-3	
15	23	3	
11	15	2	
344	349	-2	
347	349	-2	
347	411	2	
411	412	4	
408	412	-1	
344	408	2	
320	324	3	
324	332	-3	
329	332	2	
329	334	-4	
326	334	2	
320	326	-3	
128	132	3	
130	132	4	
194	197	-2	
192	197	3	
128	192	2	
288	293	4	
289	293	4	
289	353	-1	
353	358	3	
352	358	3	
288	352	1	
107	108	-2	
108	116	1	
113	116	-3	
113	117	3	
109	117	-1	
107	109	3	
488	492	-4	
492	500	-1	
496	500	4	
496	503	2	
495	503	-2	
488	495	4	
32	37	2	
35	37	-3	
35	99	-2	
99	103	3	
96	103	3	
32	96	-1	
336	342	-2	
337	342	-3	
337	401	-1	
401	406	1	
400	406	4	
336	400	1	
427	428	2	
428	436	-2	
432	436	-2	
432	439	-2	
431	439	-2	
427	431	3	
56	63	-2	
59	63	-4	
59	123	-1	
123	126	2	
120	126	2	
56	120	2	
1	4	-5	
2	66	3	
66	68	-3	
65	68	4	
1	65	-2	
258	262	-2	
262	270	2	
266	270	2	
266	271	-2	
263	271	-3	
258	263	3	
186	190	3	
187	251	2	
251	255	-3	
250	255	2	
186	250	2	
369	372	-2	
372	380	-2	
379	380	3	
379	383	-4	
375	383	-1	
369	375	-3	
392	397	1	
394	458	2	
458	460	4	
456	460	2	
392	456	-3	
152	156	-3	
156	164	2	
162	164	-1	
162	166	-2	
158	166	-3	
152	158	-3	
49	53	2	
50	55	-1	
48	55	4	
48	54	4	
49	54	3	
41	44	-2	
43	46	-3	
42	46	2	
42	47	2	
41	47	-4	
168	173	3	
170	173	2	
170	175	-2	
168	174	2	
290	292	3	
292	300	2	
298	300	-2	
298	302	-3	
294	302	-3	
82	84	-3	
83	84	-2	
83	87	-4	
80	86	-4	
82	86	2	
416	421	-1	
421	429	2	
424	429	2	
424	430	3	
422	430	-1	
416	422	-3	
137	142	3	
137	201	2	
201	207	3	
136	200	2	
192	196	2	
195	259	2	
259	261	-4	
256	261	-2	
192	256	1	
161	165	-3	
162	165	-3	
162	226	-3	
226	228	4	
161	225	3	
184	188	3	
186	188	3	
186	191	3	
185	191	-2	
185	189	3	
364	372	-2	
368	372	-3	
365	373	2	
344	348	3	
346	348	-1	
346	349	-3	
345	349	2	
344	350	-1	
441	444	-2	
443	446	-2	
440	445	-3	
410	474	3	
473	478	2	
409	473	-2	
246	254	-3	
249	254	-3	
249	255	2	
247	255	-3	
242	247	-3	
313	318	2	
314	378	3	
378	382	3	
313	377	3	
321	324	-1	
331	332	-2	
327	335	2	
321	327	3	
153	156	-1	
154	156	3	
155	157	2	
155	158	-3	
153	158	1	
266	268	-3	
266	269	-3	
265	271	-3	
264	271	-2	
107	110	-2	
110	118	-1	
112	119	-2	
111	119	-1	
107	111	-2	
433	436	3	
434	436	-2	
434	437	3	
435	439	2	
433	439	-2	
105	109	2	
106	109	2	
106	170	-3	
170	172	3	
105	169	-2	
209	212	2	
212	220	2	
219	220	-3	
215	223	3	
274	278	-3	
274	338	-2	
337	340	2	
273	337	-2	
72	76	1	
73	77	2	
74	78	-4	
91	92	-3	
90	95	3	
90	94	1	
88	94	3	
489	493	2	
488	494	-1	
489	495	-4	
96	100	-2	
98	101	-4	
97	101	1	
97	103	2	
400	404	1	
404	412	2	
411	413	1	
400	405	2	
11	14	-2	
8	15	-3	
19	20	-2	
20	28	-2	
24	30	-2	
22	30	-3	
19	22	-2	
460	468	-1	
466	468	-3	
466	470	2	
462	470	3	
458	462	-2	
114	116	-4	
114	178	-2	
178	182	2	
177	182	2	
113	177	2	
163	167	2	
163	227	-2	
224	230	-3	
160	224	2	
451	453	3	
448	455	3	
448	454	-2	
450	454	3	
296	300	3	
300	308	2	
306	308	2	
303	311	1	
64	71	3	
67	131	-2	
128	133	-2	
64	128	1	
282	284	-4	
282	285	-3	
281	285	-3	
281	287	-3	
58	61	2	
59	61	2	
57	63	-3	
476	484	2	
477	485	-1	
472	477	2	
145	150	-3	
146	149	3	
233	239	-2	
235	239	4	
297	301	-2	
506	508	2	
506	510	-3	
507	510	-2	
505	509	-3	
353	357	2	
354	359	3	
355	359	2	
355	358	-3	
384	388	-3	
393	396	3	
384	391	2	
34	37	4	
35	38	2	
33	38	3	
33	39	-2	
34	39	-2	
243	244	-3	
244	252	1	
251	252	-3	
251	253	-3	
245	253	1	
243	245	3	
498	503	-4	
499	503	-2	
497	502	-2	
419	483	-2	
483	486	2	
418	482	-2	
461	469	-2	
465	469	-4	
463	471	-2	
457	463	1	
211	213	2	
213	221	2	
214	222	3	
211	214	2	
322	326	-2	
323	326	-3	
323	387	1	
386	390	-1	
322	386	-2	
193	197	-3	
197	205	-3	
202	206	-3	
193	198	2	
362	426	3	
426	429	4	
425	429	-1	
361	425	3	
312	316	-2	
315	379	2	
376	383	2	
312	376	-4	
339	343	1	
339	403	-2	
403	406	-4	
402	406	-1	
338	402	-2	
138	141	-2	
139	141	-4	
139	142	-3	
137	143	4	
330	333	2	
330	394	2	
394	398	-2	
392	398	2	
328	392	-2	
0	4	2	
1	5	4	
3	6	3	
18	21	-3	
81	84	1	
178	180	3	
179	181	4	
176	183	-3	
232	236	-3	
233	236	2	
234	238	-4	
234	237	-2	
306	310	-1	
307	310	3	
371	375	1	
370	375	-2	
25	29	3	
27	29	2	
27	91	2	
91	93	-1	
25	89	-3	
66	70	3	
65	69	-2	
291	292	2	
291	295	-3	
288	295	-1	
290	293	-3	
48	52	-1	
51	52	3	
49	55	3	
48	53	-1	
129	132	-2	
131	132	3	
128	134	-3	
128	135	1	
123	124	-4	
121	126	-3	
120	125	3	
256	260	3	
258	261	-2	
257	261	4	
257	262	-2	
256	262	-3	
208	214	-2	
211	275	2	
272	279	2	
208	272	2	
40	45	4	
42	45	-4	
41	46	-4	
241	244	2	
241	305	-1	
305	309	-2	
304	309	-2	
240	304	-1	
416	420	3	
417	420	2	
417	481	-2	
481	486	-2	
480	486	-2	
416	480	-2	
329	333	3	
333	341	-3	
334	342	-2	
185	249	-2	
184	248	-2	
104	109	2	
107	171	-2	
168	175	3	
104	168	1	
203	207	2	
203	267	2	
267	269	-2	
200	264	1	
9	15	2	
464	470	1	
97	102	2	
99	163	1	
163	166	-2	
161	166	-2	
97	161	1	
149	157	3	
154	159	1	
151	159	2	
144	151	-2	
72	77	3	
77	85	-1	
79	87	-1	
26	28	2	
28	36	1	
35	36	-2	
29	37	-2	
410	415	-4	
411	415	2	
411	475	2	
475	478	2	
220	228	1	
226	231	-3	
223	231	1	
218	223	-3	
435	438	-1	
438	446	-2	
442	447	2	
439	447	-3	
345	348	-2	
354	356	-2	
345	351	-3	
320	325	3	
321	385	2	
385	388	-3	
320	384	1	
276	284	-2	
283	284	1	
283	287	-3	
279	287	3	
115	118	-2	
118	126	-3	
121	127	3	
119	127	3	
500	508	-2	
504	508	-2	
503	511	2	
427	429	2	
427	491	-2	
426	490	1	
401	404	-3	
409	412	-2	
409	415	1	
315	319	-2	
195	199	-3	
193	257	1	
59	60	3	
85	93	2	
88	93	1	
86	94	2	
81	86	2	
450	452	-3	
448	453	3	
297	300	2	
296	302	2	
371	372	-1	
374	382	1	
2	5	-2	
5	13	-1	
9	13	-2	
6	14	1	
501	509	-2	
502	510	2	
498	502	3	
400	464	3	
218	222	-2	
49	113	-1	
48	112	-2	
17	22	2	
23	31	2	
17	23	-1	
473	476	2	
475	479	-2	
483	484	3	
482	485	2	
481	485	2	
332	340	-1	
337	343	3	
335	343	-2	
329	335	-1	
227	291	2	
291	293	-1	
224	288	-2	
176	182	2	
187	191	-2	
353	356	2	
353	417	2	
352	416	3	
100	108	-2	
105	110	-3	
102	110	2	
98	102	1	
370	373	2	
370	434	-2	
369	433	1	
203	206	-1	
267	271	-1	
201	265	1	
148	156	-2	
155	156	-1	
150	158	1	
248	255	-2	
129	133	-2	
136	143	2	
135	143	1	
363	427	-2	
386	391	-2	
385	390	-2	
304	308	-3	
313	316	3	
311	319	-1	
304	311	-2	
209	213	-2	
209	273	2	
273	276	1	
67	70	2	
70	78	1	
74	79	1	
71	79	2	
177	180	3	
179	243	2	
349	357	-2	
350	358	-2	
161	164	-2	
168	172	-3	
32	36	2	
34	38	2	
440	444	-1	
235	237	-2	
225	231	-3	
392	399	-2	
393	457	1	
457	460	4	
490	494	3	
202	204	-1	
289	294	2	
299	302	-2	
299	303	2	
295	303	-2	
280	286	3	
283	347	-1	
344	351	3	
280	344	-1	
42	106	-1	
104	111	3	
40	104	2	
51	115	-3	
115	116	3	
50	114	2	
90	93	-2	
96	101	-3	
95	103	2	
413	421	-2	
418	421	1	
414	422	-1	
408	414	2	
322	324	1	
323	325	-1	
402	407	1	
401	465	1	
146	151	2	
68	76	1	
69	77	2	
66	69	2	
169	174	1	
170	174	-2	
170	234	-2	
169	233	2	
269	277	-2	
275	278	-2	
270	278	2	
430	438	-1	
432	438	3	
368	375	-3	
367	375	2	
152	159	2	
153	217	2	
217	221	-1	
152	216	1	
76	84	-2	
80	84	3	
78	86	2	
73	78	-1	
452	460	1	
458	463	-3	
455	463	-2	
449	455	2	
497	500	-3	
507	511	3	
497	503	2	
192	199	2	
339	342	2	
393	397	-2	
397	405	2	
403	405	-2	
398	406	1	
21	29	1	
24	31	1	
18	23	2	
306	309	-2	
305	311	-2	
98	162	1	
162	167	-2	
96	160	-1	
260	268	1	
42	44	-3	
377	380	-2	
379	382	1	
25	30	-1	
26	30	-2	
26	90	-1	
89	92	-2	
10	12	2	
8	14	1	
10	15	2	
459	461	-3	
371	435	-1	
210	215	2	
129	134	-2	
130	134	1	
194	198	-3	
323	324	2	
330	332	2	
499	501	-3	
506	509	2	
412	420	-1	
409	413	-3	
234	239	1	
185	188	-2	
185	190	2	
17	20	-2	
81	87	2	
259	260	2	
259	262	-1	
54	62	-2	
56	62	2	
55	63	-2	
474	476	2	
200	205	-3	
114	117	1	
296	301	-1	
297	302	-1	
280	285	-2	
315	318	2	
314	317	1	
346	351	-1	
443	507	2	
505	511	-1	
441	505	-1	
242	245	-3	
250	252	-2	
274	277	-2	
153	157	2	
290	295	1	
491	492	2	
424	488	2	
275	276	-2	
275	339	-1	
272	336	1	
355	356	-1	
361	364	-3	
362	365	1	
64	68	2	
67	68	-2	
224	228	-2	
171	173	-3	
173	181	1	
174	182	-2	
84	92	-1	
91	94	1	
387	451	2	
451	452	-1	
386	450	1	
145	209	-1	
144	208	1	
426	428	-2	
433	437	-1	
429	437	1	
40	44	1	
11	13	1	
11	75	-3	
75	79	2	
8	72	-2	
172	180	1	
175	183	-2	
33	37	-2	
265	268	-2	
267	331	-2	
331	334	1	
265	329	-2	
221	229	1	
227	229	-2	
222	230	-1	
402	405	-3	
498	500	-1	
392	396	2	
396	404	3	
399	407	-2	
485	493	-3	
486	494	2	
453	461	1	
16	21	-1	
82	85	-1	
80	85	-1	
322	327	3	
321	326	2	
96	102	2	
410	412	2	
411	414	1	
440	447	2	
27	28	-2	
88	95	-1	
24	88	2	
199	207	2	
131	135	2	
113	118	-1	
113	119	2	
470	478	1	
472	478	2	
471	479	1	
467	471	-1	
248	253	2	
74	76	2	
73	137	-1	
354	418	-2	
288	292	2	
288	294	-2	
264	270	2	
154	158	-1	
155	219	2	
154	218	1	
340	348	1	
347	350	-3	
342	350	2	
338	342	-1	
312	319	-1	
425	489	1	
43	47	-2	
43	107	3	
41	105	2	
66	71	2	
0	64	-2	
176	180	1	
241	247	-2	
384	390	3	
13	21	2	
14	22	1	
459	460	2	
458	461	-1	
169	175	1	
328	335	1	
282	287	1	
35	39	3	
379	443	2	
441	446	1	
377	441	-1	
52	60	-1	
53	61	-1	
51	53	-2	
499	500	-1	
305	308	1	
310	318	-2	
192	198	-2	
370	372	2	
371	373	-2	
139	203	-1	
116	124	-1	
117	125	1	
3	67	-1	
219	222	1	
328	332	2	
264	328	2	
10	74	1	
435	436	2	
436	444	-1	
437	445	-2	
58	63	1	
474	477	-2	
227	231	-1	
406	414	-1	
400	407	1	
363	367	2	
427	430	1	
336	340	-1	
387	389	-1	
257	263	1	
466	471	-1	
98	103	2	
491	495	-2	
480	487	-1	
186	189	-1	
187	189	-1	
9	73	-2	
206	214	1	
207	215	-1	
266	330	2	
281	284	-1	
228	236	-2	
230	238	-2	
356	364	-1	
357	365	-1	
159	167	-1	
233	237	1	
237	245	-1	
239	247	-1	
177	183	-1	
142	150	-1	
143	151	-1	
299	300	-1	
298	303	2	
425	431	2	
193	196	-1	
194	196	1	
195	197	1	
369	374	-1	
353	359	-2	
355	419	1	
419	422	-1	
456	462	-1	
160	164	-1	
160	165	-1	
219	283	-1	
216	280	-1	
123	187	1	
121	185	1	
138	202	-1	
268	276	-1	
271	279	-1	
241	246	-1	
443	445	-1	
99	100	1	
82	146	1	
145	149	-1	
81	145	1	
49	52	1	
50	54	1	
19	23	-1	
302	310	1	
385	391	1	
285	293	-1	
18	20	1	
179	183	1	
240	246	1	
204	212	1	
208	212	1	
205	213	1	
408	472	-1	
57	121	-1	
434	439	-1	
494	502	1	
36	44	1	
37	45	-1	
161	167	-1	
464	469	1	
251	254	-1	
354	358	-1	
147	148	1	
225	230	1	
66	130	1	
200	206	-1	
325	333	-1	
87	95	1	
378	442	-1	
337	341	1	
341	349	1	
420	428	-1	
293	301	-1	
482	484	1	
484	492	1	
488	493	-1	
1	6	1	
Energy:	-2120	
