NumberOfQubits	504	
NumberOfSubgraphs	420	
Serial	217	
PlantedSolution:	
0	1	
1	1	
2	1	
3	1	
4	1	
5	1	
6	-1	
8	1	
9	1	
10	1	
11	-1	
12	-1	
13	1	
14	-1	
15	1	
16	-1	
17	1	
18	-1	
19	-1	
20	-1	
21	1	
22	1	
23	1	
24	1	
25	-1	
26	1	
27	1	
28	1	
29	-1	
30	1	
31	1	
32	-1	
33	1	
34	-1	
35	-1	
36	-1	
37	1	
38	-1	
39	1	
40	-1	
41	-1	
42	1	
43	1	
44	1	
45	1	
46	-1	
47	1	
48	1	
49	1	
50	1	
51	1	
52	-1	
53	-1	
54	1	
55	1	
56	-1	
57	-1	
58	-1	
59	1	
60	-1	
61	1	
62	-1	
63	1	
64	-1	
65	1	
66	1	
67	-1	
68	-1	
69	-1	
70	1	
71	1	
72	-1	
73	1	
74	1	
75	-1	
76	-1	
77	-1	
78	-1	
79	1	
80	-1	
81	-1	
82	1	
83	1	
84	1	
85	1	
86	-1	
87	1	
88	1	
89	1	
90	1	
91	1	
92	1	
93	-1	
94	1	
95	-1	
96	-1	
97	-1	
98	1	
99	-1	
100	1	
101	1	
102	1	
103	-1	
104	-1	
105	-1	
106	1	
107	-1	
108	-1	
109	1	
110	1	
111	1	
112	1	
113	1	
114	-1	
115	1	
116	1	
117	-1	
118	-1	
119	1	
120	-1	
121	1	
123	-1	
124	-1	
125	1	
126	1	
127	-1	
128	-1	
129	-1	
130	1	
131	-1	
132	1	
133	-1	
134	1	
135	1	
136	1	
137	1	
138	-1	
139	-1	
141	1	
142	-1	
143	1	
144	-1	
145	-1	
146	1	
147	1	
148	1	
149	1	
150	-1	
151	-1	
152	1	
153	-1	
154	1	
155	1	
156	1	
157	-1	
158	-1	
159	1	
160	1	
161	-1	
162	1	
163	-1	
164	-1	
165	-1	
166	1	
167	-1	
168	1	
169	-1	
170	-1	
171	1	
172	1	
173	-1	
174	-1	
175	-1	
176	1	
177	1	
178	-1	
179	-1	
180	1	
181	1	
182	1	
183	-1	
184	1	
185	-1	
186	1	
187	1	
188	-1	
189	1	
190	1	
191	1	
192	-1	
193	1	
194	-1	
195	1	
196	1	
197	1	
198	1	
199	-1	
200	1	
201	1	
202	-1	
203	1	
204	-1	
205	1	
206	-1	
207	1	
208	1	
209	1	
210	1	
211	-1	
212	1	
213	1	
214	1	
215	-1	
216	1	
217	-1	
218	1	
219	1	
220	-1	
221	1	
222	-1	
223	-1	
224	-1	
225	1	
226	-1	
227	1	
228	1	
229	1	
230	1	
231	-1	
232	1	
233	1	
234	1	
235	1	
236	1	
237	-1	
238	1	
239	-1	
240	-1	
241	-1	
242	1	
243	-1	
244	1	
245	-1	
246	-1	
247	-1	
248	-1	
249	1	
250	1	
251	-1	
252	1	
253	1	
254	-1	
255	1	
256	1	
257	-1	
258	-1	
259	-1	
260	1	
261	1	
262	-1	
263	-1	
264	-1	
265	-1	
266	1	
267	-1	
268	-1	
269	-1	
270	1	
271	1	
272	1	
273	-1	
274	1	
275	1	
276	1	
277	-1	
278	1	
279	-1	
280	-1	
281	-1	
282	1	
283	-1	
284	1	
285	1	
286	1	
287	-1	
288	-1	
289	1	
290	-1	
291	1	
292	1	
293	1	
294	-1	
295	1	
296	-1	
297	-1	
298	1	
299	-1	
300	1	
301	1	
302	-1	
303	-1	
304	-1	
305	-1	
306	-1	
307	-1	
308	1	
309	1	
310	1	
311	1	
312	-1	
313	-1	
314	1	
315	1	
316	1	
317	1	
318	-1	
319	-1	
320	1	
321	-1	
322	1	
323	1	
324	-1	
325	-1	
326	-1	
327	-1	
328	-1	
329	-1	
330	-1	
331	-1	
332	-1	
333	1	
334	-1	
335	-1	
336	1	
337	-1	
338	1	
339	1	
340	-1	
341	1	
342	-1	
343	-1	
344	-1	
345	1	
346	-1	
347	1	
348	1	
349	1	
350	1	
351	1	
352	-1	
353	-1	
354	1	
355	1	
356	-1	
357	-1	
358	-1	
359	1	
361	-1	
362	-1	
363	-1	
364	-1	
365	-1	
367	-1	
368	-1	
369	-1	
370	1	
371	-1	
372	-1	
373	-1	
374	-1	
375	-1	
376	-1	
377	1	
378	1	
379	-1	
380	-1	
382	1	
383	-1	
384	-1	
385	1	
386	-1	
387	1	
388	-1	
389	1	
390	1	
391	-1	
392	1	
393	1	
394	1	
396	-1	
397	-1	
398	1	
399	1	
400	-1	
401	-1	
402	1	
403	1	
404	1	
405	1	
406	1	
407	-1	
408	1	
409	-1	
410	-1	
411	-1	
412	-1	
413	-1	
414	1	
415	-1	
416	-1	
417	1	
418	1	
419	1	
420	1	
421	-1	
422	1	
424	1	
425	1	
426	1	
427	1	
428	1	
429	-1	
430	1	
431	1	
432	-1	
433	-1	
434	1	
435	-1	
436	1	
437	-1	
438	1	
439	-1	
440	1	
441	-1	
442	-1	
443	-1	
444	1	
445	-1	
446	1	
447	1	
448	1	
449	1	
450	-1	
451	1	
452	1	
453	-1	
454	-1	
455	-1	
456	-1	
457	-1	
458	-1	
459	1	
460	1	
461	-1	
462	1	
463	-1	
464	1	
465	-1	
466	-1	
467	-1	
468	-1	
469	-1	
470	-1	
471	1	
472	-1	
473	1	
474	1	
475	-1	
476	1	
477	-1	
478	1	
479	-1	
480	-1	
481	-1	
482	-1	
483	1	
484	1	
485	1	
486	-1	
487	-1	
488	1	
489	1	
490	-1	
491	-1	
492	1	
493	1	
494	1	
495	1	
496	1	
497	1	
498	1	
499	1	
500	-1	
501	-1	
502	-1	
503	1	
504	1	
505	-1	
506	1	
507	1	
508	-1	
509	-1	
510	1	
511	-1	
Js:	
112	116	1	
115	116	-3	
115	179	2	
179	181	2	
176	181	-3	
112	176	-1	
162	165	2	
163	165	-3	
163	227	3	
227	230	-3	
226	230	3	
162	226	-1	
169	173	-2	
170	173	-1	
170	175	-3	
168	175	3	
168	174	-1	
169	174	-3	
345	349	-3	
349	357	2	
352	357	-2	
352	359	1	
351	359	2	
345	351	-2	
128	132	1	
130	132	-3	
130	135	-1	
129	135	-2	
129	133	-4	
128	133	-3	
49	52	2	
52	60	-2	
59	60	-2	
59	62	2	
54	62	3	
49	54	-1	
496	500	1	
497	500	4	
497	501	-1	
498	501	4	
498	503	-1	
496	503	-3	
384	388	-3	
386	388	-2	
386	389	3	
385	389	2	
385	390	-3	
384	390	1	
280	284	2	
282	284	-2	
282	285	-3	
283	285	-1	
283	286	3	
280	286	3	
441	444	3	
443	444	3	
443	447	-2	
440	447	-2	
440	445	3	
441	445	-4	
274	277	3	
275	277	2	
275	339	-2	
339	343	4	
338	343	-1	
274	338	-1	
258	261	4	
261	269	2	
264	269	-2	
264	270	3	
262	270	2	
258	262	2	
448	452	-1	
451	452	-2	
451	453	2	
450	453	2	
450	455	-3	
448	455	4	
81	84	3	
82	84	-3	
82	85	-2	
80	85	3	
80	87	3	
81	87	2	
185	191	-2	
187	191	-3	
187	251	3	
251	254	-3	
249	254	3	
185	249	2	
144	149	3	
145	149	2	
145	151	-2	
147	151	3	
147	150	2	
144	150	-4	
106	108	3	
107	108	-4	
107	111	2	
104	111	-3	
104	109	2	
106	109	-2	
480	484	1	
481	484	1	
481	487	-2	
482	487	-2	
482	485	3	
480	485	-2	
113	119	-1	
114	119	3	
114	178	2	
178	182	2	
177	182	-2	
113	177	-1	
240	246	-2	
241	246	-2	
241	305	-2	
305	308	-3	
304	308	1	
240	304	-2	
489	492	-1	
490	492	3	
490	493	3	
488	493	2	
488	495	-3	
489	495	-4	
89	95	-3	
90	95	3	
90	154	-1	
154	156	-3	
153	156	1	
89	153	1	
400	405	3	
403	405	-1	
403	467	2	
467	469	-4	
464	469	-1	
400	464	4	
73	76	3	
75	76	-2	
75	77	1	
72	77	-3	
72	79	2	
73	79	-3	
419	420	2	
420	428	-1	
426	428	-1	
426	429	2	
421	429	-2	
419	421	2	
224	229	3	
229	237	2	
233	237	2	
233	239	3	
231	239	2	
224	231	-3	
211	212	-2	
212	220	2	
217	220	-2	
217	222	-2	
214	222	2	
211	214	2	
40	45	2	
41	45	2	
41	46	3	
42	46	3	
42	47	-3	
40	47	2	
346	348	3	
348	356	2	
354	356	4	
354	358	-1	
350	358	2	
346	350	2	
8	12	2	
11	12	-3	
11	15	1	
9	15	3	
9	13	-2	
8	13	-4	
290	294	-2	
294	302	-2	
299	302	-3	
299	303	1	
295	303	3	
290	295	2	
65	69	2	
67	69	-3	
67	70	1	
64	70	-4	
64	71	4	
65	71	-2	
312	317	-2	
313	317	2	
313	318	-2	
314	318	3	
314	319	2	
312	319	-3	
320	324	-1	
322	324	3	
322	325	2	
321	325	-2	
321	327	-3	
320	327	3	
361	364	4	
363	364	-1	
363	427	3	
427	430	-3	
425	430	-1	
361	425	2	
465	468	-2	
468	476	3	
475	476	2	
475	479	-3	
471	479	-3	
465	471	1	
17	20	2	
19	20	-2	
19	22	4	
18	22	2	
18	21	4	
17	21	-3	
120	124	-3	
123	124	3	
123	125	4	
121	125	-3	
121	127	3	
120	127	-4	
33	36	3	
35	36	-3	
35	38	-3	
32	38	-2	
32	39	-4	
33	39	-3	
506	509	5	
507	509	3	
507	511	3	
504	511	2	
504	510	-3	
506	510	2	
433	436	3	
434	436	-2	
434	437	3	
432	437	2	
432	438	1	
433	438	2	
272	279	2	
273	279	-3	
273	337	-1	
337	340	1	
336	340	2	
272	336	-2	
242	245	2	
245	253	2	
250	253	-3	
250	255	-3	
247	255	2	
242	247	2	
193	198	-4	
198	206	2	
202	206	-2	
202	207	2	
199	207	-2	
193	199	1	
24	28	-3	
27	28	-3	
27	29	2	
26	29	2	
26	30	-4	
24	30	1	
457	461	-3	
459	461	3	
459	462	-3	
458	462	3	
458	463	2	
457	463	-2	
329	332	-2	
330	332	-2	
330	334	-2	
328	334	-2	
328	335	-3	
329	335	3	
195	196	-3	
196	204	3	
203	204	1	
203	205	-2	
197	205	-3	
195	197	2	
402	406	-1	
406	414	-3	
411	414	2	
411	415	-3	
407	415	-3	
402	407	-2	
96	101	-2	
97	101	2	
97	161	-1	
161	164	-3	
160	164	1	
96	160	2	
88	92	-2	
91	92	-1	
91	155	1	
155	158	4	
152	158	2	
88	152	-1	
369	372	-3	
371	372	-2	
371	374	-1	
370	374	3	
370	375	2	
369	375	2	
1	4	2	
3	4	-3	
3	5	-2	
2	5	-5	
2	6	2	
1	6	4	
137	141	-2	
138	141	2	
138	142	-3	
139	142	-3	
139	143	3	
137	143	2	
232	236	-3	
234	236	-3	
234	298	-2	
298	301	-2	
296	301	2	
232	296	3	
408	412	3	
410	412	-3	
410	474	2	
474	478	2	
472	478	2	
408	472	4	
210	213	-3	
213	221	-1	
218	221	-2	
218	223	4	
215	223	1	
210	215	3	
392	396	3	
393	396	3	
393	398	-3	
394	398	3	
394	397	1	
392	397	3	
256	260	-3	
260	268	2	
267	268	-1	
267	271	4	
263	271	-2	
256	263	2	
377	380	3	
379	380	-3	
379	383	-3	
376	383	-3	
376	382	2	
377	382	-2	
48	53	4	
53	61	1	
56	61	2	
56	63	3	
55	63	2	
48	55	-1	
304	309	2	
307	309	2	
307	311	3	
306	311	1	
306	310	4	
304	310	-3	
96	100	-2	
98	100	-2	
98	102	-2	
99	102	3	
99	103	-1	
96	103	-2	
184	188	2	
186	188	-3	
186	189	-2	
187	189	-2	
187	190	-1	
184	190	-5	
288	292	3	
292	300	-1	
297	300	5	
297	301	1	
293	301	-2	
288	293	-1	
362	365	-2	
365	373	1	
368	373	-2	
368	375	-2	
367	375	-2	
362	367	-2	
105	109	3	
109	117	2	
112	117	4	
112	118	-1	
110	118	1	
105	110	2	
424	428	-2	
428	436	-2	
435	436	2	
435	439	-2	
431	439	2	
424	431	1	
243	244	2	
244	252	3	
248	252	2	
248	255	2	
243	247	-3	
225	228	3	
227	228	-1	
227	291	-1	
291	294	3	
289	294	2	
225	289	-1	
353	357	1	
353	417	3	
417	422	-2	
416	422	1	
352	416	-3	
83	85	-2	
85	93	2	
89	93	1	
89	94	1	
86	94	3	
83	86	2	
331	333	3	
333	341	-2	
337	341	2	
337	342	-2	
334	342	-2	
331	334	1	
34	36	1	
36	44	2	
43	44	-4	
43	45	-2	
37	45	-2	
34	37	2	
171	172	-2	
172	180	-2	
177	180	-4	
177	183	2	
175	183	1	
171	175	2	
408	413	3	
409	413	-3	
409	473	3	
473	477	2	
472	477	2	
16	20	-2	
20	28	2	
25	28	2	
25	31	3	
23	31	-2	
16	23	4	
401	404	3	
402	404	-2	
402	466	3	
466	470	-2	
465	470	-3	
401	465	1	
320	326	4	
323	326	2	
323	387	-1	
387	391	-3	
384	391	-3	
320	384	1	
483	484	-3	
484	492	-2	
491	492	3	
491	494	1	
486	494	4	
483	486	-1	
499	500	-2	
500	508	-2	
505	508	-3	
505	510	3	
502	510	1	
499	502	3	
449	452	3	
452	460	-2	
456	460	4	
456	462	2	
454	462	2	
449	454	2	
66	68	2	
67	68	3	
67	131	-2	
131	134	2	
130	134	-3	
66	130	-2	
10	14	2	
11	14	-4	
11	75	-1	
75	78	-3	
74	78	3	
10	74	2	
208	215	1	
209	215	3	
209	273	2	
273	278	2	
272	278	1	
208	272	-2	
201	204	2	
202	204	-2	
202	266	-2	
266	269	2	
265	269	-1	
201	265	2	
216	222	-1	
217	281	-2	
281	287	-3	
280	287	-2	
216	280	1	
154	157	2	
157	165	1	
163	167	-1	
159	167	3	
154	159	-3	
378	382	-2	
379	382	2	
379	443	1	
443	446	3	
442	446	2	
378	442	2	
195	198	-2	
195	259	2	
259	263	-3	
257	263	-3	
193	257	-2	
355	356	2	
355	419	-1	
418	420	-3	
354	418	-1	
312	316	3	
314	316	-3	
315	318	4	
315	319	3	
146	148	-1	
148	156	-1	
155	156	-2	
155	157	-1	
149	157	1	
146	149	-2	
344	348	1	
345	348	-2	
347	351	3	
347	349	-1	
344	349	3	
57	61	2	
58	61	3	
58	63	3	
56	62	-3	
57	62	3	
50	52	2	
50	55	-3	
51	55	-3	
51	53	-1	
49	53	2	
235	237	2	
237	245	2	
242	246	3	
238	246	1	
235	238	-2	
136	143	-2	
139	203	2	
200	205	-3	
136	200	3	
192	197	3	
194	197	-1	
194	258	-2	
258	260	2	
192	256	2	
0	4	-2	
1	5	-2	
0	6	3	
274	276	-3	
276	284	-1	
283	284	2	
278	286	2	
274	278	-2	
398	406	-2	
403	406	-1	
403	407	2	
399	407	1	
394	399	-3	
162	164	2	
164	172	-2	
170	172	2	
170	174	-2	
166	174	2	
162	166	-3	
219	221	-2	
221	229	-2	
223	231	-2	
219	223	-1	
113	116	-2	
116	124	3	
123	126	4	
118	126	3	
113	118	4	
264	268	-1	
265	268	3	
265	271	2	
267	270	2	
424	429	2	
425	429	2	
425	489	-2	
424	488	-3	
72	76	-2	
73	77	2	
74	77	-2	
72	78	-1	
17	22	-1	
19	83	2	
83	87	-3	
17	81	-3	
300	308	-1	
305	311	1	
303	311	2	
297	303	-1	
368	374	-2	
370	434	1	
434	439	2	
432	439	-4	
368	432	-1	
33	37	-1	
34	38	-4	
385	388	3	
386	450	-2	
449	453	4	
385	449	-2	
411	412	-2	
409	415	-3	
409	414	-2	
410	414	2	
90	93	-2	
91	93	3	
91	94	-2	
88	94	-3	
88	95	1	
65	68	4	
66	69	3	
64	69	-1	
65	70	-2	
467	468	1	
474	476	-3	
474	477	2	
469	477	-2	
363	365	-4	
426	430	2	
362	426	1	
226	228	1	
228	236	-2	
234	238	3	
230	238	-2	
210	212	-1	
208	214	-3	
208	213	-2	
80	86	1	
82	86	2	
82	146	-1	
146	150	3	
80	144	-1	
40	44	1	
43	47	1	
40	46	-2	
115	119	-3	
179	183	-2	
178	183	-2	
257	262	-2	
259	262	-2	
259	323	1	
323	324	2	
321	324	-2	
257	321	1	
376	380	-1	
377	441	1	
376	440	-2	
332	340	-1	
338	340	-3	
338	341	-4	
329	333	2	
249	252	-1	
250	252	2	
248	253	3	
248	254	-1	
291	292	2	
291	293	-2	
289	293	-2	
289	295	-1	
288	295	3	
416	421	-3	
418	421	2	
418	482	2	
416	480	-2	
16	21	-1	
21	29	1	
25	29	-1	
499	501	-2	
501	509	-1	
506	511	1	
503	511	2	
499	503	-2	
99	100	2	
100	108	-1	
107	110	2	
102	110	-2	
9	12	3	
10	12	3	
8	14	2	
8	15	-3	
131	133	-2	
128	134	1	
128	135	4	
185	188	-2	
184	189	-1	
185	190	2	
387	389	-2	
389	397	2	
393	397	2	
393	399	-2	
391	399	2	
369	373	-2	
371	373	-3	
371	435	-1	
435	438	-3	
369	433	-1	
457	460	4	
459	460	1	
459	463	3	
456	463	-1	
456	461	-3	
464	470	1	
470	478	2	
473	478	-1	
473	479	2	
464	471	-3	
153	158	-2	
158	166	2	
160	166	-2	
160	167	2	
153	159	-2	
105	111	2	
105	169	-2	
168	173	3	
104	168	2	
136	141	-2	
137	201	-2	
201	207	-2	
200	207	-2	
277	285	2	
282	287	-1	
279	287	-3	
275	279	2	
232	239	-1	
235	239	4	
235	299	2	
296	302	-3	
336	342	2	
336	343	3	
335	343	1	
330	335	-2	
344	350	2	
355	358	1	
355	359	-2	
344	351	4	
306	309	1	
309	317	-2	
315	317	-1	
310	318	-1	
120	125	1	
121	126	2	
493	501	1	
496	501	3	
496	502	2	
494	502	-1	
490	494	1	
176	182	-2	
179	182	-2	
179	243	-2	
240	244	1	
176	240	2	
419	422	-3	
419	483	-2	
483	487	1	
417	481	-2	
396	404	1	
401	405	-1	
397	405	2	
194	196	2	
192	198	-1	
192	199	-2	
194	199	-3	
451	454	3	
448	454	2	
449	455	-1	
51	52	1	
57	60	-3	
51	54	-2	
216	220	2	
219	220	-2	
219	222	2	
218	222	2	
216	223	2	
442	447	3	
441	447	-1	
145	148	4	
147	148	-2	
146	151	-3	
24	29	2	
27	30	-2	
27	31	1	
24	31	-2	
97	100	2	
99	101	2	
98	101	-2	
98	103	-1	
97	103	-4	
504	508	3	
507	508	2	
505	511	2	
323	325	-3	
322	327	3	
364	372	-1	
371	375	-2	
361	367	-1	
313	316	-2	
314	378	-2	
378	383	3	
377	383	1	
313	377	1	
433	437	-3	
434	498	-1	
498	502	-1	
497	502	2	
433	497	1	
74	79	-3	
75	79	2	
75	139	-1	
74	138	-1	
176	180	1	
173	181	1	
171	173	2	
50	53	1	
50	114	-2	
114	117	-3	
48	112	-2	
347	348	-2	
347	411	2	
411	413	-2	
410	413	1	
346	410	-1	
0	5	-2	
2	66	1	
66	71	-1	
0	64	1	
163	164	-2	
225	230	1	
161	225	3	
209	213	-2	
273	276	1	
272	276	2	
84	92	1	
81	86	-2	
281	284	2	
284	292	-1	
290	292	1	
290	293	2	
285	293	-1	
281	285	-3	
267	269	-2	
267	331	-1	
328	333	-1	
264	328	-2	
301	309	-2	
298	303	-1	
400	404	-2	
466	468	-3	
464	468	1	
59	61	-4	
57	63	2	
186	191	-2	
251	252	2	
186	250	-3	
426	431	1	
427	431	-2	
427	491	2	
426	490	3	
475	477	-2	
477	485	2	
481	485	-1	
481	486	-2	
478	486	1	
475	478	2	
41	47	3	
42	106	-2	
106	111	1	
41	105	-1	
13	21	-1	
18	23	-2	
15	23	-1	
233	236	-1	
236	244	-1	
241	244	3	
241	245	-2	
201	206	2	
266	271	-2	
339	340	1	
336	341	-1	
387	388	1	
387	390	-2	
386	390	3	
152	156	1	
155	159	-2	
259	260	-1	
257	261	2	
131	132	2	
129	134	-3	
35	39	1	
34	39	2	
33	38	-1	
352	358	3	
353	358	-3	
417	421	2	
458	461	-2	
461	469	-1	
465	469	-1	
462	470	-1	
178	181	1	
181	189	-2	
185	189	1	
183	191	2	
73	137	-1	
137	142	-1	
136	142	2	
72	136	1	
25	30	-2	
22	30	-1	
93	101	1	
95	103	-2	
91	95	-1	
192	196	1	
200	204	-1	
152	157	3	
153	157	-2	
153	217	-2	
217	221	2	
216	221	1	
152	216	-3	
473	476	-2	
472	476	-1	
242	306	1	
160	165	2	
161	165	-1	
161	167	-3	
162	167	-2	
450	452	2	
455	463	2	
251	315	-1	
313	319	-1	
249	313	2	
275	278	-1	
283	287	-1	
43	46	-1	
43	107	2	
104	110	1	
40	104	-1	
355	357	-1	
357	365	-2	
363	367	-2	
359	367	3	
430	438	-1	
424	430	-2	
3	6	3	
3	67	2	
1	65	-2	
147	211	1	
211	215	-1	
145	209	-1	
226	231	-2	
226	290	-1	
224	288	1	
171	174	-2	
171	235	-2	
169	233	2	
392	399	-2	
119	127	2	
339	342	2	
339	403	2	
401	407	-3	
337	401	-3	
324	332	-2	
331	332	-2	
331	335	1	
327	335	-2	
480	486	-3	
488	494	-1	
487	495	-3	
480	487	-2	
368	372	-1	
372	380	-2	
374	382	-2	
10	13	1	
11	13	1	
9	14	2	
232	238	-1	
298	302	1	
83	84	1	
241	247	-1	
243	307	-1	
307	308	3	
113	117	1	
117	125	2	
429	437	-1	
425	431	-2	
180	188	2	
182	190	2	
345	350	-2	
347	350	-2	
506	508	2	
507	510	1	
498	500	3	
497	503	2	
104	108	-1	
106	170	-2	
266	268	2	
268	276	-1	
269	277	-1	
49	55	-2	
48	54	1	
218	220	1	
220	228	1	
225	229	-2	
412	420	-2	
418	422	-2	
414	422	-1	
203	206	2	
206	214	1	
210	214	-2	
207	215	-1	
203	207	-1	
32	36	-1	
41	44	-1	
32	37	3	
387	451	-1	
384	448	1	
298	300	-2	
298	362	2	
362	364	-3	
297	361	-2	
133	141	3	
138	143	-1	
135	143	-2	
291	355	1	
353	356	-1	
289	353	2	
26	90	-2	
90	92	-1	
89	92	-2	
25	89	2	
467	471	2	
256	261	1	
250	314	1	
248	312	-2	
70	78	2	
73	78	1	
71	79	-2	
491	493	2	
485	493	-1	
483	485	1	
325	333	2	
329	334	-1	
326	334	2	
321	326	-2	
16	22	2	
17	23	1	
56	60	2	
58	60	-1	
147	149	-2	
442	444	2	
442	445	-3	
440	446	2	
441	446	3	
400	406	2	
392	398	1	
458	460	1	
97	102	1	
370	373	2	
369	374	-2	
266	270	-1	
266	330	1	
328	332	1	
27	91	2	
88	93	1	
24	88	-2	
354	357	2	
346	349	-1	
208	212	-2	
482	486	-1	
489	494	-2	
193	196	-1	
249	255	-2	
48	52	2	
299	300	1	
233	297	-1	
76	84	1	
80	84	-1	
77	85	1	
101	109	-1	
96	102	2	
450	454	1	
35	37	2	
400	407	-1	
246	254	-1	
184	191	-1	
176	183	1	
168	172	-1	
165	173	-1	
161	166	1	
167	175	-1	
434	438	-1	
435	437	-1	
306	308	2	
304	311	2	
322	326	2	
211	213	1	
211	275	1	
275	276	-2	
210	274	1	
482	484	2	
120	126	-1	
289	292	-2	
138	202	-1	
378	380	-1	
361	365	1	
337	343	-1	
403	404	-2	
224	228	2	
232	237	-2	
18	20	-2	
18	82	2	
42	45	-1	
265	270	2	
256	262	2	
411	475	-1	
472	479	1	
417	420	-1	
416	420	1	
282	286	2	
282	346	2	
280	344	-2	
51	115	-1	
115	118	-1	
49	113	-1	
187	188	-1	
177	181	-1	
330	394	1	
394	396	2	
329	393	2	
144	148	2	
240	245	-1	
243	245	-1	
243	246	-1	
240	247	2	
370	372	-1	
130	194	1	
194	198	1	
129	193	1	
272	277	-1	
42	44	1	
26	31	-2	
222	230	-1	
339	341	-1	
451	455	2	
448	453	2	
299	301	1	
305	309	1	
305	310	1	
302	310	-1	
440	444	-2	
443	507	-1	
504	509	1	
440	504	-1	
435	499	1	
432	496	-1	
402	405	-1	
466	471	-1	
356	364	1	
354	359	-2	
59	63	-2	
259	261	1	
384	389	-1	
219	283	-1	
68	76	-1	
74	76	1	
69	77	-1	
204	212	-1	
209	212	-2	
205	213	-1	
202	205	1	
170	234	2	
233	238	-1	
2	4	2	
288	294	-1	
296	303	2	
19	23	2	
16	80	1	
99	163	1	
108	116	-1	
111	119	-2	
425	428	-1	
427	428	-1	
489	493	1	
345	409	-1	
131	135	1	
131	195	1	
128	192	-1	
50	54	-2	
58	62	-1	
466	469	1	
467	470	-1	
410	415	1	
474	479	1	
35	99	-1	
34	98	-1	
505	509	-2	
227	229	1	
10	15	-2	
178	180	1	
388	396	1	
314	317	-1	
311	319	-1	
121	124	1	
121	185	-1	
120	184	1	
169	172	1	
488	492	-1	
92	100	-1	
476	484	1	
44	52	1	
45	53	-1	
291	295	-1	
338	402	-1	
288	352	-1	
273	277	-1	
227	231	1	
145	150	1	
413	421	-1	
432	436	-1	
346	351	1	
390	398	1	
67	71	1	
66	70	-1	
307	371	-1	
306	370	-1	
193	197	-1	
200	206	-1	
112	119	-1	
154	218	1	
90	94	-1	
315	379	-1	
46	54	1	
47	55	-1	
139	141	1	
134	142	1	
168	232	-2	
251	255	-1	
427	429	-1	
422	430	-1	
160	224	1	
4	12	1	
5	13	-1	
328	392	1	
320	325	1	
323	327	1	
457	462	-1	
401	406	-1	
123	127	1	
8	72	1	
Energy:	-1728	
