NumberOfQubits	504	
NumberOfSubgraphs	588	
Serial	350	
PlantedSolution:	
0	1	
1	-1	
2	-1	
3	-1	
4	1	
5	-1	
6	-1	
8	-1	
9	1	
10	-1	
11	1	
12	1	
13	-1	
14	1	
15	-1	
16	1	
17	-1	
18	-1	
19	-1	
20	-1	
21	1	
22	1	
23	1	
24	-1	
25	-1	
26	1	
27	1	
28	-1	
29	1	
30	1	
31	-1	
32	1	
33	-1	
34	-1	
35	1	
36	-1	
37	-1	
38	1	
39	1	
40	-1	
41	1	
42	-1	
43	1	
44	-1	
45	-1	
46	1	
47	1	
48	-1	
49	1	
50	1	
51	1	
52	1	
53	1	
54	-1	
55	1	
56	1	
57	1	
58	1	
59	-1	
60	-1	
61	-1	
62	1	
63	1	
64	-1	
65	1	
66	1	
67	1	
68	-1	
69	-1	
70	1	
71	1	
72	-1	
73	-1	
74	-1	
75	1	
76	-1	
77	1	
78	1	
79	1	
80	-1	
81	1	
82	1	
83	1	
84	1	
85	-1	
86	-1	
87	-1	
88	1	
89	1	
90	-1	
91	-1	
92	1	
93	1	
94	-1	
95	-1	
96	-1	
97	1	
98	1	
99	1	
100	1	
101	-1	
102	1	
103	-1	
104	1	
105	1	
106	1	
107	1	
108	-1	
109	-1	
110	-1	
111	-1	
112	1	
113	1	
114	1	
115	-1	
116	-1	
117	1	
118	1	
119	-1	
120	-1	
121	1	
123	1	
124	-1	
125	1	
126	1	
127	1	
128	1	
129	1	
130	1	
131	-1	
132	1	
133	1	
134	1	
135	1	
136	1	
137	-1	
138	-1	
139	-1	
141	-1	
142	1	
143	-1	
144	-1	
145	1	
146	1	
147	-1	
148	1	
149	1	
150	1	
151	-1	
152	1	
153	-1	
154	-1	
155	1	
156	-1	
157	1	
158	1	
159	1	
160	1	
161	1	
162	-1	
163	-1	
164	1	
165	-1	
166	-1	
167	-1	
168	-1	
169	-1	
170	-1	
171	1	
172	-1	
173	-1	
174	1	
175	1	
176	-1	
177	-1	
178	-1	
179	1	
180	-1	
181	1	
182	-1	
183	-1	
184	1	
185	1	
186	1	
187	1	
188	-1	
189	1	
190	1	
191	1	
192	1	
193	-1	
194	1	
195	-1	
196	1	
197	1	
198	-1	
199	-1	
200	-1	
201	1	
202	-1	
203	-1	
204	-1	
205	1	
206	-1	
207	-1	
208	1	
209	1	
210	-1	
211	-1	
212	-1	
213	1	
214	1	
215	-1	
216	-1	
217	-1	
218	-1	
219	1	
220	-1	
221	1	
222	-1	
223	1	
224	1	
225	1	
226	1	
227	-1	
228	1	
229	1	
230	1	
231	1	
232	1	
233	-1	
234	-1	
235	-1	
236	-1	
237	-1	
238	1	
239	-1	
240	1	
241	1	
242	-1	
243	1	
244	-1	
245	1	
246	-1	
247	1	
248	-1	
249	-1	
250	-1	
251	-1	
252	-1	
253	-1	
254	1	
255	-1	
256	1	
257	1	
258	1	
259	-1	
260	1	
261	1	
262	1	
263	1	
264	-1	
265	-1	
266	1	
267	-1	
268	1	
269	-1	
270	1	
271	1	
272	-1	
273	1	
274	-1	
275	1	
276	-1	
277	1	
278	-1	
279	1	
280	-1	
281	-1	
282	-1	
283	-1	
284	1	
285	1	
286	1	
287	-1	
288	-1	
289	-1	
290	-1	
291	1	
292	1	
293	1	
294	-1	
295	-1	
296	-1	
297	1	
298	-1	
299	1	
300	1	
301	1	
302	-1	
303	1	
304	1	
305	1	
306	-1	
307	1	
308	-1	
309	1	
310	-1	
311	1	
312	1	
313	-1	
314	1	
315	1	
316	-1	
317	1	
318	-1	
319	-1	
320	1	
321	1	
322	1	
323	1	
324	-1	
325	-1	
326	-1	
327	-1	
328	-1	
329	-1	
330	-1	
331	-1	
332	1	
333	1	
334	-1	
335	1	
336	-1	
337	1	
338	-1	
339	-1	
340	1	
341	-1	
342	1	
343	-1	
344	-1	
345	1	
346	1	
347	-1	
348	-1	
349	-1	
350	-1	
351	-1	
352	1	
353	1	
354	1	
355	1	
356	-1	
357	-1	
358	-1	
359	1	
361	-1	
362	1	
363	1	
364	-1	
365	1	
367	-1	
368	-1	
369	-1	
370	-1	
371	-1	
372	-1	
373	-1	
374	-1	
375	-1	
376	1	
377	-1	
378	1	
379	1	
380	1	
382	1	
383	-1	
384	1	
385	1	
386	-1	
387	1	
388	1	
389	1	
390	1	
391	1	
392	-1	
393	1	
394	-1	
396	1	
397	1	
398	-1	
399	-1	
400	-1	
401	-1	
402	-1	
403	-1	
404	1	
405	-1	
406	-1	
407	-1	
408	-1	
409	-1	
410	1	
411	-1	
412	1	
413	1	
414	-1	
415	1	
416	-1	
417	1	
418	-1	
419	-1	
420	1	
421	1	
422	-1	
424	1	
425	1	
426	1	
427	-1	
428	-1	
429	-1	
430	1	
431	-1	
432	-1	
433	-1	
434	1	
435	-1	
436	1	
437	1	
438	-1	
439	-1	
440	-1	
441	-1	
442	1	
443	-1	
444	-1	
445	1	
446	1	
447	-1	
448	-1	
449	1	
450	1	
451	-1	
452	-1	
453	1	
454	-1	
455	-1	
456	-1	
457	-1	
458	1	
459	1	
460	-1	
461	-1	
462	1	
463	-1	
464	-1	
465	1	
466	1	
467	1	
468	-1	
469	1	
470	1	
471	-1	
472	-1	
473	1	
474	-1	
475	-1	
476	-1	
477	1	
478	-1	
479	-1	
480	-1	
481	1	
482	-1	
483	-1	
484	1	
485	-1	
486	-1	
487	-1	
488	1	
489	1	
490	1	
491	1	
492	1	
493	1	
494	-1	
495	-1	
496	1	
497	-1	
498	-1	
499	1	
500	-1	
501	-1	
502	-1	
503	1	
504	1	
505	1	
506	-1	
507	1	
508	-1	
509	-1	
510	1	
511	1	
Js:	
195	196	-4	
196	204	3	
203	204	-3	
203	206	-4	
198	206	-4	
195	198	-1	
480	484	4	
484	492	-3	
489	492	-3	
489	495	3	
487	495	-3	
480	487	-4	
451	452	-4	
452	460	1	
456	460	-5	
456	463	-4	
455	463	-2	
451	455	-5	
304	308	3	
307	308	3	
307	309	-2	
306	309	4	
306	310	-1	
304	310	-3	
256	260	-3	
260	268	-3	
264	268	3	
264	271	4	
263	271	-3	
256	263	-2	
9	12	-3	
12	20	2	
19	20	-4	
19	23	4	
15	23	2	
9	15	4	
296	300	-2	
299	300	-4	
299	302	4	
297	302	3	
297	301	-4	
296	301	4	
153	159	3	
154	159	3	
154	218	-3	
218	220	-3	
217	220	1	
153	217	-3	
169	172	-4	
172	180	-1	
177	180	-2	
177	182	-3	
174	182	2	
169	174	-3	
131	134	3	
134	142	-3	
136	142	-4	
136	143	-1	
135	143	5	
131	135	4	
144	151	-4	
147	151	-2	
147	211	3	
211	214	4	
208	214	-5	
144	208	2	
408	412	4	
409	412	3	
409	413	4	
411	413	-1	
411	415	6	
408	415	3	
441	446	3	
443	446	3	
443	507	-1	
507	509	4	
505	509	4	
441	505	2	
235	237	1	
237	245	2	
242	245	5	
242	247	5	
239	247	4	
235	239	-3	
250	253	-4	
251	253	-3	
251	315	2	
315	319	4	
314	319	-2	
250	314	2	
464	469	3	
465	469	-3	
465	471	4	
467	471	4	
467	470	-2	
464	470	-4	
385	388	-2	
388	396	-6	
394	396	2	
394	399	-4	
391	399	-3	
385	391	-3	
161	165	3	
162	165	-3	
162	166	-4	
163	166	-4	
163	167	-4	
161	167	-2	
80	84	4	
83	84	-5	
83	85	3	
81	85	3	
81	87	-3	
80	87	-5	
346	349	3	
349	357	-3	
352	357	4	
352	359	3	
351	359	3	
346	351	2	
226	229	-3	
227	229	7	
227	231	3	
224	231	2	
224	230	-3	
226	230	-5	
26	29	-4	
27	29	-4	
27	91	2	
91	94	-5	
90	94	2	
26	90	1	
67	68	-1	
68	76	-4	
72	76	-3	
72	79	1	
71	79	-4	
67	71	-2	
233	236	-2	
236	244	-1	
240	244	2	
240	246	4	
238	246	-3	
233	238	5	
184	188	3	
185	188	4	
185	190	-5	
187	190	-2	
187	189	3	
184	189	-4	
273	276	4	
276	284	-3	
283	284	3	
283	286	3	
278	286	2	
273	278	2	
336	340	3	
338	340	3	
338	341	2	
337	341	4	
337	342	-4	
336	342	4	
288	292	3	
289	292	3	
289	294	-2	
290	294	-2	
290	295	-4	
288	295	4	
424	429	5	
427	429	-1	
427	431	3	
425	431	1	
425	430	-4	
424	430	-3	
11	13	2	
13	21	2	
16	21	-3	
16	22	-3	
14	22	-2	
11	14	-4	
24	31	-5	
25	31	-2	
25	89	1	
89	92	-3	
88	92	4	
24	88	2	
369	372	-4	
370	372	-3	
370	374	-4	
371	374	-4	
371	375	-2	
369	375	2	
321	324	4	
322	324	5	
322	326	4	
323	326	3	
323	325	-2	
321	325	4	
48	52	2	
51	52	-4	
51	53	2	
49	53	-2	
49	55	-4	
48	55	5	
40	47	4	
43	47	-3	
43	107	2	
107	111	3	
104	111	4	
40	104	3	
209	213	4	
213	221	-3	
219	221	-3	
219	223	-3	
215	223	4	
209	215	2	
33	36	-3	
34	36	-5	
34	38	3	
35	38	-2	
35	37	3	
33	37	-4	
472	477	2	
473	477	-4	
473	479	5	
475	479	-3	
475	478	4	
472	478	-4	
401	404	3	
403	404	2	
403	405	-3	
400	405	-4	
400	406	-3	
401	406	-5	
481	485	5	
485	493	-1	
488	493	-4	
488	494	3	
486	494	-1	
481	486	3	
56	60	4	
57	60	4	
57	62	2	
58	62	-5	
58	61	2	
56	61	2	
377	380	-3	
378	380	-3	
378	382	-3	
379	382	-4	
379	383	4	
377	383	-2	
97	100	-3	
99	100	-3	
99	103	5	
98	103	3	
98	102	4	
97	102	-3	
112	117	-2	
117	125	-4	
120	125	-4	
120	127	4	
119	127	4	
112	119	3	
432	436	2	
434	436	-1	
434	439	3	
433	439	-4	
433	437	3	
432	437	-2	
497	500	-5	
499	500	4	
499	502	3	
498	502	3	
498	501	-4	
497	501	-3	
257	261	-6	
261	269	2	
267	269	-3	
267	270	-1	
262	270	-2	
257	262	-4	
1	4	3	
2	4	4	
2	66	3	
66	70	-3	
65	70	-4	
1	65	4	
275	277	-4	
277	285	-2	
280	285	4	
280	287	2	
279	287	3	
275	279	-2	
347	348	-3	
348	356	-2	
355	356	5	
355	358	2	
350	358	-4	
347	350	2	
330	332	2	
331	332	4	
331	333	4	
328	333	2	
328	334	-3	
330	334	-3	
384	389	-2	
386	389	2	
386	450	-3	
450	454	4	
448	454	-4	
384	448	4	
73	78	3	
75	78	-4	
75	139	-1	
139	141	-5	
137	141	-3	
73	137	-4	
362	364	6	
363	364	2	
363	367	6	
361	367	4	
361	365	3	
362	365	-4	
170	173	-5	
173	181	1	
179	181	-3	
179	183	-2	
175	183	2	
170	175	2	
128	132	-4	
129	132	-4	
129	193	-4	
193	197	3	
192	197	-2	
128	192	-3	
145	149	-5	
149	157	-3	
155	157	-5	
155	158	-4	
150	158	-3	
145	150	-4	
41	44	5	
42	44	1	
42	106	3	
106	110	4	
105	110	3	
41	105	-2	
416	420	3	
419	420	-4	
419	422	-2	
417	422	4	
417	421	-2	
416	421	3	
113	116	3	
116	124	-4	
121	124	2	
121	126	-6	
118	126	-4	
113	118	-3	
248	255	-4	
249	255	-3	
249	313	-3	
313	318	2	
312	318	4	
248	312	1	
440	445	4	
442	445	-4	
442	506	2	
506	508	-5	
504	508	3	
440	504	-1	
449	453	4	
453	461	3	
457	461	-3	
457	462	4	
454	462	2	
449	454	2	
201	205	-4	
202	205	2	
202	266	3	
266	270	-4	
265	270	4	
201	265	-2	
328	335	3	
329	335	3	
329	393	3	
393	397	-3	
392	397	4	
328	392	1	
0	6	4	
3	6	-4	
3	67	4	
67	69	5	
64	69	-5	
0	64	3	
466	468	2	
468	476	-1	
474	476	-4	
474	478	-2	
470	478	1	
466	470	3	
338	343	-3	
339	343	-3	
339	403	-2	
403	407	-3	
402	407	-6	
338	402	2	
146	148	1	
148	156	3	
152	156	3	
152	159	-4	
151	159	3	
146	151	5	
160	164	-4	
161	164	2	
161	225	-2	
225	228	-3	
224	228	-3	
160	224	-2	
426	428	3	
427	428	-4	
427	491	2	
491	495	-2	
490	495	3	
426	490	-3	
194	197	-2	
197	205	-4	
200	205	2	
200	207	-4	
199	207	-5	
194	199	-3	
17	23	-4	
18	23	2	
18	82	3	
82	86	3	
81	86	3	
17	81	3	
90	93	5	
93	101	1	
96	101	-4	
96	103	2	
95	103	-2	
90	95	-2	
208	212	2	
210	212	-4	
210	274	-4	
274	279	-2	
272	279	3	
208	272	3	
42	45	-4	
45	53	1	
50	53	-3	
50	54	4	
46	54	-2	
42	46	4	
496	502	4	
502	510	2	
506	510	4	
506	511	2	
503	511	-2	
496	503	-4	
241	244	5	
243	244	-2	
243	307	-3	
307	311	-2	
305	311	-4	
241	305	-3	
232	237	-4	
234	237	-4	
234	298	-2	
298	303	2	
296	303	5	
232	296	2	
368	373	-2	
371	373	-3	
371	435	3	
435	438	-3	
432	438	-2	
368	432	-2	
320	327	2	
323	327	4	
323	387	-1	
387	390	2	
384	390	-3	
320	384	-1	
8	15	-3	
10	15	-3	
10	74	-4	
74	77	4	
72	77	4	
8	72	2	
105	108	3	
108	116	-1	
114	116	-3	
114	117	-3	
109	117	1	
105	109	3	
217	222	-2	
218	222	-3	
218	282	-2	
282	284	3	
281	284	-2	
217	281	-2	
186	191	-4	
187	191	-3	
187	251	1	
251	252	-4	
250	252	3	
186	250	2	
289	293	4	
290	293	4	
290	354	-3	
354	356	4	
353	356	1	
289	353	3	
418	420	4	
419	483	-4	
483	487	-3	
482	487	-3	
418	482	-4	
344	348	-3	
345	348	2	
345	409	2	
409	414	-1	
408	414	-5	
344	408	1	
56	63	-5	
59	63	3	
59	123	-1	
123	127	-3	
56	120	1	
25	28	-3	
28	36	-1	
32	36	2	
32	38	-5	
30	38	-2	
25	30	-4	
130	133	-4	
133	141	2	
138	141	-2	
138	143	4	
130	135	-2	
312	317	-3	
313	317	3	
313	377	-1	
377	382	4	
376	382	2	
312	376	-3	
176	182	-2	
178	182	-2	
178	242	2	
240	245	-2	
176	240	2	
258	260	-3	
259	260	4	
259	261	-3	
258	262	-4	
441	444	-4	
443	444	-3	
443	445	-4	
442	447	2	
441	447	-3	
171	172	2	
171	174	-3	
168	174	3	
168	173	-3	
169	173	2	
458	461	4	
459	461	5	
459	463	-5	
457	463	-2	
458	462	-5	
216	221	3	
221	229	2	
223	231	-2	
216	223	1	
393	398	4	
394	398	-3	
392	399	-2	
51	55	1	
51	115	3	
115	119	-3	
48	112	2	
291	293	-3	
293	301	-2	
299	301	2	
294	302	-3	
291	294	3	
32	39	-3	
33	39	3	
33	97	2	
97	101	3	
32	96	-2	
1	5	-3	
2	5	-3	
66	68	3	
65	68	3	
347	349	-4	
347	411	-2	
411	414	1	
410	414	3	
346	410	-1	
184	190	-2	
185	249	2	
249	254	4	
248	254	5	
184	248	-1	
305	308	2	
308	316	-2	
314	316	3	
314	318	-2	
310	318	-4	
305	310	2	
89	95	4	
91	95	-3	
88	94	3	
433	436	4	
435	436	4	
435	437	-2	
434	437	-3	
434	438	4	
433	438	-2	
472	476	3	
475	476	-2	
475	477	2	
472	479	-3	
201	204	1	
204	212	-2	
210	215	-3	
207	215	1	
201	207	3	
325	333	4	
331	335	-1	
327	335	3	
321	327	3	
490	492	2	
491	492	-4	
491	494	5	
489	494	3	
489	493	-2	
490	493	-5	
449	452	4	
450	452	1	
450	455	3	
451	453	2	
154	156	2	
155	156	1	
152	157	-2	
152	158	-2	
154	158	2	
355	357	3	
355	359	-3	
353	359	-2	
353	358	3	
352	358	2	
129	133	-1	
130	194	-4	
194	196	-3	
193	196	4	
10	12	2	
74	79	3	
73	79	3	
9	73	-2	
18	21	1	
82	85	-3	
80	85	-2	
16	80	2	
272	276	-1	
275	276	3	
275	339	2	
339	341	-4	
336	341	-1	
272	336	3	
281	285	5	
281	286	2	
283	287	-5	
265	268	1	
267	268	4	
267	271	-3	
264	269	-3	
265	269	-4	
58	60	5	
59	62	5	
59	61	-3	
57	61	4	
481	484	2	
483	486	-3	
483	485	-2	
480	485	-2	
49	52	-4	
50	52	-2	
50	114	-3	
114	118	1	
49	113	-2	
404	412	-4	
410	412	1	
410	413	-4	
405	413	3	
401	405	-3	
499	503	-2	
498	503	-2	
176	180	-2	
177	183	-4	
176	181	3	
421	429	2	
425	429	-3	
422	430	1	
385	389	-5	
386	390	5	
387	391	-4	
297	300	-2	
298	300	4	
298	362	2	
361	364	-3	
297	361	2	
163	164	3	
162	167	-4	
160	166	-2	
75	76	4	
76	84	-1	
83	86	5	
78	86	2	
104	108	2	
106	108	-4	
107	110	3	
107	109	3	
104	109	3	
243	246	3	
243	247	-3	
233	239	-2	
40	44	-4	
41	45	3	
43	45	3	
43	46	-3	
40	46	-1	
309	317	-3	
315	317	-3	
311	319	-3	
306	311	1	
144	148	4	
147	148	-3	
147	150	3	
144	149	3	
400	407	-2	
402	466	3	
466	469	4	
400	464	-1	
24	28	-3	
27	28	4	
26	31	3	
192	199	3	
195	199	3	
195	259	-2	
259	263	3	
192	256	-2	
3	5	-4	
5	13	-2	
8	13	-4	
8	14	2	
6	14	2	
139	142	2	
139	203	-4	
200	206	3	
136	200	3	
363	365	-3	
365	373	4	
369	373	-3	
367	375	-2	
505	508	2	
507	508	3	
507	510	-2	
504	510	3	
504	509	4	
324	332	-3	
326	334	-4	
168	175	3	
171	175	5	
171	235	3	
235	236	-2	
232	236	4	
168	232	2	
342	350	2	
344	350	-3	
344	351	-3	
343	351	2	
337	343	4	
216	220	-5	
220	228	2	
226	228	-3	
222	230	2	
216	222	2	
34	37	-2	
35	99	2	
98	100	-2	
34	98	2	
368	372	1	
372	380	3	
376	380	-4	
376	383	4	
375	383	-2	
368	375	-3	
459	460	3	
460	468	-3	
465	468	2	
463	471	-2	
210	213	3	
274	278	-3	
209	273	-3	
67	131	-1	
131	132	3	
64	128	1	
120	124	-3	
123	124	3	
123	126	-3	
121	125	-3	
18	20	3	
19	21	3	
17	21	3	
17	22	3	
18	22	3	
178	180	-2	
180	188	-4	
186	188	1	
183	191	-3	
178	183	-4	
438	446	2	
440	446	-3	
440	447	-4	
439	447	-2	
291	292	-5	
424	431	2	
426	431	4	
424	488	2	
386	388	1	
392	396	4	
392	398	2	
390	398	4	
352	356	-1	
354	418	3	
418	422	-2	
416	422	-3	
352	416	2	
248	253	-3	
249	253	-2	
250	254	2	
250	255	3	
0	4	-3	
4	12	-2	
11	12	-4	
0	5	-4	
138	202	-2	
202	206	3	
201	206	1	
137	201	3	
304	309	-3	
306	370	-4	
368	374	-2	
304	368	2	
315	316	2	
315	379	1	
314	378	-3	
214	222	2	
219	222	3	
211	215	1	
234	239	-2	
170	234	-4	
410	415	-2	
411	475	-3	
410	474	3	
49	54	2	
47	55	-2	
266	268	-1	
268	276	-2	
269	277	2	
266	269	2	
77	85	2	
79	87	1	
160	165	2	
225	231	-4	
89	93	-3	
90	154	-2	
89	153	-2	
448	453	2	
329	332	2	
332	340	1	
337	340	-1	
333	341	1	
329	333	3	
244	252	-3	
251	255	3	
247	255	1	
241	247	-2	
102	110	3	
105	111	2	
103	111	2	
97	103	2	
66	71	-4	
64	71	2	
64	70	-2	
282	285	2	
282	346	3	
345	351	-4	
281	345	3	
258	322	-2	
320	324	3	
256	320	-3	
403	406	2	
403	467	2	
467	468	3	
401	465	2	
496	501	-3	
501	509	-1	
507	511	-4	
26	30	2	
31	39	1	
128	134	-2	
129	134	-3	
193	198	-4	
192	198	4	
418	421	3	
419	421	3	
482	486	4	
436	444	2	
440	444	-1	
437	445	-2	
115	116	-1	
297	303	-2	
145	148	3	
146	150	-4	
363	427	3	
425	428	3	
361	425	2	
187	188	2	
186	189	-2	
186	190	-3	
35	36	3	
35	39	4	
34	39	2	
259	323	3	
257	321	-2	
130	134	-3	
138	142	3	
313	316	-3	
313	319	-2	
488	495	2	
40	45	2	
106	111	3	
170	174	2	
233	237	-1	
169	233	-3	
469	477	-1	
471	479	-1	
466	471	2	
344	349	1	
353	357	3	
385	449	2	
448	452	-2	
282	286	2	
280	286	3	
216	280	1	
11	75	-2	
72	78	2	
112	118	3	
113	177	3	
112	176	4	
400	404	4	
378	442	-3	
442	444	2	
377	441	-2	
17	20	1	
16	23	-1	
88	93	-2	
91	93	2	
91	155	-1	
88	152	-1	
334	342	1	
338	342	2	
335	343	1	
330	335	-3	
288	294	-2	
296	302	-1	
295	303	2	
482	485	-2	
209	214	-2	
273	277	-2	
272	277	-2	
227	228	-1	
225	230	-2	
393	396	-2	
393	457	2	
457	460	-3	
392	456	1	
398	406	-1	
402	406	1	
399	407	-1	
164	172	2	
168	172	-2	
165	173	2	
163	165	-2	
195	197	3	
96	100	4	
99	102	-1	
99	101	2	
82	87	3	
264	270	1	
270	278	2	
271	279	-2	
115	117	3	
123	125	-3	
432	439	-4	
434	498	3	
432	496	2	
307	310	3	
240	304	-3	
505	511	-3	
505	510	-3	
25	29	2	
24	30	2	
426	430	-2	
2	6	-2	
146	149	-2	
147	149	3	
211	212	-3	
146	210	2	
153	156	-4	
156	164	1	
162	164	2	
158	166	-1	
153	158	2	
379	443	4	
443	447	-1	
376	440	-1	
386	391	3	
387	451	3	
284	292	-4	
291	295	-1	
287	295	-2	
48	53	-3	
53	61	3	
57	63	-4	
55	63	-2	
178	181	2	
181	189	-3	
184	191	-3	
73	77	1	
202	204	-3	
203	267	-1	
266	271	-2	
408	472	-2	
356	364	1	
362	367	1	
359	367	1	
241	245	2	
245	253	2	
246	254	2	
241	246	2	
194	198	1	
194	258	-1	
256	262	3	
43	44	3	
107	108	3	
339	340	4	
340	348	-2	
341	349	-2	
320	325	3	
331	334	-3	
320	326	-2	
498	500	-2	
499	501	2	
497	502	1	
91	92	3	
88	95	-2	
208	213	-1	
217	221	4	
217	223	2	
208	215	-3	
131	133	-2	
139	143	-2	
354	357	1	
417	420	-3	
353	417	2	
235	238	4	
234	238	1	
467	469	-3	
464	471	-3	
465	470	-3	
65	69	1	
121	127	-3	
458	463	-1	
265	329	-3	
328	332	2	
264	328	3	
73	76	-1	
137	142	2	
72	136	-2	
179	182	3	
179	243	-2	
345	350	2	
409	415	2	
394	397	2	
389	397	-3	
130	132	-1	
131	195	-1	
42	47	2	
106	109	2	
362	426	-1	
54	62	2	
48	54	-2	
417	481	-3	
416	480	-3	
442	446	1	
257	263	-2	
258	263	-4	
219	283	-1	
283	285	1	
249	252	-2	
315	318	2	
166	174	1	
167	175	-1	
225	229	-2	
227	291	-2	
225	289	1	
3	4	-2	
9	14	-2	
155	159	1	
185	189	-2	
202	207	-1	
384	388	-3	
387	388	2	
82	84	-2	
81	84	-1	
299	303	3	
26	28	2	
490	494	-1	
113	119	2	
177	181	2	
435	439	-1	
374	382	1	
369	374	-3	
16	20	3	
19	83	2	
83	87	-1	
474	477	3	
474	479	-2	
274	276	-1	
274	338	-2	
273	337	1	
212	220	-1	
219	220	-2	
153	157	2	
70	78	-2	
75	79	2	
228	236	-2	
232	239	2	
231	239	1	
226	231	-2	
304	311	-2	
51	54	-2	
203	205	-2	
354	358	3	
288	352	2	
346	348	-2	
280	344	-3	
408	413	1	
413	421	1	
414	422	-2	
312	316	-2	
378	383	2	
497	503	3	
458	460	1	
464	468	-3	
462	470	-1	
160	167	3	
161	166	2	
128	133	-3	
306	308	-3	
370	375	3	
11	15	2	
10	13	-3	
170	172	-3	
171	173	1	
169	175	1	
450	453	-3	
448	455	-2	
449	455	2	
483	484	2	
330	394	-2	
393	399	2	
98	101	2	
101	109	-2	
112	116	2	
32	37	2	
37	45	-3	
41	46	2	
38	46	-2	
85	93	1	
86	94	-1	
242	244	-1	
364	372	-2	
371	372	1	
429	437	2	
430	438	-1	
136	141	2	
200	204	-2	
44	52	1	
41	47	2	
289	295	1	
282	287	-2	
152	216	2	
336	400	-2	
64	68	-1	
75	77	1	
69	77	2	
345	349	1	
179	180	-3	
182	190	2	
21	29	-2	
27	30	-2	
22	30	-2	
267	331	-2	
230	238	-1	
473	476	2	
476	484	2	
482	484	1	
478	486	-2	
473	478	1	
385	390	-2	
456	461	-1	
459	462	1	
323	324	-1	
274	277	2	
428	436	1	
431	439	-2	
104	110	1	
292	300	1	
298	302	-2	
84	92	-1	
90	92	2	
87	95	1	
74	138	-3	
137	143	-2	
115	118	3	
211	275	-2	
275	278	1	
272	278	-4	
227	230	-1	
336	343	1	
496	500	-1	
500	508	-1	
67	70	-1	
92	100	-1	
94	102	2	
27	31	2	
24	29	2	
302	310	-1	
303	311	-2	
114	119	2	
114	178	-2	
266	330	-2	
330	333	2	
123	187	-1	
120	184	1	
10	14	2	
488	492	-1	
491	493	1	
81	145	1	
80	144	-1	
128	135	1	
129	135	-2	
355	419	-1	
19	22	1	
305	309	-2	
305	369	-1	
435	499	1	
411	412	1	
407	415	-1	
154	157	2	
155	219	-2	
218	223	-2	
288	293	1	
402	405	-1	
298	301	-2	
66	69	-1	
99	163	1	
96	160	1	
257	260	1	
322	325	-1	
322	327	2	
384	391	-1	
506	509	-1	
504	511	1	
346	350	1	
456	462	-1	
321	326	1	
1	6	2	
65	71	-2	
251	254	-1	
406	414	2	
314	317	-2	
98	162	1	
97	161	-1	
23	31	-1	
307	371	1	
477	485	2	
39	47	1	
424	428	2	
8	12	-1	
209	212	2	
224	229	-2	
218	221	1	
52	60	1	
74	78	1	
115	179	1	
273	279	-2	
20	28	-1	
105	169	1	
104	168	-1	
235	299	-1	
233	297	1	
286	294	2	
425	489	1	
379	380	-1	
479	487	-2	
185	191	1	
89	94	1	
113	117	-1	
234	236	-1	
409	473	-2	
33	38	2	
226	290	1	
224	288	2	
387	389	-2	
493	501	-1	
495	503	1	
354	359	-2	
312	319	1	
9	13	1	
283	347	1	
427	430	1	
242	306	1	
59	60	-2	
58	63	2	
211	213	1	
256	261	-1	
120	126	-1	
426	429	-1	
145	209	-1	
492	500	-1	
494	502	-1	
394	458	-1	
280	284	-1	
480	486	-1	
243	245	-1	
402	404	-1	
401	407	-1	
369	433	-1	
100	108	1	
96	102	1	
420	428	1	
206	214	1	
74	76	1	
240	247	-1	
176	183	-1	
300	308	1	
339	342	-1	
481	487	-1	
259	262	1	
193	257	1	
412	420	1	
Energy:	-2510	
