NumberOfQubits	504	
NumberOfSubgraphs	504	
Serial	84	
PlantedSolution:	
0	-1	
1	1	
2	-1	
3	-1	
4	-1	
5	1	
6	1	
8	-1	
9	-1	
10	1	
11	-1	
12	-1	
13	-1	
14	1	
15	-1	
16	1	
17	-1	
18	-1	
19	1	
20	-1	
21	1	
22	-1	
23	1	
24	-1	
25	-1	
26	-1	
27	1	
28	1	
29	-1	
30	-1	
31	-1	
32	-1	
33	-1	
34	-1	
35	-1	
36	1	
37	-1	
38	1	
39	-1	
40	-1	
41	-1	
42	1	
43	1	
44	-1	
45	-1	
46	1	
47	-1	
48	-1	
49	-1	
50	1	
51	-1	
52	1	
53	-1	
54	-1	
55	1	
56	1	
57	-1	
58	1	
59	-1	
60	-1	
61	1	
62	-1	
63	1	
64	1	
65	1	
66	-1	
67	-1	
68	1	
69	1	
70	1	
71	-1	
72	-1	
73	1	
74	-1	
75	1	
76	1	
77	1	
78	-1	
79	-1	
80	1	
81	-1	
82	1	
83	-1	
84	-1	
85	-1	
86	-1	
87	1	
88	1	
89	1	
90	1	
91	-1	
92	-1	
93	1	
94	1	
95	-1	
96	-1	
97	-1	
98	-1	
99	1	
100	-1	
101	-1	
102	-1	
103	-1	
104	-1	
105	-1	
106	-1	
107	-1	
108	-1	
109	-1	
110	1	
111	-1	
112	1	
113	-1	
114	-1	
115	-1	
116	1	
117	-1	
118	-1	
119	1	
120	1	
121	-1	
123	1	
124	-1	
125	-1	
126	1	
127	-1	
128	-1	
129	-1	
130	1	
131	1	
132	1	
133	1	
134	1	
135	1	
136	-1	
137	1	
138	-1	
139	-1	
141	1	
142	1	
143	-1	
144	-1	
145	-1	
146	-1	
147	-1	
148	-1	
149	1	
150	-1	
151	-1	
152	1	
153	-1	
154	1	
155	1	
156	1	
157	1	
158	1	
159	1	
160	-1	
161	1	
162	1	
163	-1	
164	-1	
165	-1	
166	-1	
167	-1	
168	1	
169	-1	
170	-1	
171	1	
172	-1	
173	1	
174	-1	
175	1	
176	1	
177	-1	
178	1	
179	-1	
180	-1	
181	-1	
182	1	
183	-1	
184	-1	
185	-1	
186	-1	
187	-1	
188	-1	
189	1	
190	-1	
191	1	
192	-1	
193	1	
194	-1	
195	1	
196	-1	
197	1	
198	-1	
199	-1	
200	-1	
201	-1	
202	1	
203	1	
204	1	
205	-1	
206	-1	
207	1	
208	1	
209	-1	
210	1	
211	1	
212	-1	
213	-1	
214	1	
215	-1	
216	1	
217	1	
218	-1	
219	-1	
220	1	
221	-1	
222	-1	
223	-1	
224	1	
225	1	
226	-1	
227	1	
228	1	
229	1	
230	1	
231	-1	
232	-1	
233	1	
234	-1	
235	1	
236	-1	
237	-1	
238	1	
239	1	
240	-1	
241	-1	
242	-1	
243	1	
244	1	
245	1	
246	1	
247	-1	
248	-1	
249	1	
250	1	
251	-1	
252	1	
253	1	
254	-1	
255	1	
256	1	
257	-1	
258	-1	
259	1	
260	-1	
261	-1	
262	1	
263	1	
264	-1	
265	1	
266	1	
267	-1	
268	1	
269	-1	
270	1	
271	-1	
272	-1	
273	1	
274	1	
275	-1	
276	1	
277	1	
278	-1	
279	1	
280	1	
281	-1	
282	-1	
283	-1	
284	-1	
285	1	
286	1	
287	-1	
288	-1	
289	1	
290	1	
291	-1	
292	1	
293	-1	
294	-1	
295	1	
296	-1	
297	-1	
298	-1	
299	1	
300	1	
301	-1	
302	1	
303	-1	
304	-1	
305	-1	
306	1	
307	-1	
308	1	
309	-1	
310	-1	
311	1	
312	-1	
313	-1	
314	-1	
315	-1	
316	-1	
317	-1	
318	-1	
319	-1	
320	-1	
321	-1	
322	-1	
323	-1	
324	-1	
325	1	
326	1	
327	-1	
328	-1	
329	1	
330	-1	
331	1	
332	1	
333	-1	
334	-1	
335	-1	
336	1	
337	1	
338	-1	
339	-1	
340	1	
341	1	
342	1	
343	1	
344	1	
345	1	
346	1	
347	1	
348	1	
349	1	
350	1	
351	-1	
352	-1	
353	1	
354	-1	
355	1	
356	-1	
357	-1	
358	-1	
359	-1	
361	1	
362	-1	
363	-1	
364	-1	
365	-1	
367	-1	
368	1	
369	-1	
370	-1	
371	-1	
372	-1	
373	-1	
374	-1	
375	-1	
376	1	
377	-1	
378	1	
379	1	
380	-1	
382	-1	
383	1	
384	1	
385	-1	
386	-1	
387	1	
388	1	
389	-1	
390	1	
391	1	
392	-1	
393	-1	
394	1	
396	-1	
397	-1	
398	1	
399	1	
400	1	
401	1	
402	-1	
403	1	
404	-1	
405	1	
406	1	
407	1	
408	-1	
409	1	
410	1	
411	-1	
412	-1	
413	-1	
414	1	
415	-1	
416	1	
417	-1	
418	1	
419	-1	
420	1	
421	1	
422	-1	
424	-1	
425	1	
426	1	
427	-1	
428	1	
429	1	
430	1	
431	1	
432	-1	
433	1	
434	1	
435	-1	
436	-1	
437	1	
438	1	
439	1	
440	1	
441	1	
442	1	
443	1	
444	1	
445	-1	
446	-1	
447	1	
448	1	
449	1	
450	-1	
451	1	
452	-1	
453	-1	
454	-1	
455	-1	
456	1	
457	-1	
458	1	
459	1	
460	1	
461	-1	
462	1	
463	-1	
464	-1	
465	1	
466	-1	
467	1	
468	-1	
469	1	
470	1	
471	1	
472	-1	
473	-1	
474	-1	
475	1	
476	-1	
477	-1	
478	-1	
479	1	
480	-1	
481	1	
482	1	
483	-1	
484	-1	
485	-1	
486	1	
487	-1	
488	-1	
489	-1	
490	-1	
491	-1	
492	1	
493	-1	
494	1	
495	-1	
496	-1	
497	1	
498	-1	
499	-1	
500	-1	
501	-1	
502	1	
503	-1	
504	1	
505	-1	
506	-1	
507	1	
508	-1	
509	-1	
510	-1	
511	1	
Js:	
425	428	-3	
428	436	-2	
435	436	-2	
435	437	3	
429	437	-3	
425	429	-2	
97	100	-4	
99	100	-2	
99	163	1	
163	167	-4	
161	167	3	
97	161	2	
256	261	4	
257	261	2	
257	321	-1	
321	324	-3	
320	324	-2	
256	320	2	
466	468	-4	
468	476	-3	
474	476	-3	
474	479	3	
471	479	-2	
466	471	3	
186	189	-2	
187	189	3	
187	190	-4	
185	190	-2	
185	191	4	
186	191	2	
16	21	-3	
21	29	2	
27	29	-3	
27	30	2	
22	30	-2	
16	22	2	
298	301	-3	
301	309	-1	
304	309	-3	
304	310	-4	
302	310	-1	
298	302	3	
219	220	3	
220	228	-2	
225	228	-4	
225	231	3	
223	231	1	
219	223	-3	
136	141	3	
139	141	2	
139	203	-3	
203	205	1	
200	205	-3	
136	200	-4	
145	148	-4	
147	148	3	
147	151	-2	
144	151	-1	
144	149	4	
145	149	3	
32	36	3	
33	36	2	
33	39	-5	
35	39	2	
35	37	-4	
32	37	-2	
368	373	2	
370	373	-3	
370	434	3	
434	439	-2	
432	439	2	
368	432	-4	
249	255	4	
250	255	-2	
250	314	1	
314	317	-3	
313	317	-1	
249	313	2	
176	182	-4	
177	182	3	
177	241	-1	
241	245	4	
240	245	1	
176	240	-1	
377	382	-5	
379	382	2	
379	443	-4	
443	447	3	
441	447	-1	
377	441	1	
80	85	3	
81	85	-4	
81	86	-3	
82	86	2	
82	87	-3	
80	87	-4	
43	45	4	
45	53	1	
51	53	-4	
51	54	-3	
46	54	1	
43	46	-2	
344	350	-2	
347	350	-3	
347	411	-2	
411	414	3	
408	414	3	
344	408	2	
496	500	2	
499	500	-3	
499	503	-3	
498	503	-5	
498	502	2	
496	502	5	
328	333	-3	
333	341	1	
337	341	-4	
337	342	1	
334	342	1	
328	334	-3	
384	388	-3	
385	388	4	
385	449	2	
449	454	4	
448	454	4	
384	448	2	
114	116	4	
115	116	4	
115	179	-2	
179	183	-3	
178	183	1	
114	178	-2	
386	389	-2	
387	389	3	
387	451	-2	
451	453	3	
450	453	1	
386	450	-2	
129	132	1	
131	132	-3	
131	134	-3	
130	134	-1	
130	135	2	
129	135	5	
393	398	3	
394	398	-4	
394	458	-2	
458	463	3	
457	463	-4	
393	457	1	
64	69	-2	
69	77	-3	
74	77	1	
74	79	4	
71	79	-2	
64	71	3	
274	277	-2	
275	277	4	
275	278	4	
272	278	-3	
272	279	2	
274	279	-4	
202	204	-4	
204	212	2	
208	212	3	
208	215	2	
207	215	-1	
202	207	-3	
282	285	-1	
285	293	2	
288	293	-2	
288	294	-2	
286	294	1	
282	286	4	
88	92	-1	
90	92	2	
90	94	-3	
89	94	-4	
89	93	-2	
88	93	-3	
8	12	-4	
10	12	3	
10	14	2	
9	14	3	
9	15	-3	
8	15	-3	
105	109	-2	
106	109	-2	
106	110	3	
107	110	2	
107	111	-2	
105	111	3	
211	213	-3	
213	221	-2	
217	221	3	
217	222	2	
214	222	4	
211	214	-3	
353	357	2	
355	357	2	
355	359	1	
352	359	-2	
352	358	3	
353	358	1	
232	236	-2	
233	236	5	
233	238	-2	
234	238	3	
234	239	3	
232	239	3	
193	197	-2	
195	197	-2	
195	198	3	
192	198	-3	
192	199	-2	
193	199	-2	
481	485	2	
485	493	-3	
488	493	-4	
488	494	3	
486	494	1	
481	486	-5	
482	484	-2	
484	492	2	
491	492	4	
491	495	-2	
487	495	-2	
482	487	4	
112	118	-2	
118	126	3	
123	126	-2	
123	127	3	
119	127	4	
112	119	-3	
264	268	2	
266	268	-2	
266	270	-3	
267	270	1	
267	271	3	
264	271	-2	
152	156	-1	
155	156	3	
155	158	-2	
153	158	4	
153	159	2	
152	159	-4	
402	405	3	
403	405	-3	
403	407	-2	
401	407	2	
401	406	-2	
402	406	2	
0	4	4	
1	4	3	
1	6	-4	
3	6	3	
3	5	2	
0	5	3	
299	300	-3	
300	308	-2	
307	308	2	
307	311	2	
303	311	-2	
299	303	4	
168	172	2	
170	172	-2	
170	175	-1	
169	175	3	
169	173	4	
168	173	-2	
505	508	-3	
506	508	-3	
506	509	-5	
507	509	3	
507	510	3	
505	510	2	
467	469	-2	
469	477	2	
475	477	-2	
475	478	5	
470	478	3	
467	470	-3	
40	44	-5	
44	52	1	
50	52	-4	
50	55	-3	
47	55	-1	
40	47	-2	
57	60	3	
58	60	4	
58	62	5	
59	62	-2	
59	63	3	
57	63	4	
362	365	-3	
363	365	-3	
363	427	-2	
427	430	4	
426	430	-2	
362	426	2	
410	412	3	
412	420	2	
416	420	3	
416	421	-3	
413	421	1	
410	413	1	
96	101	-3	
98	101	-4	
98	162	1	
162	166	-2	
160	166	-4	
96	160	-2	
280	284	4	
284	292	3	
289	292	-3	
289	295	-1	
287	295	-2	
280	287	2	
330	332	2	
332	340	1	
339	340	2	
339	343	3	
335	343	1	
330	335	-2	
19	20	3	
20	28	2	
24	28	1	
24	31	-2	
23	31	-2	
19	23	-3	
258	260	-4	
259	260	3	
259	323	-1	
323	325	3	
322	325	5	
258	322	-2	
361	364	-4	
364	372	-2	
371	372	-4	
371	375	-1	
367	375	-3	
361	367	2	
65	68	-4	
68	76	-4	
72	76	3	
72	78	-2	
70	78	-3	
65	70	-2	
248	253	-2	
251	253	4	
251	315	-2	
315	319	-3	
312	319	-2	
248	312	-1	
376	383	-6	
378	383	-3	
378	442	-2	
442	446	3	
440	446	2	
376	440	-3	
242	244	2	
243	244	-4	
243	247	3	
240	247	2	
240	246	4	
242	246	2	
345	348	-2	
348	356	2	
354	356	-2	
354	357	1	
349	357	2	
345	349	-3	
458	460	-3	
459	460	2	
459	462	-5	
456	462	-4	
456	461	3	
458	461	4	
138	142	3	
142	150	2	
146	150	-4	
146	151	-3	
143	151	3	
138	143	-2	
226	230	4	
227	230	4	
227	291	3	
291	295	2	
290	295	-3	
226	290	3	
120	124	4	
121	124	-3	
121	185	-1	
185	188	2	
184	188	-3	
120	184	1	
392	396	5	
396	404	-1	
400	404	2	
400	407	-2	
399	407	-1	
392	399	3	
433	438	-2	
434	438	3	
434	498	1	
498	501	-3	
497	501	2	
433	497	-2	
209	213	2	
210	213	2	
210	274	-1	
274	276	-3	
273	276	-3	
209	273	3	
417	422	-4	
419	422	4	
419	483	-2	
483	486	4	
417	481	1	
152	157	-4	
154	157	-3	
154	218	4	
218	222	-2	
216	222	3	
152	216	2	
408	415	-3	
409	415	2	
409	473	4	
473	477	-2	
472	477	2	
408	472	-4	
9	13	2	
11	13	-3	
11	75	2	
75	78	3	
73	78	2	
9	73	2	
48	54	2	
49	54	-3	
49	113	-4	
113	117	-2	
112	117	2	
48	112	4	
104	108	-3	
107	108	-4	
107	171	3	
171	174	3	
168	174	-3	
104	168	2	
305	309	-1	
306	309	1	
306	370	3	
370	374	-3	
369	374	-2	
305	369	3	
91	94	-1	
94	102	3	
99	102	3	
99	103	2	
95	103	-2	
91	95	-4	
201	206	-2	
203	206	5	
203	267	1	
267	269	-3	
265	269	1	
201	265	-1	
224	228	2	
228	236	1	
235	236	1	
235	237	4	
229	237	4	
224	229	-3	
128	133	3	
130	133	3	
130	194	2	
194	196	-2	
192	196	-2	
128	192	-2	
25	28	4	
28	36	-1	
34	36	2	
34	38	5	
30	38	-1	
25	30	-3	
282	284	2	
283	284	-3	
283	347	1	
347	351	2	
346	351	3	
282	346	3	
2	5	3	
3	67	-4	
67	69	3	
66	69	3	
2	66	-4	
18	23	3	
19	83	2	
83	84	3	
82	84	3	
18	82	3	
320	326	3	
326	334	3	
329	334	3	
329	335	1	
327	335	4	
320	327	-2	
424	431	4	
425	431	-2	
425	489	4	
489	494	-3	
424	488	-4	
440	445	-3	
441	445	2	
441	505	2	
505	511	4	
504	511	-3	
440	504	-2	
56	61	-4	
59	61	-4	
59	123	2	
123	125	4	
120	125	4	
56	120	-3	
161	164	1	
163	164	3	
163	165	-2	
162	165	4	
162	167	3	
178	180	4	
179	180	-2	
179	182	3	
177	181	-3	
178	181	4	
259	263	1	
256	263	-3	
256	262	-2	
258	262	2	
384	389	-1	
389	397	-4	
394	397	2	
390	398	-3	
384	390	-3	
401	404	4	
401	465	4	
465	469	-3	
464	469	3	
400	464	3	
450	452	-5	
452	460	-1	
457	460	3	
455	463	-1	
450	455	-3	
313	316	2	
315	316	-2	
312	318	-3	
313	318	-3	
41	47	-4	
42	47	-2	
42	106	3	
105	110	5	
41	105	-2	
480	484	-3	
490	492	-3	
490	493	-2	
480	485	-3	
296	300	3	
297	300	2	
297	302	4	
296	301	-3	
249	252	-2	
251	252	-2	
250	253	-2	
250	254	4	
249	254	3	
337	340	-4	
338	340	3	
338	343	2	
336	343	-3	
336	341	-2	
378	380	3	
379	380	-2	
443	444	-3	
442	444	-2	
354	358	-2	
355	358	4	
355	419	3	
418	422	1	
354	418	3	
323	324	-4	
323	387	1	
387	391	-3	
385	391	2	
321	385	1	
136	143	-3	
137	143	2	
137	201	5	
201	204	-2	
200	204	2	
25	31	-3	
26	31	-3	
26	90	3	
90	93	-3	
25	89	-2	
17	22	-2	
17	81	-2	
81	84	3	
80	84	2	
16	80	-3	
277	285	-3	
281	285	2	
281	286	2	
278	286	2	
405	413	-2	
411	413	-4	
406	414	-2	
147	211	2	
209	214	2	
145	209	-2	
53	61	3	
57	61	2	
55	63	-3	
51	55	2	
288	292	2	
291	292	2	
291	294	-3	
289	294	-4	
289	293	4	
433	436	3	
435	499	-2	
497	500	5	
504	508	3	
504	510	2	
265	268	-3	
267	268	3	
267	331	-3	
331	332	-3	
329	332	-3	
265	329	-4	
186	188	-2	
187	188	2	
184	189	2	
184	190	-2	
186	190	-4	
32	38	3	
34	98	1	
32	96	-3	
4	12	-2	
6	14	-2	
154	158	-2	
155	219	-1	
219	221	-2	
218	221	-2	
307	310	-2	
307	371	-1	
368	372	2	
304	368	-1	
242	245	3	
242	306	3	
306	308	-2	
305	308	2	
241	305	2	
233	237	-1	
235	238	-2	
233	239	-1	
131	135	-1	
131	195	1	
193	198	2	
129	193	1	
244	252	-1	
248	252	4	
248	254	-3	
246	254	1	
243	246	2	
73	76	-3	
74	76	2	
72	79	-1	
72	77	3	
73	77	-2	
465	468	2	
472	476	1	
472	478	-2	
465	470	-1	
386	388	2	
388	396	2	
391	399	-3	
386	391	2	
365	373	-3	
369	373	2	
369	375	-5	
362	367	-5	
449	453	2	
453	461	1	
454	462	1	
194	197	2	
197	205	3	
202	205	-4	
199	207	2	
194	199	-4	
160	164	-3	
164	172	-2	
169	172	-3	
165	173	-1	
160	165	-1	
261	269	-2	
264	269	-2	
263	271	3	
257	263	2	
225	229	-2	
226	229	1	
227	231	1	
113	118	-3	
121	126	-3	
121	127	-3	
113	119	3	
41	44	1	
41	45	-3	
42	45	2	
42	46	-2	
40	46	3	
346	349	-3	
346	410	2	
410	415	3	
345	409	-2	
64	68	-3	
65	71	2	
66	71	-2	
66	70	-1	
64	70	-3	
216	220	-3	
217	220	-2	
217	281	2	
281	287	-3	
216	280	1	
144	150	1	
146	210	2	
210	212	3	
144	208	2	
418	421	-3	
418	482	-2	
480	487	-2	
416	480	3	
427	429	3	
432	437	1	
432	438	2	
430	438	1	
108	116	-1	
115	117	-3	
109	117	-2	
104	109	-3	
91	92	-3	
92	100	3	
97	103	-3	
344	348	-3	
353	356	3	
353	359	3	
351	359	2	
344	351	2	
133	141	1	
138	141	3	
134	142	-1	
128	134	2	
297	303	-2	
299	363	1	
363	364	-3	
297	361	2	
494	502	-2	
496	503	-1	
495	503	-1	
489	495	-2	
26	29	-3	
29	37	1	
33	37	-2	
31	39	-1	
377	380	-4	
376	382	-1	
272	276	3	
275	276	2	
275	339	-2	
339	342	2	
336	342	-4	
272	336	2	
325	333	-1	
331	333	4	
331	334	1	
322	326	2	
12	20	-1	
17	20	-3	
17	21	3	
13	21	-1	
8	13	-4	
171	172	2	
172	180	1	
176	180	3	
176	183	3	
175	183	1	
171	175	-4	
49	52	1	
52	60	-2	
54	62	-2	
315	317	-3	
314	318	-2	
426	428	-3	
427	428	-2	
424	430	3	
426	431	-3	
153	156	-3	
154	156	-1	
154	159	-2	
153	157	2	
474	477	-3	
473	478	-1	
473	479	3	
466	469	-1	
467	471	-3	
464	470	3	
448	452	3	
449	452	2	
449	455	4	
451	455	-4	
451	454	2	
264	270	4	
266	330	5	
330	333	-2	
264	328	2	
82	85	1	
83	87	2	
83	86	-2	
80	86	-2	
10	15	3	
11	15	-1	
74	78	1	
10	74	2	
170	173	2	
173	181	-1	
178	182	-1	
174	182	1	
170	174	-4	
24	29	-3	
27	91	3	
88	95	3	
24	88	4	
437	445	3	
442	445	3	
442	447	-2	
439	447	-2	
435	439	2	
393	397	-3	
386	390	-3	
352	356	-1	
353	417	2	
417	420	4	
352	416	2	
273	277	-2	
283	285	3	
283	287	-2	
279	287	2	
273	279	3	
48	52	-2	
50	114	1	
114	117	-2	
137	142	-2	
139	142	3	
483	485	-2	
490	495	-4	
483	487	1	
0	6	2	
67	71	3	
0	64	3	
224	231	4	
226	231	2	
288	295	3	
224	288	1	
96	102	-1	
102	110	1	
103	111	-2	
96	103	-3	
193	196	4	
195	196	3	
195	259	-1	
259	262	-3	
257	262	4	
193	257	-1	
210	214	-2	
217	223	2	
215	223	3	
210	215	2	
245	253	-2	
248	255	3	
247	255	2	
242	247	-2	
441	446	4	
443	446	-1	
443	507	-2	
507	511	-3	
56	62	3	
235	239	3	
235	299	-2	
299	301	2	
232	296	-3	
339	403	1	
402	407	2	
338	402	1	
35	36	2	
36	44	2	
43	44	-2	
37	45	-2	
345	350	-3	
346	350	-1	
409	412	2	
305	311	3	
306	311	-2	
19	22	2	
18	22	-4	
17	23	-2	
181	189	1	
185	189	4	
183	191	-2	
177	183	-4	
161	165	2	
163	166	1	
161	166	3	
324	332	2	
328	332	1	
328	335	-3	
323	327	-2	
459	461	3	
456	463	3	
141	149	-1	
145	151	-1	
499	501	-3	
497	503	2	
128	132	3	
130	132	-3	
194	198	2	
434	436	2	
436	444	1	
440	444	2	
440	447	-2	
1	5	-2	
66	68	-1	
1	65	-3	
116	124	-2	
114	119	1	
106	108	-2	
106	170	1	
76	84	1	
81	87	1	
79	87	1	
73	79	2	
265	270	-1	
270	278	2	
274	278	1	
271	279	1	
265	271	-2	
408	413	-2	
304	308	-2	
308	316	2	
314	316	-2	
314	319	-3	
311	319	2	
304	311	1	
403	404	2	
403	467	-3	
465	471	-2	
256	260	1	
320	325	-2	
89	92	3	
98	100	-3	
98	102	-3	
419	421	3	
227	229	-1	
234	237	-1	
230	238	-2	
11	14	4	
372	380	-3	
374	382	-3	
371	374	-3	
218	223	2	
216	221	2	
144	148	-2	
147	150	-3	
146	149	2	
187	251	-2	
251	254	-1	
186	250	-2	
56	60	2	
58	63	-2	
58	61	-1	
290	292	-2	
290	294	2	
291	293	-2	
211	212	2	
205	213	-1	
448	453	3	
33	38	1	
38	46	-2	
39	47	2	
394	396	2	
394	399	-2	
393	399	3	
392	397	-2	
240	244	3	
241	244	1	
241	247	-2	
298	300	2	
298	303	2	
296	303	-1	
296	302	2	
336	340	-1	
338	341	-2	
338	342	3	
426	490	2	
489	492	2	
362	364	-1	
363	367	-3	
361	365	2	
24	30	2	
26	30	-2	
387	388	-1	
387	390	2	
384	391	-2	
156	164	2	
158	166	2	
496	501	-3	
501	509	1	
506	510	-4	
502	510	1	
49	53	-2	
51	115	-1	
115	118	1	
168	175	-2	
169	233	3	
168	232	-1	
209	215	2	
208	272	2	
307	309	-3	
309	317	3	
312	317	-2	
310	318	-3	
473	476	-2	
475	476	2	
472	479	-3	
131	133	-3	
129	134	3	
128	135	-2	
280	286	2	
483	484	-3	
481	487	1	
400	405	-3	
402	466	-2	
464	468	2	
414	422	-1	
409	414	-2	
347	349	-2	
352	357	-2	
424	429	-1	
427	491	-2	
491	493	-2	
75	77	-2	
67	70	1	
180	188	-1	
184	191	3	
368	375	2	
369	433	2	
97	101	-2	
101	109	1	
104	111	-2	
330	334	1	
379	383	-3	
137	141	-2	
138	202	2	
201	207	2	
16	20	2	
27	28	-3	
258	261	-1	
258	263	3	
226	228	1	
225	230	-1	
155	157	-2	
155	159	-2	
456	460	3	
459	463	2	
250	252	-3	
504	509	2	
2	4	-4	
195	199	-2	
192	197	3	
51	52	2	
48	55	3	
83	85	-2	
34	37	-1	
32	39	-1	
323	326	1	
321	326	3	
321	327	-3	
322	327	1	
43	47	-1	
41	46	2	
400	406	2	
407	415	3	
438	446	2	
435	438	2	
346	348	-2	
280	344	-2	
476	484	1	
477	485	-1	
75	139	2	
139	143	-2	
72	136	1	
492	500	-1	
497	502	-1	
491	494	2	
257	260	-2	
260	268	2	
262	270	1	
203	204	-1	
200	206	-2	
331	335	1	
129	133	2	
432	436	-2	
312	316	-2	
314	378	3	
312	376	2	
5	13	-2	
274	338	1	
273	337	-1	
393	396	-2	
392	398	1	
291	355	2	
288	352	-2	
209	212	1	
249	253	-2	
313	319	-2	
467	468	-1	
464	471	1	
466	470	2	
219	222	-1	
211	215	2	
237	245	1	
239	247	1	
221	229	-1	
243	307	2	
240	304	1	
110	118	-1	
404	412	-3	
411	412	-2	
356	364	-2	
357	365	-1	
170	234	2	
234	236	-2	
418	420	-3	
85	93	1	
88	94	1	
86	94	2	
385	390	1	
339	341	2	
146	148	-1	
148	156	2	
151	159	2	
266	269	1	
259	261	-3	
507	508	-1	
506	511	2	
342	350	-1	
345	351	-2	
343	351	1	
48	53	1	
281	284	-1	
241	246	2	
42	44	3	
106	111	1	
40	104	-2	
457	462	2	
457	461	-2	
179	181	2	
18	21	-1	
410	474	2	
424	428	2	
433	439	-2	
431	439	-2	
35	99	-2	
293	301	-1	
297	301	-2	
294	302	2	
198	206	-2	
203	207	-1	
441	444	-2	
75	79	2	
74	138	-2	
90	95	-1	
359	367	1	
354	359	-3	
157	165	2	
152	158	-1	
403	406	-1	
50	53	1	
123	124	1	
121	125	1	
218	220	1	
219	283	2	
283	286	1	
218	282	-1	
315	318	-1	
232	237	-1	
232	238	2	
224	230	1	
385	389	-2	
184	248	-1	
196	204	1	
276	284	-1	
280	285	-1	
409	413	2	
411	475	-2	
18	20	1	
19	21	-2	
347	348	-2	
344	349	1	
163	227	1	
227	228	-2	
161	225	1	
426	429	-2	
433	437	1	
251	255	1	
185	249	1	
313	377	-2	
266	271	1	
136	142	-1	
200	207	1	
83	147	1	
147	149	1	
80	144	2	
397	405	1	
398	406	-1	
322	386	-1	
320	384	1	
337	343	-2	
234	298	1	
371	435	-1	
3	4	-1	
91	93	-1	
112	116	-1	
114	118	-2	
488	495	-1	
177	180	-3	
176	181	-1	
475	479	1	
208	213	2	
99	101	2	
97	102	1	
11	12	-2	
8	14	-1	
160	167	-1	
162	226	1	
160	224	1	
269	277	1	
417	421	1	
421	429	-1	
425	430	-1	
422	430	-1	
290	354	1	
289	353	-1	
57	121	-1	
120	126	-2	
65	69	1	
236	244	1	
238	246	1	
73	137	-1	
315	379	-1	
16	23	-2	
212	220	1	
216	223	1	
150	158	1	
145	150	-1	
243	245	-1	
368	374	-1	
50	54	1	
49	55	2	
322	324	1	
481	484	1	
482	485	1	
482	486	1	
187	191	1	
34	39	1	
117	125	1	
115	119	1	
162	164	1	
298	362	1	
416	422	1	
202	206	1	
282	287	1	
489	493	1	
27	31	-1	
290	293	1	
402	404	-2	
43	107	-1	
370	372	1	
59	60	-1	
231	239	1	
77	85	1	
78	86	1	
340	348	1	
341	349	-1	
499	502	-1	
432	496	-1	
434	437	-1	
67	131	1	
66	130	1	
149	157	1	
490	494	1	
321	325	-1	
498	500	1	
26	28	1	
167	175	1	
410	414	-1	
474	478	-1	
208	214	1	
295	303	-1	
480	486	-1	
451	452	1	
450	454	-1	
2	6	1	
153	217	1	
505	509	1	
378	382	-1	
461	469	1	
463	471	-1	
169	174	-1	
329	333	1	
75	76	1	
89	95	1	
87	95	1	
305	310	-1	
306	310	1	
370	375	-1	
411	415	1	
443	445	1	
392	456	1	
427	431	-1	
81	145	-1	
225	289	-1	
Energy:	-2120	
