NumberOfQubits	504	
NumberOfSubgraphs	588	
Serial	189	
PlantedSolution:	
0	1	
1	1	
2	1	
3	1	
4	1	
5	-1	
6	-1	
8	-1	
9	-1	
10	-1	
11	-1	
12	-1	
13	-1	
14	1	
15	-1	
16	-1	
17	1	
18	1	
19	-1	
20	-1	
21	-1	
22	1	
23	1	
24	-1	
25	-1	
26	-1	
27	1	
28	-1	
29	-1	
30	1	
31	1	
32	-1	
33	-1	
34	1	
35	-1	
36	-1	
37	1	
38	1	
39	1	
40	1	
41	-1	
42	-1	
43	1	
44	1	
45	-1	
46	1	
47	-1	
48	-1	
49	-1	
50	1	
51	1	
52	-1	
53	1	
54	-1	
55	-1	
56	-1	
57	1	
58	-1	
59	-1	
60	1	
61	1	
62	1	
63	1	
64	-1	
65	-1	
66	-1	
67	-1	
68	-1	
69	-1	
70	1	
71	1	
72	-1	
73	-1	
74	1	
75	-1	
76	1	
77	1	
78	1	
79	1	
80	-1	
81	1	
82	1	
83	-1	
84	-1	
85	1	
86	-1	
87	1	
88	1	
89	1	
90	1	
91	1	
92	-1	
93	1	
94	-1	
95	1	
96	-1	
97	-1	
98	-1	
99	1	
100	1	
101	-1	
102	1	
103	1	
104	-1	
105	-1	
106	1	
107	-1	
108	1	
109	1	
110	1	
111	1	
112	1	
113	-1	
114	-1	
115	1	
116	-1	
117	1	
118	-1	
119	-1	
120	-1	
121	1	
123	1	
124	-1	
125	1	
126	-1	
127	-1	
128	-1	
129	-1	
130	-1	
131	-1	
132	-1	
133	1	
134	-1	
135	-1	
136	1	
137	-1	
138	-1	
139	1	
141	-1	
142	-1	
143	1	
144	1	
145	1	
146	-1	
147	1	
148	-1	
149	1	
150	-1	
151	1	
152	-1	
153	1	
154	-1	
155	1	
156	-1	
157	1	
158	1	
159	-1	
160	-1	
161	1	
162	1	
163	-1	
164	1	
165	-1	
166	-1	
167	1	
168	-1	
169	-1	
170	-1	
171	-1	
172	-1	
173	1	
174	1	
175	-1	
176	1	
177	-1	
178	-1	
179	1	
180	1	
181	1	
182	1	
183	-1	
184	1	
185	1	
186	-1	
187	1	
188	1	
189	-1	
190	-1	
191	-1	
192	1	
193	-1	
194	-1	
195	1	
196	1	
197	1	
198	-1	
199	-1	
200	-1	
201	-1	
202	-1	
203	-1	
204	1	
205	-1	
206	-1	
207	1	
208	-1	
209	-1	
210	-1	
211	-1	
212	-1	
213	-1	
214	1	
215	-1	
216	-1	
217	-1	
218	-1	
219	-1	
220	-1	
221	-1	
222	1	
223	1	
224	1	
225	-1	
226	1	
227	1	
228	-1	
229	-1	
230	1	
231	-1	
232	1	
233	-1	
234	1	
235	1	
236	-1	
237	-1	
238	1	
239	-1	
240	1	
241	1	
242	1	
243	-1	
244	1	
245	1	
246	1	
247	-1	
248	-1	
249	-1	
250	-1	
251	-1	
252	-1	
253	-1	
254	-1	
255	-1	
256	-1	
257	-1	
258	1	
259	-1	
260	-1	
261	1	
262	1	
263	-1	
264	1	
265	-1	
266	-1	
267	-1	
268	1	
269	-1	
270	-1	
271	-1	
272	1	
273	-1	
274	-1	
275	-1	
276	1	
277	1	
278	-1	
279	1	
280	1	
281	-1	
282	-1	
283	-1	
284	1	
285	1	
286	-1	
287	1	
288	1	
289	1	
290	1	
291	1	
292	-1	
293	-1	
294	1	
295	1	
296	-1	
297	-1	
298	-1	
299	1	
300	1	
301	-1	
302	-1	
303	1	
304	-1	
305	1	
306	-1	
307	1	
308	-1	
309	-1	
310	1	
311	1	
312	1	
313	1	
314	-1	
315	-1	
316	-1	
317	1	
318	1	
319	1	
320	1	
321	-1	
322	-1	
323	1	
324	-1	
325	1	
326	-1	
327	1	
328	-1	
329	-1	
330	-1	
331	-1	
332	-1	
333	1	
334	1	
335	1	
336	1	
337	1	
338	1	
339	1	
340	1	
341	-1	
342	1	
343	1	
344	-1	
345	-1	
346	1	
347	1	
348	1	
349	1	
350	-1	
351	1	
352	-1	
353	-1	
354	-1	
355	1	
356	-1	
357	1	
358	1	
359	1	
361	1	
362	-1	
363	-1	
364	1	
365	1	
367	1	
368	1	
369	-1	
370	1	
371	-1	
372	-1	
373	1	
374	-1	
375	1	
376	1	
377	-1	
378	-1	
379	-1	
380	-1	
382	-1	
383	1	
384	-1	
385	1	
386	1	
387	1	
388	1	
389	-1	
390	-1	
391	1	
392	1	
393	1	
394	1	
396	1	
397	-1	
398	1	
399	-1	
400	-1	
401	-1	
402	-1	
403	1	
404	1	
405	-1	
406	-1	
407	-1	
408	-1	
409	1	
410	-1	
411	-1	
412	-1	
413	-1	
414	1	
415	-1	
416	-1	
417	-1	
418	1	
419	-1	
420	1	
421	1	
422	-1	
424	-1	
425	-1	
426	-1	
427	1	
428	-1	
429	-1	
430	1	
431	-1	
432	-1	
433	-1	
434	1	
435	1	
436	-1	
437	-1	
438	1	
439	1	
440	1	
441	-1	
442	-1	
443	-1	
444	-1	
445	1	
446	1	
447	-1	
448	-1	
449	1	
450	-1	
451	1	
452	-1	
453	1	
454	1	
455	1	
456	-1	
457	1	
458	-1	
459	1	
460	1	
461	-1	
462	-1	
463	-1	
464	-1	
465	-1	
466	-1	
467	-1	
468	-1	
469	1	
470	-1	
471	-1	
472	1	
473	-1	
474	-1	
475	1	
476	1	
477	-1	
478	1	
479	-1	
480	-1	
481	1	
482	-1	
483	1	
484	1	
485	-1	
486	-1	
487	-1	
488	1	
489	1	
490	-1	
491	-1	
492	-1	
493	1	
494	1	
495	-1	
496	-1	
497	1	
498	1	
499	1	
500	-1	
501	-1	
502	-1	
503	-1	
504	1	
505	1	
506	1	
507	-1	
508	-1	
509	1	
510	1	
511	-1	
Js:	
339	341	3	
341	349	2	
344	349	4	
344	351	3	
343	351	1	
339	343	-4	
451	453	-4	
453	461	2	
459	461	3	
459	463	3	
455	463	-2	
451	455	-3	
8	12	-3	
10	12	-3	
10	14	4	
11	14	-4	
11	13	-3	
8	13	-2	
41	45	-3	
45	53	3	
51	53	2	
51	54	4	
46	54	3	
41	46	3	
209	213	-3	
211	213	1	
211	215	-5	
210	215	-3	
210	214	2	
209	214	2	
24	28	-3	
25	28	-3	
25	31	2	
27	31	-5	
27	30	-3	
24	30	2	
240	244	-4	
241	244	-4	
241	247	4	
243	247	-3	
243	246	4	
240	246	-2	
504	508	2	
505	508	-4	
505	510	-3	
506	510	-3	
506	509	-4	
504	509	-3	
88	93	-3	
90	93	-1	
90	94	2	
91	94	5	
91	95	3	
88	95	-4	
97	103	3	
98	103	3	
98	162	-1	
162	164	-4	
161	164	-3	
97	161	1	
281	284	4	
282	284	2	
282	286	4	
283	286	-2	
283	285	3	
281	285	4	
290	292	3	
291	292	3	
291	295	-2	
288	295	-6	
288	293	3	
290	293	5	
248	253	-5	
249	253	-2	
249	313	2	
313	316	3	
312	316	-1	
248	312	1	
330	332	-3	
331	332	-3	
331	334	-2	
329	334	4	
329	335	2	
330	335	4	
64	68	-2	
67	68	-4	
67	70	3	
65	70	3	
65	71	-1	
64	71	3	
424	428	-5	
425	428	-2	
425	489	-2	
489	493	-4	
488	493	-4	
424	488	2	
363	364	4	
364	372	2	
369	372	-4	
369	375	4	
367	375	2	
363	367	3	
82	84	5	
83	84	-3	
83	86	4	
81	86	3	
81	87	-4	
82	87	-3	
192	198	4	
193	198	-2	
193	257	2	
257	261	4	
256	261	3	
192	256	3	
32	36	-4	
35	36	-3	
35	39	3	
34	39	-4	
34	38	4	
32	38	2	
129	132	-6	
130	132	-5	
130	134	-4	
128	134	-4	
128	135	-4	
129	135	4	
194	197	3	
197	205	3	
202	205	2	
202	207	2	
199	207	2	
194	199	-1	
264	268	-2	
266	268	3	
266	269	-2	
265	269	-1	
265	270	-2	
264	270	-3	
272	277	-4	
274	277	4	
274	279	3	
275	279	3	
275	278	-4	
272	278	-1	
384	388	2	
386	388	-6	
386	389	-2	
387	389	3	
387	391	-4	
384	391	3	
226	228	3	
227	228	4	
227	229	2	
224	229	4	
224	230	-3	
226	230	-2	
152	159	3	
154	159	-3	
154	218	-5	
218	223	6	
216	223	3	
152	216	-3	
401	404	-2	
402	404	5	
402	405	-3	
400	405	-4	
400	407	-3	
401	407	-3	
475	477	3	
477	485	-3	
482	485	-2	
482	486	-3	
478	486	3	
475	478	-3	
232	237	1	
234	237	5	
234	298	3	
298	301	3	
296	301	-1	
232	296	2	
104	108	-1	
106	108	-4	
106	109	-3	
105	109	4	
105	111	1	
104	111	5	
113	116	-5	
115	116	2	
115	118	2	
114	118	-3	
114	117	-2	
113	117	2	
136	141	5	
139	141	2	
139	143	-4	
137	143	3	
137	142	-3	
136	142	3	
464	469	-3	
466	469	5	
466	471	-4	
465	471	-3	
465	470	-4	
464	470	-4	
417	421	2	
421	429	2	
427	429	2	
427	430	-2	
422	430	3	
417	422	3	
304	308	-2	
307	308	4	
307	309	3	
305	309	-5	
305	310	-3	
304	310	6	
177	182	5	
182	190	3	
184	190	-2	
184	191	3	
183	191	-4	
177	183	-4	
144	148	4	
145	148	3	
145	151	-5	
146	151	5	
146	149	-2	
144	149	-4	
409	412	4	
411	412	-4	
411	414	3	
410	414	-1	
410	415	-4	
409	415	3	
433	436	-4	
436	444	3	
441	444	-3	
441	445	3	
437	445	3	
433	437	-2	
321	324	-2	
322	324	-4	
322	327	2	
320	327	2	
320	326	4	
321	326	-3	
16	20	-3	
17	20	-2	
17	22	-5	
19	22	2	
19	21	-3	
16	21	-1	
169	172	-4	
170	172	-3	
170	174	5	
168	174	4	
168	173	-4	
169	173	4	
72	76	-2	
75	76	3	
75	79	3	
73	79	2	
73	78	4	
72	78	3	
0	4	-5	
3	4	-4	
3	5	4	
2	5	6	
2	6	3	
0	6	3	
392	399	3	
393	399	3	
393	457	-3	
457	460	-2	
456	460	3	
392	456	-1	
352	356	-6	
355	356	3	
355	357	2	
354	357	4	
354	358	3	
352	358	4	
56	61	3	
59	61	4	
59	62	-3	
57	62	-3	
57	63	-4	
56	63	5	
496	501	3	
498	501	4	
498	502	3	
499	502	3	
499	503	5	
496	503	-3	
250	255	-3	
251	255	-3	
251	315	-2	
315	319	2	
314	319	-3	
250	314	-1	
472	476	-3	
476	484	-3	
481	484	-3	
481	487	4	
479	487	-3	
472	479	4	
96	102	4	
99	102	-3	
99	163	-2	
163	165	-2	
160	165	-5	
96	160	-2	
377	380	-4	
378	380	-6	
378	383	2	
376	383	4	
376	382	4	
377	382	-3	
120	124	-3	
121	124	5	
121	126	5	
123	126	-1	
123	125	-4	
120	125	3	
370	374	2	
371	374	-2	
371	435	1	
435	438	-6	
434	438	-2	
370	434	2	
233	239	-4	
235	239	-2	
235	299	-1	
299	303	-3	
297	303	3	
233	297	-2	
43	44	-3	
44	52	3	
50	52	4	
50	55	3	
47	55	1	
43	47	2	
153	158	-5	
155	158	-3	
155	219	-4	
219	222	4	
217	222	4	
153	217	2	
337	340	-3	
340	348	-3	
346	348	-5	
346	350	3	
342	350	4	
337	342	-3	
179	180	-5	
180	188	-3	
185	188	-4	
185	189	2	
181	189	2	
179	181	-2	
426	431	-4	
427	431	4	
427	491	3	
491	495	-5	
490	495	-4	
426	490	3	
201	204	3	
203	204	5	
203	206	-3	
200	206	-4	
200	207	5	
201	207	2	
449	452	-1	
450	452	-6	
450	453	2	
448	453	4	
448	454	3	
449	454	-3	
442	444	-2	
443	444	-4	
443	447	1	
440	447	4	
440	446	-4	
442	446	2	
257	260	-2	
259	260	-5	
259	262	3	
258	262	-3	
258	263	3	
257	263	4	
416	420	4	
419	420	3	
419	483	-3	
483	485	4	
480	485	-3	
416	480	-4	
394	396	-4	
396	404	-4	
403	404	-1	
403	406	4	
398	406	-1	
394	398	-3	
323	325	-2	
325	333	2	
328	333	4	
328	335	3	
327	335	-2	
323	327	-3	
208	212	-4	
212	220	-2	
217	220	4	
217	221	-2	
213	221	-3	
208	213	-2	
161	166	2	
166	174	2	
171	174	2	
171	175	-5	
167	175	-3	
161	167	-2	
361	365	-5	
365	373	-2	
368	373	-3	
368	375	-1	
361	367	-4	
225	231	-3	
227	231	-3	
227	291	-2	
291	294	-3	
289	294	-3	
225	289	4	
9	15	4	
10	15	-2	
10	74	1	
74	77	-1	
73	77	4	
9	73	-3	
89	92	-3	
92	100	1	
98	100	3	
98	101	-1	
93	101	2	
89	93	-3	
130	133	3	
131	133	5	
131	195	2	
195	196	-3	
194	196	4	
130	194	-2	
176	181	-4	
178	181	4	
178	242	3	
242	245	-4	
240	245	-4	
176	240	2	
491	492	-3	
492	500	-4	
497	500	2	
497	502	-4	
494	502	3	
491	494	3	
273	276	6	
276	284	-3	
280	284	2	
280	287	-3	
279	287	-2	
273	279	2	
26	28	-2	
28	36	2	
33	36	-3	
33	37	3	
29	37	1	
26	29	-3	
48	53	4	
49	53	-3	
49	113	-3	
113	119	-2	
112	119	1	
48	112	4	
458	460	-2	
460	468	3	
467	468	-4	
467	470	-1	
462	470	-2	
458	462	-5	
16	23	4	
18	23	-4	
18	82	-2	
82	85	-2	
80	85	4	
16	80	-2	
147	148	2	
148	156	-2	
153	156	4	
150	158	-2	
147	150	4	
42	47	-4	
43	107	4	
107	110	3	
106	110	2	
42	106	2	
186	188	3	
187	188	-3	
187	251	3	
251	254	3	
250	254	-3	
186	250	-3	
306	309	-1	
309	317	3	
312	317	-2	
312	319	-5	
311	319	3	
306	311	4	
353	359	5	
354	359	2	
354	418	-2	
418	420	-3	
417	420	5	
353	417	-3	
1	5	2	
2	66	-3	
66	69	-3	
65	69	-4	
1	65	5	
408	413	-3	
410	413	-2	
410	474	-3	
474	478	-1	
472	478	-4	
408	472	3	
385	389	3	
389	397	-3	
392	397	-6	
392	398	-2	
390	398	4	
385	390	3	
233	236	1	
235	236	5	
235	237	3	
234	238	-2	
233	238	5	
58	60	-3	
59	60	4	
59	63	2	
58	62	4	
297	300	-2	
299	300	-2	
298	303	1	
298	302	-4	
297	302	-3	
345	348	-1	
347	350	3	
347	351	-3	
345	351	3	
264	269	3	
267	269	-5	
267	270	-5	
265	271	-4	
264	271	-3	
370	373	-4	
434	439	-3	
432	439	4	
368	432	3	
336	340	2	
338	340	-4	
338	341	2	
337	341	3	
336	342	-3	
506	508	4	
507	509	3	
507	511	-4	
505	511	3	
314	318	-2	
315	318	3	
315	379	-2	
379	383	4	
314	378	-1	
152	157	4	
154	157	3	
218	220	2	
216	220	-2	
136	143	2	
138	143	4	
138	202	-3	
202	206	-2	
136	200	2	
40	45	3	
41	105	-3	
104	109	2	
40	104	-3	
362	365	2	
362	426	2	
426	429	-2	
425	429	-3	
361	425	3	
117	125	-4	
123	127	4	
119	127	-4	
114	119	-2	
465	468	2	
468	476	1	
473	476	3	
473	479	-2	
471	479	-1	
242	244	-1	
244	252	-3	
249	252	-4	
249	254	-4	
246	254	1	
242	246	-3	
289	293	3	
290	294	3	
288	294	-2	
289	295	-2	
145	149	-2	
145	209	3	
209	212	-4	
144	208	3	
489	492	4	
490	492	-2	
490	493	2	
488	495	-2	
489	495	2	
9	12	-3	
11	12	-2	
8	14	1	
9	13	-3	
320	324	2	
323	324	4	
323	326	3	
321	325	-4	
320	325	-4	
435	437	2	
443	445	-2	
443	446	4	
438	446	-3	
164	172	1	
169	175	-3	
162	167	-4	
24	29	-4	
27	29	2	
26	31	-2	
26	30	4	
345	349	3	
345	409	1	
408	415	3	
344	408	-2	
34	37	-3	
35	37	3	
33	39	2	
33	38	4	
387	388	2	
386	391	-3	
386	390	2	
384	390	-3	
282	285	-1	
282	287	4	
280	286	4	
281	286	-1	
131	132	-2	
131	134	-2	
401	405	-2	
401	406	4	
403	407	4	
243	245	3	
245	253	2	
248	255	2	
247	255	-4	
69	77	-4	
72	77	2	
72	79	3	
71	79	-5	
66	71	2	
81	84	4	
84	92	-2	
89	95	-2	
87	95	-2	
211	275	1	
274	278	-3	
210	274	-1	
102	110	-3	
107	111	4	
103	111	4	
99	103	-2	
456	461	-4	
457	461	2	
457	463	3	
458	463	2	
456	462	-3	
352	357	2	
353	357	3	
355	359	3	
355	358	-3	
17	21	5	
18	21	3	
18	22	-2	
19	23	4	
17	23	1	
184	189	4	
186	189	-4	
186	190	-3	
185	190	3	
185	191	3	
192	199	3	
195	199	3	
195	259	2	
256	262	3	
224	228	-3	
226	231	3	
225	230	3	
305	308	3	
305	311	-2	
306	310	2	
480	484	4	
483	484	-1	
483	486	3	
481	486	3	
480	487	3	
448	452	-5	
450	455	3	
449	455	-5	
329	332	2	
331	333	4	
330	333	1	
330	334	3	
193	196	-1	
196	204	-3	
201	205	-3	
193	197	4	
176	180	-3	
179	182	-2	
176	183	-2	
3	67	5	
64	70	2	
0	64	-5	
411	413	-2	
413	421	3	
419	421	3	
419	422	2	
414	422	3	
496	500	-4	
498	500	3	
498	503	2	
499	501	2	
40	44	-1	
49	52	-3	
49	54	1	
40	46	-4	
74	76	-5	
75	139	2	
139	142	-4	
138	142	-2	
74	138	3	
428	436	-2	
432	436	3	
431	439	3	
424	431	-2	
48	55	1	
51	55	3	
51	115	-3	
112	116	2	
371	372	-4	
372	380	-1	
379	380	-3	
379	382	3	
374	382	-3	
258	260	3	
260	268	-2	
266	271	-5	
263	271	-1	
123	124	4	
120	127	3	
120	126	-4	
96	100	1	
99	100	-2	
163	166	-3	
160	166	-4	
146	148	-3	
155	156	3	
155	159	4	
151	159	2	
171	173	3	
171	235	2	
232	236	4	
168	232	2	
377	441	4	
441	447	-3	
376	440	-2	
83	85	4	
85	93	-1	
91	93	-2	
86	94	-1	
272	276	-2	
273	337	3	
337	343	2	
336	343	-2	
272	336	-3	
393	396	-2	
394	397	1	
58	63	3	
292	300	3	
296	300	4	
296	302	-4	
294	302	2	
464	468	-3	
467	471	-4	
137	141	2	
141	149	2	
147	149	-2	
142	150	-2	
219	221	-2	
221	229	-2	
227	230	2	
222	230	-2	
475	476	-2	
475	479	1	
474	479	-3	
474	477	3	
473	477	-4	
314	316	-4	
315	316	-4	
315	317	3	
313	317	-3	
313	318	-4	
505	509	-4	
507	510	2	
504	511	3	
299	301	4	
299	363	2	
362	364	5	
298	362	-1	
338	343	-3	
339	403	-3	
402	406	1	
338	402	2	
90	95	-3	
90	154	-1	
88	152	1	
418	482	4	
482	484	-3	
232	238	-3	
238	246	-1	
241	246	-3	
239	247	1	
232	239	4	
97	100	4	
100	108	-3	
101	109	4	
97	101	-3	
1	6	3	
3	6	1	
65	68	1	
451	452	1	
452	460	-1	
459	460	-3	
459	462	3	
454	462	1	
451	454	-4	
269	277	-1	
275	277	2	
270	278	-1	
368	372	3	
369	433	-2	
280	285	-2	
283	347	4	
347	348	-2	
344	348	-3	
280	344	2	
18	20	3	
80	87	-3	
493	501	3	
497	501	2	
488	494	-3	
194	198	-5	
194	258	-1	
258	261	-3	
170	173	2	
173	181	-1	
178	183	-3	
175	183	1	
170	175	-1	
8	15	-4	
8	72	-2	
251	252	-4	
185	249	-2	
48	52	-3	
50	114	-2	
112	118	4	
203	205	-3	
205	213	-2	
210	213	-3	
206	214	-3	
36	44	1	
42	44	3	
39	47	2	
32	39	-4	
322	325	2	
328	334	3	
326	334	2	
322	326	-2	
128	133	-3	
129	133	2	
129	134	-2	
130	135	-2	
385	388	-2	
384	389	-3	
21	29	-1	
25	29	3	
25	30	4	
22	30	-1	
410	412	-3	
408	414	2	
409	414	-2	
161	165	-3	
162	166	2	
219	220	-2	
216	221	-4	
354	356	-2	
306	308	-2	
307	371	2	
371	373	-3	
306	370	3	
440	444	-2	
442	447	-3	
363	427	-1	
425	430	3	
324	332	-2	
429	437	-3	
433	439	-3	
32	37	3	
33	97	-2	
96	101	-4	
32	96	1	
5	13	-3	
6	14	4	
75	77	2	
77	85	1	
80	86	-3	
78	86	1	
75	78	2	
208	214	-2	
214	222	-2	
217	223	2	
215	223	1	
208	215	-1	
272	279	4	
274	338	1	
336	341	3	
283	284	-2	
345	350	-4	
281	345	-2	
202	266	-1	
200	264	2	
105	108	2	
108	116	2	
113	118	-1	
110	118	2	
105	110	-3	
486	494	-2	
487	495	-1	
89	94	3	
91	155	1	
155	157	-1	
153	157	-2	
89	153	-1	
385	391	-1	
387	451	2	
385	449	-3	
469	477	-1	
473	478	2	
470	478	1	
466	470	-2	
225	229	-1	
226	229	3	
226	290	-2	
289	292	-2	
234	236	1	
236	244	1	
237	245	-1	
168	172	-3	
172	180	1	
176	182	2	
174	182	-1	
56	60	2	
57	60	-4	
57	61	-3	
58	61	4	
56	62	3	
50	53	-2	
50	54	3	
49	55	-4	
307	311	-3	
304	311	3	
139	203	2	
137	201	-3	
404	412	2	
411	415	-2	
407	415	-2	
193	199	-5	
312	318	-3	
313	377	1	
377	383	2	
312	376	-2	
507	508	-4	
506	511	3	
504	510	-3	
379	443	-2	
442	445	3	
378	442	-4	
394	399	4	
394	458	2	
248	254	-3	
184	248	2	
66	68	-3	
68	76	-4	
74	79	-3	
19	20	4	
20	28	-2	
27	28	2	
23	31	-2	
43	46	-3	
418	421	-2	
293	301	-2	
297	301	-3	
295	303	3	
115	117	-4	
121	125	-3	
121	127	3	
115	119	-5	
147	151	-4	
147	211	2	
211	212	2	
435	499	-3	
434	498	2	
26	90	3	
90	92	4	
88	92	3	
24	88	3	
265	268	-4	
267	268	3	
267	331	-2	
329	333	2	
265	329	-2	
420	428	1	
424	430	3	
35	38	2	
35	99	3	
34	98	2	
1	4	-2	
64	69	-2	
230	238	-2	
231	239	-2	
224	231	3	
356	364	2	
357	365	1	
187	190	3	
187	191	3	
156	164	3	
163	164	3	
158	166	-1	
273	277	2	
275	339	3	
339	340	1	
283	287	3	
347	349	-2	
346	349	1	
282	346	2	
456	463	-3	
448	455	1	
490	494	3	
146	150	-2	
178	180	-1	
179	243	3	
392	396	-2	
397	405	-2	
10	13	2	
11	15	-3	
321	327	3	
256	263	-3	
83	87	2	
81	85	-2	
169	174	-2	
369	374	-4	
375	383	-2	
298	300	2	
299	302	2	
401	465	-3	
400	464	-3	
41	44	3	
43	45	-2	
42	45	-4	
42	46	1	
195	197	3	
192	197	-1	
278	286	-2	
273	278	-3	
350	358	2	
353	358	2	
351	359	-2	
328	332	-1	
332	340	3	
334	342	-2	
467	469	3	
461	469	2	
157	165	-2	
160	167	2	
159	167	2	
163	227	1	
225	228	-2	
161	225	-1	
450	454	3	
449	453	2	
387	390	-2	
391	399	3	
409	413	-1	
416	421	2	
416	422	-2	
70	78	-3	
66	70	3	
94	102	-1	
144	150	3	
30	38	-2	
184	188	3	
250	253	-2	
41	47	2	
16	22	4	
218	222	1	
435	436	2	
286	294	-1	
287	295	-1	
48	54	-2	
112	117	2	
424	429	-2	
425	431	1	
426	430	3	
369	373	2	
368	374	3	
302	310	1	
303	311	1	
296	303	3	
67	71	3	
114	116	-3	
483	487	-1	
321	385	2	
320	384	2	
434	437	3	
440	445	-1	
439	447	-1	
402	407	-3	
24	31	2	
27	91	-2	
91	92	-1	
198	206	2	
98	102	2	
104	110	1	
146	210	2	
209	215	-2	
346	410	1	
408	412	-1	
138	141	-2	
72	136	2	
361	364	1	
362	367	4	
363	365	4	
291	293	2	
291	355	-2	
290	354	-1	
308	316	-2	
433	497	1	
497	503	3	
432	496	-2	
274	276	2	
275	276	1	
171	172	-2	
170	234	-2	
249	255	-2	
152	158	2	
329	393	2	
393	397	2	
328	392	2	
131	135	-3	
411	475	-3	
474	476	2	
162	165	2	
162	226	-1	
160	224	-1	
259	261	2	
261	269	2	
262	270	1	
37	45	1	
40	47	3	
9	14	-1	
427	428	2	
400	406	-3	
464	471	-1	
393	398	-4	
457	462	-2	
323	387	-1	
322	386	1	
243	244	1	
177	241	-2	
418	422	1	
352	416	-2	
59	123	1	
56	120	-1	
220	228	-2	
284	292	1	
285	293	1	
107	108	2	
107	109	-1	
371	375	2	
370	375	3	
25	89	2	
118	126	-2	
482	487	-2	
502	510	-1	
503	511	-1	
248	252	1	
331	335	3	
186	191	1	
168	175	1	
426	428	-2	
314	317	3	
313	319	-1	
51	52	2	
256	260	-2	
463	471	1	
417	481	1	
466	468	-3	
409	473	3	
73	137	-1	
346	351	-2	
216	222	-1	
4	12	3	
163	167	1	
179	183	-2	
228	236	-2	
281	287	1	
242	247	-1	
433	438	2	
304	368	-1	
266	270	-2	
267	271	-1	
128	132	1	
129	193	-2	
128	192	2	
13	21	-1	
15	23	1	
336	400	-1	
211	214	3	
207	215	2	
203	207	1	
219	223	2	
34	36	1	
82	86	2	
288	292	2	
106	170	1	
105	169	-1	
229	237	-2	
233	237	2	
335	343	-2	
388	396	2	
259	323	1	
258	322	-1	
300	308	1	
301	309	-1	
202	204	2	
310	318	-2	
133	141	1	
135	143	-1	
96	103	2	
149	157	-2	
187	189	2	
458	461	1	
250	252	-2	
201	265	-1	
403	405	2	
405	413	1	
406	414	1	
443	507	-1	
440	504	-1	
259	263	-1	
257	262	2	
432	438	-1	
499	500	1	
54	62	1	
55	63	-2	
19	83	1	
17	81	-1	
349	357	2	
481	485	1	
210	212	-1	
234	239	1	
485	493	1	
114	178	-2	
178	182	-1	
113	177	-1	
333	341	1	
355	419	1	
243	307	-2	
242	306	2	
338	342	2	
297	361	-1	
152	156	1	
154	156	-1	
277	285	-1	
80	84	-2	
434	436	2	
192	196	-1	
386	450	2	
384	448	1	
177	180	1	
145	150	-1	
11	75	-2	
200	205	-1	
97	102	-1	
241	305	-1	
304	309	-1	
240	304	1	
488	492	1	
359	367	-1	
352	359	-1	
0	5	1	
399	407	1	
251	253	1	
441	446	-1	
465	469	2	
288	352	-1	
177	181	1	
266	330	1	
204	212	-1	
378	382	1	
218	221	-1	
218	282	-1	
216	280	1	
432	437	1	
240	247	1	
74	78	-1	
112	176	-1	
235	238	1	
195	198	-1	
353	356	1	
154	158	1	
264	328	1	
67	69	-1	
52	60	1	
31	39	-1	
Energy:	-2520	
