NumberOfQubits	504	
NumberOfSubgraphs	588	
Serial	104	
PlantedSolution:	
0	-1	
1	1	
2	1	
3	1	
4	-1	
5	1	
6	-1	
8	1	
9	-1	
10	-1	
11	-1	
12	-1	
13	1	
14	1	
15	-1	
16	-1	
17	1	
18	-1	
19	1	
20	-1	
21	1	
22	-1	
23	-1	
24	-1	
25	1	
26	1	
27	1	
28	1	
29	-1	
30	-1	
31	1	
32	-1	
33	-1	
34	1	
35	-1	
36	1	
37	1	
38	1	
39	-1	
40	-1	
41	1	
42	-1	
43	-1	
44	1	
45	1	
46	1	
47	-1	
48	-1	
49	1	
50	1	
51	1	
52	1	
53	1	
54	-1	
55	-1	
56	1	
57	1	
58	-1	
59	-1	
60	1	
61	1	
62	-1	
63	1	
64	-1	
65	1	
66	1	
67	1	
68	-1	
69	1	
70	1	
71	-1	
72	-1	
73	1	
74	-1	
75	1	
76	1	
77	-1	
78	-1	
79	1	
80	-1	
81	1	
82	1	
83	-1	
84	-1	
85	1	
86	1	
87	1	
88	-1	
89	-1	
90	-1	
91	-1	
92	1	
93	-1	
94	1	
95	1	
96	1	
97	-1	
98	1	
99	-1	
100	1	
101	-1	
102	1	
103	1	
104	-1	
105	1	
106	-1	
107	-1	
108	-1	
109	1	
110	1	
111	1	
112	1	
113	1	
114	1	
115	1	
116	1	
117	1	
118	-1	
119	1	
120	1	
121	-1	
123	-1	
124	-1	
125	1	
126	1	
127	-1	
128	-1	
129	1	
130	1	
131	-1	
132	-1	
133	1	
134	-1	
135	1	
136	-1	
137	1	
138	-1	
139	-1	
141	-1	
142	-1	
143	-1	
144	1	
145	-1	
146	-1	
147	-1	
148	-1	
149	1	
150	1	
151	1	
152	1	
153	1	
154	1	
155	-1	
156	1	
157	-1	
158	1	
159	1	
160	-1	
161	-1	
162	-1	
163	-1	
164	1	
165	-1	
166	1	
167	-1	
168	-1	
169	-1	
170	1	
171	-1	
172	-1	
173	-1	
174	1	
175	1	
176	1	
177	1	
178	1	
179	-1	
180	1	
181	1	
182	-1	
183	-1	
184	-1	
185	-1	
186	1	
187	-1	
188	-1	
189	-1	
190	1	
191	-1	
192	1	
193	-1	
194	-1	
195	1	
196	-1	
197	1	
198	-1	
199	-1	
200	-1	
201	-1	
202	1	
203	1	
204	1	
205	1	
206	1	
207	-1	
208	1	
209	1	
210	-1	
211	1	
212	-1	
213	-1	
214	-1	
215	1	
216	-1	
217	1	
218	1	
219	1	
220	-1	
221	1	
222	1	
223	-1	
224	1	
225	1	
226	-1	
227	1	
228	1	
229	-1	
230	1	
231	-1	
232	-1	
233	1	
234	-1	
235	1	
236	-1	
237	-1	
238	1	
239	-1	
240	1	
241	-1	
242	1	
243	-1	
244	-1	
245	1	
246	-1	
247	1	
248	-1	
249	-1	
250	-1	
251	-1	
252	-1	
253	1	
254	-1	
255	1	
256	-1	
257	1	
258	-1	
259	-1	
260	1	
261	1	
262	1	
263	-1	
264	-1	
265	-1	
266	-1	
267	1	
268	1	
269	-1	
270	1	
271	-1	
272	1	
273	1	
274	1	
275	1	
276	-1	
277	-1	
278	1	
279	-1	
280	-1	
281	1	
282	1	
283	1	
284	1	
285	1	
286	-1	
287	1	
288	-1	
289	-1	
290	1	
291	-1	
292	1	
293	1	
294	1	
295	1	
296	1	
297	-1	
298	1	
299	1	
300	1	
301	-1	
302	1	
303	-1	
304	-1	
305	-1	
306	1	
307	-1	
308	1	
309	-1	
310	-1	
311	1	
312	1	
313	1	
314	-1	
315	1	
316	1	
317	1	
318	1	
319	-1	
320	1	
321	1	
322	-1	
323	-1	
324	1	
325	-1	
326	1	
327	-1	
328	1	
329	1	
330	-1	
331	1	
332	1	
333	1	
334	1	
335	-1	
336	-1	
337	1	
338	1	
339	1	
340	-1	
341	1	
342	-1	
343	1	
344	1	
345	1	
346	1	
347	-1	
348	1	
349	-1	
350	1	
351	-1	
352	-1	
353	-1	
354	-1	
355	-1	
356	1	
357	-1	
358	-1	
359	1	
361	-1	
362	1	
363	1	
364	1	
365	1	
367	1	
368	-1	
369	-1	
370	1	
371	-1	
372	1	
373	1	
374	-1	
375	1	
376	-1	
377	-1	
378	1	
379	1	
380	-1	
382	1	
383	1	
384	1	
385	-1	
386	1	
387	-1	
388	-1	
389	1	
390	-1	
391	1	
392	1	
393	1	
394	-1	
396	-1	
397	1	
398	1	
399	1	
400	1	
401	1	
402	1	
403	1	
404	-1	
405	1	
406	1	
407	-1	
408	-1	
409	-1	
410	1	
411	1	
412	1	
413	1	
414	-1	
415	-1	
416	-1	
417	-1	
418	1	
419	-1	
420	1	
421	-1	
422	-1	
424	1	
425	-1	
426	-1	
427	-1	
428	1	
429	1	
430	-1	
431	-1	
432	1	
433	-1	
434	-1	
435	-1	
436	-1	
437	1	
438	-1	
439	-1	
440	-1	
441	1	
442	1	
443	-1	
444	1	
445	1	
446	1	
447	1	
448	-1	
449	1	
450	1	
451	1	
452	-1	
453	1	
454	1	
455	-1	
456	1	
457	-1	
458	1	
459	1	
460	1	
461	1	
462	-1	
463	1	
464	-1	
465	-1	
466	1	
467	-1	
468	-1	
469	-1	
470	-1	
471	-1	
472	1	
473	-1	
474	1	
475	1	
476	-1	
477	-1	
478	1	
479	-1	
480	-1	
481	1	
482	-1	
483	-1	
484	-1	
485	1	
486	1	
487	-1	
488	1	
489	-1	
490	1	
491	-1	
492	1	
493	-1	
494	-1	
495	-1	
496	1	
497	-1	
498	1	
499	1	
500	-1	
501	-1	
502	-1	
503	1	
504	1	
505	1	
506	-1	
507	-1	
508	-1	
509	1	
510	-1	
511	1	
Js:	
0	4	-4	
4	12	-2	
11	12	-6	
11	14	2	
6	14	-2	
0	6	-4	
89	92	1	
90	92	4	
90	93	-4	
91	93	-5	
91	95	-2	
89	95	5	
192	196	4	
195	196	-2	
195	259	2	
259	262	4	
256	262	3	
192	256	3	
440	446	3	
442	446	-3	
442	506	2	
506	508	-4	
504	508	3	
440	504	2	
41	44	-4	
44	52	-3	
48	52	2	
48	55	-4	
47	55	2	
41	47	2	
105	109	-2	
109	117	3	
114	117	-2	
114	118	4	
110	118	2	
105	110	-4	
384	388	-2	
386	388	4	
386	391	-1	
387	391	4	
387	390	-3	
384	390	3	
490	492	-5	
491	492	4	
491	494	-3	
489	494	-3	
489	495	-5	
490	495	-2	
369	375	3	
371	375	3	
371	435	-3	
435	438	-4	
433	438	2	
369	433	-2	
240	245	-4	
242	245	-3	
242	246	4	
243	246	2	
243	247	3	
240	247	-3	
26	28	-3	
28	36	-2	
33	36	3	
33	39	3	
31	39	1	
26	31	-5	
154	157	3	
155	157	-3	
155	219	3	
219	220	4	
218	220	-2	
154	218	-2	
296	300	-4	
297	300	3	
297	301	-3	
299	301	4	
299	302	-4	
296	302	-3	
160	164	-2	
162	164	3	
162	165	-3	
163	165	-3	
163	166	3	
160	166	3	
273	277	-4	
277	285	2	
280	285	2	
280	286	-3	
278	286	3	
273	278	-4	
203	205	-2	
205	213	2	
208	213	-2	
208	215	-3	
207	215	1	
203	207	3	
336	340	3	
338	340	3	
338	343	-5	
337	343	-3	
337	342	3	
336	342	-3	
168	172	-3	
171	172	4	
171	175	3	
169	175	6	
169	173	-2	
168	173	-3	
56	60	-5	
57	60	-5	
57	63	-3	
58	63	3	
58	62	-4	
56	62	5	
16	20	-4	
19	20	3	
19	21	-3	
17	21	-3	
17	22	4	
16	22	-2	
266	271	-2	
267	271	4	
267	331	2	
331	334	-3	
330	334	3	
266	330	-4	
355	357	-3	
357	365	2	
361	365	6	
361	367	3	
359	367	1	
355	359	2	
146	149	2	
147	149	-4	
147	150	3	
144	150	-2	
144	151	-5	
146	151	3	
409	414	2	
410	414	4	
410	474	-2	
474	479	3	
473	479	-4	
409	473	-3	
464	468	-2	
467	468	-3	
467	470	-3	
465	470	-2	
465	469	-3	
464	469	3	
344	349	3	
346	349	3	
346	351	3	
345	351	-1	
345	350	-4	
344	350	-2	
480	485	2	
483	485	3	
483	486	3	
481	486	-2	
481	487	2	
480	487	-5	
250	253	-1	
251	253	5	
251	255	3	
249	255	4	
249	254	-4	
250	254	-4	
448	452	-5	
452	460	2	
456	460	4	
456	463	-4	
455	463	2	
448	455	-2	
393	398	-3	
398	406	-2	
400	406	4	
400	407	3	
399	407	1	
393	399	-3	
425	428	4	
428	436	2	
432	436	-2	
432	437	-4	
429	437	-3	
425	429	2	
128	132	-4	
131	132	-4	
131	134	-3	
129	134	4	
129	135	-3	
128	135	4	
370	372	-2	
372	380	-1	
377	380	-3	
377	382	3	
374	382	3	
370	374	5	
352	356	-1	
353	356	5	
353	417	-2	
417	421	-5	
416	421	-4	
352	416	-2	
65	68	3	
66	68	2	
66	69	-3	
67	69	-4	
67	70	1	
65	70	-3	
177	180	-4	
178	180	-3	
178	181	-4	
179	181	4	
179	183	-3	
177	183	4	
307	310	3	
310	318	2	
312	318	-3	
312	319	4	
311	319	2	
307	311	5	
224	230	-4	
226	230	2	
226	290	1	
290	295	1	
288	295	3	
224	288	1	
80	85	4	
81	85	-1	
81	87	-2	
82	87	-6	
82	86	-3	
80	86	-3	
232	236	-3	
235	236	1	
235	238	-2	
234	238	1	
234	237	3	
232	237	-3	
107	108	2	
108	116	2	
115	116	-3	
115	119	-3	
111	119	-3	
107	111	3	
320	324	-3	
321	324	2	
321	326	-3	
322	326	3	
322	327	-3	
320	327	4	
120	126	-3	
123	126	4	
123	187	-1	
187	189	-2	
184	189	-4	
120	184	-1	
96	100	-1	
98	100	-4	
98	102	-4	
97	102	-2	
97	101	-3	
96	101	2	
73	76	-3	
75	76	-3	
75	139	-2	
139	142	-5	
137	142	4	
73	137	-2	
200	206	2	
201	206	-1	
201	265	-2	
265	268	4	
264	268	3	
200	264	-2	
497	500	-3	
499	500	4	
499	503	-2	
498	503	-1	
498	502	3	
497	502	1	
305	308	3	
308	316	-3	
315	316	-2	
315	317	-4	
309	317	3	
305	309	-6	
408	415	-4	
411	415	5	
411	475	3	
475	476	5	
472	476	3	
408	472	2	
24	29	-3	
29	37	-1	
35	37	5	
35	38	4	
30	38	2	
24	30	-2	
8	13	-3	
10	13	4	
10	74	-3	
74	78	2	
72	78	-4	
8	72	4	
225	231	3	
227	231	4	
227	291	2	
291	294	1	
289	294	4	
225	289	-2	
152	156	-2	
153	156	-4	
153	217	-3	
217	223	3	
216	223	3	
152	216	2	
275	276	2	
276	284	3	
281	284	-3	
281	287	-3	
279	287	2	
275	279	3	
451	453	-4	
453	461	-2	
457	461	2	
457	462	-5	
454	462	-2	
451	454	-3	
441	445	-3	
443	445	2	
443	507	-2	
507	509	-5	
505	509	-1	
441	505	-4	
42	45	3	
45	53	1	
50	53	-4	
50	54	3	
46	54	2	
42	46	4	
362	364	-4	
363	364	3	
363	427	2	
427	431	-5	
426	431	-2	
362	426	2	
193	197	4	
194	197	3	
194	258	-2	
258	263	-3	
257	263	3	
193	257	3	
394	396	-5	
396	404	1	
402	404	3	
402	405	-3	
397	405	-2	
394	397	1	
329	332	-3	
331	332	-4	
331	333	-3	
328	333	-5	
328	335	4	
329	335	-2	
209	212	-1	
210	212	-3	
210	213	-4	
211	213	2	
211	214	2	
209	214	4	
136	141	-4	
138	141	-4	
138	202	3	
202	204	-4	
200	204	-1	
136	200	-5	
186	188	-3	
187	188	-4	
187	190	4	
185	190	2	
185	191	-2	
186	191	6	
418	420	-3	
419	420	4	
419	483	4	
483	484	-2	
482	484	-2	
418	482	4	
1	4	5	
2	4	1	
2	6	5	
3	6	2	
3	5	3	
1	5	-4	
368	373	3	
370	373	-2	
370	434	-1	
434	439	-3	
432	439	2	
368	432	2	
104	108	2	
106	108	-3	
106	170	3	
170	174	-4	
168	174	5	
104	168	-3	
385	389	3	
386	389	-3	
386	450	-2	
450	455	3	
449	455	4	
385	449	-3	
64	69	2	
69	77	2	
73	77	4	
73	79	-1	
71	79	4	
64	71	4	
313	316	-3	
314	316	3	
314	378	4	
378	383	-3	
377	383	-3	
313	377	5	
113	117	-4	
117	125	-3	
121	125	5	
121	127	-4	
119	127	3	
113	119	-2	
282	284	2	
283	284	-3	
283	347	4	
347	348	3	
346	348	-2	
282	346	-2	
337	341	-3	
339	341	-2	
339	403	-2	
403	407	-2	
401	407	1	
337	401	-3	
154	158	-3	
158	166	2	
161	166	1	
161	167	-5	
159	167	2	
154	159	-2	
424	430	3	
425	430	-4	
425	489	-1	
489	493	2	
488	493	5	
424	488	-3	
241	244	-2	
244	252	-4	
248	252	-2	
248	254	3	
246	254	-2	
241	246	-3	
9	14	4	
14	22	2	
18	22	-3	
18	23	-2	
15	23	3	
9	15	-4	
81	84	3	
83	84	2	
83	147	-2	
147	148	-4	
145	148	-2	
81	145	3	
88	94	3	
94	102	-2	
99	102	4	
99	103	-2	
95	103	-1	
88	95	3	
233	239	-3	
234	239	-3	
234	298	3	
298	303	1	
297	303	-6	
233	297	2	
259	260	2	
260	268	-2	
266	268	-3	
266	269	-2	
261	269	3	
259	261	3	
217	220	-3	
220	228	3	
226	228	2	
226	229	-4	
221	229	2	
217	221	-3	
130	133	-4	
131	133	1	
131	195	2	
195	198	4	
194	198	-3	
130	194	-1	
466	470	-3	
470	478	3	
475	478	-1	
475	479	2	
471	479	-1	
466	471	2	
49	53	-2	
53	61	-3	
59	61	-3	
59	63	4	
55	63	2	
49	55	3	
496	502	5	
502	510	-3	
505	510	2	
505	511	-4	
503	511	-3	
496	503	5	
288	293	4	
290	293	-5	
290	354	2	
354	358	-5	
352	358	-3	
288	352	-4	
112	118	3	
114	178	1	
178	182	3	
176	182	3	
112	176	-1	
376	383	3	
379	383	-3	
379	443	4	
443	447	3	
440	447	-2	
376	440	-3	
34	37	-3	
37	45	-3	
43	45	-2	
43	47	-1	
39	47	-2	
34	39	4	
322	324	3	
323	324	4	
323	327	-1	
321	327	-4	
321	325	4	
322	325	-3	
458	461	-4	
459	461	-3	
459	462	-3	
457	463	2	
458	463	-3	
208	212	4	
210	274	3	
274	278	-2	
272	278	-2	
208	272	2	
408	412	2	
409	412	3	
409	413	3	
411	413	2	
306	309	2	
306	311	-5	
304	311	-1	
304	310	-4	
305	310	-2	
24	28	-2	
25	28	-3	
25	29	3	
27	29	3	
27	31	-2	
24	31	3	
40	44	2	
51	52	-3	
51	54	3	
40	46	-2	
128	133	4	
133	141	3	
139	141	-2	
139	143	-2	
135	143	-3	
392	397	-4	
403	405	2	
403	406	-3	
392	398	-2	
289	292	-2	
292	300	-3	
298	300	-2	
298	302	-4	
294	302	-2	
214	222	4	
218	222	-3	
218	223	2	
215	223	4	
209	215	2	
465	468	-3	
468	476	1	
474	476	3	
474	477	3	
469	477	-3	
417	420	3	
419	421	-2	
418	421	-2	
418	422	3	
417	422	-3	
492	500	1	
498	500	3	
498	501	4	
493	501	1	
490	493	3	
197	205	-2	
201	205	4	
201	207	3	
199	207	-3	
193	199	-4	
32	36	5	
33	97	-3	
32	96	3	
59	62	-2	
59	123	1	
123	124	-3	
120	124	5	
56	120	-1	
258	262	3	
262	270	-3	
264	270	4	
264	271	-3	
263	271	-2	
435	436	-3	
436	444	3	
441	444	-4	
441	446	2	
438	446	2	
280	287	3	
283	287	1	
344	348	-3	
280	344	3	
227	228	-2	
228	236	4	
233	236	3	
233	238	-2	
230	238	3	
227	230	-1	
243	244	-4	
243	245	2	
241	247	-3	
184	190	3	
186	190	3	
186	250	2	
250	255	1	
248	255	4	
184	248	-2	
449	452	2	
451	452	3	
450	454	-2	
450	453	3	
449	453	-3	
13	21	-2	
18	21	4	
8	15	5	
68	76	-3	
72	76	3	
70	78	3	
176	181	-3	
179	182	4	
177	182	2	
176	183	3	
155	156	2	
156	164	2	
163	164	4	
157	165	-2	
144	149	-4	
145	149	3	
145	150	-3	
146	150	4	
80	84	-3	
84	92	2	
85	93	-1	
426	429	4	
427	429	-2	
424	431	4	
426	430	-2	
364	372	-3	
368	372	2	
368	375	3	
367	375	-1	
363	367	-5	
339	340	4	
339	343	-3	
338	341	-3	
336	341	4	
345	349	3	
349	357	-2	
354	357	-3	
350	358	3	
160	167	-3	
161	225	-2	
225	229	1	
224	229	4	
160	224	3	
313	317	4	
315	318	-4	
313	319	2	
481	484	3	
482	486	3	
480	486	-1	
320	326	1	
323	326	5	
323	387	-4	
320	384	-3	
10	12	5	
11	75	3	
75	79	-6	
74	79	3	
330	333	-1	
330	394	-2	
392	396	2	
328	392	-2	
107	110	3	
107	171	1	
105	169	1	
506	509	3	
507	510	-1	
504	510	4	
273	276	3	
272	279	3	
272	277	3	
196	204	3	
202	206	-2	
198	206	-4	
192	198	2	
235	237	5	
235	299	-3	
299	303	-2	
296	303	3	
232	296	2	
400	404	-1	
402	466	-3	
464	471	-4	
400	464	4	
89	94	4	
89	153	-1	
153	158	-4	
152	158	-1	
88	152	3	
0	5	2	
2	5	-3	
2	66	-3	
66	71	2	
0	64	-4	
433	437	4	
437	445	-2	
442	445	-4	
442	447	-3	
439	447	3	
433	439	3	
34	38	-2	
35	99	-2	
99	100	4	
34	98	-2	
257	261	-3	
267	269	4	
267	270	-2	
257	262	1	
17	20	3	
19	83	3	
83	86	3	
81	86	-3	
17	81	-2	
376	380	-3	
379	380	4	
379	382	1	
378	382	-5	
185	188	-4	
187	251	-2	
249	253	-1	
185	249	-2	
40	47	-5	
42	47	-2	
42	106	-3	
106	109	3	
104	109	3	
40	104	-2	
113	116	-4	
116	124	-2	
121	124	-2	
389	397	-3	
393	397	-4	
391	399	-3	
385	391	5	
289	295	4	
291	295	4	
291	355	-2	
353	359	-3	
289	353	-2	
306	308	-2	
307	308	2	
307	371	1	
371	374	-2	
306	370	-2	
410	412	-3	
412	420	1	
416	420	2	
416	422	-3	
414	422	-1	
134	142	-2	
137	143	2	
467	469	-2	
473	477	2	
473	478	4	
218	221	-3	
218	282	-2	
282	285	3	
281	285	-2	
217	281	-2	
59	60	-2	
58	61	3	
57	61	-4	
459	460	-3	
491	493	-2	
491	495	-4	
490	494	3	
488	494	3	
51	55	1	
51	115	-5	
112	116	2	
48	112	2	
332	340	4	
337	340	-1	
334	342	3	
329	334	-2	
26	29	3	
27	30	4	
25	30	-4	
362	365	-2	
426	428	3	
361	425	2	
170	172	2	
170	173	2	
171	173	-4	
171	174	-2	
497	501	-3	
499	501	4	
499	502	2	
497	503	3	
152	159	-2	
155	159	3	
219	222	2	
216	222	3	
290	292	-3	
296	301	2	
293	301	-2	
82	84	2	
91	92	3	
87	95	-3	
3	4	4	
3	67	-3	
65	69	-3	
1	65	-4	
304	309	-3	
305	369	-1	
369	373	-3	
304	368	-2	
192	199	-1	
195	199	4	
256	260	4	
72	77	-2	
74	77	-3	
74	138	-3	
72	136	1	
41	46	-1	
43	46	4	
43	107	-4	
105	111	-2	
41	105	3	
440	444	-3	
504	511	-2	
265	271	-2	
330	335	-2	
265	329	3	
180	188	2	
184	188	-1	
181	189	-2	
32	38	-2	
33	38	3	
97	103	4	
96	103	-5	
450	452	2	
384	448	2	
401	404	3	
404	412	3	
408	413	-2	
405	413	-4	
401	405	-2	
67	68	3	
67	131	1	
130	132	-2	
66	130	-2	
49	52	-4	
50	52	-2	
50	114	3	
113	118	2	
49	113	-2	
476	484	-1	
481	485	-4	
477	485	-1	
472	477	4	
238	246	2	
242	247	2	
239	247	1	
235	239	3	
348	356	-3	
354	356	-2	
354	359	2	
351	359	4	
210	215	2	
211	215	-2	
211	275	-3	
274	279	-3	
162	166	3	
163	227	2	
226	231	-2	
162	226	3	
9	12	-2	
12	20	-1	
16	23	-4	
250	252	-3	
251	252	2	
251	315	1	
314	318	3	
250	314	-1	
120	125	2	
121	126	3	
123	127	-3	
120	127	2	
323	325	-2	
320	325	3	
434	438	-2	
443	446	-2	
136	142	-2	
139	203	3	
203	206	-3	
146	148	-4	
145	151	2	
272	276	-2	
281	286	3	
182	190	2	
183	191	-2	
333	341	1	
335	343	2	
201	204	1	
204	212	1	
406	414	2	
411	414	2	
407	415	-5	
291	293	2	
355	358	-3	
161	164	1	
153	159	-1	
176	180	-2	
177	241	2	
241	245	2	
176	240	2	
5	13	-2	
8	14	-2	
434	436	-3	
435	499	2	
434	498	3	
216	220	-2	
225	228	-2	
223	231	-1	
312	316	-3	
376	382	2	
312	376	-3	
194	199	2	
258	260	2	
257	260	-4	
387	388	2	
388	396	-5	
393	396	1	
390	398	5	
299	363	2	
362	367	-4	
298	362	-2	
421	429	3	
427	430	-2	
422	430	-2	
83	87	-1	
18	82	2	
488	492	2	
99	101	2	
101	109	2	
104	110	3	
102	110	-2	
27	91	1	
89	93	-2	
25	89	3	
304	308	3	
451	455	3	
448	454	3	
449	454	2	
170	175	-2	
170	234	1	
234	236	3	
169	233	2	
472	478	-2	
478	486	-1	
482	487	-2	
479	487	-1	
472	479	-3	
283	286	2	
347	351	-4	
344	351	-2	
26	90	2	
90	94	-2	
24	88	-2	
129	132	4	
130	134	-2	
34	36	-3	
35	39	2	
32	37	2	
361	364	3	
371	372	3	
371	373	4	
365	373	2	
64	70	3	
75	78	1	
433	497	-2	
496	500	-1	
432	496	-1	
267	268	1	
265	269	-3	
265	270	2	
100	108	3	
106	111	4	
103	111	1	
98	103	-1	
392	399	-2	
394	399	3	
394	458	1	
458	460	-3	
392	456	-2	
219	221	-2	
222	230	-2	
48	53	4	
51	53	2	
112	119	-4	
505	508	3	
507	508	-2	
506	511	3	
401	406	-2	
403	467	2	
467	471	-2	
465	471	-3	
401	465	-3	
242	244	3	
248	253	3	
245	253	-2	
43	44	3	
41	45	-4	
346	350	2	
346	410	-2	
410	413	-3	
345	409	1	
275	277	3	
209	273	-2	
419	422	-2	
416	480	-3	
16	80	-1	
138	143	-4	
339	342	-2	
315	379	-2	
321	385	-1	
282	286	1	
286	294	2	
287	295	1	
282	287	-4	
402	407	4	
466	468	3	
345	348	-4	
353	357	2	
185	189	-4	
186	189	-2	
232	239	-1	
427	428	2	
369	374	-2	
375	383	-2	
194	196	-3	
203	204	-2	
169	172	-2	
169	174	1	
144	148	2	
456	461	-3	
459	463	-3	
256	261	-1	
256	263	-3	
474	478	-3	
49	54	3	
9	13	2	
202	205	-2	
202	207	2	
298	301	2	
247	255	-2	
76	84	-2	
77	85	2	
284	292	-2	
285	293	1	
283	285	-4	
274	338	-2	
336	343	1	
272	336	2	
322	386	-2	
384	389	-3	
225	230	-2	
306	310	2	
314	319	-3	
482	485	3	
417	481	3	
40	45	3	
184	191	-3	
506	510	-2	
179	180	2	
178	183	2	
58	60	2	
91	155	2	
90	154	2	
369	372	3	
435	437	-1	
216	221	-2	
216	280	-2	
408	414	-3	
475	477	3	
97	100	-1	
96	102	-2	
211	212	3	
210	214	1	
208	214	3	
67	71	2	
329	393	2	
352	357	2	
355	419	-2	
227	229	1	
42	44	-2	
115	118	1	
266	270	2	
129	133	2	
457	460	2	
460	468	2	
462	470	-2	
363	365	-2	
19	22	-2	
83	85	3	
82	85	-1	
291	292	3	
295	303	-1	
442	444	-3	
403	404	3	
20	28	2	
23	31	-2	
131	135	-1	
195	197	-2	
192	197	-3	
128	192	1	
385	390	1	
347	350	-1	
325	333	2	
327	335	-2	
148	156	2	
150	158	1	
136	143	2	
200	207	-2	
500	508	-2	
504	509	-3	
501	509	-2	
237	245	-1	
240	246	3	
232	238	4	
65	129	-1	
114	116	-1	
114	119	-1	
112	117	2	
160	165	2	
165	173	-2	
166	174	-2	
370	375	2	
368	374	-2	
251	254	1	
219	223	1	
219	283	2	
424	429	2	
425	431	-1	
480	484	3	
274	276	3	
378	380	-1	
378	442	-1	
9	73	-2	
73	78	2	
324	332	-2	
326	334	-2	
66	70	2	
231	239	-3	
27	28	-2	
288	294	3	
341	349	-1	
342	350	2	
105	108	2	
98	101	-3	
149	157	-1	
152	157	4	
151	159	-2	
86	94	-2	
80	87	2	
458	462	1	
243	307	-2	
242	306	1	
10	14	2	
137	201	3	
172	180	1	
173	181	1	
193	196	-2	
354	418	2	
65	71	2	
485	493	1	
486	494	-2	
57	62	2	
274	277	1	
275	278	-2	
273	279	2	
241	305	-2	
240	304	1	
11	15	2	
88	92	3	
411	412	-2	
409	415	-2	
164	172	2	
167	175	2	
163	167	-2	
18	20	-3	
19	23	3	
177	181	2	
229	237	-2	
224	231	-1	
280	284	1	
290	294	2	
82	146	2	
466	469	3	
212	220	-2	
137	141	1	
93	101	-2	
91	94	1	
258	261	2	
259	263	3	
347	349	-2	
427	491	1	
355	356	2	
356	364	1	
432	438	-3	
434	437	2	
249	252	-3	
130	135	-3	
484	492	1	
489	492	3	
487	495	-2	
314	317	2	
329	333	-2	
118	126	2	
264	328	1	
78	86	2	
209	213	2	
213	221	2	
352	359	2	
33	37	2	
385	388	1	
104	111	-1	
147	151	-1	
56	61	-1	
54	62	1	
48	54	-2	
448	453	2	
161	165	-2	
168	175	-1	
168	232	-1	
507	511	2	
11	13	1	
440	445	1	
299	300	-1	
456	462	-1	
107	109	1	
50	55	-2	
155	158	1	
1	6	1	
203	267	1	
202	266	1	
80	144	-1	
424	428	-2	
426	490	1	
387	389	2	
123	125	2	
21	29	1	
22	30	1	
330	332	2	
338	342	-1	
435	439	1	
64	68	-3	
441	447	1	
233	237	2	
433	436	-1	
431	439	-2	
301	309	-1	
307	309	1	
303	311	1	
393	457	-1	
25	31	-1	
313	318	-2	
473	476	-1	
400	405	-1	
154	156	2	
153	157	1	
384	391	-1	
483	487	-2	
331	335	-2	
115	117	-2	
92	100	-1	
240	244	-1	
288	292	1	
200	205	-2	
264	269	-1	
32	39	-2	
128	134	-1	
394	398	-2	
386	390	2	
300	308	1	
302	310	1	
281	345	1	
430	438	-1	
402	406	1	
275	339	1	
273	337	-1	
56	63	-2	
328	332	-1	
328	334	-1	
142	150	1	
143	151	1	
97	161	-1	
96	160	1	
315	319	1	
16	21	-1	
17	23	2	
443	444	1	
146	210	-1	
145	209	-1	
224	228	-1	
35	36	-1	
340	348	1	
344	408	-1	
336	400	1	
464	470	-1	
387	451	1	
179	243	-1	
269	277	-1	
271	279	-1	
26	30	1	
488	495	-1	
187	191	-1	
193	198	1	
75	77	-1	
312	317	1	
268	276	-1	
270	278	-1	
178	242	-1	
38	46	-1	
420	428	-1	
Energy:	-2506	
