NumberOfQubits	504	
NumberOfSubgraphs	840	
Serial	273	
PlantedSolution:	
0	1	
1	1	
2	-1	
3	-1	
4	1	
5	-1	
6	1	
8	-1	
9	1	
10	-1	
11	1	
12	-1	
13	1	
14	1	
15	1	
16	-1	
17	1	
18	-1	
19	-1	
20	-1	
21	-1	
22	-1	
23	1	
24	-1	
25	1	
26	-1	
27	1	
28	1	
29	1	
30	1	
31	1	
32	-1	
33	1	
34	-1	
35	-1	
36	-1	
37	1	
38	-1	
39	1	
40	-1	
41	1	
42	-1	
43	1	
44	1	
45	-1	
46	-1	
47	-1	
48	-1	
49	-1	
50	1	
51	1	
52	-1	
53	-1	
54	-1	
55	-1	
56	1	
57	-1	
58	-1	
59	1	
60	-1	
61	1	
62	1	
63	1	
64	1	
65	1	
66	1	
67	-1	
68	1	
69	1	
70	1	
71	1	
72	-1	
73	-1	
74	1	
75	-1	
76	-1	
77	1	
78	-1	
79	-1	
80	-1	
81	-1	
82	1	
83	-1	
84	1	
85	1	
86	1	
87	1	
88	1	
89	-1	
90	1	
91	1	
92	-1	
93	-1	
94	1	
95	-1	
96	1	
97	1	
98	1	
99	-1	
100	1	
101	-1	
102	1	
103	1	
104	-1	
105	1	
106	1	
107	1	
108	-1	
109	-1	
110	-1	
111	-1	
112	1	
113	1	
114	-1	
115	-1	
116	-1	
117	-1	
118	-1	
119	1	
120	-1	
121	-1	
123	-1	
124	-1	
125	1	
126	1	
127	-1	
128	1	
129	-1	
130	1	
131	-1	
132	-1	
133	-1	
134	1	
135	1	
136	-1	
137	1	
138	1	
139	-1	
141	-1	
142	1	
143	1	
144	1	
145	-1	
146	1	
147	-1	
148	1	
149	-1	
150	-1	
151	-1	
152	1	
153	-1	
154	-1	
155	1	
156	-1	
157	-1	
158	1	
159	1	
160	-1	
161	-1	
162	-1	
163	1	
164	1	
165	-1	
166	-1	
167	1	
168	1	
169	1	
170	-1	
171	1	
172	1	
173	1	
174	1	
175	1	
176	-1	
177	-1	
178	1	
179	1	
180	-1	
181	1	
182	1	
183	-1	
184	-1	
185	1	
186	-1	
187	-1	
188	-1	
189	1	
190	-1	
191	-1	
192	-1	
193	-1	
194	1	
195	1	
196	1	
197	-1	
198	1	
199	1	
200	-1	
201	1	
202	-1	
203	-1	
204	-1	
205	1	
206	1	
207	-1	
208	-1	
209	-1	
210	-1	
211	1	
212	-1	
213	-1	
214	-1	
215	-1	
216	-1	
217	-1	
218	1	
219	-1	
220	-1	
221	-1	
222	1	
223	1	
224	-1	
225	1	
226	-1	
227	-1	
228	-1	
229	1	
230	-1	
231	1	
232	-1	
233	-1	
234	1	
235	1	
236	-1	
237	-1	
238	1	
239	1	
240	1	
241	-1	
242	1	
243	1	
244	-1	
245	1	
246	1	
247	-1	
248	-1	
249	1	
250	1	
251	1	
252	-1	
253	-1	
254	1	
255	-1	
256	1	
257	-1	
258	-1	
259	1	
260	1	
261	1	
262	1	
263	1	
264	-1	
265	-1	
266	-1	
267	1	
268	1	
269	1	
270	-1	
271	1	
272	1	
273	-1	
274	1	
275	1	
276	-1	
277	-1	
278	1	
279	1	
280	1	
281	-1	
282	1	
283	1	
284	-1	
285	-1	
286	1	
287	1	
288	1	
289	-1	
290	1	
291	1	
292	1	
293	1	
294	1	
295	-1	
296	-1	
297	-1	
298	-1	
299	-1	
300	-1	
301	1	
302	1	
303	-1	
304	-1	
305	1	
306	-1	
307	1	
308	-1	
309	-1	
310	-1	
311	-1	
312	-1	
313	1	
314	1	
315	-1	
316	1	
317	-1	
318	1	
319	1	
320	1	
321	-1	
322	1	
323	-1	
324	1	
325	1	
326	-1	
327	-1	
328	1	
329	-1	
330	-1	
331	-1	
332	-1	
333	-1	
334	1	
335	-1	
336	1	
337	-1	
338	1	
339	-1	
340	1	
341	1	
342	-1	
343	1	
344	1	
345	-1	
346	1	
347	1	
348	-1	
349	-1	
350	-1	
351	-1	
352	1	
353	1	
354	-1	
355	1	
356	1	
357	1	
358	1	
359	1	
361	-1	
362	-1	
363	1	
364	-1	
365	1	
367	-1	
368	-1	
369	-1	
370	-1	
371	-1	
372	1	
373	1	
374	-1	
375	1	
376	-1	
377	-1	
378	-1	
379	-1	
380	1	
382	1	
383	-1	
384	-1	
385	1	
386	-1	
387	1	
388	-1	
389	-1	
390	-1	
391	-1	
392	1	
393	1	
394	-1	
396	-1	
397	1	
398	1	
399	-1	
400	-1	
401	1	
402	1	
403	-1	
404	1	
405	-1	
406	1	
407	1	
408	-1	
409	1	
410	-1	
411	1	
412	-1	
413	-1	
414	-1	
415	-1	
416	1	
417	-1	
418	1	
419	-1	
420	-1	
421	-1	
422	-1	
424	-1	
425	-1	
426	1	
427	-1	
428	1	
429	-1	
430	-1	
431	-1	
432	1	
433	1	
434	1	
435	-1	
436	1	
437	1	
438	-1	
439	1	
440	-1	
441	-1	
442	1	
443	-1	
444	-1	
445	-1	
446	-1	
447	-1	
448	-1	
449	1	
450	1	
451	1	
452	1	
453	1	
454	-1	
455	1	
456	1	
457	-1	
458	1	
459	1	
460	1	
461	-1	
462	1	
463	-1	
464	1	
465	-1	
466	1	
467	1	
468	-1	
469	-1	
470	1	
471	-1	
472	1	
473	1	
474	-1	
475	1	
476	-1	
477	1	
478	1	
479	1	
480	-1	
481	-1	
482	-1	
483	-1	
484	1	
485	1	
486	-1	
487	1	
488	1	
489	1	
490	1	
491	-1	
492	-1	
493	1	
494	-1	
495	1	
496	1	
497	-1	
498	-1	
499	-1	
500	1	
501	-1	
502	1	
503	-1	
504	1	
505	1	
506	-1	
507	-1	
508	-1	
509	1	
510	1	
511	-1	
Js:	
416	422	3	
417	422	-5	
417	481	4	
481	485	6	
480	485	3	
416	480	7	
289	293	4	
293	301	3	
297	301	3	
297	303	-6	
295	303	-2	
289	295	-5	
161	164	3	
163	164	-5	
163	167	-3	
162	167	5	
162	166	4	
161	166	-5	
49	54	2	
51	54	6	
51	115	3	
115	117	-4	
113	117	4	
49	113	4	
104	108	-3	
105	108	3	
105	110	4	
107	110	-2	
107	111	6	
104	111	-5	
27	29	-3	
29	37	-1	
33	37	-3	
33	38	-5	
30	38	1	
27	30	-4	
240	245	-4	
241	245	5	
241	246	4	
243	246	-5	
243	247	-1	
240	247	5	
249	252	5	
251	252	-2	
251	253	5	
250	253	2	
250	255	6	
249	255	4	
266	269	6	
267	269	-5	
267	271	-3	
264	271	6	
264	270	4	
266	270	-4	
74	78	6	
78	86	3	
82	86	-6	
82	87	-5	
79	87	-2	
74	79	3	
232	237	-4	
235	237	-4	
235	239	-5	
233	239	4	
233	238	4	
232	238	4	
456	460	-5	
458	460	-5	
458	462	-3	
459	462	-4	
459	461	7	
456	461	-2	
65	68	-6	
67	68	3	
67	131	1	
131	134	5	
129	134	4	
65	129	1	
433	437	-2	
437	445	5	
442	445	4	
442	446	-3	
438	446	-4	
433	438	4	
88	93	2	
89	93	-6	
89	95	3	
90	95	6	
90	94	-5	
88	94	-7	
176	180	-5	
178	180	4	
178	181	-2	
177	181	2	
177	183	-6	
176	183	3	
320	325	-5	
322	325	-5	
322	327	4	
321	327	-3	
321	326	-4	
320	326	-4	
8	13	6	
10	13	4	
10	15	7	
11	15	-4	
11	14	-5	
8	14	5	
330	333	-6	
331	333	-4	
331	335	-6	
328	335	2	
328	334	-4	
330	334	6	
168	173	-5	
171	173	-5	
171	174	-5	
170	174	4	
170	175	5	
168	175	-4	
192	199	-4	
195	199	-5	
195	259	-1	
259	263	-4	
256	263	-5	
192	256	2	
498	501	-4	
501	509	4	
504	509	-4	
504	510	-5	
502	510	-3	
498	502	6	
137	141	1	
141	149	-3	
144	149	5	
144	151	8	
143	151	-1	
137	143	-8	
355	357	-5	
357	365	-4	
361	365	6	
361	367	-3	
359	367	2	
355	359	-3	
306	310	-2	
310	318	-4	
312	318	4	
312	319	6	
311	319	3	
306	311	-6	
449	452	-5	
450	452	-3	
450	453	-4	
448	453	5	
448	455	7	
449	455	-3	
280	284	4	
281	284	-4	
281	286	5	
283	286	-3	
283	285	3	
280	285	7	
17	20	-3	
19	20	-7	
19	22	-3	
16	22	-5	
16	21	-4	
17	21	3	
425	430	-4	
426	430	3	
426	490	-5	
490	492	-3	
489	492	6	
425	489	3	
466	468	4	
467	468	4	
467	471	-3	
464	471	4	
464	470	-6	
466	470	-2	
336	342	5	
342	350	-3	
345	350	-3	
345	351	-4	
343	351	2	
336	343	-4	
211	212	3	
212	220	-4	
217	220	-3	
217	221	-4	
213	221	-2	
211	213	5	
371	372	5	
372	380	-4	
379	380	6	
379	383	-4	
375	383	4	
371	375	6	
186	188	-4	
187	188	-6	
187	190	4	
184	190	-4	
184	191	-5	
186	191	-6	
400	405	-3	
405	413	-3	
408	413	-5	
408	414	-3	
406	414	-3	
400	406	5	
427	428	3	
428	436	-2	
434	436	-4	
434	439	4	
431	439	2	
427	431	-4	
394	396	-6	
396	404	3	
401	404	-3	
401	407	-6	
399	407	-2	
394	399	-5	
152	156	4	
155	156	3	
155	158	-3	
153	158	4	
153	159	2	
152	159	-5	
96	100	-4	
97	100	-6	
97	103	-5	
99	103	6	
99	102	-3	
96	102	-3	
472	476	4	
475	476	4	
475	478	-4	
473	478	4	
473	479	-7	
472	479	-4	
57	63	4	
59	63	-4	
59	123	4	
123	126	3	
121	126	-5	
57	121	-4	
1	4	-6	
2	4	6	
2	5	-5	
3	5	-4	
3	6	6	
1	6	-6	
138	142	-5	
139	142	5	
139	203	-3	
203	204	-4	
202	204	-2	
138	202	4	
384	388	-4	
387	388	-4	
387	389	3	
385	389	5	
385	390	4	
384	390	-5	
225	228	4	
227	228	-7	
227	230	-5	
224	230	2	
224	229	5	
225	229	-3	
40	44	6	
42	44	3	
42	46	4	
43	46	4	
43	45	6	
40	45	-4	
496	500	-4	
500	508	3	
506	508	-4	
506	511	-4	
503	511	-2	
496	503	6	
274	277	4	
275	277	4	
275	278	5	
272	278	-5	
272	279	-5	
274	279	-5	
418	420	5	
419	420	-3	
419	483	-7	
483	486	4	
482	486	-6	
418	482	6	
48	55	-4	
50	55	4	
50	114	4	
114	118	-2	
112	118	6	
48	112	5	
304	308	-5	
305	308	3	
305	369	-3	
369	374	-6	
368	374	-5	
304	368	-2	
346	348	4	
347	348	4	
347	411	-3	
411	415	5	
410	415	5	
346	410	3	
145	150	-4	
146	150	4	
146	210	3	
210	214	5	
209	214	-5	
145	209	-4	
291	292	-5	
292	300	2	
298	300	-4	
298	302	5	
294	302	1	
291	294	-4	
64	69	-4	
66	69	-2	
66	130	1	
130	135	-4	
128	135	-5	
64	128	-1	
75	76	-4	
76	84	2	
83	84	3	
83	85	4	
77	85	1	
75	77	4	
194	197	4	
197	205	4	
201	205	-6	
201	206	2	
198	206	-4	
194	198	-4	
26	28	3	
28	36	2	
35	36	-5	
35	39	5	
31	39	2	
26	31	3	
313	316	-3	
314	316	-6	
314	378	-3	
378	382	4	
377	382	6	
313	377	4	
193	196	6	
194	196	5	
194	258	2	
258	261	4	
257	261	4	
193	257	-1	
441	444	-2	
443	444	-6	
443	507	-3	
507	510	3	
505	510	-4	
441	505	3	
51	52	5	
52	60	-3	
56	60	5	
56	61	-4	
53	61	4	
51	53	-3	
490	493	1	
491	493	5	
491	494	-5	
488	494	4	
488	495	-5	
490	495	-4	
216	222	2	
222	230	3	
226	230	-3	
226	231	4	
223	231	-4	
216	223	6	
338	340	-4	
339	340	4	
339	403	1	
403	406	5	
402	406	-2	
338	402	-1	
392	397	-6	
393	397	-4	
393	457	4	
457	463	2	
456	463	4	
392	456	-5	
288	293	-4	
290	293	-5	
290	354	1	
354	356	7	
352	356	-4	
288	352	2	
112	116	3	
116	124	-7	
120	124	-4	
120	127	-7	
119	127	5	
112	119	-4	
154	157	-4	
157	165	-2	
160	165	-4	
160	166	-4	
158	166	-2	
154	158	4	
178	182	-5	
179	182	-5	
179	243	-2	
243	244	4	
242	244	-4	
178	242	-3	
264	268	-3	
265	268	5	
265	329	-5	
329	332	-4	
328	332	5	
264	328	4	
218	222	-3	
219	222	4	
219	283	-2	
283	287	-6	
282	287	-3	
218	282	-2	
386	391	-4	
387	391	5	
387	451	-3	
451	454	5	
450	454	5	
386	450	5	
363	364	-3	
364	372	2	
370	372	6	
370	373	5	
365	373	-3	
363	365	-5	
272	276	2	
273	276	-4	
273	337	2	
337	341	5	
336	341	-5	
272	336	-3	
32	37	4	
34	37	6	
34	98	4	
98	101	6	
96	101	6	
32	96	4	
248	254	3	
251	254	-5	
251	315	2	
315	317	-4	
312	317	4	
248	312	-3	
200	204	-6	
204	212	2	
208	212	-5	
208	215	-3	
207	215	-3	
200	207	-4	
8	12	-6	
9	12	-5	
9	73	4	
73	77	4	
72	77	2	
8	72	-2	
169	172	-6	
170	172	6	
170	234	-2	
234	236	3	
233	236	-1	
169	233	2	
465	468	-5	
468	476	-4	
474	476	-6	
474	477	6	
469	477	2	
465	469	-3	
41	47	5	
42	47	-5	
42	106	-4	
106	109	6	
105	109	3	
41	105	-6	
344	349	5	
349	357	-1	
353	357	-5	
353	358	-4	
350	358	3	
344	350	3	
424	428	4	
432	436	-4	
432	437	-6	
429	437	3	
424	429	-5	
24	28	5	
27	28	-5	
27	91	-4	
91	92	5	
88	92	4	
24	88	-2	
16	23	2	
17	23	-6	
17	81	-3	
81	87	4	
80	87	3	
16	80	-5	
376	383	-4	
379	443	-5	
443	447	-4	
440	447	-5	
376	440	-6	
296	301	3	
301	309	5	
307	309	3	
307	310	4	
302	310	-2	
296	302	3	
256	260	-5	
259	260	5	
259	323	4	
323	324	6	
320	324	-3	
256	320	-2	
433	439	-4	
435	439	-2	
435	499	-5	
499	500	3	
497	500	4	
433	497	5	
409	412	5	
412	420	-3	
416	420	3	
416	421	5	
413	421	3	
409	413	3	
121	125	3	
123	125	8	
123	187	1	
187	189	4	
185	189	-4	
121	185	1	
145	148	7	
146	148	4	
147	150	-5	
147	149	-4	
145	149	-2	
66	68	-2	
66	71	-7	
64	71	-5	
64	70	4	
65	70	-3	
50	54	-4	
54	62	3	
58	62	5	
58	63	5	
55	63	4	
299	300	4	
299	363	4	
363	367	7	
362	367	-7	
298	362	-4	
481	484	3	
483	484	4	
483	487	4	
480	487	4	
129	132	-5	
130	132	6	
131	135	6	
131	133	-6	
129	133	4	
18	21	-6	
21	29	3	
25	29	-5	
25	31	-4	
23	31	2	
18	23	4	
136	141	-4	
138	141	5	
138	143	-3	
137	142	2	
136	142	3	
261	269	-5	
262	270	4	
258	262	6	
384	389	-5	
389	397	3	
393	398	-3	
390	398	6	
0	5	7	
0	6	-7	
228	236	-4	
235	236	6	
231	239	-3	
225	231	-4	
321	324	4	
323	327	2	
321	325	4	
106	108	4	
108	116	-2	
113	116	-2	
109	117	-1	
306	308	4	
308	316	4	
314	317	2	
309	317	-5	
306	309	-3	
11	12	5	
10	14	4	
9	15	-6	
337	340	6	
338	342	4	
339	342	2	
339	341	5	
400	404	4	
400	407	4	
466	469	4	
467	469	-3	
467	470	-4	
466	471	6	
164	172	-2	
169	173	3	
165	173	3	
163	165	6	
274	276	4	
275	276	7	
273	278	3	
273	277	-5	
58	60	-5	
59	60	-3	
59	62	-4	
56	62	-4	
58	61	5	
153	157	-5	
155	157	3	
155	219	-4	
219	220	-4	
153	217	-2	
409	415	4	
410	474	-4	
473	477	-4	
409	473	-4	
177	180	-4	
180	188	-2	
185	188	4	
185	190	4	
182	190	5	
177	182	-2	
288	294	-6	
291	355	-2	
355	358	-5	
352	358	-4	
97	102	-5	
102	110	3	
103	111	4	
80	84	4	
81	84	3	
81	85	6	
82	85	3	
80	86	2	
202	206	4	
206	214	1	
210	215	-2	
202	207	-5	
488	492	3	
489	495	3	
491	495	3	
488	493	-5	
41	44	-3	
43	44	-4	
43	47	5	
40	47	-2	
40	46	5	
41	46	4	
74	76	-4	
75	79	-6	
72	79	-4	
72	78	-6	
457	460	5	
458	463	7	
459	463	5	
457	462	6	
425	429	-1	
426	429	-4	
427	430	-5	
425	431	-6	
284	292	3	
290	292	-3	
290	295	-5	
287	295	4	
281	287	4	
240	244	4	
244	252	-5	
249	253	4	
245	253	3	
91	93	5	
91	95	2	
89	94	-1	
353	359	6	
354	359	4	
354	418	2	
418	422	4	
353	417	3	
440	446	-2	
441	446	-6	
505	511	5	
504	511	4	
440	504	-2	
147	148	4	
148	156	2	
151	159	4	
147	151	2	
329	335	-3	
329	334	4	
496	501	4	
497	501	-2	
497	502	4	
499	502	-5	
499	503	-4	
32	36	-5	
34	36	-3	
34	39	4	
33	39	-6	
32	38	-5	
344	351	4	
347	351	4	
411	414	3	
344	408	-2	
368	373	6	
370	374	-2	
371	374	5	
368	375	6	
192	197	-4	
195	197	4	
193	199	6	
193	198	3	
192	198	3	
115	118	-3	
118	126	6	
120	126	-4	
115	119	3	
448	452	4	
449	453	-4	
451	453	-4	
451	455	5	
203	205	4	
203	267	3	
265	271	2	
201	265	-2	
176	181	6	
181	189	-5	
186	189	4	
183	191	-2	
218	223	4	
282	285	4	
216	280	2	
242	246	-4	
246	254	5	
250	254	-4	
247	255	-5	
242	247	4	
472	478	-7	
478	486	1	
482	487	-2	
479	487	-2	
160	167	-3	
162	226	-3	
226	229	4	
160	224	-3	
233	237	-5	
233	297	-4	
296	303	-5	
232	296	-3	
20	28	2	
24	30	3	
22	30	3	
313	319	-6	
315	319	3	
315	379	-2	
379	382	3	
442	447	5	
507	509	6	
506	509	5	
442	506	-2	
257	263	5	
257	262	3	
256	262	-3	
98	100	-3	
99	101	-4	
243	245	-5	
243	307	-3	
307	311	-4	
305	311	4	
241	305	4	
209	212	-3	
209	213	-3	
211	214	3	
208	214	3	
107	171	-3	
168	174	3	
104	168	2	
402	404	-4	
403	404	6	
401	406	-3	
401	405	4	
402	405	-5	
434	438	4	
435	438	-5	
432	439	-4	
48	52	-4	
51	55	3	
49	55	-3	
49	53	-3	
48	53	-4	
345	348	-4	
346	350	5	
347	350	3	
347	349	4	
345	349	5	
128	133	-2	
133	141	-4	
134	142	-3	
128	134	-4	
376	380	4	
378	380	4	
378	442	3	
442	444	3	
440	444	-4	
385	388	3	
386	388	-5	
384	391	3	
67	69	5	
67	70	6	
361	364	-7	
362	364	-6	
362	426	-1	
426	431	3	
361	425	-2	
227	229	4	
229	237	3	
234	237	-4	
234	238	-6	
230	238	2	
329	393	2	
392	398	4	
328	392	-3	
418	421	3	
419	421	-3	
482	484	-5	
114	116	3	
123	124	-3	
117	125	4	
114	117	-5	
25	30	-3	
26	30	6	
26	90	3	
90	92	2	
89	92	-3	
25	89	5	
304	310	-5	
305	310	3	
369	373	5	
268	276	-1	
273	279	5	
271	279	-2	
286	294	3	
289	294	4	
83	86	4	
83	147	-3	
144	150	3	
80	144	-2	
3	4	7	
1	5	-4	
461	469	-3	
465	471	-4	
463	471	2	
154	159	4	
155	159	-5	
219	221	-5	
218	221	3	
154	218	4	
427	429	-4	
427	491	-3	
424	488	3	
11	13	-4	
13	21	-3	
18	22	-3	
14	22	3	
184	188	-4	
187	251	4	
248	253	-4	
184	248	-4	
35	37	5	
37	45	1	
42	45	-4	
39	47	-1	
173	181	-2	
179	181	-3	
179	183	-3	
175	183	3	
171	175	-3	
196	204	3	
199	207	3	
408	412	-3	
411	412	4	
411	475	-3	
475	477	-6	
472	477	2	
408	472	3	
73	79	-3	
75	139	-4	
139	143	-3	
73	137	3	
498	500	4	
504	508	-5	
338	341	3	
338	343	-4	
337	343	2	
337	342	-5	
248	255	-3	
250	314	2	
314	318	-5	
448	454	-4	
166	174	2	
167	175	3	
161	167	6	
298	301	4	
299	301	2	
355	356	-4	
354	357	2	
130	133	-4	
129	135	4	
57	61	2	
57	62	6	
56	63	3	
326	334	4	
330	335	-2	
327	335	-6	
320	327	5	
434	437	-3	
441	445	-5	
184	189	3	
186	190	3	
216	221	5	
217	281	-2	
281	285	-1	
49	52	-6	
113	118	4	
307	371	2	
306	370	-3	
417	421	-5	
414	422	-2	
409	414	4	
505	508	5	
507	508	-3	
506	510	5	
387	390	4	
392	399	3	
391	399	-5	
480	484	3	
484	492	4	
490	494	7	
486	494	-3	
480	486	-3	
236	244	-1	
241	244	2	
238	246	-2	
464	468	-3	
470	478	-3	
485	493	-5	
489	493	-5	
487	495	-4	
481	487	4	
154	156	4	
156	164	2	
162	164	5	
162	165	-2	
19	23	4	
19	83	-3	
10	74	2	
73	76	-3	
296	300	-6	
297	300	-2	
297	302	5	
299	302	4	
299	303	-4	
269	277	2	
274	278	-3	
270	278	-3	
226	290	4	
225	289	-2	
200	205	-2	
200	206	5	
195	198	-6	
98	103	2	
41	45	2	
40	104	-3	
340	348	-2	
344	348	4	
339	343	5	
257	260	3	
258	260	-2	
258	322	2	
257	321	-4	
36	44	3	
38	46	-3	
35	38	3	
146	151	4	
24	31	5	
27	31	-4	
91	94	-2	
315	316	5	
304	309	-3	
378	383	-6	
377	383	-4	
376	382	-5	
176	240	2	
458	461	2	
69	77	-7	
70	78	-2	
211	215	-5	
211	275	-2	
275	279	-1	
208	272	3	
224	228	-3	
227	291	-2	
288	292	-5	
224	288	2	
449	454	4	
385	449	-4	
499	501	-5	
496	502	-2	
324	332	3	
331	332	-4	
325	333	-5	
323	325	3	
403	407	2	
403	467	4	
465	470	-4	
401	465	4	
121	127	-5	
128	132	7	
130	194	-3	
192	196	4	
128	192	3	
16	20	4	
18	20	-4	
18	82	3	
82	84	-4	
474	479	3	
168	172	-3	
171	172	3	
171	235	-1	
232	239	3	
168	232	3	
356	364	-2	
352	357	-3	
282	286	-6	
282	346	-2	
346	349	4	
281	345	-4	
397	405	3	
394	397	4	
420	428	3	
424	430	5	
422	430	-2	
419	422	-4	
114	119	3	
115	179	4	
114	178	3	
248	252	-3	
249	313	1	
203	207	2	
26	29	5	
50	52	3	
59	61	-5	
50	53	5	
369	375	2	
371	435	-1	
435	436	4	
433	436	3	
369	433	2	
152	158	-5	
216	220	-3	
152	216	2	
4	12	-1	
5	13	2	
107	108	5	
107	109	3	
104	109	-3	
104	110	4	
106	110	4	
263	271	-4	
33	36	4	
440	445	-3	
439	447	4	
66	70	-3	
67	71	-2	
65	71	-4	
160	164	5	
163	166	3	
210	213	-5	
260	268	-5	
267	268	-4	
402	407	-4	
402	466	-4	
464	469	3	
400	464	4	
214	222	3	
215	223	3	
209	215	-4	
84	92	4	
88	95	3	
87	95	-3	
417	420	-3	
352	416	-2	
172	180	2	
169	175	2	
315	318	4	
136	143	4	
137	201	-4	
201	204	-3	
136	200	-3	
282	284	3	
283	284	-4	
280	286	-4	
374	382	2	
410	412	-3	
497	503	-5	
92	100	-2	
93	101	-1	
451	452	3	
322	326	4	
322	386	1	
386	389	-2	
320	384	1	
2	6	-2	
2	66	5	
0	64	-4	
482	485	3	
348	356	2	
351	359	-2	
99	163	-1	
161	165	-3	
97	161	1	
330	332	-3	
329	333	-2	
328	333	2	
291	295	3	
220	228	2	
225	230	5	
68	76	5	
74	77	-4	
65	69	-2	
457	461	-3	
24	29	-5	
232	236	-5	
235	299	2	
323	387	1	
385	391	3	
321	385	-1	
241	247	-4	
426	428	-4	
45	53	-3	
48	54	-3	
46	54	-2	
370	434	-1	
153	156	-5	
398	406	-2	
394	398	-3	
113	119	-3	
113	177	3	
234	239	-4	
234	298	-1	
298	303	-2	
481	486	-3	
489	494	3	
11	75	2	
221	229	1	
224	231	5	
170	173	2	
169	174	-5	
256	261	-3	
259	262	2	
507	511	-5	
139	141	-3	
142	150	-2	
272	277	-2	
57	60	-4	
56	120	4	
392	396	-1	
393	396	4	
32	39	-2	
98	102	-4	
249	254	-3	
411	413	2	
407	415	-2	
149	157	4	
152	157	4	
74	138	1	
72	136	-4	
289	292	2	
377	380	2	
443	446	3	
377	441	-4	
202	266	-3	
266	268	2	
200	264	-2	
176	182	2	
331	334	3	
10	12	1	
12	20	-2	
15	23	-2	
435	437	3	
432	496	-4	
130	134	-4	
131	195	-2	
194	199	-2	
44	52	1	
47	55	2	
85	93	2	
86	94	-3	
81	86	-2	
353	356	-1	
352	359	-5	
110	118	-1	
111	119	2	
105	111	-2	
473	476	-1	
475	479	-3	
235	238	-2	
250	252	3	
208	213	-5	
368	372	1	
450	455	-3	
34	38	-3	
35	99	-2	
307	308	2	
163	227	2	
161	225	-2	
491	492	-2	
492	500	-2	
495	503	1	
436	444	3	
330	394	1	
314	319	-2	
312	376	-3	
129	193	-2	
267	270	2	
285	293	2	
91	155	2	
89	153	-2	
17	22	5	
275	339	3	
274	338	-2	
0	4	-2	
1	65	-4	
483	485	1	
210	212	-3	
205	213	2	
217	222	5	
217	223	4	
106	111	1	
323	326	4	
346	351	4	
408	415	-4	
187	191	-3	
185	191	4	
452	460	-5	
456	462	-4	
454	462	2	
424	431	-3	
201	207	3	
355	419	-1	
388	396	-4	
393	399	3	
83	87	3	
94	102	-2	
95	103	-1	
434	498	4	
369	372	2	
277	285	3	
279	287	-2	
112	117	2	
123	127	1	
336	340	3	
313	317	5	
505	509	-3	
266	271	3	
195	196	-2	
9	13	1	
8	15	1	
280	344	-2	
370	375	-3	
3	67	-3	
147	211	2	
99	100	-4	
100	108	3	
403	405	-2	
410	413	-2	
410	414	-3	
265	270	-3	
267	331	-3	
453	461	3	
455	463	-2	
290	294	-2	
218	220	4	
300	308	-2	
178	183	-3	
25	28	3	
251	255	2	
186	250	-3	
115	116	-3	
121	124	-2	
367	375	-1	
64	68	2	
425	428	4	
73	78	3	
304	311	2	
240	304	3	
90	93	4	
33	97	-2	
291	293	-2	
242	245	-3	
105	169	-2	
144	208	-1	
203	206	4	
322	324	-4	
120	125	3	
354	358	-4	
101	109	-2	
297	361	-2	
193	197	-4	
72	76	-2	
386	390	1	
265	269	3	
185	249	3	
421	429	-1	
371	373	-1	
477	485	-2	
394	458	-3	
259	261	-4	
258	263	2	
179	180	3	
288	295	-1	
432	438	-2	
305	309	1	
313	318	-1	
266	330	2	
459	460	2	
363	427	-1	
96	103	-2	
202	205	2	
146	149	2	
82	146	1	
210	274	2	
209	273	-1	
276	284	-2	
242	306	2	
443	445	1	
43	107	-1	
80	85	4	
81	145	-2	
145	151	-1	
462	470	1	
174	182	1	
362	365	2	
71	79	2	
404	412	2	
384	448	-2	
150	158	2	
177	241	1	
135	143	-1	
278	286	1	
98	162	1	
96	160	-1	
498	503	-2	
219	223	1	
144	148	-1	
471	479	-1	
240	246	-2	
239	247	-1	
226	228	2	
9	14	-2	
430	438	1	
283	347	2	
289	353	-1	
332	340	1	
333	341	1	
19	21	-1	
334	342	-1	
335	343	1	
280	287	-1	
303	311	-1	
493	501	1	
106	170	1	
6	14	1	
341	349	-1	
97	101	-1	
474	478	1	
264	269	1	
476	484	1	
Energy:	-3748	
