NumberOfQubits	504	
NumberOfSubgraphs	672	
Serial	434	
PlantedSolution:	
0	1	
1	-1	
2	-1	
3	1	
4	-1	
5	1	
6	-1	
8	-1	
9	1	
10	-1	
11	1	
12	1	
13	1	
14	1	
15	-1	
16	1	
17	-1	
18	1	
19	-1	
20	1	
21	1	
22	1	
23	-1	
24	1	
25	1	
26	1	
27	-1	
28	1	
29	1	
30	-1	
31	1	
32	-1	
33	1	
34	-1	
35	-1	
36	1	
37	1	
38	-1	
39	1	
40	1	
41	-1	
42	-1	
43	1	
44	-1	
45	1	
46	-1	
47	1	
48	1	
49	-1	
50	1	
51	-1	
52	1	
53	-1	
54	1	
55	-1	
56	-1	
57	1	
58	-1	
59	1	
60	-1	
61	1	
62	-1	
63	1	
64	-1	
65	-1	
66	1	
67	1	
68	1	
69	1	
70	1	
71	1	
72	-1	
73	1	
74	1	
75	-1	
76	1	
77	1	
78	1	
79	-1	
80	1	
81	1	
82	-1	
83	1	
84	-1	
85	-1	
86	1	
87	-1	
88	1	
89	1	
90	-1	
91	-1	
92	-1	
93	1	
94	1	
95	-1	
96	1	
97	1	
98	1	
99	-1	
100	1	
101	1	
102	-1	
103	1	
104	1	
105	-1	
106	-1	
107	1	
108	1	
109	1	
110	-1	
111	-1	
112	-1	
113	-1	
114	1	
115	1	
116	1	
117	1	
118	1	
119	1	
120	1	
121	-1	
123	-1	
124	-1	
125	-1	
126	-1	
127	-1	
128	-1	
129	-1	
130	-1	
131	1	
132	1	
133	-1	
134	-1	
135	1	
136	-1	
137	1	
138	-1	
139	1	
141	1	
142	1	
143	1	
144	1	
145	1	
146	-1	
147	1	
148	-1	
149	-1	
150	-1	
151	1	
152	-1	
153	-1	
154	-1	
155	1	
156	1	
157	1	
158	-1	
159	-1	
160	-1	
161	-1	
162	1	
163	1	
164	-1	
165	-1	
166	1	
167	1	
168	1	
169	-1	
170	-1	
171	-1	
172	-1	
173	1	
174	-1	
175	1	
176	1	
177	-1	
178	-1	
179	1	
180	1	
181	1	
182	1	
183	-1	
184	1	
185	1	
186	-1	
187	1	
188	1	
189	-1	
190	-1	
191	-1	
192	-1	
193	-1	
194	1	
195	1	
196	1	
197	-1	
198	-1	
199	1	
200	1	
201	-1	
202	1	
203	-1	
204	-1	
205	1	
206	1	
207	1	
208	-1	
209	-1	
210	1	
211	1	
212	1	
213	1	
214	-1	
215	1	
216	1	
217	-1	
218	1	
219	1	
220	1	
221	-1	
222	-1	
223	1	
224	-1	
225	1	
226	-1	
227	1	
228	1	
229	1	
230	1	
231	1	
232	-1	
233	1	
234	-1	
235	1	
236	-1	
237	1	
238	-1	
239	1	
240	-1	
241	1	
242	-1	
243	-1	
244	-1	
245	1	
246	-1	
247	1	
248	1	
249	-1	
250	1	
251	1	
252	-1	
253	1	
254	1	
255	-1	
256	-1	
257	1	
258	-1	
259	-1	
260	-1	
261	-1	
262	-1	
263	-1	
264	-1	
265	1	
266	1	
267	-1	
268	-1	
269	1	
270	1	
271	-1	
272	-1	
273	1	
274	-1	
275	1	
276	-1	
277	1	
278	1	
279	-1	
280	1	
281	-1	
282	-1	
283	-1	
284	-1	
285	1	
286	1	
287	1	
288	1	
289	-1	
290	-1	
291	1	
292	1	
293	1	
294	1	
295	1	
296	1	
297	1	
298	1	
299	1	
300	1	
301	-1	
302	1	
303	1	
304	1	
305	-1	
306	-1	
307	-1	
308	1	
309	-1	
310	1	
311	1	
312	1	
313	-1	
314	-1	
315	1	
316	-1	
317	1	
318	-1	
319	1	
320	-1	
321	1	
322	1	
323	-1	
324	1	
325	1	
326	-1	
327	-1	
328	-1	
329	1	
330	1	
331	1	
332	1	
333	-1	
334	-1	
335	1	
336	1	
337	-1	
338	-1	
339	1	
340	1	
341	-1	
342	1	
343	1	
344	-1	
345	-1	
346	1	
347	1	
348	-1	
349	-1	
350	-1	
351	1	
352	1	
353	-1	
354	-1	
355	-1	
356	1	
357	1	
358	-1	
359	-1	
361	-1	
362	-1	
363	1	
364	-1	
365	1	
367	-1	
368	-1	
369	-1	
370	-1	
371	1	
372	-1	
373	1	
374	1	
375	-1	
376	-1	
377	-1	
378	1	
379	-1	
380	-1	
382	-1	
383	-1	
384	-1	
385	1	
386	1	
387	-1	
388	-1	
389	1	
390	-1	
391	-1	
392	1	
393	1	
394	-1	
396	1	
397	1	
398	-1	
399	1	
400	1	
401	1	
402	1	
403	-1	
404	1	
405	-1	
406	-1	
407	1	
408	1	
409	1	
410	-1	
411	1	
412	1	
413	-1	
414	-1	
415	-1	
416	-1	
417	-1	
418	-1	
419	-1	
420	-1	
421	1	
422	-1	
424	1	
425	-1	
426	-1	
427	1	
428	-1	
429	1	
430	-1	
431	-1	
432	1	
433	-1	
434	-1	
435	1	
436	1	
437	-1	
438	1	
439	-1	
440	-1	
441	-1	
442	-1	
443	-1	
444	-1	
445	1	
446	1	
447	-1	
448	-1	
449	1	
450	1	
451	1	
452	1	
453	-1	
454	1	
455	-1	
456	1	
457	-1	
458	1	
459	1	
460	-1	
461	1	
462	1	
463	-1	
464	-1	
465	1	
466	1	
467	1	
468	-1	
469	1	
470	-1	
471	-1	
472	-1	
473	-1	
474	-1	
475	-1	
476	-1	
477	1	
478	-1	
479	-1	
480	-1	
481	1	
482	-1	
483	1	
484	1	
485	1	
486	-1	
487	1	
488	-1	
489	-1	
490	-1	
491	-1	
492	-1	
493	1	
494	1	
495	1	
496	-1	
497	-1	
498	1	
499	-1	
500	-1	
501	-1	
502	1	
503	1	
504	1	
505	1	
506	1	
507	1	
508	-1	
509	-1	
510	-1	
511	1	
Js:	
504	508	1	
506	508	3	
506	510	6	
505	510	-3	
505	511	-5	
504	511	-5	
17	22	4	
18	22	-2	
18	82	2	
82	84	-3	
81	84	-5	
17	81	3	
432	436	-2	
434	436	5	
434	498	-3	
498	500	3	
496	500	-5	
432	496	2	
32	37	2	
35	37	4	
35	39	2	
34	39	4	
34	38	-3	
32	38	4	
105	108	-3	
108	116	-2	
115	116	-5	
115	118	-4	
110	118	3	
105	110	-4	
104	109	-3	
106	109	4	
106	170	2	
170	172	-3	
168	172	4	
104	168	-3	
233	236	-1	
236	244	-3	
241	244	5	
241	247	-3	
239	247	-4	
233	239	-5	
313	316	-4	
314	316	-5	
314	317	4	
312	317	-3	
312	318	6	
313	318	1	
376	383	-4	
378	383	5	
378	442	2	
442	447	-5	
440	447	-3	
376	440	-4	
96	101	-4	
97	101	-2	
97	103	-4	
98	103	-4	
98	102	-4	
96	102	4	
24	31	4	
27	31	4	
27	91	-3	
91	93	2	
88	93	-2	
24	88	-4	
160	167	5	
161	167	2	
161	225	-2	
225	229	-3	
224	229	3	
160	224	-3	
336	340	-6	
337	340	-1	
337	341	-3	
338	341	-5	
338	342	5	
336	342	-4	
40	44	2	
42	44	-5	
42	46	-4	
43	46	3	
43	47	-4	
40	47	-5	
74	79	3	
75	79	-4	
75	139	-3	
139	141	-2	
138	141	4	
74	138	3	
354	357	2	
355	357	3	
355	359	-2	
353	359	-2	
353	358	-7	
354	358	-4	
448	452	6	
449	452	-4	
449	453	4	
450	453	-3	
450	454	-4	
448	454	3	
211	213	-4	
213	221	2	
216	221	2	
216	222	3	
214	222	1	
211	214	4	
490	492	-5	
491	492	-3	
491	493	3	
489	493	-1	
489	495	5	
490	495	2	
137	142	-3	
142	150	3	
146	150	-4	
146	151	4	
143	151	-2	
137	143	-4	
121	127	-6	
123	127	4	
123	187	2	
187	188	-3	
185	188	-4	
121	185	2	
425	428	-5	
427	428	4	
427	430	2	
426	430	-2	
426	429	6	
425	429	3	
129	132	4	
131	132	-5	
131	135	-5	
130	135	5	
130	134	-3	
129	134	-4	
417	421	5	
419	421	4	
419	483	5	
483	487	2	
481	487	-2	
417	481	5	
283	285	1	
285	293	1	
289	293	6	
289	294	3	
286	294	-2	
283	286	5	
377	382	-3	
379	382	-4	
379	443	-4	
443	444	-5	
441	444	-3	
377	441	-2	
410	415	-4	
411	415	5	
411	475	3	
475	478	-4	
474	478	-3	
410	474	4	
67	68	-2	
68	76	5	
73	76	-4	
73	77	-3	
69	77	-3	
67	69	-3	
195	196	-4	
196	204	3	
201	204	-4	
201	206	4	
198	206	2	
195	198	2	
171	173	4	
173	181	-4	
178	181	1	
178	182	4	
174	182	2	
171	174	5	
297	301	3	
298	301	-1	
298	303	-4	
299	303	-2	
299	302	-2	
297	302	-5	
56	60	-4	
58	60	-4	
58	63	4	
57	63	4	
57	61	-4	
56	61	4	
10	12	4	
11	12	-2	
11	13	4	
9	13	-5	
9	14	-5	
10	14	4	
321	324	-2	
323	324	3	
323	326	-3	
320	326	-4	
320	327	4	
321	327	3	
346	348	4	
347	348	5	
347	351	-2	
345	351	4	
345	350	-4	
346	350	4	
16	23	5	
19	23	-2	
19	83	3	
83	86	-2	
80	86	-5	
16	80	4	
329	332	-3	
330	332	-4	
330	334	3	
331	334	5	
331	335	2	
329	335	-2	
257	261	3	
261	269	4	
266	269	4	
266	271	3	
263	271	-5	
257	263	2	
304	308	-4	
307	308	3	
307	309	1	
306	309	-5	
306	310	3	
304	310	-4	
408	412	3	
409	412	-4	
409	473	3	
473	476	-3	
472	476	-5	
408	472	2	
393	397	-4	
397	405	-2	
403	405	-2	
403	407	5	
399	407	-2	
393	399	-4	
464	468	-4	
467	468	4	
467	469	-2	
465	469	-3	
465	471	-4	
464	471	-5	
112	119	3	
113	119	3	
113	177	-3	
177	183	4	
176	183	1	
112	176	2	
152	156	2	
155	156	-4	
155	159	-3	
153	159	-4	
153	157	5	
152	157	4	
273	276	4	
275	276	1	
275	278	3	
274	278	3	
274	277	3	
273	277	-3	
49	52	4	
50	52	-5	
50	53	4	
51	53	-6	
51	54	-3	
49	54	4	
280	284	4	
284	292	3	
290	292	4	
290	295	4	
287	295	-2	
280	287	-4	
249	253	3	
250	253	-4	
250	254	-4	
251	254	-3	
251	255	-4	
249	255	-5	
456	460	4	
458	460	6	
458	461	-5	
459	461	-4	
459	462	-6	
456	462	2	
368	372	-6	
371	372	-3	
371	374	-2	
370	374	5	
370	375	-2	
368	375	-4	
394	396	2	
396	404	2	
402	404	-5	
402	406	4	
398	406	-2	
394	398	-7	
200	207	-5	
203	207	2	
203	267	-1	
267	268	-4	
264	268	2	
200	264	2	
362	364	-6	
363	364	6	
363	367	2	
361	367	-6	
361	365	4	
362	365	-2	
0	6	6	
2	6	-4	
2	66	4	
66	71	-5	
64	71	-1	
0	64	3	
384	389	2	
385	389	-3	
385	391	-4	
386	391	3	
386	390	4	
384	390	-5	
210	212	-4	
212	220	-1	
218	220	1	
218	223	-4	
215	223	-2	
210	215	-5	
232	237	2	
237	245	-1	
240	245	-4	
240	246	-5	
238	246	-2	
232	238	-4	
433	439	-3	
435	439	3	
435	499	2	
499	501	-6	
497	501	-2	
433	497	1	
162	165	4	
163	165	5	
163	227	4	
227	228	-4	
226	228	3	
162	226	5	
416	420	-5	
418	420	-3	
418	482	-5	
482	486	5	
480	486	-3	
416	480	-3	
25	28	-2	
26	28	-3	
26	90	-3	
90	94	2	
89	94	-3	
25	89	-4	
192	197	-4	
194	197	4	
194	258	3	
258	260	-4	
256	260	2	
192	256	-2	
184	189	5	
186	189	-5	
186	191	3	
185	191	4	
185	190	3	
184	190	4	
144	149	4	
145	149	5	
145	209	3	
209	213	5	
208	213	3	
144	208	-1	
114	117	-4	
117	125	5	
120	125	5	
120	126	4	
118	126	3	
114	118	3	
1	5	6	
3	5	-6	
3	67	3	
67	70	-2	
65	70	4	
1	65	-4	
288	292	2	
291	292	-6	
291	355	3	
355	356	4	
352	356	-5	
288	352	-4	
322	324	-5	
324	332	-2	
328	332	-1	
328	333	-5	
325	333	3	
322	325	-5	
457	462	3	
462	470	2	
466	470	4	
466	471	2	
463	471	2	
457	463	-4	
432	437	4	
437	445	4	
442	445	2	
442	446	4	
438	446	-5	
432	438	2	
339	341	2	
341	349	3	
344	349	-4	
344	351	3	
343	351	-2	
339	343	-6	
259	260	-3	
260	268	-4	
265	268	4	
265	270	-3	
262	270	3	
259	262	-3	
193	197	-3	
197	205	-2	
202	205	-5	
202	207	-2	
199	207	-3	
193	199	3	
90	92	-4	
92	100	3	
99	100	7	
99	103	-1	
95	103	1	
90	95	-5	
248	252	4	
251	252	3	
251	315	-4	
315	319	-3	
312	319	3	
248	312	-2	
488	494	3	
494	502	-1	
498	502	-4	
498	503	-3	
495	503	2	
488	495	3	
154	156	3	
156	164	4	
161	164	-4	
161	166	4	
158	166	6	
154	158	4	
8	15	-5	
11	15	6	
11	75	3	
75	78	3	
72	78	3	
8	72	2	
296	300	-3	
300	308	-2	
305	308	3	
305	311	-3	
303	311	-1	
296	303	-3	
386	388	3	
387	388	-6	
387	451	2	
451	455	4	
450	455	4	
386	450	-2	
178	180	3	
179	180	-2	
179	243	4	
243	244	3	
242	244	-3	
178	242	-2	
41	45	5	
43	45	-3	
43	107	-4	
107	111	5	
105	111	-2	
41	105	-4	
48	54	2	
54	62	3	
59	62	4	
59	63	-4	
55	63	3	
48	55	3	
474	477	-2	
477	485	-3	
482	485	1	
482	487	4	
479	487	2	
474	479	-4	
219	222	6	
222	230	2	
225	230	-4	
225	231	-4	
223	231	-4	
219	223	1	
17	21	4	
21	29	-4	
25	29	-4	
25	30	5	
22	30	3	
401	405	4	
405	413	-4	
408	413	-1	
408	414	5	
406	414	-4	
401	406	3	
217	221	-5	
218	221	-3	
218	282	1	
282	285	4	
281	285	6	
217	281	-2	
128	133	-6	
133	141	2	
136	141	4	
136	142	-6	
134	142	2	
128	134	-5	
169	175	4	
170	175	3	
170	234	-4	
234	237	4	
233	237	2	
169	233	3	
80	85	-2	
83	85	3	
83	147	-2	
147	148	3	
144	148	6	
80	144	-3	
272	276	-3	
273	278	-3	
274	279	-4	
272	279	-3	
426	431	-4	
424	431	-4	
424	430	5	
425	430	-4	
417	422	-2	
419	422	-4	
483	484	2	
481	484	-4	
32	36	4	
35	36	4	
35	38	-3	
33	38	4	
33	39	3	
32	39	4	
504	509	5	
506	509	4	
507	510	4	
507	511	3	
369	373	-4	
371	373	-5	
371	435	-3	
435	436	-4	
433	436	3	
369	433	-3	
392	396	-3	
400	404	-4	
400	407	-2	
392	399	-2	
82	85	-4	
85	93	3	
89	93	-4	
89	95	3	
87	95	4	
82	87	-4	
1	4	-4	
2	4	-5	
65	71	3	
372	380	-3	
378	380	3	
375	383	2	
235	238	2	
235	299	-2	
299	301	5	
296	301	-3	
232	296	3	
120	124	6	
123	124	-3	
121	125	-3	
19	20	3	
20	28	-4	
24	28	-4	
24	29	-2	
19	21	-3	
8	12	3	
12	20	-1	
18	20	4	
18	23	3	
15	23	-1	
160	166	3	
159	167	3	
154	159	-3	
460	468	2	
461	469	-2	
321	325	-2	
329	333	3	
329	334	4	
326	334	1	
321	326	4	
451	452	2	
449	455	4	
448	453	-4	
256	261	3	
267	269	2	
267	271	-4	
256	263	-2	
176	180	-5	
180	188	-2	
186	188	3	
186	190	-3	
182	190	-3	
176	182	-4	
427	431	3	
427	491	6	
491	494	3	
424	488	5	
104	108	-2	
107	108	-3	
107	109	2	
106	110	-3	
104	110	2	
112	116	-1	
113	116	4	
113	117	3	
114	119	-2	
98	100	-3	
99	102	-4	
98	101	-3	
345	348	-3	
347	350	3	
347	349	4	
345	349	2	
434	437	-2	
441	445	4	
441	446	2	
434	438	3	
130	133	1	
130	194	2	
194	199	-3	
192	199	3	
128	192	-1	
290	293	4	
288	295	-3	
288	294	-5	
304	309	4	
309	317	2	
315	317	-3	
315	318	-4	
310	318	4	
361	364	-3	
363	365	-5	
362	367	-4	
42	45	2	
40	46	4	
41	47	-2	
496	501	-3	
499	503	3	
497	503	6	
497	502	4	
496	502	-3	
250	252	3	
250	255	3	
248	253	-3	
74	76	-3	
74	77	-2	
72	77	4	
72	79	2	
73	79	3	
147	149	4	
147	211	-1	
211	212	4	
209	212	2	
410	412	3	
411	412	2	
411	413	3	
409	413	4	
409	415	1	
384	388	-2	
387	389	4	
384	391	-4	
242	245	3	
243	245	3	
243	246	-2	
241	246	-3	
242	247	4	
480	484	4	
484	492	4	
490	493	5	
485	493	-3	
480	485	3	
169	173	3	
177	181	6	
175	183	3	
58	61	4	
57	62	3	
56	62	-4	
202	204	3	
203	205	4	
203	206	5	
50	55	2	
48	53	2	
49	53	1	
162	164	3	
163	164	2	
227	231	-3	
226	231	3	
88	94	-4	
91	94	4	
91	155	2	
155	157	3	
88	152	3	
216	220	4	
219	220	-2	
219	283	2	
283	287	2	
216	280	-3	
338	340	2	
339	340	-3	
337	343	6	
337	342	-2	
352	357	4	
353	357	3	
354	359	-6	
352	359	2	
376	380	-2	
379	380	-3	
440	444	2	
306	311	2	
306	370	-2	
369	374	2	
305	369	-2	
475	476	2	
475	479	-3	
473	479	-3	
473	478	-4	
472	478	-2	
0	5	-3	
5	13	-2	
6	14	-3	
392	397	-4	
393	457	4	
456	463	3	
392	456	3	
129	135	3	
131	195	-1	
193	196	3	
129	193	2	
258	262	-2	
259	323	-3	
323	327	-3	
322	327	4	
258	322	-1	
264	270	3	
266	270	-3	
266	330	-3	
330	335	-3	
328	335	-6	
264	328	-4	
208	215	-1	
210	274	1	
208	272	-2	
136	143	2	
224	228	3	
228	236	2	
235	236	6	
230	238	3	
224	230	4	
419	420	-3	
416	422	-3	
416	421	-3	
418	421	3	
234	239	3	
234	298	-1	
298	302	-5	
233	297	-2	
314	378	3	
378	382	3	
313	377	-3	
402	466	3	
465	470	4	
401	465	-4	
64	68	4	
75	76	2	
70	78	-3	
64	70	4	
500	508	-3	
507	508	4	
507	509	4	
501	509	1	
84	92	-1	
86	94	-2	
81	86	-3	
34	36	3	
34	37	5	
33	37	-4	
282	284	-4	
283	284	-3	
281	286	3	
281	287	3	
282	287	-2	
169	172	-3	
171	175	3	
168	174	3	
184	188	-2	
187	191	4	
185	189	-2	
16	22	-5	
26	30	5	
26	31	-3	
23	31	3	
339	342	2	
339	403	1	
400	405	2	
336	400	-2	
390	398	4	
394	399	3	
391	399	3	
208	214	-5	
211	275	1	
275	277	-4	
272	277	3	
3	4	4	
4	12	3	
10	13	2	
116	124	4	
200	205	-3	
201	205	2	
201	265	-1	
265	269	-2	
264	269	4	
307	310	2	
311	319	-3	
307	311	5	
80	87	2	
82	146	2	
146	148	-3	
453	461	3	
454	462	3	
153	217	-2	
152	216	2	
51	52	2	
52	60	2	
59	60	3	
101	109	-4	
103	111	3	
443	445	2	
443	447	-3	
439	447	3	
432	439	3	
64	69	-3	
66	69	-3	
66	130	2	
130	132	3	
128	132	4	
64	128	-1	
256	262	-5	
257	262	3	
257	321	-4	
256	320	-2	
489	494	5	
425	489	1	
73	78	1	
74	78	-3	
137	141	-3	
73	137	-4	
344	350	-2	
347	411	1	
411	414	2	
344	408	2	
464	469	2	
469	477	-3	
475	477	4	
471	479	2	
291	294	2	
246	254	3	
247	255	2	
240	247	-2	
227	229	-4	
226	229	2	
27	28	3	
27	29	4	
195	197	3	
192	198	-5	
193	198	-4	
365	373	-2	
368	373	-1	
367	375	-2	
176	240	3	
331	333	2	
418	422	-4	
481	486	2	
41	44	-3	
42	47	2	
41	46	2	
441	447	-2	
441	505	-3	
440	504	3	
232	236	2	
299	300	-4	
138	143	-3	
139	143	-7	
139	203	4	
202	206	-4	
138	202	4	
115	117	-1	
119	127	-2	
115	119	-4	
217	220	4	
220	228	-2	
225	228	-2	
217	223	-3	
489	492	-2	
487	495	-3	
480	487	-3	
184	191	3	
183	191	-2	
178	183	-4	
91	95	-2	
83	87	2	
280	286	-2	
53	61	-2	
51	55	-4	
153	158	-3	
410	413	-4	
474	476	-3	
393	396	-4	
385	388	-2	
386	389	-3	
387	390	-1	
385	390	2	
249	254	3	
313	317	4	
249	313	-2	
338	402	-1	
67	71	-4	
67	131	-2	
131	133	3	
129	133	-4	
65	129	1	
100	108	-1	
106	108	3	
102	110	-2	
292	300	-2	
298	300	-3	
295	303	-3	
291	295	3	
320	324	2	
322	326	2	
323	325	3	
320	325	-3	
258	263	-3	
497	500	-3	
499	502	-3	
346	349	2	
401	407	-5	
403	467	4	
467	470	3	
450	452	-3	
451	454	-4	
449	454	-2	
242	306	3	
305	309	-3	
241	305	2	
155	219	-3	
218	222	4	
154	218	3	
426	490	2	
488	493	3	
290	354	1	
289	353	-2	
170	174	-1	
168	173	-1	
377	380	5	
376	382	-3	
377	383	-3	
505	508	3	
200	204	3	
204	212	1	
209	215	3	
207	215	1	
472	477	-3	
483	485	-5	
483	486	2	
478	486	-2	
420	428	-3	
426	428	-2	
421	429	-1	
275	339	-4	
273	337	4	
17	20	3	
16	21	-1	
83	84	4	
81	145	-1	
8	14	4	
9	73	-1	
91	92	-3	
88	92	4	
308	316	3	
314	319	-3	
434	439	-2	
298	362	-2	
297	361	1	
229	237	2	
234	238	-2	
50	114	-3	
112	118	4	
48	112	4	
466	468	3	
466	469	-4	
43	44	-2	
104	111	3	
40	104	-3	
97	102	3	
99	163	-1	
161	165	-2	
97	161	2	
270	278	2	
272	278	3	
271	279	-1	
59	123	3	
123	126	-5	
56	120	-1	
195	199	4	
195	259	2	
259	261	-3	
193	257	1	
115	179	1	
179	181	-3	
186	250	2	
184	248	2	
330	394	1	
392	398	3	
328	392	1	
10	15	4	
10	74	2	
370	372	-2	
370	373	4	
368	374	4	
208	212	4	
210	213	2	
145	148	2	
145	151	4	
147	151	-4	
147	150	2	
144	150	3	
65	68	2	
66	68	-3	
354	356	2	
408	415	3	
409	414	3	
96	103	3	
160	164	-2	
96	160	2	
267	331	3	
265	329	-4	
464	470	-2	
459	463	4	
194	198	3	
232	239	2	
121	124	1	
42	106	-3	
274	276	-3	
274	338	-2	
49	55	-3	
427	429	-3	
429	437	-1	
431	439	-2	
389	397	-4	
394	397	2	
301	309	1	
244	252	-2	
249	252	-4	
443	446	-1	
440	446	2	
440	445	4	
3	6	3	
99	101	-2	
93	101	-1	
90	93	4	
251	253	-3	
504	510	-2	
505	509	2	
33	36	3	
473	477	-3	
226	230	2	
227	230	1	
243	307	-1	
240	304	2	
400	406	-1	
403	406	-2	
400	464	3	
280	285	1	
281	345	-2	
344	348	-1	
280	344	2	
451	453	2	
488	492	2	
490	494	2	
374	382	3	
499	500	-2	
498	501	3	
112	117	2	
114	178	2	
216	223	-2	
422	430	-2	
72	76	3	
76	84	1	
78	86	-3	
482	484	-1	
388	396	3	
387	391	2	
404	412	-3	
402	405	-2	
350	358	2	
351	359	2	
346	351	-3	
331	332	-4	
332	340	2	
336	341	2	
333	341	-3	
105	169	1	
169	174	-2	
277	285	-3	
279	287	3	
275	279	3	
27	30	2	
435	437	2	
433	437	-3	
433	438	3	
48	52	-3	
49	113	-2	
9	12	-3	
312	316	3	
313	319	4	
153	156	-1	
162	166	-2	
288	293	2	
289	295	3	
290	294	2	
476	484	1	
472	479	-4	
146	210	1	
210	214	3	
209	214	-3	
234	236	-2	
235	237	-3	
179	182	-2	
187	190	3	
179	183	2	
379	383	-2	
442	444	2	
71	79	3	
36	44	2	
39	47	-2	
452	460	-1	
56	63	3	
18	21	-3	
81	85	3	
348	356	1	
349	357	1	
402	407	-1	
503	511	-1	
257	260	3	
141	149	-1	
146	149	-2	
138	142	2	
98	162	-1	
160	165	-1	
457	460	-3	
45	53	3	
50	54	-2	
46	54	2	
369	375	-3	
272	336	-2	
297	300	2	
296	302	-2	
297	303	-3	
201	207	3	
231	239	1	
224	231	3	
75	77	3	
412	420	1	
414	422	-1	
148	156	2	
149	157	2	
245	253	-3	
455	463	-3	
19	22	3	
80	84	2	
165	173	1	
170	173	-3	
167	175	-1	
163	167	-4	
105	109	2	
109	117	1	
111	119	2	
307	371	2	
403	404	2	
436	444	2	
486	494	2	
328	334	-1	
357	365	-3	
359	367	2	
37	45	1	
40	45	-2	
192	196	-3	
194	196	-3	
266	268	-1	
177	180	1	
181	189	1	
131	134	-2	
128	135	1	
97	100	-3	
258	261	-3	
164	172	-1	
171	172	-2	
166	174	1	
227	291	-2	
225	289	1	
315	316	1	
305	310	3	
136	200	2	
82	86	1	
79	87	1	
211	215	-2	
107	110	-2	
150	158	-3	
151	159	1	
355	358	2	
355	419	-2	
353	417	-3	
385	449	-2	
384	448	-2	
370	434	1	
368	432	1	
276	284	-2	
282	286	2	
278	286	2	
25	31	-1	
89	92	1	
38	46	-1	
293	301	3	
114	116	-2	
0	4	-2	
219	221	2	
187	189	3	
248	254	-3	
299	363	-1	
369	372	-2	
57	60	3	
58	62	-4	
340	348	2	
458	462	-2	
456	461	2	
137	201	2	
66	70	1	
26	29	-2	
273	279	-2	
162	167	1	
121	126	-2	
120	127	2	
330	333	2	
172	180	3	
152	158	1	
243	247	1	
342	350	1	
259	263	-2	
493	501	1	
468	476	-2	
304	311	-2	
81	87	3	
425	431	3	
72	136	-2	
51	115	-1	
289	292	1	
233	238	3	
168	232	3	
221	229	2	
265	271	-2	
327	335	2	
152	159	-2	
187	251	-1	
185	249	-1	
334	342	2	
353	356	-1	
356	364	3	
435	438	-2	
203	204	2	
315	379	-1	
77	85	1	
171	235	2	
157	165	-1	
354	418	1	
352	416	2	
8	13	2	
9	15	2	
113	118	1	
177	241	1	
106	111	-1	
30	38	-1	
31	39	-1	
47	55	-1	
282	346	-3	
470	478	-1	
306	308	-1	
17	23	-2	
458	463	2	
65	69	2	
241	245	-2	
59	61	2	
57	121	2	
35	99	1	
34	98	1	
481	485	1	
362	426	-2	
361	425	-2	
267	270	2	
467	471	1	
33	97	-2	
32	96	2	
168	175	-2	
144	151	1	
294	302	-2	
506	511	-2	
200	206	-1	
338	343	1	
335	343	-1	
424	428	-2	
242	246	-1	
264	271	-1	
312	376	-1	
154	157	1	
496	503	1	
283	347	1	
235	239	1	
177	182	-1	
16	20	-1	
88	95	-1	
248	255	2	
371	375	1	
321	385	-1	
320	384	-1	
345	409	1	
145	150	-1	
268	276	-1	
1	6	-2	
502	510	-1	
465	468	1	
394	458	-1	
89	153	-1	
430	438	1	
407	415	-1	
13	21	-1	
14	22	1	
323	387	-1	
322	386	1	
176	181	1	
442	506	1	
352	358	-1	
417	420	-1	
123	125	1	
96	100	-1	
410	414	1	
443	507	-1	
155	158	-1	
491	495	1	
448	455	-1	
11	14	-1	
2	5	-1	
314	318	-1	
226	290	1	
94	102	-1	
Energy:	-2932	
