NumberOfQubits	504	
NumberOfSubgraphs	756	
Serial	133	
PlantedSolution:	
0	1	
1	1	
2	1	
3	-1	
4	-1	
5	-1	
6	-1	
8	-1	
9	-1	
10	1	
11	-1	
12	1	
13	1	
14	1	
15	-1	
16	-1	
17	-1	
18	-1	
19	-1	
20	-1	
21	1	
22	1	
23	1	
24	-1	
25	-1	
26	1	
27	1	
28	-1	
29	-1	
30	-1	
31	1	
32	1	
33	1	
34	-1	
35	-1	
36	-1	
37	-1	
38	1	
39	-1	
40	-1	
41	1	
42	-1	
43	-1	
44	-1	
45	-1	
46	1	
47	-1	
48	-1	
49	-1	
50	-1	
51	-1	
52	1	
53	-1	
54	-1	
55	-1	
56	-1	
57	1	
58	1	
59	-1	
60	1	
61	-1	
62	-1	
63	-1	
64	-1	
65	1	
66	1	
67	-1	
68	1	
69	1	
70	1	
71	1	
72	-1	
73	1	
74	-1	
75	1	
76	-1	
77	-1	
78	-1	
79	-1	
80	1	
81	-1	
82	1	
83	1	
84	-1	
85	-1	
86	-1	
87	1	
88	1	
89	1	
90	-1	
91	-1	
92	1	
93	1	
94	1	
95	-1	
96	-1	
97	-1	
98	-1	
99	-1	
100	-1	
101	1	
102	-1	
103	1	
104	1	
105	1	
106	-1	
107	-1	
108	-1	
109	-1	
110	-1	
111	-1	
112	1	
113	1	
114	-1	
115	-1	
116	-1	
117	1	
118	1	
119	-1	
120	-1	
121	1	
123	1	
124	-1	
125	-1	
126	1	
127	-1	
128	1	
129	1	
130	1	
131	-1	
132	1	
133	-1	
134	1	
135	1	
136	-1	
137	1	
138	-1	
139	-1	
141	-1	
142	-1	
143	1	
144	1	
145	-1	
146	-1	
147	-1	
148	1	
149	-1	
150	-1	
151	1	
152	-1	
153	1	
154	-1	
155	1	
156	1	
157	1	
158	1	
159	1	
160	1	
161	1	
162	1	
163	-1	
164	1	
165	-1	
166	1	
167	-1	
168	1	
169	-1	
170	1	
171	1	
172	-1	
173	-1	
174	1	
175	1	
176	-1	
177	-1	
178	-1	
179	-1	
180	-1	
181	-1	
182	-1	
183	1	
184	-1	
185	1	
186	1	
187	1	
188	1	
189	-1	
190	-1	
191	-1	
192	1	
193	1	
194	-1	
195	-1	
196	1	
197	-1	
198	-1	
199	-1	
200	-1	
201	-1	
202	-1	
203	-1	
204	-1	
205	1	
206	-1	
207	-1	
208	1	
209	-1	
210	-1	
211	1	
212	-1	
213	-1	
214	1	
215	1	
216	1	
217	-1	
218	-1	
219	-1	
220	1	
221	-1	
222	1	
223	1	
224	1	
225	1	
226	1	
227	1	
228	1	
229	-1	
230	1	
231	1	
232	-1	
233	-1	
234	1	
235	1	
236	1	
237	1	
238	-1	
239	-1	
240	-1	
241	-1	
242	-1	
243	1	
244	-1	
245	-1	
246	1	
247	1	
248	1	
249	-1	
250	-1	
251	-1	
252	-1	
253	1	
254	1	
255	-1	
256	-1	
257	-1	
258	-1	
259	-1	
260	-1	
261	1	
262	1	
263	1	
264	1	
265	-1	
266	-1	
267	-1	
268	1	
269	1	
270	1	
271	-1	
272	1	
273	-1	
274	-1	
275	-1	
276	1	
277	-1	
278	-1	
279	-1	
280	-1	
281	1	
282	1	
283	-1	
284	-1	
285	-1	
286	-1	
287	-1	
288	1	
289	-1	
290	-1	
291	-1	
292	1	
293	1	
294	-1	
295	-1	
296	-1	
297	1	
298	-1	
299	1	
300	1	
301	1	
302	1	
303	-1	
304	1	
305	-1	
306	-1	
307	1	
308	-1	
309	1	
310	1	
311	-1	
312	-1	
313	1	
314	-1	
315	1	
316	-1	
317	1	
318	-1	
319	1	
320	-1	
321	-1	
322	1	
323	-1	
324	1	
325	-1	
326	-1	
327	-1	
328	-1	
329	-1	
330	1	
331	-1	
332	1	
333	-1	
334	-1	
335	1	
336	1	
337	1	
338	-1	
339	-1	
340	1	
341	1	
342	-1	
343	-1	
344	1	
345	1	
346	1	
347	-1	
348	-1	
349	-1	
350	1	
351	1	
352	1	
353	-1	
354	-1	
355	-1	
356	1	
357	-1	
358	-1	
359	1	
361	1	
362	1	
363	-1	
364	-1	
365	1	
367	1	
368	-1	
369	1	
370	-1	
371	-1	
372	-1	
373	-1	
374	-1	
375	1	
376	1	
377	1	
378	-1	
379	-1	
380	1	
382	1	
383	-1	
384	-1	
385	1	
386	-1	
387	1	
388	1	
389	-1	
390	1	
391	-1	
392	-1	
393	-1	
394	-1	
396	-1	
397	-1	
398	1	
399	1	
400	-1	
401	-1	
402	1	
403	-1	
404	-1	
405	1	
406	1	
407	-1	
408	1	
409	-1	
410	1	
411	1	
412	-1	
413	-1	
414	1	
415	1	
416	-1	
417	-1	
418	-1	
419	1	
420	-1	
421	1	
422	1	
424	-1	
425	-1	
426	-1	
427	-1	
428	1	
429	-1	
430	-1	
431	-1	
432	-1	
433	1	
434	1	
435	1	
436	1	
437	1	
438	-1	
439	1	
440	1	
441	1	
442	-1	
443	1	
444	1	
445	1	
446	1	
447	-1	
448	1	
449	-1	
450	1	
451	-1	
452	1	
453	1	
454	1	
455	-1	
456	1	
457	1	
458	-1	
459	-1	
460	-1	
461	1	
462	-1	
463	-1	
464	-1	
465	-1	
466	1	
467	-1	
468	1	
469	-1	
470	1	
471	1	
472	1	
473	-1	
474	1	
475	-1	
476	-1	
477	-1	
478	1	
479	1	
480	-1	
481	1	
482	-1	
483	-1	
484	1	
485	1	
486	-1	
487	1	
488	1	
489	1	
490	-1	
491	1	
492	1	
493	-1	
494	1	
495	1	
496	1	
497	-1	
498	-1	
499	1	
500	-1	
501	1	
502	1	
503	-1	
504	-1	
505	1	
506	-1	
507	1	
508	1	
509	1	
510	-1	
511	1	
Js:	
298	300	3	
299	300	-5	
299	302	-3	
296	302	6	
296	301	5	
298	301	3	
120	124	-4	
121	124	-4	
121	127	5	
123	127	5	
123	125	3	
120	125	-4	
185	189	3	
186	189	2	
186	250	3	
250	253	-6	
249	253	4	
185	249	3	
321	325	-5	
322	325	4	
322	386	3	
386	391	-2	
385	391	4	
321	385	3	
58	60	-4	
59	60	2	
59	61	-4	
57	61	3	
57	63	4	
58	63	5	
24	28	-3	
26	28	4	
26	31	-5	
25	31	2	
25	29	3	
24	29	-6	
49	54	-2	
51	54	-7	
51	115	5	
115	117	3	
113	117	-3	
49	113	4	
128	132	-5	
131	132	4	
131	133	-6	
129	133	-2	
129	135	-5	
128	135	-5	
433	436	-4	
434	436	-6	
434	439	-2	
432	439	4	
432	437	4	
433	437	5	
441	444	-4	
442	444	-4	
442	506	-3	
506	509	6	
505	509	-2	
441	505	-3	
217	222	-4	
222	230	-1	
227	230	-5	
227	231	-3	
223	231	-4	
217	223	3	
64	68	4	
65	68	-2	
65	71	-6	
66	71	-5	
66	70	2	
64	70	4	
272	276	-1	
275	276	5	
275	339	-3	
339	343	-3	
336	343	6	
272	336	3	
346	348	2	
348	356	4	
353	356	5	
353	357	3	
349	357	-3	
346	349	4	
408	412	5	
411	412	5	
411	414	-4	
410	414	-5	
410	415	-5	
408	415	-6	
17	21	4	
18	21	5	
18	23	5	
19	23	4	
19	22	-1	
17	22	3	
280	284	-4	
284	292	-4	
289	292	5	
289	293	1	
285	293	1	
280	285	-2	
458	461	3	
461	469	2	
464	469	-6	
464	471	-3	
463	471	2	
458	463	-5	
313	316	2	
315	316	7	
315	317	-3	
314	317	-3	
314	318	-5	
313	318	5	
362	364	4	
364	372	-5	
369	372	2	
369	373	5	
365	373	4	
362	365	7	
41	45	5	
42	45	-6	
42	46	5	
40	46	4	
40	47	-5	
41	47	-2	
201	206	-5	
202	206	-6	
202	266	-2	
266	268	5	
265	268	-5	
201	265	-2	
81	85	-3	
85	93	2	
88	93	-5	
88	95	4	
87	95	-2	
81	87	4	
169	172	-4	
172	180	-3	
178	180	-4	
178	183	-3	
175	183	-3	
169	175	4	
376	380	-7	
377	380	-6	
377	383	4	
378	383	-6	
378	382	4	
376	382	4	
498	500	-4	
499	500	4	
499	502	-5	
497	502	5	
497	503	-5	
498	503	3	
416	421	4	
418	421	3	
418	482	-4	
482	487	4	
480	487	5	
416	480	-4	
211	212	5	
212	220	4	
219	220	1	
219	221	-5	
213	221	-2	
211	213	-6	
97	100	-5	
98	100	-5	
98	162	-1	
162	167	4	
161	167	3	
97	161	2	
472	477	4	
474	477	4	
474	478	-6	
475	478	-4	
475	479	6	
472	479	-5	
2	5	5	
5	13	3	
9	13	4	
9	14	6	
6	14	-1	
2	6	6	
234	236	-4	
236	244	-3	
242	244	-4	
242	247	5	
239	247	2	
234	239	2	
240	246	4	
241	246	3	
241	305	-3	
305	310	4	
304	310	-3	
240	304	-2	
152	156	3	
155	156	-4	
155	157	-5	
153	157	-4	
153	158	-3	
152	158	5	
138	141	-4	
141	149	-1	
144	149	4	
144	150	3	
142	150	1	
138	142	-4	
384	388	5	
388	396	3	
393	396	-5	
393	397	-3	
389	397	3	
384	389	-4	
33	36	4	
34	36	-4	
34	37	-4	
35	37	3	
35	38	5	
33	38	-3	
449	452	2	
450	452	8	
450	453	-3	
448	453	-3	
448	454	-4	
449	454	6	
192	197	5	
194	197	-4	
194	258	-3	
258	260	-4	
256	260	-5	
192	256	-2	
96	102	-4	
99	102	4	
99	163	-2	
163	166	6	
160	166	-3	
96	160	1	
401	404	-5	
402	404	4	
402	407	5	
400	407	-5	
400	406	7	
401	406	-2	
105	109	3	
107	109	-4	
107	110	-4	
106	110	-6	
106	111	5	
105	111	4	
8	12	4	
11	12	5	
11	75	2	
75	77	5	
72	77	-3	
8	72	-3	
329	332	-2	
330	332	-3	
330	335	-3	
328	335	4	
328	333	-5	
329	333	-4	
424	428	6	
426	428	5	
426	490	-4	
490	492	2	
488	492	-3	
424	488	5	
193	196	-3	
196	204	-5	
200	204	-4	
200	207	-3	
199	207	-4	
193	199	2	
209	215	3	
210	215	6	
210	274	-4	
274	279	-3	
273	279	6	
209	273	-2	
440	445	-5	
443	445	-4	
443	507	-3	
507	510	5	
504	510	4	
440	504	3	
184	190	-2	
187	190	-4	
187	251	3	
251	252	-5	
248	252	3	
184	248	3	
283	286	-5	
286	294	-2	
288	294	-3	
288	295	4	
287	295	-3	
283	287	-4	
347	350	5	
350	358	2	
355	358	-4	
355	359	3	
351	359	3	
347	351	6	
48	53	-4	
50	53	6	
50	114	-2	
114	118	3	
112	118	-3	
48	112	3	
417	422	4	
419	422	-4	
419	483	3	
483	485	5	
481	485	4	
417	481	3	
82	84	6	
84	92	1	
90	92	4	
90	94	5	
86	94	-1	
82	86	6	
459	460	-6	
460	468	3	
466	468	-3	
466	470	-4	
462	470	-1	
459	462	-4	
259	261	-5	
261	269	-3	
267	269	2	
267	270	3	
262	270	-4	
259	262	4	
361	367	-7	
363	367	4	
363	427	3	
427	429	-2	
425	429	-4	
361	425	3	
168	173	4	
173	181	-1	
179	181	-3	
179	182	-4	
174	182	-1	
168	174	-6	
306	311	-3	
307	311	-2	
307	371	4	
371	375	4	
370	375	2	
306	370	-3	
146	148	4	
148	156	3	
154	156	4	
154	159	5	
151	159	-3	
146	151	5	
233	237	2	
235	237	-6	
235	239	4	
232	239	-3	
232	238	4	
233	238	-4	
489	493	2	
491	493	5	
491	494	-3	
490	494	4	
490	495	3	
489	495	-4	
224	228	-1	
226	228	-4	
226	229	-5	
225	229	5	
225	231	-2	
224	231	-4	
331	332	-4	
332	340	-2	
338	340	4	
338	342	-5	
334	342	-4	
331	334	-2	
72	76	-4	
73	76	-1	
73	79	4	
74	79	-7	
74	78	-2	
72	78	-5	
322	324	-2	
323	324	4	
323	326	-6	
320	326	2	
320	327	-5	
322	327	4	
1	4	4	
3	4	-4	
3	67	-5	
67	69	3	
65	69	-2	
1	65	4	
136	143	4	
139	143	5	
139	203	-4	
203	205	2	
200	205	5	
136	200	-4	
387	390	-5	
390	398	-4	
394	398	2	
394	399	4	
391	399	4	
387	391	4	
344	350	3	
345	350	-3	
345	409	2	
409	413	-5	
408	413	3	
344	408	-2	
104	108	2	
108	116	-2	
113	116	-4	
113	119	4	
111	119	-2	
104	111	3	
193	198	6	
195	198	-6	
195	259	-2	
259	263	2	
257	263	5	
193	257	-3	
16	20	-5	
19	20	-4	
19	83	4	
83	87	-6	
80	87	-3	
16	80	4	
43	44	-3	
44	52	-1	
48	52	3	
48	55	-3	
47	55	-1	
43	47	-6	
426	430	-3	
430	438	-2	
435	438	4	
435	439	-4	
431	439	4	
426	431	-3	
473	476	-4	
476	484	2	
483	484	4	
483	486	4	
478	486	2	
473	478	4	
401	405	-3	
403	405	6	
403	467	-3	
467	471	5	
465	471	6	
401	465	-3	
27	30	4	
30	38	-1	
32	38	-4	
32	39	4	
31	39	3	
27	31	-4	
243	245	4	
245	253	2	
248	253	-5	
248	254	3	
246	254	-4	
243	246	-4	
272	278	4	
273	278	-2	
273	337	2	
337	341	-7	
336	341	-1	
290	293	5	
293	301	-3	
297	301	-3	
297	303	3	
295	303	2	
290	295	-2	
208	214	-5	
214	222	-3	
218	222	2	
218	223	-3	
215	223	-3	
208	215	-3	
176	180	-3	
180	188	-2	
184	188	4	
184	191	-5	
183	191	3	
176	183	2	
306	309	4	
309	317	-3	
312	317	5	
312	319	4	
311	319	3	
89	93	-4	
93	101	2	
98	101	4	
98	103	4	
95	103	3	
89	95	3	
451	452	3	
452	460	2	
456	460	-2	
456	463	3	
455	463	-2	
451	455	-4	
368	374	-4	
374	382	3	
379	382	6	
379	383	-4	
375	383	-3	
368	375	5	
352	359	-5	
354	359	5	
354	418	-2	
418	420	-5	
416	420	2	
352	416	4	
496	501	-5	
501	509	-3	
507	509	-6	
507	511	-3	
503	511	-2	
496	503	2	
162	164	-4	
164	172	2	
170	172	2	
170	173	5	
165	173	-3	
162	165	-4	
56	62	-6	
59	62	-3	
59	123	4	
123	126	-4	
120	126	4	
56	120	3	
130	133	5	
133	141	1	
137	141	5	
137	142	3	
134	142	3	
130	134	-4	
264	269	-5	
269	277	4	
274	277	-5	
271	279	-3	
264	271	4	
281	284	3	
281	285	6	
282	285	-4	
282	287	3	
280	287	-5	
144	148	-4	
145	148	3	
145	149	2	
147	149	-6	
147	151	3	
144	151	-5	
392	398	-5	
393	398	6	
393	457	5	
457	461	-4	
456	461	-6	
392	456	4	
440	447	5	
441	447	-3	
505	508	-3	
504	508	5	
9	12	-4	
11	13	4	
10	13	-2	
10	15	8	
9	15	-2	
177	182	4	
179	243	3	
241	245	-6	
177	241	-3	
104	109	6	
107	171	2	
171	174	-3	
104	168	1	
152	157	-2	
155	219	2	
216	221	4	
152	216	2	
290	292	3	
291	292	3	
291	355	1	
355	357	-4	
354	357	-5	
290	354	-2	
435	437	-4	
437	445	-3	
442	445	2	
442	446	4	
438	446	5	
304	308	4	
308	316	3	
315	318	2	
310	318	3	
27	29	3	
27	91	3	
91	92	6	
89	92	-4	
25	89	3	
0	4	4	
2	4	-4	
2	66	-3	
66	69	-4	
64	69	4	
0	64	4	
250	252	-2	
251	254	6	
249	254	2	
249	255	-5	
250	255	-4	
225	228	-4	
227	228	-4	
227	229	3	
226	230	-3	
225	230	-4	
74	138	-3	
138	143	3	
137	143	4	
73	137	-4	
258	263	5	
256	263	3	
480	484	4	
481	484	-4	
482	485	4	
385	388	-3	
385	389	3	
387	389	3	
384	390	3	
171	175	-5	
171	235	-3	
235	238	4	
169	233	-4	
114	116	-3	
116	124	-4	
121	125	3	
117	125	4	
114	117	4	
75	76	3	
76	84	-2	
80	84	-3	
80	85	5	
77	85	-3	
57	60	-5	
58	62	-4	
56	61	-3	
329	334	-4	
338	343	-2	
335	343	-3	
329	335	3	
451	453	5	
451	454	3	
449	455	-5	
448	455	5	
33	39	4	
35	39	-3	
35	99	-5	
97	102	-4	
33	97	4	
411	475	3	
474	479	2	
410	474	-3	
394	396	-4	
396	404	-4	
400	404	2	
399	407	3	
427	430	-5	
425	430	-4	
268	276	-3	
275	278	-6	
270	278	2	
266	270	3	
185	188	-3	
186	188	-6	
186	191	-2	
187	191	5	
187	189	5	
209	212	-2	
208	213	2	
209	214	6	
344	348	4	
345	348	4	
345	349	4	
346	351	-3	
344	351	-3	
42	106	-3	
106	108	-2	
105	108	5	
41	105	-3	
129	132	-5	
130	132	-4	
130	135	-2	
128	134	5	
129	134	-3	
432	436	4	
434	498	3	
498	501	6	
432	496	4	
371	372	-3	
371	373	-2	
402	405	-3	
467	469	-4	
466	469	5	
402	466	3	
17	20	-5	
16	23	2	
202	204	1	
203	204	-4	
201	205	4	
161	164	4	
163	164	2	
160	167	3	
49	52	2	
51	52	-3	
50	54	-4	
50	55	-2	
49	55	-6	
489	492	-6	
492	500	2	
494	502	-2	
489	494	-4	
232	236	2	
234	298	-3	
298	302	3	
232	296	-1	
313	319	2	
313	377	-5	
312	376	5	
320	324	3	
321	326	-3	
320	325	-5	
24	30	-3	
26	30	2	
26	90	4	
88	94	4	
24	88	4	
176	181	-4	
178	181	-3	
178	242	-3	
240	244	-4	
176	240	-3	
409	412	-3	
412	420	-3	
417	420	-4	
417	421	5	
413	421	-2	
81	86	-5	
82	146	2	
146	150	-3	
145	150	-7	
81	145	1	
153	159	-4	
154	218	-2	
218	220	5	
217	220	4	
153	217	2	
289	294	-3	
289	353	-2	
353	358	-6	
352	358	3	
288	352	-1	
267	271	-4	
267	331	-4	
331	333	-5	
264	328	2	
305	309	-3	
307	309	-4	
371	374	-4	
369	374	4	
305	369	4	
0	5	4	
3	5	-4	
67	71	3	
64	71	2	
32	37	3	
34	98	-5	
96	101	7	
32	96	-4	
427	428	2	
427	491	3	
488	493	3	
464	468	3	
468	476	-3	
473	477	-3	
469	477	-2	
118	126	-4	
119	127	-4	
112	119	-3	
40	44	-4	
42	44	1	
42	47	-3	
43	46	3	
8	15	-3	
10	74	-1	
257	260	-3	
259	260	-2	
256	261	3	
256	262	3	
257	262	4	
443	444	-3	
443	447	4	
440	446	-2	
441	446	-4	
300	308	-2	
304	311	6	
303	311	-2	
299	303	5	
195	196	3	
203	207	-4	
195	199	-4	
457	460	3	
459	463	-5	
458	462	5	
457	462	3	
282	284	4	
283	284	-2	
281	286	3	
506	508	5	
507	508	1	
505	510	5	
505	511	-5	
506	511	3	
339	340	4	
339	341	-4	
337	343	3	
429	437	2	
433	439	-3	
425	431	-4	
314	319	5	
315	319	-4	
315	379	4	
314	378	-4	
330	333	2	
330	394	1	
394	397	-4	
392	397	-4	
328	392	1	
1	6	4	
3	6	-5	
67	70	4	
65	70	-3	
352	356	-2	
355	356	4	
355	419	-4	
416	422	4	
465	470	3	
464	470	5	
400	464	-1	
92	100	5	
97	103	-4	
91	95	-5	
170	174	4	
170	234	-3	
234	237	-4	
232	237	4	
168	232	4	
368	373	4	
370	373	-3	
370	374	-3	
369	375	-3	
242	245	3	
247	255	2	
107	108	-5	
115	116	-3	
115	118	3	
110	118	-2	
321	327	-4	
386	388	-3	
157	165	2	
162	166	-3	
158	166	-3	
472	478	-2	
481	486	3	
481	487	-4	
479	487	1	
20	28	-3	
25	28	-5	
25	30	-5	
22	30	-3	
49	53	-4	
53	61	-5	
59	63	3	
55	63	-4	
147	211	2	
210	213	-2	
146	210	-3	
344	349	3	
347	349	-2	
347	411	2	
411	415	-2	
495	503	-2	
491	495	-4	
131	134	3	
139	142	-3	
135	143	-2	
131	135	2	
224	229	5	
227	291	2	
291	293	4	
288	293	-4	
224	288	2	
274	276	4	
265	269	2	
177	181	-4	
181	189	-3	
185	190	5	
182	190	-4	
216	222	-4	
217	281	3	
281	287	2	
216	280	4	
36	44	-4	
41	44	5	
37	45	-2	
33	37	-3	
192	196	-4	
194	196	3	
194	199	-4	
192	198	2	
16	21	-2	
19	21	5	
83	85	3	
299	301	2	
297	302	-4	
298	303	-3	
449	453	3	
450	454	-3	
10	12	-3	
10	14	-4	
66	68	-3	
68	76	-4	
75	79	3	
71	79	2	
136	141	-3	
138	202	-4	
200	206	1	
91	93	2	
91	155	-2	
88	152	3	
424	429	-4	
426	429	-3	
490	493	5	
402	406	-1	
403	406	4	
466	471	-3	
386	389	-5	
386	390	3	
379	443	3	
442	447	-3	
378	442	2	
105	110	1	
106	170	-1	
169	173	-3	
105	169	2	
112	117	-4	
241	247	3	
243	247	3	
243	307	-1	
307	310	-4	
361	364	3	
363	364	-4	
363	365	5	
362	367	-4	
160	165	3	
161	165	5	
161	225	2	
224	230	-3	
160	224	-5	
219	223	3	
219	283	-3	
282	286	4	
218	282	2	
32	36	-3	
35	36	-2	
34	38	2	
34	39	-3	
313	317	-4	
145	209	-3	
144	208	-2	
500	508	2	
499	501	1	
265	270	3	
266	330	-3	
330	334	4	
265	329	-5	
336	340	-3	
354	358	3	
346	350	-4	
346	410	2	
410	413	2	
419	420	4	
419	421	-3	
418	422	-4	
228	236	-3	
233	236	2	
233	239	-5	
231	239	-2	
226	231	-3	
83	84	-2	
323	325	-3	
323	387	-1	
384	391	-4	
320	384	-1	
0	6	4	
1	5	4	
475	476	1	
482	484	2	
477	485	1	
475	477	-4	
50	52	4	
51	53	-1	
48	54	-3	
171	172	3	
177	180	3	
177	183	4	
368	372	-1	
370	372	-5	
370	434	2	
434	438	-3	
432	438	-1	
368	432	-1	
27	28	-2	
26	29	3	
56	60	2	
99	101	2	
101	109	2	
103	111	3	
99	103	3	
128	133	4	
457	463	3	
263	271	3	
321	324	2	
324	332	-5	
331	335	3	
327	335	2	
154	158	5	
163	167	-4	
159	167	-2	
244	252	4	
250	254	3	
347	348	-2	
69	77	3	
73	77	-3	
73	78	4	
70	78	3	
96	100	1	
94	102	4	
89	94	-2	
11	14	4	
14	22	2	
18	22	4	
15	23	2	
11	15	-5	
205	213	2	
207	215	-1	
201	207	-3	
392	396	2	
401	407	-2	
392	399	4	
297	300	-4	
306	308	-2	
301	309	-2	
436	444	-3	
440	444	-4	
179	180	-3	
186	190	3	
273	277	-2	
497	500	-2	
193	197	4	
465	468	5	
470	478	-2	
113	118	-3	
291	294	-3	
294	302	2	
296	303	-3	
291	295	-3	
312	316	-3	
147	150	-2	
333	341	1	
337	342	-2	
328	334	-2	
43	45	2	
409	414	3	
448	452	-3	
114	119	-3	
114	178	-3	
112	176	3	
208	212	3	
216	220	2	
216	223	-2	
425	428	3	
427	431	-5	
506	510	-3	
504	511	5	
136	142	-4	
483	487	2	
480	486	-4	
131	195	3	
129	193	-2	
439	447	3	
258	261	3	
259	323	-3	
322	326	3	
258	322	2	
90	93	3	
8	13	5	
9	73	2	
67	68	3	
397	405	2	
400	405	2	
398	406	1	
472	476	5	
474	476	3	
473	479	3	
153	156	-3	
218	221	-4	
217	221	2	
249	252	-4	
51	55	-2	
83	86	2	
80	86	3	
339	342	-2	
290	294	-5	
289	295	-4	
235	236	-2	
230	238	2	
38	46	-3	
204	212	-2	
210	212	-2	
210	214	-1	
206	214	1	
203	206	-3	
121	126	-4	
57	121	-3	
273	276	4	
274	278	-2	
272	279	4	
283	285	-3	
240	245	-2	
240	247	3	
482	486	-4	
387	388	-4	
385	390	3	
66	130	-1	
65	129	1	
4	12	-2	
491	492	-3	
488	495	-3	
488	494	4	
184	189	-3	
98	102	-1	
96	103	1	
160	164	-3	
162	226	-2	
305	308	-2	
307	308	3	
306	310	4	
298	362	3	
297	361	-3	
155	158	2	
219	222	4	
353	417	-2	
202	207	3	
264	268	-1	
200	264	1	
18	20	-1	
18	82	-3	
81	84	-2	
17	81	-3	
393	399	-1	
52	60	-5	
435	499	-4	
433	497	3	
99	100	-2	
443	446	-3	
147	148	4	
146	149	1	
504	509	1	
387	451	-1	
450	455	2	
386	450	2	
467	470	3	
168	175	-1	
115	119	-2	
115	179	-2	
179	183	3	
201	204	-2	
197	205	3	
257	261	-2	
275	277	2	
277	285	-2	
278	286	-2	
16	22	5	
251	255	-3	
58	61	3	
54	62	-2	
75	139	2	
121	185	1	
185	191	3	
120	184	-1	
163	227	-3	
484	492	-2	
485	493	3	
405	413	2	
408	414	-2	
406	414	-3	
340	348	-2	
341	349	2	
338	341	3	
29	37	-3	
24	31	2	
288	292	-2	
292	300	1	
296	300	3	
266	269	2	
377	441	2	
441	445	-4	
376	440	-1	
43	107	4	
40	104	2	
314	316	-3	
130	194	2	
192	199	4	
128	192	1	
453	461	2	
456	462	3	
454	462	2	
235	299	-1	
256	320	-2	
352	357	3	
411	413	2	
176	182	-3	
154	157	-1	
152	159	3	
72	136	-3	
496	500	-4	
498	502	2	
499	503	4	
208	272	-3	
203	267	1	
428	436	-2	
424	431	2	
123	124	4	
106	109	1	
283	347	-1	
282	346	1	
243	244	3	
242	246	-1	
74	76	-4	
79	87	2	
168	172	2	
21	29	2	
480	485	-1	
97	101	1	
371	435	1	
166	174	1	
167	175	2	
336	342	4	
202	205	2	
328	332	4	
421	429	1	
422	430	-1	
305	311	-2	
304	368	3	
211	215	2	
211	275	1	
156	164	-3	
23	31	-2	
17	23	3	
409	415	3	
407	415	-2	
260	268	-2	
267	268	4	
41	46	-3	
57	62	3	
107	111	-1	
104	110	4	
281	345	1	
280	344	1	
82	85	2	
326	334	2	
459	461	1	
433	438	-3	
264	270	-3	
75	78	3	
339	403	-2	
403	404	-2	
337	401	3	
502	510	-1	
155	159	-3	
89	153	-2	
139	141	4	
137	201	2	
220	228	-2	
409	473	2	
276	284	1	
145	151	-2	
209	213	-2	
170	175	-3	
467	468	3	
8	14	-3	
39	47	1	
372	380	2	
378	380	2	
497	501	3	
394	458	-3	
458	460	2	
338	402	-2	
336	400	1	
100	108	-2	
356	364	-2	
359	367	-2	
353	359	2	
266	271	-3	
251	253	-1	
248	255	4	
345	351	2	
486	494	-1	
487	495	-2	
410	412	1	
414	422	-1	
120	127	-2	
272	277	-3	
275	279	-1	
361	365	-2	
91	94	2	
102	110	1	
40	45	-3	
337	340	-3	
385	449	2	
384	448	-1	
435	436	-1	
198	206	2	
149	157	4	
408	472	-2	
425	489	-2	
238	246	2	
234	238	2	
226	290	-1	
225	289	1	
150	158	2	
28	36	-1	
265	271	1	
74	77	1	
312	318	-3	
237	245	-1	
299	363	2	
280	286	2	
161	166	-2	
169	174	3	
496	502	-3	
178	182	-2	
56	63	-2	
367	375	1	
304	309	2	
377	382	1	
112	116	2	
323	327	1	
434	437	2	
471	479	-1	
163	165	-1	
257	321	1	
242	306	-2	
379	380	-1	
221	229	1	
424	430	1	
194	198	2	
171	173	-2	
90	95	-1	
90	154	1	
376	383	-1	
354	356	1	
465	469	1	
279	287	-1	
187	188	1	
233	297	1	
258	262	-1	
403	407	-1	
325	333	1	
78	86	1	
342	350	-1	
343	351	1	
82	87	-1	
83	147	-1	
404	412	-1	
229	237	1	
Energy:	-3332	
