NumberOfQubits	504	
NumberOfSubgraphs	756	
Serial	491	
PlantedSolution:	
0	1	
1	-1	
2	1	
3	1	
4	-1	
5	1	
6	-1	
8	-1	
9	-1	
10	1	
11	-1	
12	1	
13	1	
14	-1	
15	-1	
16	1	
17	1	
18	1	
19	-1	
20	-1	
21	1	
22	-1	
23	-1	
24	1	
25	1	
26	1	
27	1	
28	1	
29	-1	
30	1	
31	1	
32	-1	
33	1	
34	1	
35	1	
36	-1	
37	1	
38	-1	
39	1	
40	1	
41	-1	
42	1	
43	-1	
44	-1	
45	-1	
46	1	
47	1	
48	-1	
49	-1	
50	1	
51	-1	
52	-1	
53	1	
54	-1	
55	-1	
56	-1	
57	-1	
58	-1	
59	-1	
60	1	
61	-1	
62	-1	
63	-1	
64	-1	
65	-1	
66	1	
67	1	
68	-1	
69	-1	
70	-1	
71	1	
72	1	
73	-1	
74	1	
75	-1	
76	-1	
77	-1	
78	1	
79	-1	
80	1	
81	-1	
82	-1	
83	-1	
84	-1	
85	-1	
86	-1	
87	1	
88	-1	
89	-1	
90	1	
91	1	
92	-1	
93	-1	
94	-1	
95	1	
96	1	
97	1	
98	1	
99	-1	
100	1	
101	1	
102	-1	
103	1	
104	1	
105	1	
106	1	
107	-1	
108	-1	
109	1	
110	1	
111	-1	
112	-1	
113	-1	
114	1	
115	-1	
116	1	
117	-1	
118	-1	
119	1	
120	1	
121	-1	
123	-1	
124	-1	
125	1	
126	1	
127	-1	
128	-1	
129	-1	
130	1	
131	-1	
132	1	
133	-1	
134	1	
135	-1	
136	-1	
137	-1	
138	1	
139	-1	
141	-1	
142	1	
143	1	
144	1	
145	1	
146	1	
147	-1	
148	1	
149	1	
150	1	
151	1	
152	-1	
153	-1	
154	-1	
155	-1	
156	-1	
157	1	
158	-1	
159	1	
160	1	
161	1	
162	1	
163	-1	
164	1	
165	-1	
166	-1	
167	-1	
168	-1	
169	-1	
170	1	
171	-1	
172	1	
173	-1	
174	1	
175	1	
176	1	
177	1	
178	-1	
179	-1	
180	1	
181	1	
182	-1	
183	1	
184	1	
185	1	
186	1	
187	-1	
188	-1	
189	-1	
190	-1	
191	-1	
192	1	
193	-1	
194	-1	
195	-1	
196	1	
197	1	
198	-1	
199	-1	
200	1	
201	-1	
202	1	
203	1	
204	-1	
205	1	
206	-1	
207	-1	
208	-1	
209	1	
210	-1	
211	-1	
212	1	
213	1	
214	-1	
215	-1	
216	1	
217	-1	
218	1	
219	-1	
220	1	
221	-1	
222	1	
223	-1	
224	1	
225	1	
226	-1	
227	-1	
228	1	
229	-1	
230	-1	
231	1	
232	-1	
233	-1	
234	-1	
235	-1	
236	1	
237	-1	
238	-1	
239	-1	
240	1	
241	-1	
242	-1	
243	1	
244	-1	
245	-1	
246	1	
247	-1	
248	-1	
249	1	
250	-1	
251	-1	
252	-1	
253	-1	
254	1	
255	-1	
256	-1	
257	-1	
258	1	
259	1	
260	1	
261	-1	
262	-1	
263	-1	
264	-1	
265	1	
266	-1	
267	1	
268	-1	
269	-1	
270	-1	
271	1	
272	-1	
273	1	
274	-1	
275	1	
276	1	
277	-1	
278	1	
279	-1	
280	1	
281	-1	
282	-1	
283	-1	
284	-1	
285	-1	
286	1	
287	-1	
288	1	
289	1	
290	1	
291	-1	
292	-1	
293	-1	
294	1	
295	1	
296	1	
297	1	
298	-1	
299	1	
300	1	
301	1	
302	1	
303	1	
304	1	
305	-1	
306	1	
307	-1	
308	1	
309	-1	
310	1	
311	1	
312	-1	
313	-1	
314	-1	
315	1	
316	-1	
317	-1	
318	-1	
319	-1	
320	-1	
321	1	
322	-1	
323	-1	
324	1	
325	-1	
326	-1	
327	1	
328	-1	
329	1	
330	1	
331	-1	
332	1	
333	1	
334	1	
335	1	
336	1	
337	-1	
338	1	
339	1	
340	1	
341	-1	
342	1	
343	-1	
344	-1	
345	1	
346	1	
347	1	
348	-1	
349	-1	
350	1	
351	-1	
352	-1	
353	-1	
354	-1	
355	1	
356	1	
357	1	
358	-1	
359	1	
361	1	
362	1	
363	-1	
364	1	
365	1	
367	1	
368	-1	
369	-1	
370	-1	
371	1	
372	-1	
373	1	
374	-1	
375	1	
376	-1	
377	-1	
378	-1	
379	1	
380	-1	
382	-1	
383	-1	
384	1	
385	-1	
386	-1	
387	-1	
388	-1	
389	-1	
390	1	
391	-1	
392	-1	
393	-1	
394	1	
396	-1	
397	1	
398	-1	
399	-1	
400	1	
401	-1	
402	1	
403	1	
404	1	
405	1	
406	-1	
407	1	
408	-1	
409	-1	
410	-1	
411	-1	
412	1	
413	-1	
414	-1	
415	-1	
416	1	
417	1	
418	1	
419	1	
420	-1	
421	1	
422	1	
424	-1	
425	1	
426	-1	
427	1	
428	-1	
429	-1	
430	1	
431	1	
432	-1	
433	1	
434	-1	
435	1	
436	1	
437	-1	
438	1	
439	-1	
440	1	
441	1	
442	1	
443	1	
444	-1	
445	1	
446	1	
447	-1	
448	-1	
449	1	
450	-1	
451	1	
452	-1	
453	1	
454	1	
455	1	
456	-1	
457	-1	
458	-1	
459	-1	
460	1	
461	-1	
462	-1	
463	1	
464	-1	
465	1	
466	1	
467	1	
468	1	
469	-1	
470	-1	
471	1	
472	-1	
473	1	
474	-1	
475	1	
476	-1	
477	1	
478	1	
479	-1	
480	1	
481	-1	
482	1	
483	-1	
484	-1	
485	1	
486	1	
487	-1	
488	1	
489	1	
490	1	
491	1	
492	1	
493	-1	
494	1	
495	1	
496	-1	
497	-1	
498	-1	
499	1	
500	-1	
501	1	
502	1	
503	-1	
504	-1	
505	-1	
506	-1	
507	1	
508	-1	
509	1	
510	1	
511	-1	
Js:	
234	236	6	
235	236	6	
235	239	-3	
232	239	-3	
232	237	-5	
234	237	2	
265	268	4	
266	268	-3	
266	271	4	
264	271	4	
264	270	-4	
265	270	5	
400	404	-6	
402	404	-2	
402	405	-2	
403	405	-3	
403	406	3	
400	406	2	
369	372	-2	
370	372	4	
370	375	3	
368	375	4	
368	373	3	
369	373	6	
193	196	4	
194	196	7	
194	197	2	
192	197	-4	
192	199	3	
193	199	3	
179	181	5	
181	189	-2	
185	189	5	
185	190	2	
182	190	-2	
179	182	-2	
50	53	-5	
53	61	3	
58	61	-5	
58	62	-6	
54	62	-3	
50	54	3	
474	478	3	
478	486	-1	
482	486	-4	
482	487	-3	
479	487	-1	
474	479	-3	
17	21	-4	
19	21	4	
19	23	-4	
16	23	5	
16	22	6	
17	22	2	
65	69	3	
69	77	-5	
72	77	4	
72	78	-4	
70	78	6	
65	70	-4	
80	84	2	
82	84	-4	
82	86	-2	
83	86	-4	
83	87	2	
80	87	-5	
42	45	5	
43	45	-5	
43	107	2	
107	110	6	
106	110	-4	
42	106	-4	
337	340	3	
340	348	-3	
347	348	3	
347	349	3	
341	349	-2	
337	341	-6	
32	37	4	
35	37	-5	
35	39	-4	
33	39	5	
33	38	5	
32	38	-3	
128	133	-5	
133	141	-3	
137	141	-4	
137	143	4	
135	143	3	
128	135	-3	
248	252	-2	
249	252	4	
249	313	1	
313	317	-4	
312	317	-3	
248	312	1	
97	100	-3	
98	100	-5	
98	102	-3	
96	102	4	
96	101	-5	
97	101	-3	
200	204	5	
204	212	-2	
209	212	-3	
209	214	4	
206	214	-2	
200	206	5	
426	429	-3	
429	437	3	
435	437	5	
435	439	6	
431	439	3	
426	431	6	
282	284	-5	
283	284	1	
283	286	5	
281	286	4	
281	287	-3	
282	287	-4	
481	484	-6	
484	492	-3	
488	492	-2	
488	493	4	
485	493	3	
481	485	4	
378	382	-5	
379	382	4	
379	443	3	
443	444	4	
442	444	4	
378	442	2	
216	220	-5	
220	228	-2	
225	228	-4	
225	229	2	
221	229	-2	
216	221	-4	
291	292	2	
292	300	3	
298	300	3	
298	302	4	
294	302	-3	
291	294	5	
328	332	5	
331	332	-3	
331	335	4	
329	335	-5	
329	333	-1	
328	333	7	
411	413	-2	
413	421	2	
419	421	-4	
419	422	-4	
414	422	-1	
411	414	-5	
241	244	-4	
242	244	-6	
242	306	1	
306	309	5	
305	309	4	
241	305	-2	
386	388	-4	
387	388	-3	
387	391	-4	
384	391	-3	
384	389	4	
386	389	-4	
272	276	4	
274	276	4	
274	279	5	
273	279	5	
273	278	-4	
272	278	4	
498	500	-4	
500	508	-3	
504	508	-4	
504	511	-5	
503	511	2	
498	503	-4	
0	6	5	
2	6	5	
2	66	-3	
66	71	-5	
64	71	2	
0	64	3	
105	109	5	
109	117	1	
114	117	4	
114	119	-2	
111	119	2	
105	111	2	
393	398	-5	
394	398	2	
394	458	2	
458	460	6	
457	460	5	
393	457	-3	
88	92	-5	
91	92	5	
91	94	4	
89	94	-4	
89	93	-4	
88	93	-6	
120	125	4	
123	125	5	
123	127	-4	
121	127	-4	
121	126	6	
120	126	-3	
256	260	5	
258	260	6	
258	261	5	
257	261	-4	
257	262	-5	
256	262	-3	
354	356	-1	
355	356	-5	
355	358	4	
352	358	-2	
352	357	3	
354	357	7	
9	12	5	
11	12	5	
11	13	7	
8	13	5	
8	14	-5	
9	14	-4	
362	364	-5	
363	364	6	
363	367	4	
361	367	-6	
361	365	-5	
362	365	-6	
160	164	-3	
162	164	-5	
162	167	-4	
163	167	-3	
163	165	-5	
160	165	4	
169	172	5	
171	172	6	
171	173	-6	
168	173	-3	
168	175	6	
169	175	4	
449	452	5	
451	452	4	
451	455	-5	
450	455	4	
450	453	5	
449	453	-5	
176	180	-3	
180	188	-3	
184	188	4	
184	191	4	
183	191	3	
176	183	-4	
146	150	5	
150	158	4	
153	158	-3	
153	159	5	
151	159	-3	
146	151	-4	
202	205	-4	
205	213	2	
211	213	3	
211	215	-5	
207	215	-2	
202	207	2	
465	468	-4	
466	468	-6	
466	469	4	
467	469	4	
467	471	-4	
465	471	5	
217	222	5	
222	230	-2	
226	230	-4	
226	231	4	
223	231	2	
217	223	-4	
320	324	5	
321	324	4	
321	326	5	
323	326	-3	
323	327	3	
320	327	5	
240	246	1	
243	246	-5	
243	307	2	
307	308	4	
304	308	-3	
240	304	-1	
25	29	4	
26	29	2	
26	31	-4	
27	31	-5	
27	30	3	
25	30	-4	
376	380	-3	
377	380	-5	
377	441	2	
441	445	-3	
440	445	4	
376	440	3	
48	52	-6	
52	60	-2	
56	60	5	
56	63	-6	
55	63	-2	
48	55	-2	
147	148	5	
148	156	2	
154	156	-4	
154	157	3	
149	157	-3	
147	149	-3	
408	412	3	
409	412	4	
409	473	4	
473	477	3	
472	477	3	
408	472	-4	
338	342	-6	
342	350	-4	
345	350	-5	
345	351	3	
343	351	1	
338	343	2	
288	293	4	
293	301	3	
296	301	-6	
296	303	-4	
295	303	3	
288	295	-3	
424	428	-4	
428	436	4	
433	436	4	
433	438	-4	
430	438	-4	
424	430	3	
250	254	4	
251	254	-4	
251	315	2	
315	319	4	
314	319	-4	
250	314	-2	
497	501	4	
501	509	-2	
507	509	-6	
507	510	-6	
502	510	-3	
497	502	2	
74	76	-2	
75	76	-6	
75	139	-3	
139	142	3	
138	142	-3	
74	138	-3	
34	36	7	
36	44	1	
40	44	5	
40	46	-6	
38	46	4	
34	38	3	
65	68	-4	
67	68	4	
67	131	2	
131	132	5	
129	132	4	
65	129	-3	
448	454	4	
454	462	4	
456	462	-5	
456	463	6	
455	463	3	
448	455	4	
112	116	3	
115	116	5	
115	119	3	
113	119	1	
113	118	2	
112	118	-5	
490	493	4	
491	493	4	
491	494	-3	
489	494	-4	
489	495	3	
490	495	-5	
352	359	5	
353	359	1	
353	417	4	
417	420	2	
416	420	-3	
352	416	4	
392	397	3	
397	405	-3	
401	405	4	
401	407	2	
399	407	-1	
392	399	-5	
17	20	5	
18	20	-5	
18	82	3	
82	85	-4	
81	85	-3	
17	81	3	
240	245	3	
245	253	-4	
249	253	5	
249	255	3	
247	255	-4	
240	247	4	
344	351	-6	
346	351	3	
346	410	3	
410	415	-4	
408	415	-3	
344	408	1	
233	238	5	
235	238	-5	
235	299	2	
299	303	-3	
297	303	-3	
233	297	3	
0	4	4	
1	4	-6	
1	6	4	
3	6	3	
3	5	-6	
0	5	-4	
90	94	-5	
94	102	-2	
99	102	-3	
99	103	3	
95	103	-4	
90	95	-6	
266	269	-5	
267	269	5	
267	331	5	
331	334	2	
330	334	-4	
266	330	-3	
272	277	-4	
275	277	6	
275	339	-4	
339	341	3	
336	341	-2	
272	336	4	
161	166	5	
166	174	3	
170	174	3	
170	175	-4	
167	175	2	
161	167	4	
459	461	-4	
461	469	1	
464	469	-3	
464	470	-5	
462	470	-1	
459	462	-3	
192	198	5	
195	198	-3	
195	259	1	
259	263	5	
256	263	-4	
192	256	-2	
40	47	-3	
41	47	-4	
41	105	4	
105	108	2	
104	108	5	
40	104	-2	
321	325	4	
322	325	-5	
322	386	2	
386	390	4	
385	390	2	
321	385	3	
9	15	-3	
10	15	7	
10	74	-3	
74	79	4	
73	79	-5	
9	73	-4	
306	308	-4	
308	316	5	
313	316	5	
313	318	-3	
310	318	4	
306	310	-3	
144	151	-3	
145	151	-5	
145	209	-3	
208	214	-4	
144	208	2	
475	476	3	
476	484	1	
483	484	-3	
483	485	2	
477	485	-1	
475	477	-4	
370	374	4	
371	374	5	
371	435	-1	
434	439	-4	
370	434	-3	
154	158	-4	
155	158	-4	
155	219	-4	
219	220	3	
218	220	-4	
154	218	4	
441	446	-5	
442	446	-4	
442	506	3	
506	509	3	
505	509	5	
441	505	4	
280	285	3	
285	293	-2	
290	293	-4	
290	295	-2	
287	295	1	
280	287	4	
130	134	-4	
134	142	-4	
136	142	4	
136	143	4	
130	135	4	
57	62	-3	
59	62	-4	
59	123	-2	
123	124	4	
121	124	-4	
57	121	-2	
49	52	-5	
49	55	-4	
51	55	-5	
51	54	4	
48	54	-4	
24	28	-4	
25	28	-5	
26	30	-6	
24	30	4	
177	180	-3	
178	180	4	
178	242	-4	
242	245	-3	
241	245	-3	
177	241	-2	
224	228	-4	
227	228	4	
227	230	-3	
225	230	-3	
225	231	-6	
224	231	-3	
203	204	2	
210	212	2	
210	215	-2	
203	207	4	
427	428	3	
432	436	4	
432	438	3	
427	430	-5	
496	500	-3	
497	500	-5	
497	503	-4	
499	503	5	
499	502	-5	
496	502	4	
186	188	-3	
186	190	7	
187	190	-5	
187	189	-5	
184	189	4	
416	422	-3	
418	422	-5	
418	482	-4	
480	486	-5	
416	480	4	
376	383	-4	
379	383	2	
443	447	4	
440	447	5	
89	153	-1	
153	156	-4	
152	156	-4	
88	152	2	
425	431	-4	
427	431	-3	
427	491	-3	
491	492	-5	
489	492	-5	
425	489	-4	
393	396	-4	
394	396	2	
394	399	5	
393	397	-3	
201	206	-3	
203	206	3	
203	267	1	
265	269	2	
201	265	2	
304	311	-2	
305	311	4	
305	369	-4	
304	368	5	
289	294	-2	
290	294	-5	
290	354	2	
353	357	3	
289	353	-2	
161	164	-3	
164	172	2	
165	173	-3	
161	165	2	
273	276	-4	
275	276	-2	
274	277	3	
274	278	5	
96	100	-2	
98	101	-3	
97	103	3	
96	103	-2	
232	236	3	
234	298	-3	
298	301	2	
232	296	-2	
10	14	-5	
14	22	-3	
15	23	-3	
459	460	4	
459	463	-5	
457	463	3	
457	461	-3	
458	461	-4	
329	332	-4	
329	334	-4	
330	333	-3	
259	260	-2	
259	323	2	
323	325	-5	
258	322	2	
67	70	5	
73	78	2	
71	79	3	
67	71	-3	
57	60	4	
58	60	3	
59	61	5	
59	63	-3	
57	63	-3	
131	195	-3	
195	197	5	
193	197	4	
129	193	2	
336	340	-3	
337	343	-4	
336	342	2	
410	412	2	
410	474	-2	
474	476	-4	
473	476	-5	
41	44	-3	
42	44	3	
43	47	5	
106	108	3	
107	108	-5	
104	110	-3	
104	111	6	
106	111	2	
464	468	3	
466	470	3	
465	470	2	
464	471	5	
12	20	2	
18	21	-4	
13	21	-2	
506	508	-3	
507	508	5	
504	510	-5	
506	511	-7	
385	391	-5	
387	451	-3	
385	449	3	
344	348	1	
345	348	3	
347	350	-4	
344	349	-6	
250	252	-4	
251	252	-5	
248	254	4	
248	253	-5	
250	253	-3	
115	179	2	
179	183	4	
112	176	2	
33	36	3	
34	39	-3	
32	39	5	
33	37	-4	
312	316	-4	
314	316	-3	
314	317	-3	
315	317	6	
312	319	3	
401	404	-3	
402	407	-5	
403	407	-4	
401	406	-5	
145	148	-4	
147	150	4	
144	150	-3	
144	149	-7	
145	149	4	
81	84	4	
83	84	-5	
83	85	-4	
80	85	5	
81	87	4	
152	157	3	
155	157	5	
219	221	-3	
152	216	3	
64	69	-5	
66	69	4	
66	130	-3	
128	134	5	
64	128	-2	
75	77	-3	
139	141	-5	
136	141	-3	
72	136	2	
262	270	-4	
263	271	-2	
257	263	-4	
224	229	5	
227	229	-5	
227	291	-2	
288	292	4	
224	288	-4	
280	284	4	
281	284	-4	
283	285	-5	
297	302	-4	
299	302	-5	
299	363	-2	
297	361	-3	
49	53	4	
50	114	-5	
114	118	4	
49	113	-3	
371	372	4	
372	380	-4	
378	380	-3	
374	382	-3	
419	420	-5	
419	483	3	
483	487	-6	
481	487	-2	
417	481	5	
432	437	-5	
434	437	2	
434	498	-5	
498	501	2	
496	501	6	
432	496	-3	
424	429	-5	
426	490	5	
490	494	-2	
488	494	5	
424	488	4	
238	246	2	
243	247	5	
239	247	-3	
233	239	-5	
170	173	3	
173	181	3	
178	181	2	
178	182	-6	
174	182	2	
24	31	-4	
27	91	-3	
24	88	-3	
2	4	4	
3	4	6	
1	5	5	
408	414	-4	
411	475	2	
475	478	-3	
472	478	3	
356	364	3	
362	367	-4	
359	367	-4	
355	359	-3	
138	141	-5	
138	202	-4	
201	205	4	
137	201	-4	
386	450	-2	
448	453	3	
384	448	2	
307	310	3	
314	318	-3	
311	319	3	
307	311	6	
208	212	3	
211	212	-5	
210	213	5	
210	214	-5	
154	159	3	
218	223	-3	
153	217	-3	
384	388	4	
388	396	-5	
390	398	-5	
384	390	-4	
195	196	-1	
195	199	-5	
194	199	-4	
194	198	-4	
193	198	-4	
187	188	-3	
185	191	4	
186	191	4	
162	166	-2	
163	166	-3	
120	124	3	
123	126	2	
120	127	5	
320	326	3	
326	334	4	
327	335	-3	
440	444	2	
442	447	4	
443	445	-5	
377	383	-2	
375	383	5	
412	420	1	
418	420	3	
418	421	2	
409	413	-3	
90	93	-2	
93	101	2	
99	101	3	
169	233	2	
233	237	-5	
168	232	-3	
19	20	3	
20	28	2	
27	28	-2	
27	29	5	
21	29	2	
346	348	4	
348	356	2	
350	358	-3	
346	350	-2	
226	290	2	
225	289	-2	
268	276	4	
271	279	3	
265	271	-3	
76	84	-1	
81	86	-4	
78	86	2	
75	78	1	
244	252	3	
250	255	-3	
242	247	-1	
297	300	3	
300	308	-2	
301	309	2	
297	301	-2	
113	117	-5	
115	117	-1	
177	183	-4	
113	177	2	
467	470	3	
470	478	4	
472	479	-4	
471	479	4	
400	405	-3	
405	413	3	
410	413	5	
407	415	3	
400	407	-3	
41	46	4	
42	46	-3	
106	109	-4	
218	222	-3	
218	282	1	
217	281	3	
51	52	-2	
436	444	4	
441	444	4	
438	446	-4	
450	454	5	
64	68	-5	
129	133	4	
499	500	2	
505	508	-3	
499	501	3	
256	261	-3	
257	321	1	
256	320	-1	
37	45	4	
40	45	-2	
35	38	3	
139	143	4	
139	203	3	
200	207	-4	
136	200	3	
338	341	3	
339	403	2	
402	406	4	
338	402	-2	
114	116	-3	
116	124	5	
117	125	5	
482	484	-2	
480	487	3	
144	148	-3	
146	148	-4	
8	15	2	
363	365	4	
363	427	-2	
425	430	-4	
361	425	-2	
264	268	-3	
267	270	3	
259	261	-4	
323	324	3	
322	324	2	
228	236	1	
235	237	-3	
229	237	-2	
100	108	2	
102	110	3	
468	476	3	
469	477	-3	
89	92	-2	
89	95	2	
349	357	-1	
354	359	3	
351	359	2	
330	394	-2	
328	392	-2	
448	452	-5	
452	460	2	
453	461	-3	
3	67	-3	
66	68	-1	
432	439	2	
498	502	3	
282	285	3	
282	286	3	
283	287	-5	
304	309	3	
369	375	2	
196	204	4	
202	204	-3	
202	206	3	
198	206	-2	
10	12	-2	
315	379	-4	
377	382	-4	
313	377	-5	
185	249	-4	
249	254	-3	
184	248	-3	
275	278	1	
339	343	4	
336	343	5	
208	213	-1	
213	221	4	
219	223	-2	
215	223	-4	
208	215	-6	
26	28	-3	
28	36	2	
31	39	-2	
83	147	-1	
82	146	1	
240	244	3	
241	246	4	
243	245	-4	
172	180	2	
171	174	4	
289	292	6	
289	293	-3	
291	293	-2	
291	295	6	
160	167	3	
162	226	3	
224	230	3	
160	224	-1	
296	300	4	
298	303	5	
296	302	-2	
385	389	-3	
387	389	-3	
451	454	-2	
449	454	-3	
416	421	-4	
417	421	-3	
480	485	-3	
433	437	2	
435	499	-3	
433	497	3	
152	159	-3	
155	159	2	
491	495	-3	
131	133	-4	
130	133	2	
129	135	-4	
314	378	-3	
378	383	5	
312	376	-4	
337	401	-2	
336	400	-2	
187	251	3	
251	255	-5	
186	250	4	
99	100	4	
99	163	-3	
97	161	-3	
197	205	3	
201	207	-3	
199	207	-3	
11	75	-3	
72	76	-3	
8	72	2	
364	372	2	
371	373	3	
365	373	-2	
118	126	-5	
119	127	5	
112	119	5	
43	44	-5	
44	52	-3	
47	55	-2	
324	332	-4	
392	396	-4	
392	398	-3	
387	390	3	
168	174	4	
170	234	2	
234	238	-3	
232	238	-2	
353	358	-4	
354	358	-3	
354	418	4	
417	422	-4	
347	351	3	
347	411	2	
410	414	2	
1	65	-3	
210	274	-1	
209	273	-2	
312	318	-5	
101	109	-2	
104	109	-2	
103	111	3	
98	103	-3	
420	428	-4	
421	429	3	
73	77	-3	
74	77	3	
137	142	-4	
73	137	-2	
82	87	4	
80	86	4	
112	117	2	
177	181	-4	
176	181	-2	
24	29	3	
456	460	3	
458	463	3	
456	461	-3	
17	23	2	
443	446	-3	
441	447	2	
257	260	3	
258	263	3	
259	262	4	
58	63	-4	
465	469	3	
475	479	4	
473	478	-4	
411	415	-6	
409	415	-2	
345	409	2	
325	333	3	
328	334	2	
211	275	3	
208	272	2	
389	397	4	
394	397	-5	
391	399	-4	
386	391	-2	
170	172	-3	
234	239	-4	
66	70	2	
131	134	-2	
339	342	3	
505	510	2	
353	356	4	
355	357	3	
304	310	-4	
306	370	2	
368	374	-3	
248	255	-3	
226	228	3	
216	222	-2	
45	53	1	
48	53	3	
46	54	2	
486	494	-3	
488	495	-3	
487	495	3	
203	205	-5	
123	187	-1	
120	184	-1	
185	188	3	
290	292	3	
289	295	-3	
236	244	-2	
242	246	3	
91	95	-3	
147	151	3	
298	362	1	
108	116	1	
107	111	3	
267	268	2	
267	271	2	
264	269	-4	
5	13	1	
9	13	2	
6	14	-1	
450	452	-4	
451	453	4	
449	455	-2	
160	166	5	
371	375	-4	
34	98	-4	
97	102	3	
33	97	-1	
72	79	-3	
435	438	2	
482	485	-5	
217	221	-2	
227	231	-3	
42	47	-3	
105	110	-2	
315	318	-1	
379	380	3	
19	22	3	
19	83	-2	
16	80	-2	
346	349	4	
505	511	4	
265	329	-2	
179	180	3	
177	182	3	
352	356	3	
105	169	3	
104	168	2	
474	477	4	
473	479	2	
273	277	3	
321	327	1	
322	326	-3	
299	301	-3	
403	404	-3	
403	467	-3	
467	468	-2	
400	464	2	
156	164	2	
163	164	3	
157	165	-2	
153	157	2	
26	90	-3	
25	89	5	
50	55	3	
51	115	-5	
115	118	-2	
57	61	-4	
411	412	3	
408	413	-3	
68	76	-4	
73	76	2	
330	332	-2	
332	340	-2	
339	340	-2	
334	342	-2	
35	99	2	
32	96	-3	
315	316	-1	
309	317	-2	
307	309	-2	
237	245	1	
2	5	4	
218	221	3	
214	222	-3	
370	373	2	
434	438	3	
369	433	3	
276	284	-2	
280	286	-2	
278	286	-3	
23	31	1	
18	23	3	
443	507	1	
440	504	2	
43	46	-1	
192	196	-2	
480	484	3	
457	462	-2	
169	173	2	
490	492	2	
65	71	-3	
130	132	-4	
272	279	-2	
273	337	-2	
437	445	3	
442	445	-3	
439	447	-3	
260	268	2	
409	414	-3	
138	143	-3	
131	135	-2	
128	192	-2	
22	30	1	
281	285	-3	
286	294	-1	
152	158	-3	
216	223	3	
96	160	2	
338	340	-5	
333	341	-2	
385	388	2	
74	78	-3	
176	182	3	
176	240	4	
483	486	4	
175	183	1	
306	311	-3	
305	310	4	
146	149	-1	
146	210	3	
209	213	-3	
162	165	2	
163	227	1	
506	510	2	
59	60	4	
56	61	3	
92	100	-2	
283	347	-1	
280	344	4	
396	404	-1	
291	355	1	
288	352	-1	
32	36	-3	
322	327	4	
402	466	3	
401	465	2	
8	12	4	
11	15	-3	
202	266	2	
200	264	-1	
25	31	-2	
147	211	-2	
494	502	1	
495	503	1	
246	254	-3	
219	222	3	
376	382	-4	
440	446	2	
362	426	2	
426	430	-1	
330	335	-4	
329	393	-2	
16	21	-2	
226	229	-2	
472	476	-2	
258	262	2	
129	134	3	
130	194	1	
51	53	2	
458	462	-3	
275	279	2	
79	87	-1	
331	333	2	
264	328	-2	
313	319	-2	
98	162	-2	
427	429	2	
323	387	-2	
18	22	3	
155	156	-2	
56	62	-2	
212	220	-3	
277	285	-2	
504	509	2	
35	36	2	
145	150	-2	
406	414	3	
49	54	-2	
113	116	3	
393	399	-1	
392	456	1	
219	283	-3	
368	372	-2	
179	243	2	
335	343	2	
320	384	1	
433	439	2	
201	204	-2	
178	183	2	
282	346	-2	
355	419	-2	
75	79	2	
187	191	1	
184	190	2	
193	257	-1	
41	45	3	
404	412	-3	
492	500	1	
493	501	-1	
489	493	2	
261	269	-2	
425	428	2	
425	429	2	
320	325	-3	
56	120	2	
361	364	2	
64	70	-1	
159	167	2	
107	109	-2	
50	52	-2	
345	349	2	
121	125	2	
307	371	1	
39	47	-1	
171	175	-1	
169	174	2	
16	20	-1	
241	247	-3	
85	93	-2	
91	93	-2	
86	94	-2	
424	431	-2	
270	278	-1	
10	13	-1	
281	345	-1	
299	300	-3	
209	215	-1	
357	365	1	
67	69	1	
128	132	3	
288	294	2	
84	92	-2	
90	92	-2	
87	95	-2	
496	503	-2	
422	430	-1	
481	486	1	
369	374	-3	
434	436	-1	
161	225	1	
88	94	1	
279	287	-1	
230	238	1	
398	406	-1	
34	37	1	
48	112	-1	
251	253	-1	
106	170	-1	
368	432	1	
266	270	-1	
216	280	-1	
337	342	-1	
217	220	-1	
171	235	1	
426	428	1	
435	436	-1	
88	95	1	
91	155	1	
Energy:	-3328	
