NumberOfQubits	504	
NumberOfSubgraphs	504	
Serial	258	
PlantedSolution:	
0	1	
1	-1	
2	-1	
3	1	
4	1	
5	1	
6	-1	
8	1	
9	-1	
10	1	
11	1	
12	-1	
13	1	
14	-1	
15	-1	
16	1	
17	-1	
18	1	
19	1	
20	1	
21	1	
22	-1	
23	1	
24	-1	
25	-1	
26	1	
27	1	
28	-1	
29	-1	
30	1	
31	1	
32	1	
33	-1	
34	-1	
35	1	
36	1	
37	-1	
38	1	
39	-1	
40	-1	
41	1	
42	1	
43	1	
44	-1	
45	-1	
46	-1	
47	-1	
48	1	
49	-1	
50	1	
51	1	
52	1	
53	1	
54	1	
55	-1	
56	1	
57	1	
58	1	
59	1	
60	1	
61	-1	
62	1	
63	1	
64	1	
65	-1	
66	1	
67	1	
68	1	
69	-1	
70	1	
71	-1	
72	1	
73	-1	
74	1	
75	-1	
76	1	
77	1	
78	-1	
79	-1	
80	-1	
81	1	
82	1	
83	1	
84	-1	
85	1	
86	-1	
87	-1	
88	-1	
89	1	
90	1	
91	-1	
92	-1	
93	1	
94	-1	
95	-1	
96	-1	
97	1	
98	1	
99	1	
100	1	
101	-1	
102	1	
103	-1	
104	1	
105	-1	
106	1	
107	1	
108	1	
109	-1	
110	1	
111	1	
112	-1	
113	-1	
114	-1	
115	-1	
116	1	
117	1	
118	-1	
119	1	
120	1	
121	1	
123	-1	
124	1	
125	1	
126	-1	
127	-1	
128	-1	
129	1	
130	1	
131	-1	
132	-1	
133	1	
134	-1	
135	-1	
136	-1	
137	1	
138	-1	
139	-1	
141	1	
142	-1	
143	-1	
144	1	
145	1	
146	1	
147	-1	
148	-1	
149	1	
150	1	
151	-1	
152	1	
153	-1	
154	1	
155	1	
156	1	
157	1	
158	-1	
159	1	
160	1	
161	-1	
162	-1	
163	-1	
164	1	
165	1	
166	1	
167	-1	
168	-1	
169	1	
170	-1	
171	-1	
172	1	
173	1	
174	-1	
175	-1	
176	1	
177	1	
178	-1	
179	-1	
180	-1	
181	1	
182	1	
183	-1	
184	-1	
185	1	
186	1	
187	1	
188	1	
189	-1	
190	-1	
191	-1	
192	1	
193	1	
194	-1	
195	-1	
196	-1	
197	1	
198	-1	
199	1	
200	-1	
201	-1	
202	-1	
203	-1	
204	1	
205	-1	
206	1	
207	-1	
208	1	
209	-1	
210	1	
211	-1	
212	-1	
213	1	
214	-1	
215	1	
216	1	
217	1	
218	1	
219	1	
220	-1	
221	1	
222	-1	
223	-1	
224	-1	
225	-1	
226	-1	
227	1	
228	-1	
229	1	
230	-1	
231	-1	
232	1	
233	1	
234	1	
235	1	
236	-1	
237	-1	
238	-1	
239	1	
240	-1	
241	-1	
242	-1	
243	-1	
244	-1	
245	-1	
246	1	
247	-1	
248	1	
249	-1	
250	1	
251	-1	
252	1	
253	-1	
254	-1	
255	-1	
256	-1	
257	1	
258	-1	
259	-1	
260	1	
261	1	
262	1	
263	1	
264	1	
265	-1	
266	1	
267	-1	
268	-1	
269	-1	
270	1	
271	-1	
272	-1	
273	-1	
274	1	
275	-1	
276	1	
277	-1	
278	-1	
279	-1	
280	-1	
281	-1	
282	1	
283	1	
284	1	
285	1	
286	-1	
287	-1	
288	-1	
289	-1	
290	-1	
291	-1	
292	-1	
293	-1	
294	-1	
295	-1	
296	1	
297	1	
298	1	
299	-1	
300	1	
301	-1	
302	-1	
303	1	
304	-1	
305	-1	
306	-1	
307	1	
308	1	
309	1	
310	1	
311	-1	
312	1	
313	1	
314	-1	
315	1	
316	1	
317	1	
318	-1	
319	-1	
320	1	
321	1	
322	1	
323	-1	
324	1	
325	-1	
326	1	
327	1	
328	-1	
329	-1	
330	-1	
331	-1	
332	-1	
333	1	
334	-1	
335	-1	
336	1	
337	-1	
338	1	
339	-1	
340	1	
341	1	
342	-1	
343	1	
344	1	
345	-1	
346	-1	
347	-1	
348	-1	
349	1	
350	-1	
351	-1	
352	-1	
353	1	
354	-1	
355	-1	
356	-1	
357	1	
358	1	
359	-1	
361	-1	
362	1	
363	1	
364	1	
365	-1	
367	1	
368	1	
369	1	
370	1	
371	1	
372	1	
373	1	
374	-1	
375	1	
376	1	
377	-1	
378	-1	
379	-1	
380	-1	
382	-1	
383	1	
384	-1	
385	-1	
386	-1	
387	-1	
388	-1	
389	1	
390	1	
391	1	
392	1	
393	-1	
394	1	
396	-1	
397	1	
398	1	
399	-1	
400	-1	
401	-1	
402	1	
403	-1	
404	1	
405	-1	
406	1	
407	1	
408	-1	
409	1	
410	1	
411	-1	
412	-1	
413	1	
414	-1	
415	1	
416	1	
417	1	
418	1	
419	1	
420	-1	
421	-1	
422	1	
424	-1	
425	-1	
426	1	
427	1	
428	1	
429	1	
430	1	
431	-1	
432	-1	
433	1	
434	1	
435	-1	
436	-1	
437	-1	
438	1	
439	1	
440	-1	
441	1	
442	1	
443	1	
444	1	
445	1	
446	1	
447	1	
448	1	
449	1	
450	1	
451	1	
452	-1	
453	-1	
454	1	
455	1	
456	1	
457	-1	
458	-1	
459	-1	
460	-1	
461	-1	
462	1	
463	1	
464	1	
465	-1	
466	1	
467	1	
468	1	
469	-1	
470	-1	
471	-1	
472	-1	
473	-1	
474	1	
475	1	
476	-1	
477	1	
478	1	
479	1	
480	1	
481	1	
482	-1	
483	1	
484	-1	
485	-1	
486	-1	
487	-1	
488	1	
489	-1	
490	-1	
491	1	
492	1	
493	1	
494	-1	
495	1	
496	1	
497	-1	
498	1	
499	1	
500	1	
501	-1	
502	-1	
503	1	
504	-1	
505	-1	
506	-1	
507	1	
508	-1	
509	1	
510	1	
511	1	
Js:	
155	157	-2	
157	165	1	
160	165	-4	
160	167	2	
159	167	2	
155	159	-3	
41	47	2	
42	47	3	
42	106	-2	
106	110	-4	
105	110	3	
41	105	2	
217	223	4	
218	223	2	
218	282	2	
282	284	-2	
281	284	2	
217	281	2	
80	84	4	
82	84	4	
82	146	-2	
146	148	2	
144	148	3	
80	144	1	
240	244	-3	
244	252	6	
251	252	2	
251	253	-3	
245	253	1	
240	245	-2	
49	55	-4	
50	55	4	
50	114	1	
114	117	2	
113	117	-2	
49	113	-4	
17	20	3	
18	20	-2	
18	23	-4	
16	23	4	
16	21	-3	
17	21	2	
88	93	2	
90	93	-3	
90	95	-1	
91	95	-3	
91	94	-2	
88	94	-3	
352	356	-1	
354	356	-2	
354	358	3	
353	358	-3	
353	359	-1	
352	359	-5	
64	68	-2	
67	68	2	
67	70	-2	
66	70	-1	
66	69	2	
64	69	4	
289	292	-3	
291	292	-3	
291	295	1	
288	295	-5	
288	294	-2	
289	294	-3	
226	229	4	
229	237	-1	
232	237	4	
232	238	2	
230	238	-2	
226	230	-2	
321	324	-3	
323	324	3	
323	326	-1	
322	326	-5	
322	327	-2	
321	327	-4	
400	405	-2	
405	413	1	
410	413	-4	
410	414	3	
406	414	1	
400	406	-2	
424	428	3	
427	428	-3	
427	430	-5	
426	430	-3	
426	429	3	
424	429	2	
498	500	-1	
499	500	3	
499	503	-2	
497	503	2	
497	502	-2	
498	502	3	
259	260	3	
260	268	2	
266	268	-3	
266	270	-2	
262	270	-1	
259	262	2	
482	484	3	
484	492	1	
491	492	-2	
491	494	3	
486	494	-2	
482	486	-2	
273	278	-5	
274	278	-2	
274	338	-2	
338	340	-4	
337	340	3	
273	337	-2	
363	364	-5	
364	372	-2	
369	372	-3	
369	375	-3	
367	375	1	
363	367	-3	
313	317	-3	
315	317	-3	
315	379	2	
379	382	-1	
377	382	1	
313	377	2	
305	308	3	
307	308	-3	
307	311	3	
304	311	-2	
304	310	3	
305	310	3	
384	388	2	
385	388	-3	
385	390	3	
386	390	3	
386	391	3	
384	391	3	
456	460	3	
457	460	-2	
457	462	4	
459	462	-1	
459	461	-4	
456	461	2	
192	196	3	
194	196	-3	
194	197	5	
193	197	3	
193	198	5	
192	198	3	
176	180	-1	
177	180	2	
177	183	5	
179	183	-2	
179	182	3	
176	182	-4	
472	476	-2	
474	476	-5	
474	477	-2	
475	477	-4	
475	479	-4	
472	479	3	
34	36	-2	
35	36	-5	
35	39	2	
32	39	3	
32	37	3	
34	37	-4	
185	189	-1	
187	189	4	
187	190	4	
184	190	-2	
184	191	-3	
185	191	5	
201	204	3	
203	204	2	
203	207	-3	
202	207	-3	
202	205	-4	
201	205	-2	
344	348	1	
347	348	2	
347	349	2	
345	349	5	
345	351	-4	
344	351	3	
51	52	-3	
52	60	-2	
57	60	-2	
57	62	-4	
54	62	-3	
51	54	2	
10	12	2	
11	12	4	
11	13	-3	
8	13	-3	
8	15	3	
10	15	3	
170	173	4	
171	173	-2	
171	174	-3	
168	174	-1	
168	175	-3	
170	175	-2	
296	300	-4	
297	300	1	
297	303	-2	
299	303	2	
299	301	-4	
296	301	1	
432	438	3	
438	446	-3	
442	446	-3	
442	447	-3	
439	447	-2	
432	439	4	
128	133	4	
131	133	4	
131	134	-5	
129	134	5	
129	135	3	
128	135	-3	
330	332	-1	
331	332	-2	
331	333	4	
329	333	4	
329	335	1	
330	335	-3	
466	469	4	
467	469	-2	
467	471	1	
465	471	-2	
465	470	-5	
466	470	2	
72	76	-4	
74	76	1	
74	78	3	
75	78	-2	
75	79	-4	
72	79	1	
25	28	-2	
27	28	4	
27	29	3	
26	29	3	
26	31	1	
25	31	4	
450	452	-5	
451	452	2	
451	454	-5	
448	454	-3	
448	453	3	
450	453	3	
209	212	-2	
210	212	3	
210	214	4	
208	214	4	
208	215	-3	
209	215	3	
402	404	-3	
404	412	1	
411	412	-2	
411	415	5	
407	415	1	
402	407	-2	
272	276	2	
275	276	4	
275	339	-2	
339	341	3	
336	341	1	
272	336	2	
505	508	-3	
507	508	3	
507	509	-1	
506	509	4	
506	511	3	
505	511	-3	
392	396	3	
394	396	3	
394	398	-3	
393	398	3	
393	399	-3	
392	399	3	
97	100	-1	
98	100	-5	
98	101	3	
99	101	3	
99	102	-4	
97	102	2	
112	116	3	
116	124	-2	
120	124	-3	
120	127	3	
119	127	2	
112	119	-2	
1	4	3	
3	4	-2	
3	6	3	
0	6	2	
0	5	-4	
1	5	-3	
136	141	2	
139	141	4	
139	142	-3	
137	142	4	
137	143	3	
136	143	-4	
416	420	2	
417	420	3	
417	422	-3	
418	422	-3	
418	421	2	
416	421	6	
248	254	3	
250	254	-2	
250	314	2	
314	316	4	
312	316	-4	
248	312	-1	
227	228	-2	
228	236	-2	
233	236	5	
233	239	-3	
231	239	1	
227	231	4	
483	485	2	
485	493	2	
490	493	-2	
490	495	4	
487	495	1	
483	487	2	
40	45	-3	
43	45	-2	
43	107	-2	
107	109	2	
104	109	6	
40	104	2	
154	156	-3	
156	164	-2	
161	164	-4	
161	166	3	
158	166	1	
154	158	2	
81	87	-2	
83	87	3	
83	147	2	
147	151	-4	
145	151	4	
81	145	-1	
216	222	1	
219	222	4	
219	283	-3	
283	285	1	
280	285	3	
216	280	3	
256	261	3	
261	269	2	
267	269	-3	
267	271	3	
263	271	1	
256	263	3	
434	436	4	
436	444	1	
441	444	-4	
441	445	-2	
437	445	-4	
434	437	4	
56	60	-3	
58	60	2	
58	63	-3	
59	63	-3	
59	61	2	
56	61	5	
306	309	2	
307	309	2	
307	371	-1	
371	374	2	
370	374	3	
306	370	3	
178	181	3	
179	181	2	
179	243	-3	
243	247	-3	
242	247	-5	
178	242	-2	
361	365	-4	
362	365	3	
362	426	-2	
426	431	-1	
425	431	-3	
361	425	-1	
115	117	2	
117	125	4	
121	125	-2	
121	126	3	
118	126	-2	
115	118	-3	
378	380	-4	
379	380	-4	
379	383	2	
376	383	-4	
376	382	-3	
378	382	-4	
65	71	-3	
66	71	3	
66	130	-1	
130	132	2	
129	132	-3	
65	129	1	
73	77	3	
77	85	-3	
80	85	-2	
80	86	-1	
78	86	-1	
73	78	-2	
9	12	-2	
12	20	2	
19	20	-3	
19	22	3	
14	22	-2	
9	14	4	
32	38	-2	
33	38	-3	
33	97	2	
97	103	3	
96	103	-3	
32	96	2	
328	334	-3	
334	342	-3	
336	342	3	
336	343	-5	
335	343	3	
328	335	-2	
234	237	3	
235	237	3	
235	299	1	
299	302	-2	
298	302	3	
234	298	1	
88	92	-2	
89	92	2	
89	153	2	
153	157	2	
152	157	-3	
88	152	3	
440	447	3	
443	447	-1	
443	507	3	
507	510	-3	
504	510	3	
440	504	-2	
408	412	-2	
409	412	3	
409	473	2	
473	478	4	
472	478	4	
408	472	-2	
449	453	3	
453	461	-2	
458	461	-1	
458	463	-3	
455	463	-3	
449	455	-3	
211	212	-2	
212	220	-2	
216	220	3	
216	221	-3	
213	221	-2	
211	213	4	
195	198	-2	
198	206	2	
200	206	4	
200	207	-2	
199	207	3	
195	199	4	
290	293	-4	
291	293	-2	
291	355	1	
355	357	2	
354	357	2	
290	354	-1	
320	325	1	
323	325	-4	
323	387	-1	
387	389	5	
384	389	2	
320	384	-1	
185	188	3	
186	188	-3	
186	250	-2	
250	255	2	
249	255	-4	
185	249	2	
278	286	-2	
282	286	2	
282	287	-2	
279	287	-3	
273	279	-2	
400	404	4	
403	404	2	
403	467	-3	
467	468	-3	
464	468	-4	
400	464	3	
488	493	-3	
493	501	-2	
496	501	5	
496	502	2	
494	502	-2	
488	494	4	
368	373	-5	
371	373	2	
371	435	2	
435	439	3	
368	432	2	
42	45	2	
45	53	-2	
48	53	-3	
48	54	-3	
46	54	2	
42	46	3	
138	141	-3	
141	149	-2	
144	149	-2	
144	150	-5	
142	150	1	
138	142	-2	
163	164	3	
164	172	-1	
169	172	-1	
169	173	-1	
165	173	1	
163	165	3	
256	260	1	
257	260	-2	
257	263	-3	
258	263	-2	
258	262	3	
256	262	2	
107	108	-2	
108	116	-2	
114	116	2	
114	119	3	
111	119	2	
107	111	-4	
480	485	5	
481	485	3	
481	487	2	
482	487	-5	
480	486	4	
339	340	1	
340	348	2	
346	348	-3	
346	350	-3	
342	350	-2	
339	342	2	
224	228	-4	
225	228	-2	
225	231	-3	
227	230	-2	
224	230	-3	
313	316	-2	
314	318	4	
312	318	2	
312	319	3	
313	319	5	
265	268	-1	
266	271	3	
264	271	2	
264	270	-3	
265	270	3	
176	183	2	
177	241	-3	
241	246	3	
240	246	3	
176	240	2	
18	22	2	
22	30	2	
24	30	2	
24	31	-2	
23	31	-3	
393	397	3	
397	405	3	
401	405	2	
401	407	3	
399	407	3	
59	62	2	
59	123	2	
123	127	-3	
121	127	2	
57	121	-2	
433	436	4	
435	437	-3	
435	438	2	
433	438	1	
352	357	2	
355	419	2	
419	421	-2	
352	416	2	
162	166	3	
166	174	2	
169	174	4	
169	175	-4	
167	175	-2	
162	167	-4	
210	274	2	
274	277	3	
272	277	-3	
208	272	2	
33	36	2	
36	44	3	
43	44	3	
43	47	1	
39	47	2	
33	39	-3	
0	4	-2	
2	4	-2	
2	6	-3	
3	5	-3	
425	428	3	
427	491	-2	
491	495	-3	
489	495	-4	
425	489	-2	
409	413	-4	
410	474	-1	
473	476	-1	
104	108	-2	
106	108	4	
105	109	-1	
304	309	3	
306	311	-2	
305	311	2	
81	85	-2	
85	93	-2	
89	93	-3	
89	95	3	
87	95	-3	
209	213	-4	
217	221	-2	
215	223	2	
288	292	-2	
292	300	-2	
298	300	-2	
298	303	-1	
295	303	2	
91	92	3	
92	100	2	
99	100	-2	
94	102	2	
145	148	2	
148	156	4	
150	158	3	
145	150	1	
26	28	3	
25	29	2	
25	30	3	
26	30	-3	
458	462	4	
456	463	-3	
328	332	-5	
329	332	3	
330	333	2	
330	334	-2	
249	253	-3	
251	254	-3	
248	255	-2	
385	389	1	
387	451	1	
449	454	-2	
385	449	-3	
49	52	-3	
51	53	-2	
50	53	-3	
344	350	2	
347	350	-3	
347	411	-2	
408	415	5	
344	408	2	
137	201	-3	
200	205	-3	
136	200	-2	
130	133	-3	
131	195	-1	
194	199	-2	
130	194	1	
241	245	-4	
243	245	-2	
242	246	-1	
232	236	-2	
234	236	1	
234	238	4	
235	238	2	
235	239	-3	
232	239	-2	
67	69	4	
69	77	1	
73	79	2	
71	79	-2	
67	71	2	
281	285	3	
281	287	-2	
283	287	3	
283	286	-2	
280	286	-2	
501	509	1	
505	509	4	
503	511	-2	
496	503	-2	
225	229	-1	
226	290	-3	
289	293	-1	
225	289	-4	
9	13	3	
10	13	-2	
8	14	3	
368	372	-2	
370	375	2	
370	373	-2	
337	341	3	
341	349	-1	
343	351	-1	
337	343	1	
184	188	2	
186	191	2	
187	191	2	
184	189	-3	
466	468	-1	
465	469	2	
464	471	3	
377	383	3	
377	441	4	
440	444	3	
376	440	3	
419	422	2	
419	483	-2	
483	484	3	
481	484	3	
417	481	-2	
361	364	3	
362	367	-4	
320	324	-4	
320	326	2	
82	86	2	
83	86	4	
147	149	-1	
146	149	-3	
386	388	-3	
388	396	3	
390	398	-2	
171	172	3	
172	180	2	
178	180	-3	
173	181	-3	
128	134	-1	
129	193	-1	
192	197	-2	
128	192	1	
139	203	-3	
203	206	-3	
202	206	1	
138	202	-2	
267	268	-2	
268	276	2	
275	277	-2	
269	277	1	
68	76	2	
72	78	3	
70	78	3	
64	70	-2	
41	44	2	
41	46	-2	
38	46	2	
35	38	-2	
121	124	-3	
123	124	2	
123	126	-3	
120	126	-2	
120	125	-4	
426	490	2	
490	492	2	
488	492	-3	
424	488	2	
153	159	-2	
155	219	-2	
217	222	2	
153	217	3	
500	508	2	
504	508	-3	
502	510	1	
499	502	2	
98	103	2	
98	162	-2	
96	160	3	
379	443	-3	
443	446	-1	
378	442	2	
315	318	3	
257	261	-2	
259	261	3	
299	300	2	
297	301	4	
297	302	-2	
296	302	2	
113	116	3	
115	116	2	
112	118	-2	
112	117	2	
353	356	3	
355	356	-3	
355	359	-2	
352	358	2	
448	452	3	
451	453	1	
451	455	-3	
448	455	-1	
473	477	3	
401	406	3	
403	406	2	
467	470	3	
401	465	-2	
59	60	-3	
58	61	4	
16	20	-2	
17	22	1	
19	21	-3	
97	101	-1	
99	163	2	
163	166	2	
97	161	3	
2	5	2	
2	66	5	
66	68	-2	
65	68	2	
1	65	-3	
434	498	-2	
498	501	2	
497	501	1	
433	497	3	
392	397	2	
402	405	2	
402	406	-2	
398	406	-2	
392	398	-2	
410	412	2	
412	420	-2	
418	420	-2	
414	422	2	
218	220	2	
220	228	-1	
224	229	3	
221	229	1	
218	221	-3	
11	15	3	
11	75	-1	
74	79	2	
10	74	-2	
200	204	2	
201	265	1	
265	269	-1	
264	269	3	
200	264	1	
24	29	-3	
29	37	-2	
34	39	-3	
31	39	1	
104	111	-1	
106	111	1	
106	170	2	
170	172	2	
168	172	3	
104	168	2	
146	151	2	
147	211	-3	
211	214	-1	
146	210	2	
176	181	-2	
181	189	1	
186	189	3	
186	190	2	
182	190	-3	
322	325	3	
325	333	-1	
331	334	-2	
326	334	2	
128	132	-5	
131	132	2	
130	134	1	
130	135	4	
249	252	1	
247	255	2	
240	247	-1	
276	284	-2	
283	284	-3	
272	279	-2	
90	94	3	
90	154	-2	
154	157	-2	
430	438	-1	
431	439	2	
427	431	-1	
442	445	-3	
443	445	-2	
507	511	-2	
442	506	1	
489	493	1	
489	494	1	
48	55	2	
47	55	-1	
40	47	-3	
304	308	1	
306	308	3	
368	374	-2	
304	368	2	
338	342	-1	
73	76	3	
76	84	-1	
82	85	-2	
459	460	-4	
457	461	-1	
457	463	-2	
293	301	-1	
294	302	-1	
290	294	-3	
235	236	-2	
233	237	1	
195	196	-3	
391	399	2	
385	391	4	
267	270	2	
267	331	2	
331	335	-2	
266	330	2	
152	159	-2	
219	220	-1	
152	216	-2	
96	101	-3	
162	165	2	
280	284	3	
282	346	-1	
346	351	-2	
280	344	1	
371	372	-2	
365	373	1	
363	365	2	
489	492	4	
492	500	-2	
497	500	2	
495	503	-2	
110	118	2	
114	118	-3	
105	111	4	
3	67	-4	
65	69	1	
250	253	2	
251	315	2	
402	466	2	
466	471	3	
202	204	2	
204	212	1	
205	213	1	
441	446	1	
440	446	2	
418	482	-1	
480	487	1	
416	480	-1	
27	91	-1	
91	93	2	
26	90	-2	
178	183	-2	
242	245	-1	
273	277	-2	
274	279	2	
275	279	3	
275	278	-1	
321	325	1	
320	327	4	
179	180	-2	
180	188	2	
44	52	1	
48	52	-2	
386	389	3	
387	391	-2	
384	390	2	
411	413	2	
408	414	2	
409	414	2	
169	233	-1	
168	232	2	
506	508	1	
506	510	3	
504	509	2	
291	294	-2	
289	295	1	
19	83	-2	
81	86	3	
17	81	-3	
218	222	2	
222	230	-1	
225	230	-2	
223	231	1	
145	149	-2	
143	151	-1	
139	143	1	
450	455	-2	
153	156	1	
153	158	2	
57	63	-3	
56	62	2	
265	271	-3	
265	329	-3	
264	328	1	
243	244	1	
248	252	-1	
246	254	3	
243	246	2	
339	403	-1	
403	407	2	
337	401	2	
419	420	2	
84	92	-2	
80	87	-3	
371	375	-3	
433	437	-1	
369	433	-2	
425	429	3	
427	429	-2	
424	430	-2	
424	431	-3	
345	348	-2	
348	356	-2	
353	357	3	
349	357	-1	
302	310	2	
307	310	-2	
303	311	2	
296	303	-3	
259	263	-1	
472	477	3	
474	479	1	
474	478	-3	
308	316	-1	
309	317	-2	
305	309	-2	
32	36	-2	
33	37	-2	
394	397	-3	
394	458	2	
393	457	1	
206	214	2	
207	215	2	
64	71	-2	
0	64	-4	
107	171	3	
170	174	-2	
16	22	2	
72	77	-2	
74	77	-2	
74	138	2	
138	143	-3	
72	136	-2	
99	103	2	
51	55	2	
51	115	3	
115	119	2	
113	119	-1	
298	301	1	
298	362	-2	
361	367	3	
297	361	-1	
372	380	1	
374	382	-3	
350	358	2	
354	359	-2	
351	359	1	
347	351	-3	
187	188	-2	
196	204	-2	
192	199	-2	
443	444	-4	
441	447	1	
498	503	2	
465	468	1	
468	476	1	
470	478	1	
227	229	-2	
226	231	1	
40	44	3	
43	46	2	
277	285	-1	
281	286	-3	
338	341	-1	
338	343	-1	
101	109	2	
104	110	-1	
102	110	-1	
96	102	2	
65	70	4	
460	468	2	
461	469	-2	
34	38	2	
30	38	1	
315	319	-3	
311	319	-1	
145	209	2	
18	21	-2	
18	82	-2	
16	80	1	
258	260	2	
259	323	-2	
258	322	2	
428	436	-1	
432	436	-2	
50	52	1	
53	61	2	
75	76	1	
75	139	1	
137	141	-1	
73	137	1	
95	103	-2	
483	486	-1	
155	156	-2	
155	158	2	
356	364	1	
357	365	2	
114	178	1	
112	176	1	
217	220	-1	
211	215	2	
329	393	-1	
328	392	1	
257	262	-2	
257	321	-2	
256	320	2	
243	307	-1	
242	306	-2	
282	285	-3	
454	462	-2	
4	12	1	
10	14	3	
6	14	1	
1	6	-1	
234	239	-3	
233	238	2	
168	173	1	
193	199	1	
248	253	3	
249	254	-1	
251	255	-2	
264	268	2	
266	269	2	
384	448	2	
396	404	2	
400	407	1	
394	399	-1	
136	142	-2	
201	206	2	
154	159	-2	
160	164	-2	
378	383	1	
375	383	-2	
41	45	2	
434	438	-2	
426	428	1	
338	402	-1	
226	228	1	
469	477	-1	
473	479	2	
471	479	1	
50	54	-1	
56	63	-2	
55	63	1	
185	190	-1	
313	318	1	
354	418	2	
353	417	-2	
299	363	-1	
387	390	2	
250	252	-2	
8	12	1	
9	15	2	
24	28	3	
24	88	-2	
433	439	-1	
435	499	2	
346	349	2	
346	410	-1	
345	409	1	
129	133	-1	
131	135	2	
149	157	2	
151	159	1	
377	380	-2	
305	369	2	
369	373	2	
123	125	2	
195	197	-1	
195	259	-1	
258	261	2	
194	258	-1	
171	235	-1	
475	476	2	
476	484	-1	
479	487	1	
227	291	3	
288	293	-1	
224	288	-2	
403	405	-2	
464	470	1	
100	108	-1	
496	500	-2	
504	511	2	
17	23	1	
203	205	-1	
491	493	-2	
452	460	-1	
177	182	1	
27	31	1	
161	165	1	
161	167	-1	
160	166	1	
321	326	2	
408	413	-1	
456	462	-1	
392	456	-1	
421	429	2	
422	430	-1	
416	422	-1	
58	62	1	
83	85	-1	
79	87	1	
197	205	1	
355	358	-2	
242	244	-1	
147	148	-1	
11	14	1	
339	343	1	
274	276	-1	
270	278	1	
370	372	-2	
324	332	2	
327	335	1	
386	450	2	
184	248	-2	
91	155	1	
152	158	2	
315	316	-1	
314	317	1	
312	317	-1	
387	388	-1	
393	396	-1	
389	397	-1	
505	510	2	
477	485	1	
481	486	-2	
478	486	1	
193	257	-1	
192	256	-1	
105	169	-1	
219	223	-1	
216	223	2	
359	367	-1	
89	94	-1	
146	150	-1	
208	212	2	
144	208	-1	
499	501	-1	
432	496	1	
163	167	1	
333	341	-1	
337	342	1	
106	109	-1	
290	295	-3	
463	471	-2	
459	463	1	
241	305	-2	
240	304	-1	
449	452	-1	
300	308	1	
480	484	1	
475	478	-1	
25	89	1	
344	349	1	
35	37	2	
35	99	1	
34	98	1	
48	112	2	
154	218	1	
249	313	1	
49	54	1	
209	214	1	
201	207	-1	
75	77	1	
13	21	1	
37	45	-1	
105	108	1	
107	110	-1	
285	293	1	
287	295	-2	
490	494	-2	
368	375	1	
410	415	1	
193	196	1	
147	150	-1	
27	30	-1	
440	445	1	
323	327	1	
420	428	-1	
464	469	1	
219	221	1	
15	23	1	
178	182	1	
241	244	1	
210	213	1	
273	276	1	
272	278	1	
332	340	-1	
336	340	-1	
177	181	1	
175	183	-1	
314	378	-1	
376	380	1	
312	376	1	
301	309	1	
40	46	-1	
81	84	1	
90	92	-1	
86	94	-1	
57	61	1	
482	485	-1	
163	227	1	
162	226	1	
362	364	1	
363	427	-1	
9	73	-1	
286	294	1	
21	29	1	
19	23	-1	
241	247	1	
411	475	-1	
96	100	1	
98	102	1	
Energy:	-2130	
