NumberOfQubits	504	
NumberOfSubgraphs	840	
Serial	144	
PlantedSolution:	
0	-1	
1	-1	
2	1	
3	1	
4	-1	
5	1	
6	-1	
8	1	
9	1	
10	1	
11	-1	
12	1	
13	-1	
14	-1	
15	-1	
16	1	
17	-1	
18	-1	
19	-1	
20	-1	
21	-1	
22	-1	
23	1	
24	1	
25	-1	
26	-1	
27	-1	
28	-1	
29	-1	
30	-1	
31	1	
32	-1	
33	1	
34	1	
35	-1	
36	-1	
37	-1	
38	1	
39	1	
40	-1	
41	1	
42	-1	
43	1	
44	1	
45	-1	
46	1	
47	1	
48	1	
49	1	
50	1	
51	1	
52	-1	
53	-1	
54	1	
55	1	
56	-1	
57	1	
58	-1	
59	1	
60	-1	
61	1	
62	-1	
63	-1	
64	1	
65	1	
66	-1	
67	-1	
68	1	
69	-1	
70	1	
71	1	
72	-1	
73	1	
74	-1	
75	1	
76	1	
77	-1	
78	1	
79	1	
80	-1	
81	1	
82	-1	
83	-1	
84	1	
85	-1	
86	1	
87	1	
88	-1	
89	-1	
90	1	
91	1	
92	-1	
93	1	
94	-1	
95	1	
96	-1	
97	1	
98	-1	
99	-1	
100	1	
101	-1	
102	1	
103	1	
104	-1	
105	1	
106	1	
107	1	
108	-1	
109	-1	
110	1	
111	1	
112	-1	
113	1	
114	-1	
115	-1	
116	1	
117	1	
118	1	
119	1	
120	1	
121	1	
123	-1	
124	-1	
125	-1	
126	1	
127	1	
128	1	
129	1	
130	1	
131	-1	
132	1	
133	-1	
134	1	
135	-1	
136	-1	
137	-1	
138	1	
139	1	
141	1	
142	-1	
143	-1	
144	1	
145	1	
146	-1	
147	1	
148	1	
149	-1	
150	1	
151	1	
152	1	
153	-1	
154	-1	
155	1	
156	-1	
157	-1	
158	1	
159	1	
160	-1	
161	1	
162	-1	
163	1	
164	1	
165	1	
166	1	
167	-1	
168	1	
169	1	
170	1	
171	1	
172	1	
173	1	
174	-1	
175	1	
176	1	
177	-1	
178	-1	
179	-1	
180	-1	
181	-1	
182	-1	
183	-1	
184	1	
185	-1	
186	-1	
187	-1	
188	-1	
189	-1	
190	-1	
191	-1	
192	1	
193	1	
194	1	
195	1	
196	-1	
197	-1	
198	1	
199	-1	
200	1	
201	-1	
202	-1	
203	-1	
204	1	
205	-1	
206	1	
207	1	
208	-1	
209	1	
210	1	
211	1	
212	-1	
213	1	
214	-1	
215	1	
216	1	
217	-1	
218	1	
219	1	
220	-1	
221	-1	
222	-1	
223	-1	
224	1	
225	1	
226	1	
227	-1	
228	-1	
229	-1	
230	1	
231	-1	
232	1	
233	1	
234	-1	
235	-1	
236	1	
237	-1	
238	1	
239	-1	
240	-1	
241	1	
242	1	
243	-1	
244	1	
245	-1	
246	1	
247	1	
248	1	
249	-1	
250	-1	
251	1	
252	1	
253	1	
254	-1	
255	1	
256	-1	
257	1	
258	1	
259	1	
260	1	
261	1	
262	1	
263	1	
264	-1	
265	-1	
266	-1	
267	1	
268	-1	
269	-1	
270	-1	
271	-1	
272	1	
273	-1	
274	-1	
275	1	
276	1	
277	-1	
278	-1	
279	-1	
280	1	
281	-1	
282	-1	
283	1	
284	1	
285	1	
286	1	
287	1	
288	-1	
289	1	
290	1	
291	1	
292	1	
293	-1	
294	1	
295	1	
296	-1	
297	1	
298	-1	
299	1	
300	-1	
301	1	
302	-1	
303	-1	
304	-1	
305	1	
306	-1	
307	-1	
308	1	
309	1	
310	-1	
311	-1	
312	-1	
313	1	
314	-1	
315	1	
316	-1	
317	1	
318	1	
319	-1	
320	1	
321	1	
322	1	
323	1	
324	1	
325	1	
326	1	
327	1	
328	1	
329	1	
330	-1	
331	1	
332	-1	
333	-1	
334	1	
335	-1	
336	-1	
337	1	
338	1	
339	-1	
340	-1	
341	1	
342	1	
343	1	
344	-1	
345	1	
346	1	
347	-1	
348	-1	
349	-1	
350	-1	
351	1	
352	-1	
353	-1	
354	1	
355	-1	
356	-1	
357	1	
358	-1	
359	1	
361	1	
362	1	
363	1	
364	1	
365	-1	
367	1	
368	-1	
369	1	
370	-1	
371	-1	
372	-1	
373	1	
374	1	
375	1	
376	-1	
377	-1	
378	-1	
379	-1	
380	1	
382	-1	
383	1	
384	-1	
385	1	
386	1	
387	1	
388	1	
389	1	
390	1	
391	-1	
392	-1	
393	1	
394	1	
396	-1	
397	1	
398	-1	
399	1	
400	1	
401	-1	
402	-1	
403	-1	
404	-1	
405	1	
406	1	
407	-1	
408	1	
409	-1	
410	1	
411	-1	
412	-1	
413	-1	
414	1	
415	-1	
416	-1	
417	1	
418	1	
419	1	
420	1	
421	1	
422	1	
424	-1	
425	1	
426	-1	
427	-1	
428	-1	
429	-1	
430	1	
431	1	
432	1	
433	-1	
434	1	
435	-1	
436	-1	
437	-1	
438	-1	
439	1	
440	-1	
441	1	
442	1	
443	1	
444	-1	
445	-1	
446	1	
447	1	
448	-1	
449	-1	
450	1	
451	1	
452	-1	
453	-1	
454	1	
455	1	
456	1	
457	-1	
458	1	
459	1	
460	1	
461	-1	
462	-1	
463	1	
464	-1	
465	1	
466	1	
467	-1	
468	1	
469	-1	
470	1	
471	1	
472	1	
473	-1	
474	-1	
475	1	
476	-1	
477	1	
478	-1	
479	-1	
480	1	
481	-1	
482	1	
483	1	
484	1	
485	1	
486	-1	
487	1	
488	1	
489	-1	
490	-1	
491	-1	
492	1	
493	1	
494	1	
495	-1	
496	1	
497	1	
498	1	
499	-1	
500	-1	
501	1	
502	-1	
503	-1	
504	-1	
505	1	
506	-1	
507	1	
508	1	
509	-1	
510	-1	
511	-1	
Js:	
16	20	5	
17	20	-5	
17	81	-4	
81	86	-3	
80	86	7	
16	80	2	
226	228	5	
227	228	-4	
227	230	5	
224	230	-2	
224	229	4	
226	229	-3	
96	100	5	
98	100	4	
98	103	5	
97	103	-6	
97	102	-4	
96	102	-4	
154	156	-5	
155	156	7	
155	157	2	
152	157	5	
152	158	-6	
154	158	2	
283	284	3	
284	292	-3	
290	292	-2	
290	295	-5	
287	295	-2	
283	287	-3	
384	388	-3	
385	388	-5	
385	449	4	
449	452	-5	
448	452	-8	
384	448	-3	
402	406	6	
406	414	1	
409	414	7	
409	415	-4	
407	415	-3	
402	407	-6	
313	316	5	
314	316	-7	
314	318	5	
315	318	-7	
315	319	5	
313	319	6	
120	124	-4	
121	124	6	
121	185	1	
185	189	-6	
184	189	4	
120	184	-1	
26	28	-6	
28	36	-2	
34	36	-4	
34	38	-3	
30	38	2	
26	30	-4	
480	484	-5	
483	484	-6	
483	485	-5	
481	485	-4	
481	487	5	
480	487	-4	
57	60	5	
59	60	3	
59	62	7	
56	62	3	
56	61	6	
57	61	-4	
8	13	2	
9	13	6	
9	73	4	
73	78	-4	
72	78	4	
8	72	6	
346	348	2	
348	356	-4	
352	356	-5	
352	359	2	
351	359	2	
346	351	-6	
49	53	6	
50	53	3	
50	54	-6	
51	54	-5	
51	55	-3	
49	55	-5	
232	238	-4	
234	238	4	
234	298	-3	
298	302	-3	
296	302	-5	
232	296	-2	
171	172	-5	
172	180	2	
179	180	-5	
179	182	-6	
174	182	1	
171	174	6	
265	268	-4	
266	268	-4	
266	271	-5	
267	271	3	
267	270	4	
265	270	-4	
40	44	2	
43	44	-7	
43	45	4	
41	45	5	
41	47	-4	
40	47	5	
321	324	-5	
324	332	3	
329	332	4	
329	334	5	
326	334	-1	
321	326	-6	
464	468	4	
466	468	-5	
466	470	-5	
467	470	-3	
467	469	-4	
464	469	-3	
274	279	-2	
275	279	5	
275	339	3	
339	340	-4	
338	340	6	
274	338	4	
162	164	4	
163	164	-3	
163	167	-3	
161	167	3	
161	165	-5	
162	165	3	
209	212	4	
212	220	4	
219	220	6	
219	222	5	
214	222	-3	
209	214	3	
440	445	-6	
442	445	4	
442	506	1	
506	509	-5	
504	509	-6	
440	504	2	
128	135	-1	
130	135	5	
130	194	-2	
194	196	5	
192	196	3	
128	192	-3	
456	461	3	
459	461	-6	
459	463	-6	
458	463	-3	
458	462	4	
456	462	4	
472	476	-5	
473	476	-5	
473	477	3	
474	477	4	
474	478	-5	
472	478	4	
426	428	-5	
428	436	-3	
432	436	-3	
432	437	3	
429	437	-3	
426	429	-4	
241	246	-6	
246	254	4	
248	254	5	
248	255	3	
247	255	-5	
241	247	-5	
433	438	-4	
435	438	-3	
435	499	4	
499	503	-4	
497	503	5	
433	497	3	
66	68	6	
67	68	-3	
67	70	4	
65	70	-8	
65	69	3	
66	69	-4	
138	141	5	
139	141	-4	
139	142	4	
136	142	-2	
136	143	-6	
138	143	4	
361	364	-5	
362	364	-6	
362	367	-6	
363	367	3	
363	365	6	
361	365	6	
82	85	-5	
83	85	-4	
83	147	-3	
147	148	-6	
146	148	4	
82	146	-2	
257	260	-6	
258	260	5	
258	261	-4	
259	261	-6	
259	263	-2	
257	263	-6	
107	108	5	
108	116	4	
112	116	4	
112	118	3	
110	118	2	
107	110	-4	
104	109	-3	
105	109	4	
105	169	-6	
169	173	3	
168	173	-5	
104	168	4	
408	412	3	
412	420	3	
417	420	-8	
417	421	2	
413	421	1	
408	413	4	
200	204	2	
201	204	4	
201	205	-6	
202	205	-3	
202	206	5	
200	206	-5	
377	380	-7	
378	380	6	
378	382	-6	
376	382	-4	
376	383	5	
377	383	5	
19	21	-4	
21	29	-2	
27	29	-4	
27	31	4	
23	31	-3	
19	23	-4	
488	492	-6	
491	492	5	
491	495	4	
489	495	-5	
489	493	4	
488	493	-5	
322	325	-6	
325	333	3	
328	333	4	
328	335	4	
327	335	5	
322	327	4	
304	308	4	
305	308	-4	
305	309	-5	
307	309	3	
307	310	-4	
304	310	-6	
368	372	-4	
369	372	5	
369	375	-6	
371	375	3	
371	374	5	
368	374	6	
273	277	1	
277	285	3	
282	285	3	
282	286	4	
278	286	4	
273	278	-6	
344	349	-5	
349	357	4	
354	357	-4	
354	358	5	
350	358	-4	
344	350	4	
89	92	-5	
91	92	3	
91	95	-5	
90	95	5	
90	94	3	
89	94	-3	
233	236	-3	
235	236	5	
235	299	-2	
299	301	-4	
297	301	-4	
233	297	-3	
386	390	-4	
390	398	3	
394	398	6	
394	399	-3	
391	399	4	
386	391	4	
129	133	5	
131	133	-4	
131	195	3	
195	198	-6	
193	198	-3	
129	193	2	
3	4	-3	
4	12	3	
10	12	-6	
10	14	6	
6	14	-4	
3	6	4	
240	244	5	
244	252	-4	
251	252	-3	
251	253	-7	
245	253	-3	
240	245	-5	
208	213	-3	
213	221	3	
217	221	-5	
217	223	-6	
215	223	4	
208	215	4	
113	119	-5	
114	119	2	
114	178	5	
178	183	-5	
177	183	-4	
113	177	4	
336	343	3	
337	343	-6	
337	401	-1	
401	405	5	
400	405	-5	
336	400	1	
441	444	4	
443	444	4	
443	507	1	
507	510	6	
505	510	6	
441	505	-2	
449	453	-3	
451	453	7	
451	455	-3	
450	455	-6	
450	454	6	
449	454	5	
432	439	-3	
434	439	3	
434	498	-3	
498	500	5	
496	500	5	
432	496	-4	
74	76	4	
76	84	3	
83	84	5	
83	87	3	
79	87	-2	
74	79	4	
289	294	-6	
291	294	-3	
291	355	3	
355	359	4	
353	359	6	
289	353	4	
416	422	3	
418	422	-6	
418	482	5	
482	486	5	
480	486	4	
416	480	6	
186	188	-4	
187	188	-7	
187	191	4	
185	191	-6	
185	190	-3	
186	190	-6	
33	39	-5	
35	39	-3	
35	99	-5	
99	101	-3	
97	101	3	
33	97	-4	
387	388	-4	
388	396	5	
392	396	-4	
392	397	6	
389	397	4	
387	389	-5	
145	149	-4	
146	149	-3	
146	151	6	
144	151	-4	
144	150	-4	
145	150	-4	
115	117	4	
117	125	4	
123	125	-5	
123	126	4	
118	126	-5	
115	118	-3	
0	5	4	
2	5	-3	
2	66	4	
66	71	-3	
64	71	-6	
0	64	5	
424	429	3	
427	429	-4	
427	431	4	
425	431	-6	
425	430	-4	
424	430	7	
490	493	3	
493	501	2	
499	501	4	
499	502	-4	
494	502	2	
490	494	5	
160	166	5	
161	166	-4	
161	225	-3	
225	231	3	
224	231	4	
160	224	4	
40	46	5	
42	46	4	
42	106	4	
106	111	-4	
104	111	-1	
40	104	-4	
24	30	3	
25	30	-5	
25	89	-3	
89	93	4	
88	93	3	
24	88	5	
48	52	5	
52	60	-4	
58	60	-6	
58	63	-5	
55	63	-3	
48	55	-4	
242	244	-6	
243	244	3	
243	307	-5	
307	311	4	
306	311	-2	
242	306	5	
264	268	5	
268	276	2	
272	276	-4	
272	277	5	
269	277	-4	
264	269	-2	
8	15	6	
11	15	6	
11	75	6	
75	77	3	
72	77	-4	
410	413	6	
411	413	-4	
411	475	4	
475	479	5	
474	479	-5	
410	474	3	
192	197	4	
197	205	4	
203	205	-5	
203	207	5	
199	207	4	
192	199	5	
256	262	4	
259	262	-4	
259	323	-3	
323	327	-3	
320	327	-5	
256	320	-3	
401	404	-4	
403	404	-4	
403	467	-5	
467	471	5	
465	471	-5	
401	465	-3	
170	173	4	
173	181	1	
176	181	5	
176	183	3	
175	183	2	
170	175	-5	
281	286	4	
283	286	-4	
283	347	6	
347	348	-4	
345	348	4	
281	345	4	
330	333	-5	
333	341	3	
338	341	2	
338	342	-4	
334	342	-2	
330	334	6	
152	159	3	
154	159	4	
154	218	4	
218	223	3	
216	223	5	
152	216	-4	
288	293	-6	
293	301	2	
296	301	6	
296	303	-2	
295	303	3	
288	295	4	
393	397	-5	
394	397	-4	
394	458	3	
458	460	-4	
457	460	6	
393	457	3	
249	254	-5	
249	313	3	
313	317	-4	
312	317	6	
248	312	2	
371	372	4	
371	373	4	
370	373	4	
370	375	3	
32	37	-4	
34	37	6	
34	98	3	
98	102	1	
32	96	-6	
11	12	3	
12	20	3	
18	20	-2	
18	22	-5	
14	22	-4	
11	14	1	
208	212	-4	
211	212	5	
211	215	-3	
210	215	-5	
210	213	-2	
443	447	-5	
442	447	5	
442	446	-4	
441	446	-6	
232	236	-8	
235	237	-5	
233	237	6	
233	239	5	
232	239	3	
504	508	4	
506	508	5	
506	511	-5	
507	511	6	
507	509	4	
128	132	-6	
130	132	4	
130	133	4	
131	134	5	
128	134	-4	
379	382	-5	
379	383	6	
137	142	-5	
138	142	4	
138	202	3	
201	206	4	
137	201	-4	
352	357	4	
355	357	3	
355	419	4	
419	421	-7	
416	421	6	
352	416	3	
120	125	5	
121	125	4	
121	126	-6	
123	127	6	
120	127	-5	
250	255	3	
251	255	-3	
251	315	2	
250	314	-1	
153	158	5	
155	158	-6	
155	219	-4	
217	220	-4	
153	217	-2	
297	300	5	
298	300	-3	
298	303	-7	
299	303	5	
299	302	-3	
297	302	6	
280	284	-4	
291	292	-4	
291	293	4	
285	293	-2	
280	285	-3	
1	6	-4	
3	67	6	
65	68	-2	
1	65	3	
267	331	-5	
331	332	6	
265	329	2	
489	492	3	
490	495	-5	
488	494	3	
176	182	6	
179	243	1	
243	245	-5	
176	240	1	
339	342	4	
342	350	5	
345	350	2	
345	351	-6	
343	351	-4	
339	343	-2	
427	430	4	
430	438	-2	
433	439	4	
431	439	-4	
472	477	4	
477	485	-1	
483	486	3	
478	486	-2	
105	110	-4	
106	110	-2	
106	170	4	
170	174	5	
169	174	4	
51	52	-4	
48	53	4	
145	148	-6	
147	151	-3	
144	149	6	
24	28	2	
25	28	4	
25	31	4	
24	29	7	
33	36	6	
36	44	3	
43	46	-3	
38	46	-2	
33	38	-4	
160	165	-3	
163	165	-6	
163	166	-3	
162	166	6	
162	167	-3	
160	167	-6	
225	230	-4	
225	229	6	
451	452	-3	
452	460	3	
457	461	-3	
453	461	-3	
256	261	-4	
261	269	3	
266	269	-2	
263	271	3	
256	263	4	
409	412	-4	
417	422	-4	
414	422	2	
75	76	-3	
81	84	-4	
81	87	-3	
75	79	-4	
400	406	1	
402	466	6	
400	464	6	
384	389	-3	
387	391	6	
385	391	3	
385	390	-4	
384	390	7	
113	116	-1	
114	116	5	
178	180	-2	
177	180	-4	
16	21	3	
19	22	-6	
17	22	-4	
17	23	-3	
16	23	-6	
272	279	3	
273	279	-4	
273	337	4	
337	340	-1	
336	340	-6	
272	336	3	
280	287	-4	
282	287	7	
282	346	3	
346	349	-3	
280	344	5	
193	196	-6	
195	196	2	
194	198	-4	
194	199	4	
193	199	6	
210	214	6	
211	214	3	
211	275	-2	
275	276	-2	
274	276	6	
210	274	-3	
90	93	-3	
91	93	-5	
91	94	6	
88	94	-4	
88	95	4	
322	324	3	
323	324	-3	
323	326	-6	
321	325	-3	
58	61	4	
58	62	-3	
57	62	-4	
57	63	2	
56	63	-5	
184	188	3	
187	189	-3	
186	189	-4	
184	190	4	
306	308	4	
308	316	3	
312	316	-4	
309	317	-3	
306	309	5	
454	462	3	
459	462	3	
455	463	-3	
107	109	3	
109	117	2	
112	117	6	
112	119	2	
111	119	2	
107	111	-6	
10	13	6	
10	74	2	
74	78	4	
497	500	2	
497	501	-4	
498	501	-4	
498	503	-6	
496	503	4	
37	45	-4	
42	45	-5	
42	47	-4	
39	47	-3	
32	39	3	
475	476	3	
476	484	-1	
481	484	3	
479	487	2	
238	246	-1	
239	247	-1	
234	239	-7	
363	364	-6	
362	365	2	
361	367	-6	
139	143	4	
139	203	4	
200	207	-6	
136	200	5	
393	396	-2	
396	404	-4	
403	407	-2	
399	407	3	
393	399	-6	
290	294	-6	
290	354	3	
353	358	-3	
0	4	-6	
2	4	6	
2	6	5	
1	5	-7	
304	311	-4	
305	311	-3	
305	369	-2	
369	373	-4	
368	373	3	
304	368	-2	
424	428	-4	
435	436	-2	
435	437	-5	
330	335	-2	
330	394	-1	
392	398	-2	
328	392	2	
218	220	3	
219	221	-4	
216	221	4	
216	222	4	
218	222	4	
64	70	-2	
65	129	1	
129	132	-5	
64	128	-1	
441	445	3	
505	511	5	
504	511	-3	
256	260	3	
258	263	-3	
257	262	-3	
465	469	4	
469	477	4	
473	479	-4	
471	479	-3	
250	252	6	
249	255	6	
249	253	4	
250	253	4	
97	100	-2	
99	100	-4	
98	101	-5	
164	172	-3	
168	172	-6	
168	175	-4	
167	175	3	
80	84	4	
82	84	2	
81	85	4	
153	156	-2	
153	157	-6	
411	412	-3	
411	415	-4	
410	415	-4	
410	414	-2	
408	414	-4	
370	374	5	
371	435	-3	
435	439	3	
370	434	6	
354	356	3	
355	356	-4	
418	421	-3	
354	418	-3	
379	443	4	
440	447	3	
376	440	4	
500	508	4	
505	508	-4	
502	510	-3	
496	502	3	
67	69	-5	
69	77	-3	
74	77	4	
71	79	-4	
67	71	4	
137	141	4	
141	149	-2	
142	150	3	
115	116	2	
116	124	-4	
123	124	-4	
119	127	-5	
115	119	4	
320	326	-2	
322	326	-5	
322	386	-2	
320	384	-1	
310	318	4	
313	318	1	
311	319	-6	
426	431	4	
26	29	-3	
26	90	3	
90	92	5	
88	92	3	
275	278	4	
339	341	5	
337	341	3	
106	108	2	
105	108	2	
41	105	-2	
456	460	-3	
448	454	-2	
267	268	3	
331	333	2	
264	328	4	
299	300	3	
178	181	-5	
181	189	3	
183	191	-3	
203	204	3	
204	212	-2	
209	213	-4	
205	213	2	
226	231	5	
226	290	-2	
288	294	3	
224	288	-2	
281	285	4	
283	285	-5	
347	351	-3	
129	135	7	
131	135	-5	
195	197	5	
193	197	3	
13	21	-3	
18	21	-6	
18	23	2	
15	23	2	
9	15	6	
402	405	2	
465	470	-4	
53	61	4	
59	61	-2	
54	62	3	
49	54	-2	
482	484	-3	
484	492	-2	
491	493	4	
485	493	4	
482	485	-5	
242	245	3	
243	247	3	
242	246	-4	
35	36	-4	
32	38	4	
436	444	-3	
442	444	5	
438	446	4	
432	438	4	
265	269	-5	
264	271	3	
264	270	-4	
50	52	2	
50	114	2	
114	117	4	
48	112	-4	
301	309	-3	
306	310	-3	
302	310	-2	
27	30	-5	
186	250	-3	
248	252	4	
184	248	-4	
347	349	-4	
347	411	-1	
346	410	-3	
73	77	4	
77	85	-2	
80	85	-2	
78	86	-3	
330	332	-3	
331	335	5	
329	335	5	
385	389	-5	
8	12	-3	
16	22	2	
8	14	3	
353	357	4	
357	365	-1	
359	367	-2	
147	150	-4	
147	211	-3	
209	215	-4	
145	209	3	
99	102	6	
102	110	-2	
103	111	-3	
99	103	-2	
218	221	4	
217	222	3	
281	284	6	
176	180	4	
177	182	3	
177	181	-5	
450	453	3	
458	461	4	
486	494	2	
489	494	5	
487	495	4	
156	164	3	
161	164	4	
157	165	1	
320	324	-6	
323	325	-5	
400	404	5	
464	470	5	
501	509	-2	
497	502	6	
314	317	1	
314	378	-6	
312	376	4	
259	260	-4	
258	262	-5	
43	47	-4	
41	46	5	
137	143	-5	
201	207	-1	
64	68	5	
274	277	3	
338	343	-4	
228	236	4	
230	238	3	
56	60	2	
57	121	-3	
56	120	4	
289	292	4	
292	300	2	
289	295	-2	
196	204	4	
202	204	5	
198	206	-4	
192	198	-3	
100	108	-3	
104	108	-4	
101	109	-4	
96	101	-3	
408	415	5	
409	473	-3	
408	472	-4	
133	141	2	
134	142	2	
130	134	-5	
344	348	-5	
352	358	-4	
51	115	3	
113	118	-5	
49	113	-3	
229	237	-3	
234	237	-4	
231	239	-2	
419	420	-3	
419	483	-5	
417	481	4	
434	437	2	
433	437	-3	
369	433	-2	
89	95	-3	
364	372	-2	
365	373	5	
148	156	-2	
155	159	-3	
151	159	-5	
19	83	-3	
82	87	4	
18	82	-5	
499	500	-4	
503	511	-3	
393	398	-3	
398	406	4	
315	316	1	
72	76	2	
3	5	-5	
185	188	-3	
187	251	2	
185	249	1	
384	391	-3	
387	451	-3	
166	174	2	
169	175	-5	
427	491	-4	
426	490	-3	
379	380	4	
443	446	-3	
377	441	3	
208	214	-5	
208	272	1	
461	469	-3	
463	471	-3	
456	463	4	
468	476	3	
474	476	-3	
470	478	2	
59	63	5	
59	123	3	
241	245	4	
240	247	-2	
336	341	5	
194	197	4	
35	37	-3	
33	37	1	
34	39	-4	
291	295	-4	
290	293	2	
129	134	-2	
90	154	-1	
89	153	-2	
307	308	3	
307	371	-1	
306	370	1	
386	388	-3	
386	450	-4	
449	455	5	
425	489	3	
424	488	4	
280	286	-3	
279	287	-2	
64	69	3	
437	445	-4	
439	447	-3	
114	118	2	
171	173	-5	
165	173	2	
184	191	2	
186	191	3	
250	254	-3	
363	427	2	
427	428	-2	
362	426	3	
475	477	-4	
473	478	-3	
401	406	3	
403	406	-5	
403	405	4	
49	52	4	
459	460	-5	
457	462	-5	
433	436	-4	
434	436	5	
372	380	2	
374	382	-3	
106	109	4	
224	228	4	
232	237	-2	
1	4	-4	
0	6	-5	
353	417	-2	
337	342	3	
260	268	2	
266	270	-4	
262	270	2	
144	148	-2	
146	210	-3	
144	208	3	
507	508	3	
504	510	-5	
392	399	2	
179	183	-3	
50	55	-5	
41	44	-4	
42	44	3	
40	45	-4	
35	38	5	
275	277	-4	
271	279	-2	
265	271	-4	
411	414	4	
409	413	2	
331	334	2	
328	334	-4	
195	199	3	
315	317	4	
27	28	4	
24	31	-3	
296	300	-5	
240	304	-3	
163	227	5	
227	231	-2	
162	226	2	
85	93	3	
87	95	-4	
386	389	3	
387	390	-2	
490	492	-4	
48	54	-3	
143	151	-1	
9	12	-2	
11	13	-4	
498	502	2	
491	494	3	
440	446	3	
235	238	5	
233	238	3	
451	454	-4	
448	453	-4	
289	293	2	
242	247	2	
467	468	-3	
466	469	2	
425	429	-3	
361	425	-1	
182	190	-3	
187	190	-4	
405	413	3	
128	133	-5	
66	70	3	
65	71	-3	
273	276	3	
276	284	-3	
107	171	-2	
113	117	-2	
221	229	2	
222	230	1	
496	501	-4	
303	311	-1	
149	157	-2	
153	159	3	
145	151	-1	
72	79	-4	
75	139	-2	
136	141	5	
72	136	-2	
440	444	-2	
443	445	3	
211	213	-6	
475	478	4	
267	269	4	
180	188	-3	
505	509	3	
506	510	-2	
17	21	-4	
27	91	-1	
397	405	-1	
74	138	2	
73	137	2	
131	132	3	
300	308	-2	
104	110	6	
226	230	-3	
105	111	-2	
154	157	4	
73	76	-4	
82	86	4	
80	144	-1	
346	350	3	
336	342	2	
203	206	2	
202	207	4	
51	53	3	
274	278	-2	
168	174	2	
258	322	-2	
320	325	-3	
299	363	3	
298	362	3	
483	487	-3	
480	485	1	
31	39	-2	
448	455	3	
257	261	-3	
257	321	-2	
464	471	2	
466	471	-2	
81	145	-2	
368	375	2	
367	375	3	
115	179	-4	
178	182	-3	
5	13	1	
377	382	-2	
378	383	-1	
345	349	2	
434	438	-3	
234	236	-2	
235	239	-2	
120	126	-3	
394	396	5	
392	456	4	
70	78	-3	
305	310	3	
369	374	1	
227	291	2	
225	289	-2	
92	100	2	
94	102	3	
159	167	2	
401	407	-4	
170	172	-2	
169	172	-2	
249	252	3	
251	254	3	
25	29	-2	
29	37	2	
329	333	-3	
355	358	-4	
312	318	3	
312	319	-1	
68	76	-4	
241	244	-2	
241	305	3	
288	292	3	
416	420	2	
418	420	-3	
419	422	1	
225	228	-2	
203	267	-1	
201	265	-1	
32	36	3	
410	412	4	
370	372	-3	
488	495	2	
482	487	-2	
146	150	-2	
150	158	-1	
171	175	1	
26	31	4	
80	87	4	
266	330	-3	
216	220	2	
240	246	4	
243	246	-1	
219	283	1	
218	282	2	
227	229	-2	
272	278	2	
425	428	-3	
93	101	-2	
95	103	-1	
332	340	-2	
313	377	3	
353	356	-3	
19	20	-3	
462	470	-1	
248	253	-2	
347	350	-2	
402	404	-2	
400	407	-2	
481	486	-4	
121	127	2	
75	78	2	
460	468	1	
368	432	3	
356	364	-1	
321	327	-3	
298	301	-1	
160	164	3	
282	284	1	
281	287	2	
450	452	1	
152	156	-1	
200	205	-2	
329	393	-1	
421	429	1	
422	430	-2	
294	302	1	
375	383	-3	
344	351	1	
84	92	2	
73	79	-2	
441	447	2	
297	303	2	
297	361	-2	
457	463	3	
424	431	2	
209	273	2	
96	103	3	
195	259	1	
192	256	2	
223	231	-2	
83	86	2	
354	359	-2	
345	409	-2	
288	352	2	
465	468	2	
426	430	1	
147	149	1	
98	162	-2	
97	161	1	
44	52	1	
46	54	1	
9	14	-2	
88	152	1	
376	380	1	
420	428	1	
304	309	1	
341	349	2	
20	28	-2	
210	212	-1	
314	319	-2	
404	412	1	
378	442	-1	
270	278	-2	
112	176	-1	
328	332	2	
335	343	-1	
194	258	-1	
472	479	1	
315	379	1	
22	30	-1	
321	385	1	
216	280	1	
220	228	1	
43	107	-2	
86	94	-1	
171	235	-1	
168	232	-1	
179	181	-1	
340	348	-1	
286	294	1	
96	160	1	
Energy:	-3736	
