NumberOfQubits	504	
NumberOfSubgraphs	840	
Serial	54	
PlantedSolution:	
0	1	
1	1	
2	1	
3	1	
4	1	
5	-1	
6	1	
8	-1	
9	1	
10	-1	
11	-1	
12	1	
13	-1	
14	1	
15	1	
16	1	
17	1	
18	1	
19	1	
20	-1	
21	1	
22	-1	
23	-1	
24	1	
25	1	
26	-1	
27	1	
28	1	
29	-1	
30	1	
31	1	
32	-1	
33	1	
34	1	
35	1	
36	-1	
37	1	
38	-1	
39	-1	
40	1	
41	1	
42	1	
43	1	
44	1	
45	-1	
46	-1	
47	-1	
48	1	
49	-1	
50	1	
51	1	
52	-1	
53	-1	
54	-1	
55	1	
56	-1	
57	-1	
58	-1	
59	1	
60	-1	
61	-1	
62	1	
63	-1	
64	-1	
65	-1	
66	1	
67	-1	
68	1	
69	1	
70	-1	
71	-1	
72	1	
73	1	
74	-1	
75	1	
76	1	
77	1	
78	-1	
79	-1	
80	1	
81	1	
82	-1	
83	-1	
84	1	
85	1	
86	-1	
87	-1	
88	1	
89	1	
90	-1	
91	-1	
92	1	
93	-1	
94	-1	
95	1	
96	1	
97	-1	
98	-1	
99	1	
100	1	
101	-1	
102	1	
103	-1	
104	-1	
105	-1	
106	-1	
107	-1	
108	1	
109	-1	
110	1	
111	1	
112	1	
113	1	
114	1	
115	-1	
116	-1	
117	-1	
118	1	
119	-1	
120	-1	
121	1	
123	-1	
124	1	
125	1	
126	1	
127	-1	
128	-1	
129	1	
130	1	
131	-1	
132	-1	
133	-1	
134	1	
135	-1	
136	1	
137	-1	
138	-1	
139	-1	
141	-1	
142	-1	
143	-1	
144	-1	
145	-1	
146	1	
147	1	
148	1	
149	-1	
150	-1	
151	-1	
152	-1	
153	1	
154	1	
155	1	
156	1	
157	1	
158	-1	
159	-1	
160	-1	
161	1	
162	1	
163	-1	
164	1	
165	-1	
166	1	
167	-1	
168	-1	
169	-1	
170	1	
171	1	
172	1	
173	-1	
174	1	
175	1	
176	1	
177	-1	
178	-1	
179	-1	
180	1	
181	-1	
182	1	
183	-1	
184	-1	
185	1	
186	-1	
187	1	
188	1	
189	-1	
190	-1	
191	1	
192	-1	
193	1	
194	1	
195	-1	
196	1	
197	-1	
198	1	
199	-1	
200	-1	
201	1	
202	-1	
203	-1	
204	-1	
205	1	
206	-1	
207	-1	
208	1	
209	1	
210	-1	
211	-1	
212	1	
213	-1	
214	1	
215	1	
216	-1	
217	-1	
218	1	
219	-1	
220	-1	
221	-1	
222	1	
223	-1	
224	-1	
225	-1	
226	1	
227	-1	
228	1	
229	-1	
230	1	
231	1	
232	1	
233	1	
234	-1	
235	1	
236	1	
237	-1	
238	-1	
239	1	
240	1	
241	1	
242	-1	
243	-1	
244	-1	
245	-1	
246	1	
247	1	
248	1	
249	-1	
250	1	
251	-1	
252	1	
253	1	
254	1	
255	1	
256	1	
257	-1	
258	-1	
259	1	
260	-1	
261	1	
262	1	
263	-1	
264	1	
265	1	
266	1	
267	-1	
268	1	
269	1	
270	-1	
271	1	
272	1	
273	-1	
274	1	
275	1	
276	1	
277	-1	
278	1	
279	-1	
280	-1	
281	1	
282	1	
283	-1	
284	1	
285	-1	
286	-1	
287	1	
288	1	
289	1	
290	-1	
291	1	
292	1	
293	1	
294	1	
295	-1	
296	-1	
297	-1	
298	1	
299	-1	
300	-1	
301	1	
302	1	
303	1	
304	-1	
305	-1	
306	-1	
307	1	
308	1	
309	-1	
310	1	
311	1	
312	-1	
313	-1	
314	-1	
315	1	
316	1	
317	1	
318	-1	
319	1	
320	1	
321	1	
322	-1	
323	1	
324	1	
325	-1	
326	1	
327	-1	
328	1	
329	-1	
330	-1	
331	-1	
332	-1	
333	1	
334	1	
335	-1	
336	1	
337	-1	
338	-1	
339	-1	
340	-1	
341	-1	
342	-1	
343	-1	
344	-1	
345	1	
346	-1	
347	-1	
348	1	
349	1	
350	-1	
351	-1	
352	-1	
353	1	
354	1	
355	-1	
356	1	
357	-1	
358	-1	
359	1	
361	-1	
362	-1	
363	-1	
364	-1	
365	-1	
367	1	
368	-1	
369	1	
370	-1	
371	-1	
372	-1	
373	-1	
374	-1	
375	1	
376	-1	
377	1	
378	-1	
379	1	
380	1	
382	1	
383	1	
384	1	
385	1	
386	1	
387	-1	
388	1	
389	1	
390	1	
391	-1	
392	1	
393	1	
394	1	
396	-1	
397	1	
398	1	
399	1	
400	1	
401	-1	
402	1	
403	1	
404	1	
405	-1	
406	-1	
407	1	
408	-1	
409	1	
410	1	
411	-1	
412	1	
413	-1	
414	-1	
415	1	
416	1	
417	1	
418	1	
419	-1	
420	-1	
421	-1	
422	-1	
424	-1	
425	-1	
426	1	
427	-1	
428	-1	
429	-1	
430	-1	
431	-1	
432	-1	
433	1	
434	-1	
435	-1	
436	-1	
437	1	
438	1	
439	-1	
440	-1	
441	1	
442	1	
443	1	
444	1	
445	-1	
446	-1	
447	-1	
448	1	
449	-1	
450	-1	
451	-1	
452	1	
453	1	
454	1	
455	-1	
456	1	
457	-1	
458	-1	
459	1	
460	-1	
461	-1	
462	1	
463	1	
464	1	
465	-1	
466	1	
467	1	
468	-1	
469	-1	
470	1	
471	-1	
472	-1	
473	-1	
474	-1	
475	-1	
476	-1	
477	1	
478	-1	
479	-1	
480	-1	
481	-1	
482	-1	
483	-1	
484	1	
485	1	
486	1	
487	1	
488	1	
489	1	
490	1	
491	-1	
492	1	
493	1	
494	-1	
495	-1	
496	-1	
497	-1	
498	-1	
499	-1	
500	1	
501	1	
502	1	
503	-1	
504	-1	
505	1	
506	-1	
507	1	
508	-1	
509	1	
510	1	
511	1	
Js:	
90	93	-5	
93	101	-2	
97	101	-5	
97	103	-4	
95	103	-4	
90	95	1	
152	157	5	
154	157	-4	
154	158	-3	
155	158	4	
155	159	4	
152	159	-5	
9	14	-4	
14	22	-3	
17	22	2	
17	23	4	
15	23	3	
9	15	-4	
297	300	-3	
298	300	6	
298	303	-4	
296	303	6	
296	301	-3	
297	301	5	
202	204	-4	
203	204	-5	
203	267	2	
267	269	2	
266	269	-2	
202	266	1	
457	460	-6	
459	460	3	
459	461	4	
456	461	5	
456	462	3	
457	462	3	
42	47	5	
43	47	4	
43	107	2	
107	109	-3	
106	109	4	
42	106	4	
432	436	-4	
435	436	-3	
435	438	2	
434	438	2	
434	437	4	
432	437	5	
305	308	4	
306	308	-5	
306	370	-1	
370	375	5	
369	375	-4	
305	369	3	
488	493	-6	
490	493	4	
490	495	5	
491	495	-5	
491	494	-4	
488	494	5	
169	172	6	
171	172	-3	
171	175	-6	
168	175	3	
168	174	4	
169	174	4	
322	324	5	
324	332	4	
331	332	-3	
331	333	6	
325	333	5	
322	325	-5	
115	116	3	
116	124	6	
121	124	-3	
121	125	-4	
117	125	7	
115	117	-5	
184	189	-2	
185	189	5	
185	191	-4	
186	191	7	
186	190	2	
184	190	-4	
499	501	2	
501	509	-3	
507	509	-7	
507	511	3	
503	511	3	
499	503	-5	
337	340	-6	
339	340	-4	
339	342	-3	
338	342	6	
338	343	-5	
337	343	-2	
32	37	4	
34	37	-5	
34	39	-3	
35	39	7	
35	38	3	
32	38	-5	
288	295	-3	
290	295	-4	
290	354	2	
354	358	2	
352	358	-6	
288	352	3	
409	413	5	
410	413	3	
410	414	-3	
411	414	-4	
411	415	3	
409	415	-4	
307	310	-4	
310	318	6	
312	318	-5	
312	319	5	
311	319	-4	
307	311	-3	
425	428	-6	
426	428	-4	
426	430	2	
424	430	-4	
424	429	-4	
425	429	-4	
160	164	5	
163	164	4	
163	227	1	
227	231	5	
224	231	6	
160	224	-2	
401	404	5	
402	404	-4	
402	405	3	
400	405	-3	
400	407	-4	
401	407	4	
416	421	6	
417	421	4	
417	481	6	
481	486	-2	
480	486	5	
416	480	3	
128	134	-3	
134	142	4	
139	142	-4	
139	143	-4	
135	143	-4	
128	135	-4	
241	245	5	
242	245	-4	
242	247	-3	
240	247	-3	
240	246	-6	
241	246	-3	
64	68	4	
65	68	6	
65	69	4	
66	69	5	
66	71	7	
64	71	-4	
82	84	4	
83	84	7	
83	86	-3	
81	86	4	
81	87	2	
82	87	-4	
58	61	-4	
59	61	4	
59	63	3	
57	63	3	
57	62	4	
58	62	5	
146	148	-3	
147	148	-4	
147	149	-4	
145	149	-3	
145	150	-4	
146	150	3	
264	268	-6	
268	276	-3	
274	276	-5	
274	279	5	
271	279	1	
264	271	1	
280	284	-3	
282	284	-4	
282	346	4	
346	349	3	
344	349	6	
280	344	-3	
233	237	6	
234	237	-4	
234	238	-7	
232	238	3	
232	239	-3	
233	239	-4	
361	364	-5	
362	364	-9	
362	365	-4	
363	365	-7	
363	367	7	
361	367	5	
209	213	4	
210	213	-4	
210	214	5	
211	214	4	
211	215	4	
209	215	-4	
385	389	-3	
389	397	-6	
393	397	-4	
393	399	-5	
391	399	5	
385	391	5	
448	452	-2	
449	452	5	
449	454	4	
450	454	3	
450	453	-6	
448	453	-5	
377	380	-5	
378	380	-7	
378	442	2	
442	445	5	
441	445	4	
377	441	-2	
72	77	-4	
73	77	-6	
73	79	5	
75	79	2	
75	78	5	
72	78	4	
40	45	4	
45	53	1	
51	53	4	
51	54	6	
46	54	-2	
40	46	4	
192	197	-7	
197	205	2	
200	205	6	
200	207	-3	
199	207	4	
192	199	-5	
466	470	-3	
470	478	2	
473	478	5	
473	479	-8	
471	479	-3	
466	471	3	
323	326	-7	
326	334	-4	
328	334	-6	
328	335	5	
327	335	-5	
323	327	4	
216	220	-5	
219	220	-4	
219	221	-3	
217	221	-3	
217	222	4	
216	222	-3	
176	180	-4	
177	180	4	
177	181	-6	
178	181	-4	
178	182	-4	
176	182	-4	
129	132	5	
131	132	-7	
131	195	-3	
195	198	2	
193	198	-5	
129	193	1	
248	253	-5	
249	253	-5	
249	254	6	
250	254	-5	
250	255	-2	
248	255	-7	
256	261	-2	
257	261	6	
257	262	-1	
258	262	6	
258	263	-4	
256	263	5	
24	28	-5	
27	28	-3	
27	29	3	
26	29	-5	
26	31	5	
24	31	-4	
281	286	3	
283	286	-6	
283	347	2	
347	350	-8	
345	350	5	
281	345	-3	
0	4	-2	
4	12	-4	
11	12	-5	
11	13	-5	
5	13	-3	
0	5	7	
376	382	5	
379	382	-4	
379	443	-3	
443	446	6	
440	446	-6	
376	440	3	
289	292	-5	
291	292	2	
291	355	1	
355	357	-7	
353	357	2	
289	353	-2	
474	476	-5	
476	484	-3	
483	484	3	
483	485	4	
477	485	-4	
474	477	5	
105	110	3	
110	118	-1	
114	118	-5	
114	119	4	
111	119	-1	
105	111	5	
89	92	-3	
92	100	2	
96	100	-3	
96	102	-4	
94	102	4	
89	94	4	
161	165	7	
162	165	5	
162	226	1	
226	228	-7	
225	228	4	
161	225	2	
386	388	-4	
388	396	4	
394	396	4	
394	398	-4	
390	398	-7	
386	390	-5	
496	500	3	
500	508	3	
504	508	-5	
504	510	5	
502	510	3	
496	502	2	
465	468	-4	
467	468	3	
467	469	5	
464	469	-3	
464	470	-3	
465	470	6	
137	141	-3	
138	141	-4	
138	202	-5	
202	206	-6	
201	206	2	
137	201	-5	
18	20	-2	
19	20	5	
19	21	-3	
16	21	-4	
16	22	3	
18	22	5	
208	212	-6	
211	212	6	
211	275	-3	
275	278	-4	
272	278	-4	
208	272	-3	
48	52	3	
49	52	-3	
49	113	-5	
113	116	3	
112	116	3	
48	112	-6	
304	309	-6	
307	309	3	
307	371	4	
371	374	3	
368	374	-4	
304	368	-2	
120	126	5	
123	126	3	
123	187	-2	
187	188	-4	
184	188	6	
120	184	-3	
250	252	-3	
251	252	6	
251	315	-3	
315	316	-4	
314	316	3	
250	314	3	
1	6	-3	
3	6	-5	
3	67	5	
67	70	-5	
65	70	-4	
1	65	4	
408	412	4	
412	420	3	
419	420	-6	
419	422	-3	
414	422	-2	
408	414	-4	
273	277	-4	
277	285	-5	
281	285	5	
281	287	-3	
279	287	6	
273	279	-2	
482	484	4	
484	492	-2	
489	492	5	
489	495	4	
487	495	2	
482	487	3	
345	348	-3	
348	356	-3	
355	356	1	
355	359	4	
351	359	5	
345	351	-6	
427	430	-3	
430	438	4	
433	438	-6	
433	439	-3	
431	439	-3	
427	431	-5	
80	85	-4	
82	85	4	
82	146	2	
146	151	4	
144	151	3	
80	144	3	
384	391	4	
387	391	-4	
387	451	-5	
451	455	-6	
448	455	-4	
384	448	-3	
153	156	-5	
154	156	-4	
154	218	-3	
218	223	5	
217	223	6	
153	217	4	
104	108	-4	
106	108	5	
106	170	3	
170	173	7	
168	173	-6	
104	168	-2	
8	13	-4	
10	13	-5	
10	74	-4	
74	76	3	
72	76	-2	
8	72	5	
33	36	3	
36	44	-2	
41	44	-4	
41	46	6	
38	46	-2	
33	38	4	
290	293	2	
293	301	-4	
299	301	-2	
299	302	7	
294	302	-5	
290	294	4	
176	183	4	
179	183	-3	
179	243	-6	
243	244	-4	
240	244	4	
176	240	-4	
130	133	4	
131	133	-3	
195	196	-6	
194	196	-5	
130	194	-3	
50	52	5	
52	60	-7	
56	60	-2	
56	63	-5	
55	63	4	
50	55	-5	
265	270	4	
266	270	4	
266	330	6	
330	332	-4	
329	332	-4	
265	329	4	
336	341	4	
339	341	-4	
339	403	3	
403	406	4	
400	406	3	
336	400	-3	
441	447	2	
442	447	5	
442	506	4	
506	510	5	
505	510	-6	
441	505	-3	
256	260	4	
259	260	-3	
259	323	-2	
320	326	-2	
256	320	-4	
228	236	-2	
235	236	4	
235	238	3	
230	238	2	
226	230	-4	
25	30	-4	
27	30	-5	
27	91	4	
91	92	5	
25	89	-6	
312	317	-3	
313	317	8	
313	377	2	
377	383	-4	
376	383	6	
312	376	-4	
392	397	-2	
394	397	-6	
394	458	3	
458	463	3	
456	463	6	
392	456	-3	
98	100	4	
99	100	-7	
99	163	4	
163	166	5	
162	166	-5	
98	162	2	
472	477	4	
475	477	3	
475	478	-7	
472	479	-5	
497	500	3	
498	500	4	
498	502	5	
499	502	4	
497	503	-6	
369	372	5	
371	372	-4	
371	373	6	
370	373	-3	
160	167	4	
161	167	3	
225	229	-4	
224	229	-4	
136	142	3	
137	142	-6	
201	205	-4	
136	200	5	
113	118	-4	
118	126	-6	
121	126	-4	
121	127	-6	
119	127	-3	
113	119	5	
417	422	6	
418	422	5	
418	482	5	
481	487	-4	
88	94	2	
96	103	5	
88	95	-5	
320	324	-5	
321	324	-3	
321	385	-3	
385	388	-2	
384	388	-6	
320	384	4	
2	4	-7	
10	12	3	
10	14	4	
6	14	1	
2	6	-7	
434	436	-4	
436	444	6	
440	444	3	
440	447	-3	
439	447	-6	
434	439	1	
24	29	4	
29	37	-3	
35	37	-2	
31	39	2	
130	134	-5	
194	199	2	
128	192	-3	
284	292	-2	
288	292	-5	
287	295	2	
282	287	-4	
209	214	-5	
210	274	3	
274	277	-4	
209	273	5	
344	348	4	
346	348	4	
346	350	-4	
347	349	3	
80	86	4	
81	145	2	
144	150	-6	
170	172	-4	
171	173	3	
171	174	-5	
11	15	5	
11	75	2	
75	77	-4	
9	73	3	
309	317	2	
313	319	2	
304	311	5	
459	462	-7	
458	462	4	
458	461	-5	
457	461	4	
58	60	-4	
59	60	4	
59	62	-5	
56	62	6	
56	61	-5	
235	237	3	
235	299	4	
299	300	-4	
233	297	4	
464	468	4	
466	468	4	
466	469	5	
465	469	-3	
465	471	-5	
464	471	5	
424	428	-3	
426	429	7	
425	431	-3	
424	431	-6	
259	261	-6	
261	269	-6	
267	271	5	
263	271	5	
259	263	-3	
404	412	-2	
408	413	-4	
405	413	3	
401	405	-3	
179	180	6	
180	188	-3	
185	188	-3	
185	190	-5	
182	190	3	
179	182	3	
243	245	-4	
245	253	2	
246	254	-5	
243	246	3	
353	356	-5	
354	356	-5	
354	357	-5	
352	357	-2	
352	359	2	
353	359	-6	
386	389	-4	
387	389	3	
451	452	4	
450	452	7	
386	450	-2	
333	341	2	
338	341	-3	
335	343	2	
331	335	-4	
40	44	-4	
43	44	-8	
43	45	4	
41	45	5	
41	47	-3	
40	47	4	
232	236	-6	
236	244	3	
242	244	-3	
239	247	-4	
88	93	5	
91	93	3	
91	155	1	
88	152	4	
17	20	4	
19	23	5	
18	23	5	
18	21	-6	
17	21	4	
212	220	-2	
218	220	3	
215	223	3	
208	215	-3	
507	508	5	
505	509	-3	
505	511	-5	
504	511	5	
362	367	3	
361	365	-5	
66	68	-3	
67	71	-4	
64	70	3	
49	53	-4	
48	54	-5	
48	55	-3	
49	55	4	
129	133	3	
133	141	-4	
139	141	4	
129	135	4	
419	421	-5	
419	483	-4	
483	486	6	
107	108	3	
107	111	4	
105	109	-4	
104	109	-4	
221	229	-4	
227	229	4	
227	230	5	
222	230	-4	
219	222	5	
393	398	-5	
398	406	-2	
402	406	4	
402	407	-4	
399	407	-2	
283	285	-3	
285	293	2	
291	293	-5	
291	294	-3	
286	294	-2	
314	318	-3	
315	318	4	
315	379	-2	
379	380	-6	
314	378	-4	
257	260	-6	
258	260	-4	
258	322	-3	
321	325	-4	
257	321	3	
34	36	4	
34	98	-4	
98	101	-4	
33	97	4	
488	492	-4	
490	492	-5	
489	493	-4	
489	494	4	
410	415	-5	
411	475	-4	
475	476	-6	
410	474	4	
181	189	-4	
187	189	4	
187	191	3	
183	191	4	
178	183	-3	
272	276	-4	
270	278	-1	
264	270	5	
193	196	-4	
196	204	4	
203	206	2	
198	206	4	
148	156	-4	
153	157	-5	
149	157	4	
433	437	1	
433	497	4	
497	501	3	
496	501	6	
432	496	-4	
76	84	-3	
83	87	-4	
79	87	-3	
74	79	-5	
114	116	-4	
120	124	5	
120	125	5	
114	117	2	
300	308	2	
306	310	4	
302	310	-1	
298	302	-1	
330	334	4	
330	394	-1	
392	396	5	
328	392	-2	
336	340	4	
337	342	-6	
339	343	-4	
336	343	5	
442	444	4	
443	444	-2	
440	445	-4	
3	4	-4	
3	5	4	
1	5	-6	
249	252	3	
251	255	3	
368	372	-4	
372	380	-2	
374	382	3	
451	453	4	
451	454	3	
449	455	-5	
450	455	-2	
26	30	3	
26	90	-4	
89	93	5	
162	164	3	
162	167	4	
160	165	-3	
232	237	3	
234	298	3	
232	296	5	
418	420	-3	
482	485	4	
112	117	-3	
123	125	2	
123	127	-7	
112	119	4	
74	78	-3	
74	138	-3	
136	141	4	
72	136	1	
179	181	-3	
243	247	2	
241	247	-4	
177	241	-2	
99	102	-2	
102	110	-2	
107	110	6	
103	111	-4	
99	103	2	
66	130	-1	
130	132	5	
65	129	2	
265	271	-3	
266	271	-5	
329	334	-4	
16	23	3	
17	81	-6	
81	85	-5	
16	80	-5	
400	404	-4	
403	404	-3	
403	467	-4	
467	471	3	
400	464	-3	
427	429	-4	
427	491	-4	
490	494	4	
426	490	2	
155	156	-6	
156	164	2	
158	166	3	
320	327	3	
322	327	-3	
322	386	3	
384	390	-1	
216	223	-3	
218	282	-3	
280	287	3	
216	280	-6	
205	213	2	
210	215	3	
207	215	3	
201	207	4	
57	60	-5	
57	61	-4	
53	61	3	
50	53	5	
350	358	-3	
353	358	4	
195	197	-5	
195	259	-1	
259	262	-5	
256	262	-4	
192	256	1	
435	499	-4	
499	500	5	
434	498	-4	
307	308	-5	
369	373	4	
225	231	4	
226	231	-3	
226	290	-4	
289	293	-5	
225	289	4	
312	316	-3	
378	383	4	
28	36	3	
32	36	-4	
409	473	3	
408	472	5	
169	175	5	
170	175	-2	
170	234	2	
234	239	-3	
169	233	3	
144	148	3	
145	148	6	
146	149	4	
505	508	-3	
506	508	-4	
506	511	4	
458	460	-3	
457	463	5	
275	277	4	
273	278	7	
186	189	-5	
187	190	6	
51	55	-4	
51	115	5	
115	118	3	
42	45	-4	
106	110	3	
104	110	5	
40	104	4	
8	12	2	
9	12	-5	
9	13	4	
10	15	4	
8	15	4	
67	69	3	
64	69	5	
0	64	5	
281	284	-4	
283	284	4	
280	286	-4	
280	285	-3	
289	295	-2	
291	295	6	
288	294	-4	
297	303	5	
299	303	-1	
299	363	-2	
297	361	-4	
217	220	1	
220	228	3	
224	228	2	
224	230	3	
208	213	4	
340	348	2	
341	349	-3	
337	341	-4	
403	407	-2	
402	466	3	
242	306	-3	
306	309	-4	
305	309	-5	
241	305	-3	
480	484	4	
478	486	2	
267	268	3	
267	270	-4	
265	269	-5	
264	269	4	
84	92	-3	
91	95	-3	
87	95	5	
244	252	-3	
354	418	-3	
418	421	-4	
352	416	4	
491	492	4	
328	332	4	
329	333	-2	
20	28	3	
25	28	-3	
22	30	-3	
19	22	4	
138	142	-5	
139	203	-5	
34	38	4	
42	46	4	
174	182	-3	
177	182	3	
177	183	-4	
175	183	2	
57	121	4	
120	127	-2	
56	120	-2	
387	388	-4	
393	396	3	
346	351	-3	
347	351	1	
347	411	-2	
411	412	3	
410	412	-3	
346	410	2	
77	85	-3	
82	86	-4	
78	86	3	
73	78	1	
377	382	-5	
375	383	-3	
368	375	4	
304	310	-4	
313	318	-2	
498	501	-4	
497	502	4	
496	503	-3	
193	197	-3	
194	197	3	
194	258	1	
257	263	-3	
193	257	1	
90	94	-4	
90	154	-3	
154	159	3	
32	39	-3	
35	99	-4	
32	96	-2	
448	454	-6	
454	462	-4	
459	463	-4	
455	463	3	
385	390	5	
392	398	-2	
392	399	-6	
441	444	-5	
437	445	4	
131	134	3	
136	143	5	
131	135	-6	
323	325	-2	
321	326	-4	
274	338	1	
336	342	1	
272	336	-3	
68	76	4	
75	76	-6	
71	79	-3	
112	118	-3	
114	178	1	
178	180	4	
112	176	1	
481	485	4	
479	487	1	
474	479	-3	
442	446	2	
443	507	-4	
506	509	3	
364	372	-2	
370	372	-3	
365	373	3	
223	231	1	
219	223	-2	
186	188	4	
186	250	2	
184	248	3	
153	158	2	
150	158	-3	
147	150	4	
192	198	3	
200	206	-3	
401	406	-4	
406	414	-3	
409	414	4	
407	415	-4	
417	420	-3	
420	428	-2	
425	430	-3	
422	430	-2	
296	302	5	
164	172	-3	
168	172	3	
165	173	-3	
59	123	4	
13	21	1	
8	14	5	
468	476	-2	
472	476	-3	
472	478	-3	
105	108	5	
108	116	1	
109	117	-1	
449	453	4	
27	31	-5	
24	30	-3	
128	133	-6	
50	54	1	
54	62	2	
58	63	5	
355	358	-5	
313	316	6	
315	319	-4	
314	319	3	
314	317	4	
1	4	-5	
152	158	-5	
160	166	2	
159	167	-1	
435	437	5	
435	439	-4	
12	20	1	
16	20	5	
233	238	-3	
298	301	-4	
396	404	-2	
403	405	6	
397	405	2	
248	252	-5	
249	255	4	
211	213	-5	
219	283	-3	
83	147	-1	
147	151	5	
145	151	-4	
48	53	3	
50	114	-4	
367	375	-3	
320	325	4	
195	199	-3	
193	199	4	
194	198	-6	
424	488	3	
137	143	-3	
138	143	-3	
201	204	4	
123	124	4	
2	66	-4	
349	357	3	
344	351	-5	
72	79	4	
107	171	2	
105	169	1	
323	324	-3	
408	415	2	
178	242	-4	
242	246	3	
100	108	-2	
106	111	3	
306	311	3	
226	229	-3	
225	230	2	
295	303	3	
456	460	3	
427	428	-3	
425	489	3	
265	268	-3	
266	268	-2	
409	412	3	
25	31	-2	
218	221	4	
441	446	4	
170	174	-2	
166	174	-2	
161	166	3	
203	207	-4	
282	286	-3	
88	92	-4	
33	37	-4	
37	45	2	
39	47	-2	
33	39	3	
146	210	2	
210	212	-3	
144	208	1	
235	239	-5	
370	374	-5	
371	435	-2	
370	434	-3	
292	300	4	
288	293	2	
275	279	-4	
481	484	4	
483	487	5	
384	389	-4	
128	132	-3	
129	134	5	
19	83	3	
83	85	-4	
96	101	4	
98	102	5	
97	102	3	
73	76	-2	
260	268	-3	
214	222	-2	
237	245	-3	
238	246	2	
368	373	-4	
411	413	-4	
275	276	-3	
275	339	2	
227	291	3	
26	28	3	
91	94	-4	
65	71	-2	
460	468	-3	
461	469	-3	
49	54	-4	
113	117	2	
167	175	-2	
163	167	-4	
187	251	3	
251	254	2	
185	249	2	
329	335	-3	
321	327	3	
432	438	4	
507	510	1	
151	159	3	
352	356	3	
473	477	3	
18	82	2	
262	270	4	
35	36	4	
67	68	3	
70	78	-4	
329	393	1	
485	493	-1	
491	493	3	
486	494	-1	
155	157	-2	
155	219	3	
202	207	-2	
0	6	-4	
376	380	2	
378	382	3	
356	364	-1	
359	367	-2	
323	387	2	
387	390	2	
250	253	-5	
251	253	3	
467	470	-5	
401	465	2	
289	294	2	
171	235	-1	
168	232	-2	
208	214	-3	
276	284	-3	
453	461	-1	
25	29	-3	
41	105	2	
345	349	-2	
345	409	1	
344	408	-1	
144	149	4	
426	431	-3	
97	100	-2	
504	509	4	
322	326	3	
241	244	3	
305	311	4	
355	419	-2	
416	422	2	
369	374	3	
278	286	-2	
492	500	-2	
495	503	-2	
115	119	-3	
115	179	1	
113	177	1	
267	331	4	
330	333	4	
224	288	3	
80	84	2	
80	87	2	
473	476	1	
73	137	-3	
248	254	2	
247	255	-4	
432	439	3	
452	460	-2	
482	486	4	
480	487	5	
153	159	4	
347	348	4	
233	236	2	
11	14	-3	
386	391	2	
99	101	3	
96	160	2	
69	77	-1	
64	128	1	
363	364	3	
332	340	-1	
338	340	-3	
334	342	1	
433	436	3	
369	433	1	
173	181	-2	
176	181	-1	
202	205	2	
206	214	-1	
86	94	-2	
216	221	-3	
282	285	2	
66	70	2	
184	191	2	
272	277	4	
269	277	1	
21	29	-2	
104	111	3	
488	495	2	
42	44	-3	
23	31	2	
480	485	3	
469	477	1	
90	92	3	
274	278	-2	
371	375	1	
283	287	-2	
337	401	-2	
240	245	-2	
385	449	2	
308	316	-2	
203	205	2	
200	264	2	
379	383	-3	
74	77	2	
101	109	-2	
227	228	2	
2	5	2	
272	279	2	
290	292	4	
438	446	-2	
298	362	-2	
493	501	-2	
494	502	2	
161	164	-3	
141	149	1	
143	151	-1	
315	317	-3	
462	470	-1	
258	261	2	
443	445	3	
440	504	3	
498	503	1	
474	478	-3	
75	139	1	
463	471	1	
416	420	3	
413	421	-1	
213	221	-1	
201	265	1	
363	427	-1	
362	426	2	
204	212	2	
209	212	1	
89	95	-2	
273	276	2	
234	236	1	
304	308	-2	
301	309	2	
328	333	-1	
163	165	-2	
97	161	-2	
297	302	-1	
30	38	-2	
305	310	1	
145	209	-1	
47	55	2	
218	222	-2	
130	135	2	
296	300	-1	
264	328	-2	
394	399	-2	
393	457	2	
342	350	-1	
443	447	-2	
24	88	-2	
361	425	-1	
192	196	1	
338	402	-2	
429	437	-1	
217	281	2	
303	311	1	
344	350	-1	
43	46	2	
51	52	1	
98	103	-1	
172	180	1	
331	334	1	
121	185	1	
229	237	-1	
231	239	1	
243	307	1	
240	304	-1	
357	365	-1	
354	359	-1	
330	335	-1	
200	204	1	
169	173	1	
353	417	-1	
81	84	1	
152	156	1	
44	52	-1	
Energy:	-3800	
