NumberOfQubits	504	
NumberOfSubgraphs	672	
Serial	464	
PlantedSolution:	
0	1	
1	1	
2	-1	
3	-1	
4	1	
5	1	
6	1	
8	1	
9	1	
10	1	
11	1	
12	1	
13	1	
14	1	
15	-1	
16	-1	
17	-1	
18	1	
19	1	
20	1	
21	-1	
22	1	
23	1	
24	1	
25	-1	
26	1	
27	-1	
28	1	
29	-1	
30	-1	
31	1	
32	1	
33	1	
34	1	
35	-1	
36	1	
37	-1	
38	1	
39	1	
40	1	
41	1	
42	-1	
43	-1	
44	-1	
45	-1	
46	1	
47	1	
48	1	
49	1	
50	1	
51	-1	
52	-1	
53	1	
54	-1	
55	-1	
56	-1	
57	-1	
58	-1	
59	1	
60	-1	
61	-1	
62	1	
63	-1	
64	1	
65	1	
66	1	
67	1	
68	-1	
69	1	
70	1	
71	-1	
72	1	
73	-1	
74	-1	
75	-1	
76	1	
77	1	
78	1	
79	1	
80	-1	
81	1	
82	1	
83	-1	
84	-1	
85	1	
86	-1	
87	1	
88	-1	
89	-1	
90	-1	
91	1	
92	1	
93	1	
94	-1	
95	-1	
96	-1	
97	1	
98	1	
99	1	
100	1	
101	1	
102	-1	
103	-1	
104	1	
105	-1	
106	1	
107	-1	
108	-1	
109	-1	
110	-1	
111	-1	
112	-1	
113	-1	
114	-1	
115	1	
116	1	
117	1	
118	-1	
119	1	
120	-1	
121	-1	
123	1	
124	-1	
125	1	
126	-1	
127	-1	
128	-1	
129	1	
130	1	
131	1	
132	1	
133	-1	
134	1	
135	-1	
136	-1	
137	1	
138	-1	
139	1	
141	-1	
142	-1	
143	-1	
144	-1	
145	1	
146	-1	
147	1	
148	-1	
149	-1	
150	-1	
151	-1	
152	1	
153	-1	
154	-1	
155	1	
156	-1	
157	1	
158	1	
159	-1	
160	-1	
161	-1	
162	-1	
163	-1	
164	-1	
165	-1	
166	-1	
167	-1	
168	1	
169	-1	
170	1	
171	-1	
172	1	
173	-1	
174	1	
175	1	
176	1	
177	-1	
178	-1	
179	-1	
180	1	
181	-1	
182	1	
183	-1	
184	1	
185	1	
186	-1	
187	1	
188	1	
189	-1	
190	1	
191	1	
192	-1	
193	1	
194	-1	
195	-1	
196	1	
197	-1	
198	1	
199	1	
200	-1	
201	-1	
202	1	
203	1	
204	1	
205	1	
206	-1	
207	1	
208	-1	
209	1	
210	1	
211	-1	
212	-1	
213	-1	
214	-1	
215	1	
216	1	
217	1	
218	1	
219	1	
220	1	
221	-1	
222	-1	
223	1	
224	1	
225	-1	
226	1	
227	1	
228	-1	
229	1	
230	-1	
231	1	
232	1	
233	-1	
234	1	
235	1	
236	1	
237	1	
238	1	
239	-1	
240	-1	
241	1	
242	1	
243	-1	
244	1	
245	1	
246	-1	
247	-1	
248	1	
249	1	
250	1	
251	-1	
252	1	
253	1	
254	-1	
255	1	
256	-1	
257	1	
258	1	
259	1	
260	1	
261	-1	
262	-1	
263	1	
264	-1	
265	1	
266	1	
267	-1	
268	1	
269	1	
270	-1	
271	-1	
272	-1	
273	-1	
274	1	
275	1	
276	-1	
277	1	
278	1	
279	-1	
280	1	
281	-1	
282	1	
283	1	
284	1	
285	-1	
286	-1	
287	-1	
288	-1	
289	-1	
290	-1	
291	-1	
292	-1	
293	-1	
294	-1	
295	-1	
296	-1	
297	-1	
298	1	
299	-1	
300	1	
301	-1	
302	1	
303	-1	
304	1	
305	-1	
306	1	
307	1	
308	-1	
309	-1	
310	1	
311	-1	
312	-1	
313	1	
314	-1	
315	-1	
316	-1	
317	1	
318	1	
319	-1	
320	-1	
321	1	
322	-1	
323	1	
324	1	
325	-1	
326	-1	
327	-1	
328	1	
329	1	
330	-1	
331	-1	
332	-1	
333	-1	
334	1	
335	-1	
336	-1	
337	1	
338	-1	
339	1	
340	-1	
341	1	
342	-1	
343	1	
344	1	
345	1	
346	-1	
347	1	
348	1	
349	-1	
350	1	
351	1	
352	1	
353	1	
354	1	
355	1	
356	1	
357	1	
358	1	
359	1	
361	-1	
362	-1	
363	-1	
364	1	
365	1	
367	1	
368	-1	
369	1	
370	-1	
371	1	
372	1	
373	-1	
374	-1	
375	1	
376	1	
377	1	
378	1	
379	1	
380	-1	
382	-1	
383	-1	
384	1	
385	-1	
386	-1	
387	1	
388	-1	
389	1	
390	-1	
391	1	
392	1	
393	-1	
394	-1	
396	1	
397	-1	
398	1	
399	1	
400	-1	
401	1	
402	-1	
403	1	
404	-1	
405	-1	
406	-1	
407	-1	
408	1	
409	1	
410	-1	
411	-1	
412	-1	
413	1	
414	1	
415	-1	
416	1	
417	1	
418	-1	
419	-1	
420	1	
421	1	
422	-1	
424	-1	
425	-1	
426	-1	
427	1	
428	-1	
429	-1	
430	1	
431	-1	
432	1	
433	1	
434	1	
435	1	
436	1	
437	-1	
438	-1	
439	1	
440	-1	
441	1	
442	-1	
443	-1	
444	-1	
445	-1	
446	1	
447	-1	
448	-1	
449	1	
450	-1	
451	1	
452	-1	
453	1	
454	-1	
455	1	
456	1	
457	1	
458	-1	
459	1	
460	1	
461	1	
462	1	
463	1	
464	-1	
465	-1	
466	-1	
467	-1	
468	-1	
469	-1	
470	-1	
471	1	
472	1	
473	-1	
474	1	
475	-1	
476	-1	
477	-1	
478	1	
479	-1	
480	1	
481	-1	
482	1	
483	-1	
484	1	
485	1	
486	-1	
487	1	
488	-1	
489	1	
490	-1	
491	1	
492	1	
493	-1	
494	1	
495	-1	
496	1	
497	1	
498	-1	
499	-1	
500	-1	
501	-1	
502	-1	
503	1	
504	1	
505	-1	
506	-1	
507	1	
508	-1	
509	-1	
510	1	
511	1	
Js:	
272	277	2	
277	285	-2	
281	285	-3	
281	287	-4	
279	287	-4	
272	279	-3	
208	212	-3	
211	212	-1	
211	214	-7	
209	214	2	
209	215	3	
208	215	4	
225	229	5	
226	229	-4	
226	290	-1	
290	293	-3	
289	293	-3	
225	289	-2	
489	492	-4	
491	492	-3	
491	495	4	
490	495	-5	
490	493	-2	
489	493	5	
385	390	-4	
387	390	-4	
387	451	-2	
451	453	-5	
449	453	-3	
385	449	1	
200	207	4	
203	207	-6	
203	267	1	
267	269	4	
264	269	-1	
200	264	-3	
498	500	-4	
500	508	-1	
504	508	-5	
504	511	-3	
503	511	-3	
498	503	5	
41	44	3	
43	44	-3	
43	47	4	
40	47	-4	
40	46	4	
41	46	-4	
56	60	-6	
57	60	-2	
57	121	-2	
121	124	-5	
120	124	3	
56	120	-2	
291	294	-4	
294	302	1	
297	302	-2	
297	303	-4	
295	303	-4	
291	295	-4	
241	244	-1	
243	244	3	
243	246	-4	
240	246	2	
240	247	-4	
241	247	2	
328	333	2	
330	333	-6	
330	394	-3	
394	396	-4	
392	396	-4	
328	392	-2	
98	100	-5	
99	100	-4	
99	103	2	
96	103	3	
96	102	-6	
98	102	2	
402	405	-3	
403	405	2	
403	467	4	
467	468	-3	
466	468	-4	
402	466	-2	
336	341	5	
337	341	4	
337	342	4	
338	342	-5	
338	343	5	
336	343	3	
169	172	6	
171	172	4	
171	235	-2	
235	239	3	
233	239	-5	
169	233	-2	
416	420	-3	
419	420	4	
419	421	5	
418	421	3	
418	422	-4	
416	422	5	
80	84	-2	
83	84	-4	
83	85	1	
82	85	-3	
82	87	2	
80	87	4	
345	350	4	
347	350	-5	
347	411	2	
411	413	2	
409	413	-4	
345	409	-3	
426	428	-5	
427	428	4	
427	430	-3	
424	430	3	
424	429	-5	
426	429	3	
112	117	-3	
115	117	-5	
115	118	2	
114	118	-3	
114	119	3	
112	119	5	
376	380	6	
379	380	4	
379	443	1	
443	446	2	
440	446	4	
376	440	-1	
152	158	-4	
158	166	3	
162	166	-5	
162	167	2	
159	167	-3	
152	159	4	
25	29	-4	
29	37	-3	
33	37	-5	
33	39	-3	
31	39	-2	
25	31	3	
370	372	6	
371	372	-4	
371	435	-2	
435	438	3	
434	438	3	
370	434	-1	
256	260	4	
258	260	-5	
258	322	3	
322	325	-5	
320	325	-4	
256	320	2	
72	76	-3	
74	76	2	
74	79	5	
75	79	2	
75	77	3	
72	77	-4	
130	134	-3	
134	142	2	
136	142	-3	
136	143	-6	
135	143	1	
130	135	6	
352	356	1	
354	356	-2	
354	357	-3	
353	357	-2	
353	359	-3	
352	359	-4	
184	188	-4	
187	188	-3	
187	251	3	
251	255	4	
248	255	-5	
184	248	-3	
176	180	-3	
177	180	4	
177	183	-2	
178	183	3	
178	181	-2	
176	181	5	
153	157	-2	
155	157	-5	
155	219	-3	
219	222	3	
217	222	3	
153	217	3	
18	20	3	
19	20	-5	
19	23	-5	
16	23	4	
16	22	4	
18	22	-5	
458	460	3	
459	460	-5	
459	462	-4	
457	462	-4	
457	461	3	
458	461	4	
474	477	4	
475	477	-4	
475	478	3	
473	478	3	
473	479	-3	
474	479	-5	
48	53	-1	
50	53	-4	
50	55	6	
49	55	-2	
49	54	2	
48	54	3	
312	316	-4	
315	316	-3	
315	318	6	
314	318	4	
314	317	4	
312	317	6	
66	68	1	
67	68	2	
67	69	3	
65	69	-5	
65	71	2	
66	71	7	
193	197	4	
195	197	2	
195	198	4	
192	198	3	
192	199	4	
193	199	-4	
104	108	3	
105	108	-3	
105	111	3	
107	111	-4	
107	110	-3	
104	110	2	
304	309	4	
305	309	-2	
305	311	-3	
306	311	5	
306	310	-2	
304	310	-4	
216	223	-2	
218	223	-2	
218	282	-2	
282	286	-3	
280	286	3	
216	280	-2	
2	4	3	
4	12	-3	
10	12	-3	
10	13	2	
5	13	-2	
2	5	7	
384	391	-5	
386	391	4	
386	450	-2	
450	455	3	
448	455	4	
384	448	-1	
89	93	3	
90	93	3	
90	95	-3	
88	95	-3	
88	94	-3	
89	94	4	
432	436	4	
436	444	4	
441	444	3	
441	445	4	
437	445	-4	
432	437	2	
482	484	-4	
483	484	4	
483	485	2	
480	485	-4	
480	486	3	
482	486	2	
224	228	4	
228	236	3	
234	236	3	
234	238	-2	
230	238	4	
224	230	1	
266	268	-2	
268	276	3	
274	276	-2	
274	278	-3	
270	278	1	
266	270	3	
144	148	-4	
147	148	3	
147	150	2	
146	150	-5	
146	151	-4	
144	151	-5	
499	501	-5	
501	509	-3	
505	509	-4	
505	510	5	
502	510	-5	
499	502	-4	
323	326	4	
326	334	3	
329	334	-4	
329	335	2	
327	335	-4	
323	327	6	
26	28	-5	
28	36	-2	
35	36	4	
35	38	3	
30	38	3	
26	30	-2	
393	398	-2	
398	406	3	
400	406	-5	
400	407	-3	
399	407	3	
393	399	6	
137	141	4	
138	141	-6	
138	202	3	
202	206	4	
201	206	3	
137	201	3	
362	365	4	
365	373	3	
368	373	-4	
368	375	4	
367	375	2	
362	367	4	
185	191	2	
186	191	5	
186	250	3	
250	252	-6	
249	252	-4	
185	249	-3	
344	351	-3	
346	351	5	
346	410	-2	
410	412	-3	
408	412	2	
344	408	1	
296	300	3	
300	308	1	
307	308	3	
307	309	2	
301	309	2	
296	301	-2	
160	164	-3	
161	164	-3	
161	165	-3	
163	165	3	
163	167	-4	
160	167	-3	
168	173	4	
170	173	6	
170	234	1	
234	237	-5	
232	237	-4	
168	232	-1	
0	6	-5	
1	6	-5	
1	65	-5	
65	70	2	
64	70	-4	
0	64	-4	
128	132	4	
129	132	-5	
129	133	6	
131	133	-2	
131	135	4	
128	135	-3	
257	261	4	
259	261	4	
259	263	-4	
256	263	3	
256	262	-4	
257	262	-4	
369	374	4	
374	382	-3	
377	382	4	
377	383	4	
375	383	2	
369	375	-4	
464	469	-3	
467	469	-4	
467	471	4	
465	471	3	
465	470	-4	
464	470	-4	
8	12	-2	
11	12	-4	
11	14	-2	
9	14	-4	
9	15	-2	
8	15	6	
58	61	-5	
59	61	5	
59	63	4	
57	63	-4	
57	62	-4	
58	62	7	
361	364	5	
363	364	3	
363	427	2	
427	431	3	
425	431	-6	
361	425	3	
178	182	-1	
179	182	6	
179	243	-2	
243	245	3	
242	245	-3	
178	242	4	
442	447	-5	
443	447	4	
443	507	4	
507	508	3	
506	508	-4	
442	506	-4	
113	117	3	
117	125	-5	
123	125	-6	
123	127	-1	
119	127	4	
113	119	2	
432	439	-3	
433	439	-6	
433	497	-4	
497	500	-2	
496	500	6	
432	496	-3	
97	100	-2	
100	108	-3	
106	108	3	
106	109	2	
101	109	4	
97	101	-3	
210	212	4	
212	220	3	
216	220	-6	
216	221	-3	
213	221	-4	
210	213	3	
339	340	5	
340	348	4	
346	348	-3	
346	349	-3	
341	349	3	
339	341	-2	
224	231	-1	
227	231	-5	
227	291	2	
291	292	-2	
288	292	-4	
224	288	-1	
16	21	-4	
17	21	-2	
17	81	5	
81	86	-3	
80	86	-1	
16	80	-3	
145	148	6	
148	156	1	
154	156	-3	
154	157	3	
149	157	2	
145	149	3	
321	324	4	
324	332	4	
331	332	-2	
331	335	-4	
321	327	2	
194	196	-4	
196	204	-3	
201	204	5	
201	205	4	
197	205	4	
194	197	-4	
472	476	5	
476	484	2	
481	484	3	
481	487	-3	
479	487	3	
472	479	3	
24	30	4	
27	30	-3	
27	91	-3	
91	92	-4	
88	92	4	
24	88	2	
42	44	-1	
44	52	-4	
51	52	2	
51	53	3	
45	53	4	
42	45	-4	
73	78	4	
75	78	3	
75	139	-3	
139	141	5	
73	137	3	
265	268	-4	
275	276	3	
275	279	-1	
271	279	-2	
265	271	4	
249	254	1	
250	254	3	
250	314	-1	
314	319	-2	
313	319	5	
249	313	-1	
448	452	4	
452	460	3	
456	460	-2	
456	462	-2	
454	462	3	
448	454	-5	
386	388	-2	
388	396	3	
393	396	3	
393	397	-4	
389	397	3	
386	389	-4	
401	404	6	
404	412	-1	
408	415	-3	
407	415	-4	
401	407	2	
353	358	-2	
355	358	-2	
355	419	-2	
417	420	-2	
353	417	-3	
33	36	-2	
34	36	-4	
34	39	-4	
32	39	-3	
32	38	-4	
33	38	-4	
280	284	-4	
283	284	-6	
283	287	3	
282	287	-2	
282	285	3	
280	285	4	
488	492	3	
489	494	-5	
490	494	4	
488	495	-4	
171	175	-4	
170	175	-3	
170	174	-3	
169	174	2	
184	189	-5	
187	189	3	
187	191	-4	
186	190	5	
184	190	-2	
298	301	3	
299	301	-4	
299	302	4	
298	303	3	
114	116	4	
116	124	5	
121	126	-5	
118	126	4	
409	414	3	
411	414	3	
411	475	-2	
409	473	2	
273	278	4	
275	278	-4	
275	339	-1	
337	340	3	
273	337	-1	
240	245	2	
245	253	4	
248	253	-3	
247	255	3	
453	461	-2	
459	461	-3	
459	463	2	
455	463	-2	
449	455	-5	
377	380	2	
378	380	3	
378	442	2	
441	447	3	
377	441	2	
0	4	-4	
3	5	4	
3	6	4	
67	70	-5	
67	131	-1	
131	134	-4	
128	134	4	
64	128	-1	
162	164	-3	
163	164	-4	
163	227	2	
227	228	-3	
226	228	3	
162	226	2	
200	205	2	
202	205	-4	
202	266	-2	
266	271	-4	
264	271	-3	
384	388	6	
385	388	-4	
385	389	4	
387	389	-5	
387	391	3	
306	308	4	
307	310	-4	
305	310	3	
214	222	-4	
217	223	-4	
215	223	3	
211	215	4	
17	23	2	
19	83	3	
83	86	-4	
506	509	-4	
507	509	-1	
507	510	-4	
505	511	3	
506	511	3	
371	374	4	
369	373	2	
370	373	-5	
329	332	5	
321	326	5	
424	428	2	
426	430	4	
425	430	3	
424	431	-3	
66	69	-4	
69	77	-2	
72	79	2	
71	79	3	
232	236	-5	
235	236	-2	
235	238	-2	
233	238	6	
232	239	-2	
394	397	-4	
397	405	-4	
400	405	-3	
394	398	3	
173	181	-2	
176	182	-2	
174	182	-3	
168	174	3	
195	196	3	
194	199	2	
102	110	-4	
103	111	-3	
288	294	-4	
290	294	-5	
290	354	2	
354	359	2	
288	352	2	
42	46	3	
42	106	4	
104	109	2	
40	104	-5	
417	422	5	
418	482	3	
482	487	-4	
417	481	3	
147	149	6	
147	151	4	
145	150	-3	
281	284	-3	
283	347	-1	
347	351	-4	
345	351	-3	
281	345	3	
59	60	4	
59	123	2	
120	125	4	
24	28	-2	
27	28	2	
27	31	5	
26	31	-3	
26	29	2	
24	29	-4	
355	356	-5	
356	364	-2	
363	365	4	
357	365	-4	
355	357	3	
54	62	2	
58	63	2	
55	63	-2	
48	55	5	
258	263	-4	
259	323	-2	
323	325	2	
312	318	1	
315	379	3	
379	382	-5	
376	382	3	
312	376	4	
433	438	2	
434	498	4	
497	503	3	
155	156	-3	
155	158	-3	
153	158	3	
153	159	-3	
154	159	-4	
90	92	3	
91	93	-5	
89	95	-3	
465	468	-2	
466	471	3	
464	471	3	
465	469	4	
242	244	-4	
244	252	-2	
251	252	-2	
251	254	-4	
246	254	-3	
242	246	2	
13	21	2	
18	21	3	
14	22	-3	
10	14	-6	
261	269	3	
267	270	-3	
262	270	-3	
435	436	-5	
440	444	-3	
440	445	-4	
435	437	-2	
485	493	4	
491	493	-3	
491	494	-2	
486	494	3	
208	213	2	
209	213	3	
209	273	4	
273	277	2	
208	272	-4	
113	116	3	
115	116	2	
115	179	2	
179	180	2	
113	177	-2	
34	37	3	
35	37	-2	
35	99	-5	
99	101	-2	
98	101	-2	
34	98	-4	
336	340	3	
344	348	-3	
344	350	-2	
342	350	2	
336	342	-3	
160	165	3	
161	225	-2	
224	229	-5	
160	224	2	
408	413	-5	
410	413	2	
410	474	-2	
472	477	3	
408	472	-2	
138	142	-5	
139	142	4	
139	203	-2	
203	206	-2	
73	76	2	
76	84	-2	
82	84	4	
82	86	4	
78	86	2	
339	343	-4	
339	403	-3	
403	404	4	
402	404	-3	
338	402	4	
392	399	3	
393	457	2	
457	463	-4	
456	463	-4	
392	456	-3	
289	292	-3	
292	300	-3	
296	303	-4	
289	295	-5	
49	52	5	
49	53	-4	
41	45	3	
218	220	-4	
218	222	3	
219	221	4	
504	509	4	
504	510	-1	
314	316	-2	
315	319	-4	
313	317	4	
186	188	1	
185	190	-5	
185	189	2	
450	452	-3	
451	452	-2	
451	454	5	
449	454	3	
297	300	3	
298	300	-2	
298	362	2	
361	367	3	
297	361	-4	
9	12	-3	
11	15	-5	
8	13	-3	
9	13	-5	
331	333	-4	
331	334	-3	
328	334	-4	
328	335	4	
330	335	-2	
130	132	-4	
128	133	3	
112	118	-3	
121	127	-4	
74	77	-2	
77	85	-2	
80	85	5	
79	87	-2	
401	406	-1	
406	414	4	
410	414	2	
410	415	-5	
41	47	-2	
43	107	-3	
107	109	-4	
105	109	-2	
41	105	4	
416	421	-2	
419	483	-3	
480	484	2	
416	480	-3	
137	143	5	
201	207	1	
136	200	2	
1	4	-4	
3	4	-4	
3	67	4	
65	68	4	
378	383	5	
442	446	4	
441	446	-1	
285	293	-2	
286	294	-2	
48	52	4	
51	54	-4	
50	54	3	
241	305	3	
240	304	2	
458	462	4	
462	470	1	
466	470	-3	
463	471	2	
458	463	2	
192	196	5	
193	196	-1	
193	257	-1	
257	260	3	
192	256	-1	
203	204	-4	
204	212	-1	
205	213	1	
203	205	-1	
425	429	-3	
429	437	-2	
434	437	5	
434	439	-2	
431	439	-3	
171	174	4	
179	183	-3	
175	183	1	
152	156	3	
156	164	2	
344	349	5	
349	357	3	
354	358	-5	
350	358	-2	
235	237	-3	
235	299	2	
298	302	-4	
234	298	-2	
16	20	1	
20	28	2	
25	28	3	
21	29	-2	
322	386	-3	
386	390	1	
384	390	2	
320	384	2	
227	230	4	
231	239	-2	
32	37	5	
33	97	-2	
97	102	2	
32	96	1	
492	500	2	
496	502	3	
494	502	1	
488	494	-3	
265	269	-4	
269	277	-2	
274	277	4	
274	279	4	
144	150	-2	
88	93	3	
90	94	-5	
251	253	3	
249	253	3	
307	371	-2	
371	375	2	
304	368	3	
473	476	-3	
474	476	2	
475	479	-3	
56	61	-2	
35	39	4	
488	493	-3	
493	501	1	
499	503	3	
495	503	2	
8	14	2	
18	23	-2	
15	23	2	
178	180	4	
241	246	5	
177	241	2	
401	465	3	
291	355	-1	
355	359	-3	
289	353	1	
64	68	-4	
68	76	3	
75	76	4	
70	78	-2	
420	428	2	
422	430	-1	
433	436	1	
432	438	3	
219	223	-3	
219	283	-2	
217	281	2	
106	170	2	
169	173	-3	
105	169	-1	
345	348	-1	
347	348	2	
411	412	-5	
409	412	2	
139	143	-2	
337	343	-3	
320	324	4	
320	327	-3	
157	165	2	
155	159	2	
450	453	6	
394	458	-3	
456	461	-3	
481	485	-3	
482	485	-3	
483	487	4	
483	486	-3	
481	486	-4	
131	132	-3	
130	133	4	
267	268	4	
267	331	-3	
266	330	-3	
83	87	3	
81	87	1	
81	85	-3	
211	275	3	
40	45	3	
42	47	4	
43	46	2	
379	383	3	
440	447	-3	
507	511	-4	
440	504	3	
362	364	5	
364	372	1	
195	259	1	
194	258	1	
181	189	-4	
183	191	3	
176	183	4	
146	148	-2	
146	210	1	
210	215	-1	
144	208	1	
264	270	-3	
265	270	3	
265	329	1	
328	332	1	
264	328	3	
225	228	2	
229	237	-1	
464	468	-3	
468	476	-4	
472	478	3	
470	478	3	
308	316	3	
313	316	2	
311	319	-4	
25	30	-3	
89	92	2	
25	89	-3	
391	399	-3	
2	6	3	
97	103	4	
97	161	3	
161	166	-2	
160	166	-3	
96	160	-2	
299	300	4	
293	301	-2	
288	293	-3	
193	198	-4	
198	206	3	
200	206	-3	
199	207	2	
243	247	-2	
413	421	-2	
417	421	-3	
414	422	1	
152	157	-2	
154	218	2	
152	216	-2	
10	74	2	
73	79	2	
9	73	2	
352	357	1	
351	359	-2	
57	61	-2	
123	126	5	
442	445	2	
505	508	-1	
441	505	3	
272	278	1	
278	286	3	
280	287	-3	
426	490	-2	
425	489	1	
51	115	4	
50	114	2	
106	110	3	
168	175	-3	
104	168	-1	
392	398	-3	
390	398	3	
24	31	-4	
26	90	2	
457	460	-3	
32	36	-3	
34	38	-1	
336	400	-2	
304	308	3	
305	308	-2	
305	369	3	
368	374	-3	
363	367	5	
361	365	-1	
64	69	2	
67	71	3	
258	262	2	
259	262	3	
256	261	-2	
17	20	4	
81	84	2	
222	230	-2	
226	230	3	
226	231	-3	
223	231	2	
313	318	-2	
498	502	-2	
497	502	3	
497	501	4	
496	501	2	
185	188	3	
184	191	-2	
352	358	5	
354	418	2	
418	420	4	
352	416	-3	
11	75	1	
8	72	-1	
49	113	3	
113	118	-3	
48	112	3	
98	103	3	
210	274	-3	
272	276	-4	
443	444	-5	
438	446	3	
427	491	-4	
424	488	-3	
56	62	-2	
296	302	5	
232	296	-2	
164	172	3	
168	172	-2	
167	175	3	
240	244	4	
241	245	-3	
402	406	2	
402	407	-2	
202	207	-4	
153	156	-4	
217	221	1	
353	356	-3	
120	127	-5	
129	135	-2	
130	194	1	
194	198	2	
129	193	-2	
329	333	3	
325	333	1	
372	380	1	
473	477	-5	
469	477	2	
433	437	1	
273	276	-3	
144	149	-3	
145	151	-2	
177	181	-2	
177	182	-2	
451	455	-2	
450	454	-2	
478	486	1	
225	231	3	
47	55	-2	
19	21	3	
136	141	-2	
281	286	-3	
282	346	2	
73	77	3	
290	292	4	
290	295	-1	
306	309	2	
303	311	-1	
250	253	-3	
248	254	3	
249	255	-4	
105	110	-3	
99	102	2	
85	93	-2	
91	95	2	
87	95	4	
131	195	-2	
128	192	-1	
36	44	1	
40	44	2	
38	46	-1	
484	492	1	
490	492	3	
263	271	2	
257	263	-3	
401	405	3	
400	464	-3	
314	378	3	
376	383	2	
411	415	-2	
123	124	3	
123	187	1	
187	190	-2	
121	185	1	
370	375	2	
162	165	-2	
165	173	-3	
166	174	1	
154	158	-2	
282	284	-4	
283	285	2	
209	212	4	
218	221	3	
435	499	3	
2	66	3	
72	78	-3	
180	188	-3	
210	214	2	
275	277	-4	
236	244	-2	
242	247	2	
239	247	-1	
348	356	-3	
22	30	1	
225	230	-2	
291	293	-3	
310	318	3	
307	311	3	
299	363	-2	
321	325	4	
257	321	-1	
104	111	3	
51	55	-1	
115	119	1	
474	478	-3	
471	479	1	
137	142	-1	
142	150	-1	
143	151	-1	
11	13	-4	
0	5	-3	
248	252	-2	
449	452	4	
448	453	-2	
161	167	1	
330	332	1	
368	372	-1	
91	94	-2	
480	487	-2	
192	197	2	
195	199	4	
58	60	-2	
56	63	-4	
46	54	-2	
385	391	1	
475	476	-2	
496	503	-2	
489	495	-1	
259	260	-2	
260	268	-2	
66	70	-3	
74	78	-2	
439	447	-1	
345	349	2	
182	190	-2	
403	407	2	
96	100	1	
96	101	-3	
233	236	1	
234	239	3	
233	237	2	
243	307	-2	
506	510	1	
108	116	2	
112	116	-2	
110	118	-1	
146	149	-2	
150	158	-1	
425	428	2	
288	295	-2	
283	286	2	
394	399	1	
216	222	1	
368	432	1	
169	175	2	
10	15	3	
408	414	-3	
86	94	-2	
72	136	3	
242	306	1	
219	220	-1	
220	228	1	
221	229	-1	
206	214	-1	
207	215	-1	
467	470	1	
27	29	1	
114	178	-2	
387	388	1	
339	342	1	
297	301	3	
273	279	-2	
59	62	1	
498	501	-1	
396	404	2	
392	397	-1	
74	138	1	
89	153	-1	
88	152	-1	
106	111	2	
378	382	-1	
313	377	-2	
120	126	2	
208	214	-2	
306	370	-2	
232	238	2	
320	326	1	
322	326	-3	
170	172	-1	
499	500	-1	
309	317	2	
267	271	-1	
266	269	-2	
362	426	-1	
426	431	-1	
329	393	1	
323	387	-1	
321	385	2	
18	82	1	
111	119	1	
176	240	-2	
343	351	1	
186	189	-2	
359	367	-2	
129	134	-3	
211	213	-1	
466	469	-2	
419	422	2	
200	204	2	
81	145	-2	
80	144	1	
43	45	2	
369	372	-3	
371	373	-2	
258	261	-1	
322	324	-3	
322	327	-1	
12	20	-1	
17	22	-3	
405	413	-1	
403	406	3	
427	429	2	
299	303	2	
443	445	-2	
346	350	1	
409	415	2	
330	334	-1	
99	163	-1	
163	166	-2	
52	60	-2	
53	61	-2	
138	143	1	
264	268	-1	
217	220	1	
338	340	2	
338	341	2	
82	146	2	
412	420	-1	
430	438	2	
107	108	-2	
92	100	-1	
95	103	1	
434	436	1	
435	439	1	
332	340	-1	
334	342	-1	
83	147	-1	
237	245	-1	
114	117	2	
421	429	1	
461	469	1	
64	71	1	
133	141	1	
6	14	-1	
121	125	1	
179	181	1	
276	284	1	
202	204	-1	
428	436	1	
337	401	-1	
312	319	1	
23	31	-1	
50	52	1	
323	324	-1	
442	444	1	
Energy:	-2920	
