NumberOfQubits	504	
NumberOfSubgraphs	840	
Serial	35	
PlantedSolution:	
0	1	
1	1	
2	1	
3	-1	
4	1	
5	1	
6	1	
8	-1	
9	1	
10	1	
11	1	
12	1	
13	1	
14	1	
15	1	
16	1	
17	-1	
18	1	
19	-1	
20	-1	
21	1	
22	1	
23	1	
24	1	
25	-1	
26	1	
27	1	
28	-1	
29	-1	
30	-1	
31	-1	
32	1	
33	-1	
34	-1	
35	1	
36	1	
37	-1	
38	-1	
39	1	
40	1	
41	1	
42	-1	
43	1	
44	-1	
45	-1	
46	-1	
47	1	
48	-1	
49	1	
50	-1	
51	1	
52	-1	
53	-1	
54	1	
55	1	
56	-1	
57	-1	
58	-1	
59	1	
60	1	
61	-1	
62	-1	
63	1	
64	1	
65	1	
66	1	
67	-1	
68	-1	
69	1	
70	-1	
71	1	
72	1	
73	1	
74	-1	
75	1	
76	1	
77	-1	
78	-1	
79	1	
80	1	
81	-1	
82	-1	
83	1	
84	1	
85	1	
86	1	
87	-1	
88	-1	
89	-1	
90	1	
91	1	
92	-1	
93	-1	
94	1	
95	1	
96	1	
97	1	
98	1	
99	1	
100	-1	
101	-1	
102	-1	
103	1	
104	1	
105	-1	
106	1	
107	1	
108	1	
109	-1	
110	1	
111	1	
112	1	
113	-1	
114	1	
115	-1	
116	-1	
117	-1	
118	-1	
119	1	
120	1	
121	1	
123	1	
124	1	
125	-1	
126	-1	
127	-1	
128	-1	
129	-1	
130	-1	
131	-1	
132	1	
133	1	
134	1	
135	-1	
136	1	
137	-1	
138	1	
139	1	
141	-1	
142	1	
143	-1	
144	-1	
145	-1	
146	-1	
147	-1	
148	1	
149	-1	
150	-1	
151	-1	
152	1	
153	1	
154	1	
155	1	
156	-1	
157	1	
158	-1	
159	1	
160	1	
161	1	
162	-1	
163	1	
164	1	
165	1	
166	-1	
167	-1	
168	1	
169	1	
170	-1	
171	-1	
172	1	
173	1	
174	1	
175	1	
176	1	
177	1	
178	-1	
179	1	
180	-1	
181	-1	
182	1	
183	-1	
184	1	
185	1	
186	-1	
187	-1	
188	1	
189	-1	
190	-1	
191	1	
192	1	
193	-1	
194	-1	
195	-1	
196	-1	
197	-1	
198	-1	
199	-1	
200	-1	
201	1	
202	-1	
203	1	
204	-1	
205	1	
206	1	
207	-1	
208	-1	
209	-1	
210	1	
211	-1	
212	1	
213	-1	
214	-1	
215	-1	
216	1	
217	1	
218	1	
219	-1	
220	1	
221	1	
222	1	
223	1	
224	1	
225	-1	
226	1	
227	-1	
228	1	
229	-1	
230	1	
231	1	
232	-1	
233	1	
234	1	
235	-1	
236	1	
237	1	
238	1	
239	1	
240	1	
241	1	
242	1	
243	-1	
244	-1	
245	1	
246	-1	
247	-1	
248	-1	
249	1	
250	1	
251	-1	
252	-1	
253	-1	
254	1	
255	1	
256	-1	
257	-1	
258	-1	
259	-1	
260	-1	
261	1	
262	-1	
263	-1	
264	1	
265	1	
266	1	
267	1	
268	1	
269	1	
270	1	
271	1	
272	-1	
273	-1	
274	1	
275	1	
276	1	
277	-1	
278	1	
279	-1	
280	-1	
281	1	
282	1	
283	-1	
284	1	
285	-1	
286	-1	
287	-1	
288	-1	
289	1	
290	-1	
291	1	
292	-1	
293	1	
294	-1	
295	-1	
296	-1	
297	1	
298	-1	
299	1	
300	1	
301	-1	
302	-1	
303	-1	
304	1	
305	1	
306	-1	
307	-1	
308	-1	
309	1	
310	-1	
311	-1	
312	-1	
313	-1	
314	-1	
315	-1	
316	-1	
317	-1	
318	-1	
319	1	
320	-1	
321	1	
322	1	
323	-1	
324	-1	
325	-1	
326	1	
327	-1	
328	-1	
329	1	
330	1	
331	1	
332	-1	
333	1	
334	1	
335	-1	
336	1	
337	1	
338	1	
339	1	
340	1	
341	-1	
342	1	
343	1	
344	1	
345	-1	
346	-1	
347	1	
348	1	
349	1	
350	1	
351	-1	
352	-1	
353	1	
354	-1	
355	1	
356	1	
357	1	
358	1	
359	-1	
361	1	
362	-1	
363	1	
364	1	
365	-1	
367	-1	
368	1	
369	1	
370	-1	
371	1	
372	1	
373	-1	
374	1	
375	1	
376	-1	
377	-1	
378	-1	
379	-1	
380	1	
382	-1	
383	1	
384	-1	
385	-1	
386	-1	
387	-1	
388	1	
389	-1	
390	1	
391	-1	
392	-1	
393	-1	
394	1	
396	1	
397	-1	
398	-1	
399	-1	
400	-1	
401	-1	
402	1	
403	-1	
404	1	
405	-1	
406	1	
407	-1	
408	-1	
409	1	
410	1	
411	1	
412	1	
413	-1	
414	-1	
415	1	
416	1	
417	-1	
418	-1	
419	1	
420	1	
421	-1	
422	-1	
424	-1	
425	-1	
426	1	
427	-1	
428	1	
429	1	
430	-1	
431	1	
432	1	
433	-1	
434	1	
435	-1	
436	1	
437	-1	
438	1	
439	1	
440	1	
441	-1	
442	-1	
443	1	
444	-1	
445	1	
446	1	
447	1	
448	-1	
449	1	
450	1	
451	1	
452	1	
453	1	
454	1	
455	1	
456	-1	
457	-1	
458	-1	
459	-1	
460	-1	
461	1	
462	1	
463	1	
464	1	
465	-1	
466	1	
467	-1	
468	1	
469	1	
470	-1	
471	1	
472	1	
473	1	
474	1	
475	1	
476	-1	
477	-1	
478	1	
479	-1	
480	-1	
481	-1	
482	-1	
483	-1	
484	1	
485	1	
486	-1	
487	1	
488	-1	
489	1	
490	1	
491	-1	
492	1	
493	1	
494	-1	
495	-1	
496	-1	
497	1	
498	1	
499	1	
500	1	
501	-1	
502	-1	
503	1	
504	-1	
505	1	
506	1	
507	1	
508	1	
509	1	
510	-1	
511	1	
Js:	
242	244	3	
244	252	5	
251	252	-3	
251	255	2	
247	255	5	
242	247	3	
128	132	5	
130	132	5	
130	194	-2	
194	199	-5	
192	199	-4	
128	192	2	
17	20	-3	
19	20	-5	
19	83	3	
83	85	-6	
81	85	5	
17	81	4	
298	300	4	
299	300	-6	
299	301	-2	
296	301	-7	
296	303	-3	
298	303	-6	
409	412	-2	
411	412	-6	
411	413	4	
408	413	6	
408	414	-5	
409	414	4	
34	37	2	
35	37	6	
35	99	-5	
99	100	6	
98	100	3	
34	98	5	
112	117	5	
115	117	-3	
115	119	4	
114	119	-3	
114	118	5	
112	118	-3	
313	316	-4	
314	316	-5	
314	317	-4	
315	317	-2	
315	318	-2	
313	318	2	
64	68	5	
68	76	4	
73	76	-5	
73	78	4	
70	78	-4	
64	70	4	
401	404	6	
403	404	5	
403	405	-3	
402	405	6	
402	406	-4	
401	406	-4	
352	356	3	
354	356	6	
354	359	-5	
355	359	3	
355	357	-5	
352	357	4	
153	157	-4	
157	165	-2	
160	165	-4	
160	167	4	
159	167	-2	
153	159	-3	
240	246	-4	
241	246	3	
241	305	-3	
305	310	6	
304	310	3	
240	304	-4	
224	231	-6	
226	231	-5	
226	290	3	
290	295	-4	
288	295	-5	
224	288	-1	
216	220	-5	
217	220	-4	
217	223	-6	
218	223	-4	
218	221	-6	
216	221	5	
442	445	4	
443	445	-5	
443	507	-3	
507	509	-6	
506	509	-4	
442	506	-2	
51	52	3	
52	60	2	
56	60	7	
56	63	4	
55	63	-3	
51	55	-5	
328	333	4	
330	333	-5	
330	394	-2	
394	396	-7	
392	396	-3	
328	392	-2	
368	375	-2	
369	375	5	
369	433	2	
433	437	-4	
432	437	6	
368	432	-2	
457	460	7	
458	460	-2	
458	462	5	
456	462	4	
456	463	4	
457	463	4	
386	389	-4	
387	389	-4	
387	451	4	
451	453	-6	
450	453	3	
386	450	3	
200	205	4	
202	205	5	
202	207	3	
201	207	7	
201	206	-4	
200	206	3	
257	263	-4	
259	263	-6	
259	323	-1	
323	324	-5	
321	324	-5	
257	321	2	
281	284	3	
283	284	4	
283	286	-4	
282	286	3	
282	285	4	
281	285	4	
234	236	3	
235	236	6	
235	237	4	
233	237	-5	
233	239	-5	
234	239	-4	
346	348	2	
347	348	-3	
347	350	2	
345	350	5	
345	351	-4	
346	351	-5	
9	12	-5	
10	12	-6	
10	13	-6	
8	13	5	
8	15	6	
9	15	-4	
474	476	6	
476	484	-4	
483	484	5	
483	485	5	
477	485	3	
474	477	6	
2	5	-6	
3	5	6	
3	67	-5	
67	71	-5	
66	71	-5	
2	66	-6	
425	429	5	
427	429	-5	
427	491	-3	
491	495	-4	
489	495	4	
425	489	4	
104	108	-3	
105	108	4	
105	169	3	
169	173	-6	
168	173	-4	
104	168	-3	
88	92	-6	
90	92	2	
90	94	-6	
91	94	-3	
91	93	5	
88	93	-3	
144	149	-4	
147	149	4	
147	150	-5	
145	150	-4	
145	151	-5	
144	151	-4	
264	268	-3	
265	268	-5	
265	269	-4	
266	269	-4	
266	271	-5	
264	271	-6	
272	277	-6	
275	277	3	
275	339	-3	
339	341	6	
336	341	5	
272	336	4	
208	212	5	
209	212	5	
209	213	-7	
210	213	5	
210	214	4	
208	214	-5	
496	500	5	
498	500	-3	
498	501	6	
497	501	3	
497	502	4	
496	502	-5	
273	278	5	
274	278	-2	
274	338	-4	
338	343	-4	
337	343	-5	
273	337	3	
41	45	6	
43	45	7	
43	47	4	
42	47	5	
42	46	-5	
41	46	5	
475	478	-7	
478	486	2	
482	486	-4	
482	487	-4	
479	487	3	
475	479	7	
178	180	-6	
180	188	-2	
184	188	-4	
184	189	5	
181	189	-4	
178	181	-3	
417	420	4	
420	428	-3	
424	428	6	
424	430	-5	
422	430	-2	
417	422	3	
378	380	4	
379	380	6	
379	383	5	
377	383	5	
377	382	-2	
378	382	-4	
24	29	7	
27	29	3	
27	30	4	
25	30	-6	
25	31	3	
24	31	4	
440	444	5	
441	444	3	
441	505	4	
505	510	5	
504	510	-7	
440	504	3	
121	127	4	
123	127	6	
123	187	2	
187	190	-6	
185	190	3	
121	185	1	
384	391	-5	
385	391	-3	
385	449	4	
449	455	-6	
448	455	5	
384	448	3	
465	468	3	
466	468	-3	
466	469	-5	
464	469	-5	
464	471	-5	
465	471	6	
74	77	-6	
75	77	2	
75	139	-4	
139	143	5	
138	143	4	
74	138	-2	
152	156	6	
156	164	3	
161	164	-3	
161	166	4	
158	166	1	
152	158	3	
225	228	4	
227	228	4	
227	291	3	
291	294	1	
289	294	6	
225	289	-1	
97	102	6	
102	110	2	
107	110	4	
107	111	-4	
103	111	-4	
97	103	-4	
129	134	4	
131	134	4	
131	195	-4	
195	197	-5	
193	197	-6	
129	193	2	
49	53	5	
53	61	2	
58	61	-4	
58	62	-7	
54	62	3	
49	54	-3	
170	174	4	
174	182	-4	
176	182	-5	
176	183	4	
175	183	-3	
170	175	4	
256	260	-4	
258	260	-3	
258	322	1	
322	327	5	
320	327	-4	
256	320	2	
361	364	-4	
363	364	4	
363	367	5	
362	367	-3	
362	365	-6	
361	365	4	
370	373	4	
371	373	3	
371	435	3	
435	439	3	
434	439	-3	
370	434	3	
16	22	-5	
18	22	6	
18	82	2	
82	86	6	
80	86	-3	
16	80	-3	
488	492	5	
491	492	5	
491	494	-4	
490	494	4	
490	493	-5	
488	493	-3	
242	245	-5	
243	245	6	
243	307	-3	
307	308	6	
306	308	-4	
242	306	2	
32	36	-6	
36	44	2	
40	44	5	
40	47	-5	
39	47	-2	
32	39	2	
113	116	-5	
116	124	5	
120	124	-7	
120	125	2	
117	125	-5	
113	117	-3	
248	252	-5	
249	252	5	
249	254	3	
250	254	-4	
250	253	6	
248	253	-2	
329	332	4	
331	332	-5	
331	334	-4	
330	334	-5	
330	335	3	
329	335	6	
393	398	-4	
398	406	3	
400	406	-2	
400	407	-5	
399	407	-3	
393	399	-4	
0	4	6	
1	4	-6	
1	65	-8	
65	69	-4	
64	69	-3	
0	64	-5	
72	79	-5	
73	79	-3	
73	137	-3	
137	141	-5	
136	141	6	
72	136	-3	
499	500	4	
500	508	-3	
506	508	-4	
506	511	-6	
503	511	-5	
499	503	-7	
216	222	-5	
219	222	4	
219	283	1	
283	287	-4	
280	287	-3	
216	280	3	
25	28	-3	
26	28	7	
26	90	3	
90	95	-4	
89	95	3	
25	89	-4	
416	421	7	
417	421	-4	
417	481	-6	
481	486	-3	
480	486	-4	
416	480	6	
227	229	-3	
229	237	-2	
232	237	2	
232	238	5	
230	238	-2	
227	230	4	
146	148	4	
147	148	5	
147	211	-4	
211	215	-4	
210	215	6	
146	210	-2	
256	261	2	
261	269	-4	
267	269	-4	
267	270	-5	
262	270	4	
256	262	5	
459	461	6	
461	469	-3	
467	469	3	
467	470	-6	
462	470	-1	
459	462	4	
194	196	-3	
196	204	-3	
203	204	5	
203	206	-4	
198	206	5	
194	198	5	
344	349	-4	
349	357	-2	
353	357	-6	
353	358	-5	
350	358	-1	
344	350	3	
96	100	6	
100	108	3	
106	108	-2	
106	109	6	
101	109	-3	
96	101	-4	
306	309	5	
309	317	6	
312	317	4	
312	319	3	
311	319	4	
306	311	-3	
171	172	-7	
172	180	2	
179	180	4	
179	182	-3	
171	174	4	
288	292	-3	
292	300	3	
297	300	-5	
297	301	-4	
293	301	2	
288	293	4	
433	438	3	
438	446	-4	
442	446	5	
442	447	5	
439	447	5	
433	439	3	
57	63	3	
59	63	7	
59	123	-1	
123	126	7	
121	126	2	
57	121	2	
409	415	-5	
410	415	-4	
410	474	-4	
473	476	3	
409	473	-6	
370	372	-2	
372	380	-3	
376	380	5	
376	382	-6	
374	382	5	
370	374	3	
11	14	-5	
14	22	-1	
17	22	5	
17	23	5	
15	23	-3	
11	15	4	
177	181	4	
186	189	-6	
186	191	5	
183	191	-3	
177	183	3	
154	156	2	
155	156	3	
155	219	5	
219	220	4	
218	220	-3	
154	218	-4	
320	324	-4	
323	326	6	
321	326	-5	
321	325	4	
320	325	-5	
160	164	-4	
162	164	4	
162	167	-3	
163	167	4	
163	165	4	
131	132	6	
131	133	-4	
130	133	3	
130	135	-5	
128	135	-6	
336	340	-3	
337	340	-3	
337	342	3	
339	342	-4	
339	343	-2	
336	343	-4	
30	38	3	
33	38	-4	
33	39	5	
31	39	3	
27	31	6	
384	388	5	
386	388	4	
386	391	-5	
385	390	5	
384	390	4	
272	276	2	
275	276	-4	
275	279	3	
274	279	8	
274	277	-2	
48	52	-5	
50	52	-5	
50	55	4	
49	55	-5	
48	53	5	
450	452	-5	
451	452	-5	
451	455	-3	
448	454	4	
450	454	-4	
426	428	3	
428	436	-3	
432	436	-3	
432	438	-1	
430	438	4	
426	430	3	
81	84	2	
83	84	-3	
83	87	-4	
82	87	-5	
81	86	4	
418	422	-4	
419	422	6	
419	483	-6	
482	485	4	
418	482	-6	
5	13	2	
9	13	-1	
9	14	-8	
6	14	-3	
2	6	-5	
129	133	6	
133	141	-2	
137	142	4	
134	142	-2	
392	397	-3	
393	397	-5	
393	457	-5	
456	460	-3	
392	456	-4	
294	302	-3	
297	302	3	
297	303	3	
295	303	4	
289	295	4	
18	20	7	
19	21	6	
16	21	-4	
16	23	-4	
18	23	2	
472	477	4	
473	477	3	
473	478	-5	
472	479	3	
424	431	5	
425	431	5	
488	495	-5	
424	488	3	
200	204	-3	
203	205	-5	
200	207	-5	
328	332	-3	
329	333	2	
331	333	-4	
328	334	4	
347	349	-5	
347	411	2	
411	414	5	
344	408	1	
402	404	-4	
402	407	-2	
400	405	-6	
401	405	-2	
154	157	-3	
155	157	-4	
155	158	-4	
153	158	5	
154	159	-4	
410	412	-5	
412	420	2	
416	420	-1	
413	421	-3	
410	413	4	
251	253	-6	
251	254	6	
249	255	-5	
250	255	-3	
59	60	2	
59	61	5	
57	61	-7	
57	62	-3	
56	62	-4	
440	445	-4	
441	445	-5	
505	508	-5	
504	508	4	
35	38	5	
99	102	4	
33	97	4	
464	468	-5	
467	468	6	
467	471	3	
465	470	-6	
464	470	-3	
211	212	6	
209	215	3	
208	213	-2	
240	244	5	
241	244	4	
241	245	-4	
243	246	-4	
368	372	4	
371	372	-4	
371	374	-3	
369	374	-4	
369	373	4	
368	373	4	
266	270	-3	
270	278	-1	
273	279	2	
271	279	1	
235	238	4	
235	299	-1	
299	302	7	
296	302	-4	
232	296	-5	
185	188	-5	
185	191	-8	
186	190	-3	
184	190	5	
193	199	-4	
195	199	-4	
195	259	-1	
193	257	1	
67	68	-5	
72	76	-2	
72	77	3	
69	77	4	
67	69	4	
353	356	-2	
354	358	4	
352	358	7	
352	359	-4	
353	359	4	
224	228	-4	
225	229	-4	
226	229	7	
226	230	1	
224	230	-6	
363	365	4	
363	427	2	
426	429	-6	
362	426	2	
168	172	-3	
171	173	3	
170	173	4	
168	175	-4	
304	308	5	
308	316	-3	
313	319	5	
304	311	4	
280	284	5	
281	286	3	
280	285	-3	
42	44	-5	
43	44	5	
43	46	3	
40	46	4	
40	45	3	
42	45	2	
115	118	2	
118	126	-6	
120	126	5	
120	127	6	
119	127	4	
496	501	-5	
499	501	2	
498	503	-3	
498	502	4	
98	101	2	
104	109	4	
104	111	-3	
98	103	-5	
138	142	-5	
142	150	2	
146	150	-5	
146	151	-5	
143	151	1	
11	12	-3	
11	75	-3	
75	78	4	
74	78	3	
10	74	2	
89	93	-3	
88	94	2	
88	95	6	
24	28	-3	
28	36	3	
32	37	4	
29	37	-3	
48	54	4	
50	54	4	
50	114	4	
114	116	3	
112	116	3	
48	112	3	
312	318	-5	
315	379	-5	
376	383	-3	
312	376	-3	
387	388	4	
388	396	-6	
394	397	-4	
389	397	-6	
80	87	4	
81	87	-3	
81	145	2	
145	149	-4	
80	144	2	
1	6	3	
65	71	-4	
338	340	-5	
340	348	-6	
346	350	5	
342	350	-4	
338	342	-5	
449	453	-4	
453	461	-5	
458	461	3	
458	463	5	
455	463	-3	
434	436	-4	
436	444	3	
443	444	6	
443	447	-4	
260	268	4	
258	261	5	
480	484	4	
484	492	-2	
490	492	-4	
490	495	3	
487	495	-3	
480	487	5	
290	293	5	
291	293	-6	
291	355	-3	
355	356	-3	
290	354	1	
233	236	-4	
235	239	-4	
234	237	-5	
217	221	-3	
219	221	-3	
218	222	-2	
504	509	-3	
507	511	-5	
506	510	4	
322	325	5	
322	326	-4	
321	327	-3	
107	108	-8	
105	111	-2	
105	110	3	
106	110	-5	
192	196	7	
193	196	-4	
194	197	-3	
192	198	4	
162	165	4	
163	166	5	
161	167	5	
364	372	-4	
367	375	3	
361	367	7	
307	309	3	
314	318	-4	
310	318	-5	
307	310	2	
3	4	4	
67	70	-2	
387	390	4	
390	398	5	
392	398	-3	
392	399	-5	
391	399	-5	
387	391	2	
84	92	-3	
91	92	4	
85	93	3	
176	180	3	
179	181	4	
179	183	-4	
435	437	-3	
435	499	4	
497	503	-4	
433	497	-5	
281	287	5	
282	287	5	
282	346	3	
281	345	4	
75	79	-4	
139	141	3	
378	383	5	
378	442	-3	
441	446	4	
377	441	1	
481	485	-3	
485	493	-2	
486	494	-3	
267	271	-6	
267	331	-2	
331	335	5	
328	335	2	
264	328	5	
448	452	6	
452	460	-2	
459	460	-4	
454	462	-4	
121	124	-7	
121	125	6	
403	406	5	
403	467	-2	
466	470	4	
402	466	-4	
144	148	-4	
145	148	3	
145	209	-2	
209	214	-4	
144	208	-4	
418	420	5	
418	421	-3	
419	421	2	
187	251	-2	
184	248	-4	
298	302	-2	
302	310	1	
305	311	4	
303	311	-1	
13	21	3	
19	23	5	
45	53	1	
51	53	4	
47	55	-2	
41	47	-4	
408	415	3	
472	478	-4	
408	472	4	
274	276	-4	
338	341	-2	
227	231	4	
291	292	5	
290	292	4	
34	36	3	
96	103	2	
32	96	-4	
177	182	-6	
177	241	-3	
241	247	-3	
240	247	5	
176	240	-2	
148	156	4	
152	159	-5	
151	159	4	
147	151	1	
201	204	-3	
204	212	3	
211	213	-2	
205	213	3	
201	205	-2	
427	428	4	
426	431	-4	
26	30	3	
26	29	2	
257	261	3	
259	261	6	
259	262	-3	
258	262	-4	
258	263	-5	
129	132	4	
131	135	-3	
129	135	-4	
56	61	-2	
59	62	5	
105	109	-5	
106	170	-2	
0	5	-3	
0	6	-4	
10	14	-1	
73	77	-3	
9	73	-2	
228	236	-3	
232	236	2	
232	239	4	
231	239	-3	
225	231	3	
497	500	-4	
468	476	-1	
469	477	1	
164	172	-3	
169	172	-3	
169	174	-3	
166	174	3	
162	166	-4	
299	363	-5	
297	361	3	
89	94	3	
90	154	-2	
154	158	5	
89	153	-3	
315	319	5	
377	380	-4	
313	377	-6	
435	436	4	
440	446	-4	
435	438	5	
112	119	-2	
33	37	-4	
34	38	-5	
34	39	5	
337	341	3	
341	349	3	
345	349	-3	
343	351	5	
41	44	-2	
44	52	-1	
46	54	2	
284	292	1	
288	294	-7	
286	294	2	
280	286	-4	
250	314	2	
312	316	-3	
248	312	-2	
386	390	2	
449	452	-2	
267	268	-3	
305	309	-2	
306	370	-3	
370	375	5	
305	369	-2	
97	101	5	
397	405	2	
401	407	-5	
491	493	4	
489	493	-4	
489	494	-3	
488	494	-4	
187	188	4	
187	189	-3	
326	334	-3	
329	334	-4	
327	335	-4	
323	327	-4	
214	222	3	
217	222	-5	
215	223	4	
16	20	4	
17	21	3	
199	207	-3	
128	134	-5	
135	143	-2	
322	324	3	
324	332	-3	
330	332	4	
325	333	-4	
277	285	-5	
283	285	-4	
279	287	-2	
272	279	-4	
242	246	4	
246	254	3	
80	84	-4	
87	95	1	
104	110	-4	
107	171	2	
171	175	3	
451	454	2	
475	476	1	
481	484	3	
481	487	5	
410	414	3	
411	415	-3	
507	508	-4	
66	69	-5	
65	70	4	
66	70	4	
394	398	5	
234	238	-4	
234	298	-2	
298	301	-4	
336	342	-2	
339	403	3	
400	404	3	
336	400	-2	
152	157	-3	
152	216	-2	
437	445	2	
432	439	-3	
243	244	-3	
51	115	-4	
115	116	-4	
49	113	3	
202	204	3	
202	266	1	
266	268	-4	
200	264	1	
459	463	4	
456	461	3	
457	461	2	
419	420	-5	
362	364	5	
365	373	-5	
221	229	2	
224	229	-2	
222	230	-1	
57	60	5	
56	120	-1	
76	84	2	
82	84	4	
78	86	3	
141	149	1	
146	149	-3	
136	142	-3	
8	12	4	
8	72	3	
344	348	-5	
25	29	-4	
26	31	5	
195	196	-3	
178	183	-3	
466	471	4	
163	164	-3	
161	165	-4	
273	276	6	
275	278	5	
137	143	-4	
139	203	-4	
203	207	2	
137	201	4	
289	292	4	
427	431	3	
427	430	-3	
425	430	3	
49	52	4	
113	118	-2	
368	374	-5	
434	437	3	
346	349	3	
346	410	2	
237	245	-2	
243	247	-2	
239	247	2	
58	60	4	
58	63	5	
80	85	-4	
265	271	-2	
265	270	5	
507	510	-2	
475	477	3	
474	479	-2	
123	125	-5	
120	184	-1	
356	364	-3	
359	367	-4	
74	76	4	
74	79	3	
71	79	-4	
64	71	2	
32	38	2	
248	254	4	
248	255	-3	
313	317	-2	
442	444	-1	
441	447	3	
130	134	5	
225	230	6	
208	215	-3	
257	260	-6	
259	260	-3	
256	263	-5	
257	262	-4	
11	13	-3	
3	6	5	
493	501	-2	
494	502	-2	
170	172	2	
168	174	-2	
450	455	3	
449	454	-4	
371	375	-3	
433	436	3	
425	428	3	
489	492	-3	
236	244	2	
238	246	2	
233	238	3	
83	147	1	
82	146	-3	
50	53	-3	
114	117	3	
323	325	-2	
347	351	-3	
33	36	3	
35	36	1	
99	101	3	
2	4	-3	
66	68	-2	
65	68	2	
20	28	-2	
23	31	1	
394	458	3	
289	293	-3	
289	353	-2	
197	205	3	
193	198	3	
482	484	2	
499	502	3	
465	469	3	
27	91	-5	
24	88	4	
315	316	5	
220	228	-2	
226	228	-3	
177	180	3	
178	242	3	
298	362	-4	
42	106	-3	
106	111	-4	
40	104	-3	
404	412	-4	
407	415	-3	
434	438	-3	
431	439	-3	
77	85	2	
83	86	-3	
149	157	4	
150	158	-2	
138	202	4	
51	54	-4	
113	119	4	
321	385	3	
385	389	-4	
384	389	-2	
320	384	-3	
287	295	-1	
212	220	2	
216	223	-2	
264	269	-3	
265	329	-4	
92	100	-1	
94	102	-5	
376	440	3	
345	348	3	
169	175	-4	
473	479	3	
354	418	-2	
416	422	4	
352	416	-2	
37	45	-1	
35	39	-3	
306	310	-3	
457	462	-2	
18	21	-3	
501	509	-2	
136	200	4	
98	162	2	
160	166	3	
96	160	-4	
344	351	-3	
280	344	2	
394	399	-1	
405	413	-1	
307	311	-4	
307	371	2	
304	368	1	
41	105	3	
115	179	3	
176	181	4	
112	176	2	
89	92	-4	
90	93	3	
355	419	1	
353	417	1	
264	270	2	
211	214	2	
186	250	3	
432	496	5	
72	78	4	
153	156	2	
320	326	2	
272	278	3	
483	486	-4	
163	227	2	
161	225	2	
171	235	-1	
170	234	-2	
21	29	-1	
24	30	2	
22	30	2	
195	198	-3	
354	357	2	
357	365	-1	
472	476	5	
138	141	-3	
202	206	4	
505	511	-1	
505	509	-5	
97	100	-1	
283	347	3	
179	243	2	
406	414	-2	
385	388	-1	
393	396	2	
184	191	-1	
185	249	-1	
155	159	-2	
375	383	-2	
136	143	4	
414	422	-1	
95	103	-3	
276	284	-3	
282	284	2	
273	277	-3	
400	464	2	
233	297	-2	
443	446	-3	
305	308	3	
495	503	1	
355	358	3	
210	212	-1	
249	253	3	
251	315	-1	
249	313	1	
162	226	-1	
107	109	-1	
266	330	3	
123	124	-1	
440	447	-3	
79	87	-1	
213	221	1	
75	76	-3	
139	142	-4	
192	197	3	
27	28	2	
314	319	3	
492	500	-1	
291	295	-2	
290	294	-3	
168	232	2	
429	437	-2	
10	15	-3	
8	14	-2	
345	409	-1	
186	188	3	
187	191	-3	
128	133	3	
93	101	-3	
323	387	-2	
278	286	4	
337	401	1	
109	117	-1	
111	119	-3	
165	173	2	
1	5	-3	
153	217	-1	
245	253	3	
144	150	-2	
502	510	-4	
504	511	-3	
322	386	-2	
304	309	-3	
474	478	2	
48	55	3	
379	382	-3	
218	282	-1	
91	95	3	
448	453	-2	
114	178	2	
178	182	3	
113	177	-1	
434	498	-4	
263	271	-2	
296	300	1	
424	429	1	
426	490	-2	
223	231	-1	
219	223	-3	
401	465	-2	
160	224	1	
88	152	1	
185	189	2	
12	20	1	
167	175	2	
299	303	1	
194	258	-2	
192	256	2	
98	102	3	
268	276	-1	
269	277	-1	
314	378	-2	
99	103	2	
369	372	3	
411	475	2	
460	468	2	
480	485	3	
403	407	-2	
348	356	1	
470	478	2	
471	479	2	
217	281	1	
86	94	1	
408	412	1	
409	413	2	
110	118	-2	
332	340	1	
339	340	-2	
333	341	-1	
169	233	1	
99	163	2	
211	275	-2	
210	274	-2	
19	22	-1	
4	12	-1	
38	46	1	
182	190	1	
300	308	1	
301	309	1	
67	131	-1	
64	128	1	
250	252	2	
173	181	1	
209	273	-1	
421	429	-1	
43	107	1	
208	272	1	
379	443	-1	
Energy:	-3758	
