NumberOfQubits	504	
NumberOfSubgraphs	420	
Serial	386	
PlantedSolution:	
0	1	
1	-1	
2	1	
3	1	
4	1	
5	-1	
6	-1	
8	-1	
9	-1	
10	1	
11	1	
12	1	
13	1	
14	-1	
15	1	
16	-1	
17	-1	
18	-1	
19	1	
20	-1	
21	-1	
22	1	
23	-1	
24	-1	
25	1	
26	-1	
27	-1	
28	1	
29	1	
30	-1	
31	1	
32	-1	
33	-1	
34	-1	
35	-1	
36	-1	
37	-1	
38	-1	
39	-1	
40	-1	
41	1	
42	-1	
43	1	
44	-1	
45	1	
46	-1	
47	-1	
48	-1	
49	1	
50	-1	
51	1	
52	1	
53	-1	
54	1	
55	-1	
56	-1	
57	-1	
58	1	
59	1	
60	1	
61	-1	
62	1	
63	1	
64	1	
65	-1	
66	1	
67	-1	
68	1	
69	-1	
70	1	
71	-1	
72	-1	
73	1	
74	1	
75	-1	
76	-1	
77	1	
78	-1	
79	1	
80	-1	
81	1	
82	-1	
83	1	
84	1	
85	1	
86	-1	
87	1	
88	1	
89	-1	
90	-1	
91	-1	
92	1	
93	-1	
94	-1	
95	1	
96	1	
97	1	
98	1	
99	-1	
100	-1	
101	-1	
102	1	
103	-1	
104	-1	
105	1	
106	1	
107	-1	
108	-1	
109	-1	
110	-1	
111	-1	
112	-1	
113	-1	
114	1	
115	-1	
116	1	
117	1	
118	1	
119	1	
120	1	
121	1	
123	-1	
124	1	
125	-1	
126	-1	
127	1	
128	1	
129	1	
130	-1	
131	-1	
132	-1	
133	1	
134	-1	
135	-1	
136	1	
137	-1	
138	-1	
139	-1	
141	1	
142	-1	
143	-1	
144	-1	
145	-1	
146	-1	
147	1	
148	1	
149	-1	
150	-1	
151	1	
152	-1	
153	-1	
154	1	
155	-1	
156	1	
157	1	
158	1	
159	1	
160	1	
161	1	
162	1	
163	-1	
164	-1	
165	-1	
166	-1	
167	1	
168	1	
169	-1	
170	-1	
171	1	
172	1	
173	-1	
174	1	
175	-1	
176	-1	
177	1	
178	1	
179	-1	
180	1	
181	1	
182	-1	
183	1	
184	-1	
185	1	
186	1	
187	-1	
188	-1	
189	1	
190	-1	
191	-1	
192	1	
193	1	
194	1	
195	1	
196	-1	
197	1	
198	1	
199	-1	
200	-1	
201	1	
202	-1	
203	-1	
204	-1	
205	1	
206	1	
207	-1	
208	-1	
209	-1	
210	-1	
211	-1	
212	-1	
213	-1	
214	-1	
215	-1	
216	1	
217	-1	
218	-1	
219	-1	
220	1	
221	1	
222	-1	
223	-1	
224	1	
225	-1	
226	1	
227	-1	
228	-1	
229	1	
230	1	
231	1	
232	-1	
233	-1	
234	-1	
235	1	
236	1	
237	1	
238	1	
239	1	
240	-1	
241	-1	
242	-1	
243	1	
244	1	
245	1	
246	1	
247	-1	
248	-1	
249	-1	
250	-1	
251	1	
252	-1	
253	1	
254	-1	
255	1	
256	-1	
257	1	
258	1	
259	1	
260	1	
261	-1	
262	1	
263	1	
264	1	
265	-1	
266	1	
267	-1	
268	-1	
269	-1	
270	-1	
271	-1	
272	1	
273	-1	
274	-1	
275	1	
276	1	
277	-1	
278	1	
279	1	
280	1	
281	-1	
282	1	
283	1	
284	-1	
285	1	
286	-1	
287	1	
288	1	
289	-1	
290	1	
291	-1	
292	1	
293	-1	
294	1	
295	1	
296	-1	
297	-1	
298	-1	
299	-1	
300	-1	
301	1	
302	-1	
303	-1	
304	1	
305	1	
306	1	
307	-1	
308	1	
309	-1	
310	1	
311	-1	
312	1	
313	-1	
314	-1	
315	-1	
316	1	
317	-1	
318	-1	
319	1	
320	1	
321	-1	
322	1	
323	1	
324	-1	
325	-1	
326	1	
327	1	
328	1	
329	-1	
330	-1	
331	-1	
332	-1	
333	1	
334	-1	
335	1	
336	1	
337	1	
338	1	
339	1	
340	1	
341	-1	
342	-1	
343	1	
344	-1	
345	-1	
346	-1	
347	1	
348	-1	
349	1	
350	1	
351	-1	
352	-1	
353	1	
354	1	
355	-1	
356	1	
357	-1	
358	1	
359	-1	
361	-1	
362	-1	
363	-1	
364	1	
365	1	
367	1	
368	-1	
369	-1	
370	1	
371	1	
372	1	
373	-1	
374	1	
375	1	
376	-1	
377	-1	
378	-1	
379	-1	
380	1	
382	1	
383	1	
384	1	
385	1	
386	1	
387	-1	
388	1	
389	1	
390	1	
391	-1	
392	-1	
393	-1	
394	1	
396	1	
397	1	
398	1	
399	1	
400	1	
401	-1	
402	1	
403	-1	
404	-1	
405	1	
406	1	
407	1	
408	1	
409	-1	
410	-1	
411	-1	
412	-1	
413	1	
414	-1	
415	1	
416	-1	
417	1	
418	1	
419	-1	
420	1	
421	-1	
422	-1	
424	-1	
425	1	
426	1	
427	-1	
428	-1	
429	1	
430	-1	
431	-1	
432	-1	
433	1	
434	1	
435	-1	
436	1	
437	1	
438	1	
439	-1	
440	1	
441	1	
442	1	
443	1	
444	-1	
445	1	
446	-1	
447	-1	
448	-1	
449	1	
450	-1	
451	1	
452	1	
453	-1	
454	1	
455	-1	
456	-1	
457	-1	
458	1	
459	1	
460	-1	
461	-1	
462	1	
463	-1	
464	-1	
465	1	
466	-1	
467	-1	
468	-1	
469	-1	
470	1	
471	-1	
472	1	
473	1	
474	-1	
475	-1	
476	-1	
477	-1	
478	-1	
479	1	
480	-1	
481	1	
482	1	
483	-1	
484	1	
485	1	
486	-1	
487	1	
488	-1	
489	1	
490	1	
491	-1	
492	1	
493	1	
494	1	
495	1	
496	1	
497	1	
498	-1	
499	1	
500	1	
501	1	
502	1	
503	-1	
504	1	
505	-1	
506	1	
507	1	
508	1	
509	-1	
510	-1	
511	-1	
Js:	
211	214	-3	
214	222	-3	
218	222	-3	
218	223	-2	
215	223	2	
211	215	-4	
480	484	3	
484	492	-1	
488	492	2	
488	494	3	
486	494	1	
480	486	3	
408	413	-2	
413	421	2	
417	421	4	
417	422	2	
414	422	-2	
408	414	-3	
64	68	-3	
65	68	3	
65	69	1	
66	69	2	
66	71	3	
64	71	4	
16	20	-2	
17	20	-3	
17	21	-3	
19	21	2	
19	23	-1	
16	23	-3	
128	132	1	
130	132	-3	
130	194	-2	
194	199	3	
192	199	1	
128	192	-2	
386	388	-4	
387	388	1	
387	390	2	
385	390	-1	
385	391	2	
386	391	-2	
432	437	1	
433	437	-2	
433	497	-1	
497	503	2	
496	503	2	
432	496	-2	
153	157	2	
155	157	-1	
155	158	2	
152	158	1	
152	159	2	
153	159	3	
139	142	-3	
142	150	-1	
145	150	-2	
145	151	4	
143	151	-1	
139	143	-2	
8	13	2	
9	13	-2	
9	14	-2	
11	14	2	
11	15	-2	
8	15	4	
41	46	-2	
46	54	2	
51	54	-3	
51	55	3	
47	55	-1	
41	47	4	
361	364	2	
362	364	4	
362	426	2	
426	430	2	
425	430	2	
361	425	2	
72	78	-2	
78	86	2	
80	86	-3	
80	87	4	
79	87	-1	
72	79	3	
264	271	3	
265	271	-2	
265	329	-2	
329	334	-1	
328	334	2	
264	328	2	
176	180	2	
178	180	-2	
178	181	-2	
177	181	-3	
177	183	-3	
176	183	2	
291	293	-3	
293	301	-1	
296	301	3	
296	302	-3	
294	302	2	
291	294	3	
336	340	2	
339	340	-4	
339	343	-2	
338	343	-3	
338	341	1	
336	341	3	
24	28	-1	
27	28	4	
27	91	-1	
91	95	2	
88	95	-3	
24	88	1	
409	415	2	
411	415	1	
411	475	3	
475	477	-2	
473	477	1	
409	473	3	
43	44	-3	
44	52	3	
49	52	-3	
49	53	3	
45	53	2	
43	45	-2	
266	268	3	
268	276	-1	
275	276	-4	
275	277	2	
269	277	-2	
266	269	2	
99	101	-2	
101	109	-3	
104	109	-2	
104	110	-2	
102	110	2	
99	102	-2	
457	460	-1	
458	460	2	
458	462	-2	
456	462	2	
456	463	3	
457	463	-4	
241	244	2	
243	244	-3	
243	245	-3	
240	245	-2	
240	246	2	
241	246	3	
371	372	-2	
372	380	-1	
376	380	3	
376	382	3	
374	382	-2	
371	374	1	
505	509	-2	
507	509	3	
507	510	3	
506	510	-3	
506	511	2	
505	511	-2	
258	260	-4	
259	260	3	
259	323	-2	
323	326	-1	
322	326	-2	
258	322	-2	
304	308	2	
306	308	-3	
306	309	3	
307	309	-3	
307	311	-2	
304	311	2	
160	165	-4	
161	165	1	
161	225	2	
225	230	2	
224	230	-4	
160	224	-1	
113	116	3	
116	124	-3	
123	124	2	
123	125	-4	
117	125	-3	
113	117	3	
352	357	-3	
354	357	-1	
354	418	-2	
418	420	-4	
416	420	3	
352	416	-2	
400	404	1	
402	404	2	
402	406	-3	
401	406	3	
401	405	1	
400	405	5	
441	445	-3	
442	445	-1	
442	447	2	
443	447	4	
443	446	1	
441	446	-2	
466	468	-3	
467	468	-3	
467	469	1	
465	469	2	
465	470	-2	
466	470	3	
184	190	2	
187	190	-2	
187	251	2	
251	253	-1	
248	253	4	
184	248	-2	
233	237	-1	
234	237	4	
234	298	-2	
298	300	-2	
297	300	-3	
233	297	-1	
169	172	2	
170	172	-1	
170	175	-3	
168	175	3	
168	173	2	
169	173	-1	
280	285	-2	
283	285	-3	
283	286	-4	
281	286	-2	
281	287	3	
280	287	-2	
33	37	2	
35	37	-2	
35	38	-4	
32	38	-1	
32	39	-2	
33	39	-2	
209	212	-2	
210	212	-3	
210	274	-1	
274	279	4	
273	279	-3	
209	273	-1	
346	348	2	
347	348	3	
347	351	3	
344	351	-2	
344	350	2	
346	350	2	
201	204	-1	
202	204	-2	
202	206	3	
203	206	2	
203	207	-1	
201	207	3	
56	60	3	
59	60	2	
59	62	-4	
58	62	-2	
58	61	4	
56	61	-3	
450	452	2	
451	452	-4	
451	454	-3	
448	454	5	
448	453	1	
450	453	-3	
424	428	-1	
428	436	-1	
435	436	2	
435	439	-2	
431	439	-2	
424	431	-3	
393	397	2	
394	397	-3	
394	399	-2	
392	399	2	
392	398	4	
393	398	2	
0	4	-3	
2	4	-3	
2	5	3	
3	5	-2	
3	6	4	
0	6	3	
313	319	-1	
315	319	3	
315	379	-3	
379	383	3	
377	383	2	
313	377	-4	
226	228	3	
228	236	-2	
232	236	5	
232	239	4	
231	239	-2	
226	231	-2	
483	485	2	
485	493	-2	
490	493	-2	
490	495	-4	
487	495	2	
483	487	3	
112	118	3	
118	126	3	
120	126	2	
120	127	-3	
119	127	-1	
112	119	-1	
321	325	3	
325	333	2	
330	333	2	
330	335	2	
327	335	-3	
321	327	2	
185	191	3	
186	191	2	
186	250	-2	
250	254	-3	
249	254	-2	
185	249	2	
97	100	4	
100	108	-2	
107	108	-1	
107	111	-2	
103	111	-3	
97	103	-2	
129	134	2	
131	134	-3	
131	195	2	
195	198	3	
193	198	-4	
129	193	-2	
82	84	2	
83	84	-3	
83	147	-1	
147	149	3	
146	149	-1	
82	146	1	
25	29	-3	
26	29	1	
26	90	-1	
90	94	-3	
89	94	1	
25	89	1	
73	76	3	
74	76	2	
74	138	-1	
138	141	3	
137	141	4	
73	137	2	
363	365	3	
365	373	1	
370	373	2	
370	375	-2	
367	375	-2	
363	367	-3	
289	292	2	
290	292	-3	
290	294	-2	
288	294	2	
288	295	-2	
289	295	3	
216	220	-2	
217	220	-2	
217	223	-2	
219	223	-2	
219	221	4	
216	221	-4	
464	470	3	
470	478	1	
472	478	4	
472	479	-2	
471	479	-3	
464	471	-3	
161	164	3	
163	164	3	
163	166	-4	
162	166	3	
162	167	-3	
161	167	-4	
498	500	2	
499	500	-1	
499	502	-2	
497	502	3	
497	501	-2	
498	501	1	
305	308	-2	
308	316	2	
314	316	3	
314	318	-3	
310	318	3	
305	310	-3	
256	261	-2	
258	261	3	
258	263	2	
257	263	-4	
257	262	-1	
256	262	4	
353	356	-2	
355	356	-2	
355	358	2	
354	358	-2	
354	359	3	
353	359	3	
403	404	-3	
404	412	-2	
410	412	-3	
410	415	3	
407	415	-2	
403	407	-3	
114	119	-3	
115	119	-3	
115	179	-1	
179	182	-3	
178	182	2	
114	178	-1	
169	174	3	
171	174	-1	
171	235	-2	
235	238	-3	
233	238	-4	
169	233	-1	
200	204	-3	
204	212	-1	
208	212	3	
208	213	-2	
205	213	1	
200	205	2	
18	22	2	
22	30	3	
24	30	-3	
24	31	3	
23	31	-2	
18	23	-3	
320	324	2	
324	332	-3	
331	332	-3	
331	334	-3	
326	334	2	
320	326	-3	
32	36	-3	
34	36	-4	
34	98	-2	
98	103	2	
96	103	3	
32	96	2	
81	84	-2	
84	92	1	
89	92	2	
89	93	-2	
85	93	2	
81	85	-2	
425	429	-3	
427	429	1	
427	491	-3	
491	495	1	
489	495	2	
425	489	-2	
242	244	-2	
244	252	3	
250	252	-3	
250	255	2	
247	255	3	
242	247	-2	
267	269	2	
272	277	2	
272	278	-3	
270	278	1	
267	270	-4	
144	148	1	
148	156	-2	
154	156	-2	
154	158	-2	
150	158	2	
144	150	3	
384	389	-3	
385	389	-3	
385	449	1	
449	455	4	
448	455	-4	
384	448	1	
281	284	-1	
282	284	4	
282	346	1	
346	349	3	
345	349	3	
281	345	2	
10	12	-2	
11	12	-3	
11	75	2	
75	77	4	
74	77	-3	
10	74	2	
440	444	2	
442	444	2	
442	506	-2	
506	508	1	
504	508	-2	
440	504	-2	
1	4	2	
3	4	-2	
3	67	2	
67	70	-3	
65	70	3	
1	65	-3	
50	53	-2	
53	61	2	
57	61	-2	
57	63	3	
55	63	2	
50	55	-4	
40	45	2	
42	45	3	
42	106	2	
106	110	3	
40	104	1	
368	373	-2	
369	373	-3	
369	433	2	
433	438	-3	
432	438	3	
368	432	1	
128	133	-3	
133	141	-1	
136	141	-3	
136	143	-3	
135	143	-3	
128	135	2	
474	476	-3	
476	484	1	
481	484	-3	
481	485	-2	
477	485	2	
474	477	2	
312	317	-1	
314	317	-2	
314	378	-2	
378	380	3	
312	376	3	
337	340	-3	
337	342	3	
339	342	1	
339	341	4	
226	229	-3	
227	229	3	
227	231	2	
224	231	-2	
226	230	1	
180	188	2	
186	188	3	
186	189	-1	
181	189	-2	
176	181	-2	
457	461	-3	
459	461	2	
459	462	-3	
458	463	2	
235	237	-3	
235	299	-1	
299	303	-2	
298	303	-2	
194	196	4	
195	196	2	
193	197	-2	
194	197	-1	
419	420	-1	
419	483	-3	
482	487	-1	
418	482	-2	
371	375	-1	
371	435	2	
434	439	-2	
370	434	-1	
115	116	2	
121	124	-3	
121	126	-2	
115	118	1	
393	396	3	
394	396	2	
392	397	1	
393	399	2	
43	47	3	
43	107	-2	
105	111	1	
41	105	-3	
48	52	1	
52	60	-2	
54	62	-2	
48	54	2	
91	92	2	
92	100	-1	
97	102	-1	
94	102	2	
91	94	-2	
80	85	2	
82	85	3	
82	86	-1	
81	86	-3	
81	87	-3	
209	213	-3	
211	213	1	
210	214	-2	
210	215	-2	
209	215	-2	
240	247	-2	
243	247	1	
243	307	2	
304	309	3	
240	304	-2	
96	101	1	
98	101	2	
98	162	-2	
162	165	1	
96	160	-2	
313	317	3	
315	317	-4	
379	382	1	
377	382	2	
467	471	-2	
465	471	2	
466	469	2	
264	268	1	
265	268	-3	
329	333	2	
328	333	-2	
219	283	1	
280	286	1	
216	280	-1	
426	428	3	
427	428	-3	
427	430	-2	
424	430	-3	
424	429	2	
426	429	3	
147	148	3	
152	156	2	
152	157	2	
149	157	2	
256	263	1	
257	321	1	
320	325	1	
256	320	1	
338	342	3	
342	350	-1	
347	350	-3	
343	351	2	
272	276	-2	
275	279	-1	
273	278	2	
9	12	1	
12	20	2	
16	22	2	
14	22	-1	
185	189	-2	
187	189	2	
251	254	-3	
202	205	1	
201	206	-3	
200	207	2	
499	501	-2	
501	509	2	
504	509	3	
504	511	3	
503	511	2	
499	503	3	
33	36	1	
34	37	-2	
35	39	-2	
299	300	-1	
299	363	-2	
361	367	2	
297	361	-2	
489	492	-1	
490	492	-3	
490	494	1	
488	493	3	
489	493	-1	
75	76	-2	
72	77	2	
73	79	-2	
409	412	-1	
411	412	-2	
475	478	-1	
473	478	2	
288	292	2	
291	295	2	
288	293	2	
352	356	3	
356	364	-1	
362	365	2	
357	365	-2	
322	324	2	
331	335	2	
322	327	-2	
67	68	3	
66	70	-2	
64	69	4	
26	28	3	
27	31	1	
25	31	-3	
25	30	-1	
26	30	-1	
312	318	2	
312	319	-2	
311	319	-1	
305	311	3	
170	174	-2	
174	182	1	
179	183	2	
175	183	1	
355	359	-3	
355	419	-1	
419	421	-4	
353	417	1	
449	452	2	
450	454	3	
450	455	-2	
402	405	-2	
401	407	2	
400	407	-2	
384	388	-2	
386	390	2	
387	391	-4	
384	391	1	
441	444	2	
441	447	1	
443	445	-3	
440	445	1	
129	132	2	
131	132	-4	
131	135	1	
130	135	-3	
130	133	1	
129	133	-3	
500	508	-2	
505	508	3	
505	510	-2	
502	510	2	
498	502	3	
410	414	-2	
410	474	-1	
474	479	3	
408	472	-1	
154	159	1	
154	218	2	
217	222	-2	
153	217	-2	
56	63	3	
57	121	2	
121	127	-3	
56	120	-1	
1	5	-3	
5	13	1	
10	13	3	
10	14	2	
6	14	-1	
1	6	-2	
164	172	2	
168	172	-2	
165	173	-1	
163	165	-2	
105	108	2	
108	116	2	
114	116	-1	
114	117	-2	
109	117	1	
105	109	-2	
242	245	-1	
245	253	-3	
248	254	-1	
246	254	1	
242	246	3	
259	261	-1	
261	269	-2	
266	270	1	
262	270	2	
259	262	-2	
416	422	-3	
418	422	1	
482	486	3	
416	480	-1	
227	228	-2	
40	44	-2	
51	52	2	
40	46	-2	
344	349	1	
280	344	1	
137	142	1	
139	203	-2	
137	201	2	
284	292	2	
290	293	3	
285	293	-1	
282	285	-1	
192	196	3	
195	199	2	
195	197	1	
192	197	-3	
184	188	-3	
187	188	-1	
187	191	-2	
185	190	2	
88	92	-2	
89	95	3	
90	95	2	
90	93	-3	
88	93	-1	
452	460	1	
456	460	-3	
456	461	-2	
453	461	-1	
451	453	-3	
18	21	-1	
19	83	-3	
83	85	1	
18	82	-3	
299	301	-3	
299	302	-1	
298	302	-3	
296	303	-3	
433	436	-1	
435	437	1	
434	437	-3	
434	438	1	
145	148	2	
146	148	2	
146	150	-2	
144	151	3	
369	372	2	
370	372	-2	
370	374	-3	
368	374	3	
48	53	-1	
49	113	2	
112	117	2	
48	112	3	
266	271	3	
267	271	1	
267	331	-1	
330	334	-2	
266	330	1	
162	226	-1	
225	229	-3	
9	15	3	
9	73	2	
73	78	2	
8	72	2	
249	252	-2	
249	255	3	
241	247	-2	
2	66	2	
0	64	-1	
376	383	2	
378	383	2	
378	442	1	
442	446	2	
440	446	3	
376	440	-1	
396	404	1	
403	406	-1	
398	406	-1	
36	44	-1	
42	44	-1	
42	46	-3	
38	46	-1	
34	38	1	
153	158	1	
155	219	-1	
219	220	2	
348	356	1	
350	358	-2	
409	413	2	
411	413	2	
475	476	-2	
473	476	2	
323	327	-2	
21	29	2	
27	29	2	
27	30	2	
17	22	1	
273	276	-1	
274	276	1	
274	338	2	
273	337	1	
171	172	-2	
172	180	1	
177	180	-3	
173	181	1	
171	173	3	
130	134	-1	
134	142	-2	
136	142	1	
120	125	1	
123	126	-3	
496	500	2	
507	508	-2	
496	501	-3	
306	310	-2	
427	431	-1	
491	493	2	
424	488	1	
106	109	-1	
106	111	2	
99	103	-2	
461	469	-2	
464	469	-2	
462	470	1	
58	60	2	
59	61	1	
59	63	-2	
481	487	-2	
483	486	-1	
210	213	1	
208	214	-2	
209	214	-2	
229	237	-1	
234	238	2	
230	238	1	
227	230	1	
51	115	2	
50	114	1	
321	326	-2	
321	385	2	
320	384	-2	
138	202	-2	
202	207	-2	
136	200	2	
96	100	1	
99	100	-2	
99	163	-2	
160	166	-1	
241	245	-1	
241	305	1	
90	154	1	
154	157	2	
88	152	2	
507	511	1	
498	503	-1	
224	228	2	
225	228	-1	
225	289	-1	
289	294	1	
224	288	-1	
233	236	2	
235	239	-1	
182	190	-2	
186	190	2	
183	191	-2	
312	316	-2	
313	316	2	
19	20	-1	
83	87	-2	
17	81	2	
340	348	2	
341	349	1	
8	12	2	
10	15	-1	
420	428	-1	
422	430	-1	
29	37	2	
32	37	-2	
31	39	-1	
277	285	2	
278	286	2	
397	405	-1	
399	407	-1	
377	380	1	
379	380	2	
379	443	-1	
377	441	1	
491	492	2	
491	494	2	
489	494	-2	
104	108	-2	
106	108	1	
106	170	1	
104	168	-2	
363	364	2	
364	372	-1	
369	375	2	
388	396	-2	
392	396	2	
390	398	-2	
329	332	-2	
330	332	1	
328	335	-1	
329	335	2	
465	468	2	
468	476	-1	
107	110	-1	
105	110	2	
353	357	2	
352	358	-1	
257	260	-2	
260	268	1	
263	271	-1	
251	252	2	
251	255	-1	
248	255	-1	
250	253	1	
147	151	-1	
147	211	2	
208	215	-2	
144	208	1	
449	453	2	
449	454	1	
429	437	-1	
425	431	2	
242	306	1	
76	84	1	
80	84	1	
74	78	1	
408	412	2	
410	413	2	
411	414	-2	
432	436	2	
436	444	-2	
438	446	2	
459	460	2	
457	462	2	
297	301	2	
69	77	-2	
75	79	1	
71	79	2	
218	220	3	
216	223	-1	
472	477	2	
482	485	1	
478	486	-1	
290	295	1	
287	295	-1	
282	287	-2	
155	156	1	
156	164	2	
159	167	-1	
155	159	-3	
49	54	-1	
113	118	1	
378	382	2	
375	383	1	
368	375	2	
91	93	1	
93	101	-1	
98	102	-2	
120	124	2	
123	187	-1	
184	189	1	
120	184	1	
196	204	-1	
203	204	-2	
203	205	2	
197	205	1	
337	343	-2	
338	402	1	
337	401	1	
18	20	-1	
20	28	1	
26	31	2	
417	481	2	
33	38	-3	
35	99	-2	
33	97	2	
323	325	3	
323	387	1	
345	351	-2	
345	409	-1	
408	415	2	
344	408	2	
41	45	-1	
40	47	1	
128	134	-2	
403	405	1	
403	467	-2	
400	464	2	
274	277	-2	
275	278	-2	
144	149	-2	
145	149	-2	
146	151	1	
57	62	2	
59	123	-1	
121	125	2	
0	5	-1	
178	183	-2	
176	182	-2	
166	174	2	
169	175	-1	
167	175	-1	
497	500	-2	
361	365	2	
362	367	2	
138	142	-2	
137	143	1	
198	206	-2	
199	207	-2	
16	21	1	
24	29	2	
58	63	-2	
322	386	1	
386	389	-1	
297	302	1	
297	303	-1	
295	303	1	
460	468	-1	
458	461	2	
68	76	2	
70	78	2	
203	267	-1	
264	270	-2	
200	264	1	
437	445	-2	
439	447	-2	
433	439	-1	
222	230	-1	
223	231	1	
275	339	-1	
272	336	2	
107	109	-1	
107	171	1	
248	252	-2	
368	372	-2	
371	373	2	
347	349	-1	
349	357	-1	
353	358	-1	
259	263	-2	
257	261	2	
243	246	-1	
330	394	2	
394	398	1	
328	392	1	
234	236	1	
233	239	1	
112	116	-1	
113	119	1	
114	118	-2	
88	94	-1	
280	284	-1	
281	285	1	
213	221	2	
216	222	-1	
401	404	1	
402	466	2	
401	465	2	
153	156	1	
160	164	2	
157	165	1	
488	495	-1	
34	39	-1	
426	431	2	
296	300	-1	
300	308	1	
303	311	-1	
434	436	-2	
434	498	1	
496	502	-1	
417	420	-1	
418	421	1	
419	422	1	
291	355	1	
290	354	-1	
96	102	1	
323	324	-1	
146	210	-1	
387	389	2	
389	397	1	
391	399	1	
441	505	1	
345	348	-2	
307	310	1	
306	311	-1	
50	52	1	
57	60	-1	
50	54	2	
179	180	-2	
185	188	1	
179	181	2	
170	173	-2	
170	234	1	
42	47	-1	
91	155	-2	
482	484	-1	
481	486	-1	
480	487	2	
193	199	-2	
192	198	-1	
225	231	1	
264	269	-1	
265	269	-1	
249	253	1	
16	80	2	
25	28	2	
28	36	1	
212	220	1	
139	141	1	
201	205	1	
289	353	1	
288	352	-1	
272	279	-1	
336	342	2	
48	55	-1	
115	117	1	
425	428	-1	
435	438	-1	
97	101	1	
384	390	1	
346	410	1	
123	127	1	
13	21	1	
469	477	-1	
475	479	2	
251	315	1	
314	319	1	
250	314	-1	
443	507	-1	
74	79	-1	
138	143	-2	
276	284	1	
283	284	1	
178	242	-1	
177	241	1	
256	260	2	
258	262	1	
313	318	-2	
416	421	-1	
409	414	1	
19	22	1	
355	357	-1	
359	367	1	
369	374	1	
304	310	1	
305	309	1	
322	325	-1	
320	327	-1	
75	78	1	
111	119	1	
104	111	-1	
171	175	1	
168	174	-1	
89	153	-1	
283	287	-1	
279	287	1	
480	485	1	
267	268	-1	
291	292	1	
184	191	1	
336	343	1	
459	463	-1	
329	393	-1	
232	237	1	
385	388	-1	
11	13	-1	
440	447	1	
432	439	1	
346	351	1	
298	301	1	
472	476	-1	
474	478	-1	
354	356	1	
152	216	-1	
86	94	-1	
492	500	-1	
494	502	-1	
483	484	1	
129	135	-1	
66	68	1	
67	71	-1	
67	69	-1	
217	221	1	
218	221	1	
218	282	1	
282	286	1	
217	281	1	
17	23	-1	
332	340	1	
333	341	-1	
331	333	1	
163	167	1	
448	452	1	
49	55	1	
315	316	-1	
73	77	1	
72	136	1	
Energy:	-1726	
