NumberOfQubits	504	
NumberOfSubgraphs	504	
Serial	83	
PlantedSolution:	
0	1	
1	-1	
2	-1	
3	1	
4	-1	
5	1	
6	1	
8	1	
9	1	
10	1	
11	1	
12	-1	
13	-1	
14	1	
15	-1	
16	-1	
17	1	
18	-1	
19	-1	
20	1	
21	-1	
22	1	
23	-1	
24	1	
25	-1	
26	-1	
27	1	
28	1	
29	1	
30	-1	
31	-1	
32	1	
33	1	
34	1	
35	-1	
36	1	
37	1	
38	-1	
39	1	
40	-1	
41	-1	
42	1	
43	1	
44	-1	
45	-1	
46	-1	
47	-1	
48	-1	
49	-1	
50	-1	
51	-1	
52	-1	
53	1	
54	1	
55	1	
56	-1	
57	-1	
58	-1	
59	-1	
60	1	
61	-1	
62	-1	
63	1	
64	-1	
65	1	
66	1	
67	-1	
68	-1	
69	-1	
70	-1	
71	1	
72	1	
73	1	
74	-1	
75	1	
76	1	
77	1	
78	1	
79	1	
80	1	
81	-1	
82	1	
83	-1	
84	1	
85	-1	
86	1	
87	1	
88	1	
89	-1	
90	1	
91	-1	
92	1	
93	-1	
94	-1	
95	1	
96	-1	
97	-1	
98	1	
99	-1	
100	1	
101	-1	
102	-1	
103	-1	
104	-1	
105	1	
106	1	
107	-1	
108	-1	
109	-1	
110	1	
111	1	
112	1	
113	-1	
114	-1	
115	-1	
116	1	
117	-1	
118	1	
119	-1	
120	1	
121	1	
123	1	
124	1	
125	1	
126	1	
127	-1	
128	1	
129	-1	
130	-1	
131	1	
132	-1	
133	-1	
134	-1	
135	1	
136	1	
137	1	
138	1	
139	1	
141	-1	
142	-1	
143	-1	
144	-1	
145	1	
146	-1	
147	-1	
148	-1	
149	1	
150	-1	
151	-1	
152	1	
153	1	
154	-1	
155	1	
156	1	
157	-1	
158	-1	
159	-1	
160	-1	
161	1	
162	1	
163	1	
164	-1	
165	1	
166	-1	
167	-1	
168	-1	
169	1	
170	1	
171	1	
172	-1	
173	-1	
174	-1	
175	-1	
176	-1	
177	-1	
178	-1	
179	-1	
180	-1	
181	-1	
182	1	
183	1	
184	-1	
185	-1	
186	-1	
187	-1	
188	-1	
189	-1	
190	-1	
191	1	
192	1	
193	1	
194	-1	
195	-1	
196	1	
197	-1	
198	1	
199	-1	
200	-1	
201	1	
202	-1	
203	-1	
204	-1	
205	1	
206	-1	
207	1	
208	1	
209	-1	
210	1	
211	1	
212	1	
213	1	
214	-1	
215	-1	
216	-1	
217	-1	
218	-1	
219	-1	
220	1	
221	-1	
222	1	
223	-1	
224	-1	
225	1	
226	-1	
227	-1	
228	1	
229	-1	
230	-1	
231	1	
232	1	
233	1	
234	-1	
235	-1	
236	-1	
237	-1	
238	1	
239	-1	
240	-1	
241	-1	
242	1	
243	1	
244	-1	
245	1	
246	1	
247	-1	
248	1	
249	-1	
250	1	
251	1	
252	1	
253	-1	
254	1	
255	1	
256	1	
257	1	
258	-1	
259	-1	
260	1	
261	1	
262	-1	
263	1	
264	-1	
265	-1	
266	1	
267	1	
268	-1	
269	1	
270	1	
271	-1	
272	1	
273	-1	
274	1	
275	1	
276	1	
277	1	
278	1	
279	-1	
280	-1	
281	-1	
282	1	
283	1	
284	-1	
285	1	
286	1	
287	-1	
288	-1	
289	-1	
290	-1	
291	1	
292	1	
293	-1	
294	1	
295	-1	
296	1	
297	1	
298	-1	
299	1	
300	-1	
301	-1	
302	-1	
303	1	
304	1	
305	-1	
306	-1	
307	-1	
308	-1	
309	1	
310	1	
311	1	
312	-1	
313	-1	
314	-1	
315	1	
316	1	
317	1	
318	1	
319	-1	
320	-1	
321	1	
322	-1	
323	1	
324	1	
325	1	
326	1	
327	1	
328	1	
329	1	
330	1	
331	-1	
332	-1	
333	-1	
334	1	
335	1	
336	1	
337	-1	
338	-1	
339	1	
340	1	
341	-1	
342	-1	
343	-1	
344	-1	
345	1	
346	1	
347	1	
348	1	
349	-1	
350	1	
351	1	
352	1	
353	1	
354	-1	
355	1	
356	1	
357	1	
358	1	
359	1	
361	-1	
362	-1	
363	1	
364	1	
365	1	
367	1	
368	-1	
369	1	
370	1	
371	-1	
372	-1	
373	-1	
374	1	
375	1	
376	1	
377	1	
378	1	
379	1	
380	1	
382	1	
383	1	
384	-1	
385	1	
386	-1	
387	1	
388	1	
389	1	
390	1	
391	1	
392	1	
393	1	
394	1	
396	-1	
397	1	
398	1	
399	1	
400	-1	
401	-1	
402	1	
403	-1	
404	1	
405	1	
406	1	
407	-1	
408	1	
409	-1	
410	-1	
411	1	
412	1	
413	-1	
414	-1	
415	1	
416	-1	
417	-1	
418	1	
419	-1	
420	1	
421	1	
422	-1	
424	1	
425	1	
426	-1	
427	-1	
428	1	
429	1	
430	1	
431	-1	
432	-1	
433	1	
434	1	
435	1	
436	1	
437	-1	
438	-1	
439	-1	
440	1	
441	1	
442	1	
443	1	
444	-1	
445	1	
446	1	
447	-1	
448	-1	
449	1	
450	1	
451	1	
452	-1	
453	-1	
454	1	
455	-1	
456	1	
457	-1	
458	-1	
459	-1	
460	-1	
461	-1	
462	1	
463	-1	
464	-1	
465	1	
466	1	
467	-1	
468	1	
469	1	
470	-1	
471	1	
472	1	
473	1	
474	-1	
475	1	
476	-1	
477	1	
478	-1	
479	1	
480	1	
481	-1	
482	1	
483	-1	
484	-1	
485	-1	
486	-1	
487	-1	
488	-1	
489	1	
490	1	
491	-1	
492	1	
493	-1	
494	1	
495	1	
496	1	
497	-1	
498	1	
499	1	
500	-1	
501	-1	
502	1	
503	-1	
504	-1	
505	1	
506	-1	
507	1	
508	1	
509	1	
510	1	
511	1	
Js:	
433	438	3	
438	446	2	
440	446	-3	
440	447	4	
439	447	3	
433	439	3	
176	183	-2	
177	183	2	
177	241	-2	
241	247	-3	
240	247	-2	
176	240	-3	
144	150	-3	
145	150	3	
145	209	-2	
209	214	-3	
208	214	1	
144	208	2	
227	228	-2	
228	236	3	
232	236	2	
232	238	-3	
230	238	3	
227	230	-3	
168	172	-3	
172	180	-2	
178	180	-3	
178	182	3	
174	182	3	
168	174	-2	
297	300	4	
299	300	3	
299	363	-3	
363	364	-3	
361	364	6	
297	361	-2	
267	269	-1	
269	277	-1	
272	277	3	
272	279	1	
271	279	-1	
267	271	5	
313	316	4	
315	316	-3	
315	318	-3	
314	318	4	
314	317	-3	
313	317	3	
200	204	-3	
202	204	-3	
202	206	-3	
203	206	-3	
203	207	-3	
200	207	1	
26	28	5	
28	36	-1	
35	36	3	
35	37	2	
29	37	-1	
26	29	-3	
434	437	4	
435	437	3	
435	499	5	
499	502	-1	
498	502	-3	
434	498	-4	
184	189	3	
186	189	-3	
186	191	3	
185	191	3	
185	190	-3	
184	190	-2	
288	292	1	
291	292	-3	
291	294	-1	
289	294	4	
289	295	3	
288	295	-1	
387	388	-3	
388	396	-3	
392	396	2	
392	399	-3	
391	399	-4	
387	391	-3	
153	156	-3	
156	164	-2	
162	164	3	
162	166	3	
158	166	-3	
153	158	2	
10	12	-1	
11	12	5	
11	13	2	
8	13	2	
8	14	-4	
10	14	-3	
482	485	4	
485	493	-1	
488	493	-2	
488	495	-2	
487	495	1	
482	487	2	
112	116	-2	
115	116	2	
115	119	-1	
113	119	-2	
113	117	-2	
112	117	-3	
330	333	-3	
333	341	-1	
338	341	-1	
338	343	-3	
335	343	4	
330	335	-3	
216	221	-3	
219	221	-2	
219	283	2	
283	286	-2	
280	286	4	
216	280	-3	
441	444	2	
442	444	2	
442	506	3	
506	511	-1	
505	511	-3	
441	505	-4	
248	252	-2	
249	252	-3	
249	255	4	
251	255	-1	
251	253	3	
248	253	4	
48	52	-4	
51	52	-3	
51	54	2	
50	54	4	
50	53	3	
48	53	3	
17	22	-1	
18	22	-3	
18	82	2	
82	86	-4	
81	86	2	
17	81	3	
456	460	-1	
457	460	-4	
457	461	-3	
459	461	-3	
459	463	-3	
456	463	3	
345	348	2	
348	356	-2	
354	356	3	
354	358	4	
350	358	-2	
345	350	-4	
128	133	-3	
130	133	-3	
130	134	-3	
131	134	2	
131	135	-4	
128	135	-3	
322	324	2	
324	332	1	
328	332	3	
328	334	4	
326	334	-2	
322	326	3	
401	404	2	
403	404	3	
403	405	3	
402	405	-2	
402	407	-3	
401	407	-3	
370	372	3	
371	372	-3	
371	375	2	
368	375	3	
368	373	2	
370	373	5	
425	429	-3	
426	429	-2	
426	430	2	
424	430	-4	
424	431	3	
425	431	2	
98	101	3	
101	109	-3	
107	109	-3	
107	111	1	
103	111	-2	
98	103	2	
194	199	-4	
195	199	-1	
195	259	-2	
259	260	3	
258	260	4	
194	258	1	
467	468	-2	
468	476	1	
474	476	-4	
474	477	4	
469	477	-1	
467	469	5	
344	349	-2	
349	357	-2	
353	357	-2	
353	359	-2	
351	359	-2	
344	351	5	
65	69	3	
66	69	3	
66	70	1	
64	70	4	
64	71	2	
65	71	-2	
136	141	5	
139	141	3	
139	143	3	
137	143	4	
137	142	4	
136	142	-2	
409	412	4	
411	412	1	
411	475	-2	
475	478	4	
473	478	2	
409	473	2	
304	309	-3	
307	309	2	
307	311	3	
306	311	3	
306	310	-2	
304	310	-2	
416	422	-4	
419	422	-2	
419	483	-4	
483	484	-4	
480	484	-1	
416	480	4	
73	76	-3	
76	84	-1	
83	84	3	
83	87	-2	
79	87	-2	
73	79	-1	
56	63	4	
57	63	-4	
57	121	2	
121	124	-3	
120	124	-1	
56	120	3	
160	165	3	
161	165	-3	
161	225	-3	
225	231	-3	
224	231	-1	
160	224	-2	
24	31	3	
27	31	2	
27	91	3	
91	94	-3	
88	94	-2	
24	88	-3	
170	175	3	
171	175	2	
171	235	3	
235	237	-3	
234	237	-2	
170	234	-1	
376	380	2	
377	380	-3	
377	383	-2	
379	383	-3	
379	382	-2	
376	382	-3	
97	100	3	
100	108	1	
106	108	-2	
106	110	-2	
102	110	2	
97	102	-3	
450	452	4	
451	452	5	
451	455	2	
448	455	-3	
448	453	3	
450	453	3	
256	262	3	
257	262	3	
257	321	-1	
321	327	-3	
320	327	3	
256	320	-1	
40	44	-1	
41	44	-5	
41	45	1	
43	45	4	
43	47	2	
40	47	-4	
147	149	4	
149	157	3	
154	157	-4	
154	159	-2	
151	159	2	
147	151	-3	
0	4	2	
2	4	-3	
2	5	-4	
3	5	-4	
3	6	-3	
0	6	-5	
266	268	-2	
268	276	1	
273	276	3	
273	278	2	
270	278	-1	
266	270	-3	
217	223	-2	
218	223	-2	
218	282	-2	
282	284	3	
281	284	-2	
217	281	-3	
496	500	3	
500	508	3	
507	508	-2	
507	509	-4	
501	509	3	
496	501	-3	
385	389	-4	
389	397	-2	
394	397	-3	
394	398	-3	
390	398	-3	
385	390	2	
410	412	2	
412	420	-1	
417	420	3	
417	421	-2	
413	421	1	
410	413	-3	
16	20	3	
19	20	-1	
19	23	-3	
17	23	2	
17	21	3	
16	21	-1	
336	342	3	
337	342	-2	
337	401	1	
401	406	3	
400	406	3	
336	400	1	
178	181	-1	
179	181	-4	
179	243	2	
243	245	-3	
242	245	3	
178	242	3	
80	85	3	
85	93	2	
89	93	-4	
89	95	4	
87	95	-3	
80	87	-2	
208	212	-3	
211	212	-2	
211	213	2	
210	213	-4	
210	215	3	
208	215	3	
458	462	4	
462	470	2	
465	470	3	
465	471	-4	
463	471	-4	
458	463	-2	
56	60	-2	
59	60	2	
59	61	-4	
58	61	-4	
58	62	-5	
56	62	-3	
489	492	2	
490	492	-2	
490	494	-3	
491	494	5	
491	493	-3	
489	493	3	
25	30	-4	
30	38	2	
34	38	3	
34	39	-3	
31	39	2	
25	31	-4	
298	301	-3	
299	301	3	
299	303	-1	
296	303	-5	
296	302	2	
298	302	3	
193	196	-3	
195	196	3	
195	198	3	
192	198	-2	
192	197	2	
193	197	-2	
74	77	2	
75	77	-3	
75	79	-3	
72	79	-4	
72	78	-2	
74	78	-4	
114	118	2	
118	126	-3	
123	126	3	
123	127	3	
119	127	-3	
114	119	-2	
368	374	3	
369	374	-4	
369	433	1	
433	436	-2	
432	436	4	
368	432	-1	
104	108	-3	
105	108	-1	
105	169	-2	
169	173	2	
168	173	-3	
104	168	-1	
96	103	-3	
99	103	-2	
99	163	3	
163	167	4	
160	167	-3	
96	160	-2	
186	188	-3	
187	188	2	
187	251	1	
251	254	-3	
250	254	-4	
186	250	1	
224	229	5	
226	229	-4	
226	290	-1	
290	293	-2	
288	293	-4	
224	288	-3	
274	278	2	
275	278	-3	
275	339	-2	
339	340	-3	
338	340	3	
274	338	3	
352	357	2	
357	365	-3	
362	365	4	
362	367	5	
359	367	-2	
352	359	-4	
200	205	3	
201	205	-3	
201	265	-1	
265	269	4	
264	269	2	
200	264	-1	
42	46	2	
46	54	2	
49	54	2	
49	55	3	
47	55	-2	
42	47	1	
472	478	2	
478	486	2	
481	486	-3	
481	487	-2	
479	487	2	
472	479	-3	
440	445	-2	
443	445	-3	
443	507	-2	
507	510	3	
504	510	3	
440	504	1	
65	68	3	
67	68	-2	
67	131	2	
131	132	4	
129	132	-3	
65	129	-2	
305	308	-3	
308	316	3	
312	316	2	
312	319	3	
311	319	3	
305	311	1	
323	325	-2	
325	333	-1	
331	333	-3	
331	334	2	
323	326	-4	
408	413	2	
410	414	2	
411	414	4	
411	415	-2	
408	415	-3	
152	159	3	
155	159	2	
155	219	2	
219	222	-3	
216	222	2	
152	216	2	
233	236	3	
236	244	-1	
243	244	3	
243	247	-2	
239	247	-2	
233	239	2	
386	390	3	
386	450	2	
450	454	-2	
449	454	-4	
385	449	-2	
282	285	-3	
283	285	2	
283	347	-2	
347	348	-3	
346	348	-3	
282	346	-2	
418	420	-3	
420	428	-3	
427	428	-1	
427	429	4	
421	429	-2	
418	421	-2	
89	92	1	
91	92	2	
90	94	-2	
90	93	3	
497	500	2	
504	508	2	
504	511	5	
503	511	2	
497	503	-3	
464	469	4	
467	471	-1	
466	471	-2	
466	470	2	
464	470	-3	
144	148	-3	
146	148	-4	
146	150	-2	
145	149	2	
144	149	2	
8	15	2	
9	15	-2	
9	73	-3	
73	78	-2	
8	72	-3	
32	36	-3	
35	39	2	
33	39	-2	
33	37	-3	
32	37	2	
257	261	-3	
258	261	4	
258	262	-2	
259	262	1	
259	263	3	
257	263	-3	
329	335	-2	
330	394	1	
394	396	2	
393	396	3	
329	393	-2	
378	383	-3	
379	443	-2	
443	447	-2	
442	447	2	
378	442	-2	
352	356	-2	
355	356	-2	
355	419	-1	
352	416	2	
384	388	4	
387	451	1	
448	452	-2	
384	448	-3	
116	124	-3	
123	124	-3	
123	125	-2	
117	125	3	
217	220	2	
220	228	-3	
227	231	2	
223	231	3	
137	141	2	
138	142	3	
138	143	4	
136	143	-1	
240	246	2	
241	246	4	
241	305	-2	
304	308	1	
240	304	-2	
281	286	3	
286	294	-3	
287	295	-2	
281	287	-3	
1	4	-5	
3	4	2	
0	5	2	
1	6	3	
232	239	2	
234	239	-4	
234	298	-2	
298	300	1	
296	300	3	
232	296	-2	
80	84	-3	
81	84	4	
83	86	-2	
83	85	-2	
9	12	2	
12	20	3	
18	20	4	
18	21	1	
13	21	-3	
9	13	3	
57	60	3	
58	60	2	
59	62	-2	
59	63	3	
472	476	1	
474	479	-1	
475	479	-3	
475	477	-1	
472	477	-2	
99	101	-3	
163	165	1	
162	165	-2	
98	162	-1	
184	188	-3	
185	188	-3	
187	190	-4	
187	191	2	
184	191	2	
146	151	-3	
147	211	1	
211	214	3	
210	214	2	
146	210	-1	
105	109	3	
106	109	2	
104	110	-3	
104	111	2	
105	111	-4	
336	340	-3	
339	341	2	
337	341	-3	
337	343	-2	
336	343	-2	
435	436	-1	
435	438	2	
434	438	-2	
434	439	1	
432	439	-3	
49	52	-2	
51	55	-3	
51	53	2	
346	349	1	
346	350	1	
347	350	-2	
347	351	-2	
169	174	2	
171	174	3	
233	237	-3	
169	233	-3	
425	428	-1	
426	428	3	
426	490	2	
490	495	-3	
489	495	4	
425	489	-2	
312	317	2	
315	317	-3	
313	318	2	
313	319	-2	
402	406	-1	
402	466	-4	
466	468	-3	
464	468	-1	
400	464	-4	
197	205	3	
201	207	-3	
199	207	2	
192	199	-3	
64	68	-1	
66	68	4	
66	130	-1	
128	134	4	
64	128	1	
170	173	-2	
173	181	-1	
179	183	3	
175	183	2	
274	276	1	
276	284	1	
280	284	-2	
280	285	2	
277	285	-3	
274	277	-3	
320	324	2	
321	324	-4	
321	325	-3	
322	325	3	
322	327	3	
24	28	-2	
26	90	3	
90	92	-3	
88	92	3	
497	501	-2	
497	502	3	
498	503	2	
496	503	1	
369	372	3	
371	373	-4	
370	375	2	
369	375	-2	
297	301	3	
301	309	1	
306	309	3	
302	310	1	
297	302	3	
482	484	-3	
483	486	-3	
481	485	-2	
152	156	-4	
153	157	3	
154	158	-2	
152	158	2	
265	268	-2	
267	268	3	
266	271	2	
265	270	-2	
393	397	1	
397	405	-3	
403	407	-2	
399	407	2	
393	399	-2	
458	460	-2	
459	462	-2	
250	252	-2	
250	255	-4	
248	255	-3	
249	253	-4	
32	38	2	
33	38	2	
33	97	2	
96	100	-1	
32	96	2	
42	44	4	
42	45	3	
43	46	-2	
41	46	-3	
209	212	3	
212	220	-2	
218	220	4	
218	221	1	
213	221	3	
209	213	2	
427	430	2	
427	491	-2	
488	494	2	
424	488	-2	
196	204	3	
198	206	2	
193	198	3	
10	15	4	
11	15	2	
11	75	-2	
75	76	-2	
74	76	3	
10	74	2	
362	364	2	
363	365	-2	
363	367	-4	
361	367	-1	
290	292	3	
291	355	-3	
355	358	-3	
290	354	-2	
115	117	-3	
121	125	-4	
121	126	-1	
115	118	-3	
161	164	2	
162	226	-1	
225	229	2	
441	445	-1	
442	445	-2	
506	510	4	
505	510	2	
377	382	-3	
378	382	-3	
376	383	-3	
19	21	-3	
21	29	1	
27	29	-1	
27	30	3	
22	30	-2	
19	22	4	
329	332	-2	
393	398	-3	
392	398	-2	
328	392	-1	
176	182	3	
240	245	2	
67	71	3	
129	135	2	
256	260	1	
256	263	-4	
409	415	3	
473	479	2	
408	472	-2	
384	389	2	
449	455	-3	
272	276	3	
273	279	-4	
275	279	2	
272	278	-2	
177	180	3	
177	182	3	
49	53	3	
50	114	1	
114	116	4	
113	116	3	
49	113	-2	
323	387	-3	
386	391	-2	
322	386	-2	
139	142	-3	
139	203	3	
138	202	4	
155	158	2	
163	166	-2	
159	167	-1	
56	61	-2	
59	123	1	
120	127	-2	
244	252	2	
251	252	-3	
246	254	3	
243	246	-2	
16	22	2	
23	31	-1	
16	23	-4	
67	69	-2	
69	77	1	
70	78	1	
67	70	-4	
451	453	2	
453	461	-2	
456	461	3	
456	462	-2	
454	462	-1	
451	454	2	
353	356	-2	
354	418	-1	
418	422	3	
417	422	-2	
353	417	2	
341	349	-3	
345	349	2	
342	350	2	
339	342	2	
432	437	-1	
437	445	-2	
443	446	-2	
432	438	-2	
40	46	-2	
43	107	3	
107	108	-3	
40	104	-3	
224	230	-3	
227	291	2	
291	293	2	
400	404	2	
404	412	-1	
409	414	2	
406	414	3	
283	287	2	
280	287	-1	
427	431	-3	
491	492	1	
1	5	2	
2	6	1	
80	86	-1	
82	146	-1	
80	144	1	
89	94	1	
94	102	-2	
96	102	-2	
95	103	2	
129	133	-3	
130	194	-1	
194	198	2	
129	193	1	
309	317	-1	
314	319	-2	
499	501	3	
504	509	-1	
499	503	3	
264	271	-2	
267	331	1	
264	328	3	
234	238	2	
298	303	-2	
209	215	1	
185	189	-3	
187	189	-3	
186	190	2	
460	468	3	
465	468	-2	
457	463	-1	
11	14	-1	
480	485	-2	
483	487	-2	
480	486	2	
33	36	-3	
34	37	-2	
372	380	2	
378	380	-2	
374	382	1	
370	374	-1	
436	444	3	
440	444	2	
248	254	-2	
92	100	-2	
98	100	-3	
93	101	-2	
88	93	1	
154	218	-1	
218	222	2	
217	222	2	
153	217	-1	
203	205	2	
136	200	2	
113	118	1	
115	179	-1	
113	177	-2	
312	318	2	
310	318	1	
305	310	3	
285	293	1	
289	293	-1	
282	287	2	
192	196	-2	
259	261	2	
256	261	1	
192	256	-2	
506	508	2	
502	510	-2	
160	164	-2	
164	172	-1	
170	172	3	
165	173	3	
416	420	1	
347	411	-1	
411	413	2	
344	408	-3	
169	175	2	
235	236	2	
473	476	-2	
475	476	2	
474	478	-1	
473	477	-2	
396	404	2	
401	405	-2	
331	332	-4	
332	340	2	
331	335	2	
424	428	-3	
488	492	4	
68	76	-2	
71	79	-2	
66	71	-3	
266	269	-2	
266	330	-3	
329	333	2	
265	329	1	
323	324	-3	
323	327	-1	
320	325	-3	
50	52	-2	
48	55	2	
48	54	2	
18	23	-2	
19	83	1	
82	85	3	
42	106	2	
106	111	-2	
41	105	2	
27	28	-3	
91	95	-1	
90	95	-2	
369	373	-1	
176	180	-2	
180	188	-1	
181	189	-2	
176	181	-2	
403	467	-3	
466	469	-1	
274	279	2	
338	342	2	
273	337	-2	
284	292	-2	
290	294	1	
226	231	2	
225	230	2	
120	125	-3	
145	148	2	
146	149	-1	
145	151	1	
242	247	3	
257	260	-1	
260	268	3	
264	268	1	
264	270	3	
262	270	3	
17	20	-3	
16	80	-2	
498	501	2	
449	452	1	
450	455	-1	
448	454	3	
130	132	-3	
131	133	1	
97	101	3	
107	110	3	
216	223	-2	
215	223	1	
201	204	1	
137	201	3	
9	14	2	
73	77	-2	
72	77	-2	
441	446	-4	
505	509	-2	
355	357	-2	
355	359	1	
346	410	3	
410	415	2	
345	409	3	
37	45	2	
40	45	-2	
39	47	2	
112	118	-3	
120	126	-3	
112	119	3	
419	421	4	
418	482	-3	
194	197	-3	
161	166	3	
315	379	2	
379	380	-3	
313	377	2	
57	61	1	
24	29	-4	
26	30	-1	
459	460	-2	
235	239	-1	
235	238	3	
233	238	-1	
425	430	2	
64	69	-3	
490	493	2	
489	494	-1	
273	277	2	
306	308	3	
307	308	-2	
307	310	3	
304	311	-2	
385	388	1	
386	389	2	
384	390	2	
299	302	2	
219	220	1	
226	228	2	
221	229	1	
81	87	1	
83	147	-2	
147	150	-1	
81	145	2	
314	378	2	
312	376	-2	
417	481	-3	
480	487	3	
99	102	1	
392	397	-3	
394	458	-2	
392	456	-1	
114	117	2	
496	502	-2	
432	496	1	
130	135	1	
91	93	-2	
91	155	1	
155	157	2	
89	153	-1	
405	413	2	
403	406	1	
400	407	-2	
401	465	-1	
465	469	-2	
441	447	-1	
242	244	2	
242	246	-1	
35	38	2	
38	46	-1	
41	47	-1	
289	292	2	
353	358	-2	
289	353	-2	
449	453	2	
179	182	1	
344	348	-1	
329	334	-1	
476	484	-2	
481	484	-2	
477	485	-2	
275	276	-3	
272	336	-1	
371	374	3	
201	206	-1	
206	214	-1	
211	215	2	
207	215	2	
171	173	1	
166	174	1	
75	78	-2	
506	509	-2	
507	511	-1	
106	170	-2	
169	172	-1	
195	197	-2	
435	439	1	
433	497	2	
265	271	-2	
232	237	2	
237	245	-1	
90	154	1	
88	152	-1	
419	420	1	
251	315	1	
249	313	-1	
14	22	-2	
15	23	2	
138	141	2	
293	301	-2	
294	302	-1	
288	294	2	
35	99	1	
99	100	2	
470	478	-1	
471	479	-1	
464	471	2	
361	365	-3	
492	500	3	
494	502	1	
25	29	-2	
337	340	2	
340	348	1	
347	349	2	
283	284	-2	
408	412	-3	
225	228	-2	
121	127	2	
65	70	2	
77	85	2	
82	87	-2	
52	60	-1	
53	61	1	
240	244	-1	
241	244	-1	
305	309	2	
330	334	-2	
334	342	1	
34	36	-1	
34	98	1	
377	441	-2	
376	440	2	
292	300	1	
297	303	2	
295	303	2	
290	295	-3	
182	190	1	
183	191	-2	
178	183	-1	
222	230	1	
219	223	-2	
320	326	-1	
387	389	-2	
320	384	-2	
354	357	1	
402	404	-2	
168	175	2	
167	175	-1	
162	167	2	
208	213	-1	
210	274	-1	
208	272	-2	
250	314	1	
248	312	1	
434	436	-1	
443	444	1	
142	150	-2	
143	151	-2	
86	94	2	
88	95	-2	
375	383	1	
129	134	1	
261	269	2	
147	148	1	
148	156	2	
155	156	-3	
455	463	-1	
57	62	-2	
58	63	1	
505	508	-1	
426	431	-1	
84	92	-1	
263	271	2	
346	351	-2	
217	221	-2	
211	275	-2	
209	273	-1	
227	229	-1	
163	164	2	
354	359	-1	
352	358	-1	
194	196	1	
200	206	2	
98	102	2	
72	76	-1	
339	343	-1	
32	39	-1	
241	245	2	
298	362	-1	
171	172	2	
25	28	1	
153	159	2	
50	55	2	
328	333	2	
202	207	1	
385	391	-2	
428	436	1	
431	439	-1	
10	13	2	
493	501	-1	
279	287	-2	
296	301	2	
114	178	-1	
2	66	2	
1	65	2	
442	446	-1	
193	199	2	
193	257	-1	
461	469	1	
43	44	-1	
336	341	-2	
144	151	-1	
203	204	-1	
204	212	1	
210	212	-1	
3	67	1	
0	64	1	
356	364	-1	
457	462	1	
393	457	1	
110	118	-2	
111	119	1	
422	430	-1	
307	371	2	
368	372	-1	
304	368	2	
345	351	1	
97	103	-1	
214	222	-2	
150	158	1	
8	12	-1	
483	485	-1	
498	500	1	
495	503	1	
234	236	1	
231	239	1	
107	171	1	
51	115	-2	
48	112	1	
161	167	-1	
328	335	-1	
408	414	-1	
429	437	-1	
433	437	1	
430	438	1	
168	232	-1	
306	370	1	
288	352	1	
36	44	-1	
78	86	1	
179	180	-1	
398	406	-1	
394	399	1	
321	385	-1	
384	391	1	
229	237	-1	
491	495	1	
131	195	-1	
128	192	-1	
291	295	-1	
25	89	-1	
305	369	1	
74	138	-1	
73	137	-1	
170	174	1	
245	253	1	
416	421	-1	
281	285	-1	
386	388	1	
344	350	1	
259	323	-1	
258	322	-1	
202	205	1	
109	117	-1	
467	470	1	
Energy:	-2108	
