NumberOfQubits	504	
NumberOfSubgraphs	672	
Serial	456	
PlantedSolution:	
0	1	
1	-1	
2	-1	
3	1	
4	1	
5	-1	
6	-1	
8	-1	
9	1	
10	1	
11	-1	
12	-1	
13	1	
14	1	
15	1	
16	-1	
17	-1	
18	-1	
19	-1	
20	1	
21	-1	
22	-1	
23	1	
24	1	
25	1	
26	1	
27	-1	
28	1	
29	-1	
30	1	
31	1	
32	-1	
33	-1	
34	1	
35	-1	
36	1	
37	-1	
38	-1	
39	-1	
40	1	
41	-1	
42	-1	
43	-1	
44	-1	
45	1	
46	1	
47	1	
48	-1	
49	-1	
50	-1	
51	1	
52	1	
53	-1	
54	-1	
55	-1	
56	1	
57	1	
58	1	
59	1	
60	-1	
61	-1	
62	-1	
63	1	
64	-1	
65	1	
66	-1	
67	-1	
68	1	
69	-1	
70	1	
71	1	
72	-1	
73	-1	
74	-1	
75	-1	
76	1	
77	1	
78	1	
79	1	
80	1	
81	1	
82	1	
83	1	
84	1	
85	1	
86	-1	
87	-1	
88	-1	
89	1	
90	1	
91	-1	
92	-1	
93	1	
94	-1	
95	-1	
96	1	
97	-1	
98	1	
99	-1	
100	1	
101	-1	
102	-1	
103	-1	
104	1	
105	-1	
106	1	
107	1	
108	-1	
109	1	
110	1	
111	-1	
112	1	
113	-1	
114	1	
115	1	
116	-1	
117	-1	
118	-1	
119	1	
120	1	
121	-1	
123	1	
124	-1	
125	-1	
126	1	
127	1	
128	-1	
129	-1	
130	1	
131	1	
132	-1	
133	1	
134	-1	
135	1	
136	-1	
137	1	
138	-1	
139	-1	
141	1	
142	1	
143	-1	
144	1	
145	-1	
146	1	
147	1	
148	1	
149	-1	
150	-1	
151	-1	
152	-1	
153	1	
154	1	
155	1	
156	1	
157	-1	
158	1	
159	-1	
160	-1	
161	-1	
162	1	
163	-1	
164	-1	
165	1	
166	1	
167	1	
168	-1	
169	-1	
170	1	
171	1	
172	1	
173	1	
174	-1	
175	-1	
176	1	
177	1	
178	-1	
179	-1	
180	1	
181	1	
182	-1	
183	-1	
184	1	
185	1	
186	-1	
187	-1	
188	-1	
189	1	
190	-1	
191	-1	
192	1	
193	-1	
194	-1	
195	-1	
196	-1	
197	-1	
198	-1	
199	1	
200	-1	
201	1	
202	1	
203	1	
204	1	
205	1	
206	1	
207	1	
208	-1	
209	-1	
210	1	
211	1	
212	-1	
213	-1	
214	1	
215	-1	
216	-1	
217	-1	
218	1	
219	1	
220	1	
221	1	
222	1	
223	-1	
224	1	
225	-1	
226	-1	
227	1	
228	1	
229	-1	
230	1	
231	1	
232	1	
233	-1	
234	1	
235	1	
236	1	
237	-1	
238	1	
239	1	
240	1	
241	1	
242	-1	
243	1	
244	-1	
245	-1	
246	1	
247	-1	
248	1	
249	-1	
250	1	
251	1	
252	1	
253	-1	
254	1	
255	-1	
256	-1	
257	-1	
258	-1	
259	-1	
260	1	
261	1	
262	-1	
263	-1	
264	-1	
265	-1	
266	1	
267	-1	
268	-1	
269	1	
270	-1	
271	-1	
272	1	
273	-1	
274	1	
275	1	
276	-1	
277	1	
278	1	
279	-1	
280	-1	
281	1	
282	1	
283	1	
284	-1	
285	1	
286	-1	
287	-1	
288	-1	
289	1	
290	-1	
291	-1	
292	-1	
293	1	
294	-1	
295	-1	
296	1	
297	-1	
298	-1	
299	-1	
300	-1	
301	-1	
302	1	
303	1	
304	1	
305	1	
306	-1	
307	-1	
308	-1	
309	-1	
310	1	
311	1	
312	1	
313	-1	
314	1	
315	1	
316	-1	
317	1	
318	1	
319	1	
320	-1	
321	1	
322	1	
323	-1	
324	-1	
325	-1	
326	-1	
327	1	
328	-1	
329	1	
330	-1	
331	1	
332	1	
333	-1	
334	-1	
335	1	
336	-1	
337	-1	
338	1	
339	1	
340	1	
341	1	
342	1	
343	-1	
344	1	
345	-1	
346	1	
347	-1	
348	-1	
349	-1	
350	1	
351	-1	
352	-1	
353	1	
354	1	
355	-1	
356	1	
357	-1	
358	-1	
359	1	
361	-1	
362	-1	
363	1	
364	-1	
365	-1	
367	1	
368	1	
369	1	
370	-1	
371	-1	
372	1	
373	-1	
374	-1	
375	-1	
376	-1	
377	1	
378	1	
379	1	
380	1	
382	-1	
383	1	
384	-1	
385	1	
386	-1	
387	-1	
388	1	
389	-1	
390	-1	
391	1	
392	1	
393	1	
394	1	
396	-1	
397	-1	
398	-1	
399	1	
400	-1	
401	1	
402	1	
403	-1	
404	-1	
405	1	
406	-1	
407	1	
408	1	
409	-1	
410	1	
411	-1	
412	1	
413	1	
414	1	
415	-1	
416	-1	
417	1	
418	1	
419	1	
420	-1	
421	-1	
422	-1	
424	-1	
425	-1	
426	1	
427	1	
428	-1	
429	-1	
430	1	
431	-1	
432	1	
433	1	
434	1	
435	1	
436	-1	
437	1	
438	-1	
439	-1	
440	-1	
441	-1	
442	1	
443	-1	
444	-1	
445	1	
446	-1	
447	-1	
448	1	
449	1	
450	-1	
451	-1	
452	1	
453	1	
454	-1	
455	-1	
456	-1	
457	1	
458	-1	
459	1	
460	1	
461	1	
462	1	
463	-1	
464	-1	
465	1	
466	1	
467	-1	
468	-1	
469	-1	
470	1	
471	-1	
472	1	
473	1	
474	-1	
475	-1	
476	-1	
477	-1	
478	1	
479	1	
480	-1	
481	1	
482	1	
483	1	
484	-1	
485	-1	
486	-1	
487	1	
488	1	
489	1	
490	1	
491	-1	
492	-1	
493	-1	
494	1	
495	1	
496	-1	
497	1	
498	-1	
499	-1	
500	-1	
501	1	
502	1	
503	1	
504	-1	
505	-1	
506	1	
507	1	
508	1	
509	-1	
510	1	
511	-1	
Js:	
144	148	-4	
147	148	-5	
147	149	4	
145	149	-3	
145	150	4	
144	150	4	
321	326	3	
326	334	-3	
328	334	3	
328	335	4	
327	335	-3	
321	327	-4	
336	340	4	
340	348	-3	
344	348	4	
344	350	-4	
342	350	-3	
336	342	3	
267	268	3	
268	276	-2	
273	276	-4	
273	277	2	
269	277	-2	
267	269	2	
497	500	5	
499	500	-5	
499	503	2	
496	503	5	
496	501	3	
497	501	-2	
481	485	3	
483	485	-5	
483	486	2	
482	486	3	
482	487	-2	
481	487	-5	
488	492	-3	
491	492	-4	
491	494	1	
490	494	-5	
490	495	-3	
488	495	-3	
25	28	-3	
26	28	2	
26	30	-4	
27	30	3	
27	29	-4	
25	29	6	
104	111	5	
106	111	3	
106	170	-2	
170	175	3	
168	175	4	
104	168	2	
416	420	-4	
419	420	-2	
419	421	5	
418	421	6	
418	422	4	
416	422	-4	
32	37	-3	
33	37	-5	
33	39	-5	
34	39	-4	
34	38	1	
32	38	-5	
408	412	1	
410	412	-5	
410	413	-5	
409	413	3	
409	414	3	
408	414	-4	
320	324	-5	
322	324	5	
322	386	3	
386	388	3	
384	388	3	
320	384	2	
130	133	-4	
133	141	-3	
136	141	3	
136	143	-3	
135	143	-3	
130	135	-4	
137	142	-3	
138	142	-2	
138	202	2	
202	204	-4	
201	204	-2	
137	201	-4	
193	197	-2	
195	197	-3	
195	259	-3	
259	263	-3	
257	263	-4	
193	257	1	
353	356	-4	
355	356	4	
355	358	4	
352	358	-4	
352	359	2	
353	359	-3	
64	71	4	
67	71	4	
67	131	2	
131	134	4	
128	134	7	
64	128	-1	
48	52	5	
51	52	-3	
51	54	5	
50	54	2	
50	55	-5	
48	55	-3	
9	14	-4	
11	14	-4	
11	75	-3	
75	76	4	
73	76	2	
9	73	2	
114	119	-4	
115	119	-4	
115	179	2	
179	181	2	
178	181	3	
114	178	2	
290	293	3	
291	293	-4	
291	295	-4	
288	295	-3	
288	294	-3	
290	294	-5	
17	20	-3	
18	20	4	
18	21	-3	
19	21	-3	
19	22	-3	
17	22	-3	
83	84	-7	
84	92	1	
90	92	-4	
90	95	2	
87	95	-2	
83	87	4	
249	252	4	
251	252	-6	
251	254	-3	
250	254	-3	
250	255	-4	
249	255	-3	
234	237	3	
237	245	-3	
243	245	5	
243	247	3	
239	247	-2	
234	239	-3	
392	396	4	
396	404	3	
401	404	3	
401	407	-4	
399	407	-4	
392	399	-5	
369	372	-2	
370	372	5	
370	434	1	
434	437	2	
433	437	-6	
369	433	-1	
57	60	5	
59	60	3	
59	61	-5	
58	61	4	
58	63	-6	
57	63	-1	
96	101	6	
101	109	2	
105	109	4	
105	110	-5	
102	110	3	
96	102	2	
424	428	-4	
427	428	3	
427	429	4	
426	429	4	
426	430	-4	
424	430	4	
217	220	3	
218	220	-5	
218	221	-6	
216	221	2	
216	223	-5	
217	223	-5	
376	383	5	
378	383	-5	
378	442	-4	
442	446	4	
440	446	-4	
376	440	2	
448	452	-5	
451	452	-2	
451	453	6	
450	453	4	
450	454	-2	
448	454	3	
208	212	-6	
210	212	2	
210	215	5	
209	215	-6	
209	213	2	
208	213	-5	
162	167	-3	
163	167	3	
163	227	2	
227	230	-5	
226	230	4	
162	226	4	
472	476	3	
475	476	-6	
475	479	-3	
473	479	-2	
473	477	6	
472	477	3	
296	300	4	
300	308	-2	
307	308	-3	
307	310	4	
302	310	-2	
296	302	5	
185	188	5	
186	188	-6	
186	190	-5	
184	190	3	
184	191	3	
185	191	4	
504	508	4	
505	508	5	
505	509	-2	
507	509	4	
507	511	-4	
504	511	-4	
152	157	-3	
154	157	-4	
154	158	-3	
153	158	-2	
153	159	5	
152	159	-4	
312	316	-3	
313	316	-4	
313	318	5	
315	318	-5	
315	319	-3	
312	319	-5	
465	468	4	
467	468	-2	
467	469	-3	
464	469	-3	
464	471	-3	
465	471	-5	
280	284	-3	
283	284	5	
283	285	3	
281	285	-4	
281	286	4	
280	286	-5	
120	124	5	
121	124	4	
121	126	3	
123	126	-3	
123	125	4	
120	125	4	
112	116	-1	
113	116	-6	
113	177	1	
177	180	-3	
176	180	-3	
112	176	-3	
2	4	5	
3	4	4	
3	6	4	
1	6	-3	
1	5	-6	
2	5	-4	
456	460	4	
457	460	-4	
457	463	3	
458	463	-5	
458	461	3	
456	461	4	
41	45	5	
42	45	5	
42	46	5	
43	46	3	
43	47	6	
41	47	-4	
233	236	5	
236	244	-2	
241	244	4	
241	246	-4	
238	246	-3	
233	238	3	
161	165	4	
165	173	2	
169	173	4	
169	174	-2	
166	174	4	
161	166	3	
80	85	-2	
85	93	2	
88	93	4	
88	94	-5	
86	94	-3	
80	86	5	
297	301	-4	
298	301	-6	
298	362	4	
362	365	-4	
361	365	-4	
297	361	-4	
192	198	-3	
198	206	4	
200	206	3	
200	207	5	
199	207	-4	
192	199	-4	
432	436	-3	
436	444	-3	
443	444	-3	
443	447	-3	
439	447	-4	
432	439	3	
264	270	-4	
270	278	1	
272	278	-5	
272	279	5	
271	279	1	
264	271	-4	
339	341	-3	
341	349	1	
347	349	-5	
347	351	-4	
343	351	1	
339	343	4	
8	13	-4	
10	13	-4	
10	74	3	
74	78	3	
72	78	3	
8	72	-2	
394	397	-3	
397	405	2	
402	405	-2	
402	406	5	
398	406	-3	
394	398	5	
329	332	-4	
330	332	2	
330	334	-3	
331	334	5	
331	333	-2	
329	333	3	
256	260	5	
258	260	2	
258	262	-6	
257	262	-5	
257	261	5	
256	261	-4	
321	325	-1	
323	325	-5	
323	387	-2	
387	390	-5	
385	390	3	
321	385	-3	
304	308	4	
306	308	-2	
306	309	2	
305	309	3	
305	311	-2	
304	311	-5	
33	36	2	
35	36	5	
35	99	3	
99	100	3	
97	100	3	
33	97	-2	
224	231	1	
225	231	8	
225	289	1	
289	292	5	
288	292	-1	
224	288	2	
369	373	4	
371	373	-5	
371	374	-4	
368	374	5	
368	375	4	
369	375	4	
65	68	-5	
66	68	4	
66	69	-4	
64	69	-5	
64	70	-2	
65	70	-5	
377	382	4	
379	382	4	
379	443	4	
443	445	3	
441	445	4	
377	441	4	
98	100	-5	
100	108	-1	
107	108	3	
107	111	4	
103	111	-2	
98	103	4	
298	303	1	
299	303	4	
299	363	4	
363	364	6	
362	364	-3	
466	469	4	
469	477	-2	
474	477	2	
474	478	5	
470	478	-1	
466	470	-4	
203	205	-3	
205	213	3	
211	213	4	
211	214	4	
206	214	-2	
203	206	-3	
160	164	4	
164	172	4	
171	172	-3	
171	174	5	
160	166	4	
16	22	-5	
22	30	1	
24	30	3	
24	31	-4	
23	31	-3	
16	23	2	
40	44	4	
44	52	-2	
49	52	2	
49	53	-4	
45	53	2	
40	45	-3	
449	454	4	
454	462	3	
459	462	-4	
459	463	3	
455	463	-1	
449	455	-3	
81	85	-5	
82	85	5	
82	146	-1	
146	151	4	
145	151	-3	
81	145	1	
281	287	3	
282	287	4	
282	346	-4	
346	348	-2	
345	348	-3	
281	345	2	
129	132	-6	
130	132	3	
130	194	3	
194	196	-3	
193	196	-4	
129	193	-3	
154	156	-3	
155	156	-2	
155	219	2	
219	222	-5	
218	222	-3	
154	218	-3	
434	438	-3	
435	438	3	
435	499	4	
499	502	2	
498	502	2	
434	498	3	
424	431	-3	
425	431	-4	
425	489	5	
489	493	4	
488	493	4	
424	488	4	
248	253	3	
250	253	5	
250	314	2	
314	317	-4	
312	317	-2	
248	312	-3	
224	228	3	
228	236	-2	
232	236	-4	
232	237	3	
229	237	-3	
224	229	4	
403	404	-3	
404	412	2	
411	412	5	
411	415	-6	
407	415	2	
403	407	-3	
417	420	6	
417	481	-2	
481	484	3	
480	484	-5	
416	480	-4	
274	278	-3	
275	278	-3	
275	339	2	
338	343	3	
274	338	-1	
121	127	5	
123	127	-4	
123	187	2	
187	189	5	
185	189	5	
121	185	1	
354	357	3	
357	365	-4	
361	367	3	
359	367	-4	
354	359	2	
176	182	-4	
178	182	-3	
178	242	-3	
242	247	-3	
240	247	4	
176	240	-1	
384	389	-4	
389	397	-5	
393	397	5	
393	399	-4	
391	399	-4	
384	391	3	
8	12	-4	
10	12	2	
10	15	-4	
9	15	-4	
9	13	-3	
89	93	-2	
91	93	-2	
91	94	-3	
88	95	-3	
89	95	4	
56	60	2	
57	62	6	
59	62	3	
59	63	-2	
56	63	-6	
266	268	3	
267	270	-4	
265	270	-1	
265	269	4	
266	269	-2	
104	109	-3	
109	117	-1	
115	117	3	
115	118	4	
110	118	1	
104	110	-1	
72	76	3	
74	76	3	
74	79	3	
75	79	2	
75	77	-3	
72	77	3	
507	508	-4	
507	510	1	
506	510	-6	
506	511	3	
337	342	4	
337	401	-1	
401	405	-5	
400	405	4	
336	400	-2	
171	175	2	
171	235	-4	
235	238	-4	
234	238	-5	
170	234	3	
377	380	-5	
378	380	-3	
442	444	4	
441	444	-4	
137	141	-3	
138	141	5	
139	142	4	
139	143	-4	
137	143	4	
179	180	6	
180	188	-2	
186	191	-3	
183	191	-4	
179	183	-4	
0	4	3	
1	4	4	
3	5	3	
0	5	4	
370	373	-3	
370	375	-3	
475	478	4	
474	479	4	
472	479	-6	
242	245	-3	
243	307	-2	
307	311	3	
306	311	4	
242	306	-2	
297	300	3	
299	301	-3	
296	303	-3	
216	222	4	
219	283	-2	
283	286	3	
216	280	2	
386	390	4	
387	451	-2	
451	455	-4	
450	455	-5	
386	450	-2	
34	37	4	
35	37	-3	
35	38	-4	
32	39	-4	
419	483	-4	
483	484	3	
482	484	4	
418	482	-4	
209	212	-1	
211	212	3	
208	214	2	
208	215	-1	
290	295	-1	
291	355	-3	
354	358	5	
290	354	3	
435	436	4	
435	437	-1	
433	438	3	
432	438	3	
131	132	4	
128	133	4	
129	133	4	
194	198	4	
195	198	-3	
259	261	2	
258	261	2	
194	258	-2	
24	28	-4	
26	31	-5	
25	31	-2	
24	29	2	
425	429	-3	
427	430	-2	
426	431	3	
153	156	-4	
156	164	1	
161	164	-2	
161	167	3	
159	167	-1	
272	276	5	
274	277	-6	
274	279	-1	
394	396	4	
394	458	2	
458	460	3	
392	456	4	
324	332	1	
328	332	4	
328	333	-3	
325	333	3	
322	325	4	
82	84	-3	
83	86	2	
80	87	2	
82	87	4	
492	500	-2	
493	501	-1	
491	493	-3	
225	228	3	
227	228	-3	
226	231	3	
314	316	3	
315	316	3	
315	317	-4	
313	317	3	
313	319	3	
314	319	-3	
346	349	4	
347	350	2	
345	350	4	
345	351	-3	
346	351	-3	
48	53	-4	
49	54	-4	
51	55	3	
41	44	-5	
40	46	-3	
177	181	-5	
181	189	-1	
187	190	-5	
182	190	3	
177	182	3	
240	244	2	
244	252	3	
249	254	4	
246	254	-2	
240	246	4	
201	207	-5	
202	207	-2	
202	266	2	
266	271	4	
265	271	-2	
201	265	2	
97	101	-3	
97	102	-5	
98	102	2	
96	103	4	
403	406	-3	
403	467	-3	
466	468	4	
402	466	-2	
146	148	-1	
147	151	-4	
144	149	2	
489	494	-2	
494	502	-3	
496	502	4	
495	503	2	
489	495	-2	
114	116	5	
112	119	2	
112	117	5	
113	117	-3	
408	413	-5	
410	414	-3	
411	414	-4	
408	415	3	
16	20	-2	
19	20	3	
19	23	5	
17	23	2	
17	21	-3	
16	21	-4	
66	71	4	
67	70	4	
168	172	2	
169	172	3	
169	233	-4	
233	239	-1	
232	239	-4	
168	232	3	
192	196	3	
196	204	3	
200	204	2	
200	205	-2	
197	205	3	
192	197	3	
282	284	2	
284	292	-3	
289	293	2	
285	293	-2	
282	285	-4	
356	364	-2	
363	367	-3	
323	326	-6	
331	335	1	
323	327	2	
157	165	-1	
163	165	4	
163	166	2	
158	166	-1	
152	158	4	
376	380	3	
379	383	-4	
462	470	-1	
465	470	-4	
463	471	-2	
385	388	-3	
385	449	1	
449	452	-5	
384	448	3	
105	108	-3	
106	108	-4	
106	109	-3	
107	109	-3	
105	111	-2	
440	445	2	
441	505	2	
505	510	4	
504	510	3	
440	504	-2	
304	309	4	
309	317	3	
310	318	-2	
304	310	-3	
91	92	-4	
91	95	-4	
89	94	3	
90	94	2	
337	340	-2	
339	340	-4	
338	341	-4	
338	342	-4	
480	486	-1	
486	494	3	
487	495	3	
480	487	3	
56	62	4	
57	121	1	
56	120	-2	
248	252	-2	
251	253	4	
249	253	-2	
248	255	3	
259	260	5	
259	262	-3	
258	263	-4	
256	263	-4	
73	77	4	
73	78	3	
75	78	-3	
72	79	3	
216	220	2	
219	220	-3	
219	221	-1	
217	221	-5	
9	12	3	
11	15	5	
8	15	2	
329	335	-3	
330	335	2	
330	394	-1	
393	398	3	
329	393	-1	
352	357	-3	
353	357	-1	
353	417	-2	
417	422	4	
352	416	-1	
2	66	-4	
0	64	2	
453	461	-1	
457	461	4	
457	462	-3	
451	454	-2	
118	126	5	
119	127	-6	
50	52	3	
52	60	1	
58	60	5	
53	61	-2	
50	53	3	
498	501	6	
501	509	-3	
506	509	4	
502	510	-2	
438	446	-3	
440	447	-4	
434	439	3	
136	142	5	
139	203	5	
136	200	-5	
162	164	3	
226	229	-2	
160	224	1	
242	246	-3	
306	310	4	
305	310	-3	
241	305	-3	
168	173	3	
173	181	-2	
177	183	3	
175	183	-1	
386	389	-2	
387	389	-4	
387	391	-2	
385	391	-5	
409	412	2	
411	475	1	
473	476	5	
409	473	2	
403	405	3	
467	471	-4	
400	464	2	
290	292	-3	
292	300	-2	
298	300	-2	
298	302	-2	
294	302	4	
210	213	2	
211	275	-2	
275	277	-3	
210	274	1	
280	287	-3	
280	344	2	
27	28	5	
28	36	-1	
30	38	-1	
149	157	-4	
155	157	4	
155	158	-4	
150	158	2	
147	150	2	
18	22	-4	
18	82	2	
17	81	3	
129	135	3	
194	199	-1	
193	199	4	
186	189	-1	
184	189	-4	
368	372	-3	
371	372	4	
371	435	1	
435	439	3	
368	432	1	
261	269	-3	
264	269	3	
262	270	2	
170	174	3	
426	428	3	
427	491	3	
490	492	-3	
426	490	-2	
117	125	4	
120	126	-3	
112	118	3	
320	325	3	
322	326	1	
322	327	-3	
320	327	2	
99	102	-4	
99	101	2	
419	422	3	
482	485	3	
336	341	3	
338	402	2	
400	406	-3	
354	356	-2	
74	77	1	
74	138	3	
138	143	-4	
73	137	2	
433	436	-1	
442	445	-3	
437	445	-4	
240	245	2	
289	294	2	
297	302	-1	
297	303	3	
295	303	3	
289	295	3	
265	268	-4	
266	330	-3	
330	333	-3	
265	329	3	
477	485	-1	
481	486	3	
478	486	2	
473	478	1	
146	150	4	
146	210	-3	
144	208	2	
248	254	-4	
410	474	-2	
408	472	-1	
54	62	-2	
55	63	-1	
49	55	-3	
344	349	3	
90	93	-5	
90	154	1	
152	156	3	
88	152	-1	
365	373	-2	
367	375	-1	
362	367	5	
21	29	1	
500	508	1	
503	511	2	
497	503	-3	
195	196	-3	
203	204	3	
5	13	-1	
10	14	-3	
6	14	3	
0	6	5	
209	214	4	
214	222	1	
217	222	2	
215	223	-1	
459	460	-5	
460	468	-1	
461	469	2	
459	461	-4	
273	279	-4	
275	279	6	
243	244	3	
305	308	4	
314	378	-1	
378	382	3	
376	382	4	
312	376	2	
99	103	3	
99	163	-3	
160	167	2	
96	160	3	
89	92	3	
91	155	1	
155	159	3	
89	153	1	
267	271	-2	
267	331	4	
331	332	-4	
264	328	-2	
34	36	-3	
80	84	2	
81	87	1	
81	86	4	
178	180	3	
176	183	2	
220	228	-3	
227	229	-4	
221	229	2	
42	44	-2	
42	106	1	
104	108	3	
40	104	-2	
449	453	-3	
448	455	3	
67	68	2	
65	129	-1	
281	284	2	
283	287	-1	
282	286	1	
301	309	-2	
303	311	-2	
134	142	2	
11	12	-2	
12	20	3	
18	23	3	
15	23	1	
420	428	-2	
424	429	-3	
421	429	-1	
417	421	-2	
162	165	-3	
161	225	1	
171	173	-1	
235	236	2	
390	398	-3	
257	321	1	
321	324	4	
256	320	1	
372	380	1	
379	380	-4	
375	383	2	
202	206	-2	
50	114	-3	
49	113	-3	
442	447	2	
443	507	1	
442	506	1	
66	70	-2	
70	78	-3	
73	79	3	
71	79	-2	
123	124	2	
120	184	1	
224	230	-3	
227	291	2	
288	293	4	
361	364	-4	
363	427	-1	
425	430	2	
361	425	1	
57	61	3	
58	62	1	
337	343	-3	
337	341	3	
145	148	3	
146	149	3	
464	468	-4	
465	469	2	
464	470	4	
409	415	-4	
410	415	1	
43	44	-3	
43	107	2	
107	110	-3	
41	105	-1	
314	318	3	
458	462	3	
456	463	2	
496	500	2	
498	500	-3	
499	501	3	
26	29	3	
3	67	3	
67	69	1	
65	69	2	
1	65	3	
480	485	-3	
51	53	1	
121	125	-2	
441	446	-1	
299	300	-3	
299	302	2	
296	301	2	
76	84	-1	
79	87	-3	
16	80	3	
131	133	-1	
131	135	-4	
128	135	2	
130	134	2	
195	199	3	
192	256	-2	
105	169	1	
369	374	4	
4	12	2	
8	14	2	
2	6	3	
187	251	1	
185	249	1	
349	357	-1	
355	357	-2	
355	359	3	
351	359	2	
475	477	-2	
211	215	2	
242	244	-2	
153	217	2	
152	216	-1	
448	453	-2	
176	181	-3	
273	278	-2	
434	436	4	
433	439	2	
27	91	-2	
25	89	3	
98	101	2	
160	165	2	
225	229	-1	
231	239	2	
489	492	3	
491	495	3	
33	38	2	
38	46	3	
42	47	3	
39	47	2	
323	324	1	
266	270	2	
75	139	-1	
139	141	2	
289	353	-3	
352	356	3	
288	352	-3	
338	340	-2	
347	348	-3	
363	365	2	
186	250	1	
184	248	1	
116	124	-5	
114	118	2	
280	285	-1	
106	110	-3	
107	171	1	
194	197	-3	
202	205	-4	
144	151	-2	
505	511	-3	
11	13	2	
32	36	3	
483	487	-2	
467	470	-2	
432	437	-4	
433	497	3	
497	502	-3	
432	496	2	
69	77	4	
427	431	-3	
443	446	2	
291	294	-3	
163	164	-2	
170	172	-3	
167	175	4	
273	337	-3	
336	343	-4	
272	336	2	
307	371	-2	
370	374	-2	
306	370	2	
235	239	-2	
235	299	2	
232	296	-2	
51	115	-2	
48	112	-2	
223	231	-2	
219	223	3	
387	388	1	
388	396	4	
393	396	1	
178	183	-2	
43	45	2	
64	68	2	
65	71	2	
210	214	-3	
345	349	2	
346	350	-3	
148	156	-3	
153	157	2	
450	452	3	
472	478	-3	
245	253	-2	
247	255	-3	
260	268	2	
264	268	-2	
263	271	-3	
113	119	2	
339	342	-2	
339	403	1	
422	430	-1	
187	188	-1	
187	191	-2	
162	166	2	
193	198	-2	
392	398	2	
456	462	-2	
440	444	2	
504	509	-3	
498	503	2	
201	205	-1	
249	313	-2	
48	54	-2	
488	494	-2	
154	159	2	
34	98	-2	
97	103	-2	
272	277	-1	
277	285	-2	
278	286	2	
400	407	1	
402	407	-2	
145	209	-2	
291	292	-2	
287	295	2	
40	47	-2	
307	309	-2	
344	351	-1	
345	409	-2	
344	408	-2	
401	465	-1	
329	334	2	
353	358	3	
416	421	-3	
32	96	1	
77	85	-1	
83	85	-1	
113	118	-1	
169	175	-2	
320	326	-3	
392	397	1	
393	457	-2	
128	132	-3	
131	195	1	
128	192	-1	
506	508	-2	
452	460	1	
274	276	-4	
26	90	-2	
24	88	3	
412	420	1	
414	422	-2	
68	76	-3	
240	304	-1	
441	447	1	
428	436	-3	
431	439	1	
468	476	1	
179	182	-3	
386	391	-2	
286	294	-1	
348	356	-1	
46	54	1	
151	159	-3	
27	31	-2	
25	30	-2	
400	404	2	
402	404	3	
401	406	2	
184	188	2	
226	228	2	
225	230	2	
485	493	1	
490	493	3	
394	399	1	
13	21	2	
234	298	-1	
233	297	-1	
251	255	-1	
283	347	-2	
332	340	-1	
335	343	-3	
37	45	-1	
78	86	1	
201	206	2	
172	180	1	
170	173	-2	
474	476	-1	
92	100	2	
96	100	-2	
93	101	1	
484	492	-1	
204	212	-2	
168	174	-2	
257	260	-2	
36	44	-2	
41	46	1	
235	237	2	
230	238	-1	
19	83	2	
81	84	-2	
364	372	1	
368	373	-2	
56	61	2	
59	123	-1	
203	267	1	
200	264	1	
413	421	1	
466	471	2	
243	246	-2	
241	247	1	
425	428	-1	
333	341	2	
354	418	-1	
418	420	-1	
251	315	1	
305	369	-1	
304	368	1	
95	103	1	
293	301	1	
35	39	1	
20	28	-1	
147	211	1	
279	287	1	
97	161	1	
276	284	-1	
377	383	-2	
241	245	1	
177	241	1	
233	237	-2	
308	316	1	
98	162	-1	
479	487	1	
82	86	-1	
384	390	1	
209	273	-1	
374	382	1	
129	134	-1	
430	438	1	
47	55	1	
250	252	1	
222	230	-1	
218	282	-1	
217	281	1	
234	236	1	
207	215	1	
385	389	-1	
115	116	1	
120	127	1	
312	318	1	
313	377	1	
226	290	-1	
179	243	1	
429	437	1	
203	207	1	
Energy:	-2954	
