NumberOfQubits	504	
NumberOfSubgraphs	756	
Serial	177	
PlantedSolution:	
0	-1	
1	-1	
2	-1	
3	-1	
4	-1	
5	1	
6	-1	
8	-1	
9	1	
10	1	
11	-1	
12	-1	
13	1	
14	-1	
15	1	
16	1	
17	1	
18	-1	
19	1	
20	-1	
21	-1	
22	-1	
23	-1	
24	1	
25	-1	
26	1	
27	-1	
28	-1	
29	-1	
30	1	
31	-1	
32	-1	
33	-1	
34	-1	
35	-1	
36	1	
37	1	
38	1	
39	-1	
40	1	
41	1	
42	1	
43	1	
44	1	
45	-1	
46	-1	
47	-1	
48	1	
49	1	
50	-1	
51	1	
52	1	
53	-1	
54	1	
55	1	
56	1	
57	-1	
58	-1	
59	1	
60	1	
61	1	
62	1	
63	1	
64	1	
65	1	
66	-1	
67	1	
68	1	
69	1	
70	1	
71	-1	
72	1	
73	-1	
74	1	
75	-1	
76	1	
77	-1	
78	1	
79	1	
80	-1	
81	-1	
82	-1	
83	1	
84	1	
85	1	
86	-1	
87	-1	
88	-1	
89	-1	
90	-1	
91	1	
92	-1	
93	-1	
94	1	
95	1	
96	1	
97	1	
98	-1	
99	-1	
100	-1	
101	-1	
102	-1	
103	-1	
104	-1	
105	-1	
106	-1	
107	-1	
108	-1	
109	1	
110	1	
111	1	
112	-1	
113	1	
114	1	
115	1	
116	1	
117	1	
118	-1	
119	1	
120	1	
121	-1	
123	-1	
124	-1	
125	-1	
126	1	
127	-1	
128	-1	
129	-1	
130	-1	
131	-1	
132	1	
133	1	
134	-1	
135	-1	
136	-1	
137	1	
138	1	
139	-1	
141	-1	
142	1	
143	-1	
144	1	
145	1	
146	1	
147	-1	
148	1	
149	-1	
150	1	
151	-1	
152	-1	
153	-1	
154	1	
155	1	
156	1	
157	1	
158	1	
159	-1	
160	1	
161	-1	
162	-1	
163	-1	
164	1	
165	1	
166	-1	
167	-1	
168	-1	
169	1	
170	-1	
171	-1	
172	1	
173	1	
174	1	
175	-1	
176	1	
177	-1	
178	-1	
179	1	
180	-1	
181	-1	
182	1	
183	-1	
184	1	
185	-1	
186	1	
187	1	
188	1	
189	1	
190	1	
191	-1	
192	1	
193	1	
194	-1	
195	-1	
196	1	
197	1	
198	1	
199	1	
200	1	
201	-1	
202	-1	
203	1	
204	1	
205	1	
206	1	
207	-1	
208	1	
209	1	
210	-1	
211	-1	
212	1	
213	-1	
214	1	
215	1	
216	1	
217	-1	
218	1	
219	1	
220	1	
221	1	
222	-1	
223	-1	
224	-1	
225	-1	
226	1	
227	-1	
228	-1	
229	1	
230	-1	
231	-1	
232	1	
233	-1	
234	1	
235	1	
236	-1	
237	-1	
238	1	
239	1	
240	1	
241	1	
242	-1	
243	-1	
244	-1	
245	-1	
246	-1	
247	-1	
248	-1	
249	1	
250	1	
251	-1	
252	-1	
253	1	
254	-1	
255	1	
256	1	
257	-1	
258	1	
259	1	
260	-1	
261	1	
262	-1	
263	1	
264	-1	
265	1	
266	-1	
267	1	
268	1	
269	-1	
270	1	
271	1	
272	1	
273	1	
274	-1	
275	-1	
276	1	
277	-1	
278	-1	
279	1	
280	1	
281	1	
282	1	
283	-1	
284	1	
285	-1	
286	-1	
287	1	
288	-1	
289	1	
290	-1	
291	1	
292	-1	
293	1	
294	1	
295	1	
296	1	
297	-1	
298	-1	
299	1	
300	-1	
301	-1	
302	1	
303	1	
304	1	
305	-1	
306	-1	
307	-1	
308	-1	
309	-1	
310	1	
311	1	
312	1	
313	1	
314	1	
315	1	
316	-1	
317	1	
318	1	
319	1	
320	-1	
321	1	
322	-1	
323	1	
324	-1	
325	-1	
326	-1	
327	-1	
328	-1	
329	1	
330	-1	
331	1	
332	-1	
333	-1	
334	1	
335	1	
336	1	
337	-1	
338	-1	
339	1	
340	-1	
341	1	
342	1	
343	1	
344	1	
345	1	
346	1	
347	1	
348	1	
349	-1	
350	-1	
351	-1	
352	-1	
353	1	
354	1	
355	1	
356	-1	
357	-1	
358	-1	
359	1	
361	1	
362	1	
363	1	
364	1	
365	1	
367	1	
368	1	
369	-1	
370	1	
371	1	
372	-1	
373	1	
374	-1	
375	1	
376	-1	
377	-1	
378	-1	
379	1	
380	1	
382	1	
383	1	
384	1	
385	1	
386	-1	
387	1	
388	1	
389	-1	
390	-1	
391	-1	
392	1	
393	1	
394	1	
396	-1	
397	-1	
398	-1	
399	1	
400	-1	
401	-1	
402	1	
403	1	
404	-1	
405	1	
406	-1	
407	1	
408	-1	
409	1	
410	1	
411	1	
412	-1	
413	1	
414	1	
415	-1	
416	-1	
417	1	
418	1	
419	1	
420	-1	
421	-1	
422	1	
424	1	
425	-1	
426	-1	
427	-1	
428	-1	
429	-1	
430	-1	
431	-1	
432	1	
433	-1	
434	-1	
435	-1	
436	1	
437	1	
438	1	
439	-1	
440	-1	
441	1	
442	1	
443	-1	
444	1	
445	-1	
446	1	
447	1	
448	-1	
449	1	
450	-1	
451	-1	
452	1	
453	1	
454	-1	
455	-1	
456	1	
457	1	
458	-1	
459	-1	
460	1	
461	-1	
462	-1	
463	-1	
464	1	
465	-1	
466	1	
467	-1	
468	1	
469	1	
470	1	
471	1	
472	1	
473	-1	
474	-1	
475	1	
476	-1	
477	-1	
478	-1	
479	-1	
480	-1	
481	-1	
482	1	
483	-1	
484	1	
485	-1	
486	1	
487	-1	
488	-1	
489	1	
490	-1	
491	1	
492	1	
493	1	
494	-1	
495	1	
496	1	
497	-1	
498	-1	
499	-1	
500	-1	
501	1	
502	-1	
503	1	
504	-1	
505	-1	
506	-1	
507	1	
508	-1	
509	1	
510	-1	
511	-1	
Js:	
490	493	5	
493	501	-2	
498	501	4	
498	503	-3	
495	503	-3	
490	495	3	
409	412	4	
410	412	3	
410	415	5	
411	415	4	
411	413	-4	
409	413	-4	
8	15	6	
10	15	-4	
10	74	3	
74	77	4	
72	77	5	
8	72	1	
401	405	3	
403	405	-5	
403	407	-4	
400	407	3	
400	406	-5	
401	406	-5	
208	212	4	
209	212	-6	
209	214	-5	
210	214	5	
210	213	-5	
208	213	3	
433	436	6	
435	436	2	
435	439	-5	
434	439	-4	
434	438	3	
433	438	-3	
24	29	5	
26	29	6	
26	90	4	
90	92	-4	
88	92	-4	
24	88	-3	
136	141	-4	
138	141	-6	
138	202	3	
202	205	4	
200	205	-4	
136	200	2	
171	174	6	
174	182	1	
177	182	1	
177	183	-6	
175	183	-2	
171	175	-5	
289	292	4	
291	292	5	
291	295	-3	
290	295	3	
290	294	6	
289	294	-4	
232	237	2	
233	237	-5	
233	297	-5	
297	302	3	
296	302	-5	
232	296	-4	
66	70	3	
67	70	-3	
67	131	2	
131	134	-3	
130	134	4	
66	130	-1	
256	260	4	
260	268	5	
266	268	-3	
266	269	-6	
261	269	4	
256	261	-5	
312	316	5	
314	316	3	
314	318	-4	
315	318	-6	
315	319	2	
312	319	-4	
504	508	-5	
507	508	5	
507	509	-6	
505	509	3	
505	511	-4	
504	511	-3	
112	116	5	
113	116	4	
113	118	3	
114	118	3	
114	117	-4	
112	117	3	
16	20	3	
17	20	4	
17	22	2	
18	22	-5	
18	21	-2	
16	21	4	
1	4	-4	
4	12	-3	
11	12	-3	
11	14	-5	
6	14	1	
1	6	-4	
482	484	-5	
484	492	-2	
489	492	-5	
489	494	-5	
486	494	1	
482	486	-5	
448	452	-4	
450	452	3	
450	455	-2	
451	455	-5	
451	453	3	
448	453	4	
280	287	-3	
281	287	-3	
281	345	-4	
345	349	2	
344	349	6	
280	344	3	
152	156	-2	
156	164	-4	
163	164	4	
163	166	-4	
158	166	4	
152	158	4	
192	197	-3	
193	197	3	
193	198	-3	
194	198	5	
194	199	3	
192	199	-4	
320	325	-5	
322	325	-4	
322	326	-4	
323	326	3	
323	327	-2	
320	327	-5	
465	468	4	
467	468	3	
467	471	5	
466	471	-3	
466	469	-5	
465	469	4	
385	388	1	
386	388	4	
386	390	-5	
384	390	4	
384	391	4	
385	391	5	
185	189	5	
186	189	-3	
186	250	-3	
250	253	-5	
249	253	-4	
185	249	3	
456	461	7	
457	461	6	
457	462	4	
459	462	6	
459	463	-6	
456	463	5	
56	62	-3	
57	62	4	
57	121	4	
121	127	-3	
120	127	6	
56	120	-3	
329	332	4	
330	332	-6	
330	394	2	
394	399	-5	
393	399	-1	
329	393	2	
80	84	4	
83	84	-4	
83	86	4	
81	86	-3	
81	85	5	
80	85	6	
218	220	-4	
220	228	-1	
226	228	5	
226	229	-4	
221	229	-2	
218	221	-6	
33	36	7	
36	44	1	
41	44	-6	
41	46	3	
38	46	3	
33	38	2	
418	420	4	
419	420	4	
419	421	-5	
417	421	4	
417	422	-3	
418	422	-4	
440	444	4	
441	444	-4	
441	445	4	
442	445	3	
442	446	-5	
440	446	-2	
363	364	-5	
364	372	-3	
370	372	4	
370	375	-5	
367	375	-3	
363	367	-6	
49	53	5	
50	53	-3	
50	54	5	
51	54	-4	
51	55	-6	
49	55	1	
337	340	4	
338	340	-4	
338	343	4	
336	343	-5	
336	341	-4	
337	341	5	
472	477	4	
477	485	-3	
481	485	-3	
481	487	-4	
479	487	-6	
472	479	4	
104	108	-3	
105	108	-3	
105	109	-3	
106	109	3	
106	111	5	
104	111	3	
299	300	-3	
300	308	-3	
304	308	4	
304	309	3	
301	309	-2	
299	301	4	
273	276	-7	
274	276	2	
274	278	-5	
275	278	4	
275	277	-3	
273	277	4	
240	245	5	
241	245	2	
241	247	3	
242	247	-4	
242	246	-6	
240	246	-2	
89	93	-4	
91	93	4	
91	155	2	
155	157	-5	
153	157	3	
89	153	-2	
139	142	6	
142	150	-1	
145	150	-3	
145	151	-5	
143	151	-1	
139	143	-4	
361	365	-6	
362	365	-5	
362	426	2	
426	429	3	
425	429	-4	
361	425	1	
282	286	4	
283	286	-3	
283	347	2	
347	350	-4	
346	350	5	
282	346	-3	
353	356	2	
355	356	6	
355	357	-4	
354	357	3	
354	359	-5	
353	359	-3	
96	101	3	
98	101	-5	
98	162	-2	
162	167	-3	
160	167	-3	
96	160	-4	
258	262	4	
262	270	2	
265	270	-2	
265	271	-4	
263	271	-3	
258	263	6	
377	380	5	
379	380	-6	
379	382	-4	
378	382	-5	
378	383	7	
377	383	6	
64	71	4	
65	71	2	
65	129	3	
129	133	4	
128	133	-6	
64	128	2	
224	230	-4	
230	238	4	
235	238	-4	
235	239	-3	
231	239	-2	
224	231	-4	
32	37	5	
37	45	2	
40	45	-6	
40	47	4	
39	47	-2	
32	39	-2	
184	190	-6	
187	190	-6	
187	251	2	
251	254	-6	
248	254	-4	
184	248	4	
305	310	4	
307	310	3	
307	371	3	
371	374	-3	
369	374	-6	
305	369	-4	
170	172	5	
172	180	-1	
176	180	6	
176	181	2	
173	181	2	
170	173	4	
72	76	-2	
75	76	4	
75	78	3	
73	78	5	
73	79	-3	
72	79	-3	
473	476	-5	
474	476	-5	
474	477	-3	
475	477	4	
475	478	5	
473	478	-3	
201	204	3	
203	204	-4	
203	206	-2	
200	206	-4	
200	207	3	
201	207	-2	
328	333	-3	
331	333	3	
331	335	-5	
329	335	-4	
329	334	1	
328	334	4	
499	500	-3	
500	508	-2	
506	508	2	
506	510	-7	
502	510	-1	
499	502	-6	
146	148	-3	
147	148	5	
147	150	3	
144	150	-6	
144	149	-5	
146	149	5	
99	100	-2	
100	108	4	
107	108	-5	
107	110	4	
102	110	5	
99	102	-3	
58	60	6	
59	60	-3	
59	61	-4	
56	61	-4	
56	63	-5	
58	63	-5	
424	428	5	
427	428	1	
427	491	4	
491	495	-4	
488	495	5	
424	488	3	
25	28	-3	
26	28	3	
26	30	1	
27	30	3	
27	31	-4	
25	31	-6	
216	220	-3	
219	220	2	
219	222	4	
217	222	-4	
217	223	-3	
216	223	5	
392	396	4	
396	404	-2	
402	404	6	
402	405	-3	
397	405	-4	
392	397	5	
115	117	-4	
117	125	4	
123	125	-5	
123	126	-4	
118	126	5	
115	118	4	
306	309	-4	
309	317	5	
313	317	-3	
313	319	-5	
311	319	-3	
306	311	6	
82	86	-5	
86	94	4	
88	94	4	
88	95	-2	
87	95	5	
82	87	-5	
0	4	-4	
9	12	4	
9	13	-3	
5	13	2	
0	5	3	
234	236	3	
236	244	-3	
243	244	-3	
243	247	-2	
239	247	3	
234	239	-4	
432	437	-6	
437	445	3	
443	445	-5	
443	447	-4	
439	447	2	
432	439	3	
193	196	-3	
195	196	6	
195	259	4	
259	262	4	
257	262	-4	
193	257	5	
161	165	5	
163	165	3	
163	227	-3	
227	231	-4	
225	231	5	
161	225	-3	
288	293	4	
293	301	2	
298	301	-3	
298	303	7	
295	303	1	
288	295	5	
321	324	5	
323	324	4	
323	387	-4	
387	389	2	
385	389	5	
321	385	1	
208	215	-6	
211	215	4	
211	275	-2	
275	279	5	
272	279	-4	
208	272	2	
458	460	6	
460	468	-1	
464	468	-5	
464	470	-4	
462	470	-1	
458	462	-3	
344	351	3	
347	351	5	
347	411	-2	
411	414	4	
408	414	4	
344	408	2	
114	119	-3	
115	119	3	
115	179	-1	
179	182	-4	
178	182	4	
114	178	2	
34	39	-6	
35	39	-4	
35	99	-4	
99	103	-6	
98	103	-3	
34	98	-2	
345	348	-4	
348	356	1	
352	356	2	
352	358	-6	
350	358	-3	
345	350	2	
416	422	4	
419	422	-4	
419	483	5	
483	485	-4	
480	485	-5	
416	480	-4	
2	5	6	
3	5	5	
3	67	4	
67	68	-5	
66	68	3	
2	66	5	
42	44	-3	
44	52	-2	
48	52	-5	
48	53	-5	
45	53	-2	
42	45	3	
168	173	3	
169	173	-6	
169	175	3	
168	174	5	
128	132	5	
131	132	6	
131	135	-5	
130	135	-5	
130	133	5	
264	268	4	
266	270	2	
267	270	-4	
267	271	-3	
264	271	2	
449	453	-3	
450	453	5	
450	454	4	
451	454	-4	
449	455	3	
154	159	5	
155	159	3	
155	219	-5	
219	221	2	
154	218	-2	
307	308	-3	
371	373	-4	
368	373	-2	
304	368	-3	
424	429	4	
427	429	-4	
427	430	-5	
426	430	-4	
426	431	-5	
424	431	3	
18	20	-3	
19	20	4	
19	22	2	
16	22	5	
16	23	3	
18	23	-4	
184	188	-3	
186	188	-4	
186	191	6	
185	191	-5	
184	189	-4	
339	341	-5	
339	342	-4	
336	342	-5	
337	343	4	
272	276	-2	
276	284	3	
281	284	-2	
281	285	5	
277	285	-3	
272	277	3	
496	501	-6	
497	501	-2	
497	502	-4	
499	503	3	
496	503	-4	
248	252	-4	
249	252	5	
249	254	3	
251	255	5	
248	255	-4	
137	141	4	
201	205	1	
137	201	5	
97	101	3	
101	109	4	
107	109	3	
97	102	4	
387	388	-6	
388	396	-5	
393	396	4	
393	398	6	
390	398	-4	
387	390	3	
64	69	-6	
69	77	5	
73	77	-3	
71	79	5	
315	316	-2	
315	379	-3	
376	382	6	
312	376	3	
121	124	-4	
123	124	-4	
123	127	-3	
120	125	-4	
121	125	-3	
43	46	3	
46	54	-2	
50	55	4	
47	55	2	
43	47	5	
291	293	-3	
291	355	-4	
355	358	-2	
288	352	-3	
148	156	-4	
154	156	-3	
151	159	-2	
146	151	5	
321	326	6	
326	334	3	
330	334	4	
330	335	2	
327	335	2	
321	327	3	
461	469	-2	
464	469	-2	
464	471	-4	
463	471	2	
457	463	2	
178	183	-3	
178	242	3	
242	244	-3	
241	244	3	
177	241	6	
17	21	4	
19	21	-4	
19	83	-2	
81	84	3	
17	81	3	
280	284	-3	
283	284	4	
283	287	5	
282	287	-3	
280	286	5	
89	92	-4	
92	100	-1	
96	100	4	
96	103	3	
95	103	-1	
89	95	4	
234	237	3	
234	298	4	
297	303	2	
434	436	4	
436	444	3	
443	444	3	
443	446	4	
438	446	-2	
152	157	6	
153	217	3	
216	222	4	
152	216	4	
192	198	5	
194	258	4	
258	261	-2	
192	256	-3	
29	37	-2	
32	38	3	
30	38	-5	
24	30	-5	
476	484	2	
480	484	2	
480	486	4	
478	486	3	
474	478	-2	
400	404	-3	
404	412	3	
409	415	3	
407	415	4	
145	149	3	
147	149	-4	
147	211	-3	
211	212	4	
145	209	-2	
57	61	3	
59	63	-3	
58	62	4	
162	165	5	
162	226	-3	
225	228	-3	
313	318	-2	
314	378	2	
313	377	2	
402	406	4	
403	406	3	
403	467	-3	
467	470	2	
466	470	-4	
402	466	-2	
365	373	-2	
369	373	-2	
369	375	3	
362	367	-5	
504	509	5	
507	511	5	
506	511	5	
504	510	-3	
8	13	7	
10	13	-3	
10	14	4	
9	14	-4	
9	15	-4	
179	181	-6	
179	243	4	
243	245	-4	
176	240	-3	
488	492	3	
490	492	4	
489	493	-4	
488	494	-4	
354	418	2	
418	421	3	
353	417	-4	
49	52	-3	
49	113	-4	
113	119	-5	
112	119	3	
48	112	4	
290	292	-2	
292	300	1	
296	300	5	
294	302	-2	
384	389	2	
389	397	-4	
392	399	-5	
391	399	5	
320	324	4	
324	332	-2	
328	332	-3	
325	333	-3	
65	68	-3	
68	76	6	
74	76	-3	
74	78	-3	
70	78	-4	
65	70	-4	
129	134	-4	
134	142	3	
135	143	-3	
129	135	-4	
433	437	4	
433	497	-4	
497	500	4	
496	500	5	
432	496	-2	
106	170	3	
168	172	4	
104	168	-3	
196	204	-5	
203	207	5	
199	207	5	
195	199	-1	
339	340	4	
340	348	-2	
346	348	-4	
342	350	2	
306	310	4	
306	370	-2	
370	374	3	
392	398	3	
394	398	3	
394	458	-3	
456	460	-3	
392	456	-1	
26	31	2	
27	91	4	
90	93	-3	
160	164	-3	
227	229	4	
224	229	3	
160	224	-1	
410	414	-3	
410	474	5	
474	479	3	
408	472	4	
376	380	5	
377	441	3	
441	447	-3	
440	447	6	
376	440	-3	
416	420	-4	
420	428	-1	
425	428	-6	
425	430	2	
422	430	1	
210	274	-2	
273	278	2	
209	273	2	
250	252	-4	
250	255	-4	
251	253	4	
83	85	-2	
80	87	-2	
35	36	-4	
35	37	2	
34	37	5	
33	39	-1	
449	452	-2	
448	454	-2	
257	260	-3	
265	268	3	
265	269	4	
257	261	3	
180	188	-4	
187	188	-5	
182	190	-4	
176	182	-4	
483	484	4	
483	487	-4	
481	486	-4	
232	236	3	
233	236	-3	
235	237	-5	
232	238	-4	
2	4	-4	
3	6	6	
297	301	5	
299	363	-4	
361	364	-5	
297	361	3	
116	124	5	
121	126	5	
112	118	2	
41	45	4	
213	221	4	
217	221	3	
215	223	4	
154	158	-2	
161	166	-3	
161	167	-3	
159	167	3	
349	357	-3	
355	359	-2	
351	359	3	
195	197	4	
259	263	-2	
257	263	4	
368	372	3	
371	372	4	
371	435	2	
368	432	-2	
264	269	-1	
267	269	3	
267	331	-2	
328	335	4	
264	328	2	
20	28	-2	
23	31	2	
17	23	3	
411	475	-3	
475	476	3	
409	473	4	
136	142	-2	
137	142	-4	
201	206	4	
11	15	4	
11	75	-5	
73	76	4	
9	73	3	
283	285	-2	
285	293	2	
289	293	-4	
289	295	3	
287	295	-3	
104	110	3	
105	110	2	
105	169	3	
491	493	-3	
498	502	-4	
494	502	-2	
491	494	-4	
323	325	4	
322	386	-2	
465	470	4	
401	465	2	
441	446	-3	
442	506	2	
505	510	-6	
441	505	-1	
0	6	-6	
2	6	-3	
66	69	3	
0	64	3	
51	52	-3	
52	60	-3	
56	60	3	
55	63	-3	
241	246	3	
243	246	-3	
243	307	-2	
307	311	3	
305	311	-3	
241	305	1	
93	101	-1	
94	102	1	
89	94	-3	
274	279	3	
275	339	3	
338	342	4	
274	338	-3	
181	189	3	
183	191	-3	
179	183	2	
425	431	-4	
427	431	-3	
424	430	-3	
313	316	6	
314	319	-4	
314	317	-4	
312	317	2	
458	461	-2	
458	463	-2	
225	229	4	
227	230	-5	
226	230	3	
226	231	2	
144	148	-3	
146	150	-2	
144	151	-2	
42	106	3	
41	105	4	
282	285	3	
346	351	2	
345	351	-3	
370	373	-6	
212	220	-4	
403	404	3	
400	464	3	
28	36	2	
32	36	4	
25	30	6	
352	357	-3	
353	357	-2	
417	420	3	
352	416	-4	
386	450	-4	
448	455	-5	
384	448	3	
266	271	3	
266	330	-2	
330	333	-2	
329	333	-5	
265	329	-2	
98	100	-3	
107	111	4	
103	111	3	
272	278	4	
273	337	1	
272	336	1	
435	437	3	
435	499	-4	
72	78	-3	
75	139	-2	
136	143	4	
72	136	4	
299	303	-4	
298	302	3	
240	244	3	
238	246	2	
234	238	-2	
379	383	-2	
379	443	-3	
442	444	-2	
378	442	3	
473	477	4	
473	479	-2	
120	124	3	
119	127	4	
259	260	5	
256	262	4	
155	156	-3	
160	165	-4	
157	165	1	
11	13	-1	
13	21	4	
14	22	-4	
322	327	-4	
53	61	4	
59	62	-5	
54	62	-2	
49	54	3	
505	508	-4	
82	84	2	
84	92	4	
90	95	3	
394	397	-2	
197	205	-5	
203	205	-3	
169	172	2	
171	172	3	
170	174	1	
170	175	-3	
184	191	3	
67	69	-2	
74	79	-3	
67	71	2	
315	317	-4	
310	318	-2	
304	310	4	
406	414	1	
401	407	-3	
284	292	3	
286	294	-2	
81	145	2	
80	144	1	
27	29	-3	
91	94	-4	
194	196	3	
202	204	5	
202	206	-3	
198	206	-3	
492	500	-1	
452	460	-4	
459	460	4	
454	462	-2	
449	454	6	
363	427	1	
237	245	-2	
242	245	-2	
408	412	-3	
412	420	-2	
413	421	4	
408	413	3	
347	348	-3	
343	351	2	
153	158	3	
162	166	-4	
153	159	-5	
218	222	-2	
214	222	4	
264	270	6	
331	334	-5	
178	180	-3	
368	374	5	
374	382	-1	
376	383	1	
375	383	-2	
368	375	-3	
35	38	4	
99	101	2	
33	97	4	
290	293	3	
354	356	3	
290	354	-3	
64	70	4	
129	132	4	
468	476	-1	
470	478	1	
224	228	-5	
228	236	3	
10	12	4	
12	20	2	
19	23	4	
15	23	2	
139	141	-4	
137	143	3	
138	142	-2	
275	276	3	
416	421	-2	
418	482	-5	
482	485	-2	
58	61	3	
3	4	-3	
1	5	4	
491	492	-3	
490	494	-4	
43	45	3	
42	47	4	
42	46	3	
40	46	4	
394	396	3	
306	308	-2	
304	311	-3	
51	115	-4	
115	116	-2	
114	116	2	
50	114	4	
250	254	1	
249	255	-3	
467	469	3	
435	438	2	
434	498	-4	
346	349	3	
353	358	5	
98	102	-3	
96	102	-2	
32	96	2	
472	478	4	
8	14	2	
227	291	1	
288	292	3	
224	288	-1	
57	63	4	
120	126	-2	
177	181	-4	
386	389	3	
393	397	3	
345	409	1	
147	151	-3	
211	213	-3	
209	213	2	
219	283	2	
282	284	-3	
218	282	-2	
106	110	3	
104	109	4	
88	152	-2	
296	301	-2	
299	302	-2	
165	173	-2	
169	174	-3	
166	174	-2	
336	340	2	
258	260	1	
259	323	-1	
322	324	-3	
258	322	-1	
83	87	4	
81	87	2	
82	85	3	
74	138	-4	
177	180	-3	
24	28	4	
27	28	-4	
369	372	-3	
269	277	2	
274	277	-3	
270	278	2	
451	452	5	
288	294	2	
245	253	3	
247	255	-2	
240	247	4	
440	445	-3	
432	438	-5	
320	326	2	
387	391	2	
97	103	2	
162	164	-3	
164	172	-3	
168	175	-2	
167	175	-3	
146	210	2	
208	214	-2	
144	208	-1	
481	484	-3	
417	481	4	
497	503	4	
75	79	4	
66	71	-3	
297	300	-2	
305	308	-4	
305	309	-2	
466	468	4	
465	471	4	
57	60	3	
59	123	1	
90	154	2	
185	188	-2	
227	228	1	
225	230	-2	
256	263	-3	
352	359	2	
354	358	2	
171	235	2	
170	234	2	
80	86	-2	
16	80	-3	
442	447	-3	
105	111	3	
112	176	-1	
425	489	-1	
488	493	5	
130	132	3	
268	276	-1	
273	279	-2	
271	279	-3	
217	220	4	
257	321	1	
256	320	-1	
337	401	-2	
336	400	-1	
385	449	-4	
97	100	4	
97	161	-1	
31	39	-3	
312	318	4	
244	252	-3	
251	252	2	
246	254	-2	
280	285	3	
501	509	2	
503	511	1	
139	203	-2	
1	65	4	
475	479	-3	
426	490	-2	
48	54	-2	
371	375	-2	
40	44	-2	
43	44	-4	
43	107	-3	
40	104	2	
128	134	-4	
130	194	-2	
194	197	3	
128	192	2	
233	238	2	
226	290	-1	
225	289	1	
457	460	-2	
393	457	-2	
472	476	2	
202	207	-1	
193	199	-3	
178	181	1	
176	183	2	
187	189	-3	
187	191	-1	
185	190	2	
308	316	-2	
307	309	2	
400	405	3	
356	364	4	
361	367	-3	
359	367	1	
90	94	2	
154	157	2	
344	348	-2	
347	349	2	
248	253	-2	
99	163	1	
498	500	-3	
76	84	1	
77	85	1	
218	223	2	
210	215	-1	
331	332	3	
73	137	2	
25	29	2	
489	495	-3	
232	239	4	
298	300	-2	
153	156	2	
150	158	-3	
428	436	3	
433	439	-1	
431	439	3	
363	365	2	
203	267	-2	
267	268	2	
200	264	3	
278	286	-1	
279	287	1	
455	463	3	
91	92	-1	
91	95	-3	
33	37	2	
339	343	-2	
337	342	2	
160	166	1	
133	141	2	
429	437	3	
430	438	3	
409	414	-2	
289	353	-2	
399	407	-2	
202	266	-2	
201	265	-3	
18	82	-2	
320	384	3	
485	493	-1	
131	195	-1	
195	198	2	
506	509	2	
440	504	2	
106	108	-1	
298	362	-1	
24	31	1	
344	350	2	
414	422	-2	
233	239	2	
499	501	-2	
259	261	-4	
113	117	-2	
149	157	1	
507	510	-1	
229	237	1	
161	164	-1	
281	286	-3	
217	281	1	
480	487	-3	
291	294	-2	
303	311	-2	
296	303	-2	
321	325	2	
338	341	-2	
338	402	1	
219	223	3	
216	280	1	
378	380	1	
377	382	-2	
362	364	-3	
357	365	3	
88	93	-3	
145	148	-3	
8	12	-2	
240	304	-1	
235	236	3	
235	299	-1	
163	167	-3	
453	461	3	
456	462	2	
34	38	-3	
410	413	-1	
496	502	1	
411	412	1	
402	407	-2	
138	143	3	
48	55	-2	
129	193	-1	
384	388	2	
385	390	2	
216	221	1	
210	212	1	
211	214	2	
82	146	1	
169	233	1	
155	158	-2	
332	340	-2	
333	341	2	
85	93	-3	
131	133	1	
205	213	1	
209	215	1	
207	215	2	
168	232	-1	
426	428	-2	
25	89	-1	
65	69	-2	
372	380	-1	
50	52	2	
346	410	1	
408	415	-2	
179	180	-1	
334	342	-1	
335	343	1	
192	196	-1	
200	204	2	
107	171	1	
401	404	-1	
386	391	-2	
223	231	-1	
123	187	1	
121	185	-1	
51	53	1	
483	486	1	
34	36	2	
41	47	-1	
398	406	-2	
443	507	1	
434	437	1	
171	173	-1	
302	310	1	
251	315	-1	
250	314	-1	
204	212	-1	
387	451	-1	
109	117	1	
110	118	1	
482	487	-1	
64	68	-1	
128	135	-1	
Energy:	-3322	
