NumberOfQubits	504	
NumberOfSubgraphs	672	
Serial	77	
PlantedSolution:	
0	1	
1	-1	
2	-1	
3	1	
4	1	
5	1	
6	-1	
8	1	
9	-1	
10	-1	
11	1	
12	-1	
13	-1	
14	1	
15	1	
16	1	
17	-1	
18	1	
19	-1	
20	1	
21	-1	
22	-1	
23	1	
24	-1	
25	1	
26	-1	
27	-1	
28	1	
29	-1	
30	1	
31	-1	
32	1	
33	1	
34	-1	
35	1	
36	1	
37	-1	
38	1	
39	-1	
40	1	
41	-1	
42	1	
43	1	
44	1	
45	-1	
46	1	
47	-1	
48	-1	
49	1	
50	-1	
51	1	
52	-1	
53	-1	
54	1	
55	-1	
56	-1	
57	1	
58	1	
59	1	
60	-1	
61	1	
62	1	
63	1	
64	1	
65	-1	
66	-1	
67	1	
68	1	
69	1	
70	-1	
71	1	
72	1	
73	1	
74	-1	
75	1	
76	-1	
77	1	
78	1	
79	1	
80	1	
81	-1	
82	1	
83	1	
84	1	
85	-1	
86	-1	
87	1	
88	1	
89	-1	
90	1	
91	1	
92	-1	
93	-1	
94	1	
95	-1	
96	-1	
97	1	
98	-1	
99	1	
100	1	
101	1	
102	1	
103	1	
104	1	
105	1	
106	1	
107	1	
108	1	
109	1	
110	-1	
111	-1	
112	1	
113	1	
114	1	
115	1	
116	-1	
117	-1	
118	-1	
119	1	
120	-1	
121	-1	
123	1	
124	-1	
125	-1	
126	-1	
127	-1	
128	-1	
129	-1	
130	1	
131	1	
132	1	
133	1	
134	-1	
135	1	
136	-1	
137	1	
138	1	
139	1	
141	1	
142	-1	
143	1	
144	-1	
145	1	
146	-1	
147	-1	
148	1	
149	1	
150	-1	
151	-1	
152	-1	
153	-1	
154	1	
155	1	
156	1	
157	1	
158	-1	
159	-1	
160	-1	
161	-1	
162	-1	
163	1	
164	-1	
165	1	
166	-1	
167	1	
168	-1	
169	1	
170	-1	
171	-1	
172	1	
173	-1	
174	-1	
175	1	
176	1	
177	-1	
178	-1	
179	1	
180	1	
181	1	
182	1	
183	1	
184	-1	
185	1	
186	1	
187	-1	
188	1	
189	-1	
190	1	
191	1	
192	-1	
193	-1	
194	1	
195	1	
196	1	
197	1	
198	1	
199	-1	
200	1	
201	1	
202	-1	
203	-1	
204	1	
205	1	
206	1	
207	1	
208	1	
209	-1	
210	-1	
211	1	
212	1	
213	-1	
214	1	
215	-1	
216	1	
217	-1	
218	1	
219	1	
220	-1	
221	1	
222	1	
223	-1	
224	-1	
225	-1	
226	1	
227	-1	
228	1	
229	-1	
230	1	
231	1	
232	1	
233	1	
234	-1	
235	-1	
236	-1	
237	1	
238	1	
239	1	
240	1	
241	-1	
242	-1	
243	1	
244	-1	
245	-1	
246	-1	
247	-1	
248	1	
249	1	
250	1	
251	1	
252	-1	
253	1	
254	-1	
255	-1	
256	1	
257	-1	
258	-1	
259	-1	
260	-1	
261	-1	
262	1	
263	1	
264	-1	
265	1	
266	-1	
267	-1	
268	1	
269	-1	
270	-1	
271	-1	
272	1	
273	1	
274	1	
275	1	
276	1	
277	1	
278	-1	
279	1	
280	1	
281	-1	
282	-1	
283	-1	
284	1	
285	-1	
286	-1	
287	-1	
288	-1	
289	1	
290	-1	
291	1	
292	-1	
293	1	
294	-1	
295	-1	
296	1	
297	1	
298	1	
299	1	
300	1	
301	1	
302	1	
303	1	
304	-1	
305	-1	
306	-1	
307	-1	
308	-1	
309	-1	
310	-1	
311	1	
312	-1	
313	1	
314	-1	
315	1	
316	-1	
317	1	
318	1	
319	1	
320	-1	
321	1	
322	1	
323	-1	
324	-1	
325	-1	
326	1	
327	-1	
328	1	
329	-1	
330	1	
331	1	
332	-1	
333	-1	
334	1	
335	-1	
336	-1	
337	1	
338	1	
339	1	
340	1	
341	1	
342	-1	
343	-1	
344	-1	
345	1	
346	1	
347	1	
348	-1	
349	-1	
350	-1	
351	-1	
352	-1	
353	-1	
354	1	
355	-1	
356	1	
357	-1	
358	1	
359	1	
361	-1	
362	-1	
363	-1	
364	-1	
365	1	
367	1	
368	1	
369	1	
370	1	
371	1	
372	-1	
373	1	
374	1	
375	1	
376	1	
377	1	
378	1	
379	1	
380	1	
382	1	
383	1	
384	1	
385	-1	
386	-1	
387	1	
388	-1	
389	1	
390	1	
391	1	
392	-1	
393	1	
394	1	
396	-1	
397	-1	
398	1	
399	-1	
400	1	
401	-1	
402	-1	
403	-1	
404	-1	
405	1	
406	-1	
407	1	
408	1	
409	1	
410	-1	
411	-1	
412	-1	
413	-1	
414	1	
415	-1	
416	-1	
417	1	
418	1	
419	1	
420	1	
421	-1	
422	-1	
424	1	
425	-1	
426	-1	
427	-1	
428	1	
429	1	
430	-1	
431	1	
432	1	
433	1	
434	1	
435	-1	
436	1	
437	1	
438	-1	
439	1	
440	1	
441	1	
442	1	
443	1	
444	-1	
445	1	
446	-1	
447	-1	
448	1	
449	1	
450	-1	
451	-1	
452	-1	
453	1	
454	-1	
455	1	
456	-1	
457	1	
458	-1	
459	-1	
460	-1	
461	-1	
462	-1	
463	-1	
464	1	
465	-1	
466	-1	
467	1	
468	1	
469	-1	
470	1	
471	1	
472	1	
473	1	
474	1	
475	1	
476	1	
477	-1	
478	-1	
479	1	
480	-1	
481	1	
482	-1	
483	1	
484	1	
485	1	
486	-1	
487	-1	
488	-1	
489	-1	
490	-1	
491	1	
492	1	
493	1	
494	1	
495	-1	
496	1	
497	1	
498	-1	
499	-1	
500	-1	
501	1	
502	-1	
503	1	
504	1	
505	1	
506	-1	
507	1	
508	-1	
509	-1	
510	1	
511	-1	
Js:	
337	341	-3	
341	349	4	
346	349	4	
346	350	3	
342	350	-4	
337	342	5	
168	172	5	
170	172	3	
170	175	4	
169	175	-4	
169	174	5	
168	174	-5	
371	374	-3	
374	382	-3	
378	382	-3	
378	383	-6	
375	383	-4	
371	375	-4	
225	229	-3	
226	229	3	
226	290	2	
290	295	-3	
289	295	4	
225	289	-2	
10	13	1	
11	13	4	
11	75	-4	
75	77	-3	
74	77	3	
10	74	-4	
32	36	-2	
34	36	5	
34	38	4	
35	38	-2	
35	37	5	
32	37	3	
104	108	-4	
107	108	-5	
107	111	3	
106	111	-2	
106	109	-5	
104	109	-4	
200	204	-6	
203	204	3	
203	207	5	
201	207	-2	
201	206	3	
200	206	-3	
432	436	-2	
436	444	3	
442	444	3	
442	445	-2	
437	445	-3	
432	437	3	
272	276	-5	
273	276	-5	
273	278	2	
274	278	4	
274	277	-4	
272	277	3	
400	405	-3	
405	413	2	
409	413	2	
409	414	2	
406	414	3	
400	406	2	
448	452	-1	
450	452	-3	
450	454	-4	
449	454	5	
449	453	-3	
448	453	-5	
361	367	4	
363	367	5	
363	427	-2	
427	431	4	
425	431	5	
361	425	2	
266	268	3	
267	268	4	
267	271	3	
264	271	-6	
264	270	-3	
266	270	-5	
51	53	4	
53	61	-3	
58	61	-4	
58	62	-5	
54	62	-3	
51	54	-5	
88	92	2	
92	100	1	
99	100	-6	
99	102	-3	
94	102	1	
88	94	-4	
193	197	4	
194	197	-4	
194	258	3	
258	262	3	
257	262	5	
193	257	-2	
282	284	-4	
283	284	3	
283	285	-4	
280	285	3	
280	286	3	
282	286	-4	
162	164	-2	
163	164	4	
163	167	-3	
161	167	6	
161	166	-2	
162	166	-6	
153	157	5	
155	157	-3	
155	219	-3	
219	222	-2	
217	222	2	
153	217	2	
9	12	-2	
12	20	4	
16	20	-2	
16	22	5	
14	22	-2	
9	14	4	
408	412	5	
410	412	4	
410	474	3	
474	477	3	
472	477	5	
408	472	-4	
497	500	5	
499	500	3	
499	501	3	
498	501	2	
498	502	-5	
497	502	2	
306	310	-2	
310	318	3	
313	318	-4	
313	319	-5	
311	319	-4	
306	311	-4	
66	68	2	
67	68	-3	
67	69	3	
64	69	-3	
64	70	4	
66	70	-1	
307	308	-3	
308	316	2	
314	316	-3	
314	317	4	
309	317	5	
307	309	-3	
89	93	-3	
93	101	2	
98	101	4	
98	103	5	
95	103	-2	
89	95	-3	
249	252	-3	
251	252	6	
251	255	4	
250	255	3	
250	253	-4	
249	253	-4	
505	509	3	
506	509	-4	
506	511	-3	
504	511	4	
504	510	4	
505	510	-4	
320	324	-5	
324	332	-3	
328	332	-3	
328	334	-2	
326	334	-4	
320	326	5	
466	468	4	
468	476	-2	
473	476	-5	
473	479	-4	
471	479	-3	
466	471	-4	
209	212	3	
210	212	4	
210	213	-4	
211	213	-5	
211	214	-2	
209	214	5	
232	236	3	
234	236	-3	
234	238	4	
233	238	-3	
233	239	2	
232	239	-4	
296	300	-4	
299	300	2	
299	302	-2	
297	302	-3	
297	303	-4	
296	303	-3	
112	119	-3	
115	119	-3	
115	179	-2	
179	180	-3	
176	180	2	
112	176	-1	
41	44	2	
43	44	-4	
43	46	-2	
40	46	3	
40	45	4	
41	45	-4	
177	182	-3	
178	182	5	
178	242	-2	
242	246	-2	
241	246	-5	
177	241	-1	
352	358	6	
354	358	-1	
354	418	-2	
418	421	-2	
416	421	-6	
352	416	-3	
480	484	6	
484	492	-2	
488	492	5	
488	493	-1	
485	493	-2	
480	485	3	
128	132	5	
129	132	5	
129	134	5	
131	134	1	
131	133	-6	
128	133	4	
139	141	-4	
141	149	-1	
145	149	-5	
145	150	3	
142	150	1	
139	142	3	
387	389	-4	
389	397	2	
393	397	4	
393	398	-3	
390	398	2	
387	390	-5	
482	486	-4	
486	494	2	
489	494	-5	
489	495	-3	
487	495	-4	
482	487	-5	
185	188	-2	
186	188	-6	
186	191	-4	
187	191	-3	
187	190	4	
185	190	-6	
81	84	3	
83	84	-4	
83	86	4	
80	86	3	
80	87	-4	
81	87	2	
2	4	5	
3	4	-5	
3	6	-3	
0	6	6	
0	5	-4	
2	5	4	
24	28	5	
25	28	-5	
25	29	3	
26	29	-5	
26	31	-4	
24	31	-3	
113	117	3	
117	125	5	
121	125	-5	
121	126	-5	
118	126	-4	
113	118	4	
456	461	-2	
458	461	-6	
458	462	-5	
459	462	-3	
459	463	-6	
456	463	-3	
321	325	6	
325	333	-3	
329	333	3	
329	335	-4	
327	335	-4	
321	327	3	
192	198	-2	
195	198	-4	
195	259	1	
259	261	-4	
256	261	5	
192	256	4	
347	348	3	
348	356	2	
353	356	-1	
353	359	4	
351	359	3	
347	351	5	
362	364	-4	
364	372	-2	
368	372	-1	
368	373	-6	
365	373	-2	
362	365	6	
401	404	-3	
403	404	1	
403	467	5	
467	469	3	
465	469	-3	
401	465	-4	
56	60	-5	
59	60	-3	
59	123	-3	
123	127	5	
120	127	-7	
56	120	-2	
216	220	-1	
220	228	4	
227	228	3	
227	231	4	
223	231	3	
216	223	4	
434	438	2	
438	446	-3	
440	446	5	
440	447	4	
439	447	3	
434	439	-4	
384	388	4	
388	396	-3	
394	396	4	
394	399	6	
391	399	3	
384	391	3	
146	148	-2	
148	156	-2	
152	156	5	
152	159	-4	
151	159	-2	
146	151	-4	
72	76	3	
73	76	4	
73	137	-3	
137	143	-4	
136	143	-2	
72	136	2	
417	420	-4	
420	428	-4	
426	428	-3	
426	430	-3	
422	430	-5	
417	422	1	
224	230	3	
227	230	3	
227	291	3	
291	292	3	
288	292	2	
224	288	-3	
49	55	4	
50	55	-3	
50	114	6	
114	116	3	
113	116	4	
49	113	-3	
312	317	1	
315	317	-3	
315	379	-4	
379	380	-3	
376	380	4	
312	376	3	
336	340	4	
338	340	1	
338	343	5	
339	343	3	
339	341	-4	
336	341	2	
240	244	4	
241	244	3	
241	247	-2	
243	247	2	
243	245	3	
240	245	3	
17	21	-4	
18	21	5	
18	82	-5	
82	85	2	
81	85	-4	
17	81	-3	
65	70	-3	
70	78	4	
73	78	4	
73	79	-2	
71	79	-4	
65	71	2	
33	37	3	
37	45	-1	
42	45	-1	
42	47	3	
39	47	-2	
33	39	4	
90	94	-5	
91	94	-2	
91	155	-2	
155	158	2	
154	158	5	
90	154	-3	
208	215	2	
211	215	6	
211	275	-2	
275	279	-2	
272	279	-3	
208	272	-2	
280	287	4	
281	287	-1	
281	345	4	
345	349	1	
344	349	-3	
280	344	-3	
177	181	3	
181	189	-2	
184	189	-5	
184	191	4	
183	191	-3	
177	183	4	
160	164	-3	
164	172	1	
171	172	2	
171	173	-4	
165	173	-2	
160	165	4	
457	460	5	
460	468	2	
464	468	-4	
464	470	-4	
462	470	-1	
457	462	3	
288	293	5	
293	301	2	
298	301	-5	
298	302	-2	
294	302	4	
288	294	-4	
402	405	3	
411	413	-5	
411	415	-4	
407	415	3	
402	407	3	
441	444	4	
443	444	4	
443	507	3	
507	508	5	
505	508	4	
441	505	-2	
8	12	3	
19	20	4	
19	23	-3	
15	23	-3	
8	15	-4	
201	205	-3	
202	205	2	
202	266	-2	
266	269	-2	
265	269	6	
201	265	2	
48	52	-5	
52	60	-3	
57	60	-3	
57	63	-3	
55	63	3	
48	55	-4	
96	100	2	
100	108	-2	
105	108	-3	
105	110	5	
102	110	-1	
96	102	5	
426	429	5	
427	429	4	
427	491	-3	
491	493	-6	
490	493	4	
426	490	-4	
305	308	-5	
306	308	-3	
306	370	2	
370	373	-3	
369	373	-2	
305	369	3	
353	357	-2	
355	357	-3	
355	419	2	
419	420	-3	
353	417	-3	
322	325	4	
322	386	2	
386	390	5	
385	390	2	
321	385	-1	
130	134	4	
134	142	-2	
138	142	4	
138	143	2	
135	143	-3	
130	135	-5	
475	477	3	
477	485	1	
481	485	2	
481	486	5	
478	486	-2	
475	478	4	
433	438	2	
435	438	-4	
435	499	-5	
499	503	3	
497	503	2	
433	497	-4	
257	260	-4	
259	260	-3	
256	263	2	
257	263	2	
192	196	6	
195	196	-4	
195	199	3	
194	199	5	
194	198	-2	
451	453	4	
451	455	-5	
449	455	-3	
448	454	3	
80	84	-3	
83	147	-2	
147	151	-4	
144	151	-5	
80	144	1	
248	252	2	
250	252	3	
249	254	5	
248	254	5	
235	237	3	
237	245	2	
242	245	-3	
242	247	-4	
239	247	-2	
235	239	3	
217	220	-4	
218	220	-3	
218	221	-3	
219	221	-4	
219	223	4	
217	223	-4	
328	333	6	
331	333	-2	
331	334	-5	
330	334	-4	
330	335	2	
328	335	2	
16	21	4	
21	29	1	
27	29	-3	
27	30	6	
22	30	1	
424	430	3	
425	430	-3	
425	489	-3	
489	492	4	
424	488	4	
115	116	4	
116	124	-3	
120	124	-4	
120	125	-3	
115	117	2	
304	309	-3	
307	371	2	
368	374	-5	
304	368	-3	
377	382	-5	
379	382	-3	
379	443	-2	
443	445	-2	
441	445	4	
377	441	-4	
434	437	-5	
434	498	3	
498	503	3	
496	503	-3	
432	496	-2	
0	4	-2	
1	4	2	
1	6	-6	
3	5	-5	
97	101	-2	
101	109	-2	
104	111	-5	
103	111	3	
97	103	-3	
322	324	5	
323	324	-3	
323	327	-5	
320	327	-3	
322	326	2	
385	388	-3	
392	396	-4	
392	399	-2	
385	391	5	
476	484	2	
483	484	-2	
483	487	3	
479	487	1	
292	300	-4	
298	300	-2	
298	303	-2	
295	303	2	
291	295	3	
345	348	4	
346	348	2	
346	351	4	
344	351	1	
344	350	-4	
345	350	3	
204	212	2	
208	212	-4	
208	213	1	
205	213	3	
203	205	3	
36	44	2	
42	44	-3	
42	46	-5	
38	46	-1	
157	165	-3	
161	165	3	
159	167	-2	
153	159	-3	
451	452	-4	
452	460	-3	
457	463	3	
455	463	2	
10	14	4	
11	14	-4	
75	78	-3	
74	78	3	
403	406	-3	
467	471	-2	
464	471	-3	
400	464	2	
50	52	-2	
114	119	-3	
48	112	3	
24	30	3	
27	91	3	
91	95	-3	
88	95	4	
24	88	2	
337	340	-5	
339	340	2	
339	342	3	
336	342	-1	
336	343	-5	
337	343	1	
442	447	3	
442	506	3	
506	510	2	
440	504	-2	
233	236	6	
235	236	-3	
235	238	4	
232	238	-3	
232	237	5	
233	237	-2	
66	69	3	
67	131	-1	
130	133	-2	
66	130	2	
354	356	-4	
355	356	3	
419	422	3	
418	422	4	
281	284	5	
282	287	-5	
283	287	-3	
281	285	-3	
187	188	4	
185	189	4	
186	189	-2	
267	269	-2	
269	277	-1	
275	277	-3	
275	278	5	
270	278	-1	
267	270	-3	
169	173	3	
173	181	1	
179	181	-2	
179	183	-4	
175	183	1	
402	404	-4	
402	466	1	
466	470	4	
465	470	3	
146	149	5	
146	210	2	
210	215	-2	
209	215	-3	
145	209	2	
59	61	-3	
59	63	-5	
56	63	2	
56	62	4	
312	316	-4	
313	316	2	
315	319	-3	
315	318	2	
312	318	4	
297	301	-2	
299	301	-4	
299	363	4	
297	361	3	
147	148	-4	
154	156	-3	
150	158	-2	
147	150	-6	
225	228	2	
226	228	-4	
290	293	4	
289	293	-1	
409	412	3	
409	415	-4	
411	414	4	
408	414	-4	
41	47	4	
43	47	2	
43	107	-4	
107	110	3	
41	105	3	
496	500	2	
500	508	-2	
507	509	3	
501	509	-3	
496	501	-5	
329	332	-5	
330	332	3	
330	394	-1	
394	397	-2	
329	393	2	
258	260	-4	
260	268	2	
264	268	-4	
263	271	3	
258	263	4	
64	68	3	
65	68	4	
65	129	-1	
64	128	2	
370	372	4	
372	380	3	
378	380	-3	
370	375	-3	
26	28	-2	
26	90	2	
90	93	1	
25	89	3	
221	229	-2	
224	229	-4	
222	230	-3	
218	222	-6	
136	141	6	
138	141	4	
138	202	3	
202	206	4	
136	200	3	
72	77	-2	
77	85	2	
82	87	-3	
79	87	1	
72	79	-4	
424	428	-2	
428	436	2	
433	436	-5	
433	439	-3	
431	439	-3	
424	431	-3	
240	246	3	
243	246	5	
243	307	3	
307	310	-3	
304	310	-4	
240	304	-1	
35	39	2	
35	99	-2	
97	100	4	
33	97	-4	
9	13	-4	
13	21	1	
17	23	5	
9	15	5	
172	180	-1	
178	180	6	
174	182	-1	
352	356	-4	
356	364	2	
357	365	4	
352	357	-2	
121	124	-4	
123	124	3	
120	126	2	
392	398	-6	
394	398	-2	
394	458	3	
392	456	-2	
96	101	3	
98	162	-3	
160	166	-4	
96	160	1	
472	476	1	
474	476	-4	
472	478	4	
384	389	-4	
387	391	-3	
386	391	-2	
384	390	-2	
248	253	-4	
251	253	-3	
251	254	-3	
249	255	4	
248	255	2	
57	61	-3	
57	62	-4	
490	494	2	
490	495	-3	
195	197	-3	
193	199	-3	
192	199	2	
419	421	3	
419	483	-5	
483	485	-5	
416	480	3	
274	276	-2	
273	279	-4	
347	350	2	
350	358	2	
355	358	-2	
355	359	2	
305	311	2	
369	372	4	
106	108	-2	
107	171	1	
171	175	5	
106	170	-1	
139	143	-5	
139	203	2	
137	201	-4	
1	5	-3	
2	66	-4	
66	71	4	
1	65	-3	
18	22	-3	
19	22	-4	
19	83	2	
82	86	3	
376	382	-2	
441	446	-1	
376	440	-4	
283	286	-3	
286	294	-1	
289	294	3	
287	295	2	
8	13	4	
75	76	-3	
8	72	-3	
499	502	-2	
502	510	3	
503	511	4	
155	159	-3	
216	221	-4	
152	216	3	
234	237	3	
234	298	2	
296	301	-3	
232	296	-3	
259	262	4	
259	323	-1	
323	326	4	
321	326	3	
257	321	1	
402	406	2	
410	414	2	
410	415	-4	
176	181	-6	
176	183	-3	
267	331	3	
331	335	-3	
265	329	2	
40	44	-3	
44	52	2	
49	52	3	
49	54	-3	
46	54	-2	
144	148	4	
145	148	-4	
208	214	-3	
144	208	2	
459	461	3	
461	469	-2	
465	471	3	
463	471	1	
161	164	-2	
163	227	-2	
225	231	4	
161	225	-3	
30	38	2	
32	38	-4	
32	39	3	
31	39	-3	
27	31	-3	
109	117	2	
110	118	2	
106	110	4	
386	388	2	
386	450	-2	
384	448	-5	
89	92	-3	
90	92	3	
154	157	3	
89	153	-3	
338	342	2	
250	254	3	
250	314	2	
314	318	-3	
248	312	2	
435	439	2	
432	438	5	
243	244	-2	
240	247	3	
131	132	-3	
131	135	-4	
128	134	-2	
417	421	3	
418	482	3	
482	484	1	
481	484	-3	
417	481	-3	
290	292	-4	
296	302	-3	
290	294	-2	
69	77	-4	
74	79	2	
64	71	2	
346	410	2	
344	408	1	
211	212	-1	
212	220	2	
215	223	2	
226	230	-4	
230	238	-1	
234	239	3	
231	239	-2	
226	231	1	
114	118	3	
123	126	-3	
119	127	4	
467	468	-3	
467	470	-3	
466	469	-3	
464	469	-3	
28	36	-2	
34	37	-3	
29	37	3	
24	29	-3	
202	204	1	
313	317	3	
304	311	2	
235	299	-1	
299	303	-3	
233	297	-2	
45	53	-2	
50	53	5	
47	55	-2	
40	47	3	
268	276	-2	
271	279	2	
85	93	3	
88	93	4	
86	94	3	
81	86	-3	
216	222	-2	
218	282	1	
216	280	2	
320	325	-3	
369	375	-3	
371	435	2	
435	436	2	
369	433	1	
144	149	3	
144	150	1	
362	367	3	
359	367	2	
352	359	1	
491	492	-1	
491	494	-4	
488	495	-3	
17	20	3	
400	404	3	
401	405	4	
403	405	-1	
403	407	5	
400	407	-3	
442	446	5	
443	446	2	
506	508	-4	
449	452	3	
450	453	3	
450	455	4	
162	165	-1	
163	165	-3	
160	167	3	
393	457	-3	
456	462	-4	
180	188	-2	
184	188	2	
184	190	4	
182	190	1	
179	182	-4	
498	500	-3	
496	502	4	
497	501	3	
416	420	2	
425	428	-2	
416	422	-2	
315	316	3	
379	383	-2	
314	378	2	
105	111	3	
105	169	-1	
104	168	1	
68	76	4	
67	70	4	
275	339	-3	
338	341	4	
274	338	-3	
411	475	4	
475	479	-5	
409	473	-3	
84	92	2	
91	92	3	
87	95	2	
57	121	-1	
197	205	-3	
199	207	3	
2	6	-3	
256	260	-3	
259	263	3	
256	262	-2	
99	103	-2	
98	102	3	
97	102	-3	
227	229	1	
291	293	-3	
48	54	-3	
51	115	-4	
112	116	4	
322	327	-1	
323	387	1	
386	389	3	
283	347	-2	
266	330	3	
242	244	-4	
244	252	2	
247	255	-3	
304	308	-3	
369	374	-3	
361	364	-5	
363	364	-3	
129	135	1	
377	380	-3	
441	447	1	
200	205	-2	
210	214	3	
206	214	-2	
177	180	2	
176	182	2	
155	156	3	
153	158	-2	
152	158	-4	
480	486	-2	
474	478	3	
10	15	-3	
507	511	-2	
505	511	3	
456	460	-3	
458	460	-1	
185	191	-2	
186	190	-1	
58	63	-3	
25	30	-3	
26	30	-3	
99	101	-1	
32	96	-4	
129	133	3	
131	195	-1	
193	198	4	
129	193	1	
170	173	3	
354	359	-4	
353	358	5	
43	45	4	
19	21	1	
16	23	-3	
18	23	-1	
393	399	4	
392	397	-3	
194	196	-2	
258	261	2	
481	487	-1	
433	437	-3	
424	429	4	
490	492	3	
241	245	-2	
305	310	2	
241	305	-3	
385	389	3	
385	449	-2	
469	477	-2	
472	479	-2	
49	53	3	
33	38	-3	
96	103	1	
265	270	4	
265	271	1	
277	285	-2	
281	286	-3	
278	286	-2	
74	76	-1	
74	138	3	
137	141	-2	
112	117	3	
0	64	-4	
104	110	1	
236	244	-1	
238	246	-1	
80	85	3	
251	315	1	
229	237	1	
289	292	3	
288	295	2	
330	333	-3	
404	412	-2	
363	365	2	
298	362	-3	
340	348	3	
344	348	-4	
91	93	3	
198	206	2	
202	207	4	
459	460	2	
454	462	-2	
72	78	-2	
345	351	2	
347	411	1	
345	409	-2	
249	313	1	
401	406	-3	
443	447	3	
432	439	3	
302	310	2	
303	311	-2	
272	336	1	
377	383	1	
421	429	1	
354	357	4	
11	12	3	
113	177	-1	
387	388	4	
153	156	1	
217	221	2	
34	39	-2	
58	60	2	
56	61	-3	
171	174	-2	
408	413	3	
3	67	-3	
67	71	-4	
504	509	3	
507	510	-3	
482	485	-3	
491	495	2	
51	55	2	
130	132	-3	
128	135	3	
123	187	1	
187	189	-3	
121	185	1	
75	79	1	
75	139	-2	
136	142	-3	
257	261	-2	
261	269	-3	
262	270	-2	
42	106	-2	
40	104	-3	
154	159	2	
16	80	2	
297	300	-4	
393	396	2	
396	404	1	
397	405	3	
224	228	3	
291	294	2	
99	163	-2	
163	166	-2	
196	204	2	
201	204	-4	
192	197	2	
178	181	-2	
176	240	-2	
343	351	1	
435	437	-1	
209	273	-1	
488	494	1	
306	309	-2	
470	478	-1	
186	250	1	
184	248	1	
483	486	-1	
33	36	-2	
367	375	2	
398	406	3	
399	407	1	
4	12	-2	
5	13	2	
418	420	-3	
440	445	-3	
312	319	2	
137	142	3	
371	373	-3	
368	432	1	
187	251	1	
185	249	1	
453	461	-1	
473	477	2	
18	20	-2	
280	284	-3	
162	167	2	
162	226	-2	
225	230	2	
65	69	3	
10	12	-2	
274	279	-2	
210	274	-1	
35	36	3	
264	269	-2	
200	264	1	
133	141	-1	
291	355	2	
290	354	-1	
307	311	2	
338	402	3	
336	400	-3	
156	164	2	
170	174	-2	
170	234	-3	
169	233	1	
347	349	3	
90	95	-2	
146	150	-3	
224	231	-2	
331	332	3	
427	428	1	
434	436	-2	
203	267	1	
76	84	1	
83	85	2	
370	374	2	
273	277	-3	
273	337	1	
376	383	3	
378	442	-2	
457	461	-2	
41	46	3	
169	172	2	
168	175	2	
448	455	-2	
266	271	-1	
209	213	-2	
465	468	1	
245	253	-1	
474	479	-3	
473	478	-2	
113	119	-3	
8	14	2	
203	206	2	
282	285	-3	
285	293	1	
160	224	-1	
276	284	-1	
272	278	-2	
410	413	3	
323	325	-2	
83	87	-2	
81	145	1	
425	429	1	
489	493	1	
480	487	2	
193	196	2	
105	109	1	
301	309	2	
219	220	2	
112	118	2	
59	62	-2	
171	235	2	
20	28	-1	
25	31	2	
23	31	1	
361	365	-2	
313	377	-1	
349	357	1	
413	421	1	
414	422	1	
82	84	3	
401	407	-1	
51	52	-1	
305	309	-1	
168	173	-3	
166	174	-1	
219	283	1	
475	476	-2	
504	508	1	
107	109	-2	
451	454	-2	
123	125	-1	
427	430	-2	
314	319	2	
328	392	1	
98	100	-1	
279	287	1	
114	117	-1	
339	403	-1	
371	372	-2	
200	207	1	
242	306	-1	
337	401	1	
213	221	-1	
429	437	-1	
426	431	-1	
179	243	-1	
282	346	1	
158	166	-1	
289	353	-1	
178	183	-1	
264	328	2	
493	501	-2	
494	502	-2	
214	222	-1	
218	223	1	
458	463	-1	
408	415	1	
321	324	2	
27	28	1	
73	77	-2	
9	73	-1	
333	341	1	
334	342	1	
48	53	-1	
492	500	1	
495	503	-1	
11	15	1	
89	94	-1	
275	276	-1	
207	215	1	
265	268	-1	
17	22	-1	
115	118	1	
145	151	1	
332	340	1	
335	343	-1	
387	451	-1	
Energy:	-2894	
