NumberOfQubits	504	
NumberOfSubgraphs	840	
Serial	425	
PlantedSolution:	
0	1	
1	-1	
2	1	
3	1	
4	1	
5	-1	
6	-1	
8	1	
9	1	
10	1	
11	-1	
12	1	
13	1	
14	1	
15	-1	
16	1	
17	-1	
18	-1	
19	1	
20	1	
21	1	
22	1	
23	1	
24	1	
25	1	
26	1	
27	1	
28	1	
29	-1	
30	-1	
31	1	
32	-1	
33	1	
34	-1	
35	-1	
36	-1	
37	-1	
38	-1	
39	-1	
40	1	
41	1	
42	1	
43	-1	
44	1	
45	-1	
46	-1	
47	-1	
48	-1	
49	-1	
50	1	
51	1	
52	-1	
53	1	
54	1	
55	-1	
56	-1	
57	1	
58	1	
59	-1	
60	-1	
61	-1	
62	-1	
63	1	
64	1	
65	-1	
66	-1	
67	-1	
68	1	
69	-1	
70	-1	
71	-1	
72	1	
73	1	
74	-1	
75	1	
76	-1	
77	1	
78	-1	
79	-1	
80	-1	
81	-1	
82	1	
83	1	
84	-1	
85	1	
86	1	
87	1	
88	-1	
89	1	
90	1	
91	1	
92	1	
93	-1	
94	-1	
95	-1	
96	1	
97	1	
98	-1	
99	-1	
100	-1	
101	1	
102	-1	
103	-1	
104	1	
105	-1	
106	1	
107	1	
108	-1	
109	1	
110	-1	
111	1	
112	1	
113	-1	
114	-1	
115	1	
116	-1	
117	1	
118	1	
119	-1	
120	-1	
121	-1	
123	-1	
124	-1	
125	1	
126	-1	
127	-1	
128	-1	
129	-1	
130	-1	
131	1	
132	-1	
133	-1	
134	-1	
135	1	
136	1	
137	-1	
138	1	
139	1	
141	1	
142	1	
143	-1	
144	-1	
145	1	
146	1	
147	-1	
148	1	
149	-1	
150	-1	
151	-1	
152	1	
153	1	
154	1	
155	-1	
156	1	
157	1	
158	-1	
159	1	
160	1	
161	-1	
162	-1	
163	-1	
164	-1	
165	-1	
166	1	
167	1	
168	1	
169	-1	
170	1	
171	1	
172	-1	
173	-1	
174	1	
175	1	
176	-1	
177	-1	
178	-1	
179	-1	
180	-1	
181	1	
182	1	
183	1	
184	-1	
185	-1	
186	1	
187	-1	
188	1	
189	-1	
190	1	
191	1	
192	1	
193	-1	
194	-1	
195	1	
196	1	
197	1	
198	1	
199	-1	
200	-1	
201	-1	
202	-1	
203	1	
204	1	
205	-1	
206	-1	
207	-1	
208	-1	
209	1	
210	1	
211	1	
212	1	
213	1	
214	-1	
215	-1	
216	1	
217	1	
218	-1	
219	1	
220	-1	
221	-1	
222	1	
223	1	
224	1	
225	-1	
226	1	
227	1	
228	1	
229	1	
230	-1	
231	-1	
232	-1	
233	-1	
234	-1	
235	-1	
236	1	
237	-1	
238	-1	
239	1	
240	-1	
241	1	
242	-1	
243	-1	
244	-1	
245	1	
246	1	
247	1	
248	1	
249	1	
250	1	
251	-1	
252	-1	
253	1	
254	1	
255	1	
256	-1	
257	-1	
258	1	
259	1	
260	-1	
261	1	
262	-1	
263	1	
264	-1	
265	-1	
266	-1	
267	1	
268	-1	
269	1	
270	-1	
271	1	
272	-1	
273	-1	
274	1	
275	-1	
276	1	
277	-1	
278	-1	
279	-1	
280	-1	
281	1	
282	1	
283	-1	
284	1	
285	-1	
286	-1	
287	1	
288	1	
289	-1	
290	1	
291	-1	
292	1	
293	1	
294	-1	
295	1	
296	1	
297	-1	
298	-1	
299	-1	
300	1	
301	1	
302	1	
303	-1	
304	1	
305	1	
306	1	
307	1	
308	-1	
309	-1	
310	1	
311	1	
312	1	
313	1	
314	-1	
315	1	
316	-1	
317	1	
318	-1	
319	-1	
320	1	
321	1	
322	1	
323	-1	
324	-1	
325	-1	
326	1	
327	1	
328	-1	
329	-1	
330	-1	
331	-1	
332	1	
333	-1	
334	-1	
335	-1	
336	1	
337	1	
338	-1	
339	-1	
340	1	
341	1	
342	1	
343	1	
344	1	
345	-1	
346	-1	
347	-1	
348	1	
349	1	
350	-1	
351	-1	
352	-1	
353	-1	
354	1	
355	1	
356	-1	
357	-1	
358	1	
359	1	
361	1	
362	-1	
363	1	
364	1	
365	1	
367	-1	
368	1	
369	1	
370	-1	
371	-1	
372	-1	
373	-1	
374	-1	
375	1	
376	1	
377	1	
378	-1	
379	1	
380	1	
382	1	
383	1	
384	1	
385	-1	
386	1	
387	-1	
388	-1	
389	1	
390	1	
391	1	
392	-1	
393	-1	
394	1	
396	-1	
397	-1	
398	1	
399	-1	
400	-1	
401	-1	
402	1	
403	1	
404	-1	
405	-1	
406	-1	
407	-1	
408	1	
409	-1	
410	-1	
411	-1	
412	1	
413	1	
414	1	
415	-1	
416	-1	
417	-1	
418	1	
419	-1	
420	-1	
421	1	
422	1	
424	1	
425	1	
426	-1	
427	-1	
428	-1	
429	-1	
430	-1	
431	-1	
432	-1	
433	1	
434	-1	
435	-1	
436	1	
437	1	
438	1	
439	-1	
440	1	
441	-1	
442	1	
443	1	
444	-1	
445	-1	
446	-1	
447	-1	
448	1	
449	-1	
450	-1	
451	1	
452	-1	
453	1	
454	1	
455	-1	
456	1	
457	1	
458	1	
459	1	
460	-1	
461	1	
462	1	
463	-1	
464	-1	
465	1	
466	1	
467	1	
468	-1	
469	-1	
470	-1	
471	1	
472	1	
473	-1	
474	-1	
475	-1	
476	-1	
477	1	
478	1	
479	1	
480	-1	
481	1	
482	-1	
483	1	
484	1	
485	1	
486	1	
487	1	
488	-1	
489	1	
490	1	
491	1	
492	1	
493	1	
494	1	
495	1	
496	1	
497	1	
498	-1	
499	1	
500	-1	
501	-1	
502	1	
503	1	
504	1	
505	1	
506	-1	
507	-1	
508	-1	
509	-1	
510	-1	
511	-1	
Js:	
88	93	-5	
91	93	4	
91	155	3	
155	157	3	
152	157	-4	
88	152	-3	
211	213	-3	
213	221	-2	
219	221	8	
219	222	-2	
214	222	5	
211	214	6	
97	100	4	
100	108	-3	
106	108	7	
106	111	-4	
103	111	3	
97	103	6	
40	46	-4	
43	46	-7	
43	107	3	
107	109	-7	
104	109	-4	
40	104	-6	
345	349	5	
346	349	3	
346	410	-3	
410	412	3	
409	412	4	
345	409	-2	
472	477	-3	
474	477	6	
474	478	5	
473	478	3	
473	479	6	
472	479	-4	
272	277	-4	
274	277	5	
274	278	2	
273	278	6	
273	279	-4	
272	279	-6	
72	76	2	
74	76	-6	
74	78	-5	
75	78	3	
75	77	-3	
72	77	-5	
80	86	6	
81	86	4	
81	145	4	
145	148	2	
144	148	5	
80	144	-3	
401	404	-5	
402	404	4	
402	466	-4	
466	469	4	
465	469	5	
401	465	3	
433	437	-4	
435	437	4	
435	499	6	
499	501	-3	
497	501	3	
433	497	-2	
323	325	-5	
325	333	-5	
331	333	-4	
331	334	-5	
326	334	3	
323	326	-4	
304	308	7	
306	308	5	
306	309	4	
307	309	4	
307	310	-6	
304	310	-4	
170	172	4	
171	172	6	
171	175	-5	
169	175	4	
169	173	-4	
170	173	4	
368	372	6	
371	372	-4	
371	375	4	
370	375	6	
370	374	-4	
368	374	-2	
313	316	5	
314	316	5	
314	317	5	
315	317	-3	
315	319	3	
313	319	6	
176	180	-3	
180	188	-3	
187	188	4	
187	190	4	
182	190	-5	
176	182	5	
10	12	-4	
11	12	4	
11	14	7	
9	14	-4	
9	15	6	
10	15	-5	
162	164	-4	
163	164	-6	
163	165	-5	
161	165	-4	
161	166	-4	
162	166	5	
226	229	-5	
229	237	-4	
233	237	-4	
233	239	4	
231	239	3	
226	231	5	
417	420	-4	
420	428	-4	
424	428	3	
424	430	5	
422	430	3	
417	422	5	
480	484	5	
484	492	-4	
490	492	-4	
490	493	-3	
485	493	-1	
480	485	-5	
200	204	6	
201	204	-4	
201	265	-2	
265	270	-5	
264	270	-1	
200	264	-2	
384	391	-4	
387	391	4	
387	451	-2	
451	452	7	
448	452	4	
384	448	-4	
129	132	-5	
131	132	4	
131	133	5	
128	133	-4	
128	135	-4	
129	135	7	
242	245	3	
245	253	-5	
251	253	-6	
251	255	5	
247	255	-4	
242	247	4	
64	69	6	
65	69	6	
65	70	-4	
66	70	-8	
66	71	-3	
64	71	2	
400	405	4	
405	413	3	
408	413	-6	
408	415	4	
407	415	-5	
400	407	-5	
193	196	3	
194	196	5	
194	258	3	
258	261	-3	
257	261	5	
193	257	-3	
33	37	3	
34	37	-6	
34	38	2	
32	38	-4	
32	39	-6	
33	39	5	
57	62	4	
59	62	-5	
59	123	-4	
123	125	6	
121	125	-5	
57	121	2	
136	141	-4	
139	141	-6	
139	142	-6	
137	142	4	
137	143	-6	
136	143	6	
146	150	5	
150	158	-4	
153	158	-4	
153	159	-6	
151	159	4	
146	151	2	
18	20	5	
20	28	-2	
24	28	-3	
24	30	5	
22	30	2	
18	22	5	
457	460	4	
459	460	7	
459	462	3	
456	462	-3	
456	463	4	
457	463	4	
440	444	6	
443	444	-4	
443	507	3	
507	509	-2	
504	509	6	
440	504	-2	
289	293	4	
291	293	3	
291	355	4	
355	359	-6	
353	359	1	
289	353	2	
113	118	-5	
115	118	-5	
115	179	2	
179	181	4	
177	181	2	
113	177	-1	
377	380	-6	
379	380	5	
379	382	-5	
376	382	-5	
376	383	-6	
377	383	-5	
227	228	5	
228	236	-3	
232	236	4	
232	238	-5	
230	238	-4	
227	230	4	
328	335	-4	
330	335	-5	
330	394	3	
394	398	-3	
392	398	5	
328	392	-2	
288	294	-1	
294	302	3	
299	302	6	
299	303	-3	
295	303	3	
288	295	-7	
202	206	-5	
203	206	6	
203	267	-3	
267	268	3	
266	268	-5	
202	266	1	
280	284	4	
282	284	-4	
282	287	-3	
281	287	-4	
281	285	4	
280	285	-3	
49	52	-4	
51	52	7	
51	54	-4	
50	54	5	
50	55	7	
49	55	-2	
483	486	-7	
486	494	-2	
491	494	5	
491	495	-4	
487	495	-3	
483	487	-3	
352	356	-6	
354	356	3	
354	418	-2	
418	421	-5	
416	421	5	
352	416	-4	
336	340	-2	
338	340	7	
338	343	4	
339	343	3	
339	342	-3	
336	342	-4	
432	439	-5	
434	439	4	
434	498	-4	
498	503	4	
496	503	-3	
432	496	4	
208	212	3	
212	220	-5	
217	220	4	
217	223	-2	
215	223	4	
208	215	-4	
385	390	5	
386	390	-3	
386	450	2	
450	454	5	
449	454	5	
385	449	-2	
361	364	-7	
363	364	-6	
363	365	-4	
362	365	6	
362	367	-7	
361	367	4	
0	4	-4	
3	4	-8	
3	6	4	
2	6	-8	
2	5	4	
0	5	6	
184	189	-8	
185	189	1	
185	249	6	
249	254	-3	
248	254	-6	
184	248	4	
441	447	-4	
442	447	3	
442	506	5	
506	511	-5	
505	511	3	
441	505	4	
192	198	-6	
195	198	-4	
195	259	-3	
259	260	5	
256	260	-7	
192	256	-3	
19	21	-3	
21	29	-2	
27	29	5	
27	31	-4	
23	31	-2	
19	23	-6	
112	116	-3	
116	124	-6	
120	124	-6	
120	127	-4	
119	127	-7	
112	119	4	
83	84	6	
84	92	-2	
90	92	-2	
90	95	6	
87	95	2	
83	87	-3	
296	300	-4	
298	300	-2	
298	301	4	
297	301	4	
297	302	1	
296	302	-4	
320	324	5	
321	324	6	
321	327	-4	
322	327	-4	
322	326	-6	
320	326	-4	
35	36	-4	
36	44	3	
41	44	-6	
41	47	5	
39	47	3	
35	39	-2	
56	60	-4	
59	60	5	
59	61	-3	
58	61	6	
58	63	-3	
56	63	5	
241	244	3	
243	244	-3	
243	247	5	
240	247	-3	
240	246	6	
241	246	-4	
426	429	-5	
427	429	-4	
427	430	-3	
425	430	4	
425	431	-4	
426	431	-5	
89	93	-3	
93	101	3	
98	101	2	
98	102	-5	
94	102	-3	
89	94	6	
464	468	-4	
465	468	-2	
465	470	6	
467	470	6	
467	471	-2	
464	471	7	
344	350	4	
347	350	-4	
347	411	-2	
411	414	4	
408	414	4	
344	408	-1	
387	388	-5	
388	396	-6	
393	396	3	
393	397	-4	
389	397	7	
387	389	3	
497	500	3	
500	508	-4	
504	508	-4	
504	510	6	
502	510	3	
497	502	-5	
42	45	5	
45	53	2	
48	53	4	
48	55	3	
47	55	-2	
42	47	6	
8	13	-5	
9	13	-4	
9	73	2	
73	79	6	
72	79	4	
8	72	-4	
112	117	-3	
114	117	5	
114	178	-2	
178	183	3	
176	183	3	
112	176	-1	
152	156	-4	
154	156	-6	
154	218	2	
218	223	6	
216	223	2	
152	216	-2	
96	101	-4	
99	101	5	
99	163	-2	
163	167	4	
160	167	-6	
96	160	1	
195	197	-7	
197	205	4	
201	205	2	
201	207	-5	
199	207	-5	
195	199	3	
184	191	3	
186	191	-6	
186	250	-4	
250	252	5	
248	252	-5	
337	341	-4	
339	341	6	
339	403	3	
403	406	4	
401	406	-5	
337	401	4	
104	110	5	
105	110	-5	
105	169	1	
169	174	6	
168	174	-6	
104	168	-1	
449	453	5	
453	461	-3	
458	461	-6	
458	463	3	
455	463	-3	
449	455	-6	
283	284	4	
284	292	-3	
290	292	-5	
290	294	4	
286	294	-3	
283	286	-5	
66	68	3	
67	68	5	
67	131	1	
131	134	5	
130	134	-6	
66	130	1	
304	311	-3	
305	311	-5	
305	369	-3	
369	373	5	
368	373	6	
304	368	-2	
82	85	-5	
83	85	-4	
83	147	3	
147	149	-5	
146	149	6	
82	146	2	
261	269	-3	
265	269	3	
265	271	5	
263	271	3	
258	263	-5	
437	445	4	
442	445	-5	
442	446	2	
438	446	5	
435	438	3	
312	318	6	
314	318	-3	
314	378	-5	
378	383	5	
312	376	-3	
210	215	5	
211	215	-2	
211	275	3	
275	276	6	
274	276	-5	
210	274	-4	
475	476	-5	
476	484	4	
481	484	-3	
481	486	-6	
478	486	4	
475	478	4	
329	332	4	
330	332	5	
394	399	5	
393	399	-6	
329	393	1	
225	228	6	
234	236	6	
234	239	4	
225	231	-2	
25	28	-6	
26	28	4	
26	30	5	
27	30	4	
25	29	5	
344	348	-5	
348	356	3	
355	356	2	
351	359	-2	
344	351	4	
17	20	4	
16	22	-6	
16	21	-4	
17	21	4	
488	492	4	
489	492	-4	
489	495	-4	
490	495	3	
490	494	-5	
488	494	4	
418	420	-5	
419	420	-3	
419	483	6	
482	487	6	
418	482	6	
349	357	-3	
353	357	-3	
353	358	7	
350	358	2	
345	350	-4	
224	229	-3	
235	237	-3	
235	238	-5	
224	230	5	
204	212	-2	
209	212	-4	
209	213	-4	
205	213	3	
200	205	2	
0	6	5	
1	6	-5	
1	65	-4	
0	64	-5	
138	142	-2	
142	150	2	
144	150	-3	
144	151	5	
143	151	-1	
138	143	5	
121	124	-4	
121	126	-5	
123	126	-4	
123	127	-3	
432	436	3	
436	444	5	
443	447	5	
439	447	-6	
256	262	-4	
257	262	5	
257	321	2	
256	320	2	
392	396	4	
396	404	-1	
403	404	4	
398	406	2	
57	61	5	
58	62	5	
56	62	-3	
57	63	-5	
178	181	-5	
178	182	4	
179	182	2	
179	183	6	
177	183	5	
160	164	3	
161	167	3	
186	189	4	
187	189	-5	
187	191	-6	
185	191	3	
185	190	4	
186	190	-5	
80	84	-2	
82	84	5	
82	86	-2	
81	87	5	
80	87	-5	
34	36	-5	
35	99	4	
99	102	-6	
34	98	-4	
288	292	-4	
289	292	-3	
289	295	4	
290	295	-3	
290	293	-2	
288	293	-5	
171	174	3	
168	173	5	
10	13	-4	
11	15	-3	
8	14	-3	
307	308	3	
308	316	-3	
311	319	3	
307	311	3	
426	428	-3	
427	428	-5	
424	429	-3	
424	431	4	
268	276	2	
273	276	4	
270	278	-3	
266	270	-4	
242	244	-7	
244	252	-3	
251	252	-3	
114	116	-6	
115	116	1	
113	117	3	
130	135	-2	
130	194	-3	
129	193	-3	
448	453	-4	
457	461	-5	
457	462	-5	
454	462	2	
448	454	-4	
105	108	-4	
106	109	-4	
107	111	-3	
105	111	-6	
48	52	-4	
51	53	-4	
49	53	5	
49	54	4	
48	54	3	
499	502	-6	
507	510	-5	
507	511	-5	
503	511	-5	
499	503	-2	
331	332	3	
332	340	-2	
338	342	4	
334	342	-2	
305	309	5	
306	370	-2	
369	375	-5	
264	269	4	
269	277	3	
275	277	-3	
275	279	-2	
271	279	-4	
264	271	5	
219	220	2	
219	283	4	
283	287	5	
217	281	5	
298	303	-4	
299	363	3	
363	367	5	
298	362	-5	
42	44	-3	
42	46	-4	
43	45	-5	
41	45	4	
385	388	-3	
386	388	3	
386	391	4	
384	390	-5	
409	415	-4	
411	415	-4	
411	475	-4	
475	479	3	
409	473	-6	
24	31	-4	
26	31	-5	
26	90	1	
88	95	-4	
24	88	6	
496	500	4	
505	508	4	
505	509	6	
501	509	-4	
496	501	6	
147	148	5	
148	156	-3	
155	156	2	
149	157	-3	
75	76	4	
75	139	4	
138	141	-6	
74	138	3	
466	468	4	
467	468	7	
464	470	-2	
466	471	-6	
33	38	5	
33	97	-5	
96	103	-6	
32	96	5	
198	206	4	
203	207	3	
192	199	4	
216	222	-7	
218	222	4	
218	282	4	
282	285	5	
216	280	-3	
328	333	4	
327	335	4	
323	327	3	
372	380	3	
377	382	3	
374	382	4	
371	374	-6	
410	413	5	
413	421	-3	
419	421	5	
419	422	5	
414	422	2	
410	414	4	
67	70	-2	
70	78	3	
73	78	2	
71	79	-4	
67	71	-7	
394	397	3	
397	405	-3	
402	405	5	
402	407	2	
399	407	-2	
89	92	-7	
91	92	-3	
155	159	5	
89	153	1	
233	238	-3	
233	297	-3	
296	301	-5	
232	296	4	
434	436	-2	
440	446	4	
434	438	6	
472	476	6	
477	485	-4	
337	340	-4	
340	348	2	
346	348	4	
346	351	-4	
343	351	2	
337	343	-3	
2	4	-4	
1	5	-7	
452	460	2	
459	463	6	
451	455	4	
356	364	-2	
361	365	-5	
357	365	2	
354	357	5	
246	254	-4	
250	254	-4	
250	255	-4	
491	492	-3	
491	493	-5	
489	493	-5	
488	495	-3	
315	318	4	
315	379	-4	
376	380	-3	
210	213	-3	
208	214	-3	
209	214	3	
259	263	2	
258	262	5	
19	22	-3	
17	22	2	
17	23	6	
16	23	4	
128	132	-7	
129	133	-2	
130	133	-4	
128	134	2	
352	358	5	
353	417	-3	
416	422	-3	
272	276	1	
275	339	-2	
336	341	-5	
272	336	-2	
227	291	2	
291	292	4	
224	288	3	
170	175	-4	
171	235	3	
235	236	-2	
170	234	5	
441	445	-3	
506	509	-2	
154	157	-4	
157	165	4	
160	165	-2	
160	166	-4	
158	166	2	
154	158	3	
73	77	-4	
73	137	3	
136	142	-4	
72	136	2	
177	180	4	
179	180	-3	
179	243	-5	
243	246	2	
177	241	5	
220	228	2	
225	229	3	
221	229	-2	
117	125	-4	
121	127	-6	
114	119	-2	
267	270	6	
267	331	4	
331	335	4	
329	335	-2	
265	329	-3	
92	100	4	
99	100	-3	
40	47	4	
41	105	3	
185	188	6	
187	251	-2	
249	255	4	
481	485	-3	
195	196	-2	
196	204	-5	
202	204	3	
202	205	4	
461	469	2	
462	470	-1	
458	462	-6	
309	317	3	
312	317	-4	
310	318	3	
306	310	-5	
28	36	3	
29	37	3	
369	433	2	
432	437	3	
368	432	2	
281	286	3	
283	347	1	
347	351	-4	
345	351	-4	
281	345	1	
321	326	-3	
322	386	-3	
386	389	-5	
385	389	-5	
321	385	2	
50	52	3	
52	60	-3	
59	63	3	
55	63	4	
400	404	-3	
404	412	-3	
80	85	3	
81	85	3	
145	151	4	
498	500	-5	
499	500	3	
498	501	-4	
425	428	-2	
427	431	-5	
426	430	-4	
450	453	3	
451	454	-4	
448	455	4	
68	76	2	
75	79	3	
297	300	6	
300	308	2	
303	311	3	
297	303	-4	
9	12	-4	
10	14	-4	
315	316	5	
378	382	3	
481	487	-3	
417	481	5	
113	116	-4	
120	126	-4	
118	126	5	
162	167	3	
162	226	-2	
161	225	-3	
392	399	-2	
393	457	-2	
456	460	5	
392	456	4	
403	405	4	
403	467	3	
280	287	4	
282	346	1	
346	350	5	
280	344	1	
146	148	-5	
266	269	5	
266	271	3	
200	206	-2	
264	268	-5	
27	91	3	
91	95	5	
193	197	4	
194	197	2	
194	198	3	
193	199	-4	
362	364	-2	
249	252	4	
249	253	-3	
250	253	-2	
330	334	-4	
328	334	-3	
329	333	-5	
411	412	4	
35	37	-4	
37	45	2	
38	46	-2	
35	38	-4	
4	12	2	
8	12	-2	
5	13	2	
3	5	3	
169	172	-3	
172	180	-4	
178	180	-3	
173	181	2	
371	435	1	
370	434	-1	
65	68	4	
66	69	-3	
64	70	3	
293	301	-3	
298	302	-5	
291	294	-5	
152	158	4	
153	217	-2	
217	222	-2	
133	141	-3	
135	143	3	
131	135	-4	
53	61	-2	
54	62	3	
425	429	3	
425	489	-5	
488	493	4	
424	488	5	
320	325	4	
323	387	-5	
384	388	3	
320	384	-2	
352	357	-3	
355	357	4	
354	359	-5	
354	358	3	
440	445	3	
443	445	3	
441	446	-5	
336	343	-5	
400	406	-4	
336	400	2	
98	100	-3	
107	108	3	
101	109	4	
506	508	-3	
507	508	-5	
504	511	2	
506	510	5	
232	237	-3	
235	299	3	
299	300	5	
210	212	-4	
209	273	4	
183	191	-2	
241	245	-5	
243	245	4	
243	307	1	
305	310	-3	
241	305	2	
156	164	4	
314	319	3	
313	377	-4	
259	261	-5	
257	263	6	
256	263	4	
474	476	-1	
474	479	-4	
472	478	-3	
16	20	-3	
85	93	2	
90	93	3	
90	94	5	
86	94	2	
83	86	-2	
106	110	3	
110	118	-1	
115	119	4	
111	119	1	
483	485	-3	
416	480	-5	
138	202	4	
202	207	-3	
137	201	-5	
347	348	2	
347	349	5	
341	349	-1	
338	341	3	
224	231	5	
226	290	-2	
494	502	-2	
498	502	3	
495	503	-1	
120	125	5	
123	187	1	
120	184	-1	
392	397	-3	
390	398	-6	
169	233	2	
232	239	2	
168	232	2	
460	468	-1	
464	469	5	
456	461	-4	
141	149	1	
145	149	-3	
145	150	3	
44	52	1	
46	54	1	
322	324	4	
281	284	-3	
283	285	-3	
280	286	-5	
78	86	4	
79	87	4	
74	79	-1	
450	452	5	
240	244	-3	
242	306	-1	
240	304	2	
24	29	2	
26	29	-3	
25	30	3	
25	31	-4	
57	60	4	
433	436	-5	
433	438	-4	
129	134	-3	
369	372	-3	
371	373	-4	
394	396	4	
391	399	5	
155	219	2	
217	221	5	
40	45	2	
50	53	-3	
289	294	-4	
225	289	-3	
235	239	4	
473	476	2	
482	484	3	
479	487	-2	
492	500	-1	
493	501	2	
147	211	2	
208	213	5	
144	208	-2	
267	269	-2	
262	270	1	
184	188	4	
11	13	-3	
11	75	3	
115	117	-5	
18	21	5	
18	82	-5	
82	87	-1	
17	81	-2	
379	383	-3	
359	367	2	
96	100	3	
95	103	-2	
406	414	1	
402	406	4	
163	227	1	
227	229	-3	
160	224	2	
240	245	3	
505	510	3	
64	68	-4	
65	71	-4	
384	389	-2	
393	398	4	
201	206	-2	
200	207	-4	
403	407	4	
273	277	-3	
274	279	3	
272	278	-4	
416	420	-3	
177	182	3	
192	196	-3	
193	198	-3	
465	471	-4	
12	20	-2	
19	20	-4	
15	23	-2	
107	110	4	
266	330	2	
264	328	-3	
344	349	-3	
426	490	3	
489	494	-2	
435	436	-4	
88	94	-2	
90	154	-3	
97	102	3	
98	162	3	
161	164	-2	
97	161	2	
324	332	4	
285	293	3	
287	295	3	
313	318	2	
417	421	3	
146	210	2	
145	209	-2	
370	372	-3	
40	44	-4	
43	44	-3	
130	132	-4	
257	260	-1	
258	260	4	
259	262	5	
353	356	-4	
352	359	4	
58	60	4	
56	61	-4	
73	76	3	
76	84	-3	
77	85	3	
27	28	-2	
165	173	-2	
166	174	-3	
236	244	3	
238	246	2	
234	238	1	
449	452	2	
216	220	5	
218	221	-2	
216	221	-1	
409	413	-1	
410	474	-4	
473	477	3	
363	427	2	
361	425	-2	
49	113	-5	
113	119	-2	
48	112	6	
181	189	2	
248	253	-2	
443	446	-2	
433	439	3	
10	74	3	
265	268	-2	
282	286	3	
2	66	4	
226	230	4	
337	342	4	
342	350	1	
301	309	2	
296	303	-3	
139	203	-3	
203	205	5	
482	485	4	
32	36	-3	
32	37	-2	
497	503	-5	
468	476	2	
470	478	3	
458	460	3	
51	55	2	
312	316	2	
175	183	-1	
427	491	3	
401	405	-1	
370	373	-4	
136	200	4	
3	67	-3	
435	439	-2	
496	502	-3	
475	477	4	
408	472	-4	
329	334	-3	
41	46	2	
155	158	3	
159	167	-2	
355	358	-3	
274	338	1	
273	337	-1	
207	215	-2	
234	237	-4	
226	228	-2	
227	231	5	
164	172	1	
467	469	4	
241	247	-1	
128	192	3	
104	108	-3	
105	109	1	
211	212	-4	
345	348	4	
385	391	3	
176	181	5	
176	240	-3	
275	278	-4	
256	261	2	
441	444	-2	
428	436	1	
429	437	-2	
153	156	-3	
147	151	-4	
69	77	3	
74	77	2	
410	415	-3	
134	142	2	
186	188	-3	
364	372	3	
368	375	2	
367	375	2	
219	223	-4	
313	317	-3	
304	309	-2	
171	173	-3	
168	175	-4	
170	174	-3	
322	325	-3	
91	94	2	
89	95	-1	
50	114	2	
114	118	3	
112	118	-3	
43	47	-2	
378	380	3	
290	354	2	
194	199	-4	
162	165	-3	
225	230	-3	
434	437	3	
208	272	3	
30	38	-1	
97	101	-2	
144	149	-2	
51	115	3	
459	461	2	
369	374	2	
8	15	4	
239	247	-3	
56	120	-2	
131	195	1	
451	453	-3	
450	455	-3	
466	470	2	
323	324	-1	
320	327	-3	
42	106	-2	
432	438	3	
251	254	3	
251	315	-1	
312	319	3	
248	312	-2	
34	39	-3	
31	39	1	
168	172	-2	
19	83	-2	
379	443	-3	
442	444	3	
378	442	2	
412	420	3	
409	414	3	
96	102	-1	
209	215	3	
206	214	1	
218	220	-2	
223	231	2	
401	407	2	
400	464	-2	
328	332	2	
305	308	2	
306	311	-3	
13	21	-2	
14	22	-2	
377	441	2	
376	440	-3	
147	150	-3	
72	78	3	
297	361	2	
307	371	1	
1	4	4	
480	487	3	
480	486	-2	
339	340	3	
338	402	-1	
67	69	2	
167	175	-2	
321	325	3	
123	124	-4	
292	300	1	
154	159	2	
81	84	2	
411	413	2	
98	103	-3	
104	111	-3	
242	246	2	
365	373	-3	
335	343	1	
33	36	2	
299	301	-2	
394	458	-2	
483	484	-1	
25	89	-2	
88	92	-2	
267	271	-2	
102	110	-2	
153	157	-2	
408	412	-3	
16	80	3	
178	242	-3	
260	268	-3	
250	314	1	
430	438	1	
137	141	2	
440	447	2	
224	228	2	
418	422	2	
139	143	-1	
276	284	-2	
278	286	1	
248	255	-1	
163	166	2	
375	383	1	
277	285	2	
279	287	1	
233	236	-2	
192	197	1	
421	429	-1	
387	390	1	
152	159	-1	
210	214	2	
471	479	-1	
482	486	1	
174	182	-1	
333	341	1	
330	333	1	
355	419	-1	
302	310	1	
Energy:	-3774	
