NumberOfQubits	504	
NumberOfSubgraphs	756	
Serial	218	
PlantedSolution:	
0	1	
1	1	
2	-1	
3	1	
4	-1	
5	1	
6	1	
8	-1	
9	1	
10	1	
11	1	
12	-1	
13	-1	
14	-1	
15	-1	
16	1	
17	-1	
18	-1	
19	1	
20	-1	
21	1	
22	-1	
23	1	
24	1	
25	1	
26	1	
27	1	
28	-1	
29	1	
30	1	
31	-1	
32	-1	
33	-1	
34	-1	
35	-1	
36	1	
37	1	
38	1	
39	1	
40	-1	
41	-1	
42	1	
43	1	
44	1	
45	1	
46	-1	
47	-1	
48	-1	
49	-1	
50	1	
51	1	
52	1	
53	1	
54	1	
55	1	
56	1	
57	-1	
58	1	
59	-1	
60	-1	
61	-1	
62	-1	
63	1	
64	1	
65	-1	
66	-1	
67	-1	
68	1	
69	-1	
70	1	
71	1	
72	1	
73	-1	
74	-1	
75	-1	
76	1	
77	-1	
78	-1	
79	1	
80	-1	
81	-1	
82	1	
83	-1	
84	1	
85	-1	
86	-1	
87	-1	
88	-1	
89	-1	
90	-1	
91	1	
92	-1	
93	-1	
94	-1	
95	1	
96	-1	
97	-1	
98	-1	
99	-1	
100	-1	
101	1	
102	1	
103	-1	
104	-1	
105	1	
106	-1	
107	1	
108	1	
109	-1	
110	1	
111	-1	
112	1	
113	1	
114	-1	
115	1	
116	1	
117	1	
118	1	
119	-1	
120	-1	
121	-1	
123	-1	
124	1	
125	-1	
126	-1	
127	1	
128	-1	
129	-1	
130	1	
131	1	
132	1	
133	1	
134	-1	
135	-1	
136	-1	
137	1	
138	-1	
139	-1	
141	1	
142	-1	
143	-1	
144	-1	
145	1	
146	1	
147	-1	
148	-1	
149	-1	
150	-1	
151	1	
152	1	
153	-1	
154	1	
155	-1	
156	-1	
157	1	
158	1	
159	-1	
160	-1	
161	-1	
162	1	
163	-1	
164	-1	
165	1	
166	1	
167	1	
168	-1	
169	1	
170	-1	
171	-1	
172	-1	
173	-1	
174	1	
175	1	
176	-1	
177	-1	
178	1	
179	-1	
180	1	
181	1	
182	-1	
183	1	
184	-1	
185	1	
186	-1	
187	1	
188	1	
189	1	
190	-1	
191	-1	
192	1	
193	1	
194	1	
195	-1	
196	-1	
197	-1	
198	-1	
199	-1	
200	-1	
201	1	
202	1	
203	1	
204	-1	
205	-1	
206	-1	
207	-1	
208	1	
209	-1	
210	1	
211	1	
212	-1	
213	-1	
214	-1	
215	1	
216	-1	
217	-1	
218	-1	
219	1	
220	-1	
221	-1	
222	-1	
223	-1	
224	-1	
225	1	
226	1	
227	-1	
228	-1	
229	1	
230	-1	
231	-1	
232	-1	
233	1	
234	1	
235	-1	
236	1	
237	1	
238	-1	
239	1	
240	1	
241	-1	
242	-1	
243	-1	
244	-1	
245	1	
246	-1	
247	-1	
248	1	
249	1	
250	1	
251	1	
252	1	
253	-1	
254	1	
255	1	
256	-1	
257	1	
258	-1	
259	-1	
260	1	
261	1	
262	1	
263	-1	
264	-1	
265	-1	
266	1	
267	1	
268	1	
269	-1	
270	-1	
271	1	
272	1	
273	-1	
274	1	
275	-1	
276	-1	
277	-1	
278	1	
279	-1	
280	-1	
281	1	
282	1	
283	1	
284	-1	
285	-1	
286	1	
287	1	
288	-1	
289	-1	
290	-1	
291	-1	
292	-1	
293	-1	
294	-1	
295	-1	
296	1	
297	1	
298	-1	
299	1	
300	-1	
301	-1	
302	-1	
303	-1	
304	1	
305	-1	
306	1	
307	1	
308	-1	
309	1	
310	-1	
311	-1	
312	1	
313	-1	
314	-1	
315	-1	
316	-1	
317	-1	
318	-1	
319	1	
320	-1	
321	1	
322	-1	
323	1	
324	-1	
325	-1	
326	1	
327	-1	
328	-1	
329	1	
330	-1	
331	-1	
332	1	
333	-1	
334	-1	
335	1	
336	1	
337	1	
338	-1	
339	-1	
340	-1	
341	-1	
342	1	
343	-1	
344	-1	
345	1	
346	-1	
347	1	
348	-1	
349	-1	
350	-1	
351	-1	
352	1	
353	1	
354	1	
355	1	
356	-1	
357	1	
358	1	
359	1	
361	1	
362	-1	
363	1	
364	-1	
365	1	
367	-1	
368	-1	
369	1	
370	-1	
371	1	
372	-1	
373	1	
374	-1	
375	1	
376	1	
377	1	
378	-1	
379	1	
380	-1	
382	-1	
383	1	
384	1	
385	-1	
386	1	
387	1	
388	-1	
389	1	
390	-1	
391	-1	
392	-1	
393	-1	
394	1	
396	1	
397	1	
398	1	
399	-1	
400	1	
401	1	
402	-1	
403	1	
404	-1	
405	-1	
406	1	
407	-1	
408	-1	
409	-1	
410	-1	
411	-1	
412	1	
413	-1	
414	1	
415	1	
416	-1	
417	1	
418	1	
419	-1	
420	1	
421	-1	
422	-1	
424	-1	
425	1	
426	1	
427	-1	
428	-1	
429	-1	
430	1	
431	1	
432	-1	
433	1	
434	1	
435	1	
436	-1	
437	-1	
438	1	
439	-1	
440	1	
441	-1	
442	-1	
443	1	
444	1	
445	1	
446	1	
447	-1	
448	-1	
449	1	
450	1	
451	-1	
452	-1	
453	1	
454	-1	
455	1	
456	1	
457	1	
458	1	
459	-1	
460	1	
461	-1	
462	-1	
463	-1	
464	-1	
465	-1	
466	-1	
467	1	
468	-1	
469	1	
470	-1	
471	1	
472	1	
473	1	
474	1	
475	1	
476	-1	
477	-1	
478	-1	
479	1	
480	-1	
481	-1	
482	-1	
483	1	
484	1	
485	1	
486	1	
487	1	
488	-1	
489	-1	
490	1	
491	1	
492	-1	
493	-1	
494	-1	
495	-1	
496	-1	
497	1	
498	1	
499	1	
500	1	
501	-1	
502	-1	
503	-1	
504	-1	
505	-1	
506	1	
507	-1	
508	1	
509	1	
510	-1	
511	-1	
Js:	
496	500	4	
498	500	-4	
498	501	3	
499	501	5	
499	502	-3	
496	502	-2	
402	404	-2	
404	412	3	
411	412	5	
411	414	-3	
406	414	-3	
402	406	3	
248	255	-2	
250	255	-7	
250	314	2	
314	319	-2	
312	319	-5	
248	312	-1	
33	36	4	
34	36	4	
34	98	-5	
98	100	-3	
97	100	-5	
33	97	2	
482	484	4	
483	484	-3	
483	486	-4	
480	486	-4	
480	487	5	
482	487	6	
240	247	-6	
241	247	-4	
241	305	-2	
305	309	3	
304	309	-5	
240	304	-5	
265	269	-5	
267	269	-3	
267	271	-2	
266	271	-3	
266	270	3	
265	270	-4	
83	86	-4	
86	94	-2	
90	94	3	
90	95	7	
87	95	3	
83	87	-4	
273	276	-4	
274	276	5	
274	338	5	
338	341	-3	
337	341	3	
273	337	-3	
193	197	4	
197	205	-5	
202	205	3	
202	207	2	
199	207	-3	
193	199	-3	
459	461	-3	
461	469	-1	
465	469	6	
465	470	-4	
462	470	-1	
459	462	-6	
426	428	3	
427	428	-3	
427	491	3	
491	493	6	
490	493	5	
426	490	2	
16	22	2	
22	30	3	
26	30	-3	
26	31	4	
23	31	3	
16	23	4	
72	77	4	
73	77	-3	
73	137	4	
137	141	-2	
136	141	5	
72	136	-2	
152	157	-3	
153	157	-5	
153	217	-2	
217	222	-6	
216	222	-2	
152	216	4	
280	287	3	
283	287	-4	
283	347	-5	
347	349	4	
344	349	-3	
280	344	-4	
49	52	5	
51	52	-4	
51	53	-5	
48	53	-5	
48	54	4	
49	54	4	
473	476	5	
475	476	3	
475	479	-5	
474	479	-3	
474	478	7	
473	478	4	
192	198	6	
194	198	-2	
194	258	3	
258	261	7	
256	261	5	
192	256	2	
162	164	-3	
163	164	-2	
163	227	-3	
227	229	4	
226	229	-2	
162	226	-2	
368	373	5	
369	373	-3	
369	433	-3	
433	437	4	
432	437	-4	
368	432	2	
386	390	-2	
390	398	5	
394	398	-4	
394	399	4	
391	399	-5	
386	391	3	
297	301	3	
298	301	-6	
298	302	-3	
299	302	-3	
299	303	4	
297	303	3	
115	117	2	
117	125	5	
120	125	-4	
120	126	-6	
118	126	5	
115	118	-2	
440	445	-4	
441	445	5	
441	505	-1	
505	508	8	
504	508	3	
440	504	-2	
168	174	6	
169	174	4	
169	233	-3	
233	237	-2	
232	237	6	
168	232	-3	
96	101	4	
101	109	3	
107	109	-3	
107	111	6	
103	111	-3	
96	103	-6	
9	12	6	
11	12	-2	
11	15	6	
8	15	-4	
8	13	-6	
9	13	3	
290	292	-5	
291	292	-4	
291	295	-2	
288	295	-5	
288	293	-3	
290	293	3	
64	68	-3	
67	68	3	
67	69	4	
66	69	-5	
66	70	4	
64	70	-5	
144	149	-5	
147	149	-4	
147	150	-4	
146	150	4	
146	151	-4	
144	151	2	
208	213	6	
210	213	4	
210	214	5	
209	214	-3	
209	215	5	
208	215	-5	
345	348	4	
348	356	-3	
355	356	6	
355	358	4	
350	358	4	
345	350	6	
378	380	-4	
379	380	6	
379	382	6	
377	382	-4	
377	383	-5	
378	383	5	
384	389	-6	
385	389	3	
385	449	3	
449	454	6	
448	454	3	
384	448	3	
161	165	3	
165	173	4	
171	173	4	
171	175	5	
167	175	-3	
161	167	3	
322	324	-6	
323	324	3	
323	327	-5	
321	327	6	
321	326	-5	
322	326	4	
32	37	4	
37	45	-2	
43	45	3	
43	46	4	
38	46	2	
32	38	5	
178	182	5	
182	190	-4	
184	190	-5	
184	191	-5	
183	191	4	
178	183	-3	
242	244	-6	
243	244	-3	
243	307	5	
307	311	4	
306	311	4	
242	306	2	
129	132	5	
130	132	-5	
130	135	5	
131	135	4	
131	134	-4	
129	134	-4	
272	277	4	
275	277	4	
275	339	-3	
339	340	-3	
336	340	4	
272	336	-3	
442	444	4	
443	444	-4	
443	507	2	
507	509	5	
506	509	-5	
442	506	-1	
330	332	5	
331	332	6	
331	334	-5	
328	334	-5	
328	333	-5	
330	333	-5	
418	420	-5	
419	420	5	
419	422	-4	
417	422	5	
417	421	4	
418	421	2	
56	60	5	
58	60	4	
58	63	-5	
59	63	6	
59	61	-4	
56	61	4	
456	460	-6	
460	468	-1	
466	468	-5	
466	471	4	
463	471	1	
456	463	4	
24	29	-3	
25	29	-4	
25	89	3	
89	92	-6	
88	92	3	
24	88	6	
17	21	4	
18	21	4	
18	82	5	
82	84	1	
81	84	4	
17	81	-6	
0	4	5	
3	4	4	
3	5	-5	
2	5	5	
2	6	5	
0	6	2	
361	364	5	
364	372	-6	
370	372	-2	
370	375	-1	
367	375	5	
361	367	3	
224	228	-3	
228	236	4	
235	236	3	
235	238	-4	
230	238	-4	
224	230	-4	
40	44	-4	
42	44	-3	
42	106	4	
106	108	5	
104	108	3	
40	104	-3	
401	405	5	
405	413	-3	
410	413	-5	
410	415	5	
407	415	3	
401	407	-3	
112	119	3	
113	119	2	
113	177	4	
177	181	4	
176	181	4	
112	176	4	
154	159	5	
155	159	-3	
155	219	4	
219	220	4	
218	220	-5	
154	218	2	
74	79	3	
75	79	3	
75	139	-3	
139	142	-6	
138	142	-4	
74	138	-3	
249	252	-5	
251	252	-3	
251	315	-1	
315	316	-5	
313	316	-4	
249	313	2	
424	431	4	
425	431	3	
425	489	2	
489	494	-6	
488	494	-4	
424	488	-3	
121	127	5	
123	127	4	
123	187	-1	
187	189	-6	
185	189	-3	
121	185	1	
256	260	4	
259	260	6	
259	263	-3	
257	263	5	
257	262	-6	
256	262	4	
200	204	-5	
201	204	-2	
201	207	3	
203	207	7	
203	206	3	
200	206	-2	
434	438	-1	
438	446	5	
443	446	-4	
443	447	4	
439	447	-4	
434	439	1	
448	452	-5	
451	452	-5	
451	453	4	
450	453	-5	
450	455	-4	
448	455	5	
282	284	4	
283	284	4	
283	285	3	
281	285	2	
281	286	6	
282	286	-4	
354	357	-6	
357	365	-1	
362	365	4	
362	367	5	
359	367	1	
354	359	-5	
328	335	4	
329	335	-4	
329	393	1	
393	397	5	
392	397	5	
328	392	1	
16	20	6	
19	20	5	
19	83	4	
83	85	-2	
80	85	-6	
16	80	-3	
400	407	4	
403	407	3	
403	467	-5	
467	468	3	
464	468	-5	
400	464	-4	
320	325	-4	
323	325	3	
323	387	-3	
387	388	4	
384	388	3	
320	384	2	
288	294	-3	
289	294	-5	
289	353	3	
353	356	4	
352	356	3	
288	352	2	
243	245	3	
245	253	5	
251	253	3	
251	254	-6	
246	254	5	
243	246	4	
472	476	4	
476	484	-1	
481	484	3	
481	485	6	
477	485	2	
472	477	3	
179	180	2	
180	188	-5	
186	188	6	
186	189	-3	
181	189	-5	
179	181	4	
145	148	3	
147	148	-4	
147	211	3	
211	212	4	
209	212	-5	
145	209	3	
296	300	5	
300	308	3	
304	308	1	
304	310	4	
302	310	-2	
296	302	5	
217	221	-1	
221	229	2	
225	229	-4	
225	231	2	
223	231	-4	
217	223	3	
41	44	-4	
44	52	-2	
50	52	-4	
50	55	-5	
47	55	4	
41	47	-3	
96	102	2	
99	102	4	
99	163	-3	
163	166	4	
160	166	4	
96	160	1	
105	108	-5	
108	116	-1	
114	116	2	
114	118	4	
110	118	-2	
105	110	2	
128	133	5	
131	133	-4	
131	195	2	
195	196	-6	
192	196	-3	
128	192	2	
497	502	5	
502	510	3	
506	510	4	
506	511	4	
503	511	-2	
497	503	2	
169	172	6	
170	172	-4	
170	234	5	
234	239	-5	
233	239	3	
370	374	-6	
371	374	4	
371	435	-5	
435	436	6	
434	436	4	
370	434	4	
337	342	-4	
342	350	3	
346	350	-3	
346	351	-3	
343	351	-3	
337	343	-2	
24	28	4	
27	28	4	
27	91	5	
91	93	4	
88	93	-4	
65	70	3	
70	78	3	
75	78	4	
71	79	-4	
65	71	3	
264	270	-4	
270	278	2	
273	278	2	
273	279	4	
271	279	3	
264	271	5	
1	4	-3	
4	12	-2	
10	12	3	
10	14	3	
6	14	1	
1	6	-7	
416	421	-3	
421	429	-2	
426	429	-4	
426	430	-4	
422	430	1	
416	422	-4	
393	396	4	
394	396	-5	
394	458	-2	
458	462	5	
457	462	-5	
393	457	2	
56	62	5	
57	62	-4	
57	121	1	
121	124	5	
120	124	3	
56	120	2	
408	413	-3	
409	413	-2	
409	473	5	
473	479	-2	
472	479	3	
408	472	6	
153	156	-4	
155	156	-5	
155	158	3	
152	158	-3	
488	492	-4	
492	500	-1	
499	500	-3	
499	503	4	
495	503	-2	
488	495	-4	
35	36	5	
35	39	3	
32	39	3	
33	38	-3	
312	317	3	
314	317	4	
314	378	-5	
378	382	-2	
376	382	4	
312	376	-4	
73	76	4	
74	76	2	
138	143	-4	
137	143	6	
306	310	-3	
310	318	-5	
315	318	-3	
315	319	4	
311	319	5	
200	205	-3	
203	205	2	
203	267	-2	
267	268	5	
264	268	3	
200	264	-2	
361	365	-4	
363	365	-6	
363	427	3	
427	431	3	
361	425	-3	
80	84	3	
81	86	3	
82	86	6	
82	85	4	
133	141	5	
139	141	5	
134	142	-4	
128	134	-4	
226	228	3	
226	230	4	
299	300	3	
307	308	3	
307	309	-3	
301	309	2	
299	301	2	
452	460	2	
456	461	4	
453	461	3	
40	45	5	
42	45	-3	
42	47	5	
41	46	-5	
40	46	-5	
274	277	2	
275	278	5	
272	278	-4	
272	279	3	
274	279	4	
51	54	-2	
50	54	-5	
48	55	2	
91	94	4	
94	102	4	
98	102	3	
98	103	-3	
95	103	-1	
91	95	-2	
112	116	-4	
115	116	-5	
115	179	2	
179	183	5	
176	183	3	
505	509	4	
507	511	-5	
504	511	4	
432	438	3	
440	446	-3	
440	447	4	
432	439	-5	
11	14	5	
14	22	-3	
17	22	-3	
17	23	5	
15	23	-3	
419	483	2	
483	487	-3	
418	482	3	
213	221	-3	
216	221	-5	
216	223	-4	
215	223	2	
474	477	3	
481	486	3	
478	486	-2	
161	166	-2	
161	225	5	
224	231	-3	
160	224	-4	
257	261	-3	
259	261	2	
258	263	3	
258	262	3	
385	388	-4	
387	391	4	
386	389	5	
193	196	3	
196	204	-4	
202	204	4	
202	206	4	
198	206	-4	
193	198	5	
369	374	4	
433	436	-2	
150	158	2	
154	158	-4	
151	159	3	
105	109	4	
109	117	2	
114	117	3	
114	119	5	
111	119	-1	
105	111	4	
280	284	-2	
281	284	4	
281	345	-3	
345	351	-1	
344	351	-5	
355	357	-2	
353	358	-5	
353	359	-3	
177	180	1	
178	180	4	
178	242	3	
242	246	-3	
241	246	-3	
177	241	-4	
289	293	-3	
291	293	3	
291	294	-6	
290	294	-1	
290	295	-4	
289	295	-4	
333	341	-2	
339	341	-4	
339	342	5	
334	342	2	
330	334	2	
401	404	-3	
403	404	4	
403	405	1	
402	405	-4	
401	406	-3	
26	29	-6	
29	37	2	
35	37	3	
31	39	4	
409	412	4	
410	412	2	
410	414	4	
408	414	4	
408	415	-3	
409	415	4	
170	173	-4	
168	175	6	
170	174	3	
185	191	-5	
185	249	-4	
248	252	-5	
184	248	4	
320	324	3	
322	325	-3	
321	325	3	
320	326	4	
65	68	2	
66	68	3	
66	130	-1	
65	129	-2	
332	340	-1	
338	340	-4	
338	343	-4	
335	343	1	
331	335	3	
57	60	6	
59	62	-4	
210	212	3	
212	220	2	
219	222	4	
214	222	-3	
489	492	-3	
491	492	-4	
490	494	3	
464	469	3	
466	470	-4	
464	471	3	
368	372	4	
372	380	-2	
379	383	-3	
375	383	-2	
368	375	3	
0	5	-6	
3	67	4	
67	71	5	
64	71	3	
0	64	-5	
237	245	-1	
240	245	-3	
239	247	1	
232	239	4	
92	100	-3	
97	101	-3	
93	101	2	
89	93	-3	
20	28	-3	
25	28	4	
21	29	-3	
19	21	-3	
450	454	-3	
454	462	-1	
459	463	-4	
455	463	2	
10	13	4	
10	74	5	
74	77	3	
8	72	3	
282	287	-3	
347	348	3	
346	348	-4	
282	346	4	
187	188	-2	
187	251	-4	
250	254	-3	
186	250	4	
298	303	-5	
298	362	-2	
362	364	-5	
297	361	3	
113	117	-5	
123	125	-2	
123	126	-6	
113	118	-3	
160	164	-4	
163	165	4	
162	165	-2	
162	167	-6	
160	167	-2	
394	397	-3	
392	399	3	
393	399	-4	
141	149	-2	
145	149	3	
145	151	-5	
143	151	1	
136	143	-3	
265	268	4	
266	268	-2	
266	269	4	
267	270	3	
425	428	5	
427	430	4	
424	430	5	
424	429	2	
425	429	4	
104	109	-4	
106	109	-2	
106	111	-2	
107	110	-4	
104	110	5	
496	501	-5	
497	501	4	
498	502	4	
498	503	3	
496	503	-5	
194	199	6	
195	199	3	
195	259	-2	
258	260	3	
441	444	-4	
442	445	5	
441	447	-3	
314	318	-3	
313	317	-6	
416	420	4	
417	420	-3	
417	481	3	
481	487	-1	
416	480	-4	
27	30	-6	
90	93	-3	
26	90	4	
2	66	4	
65	69	-3	
1	65	5	
144	148	-3	
148	156	-3	
149	157	2	
34	38	4	
35	38	4	
35	99	-3	
99	101	3	
98	101	-3	
400	404	3	
411	415	3	
457	460	3	
458	460	-3	
458	463	5	
457	461	4	
192	197	-2	
201	205	4	
201	206	4	
218	221	4	
218	282	3	
282	285	2	
280	285	-6	
216	280	-1	
18	20	-3	
82	87	3	
80	87	-4	
275	276	-2	
276	284	-3	
278	286	-3	
45	53	-1	
49	53	2	
49	55	3	
43	47	6	
172	180	3	
176	180	5	
176	182	2	
174	182	2	
244	252	4	
248	253	4	
242	245	3	
288	292	-3	
289	292	-2	
352	358	3	
387	390	3	
385	390	-6	
321	385	2	
305	308	-5	
305	310	-2	
68	76	5	
72	76	-4	
72	78	3	
370	373	3	
371	373	-4	
435	437	3	
434	437	-4	
313	377	-1	
377	380	4	
376	380	4	
227	228	-3	
234	236	-2	
234	237	1	
229	237	-4	
336	341	-3	
341	349	-3	
336	343	4	
123	124	-4	
120	127	3	
185	190	3	
186	190	-3	
249	255	4	
467	469	-4	
469	477	3	
475	477	5	
471	479	-4	
467	471	-2	
11	13	1	
11	75	4	
73	78	-3	
9	73	4	
449	452	3	
448	453	4	
491	494	4	
489	495	-4	
208	212	-2	
211	214	4	
211	213	3	
266	330	3	
329	332	-3	
265	329	5	
57	63	4	
130	133	-3	
504	510	-6	
299	363	-3	
397	405	2	
398	406	-3	
392	398	4	
152	156	3	
114	178	2	
177	182	-1	
305	311	-3	
322	386	1	
409	414	-3	
472	478	2	
41	105	2	
432	436	-2	
436	444	2	
222	230	1	
219	223	3	
164	172	-3	
169	173	4	
136	142	3	
138	202	4	
136	200	-3	
233	297	-3	
296	301	2	
232	296	3	
418	422	3	
480	484	4	
374	382	-2	
369	375	-3	
19	23	3	
83	84	6	
273	277	-4	
337	340	5	
28	36	2	
34	39	2	
24	31	2	
10	15	3	
8	14	-3	
9	14	-3	
97	102	4	
89	94	-3	
347	411	1	
411	413	-2	
346	410	1	
187	191	-2	
354	356	2	
355	359	2	
352	359	-3	
352	357	-4	
429	437	-2	
433	439	4	
431	439	3	
329	333	4	
139	143	-1	
139	203	3	
137	201	4	
194	197	3	
107	171	3	
104	168	1	
146	148	5	
211	215	-2	
210	215	-4	
146	210	-2	
257	260	-2	
260	268	-3	
263	271	4	
48	52	3	
51	115	-4	
48	112	4	
2	4	-4	
3	6	-3	
1	5	3	
227	230	-3	
227	291	2	
226	290	3	
468	476	-3	
474	476	2	
470	478	2	
467	470	4	
500	508	-2	
505	510	-4	
345	349	2	
338	342	-2	
99	103	-2	
32	96	-4	
69	77	-4	
75	77	-2	
483	485	6	
485	493	3	
490	495	5	
487	495	2	
53	61	3	
58	61	4	
58	62	3	
54	62	2	
242	247	-1	
306	309	-3	
363	364	2	
363	367	4	
25	30	3	
18	22	-4	
81	87	-2	
81	145	1	
145	150	-3	
144	150	-4	
80	144	-2	
393	398	-2	
385	391	-2	
285	293	-3	
287	295	3	
400	405	3	
402	466	-4	
378	442	-2	
377	441	2	
420	428	1	
419	421	-4	
497	500	4	
217	220	-4	
217	281	2	
187	190	3	
248	254	-2	
225	228	4	
450	452	3	
451	454	-3	
449	455	-4	
236	244	1	
240	244	-2	
240	246	2	
238	246	-1	
234	238	4	
128	132	3	
129	133	3	
128	135	-4	
321	324	1	
268	276	-1	
265	271	1	
315	379	-4	
88	95	3	
458	461	3	
457	463	2	
339	403	1	
337	401	-1	
388	396	3	
392	396	3	
76	84	-1	
77	85	-2	
241	245	3	
250	253	3	
247	255	4	
308	316	-4	
313	318	-3	
307	310	2	
33	39	5	
27	31	-1	
465	471	-4	
50	114	2	
49	113	-2	
171	172	-2	
171	235	-1	
235	239	-3	
97	161	-1	
426	431	-5	
425	430	1	
5	13	-1	
78	86	1	
79	87	2	
72	79	-4	
488	493	3	
489	493	-1	
303	311	1	
440	444	-4	
442	447	-3	
203	204	-1	
200	207	-3	
297	300	3	
264	269	-3	
269	277	-2	
507	508	3	
505	511	-3	
67	131	1	
131	132	-3	
155	157	-2	
154	157	-4	
153	158	4	
344	348	-3	
345	409	2	
408	412	2	
344	408	-2	
216	220	-2	
18	23	2	
355	419	3	
353	417	-3	
162	166	-4	
166	174	2	
194	196	2	
195	198	-1	
142	150	-1	
349	357	3	
351	359	2	
347	351	4	
104	111	-2	
106	110	4	
208	214	2	
396	404	-3	
403	406	-4	
51	55	3	
411	475	4	
410	474	3	
279	287	-2	
386	450	-3	
235	237	4	
225	230	-2	
338	402	-2	
336	400	-2	
256	263	1	
147	151	3	
43	44	-4	
41	45	4	
314	316	-4	
482	486	3	
249	254	-2	
324	332	3	
325	333	-3	
227	231	-3	
218	223	-2	
459	460	3	
232	236	-3	
233	236	-3	
297	302	3	
424	428	-4	
428	436	-2	
435	438	-2	
430	438	-3	
112	118	2	
119	127	4	
371	372	2	
371	375	-2	
100	108	3	
52	60	2	
50	53	2	
160	165	-3	
507	510	-3	
211	275	2	
275	279	-2	
208	272	1	
277	285	-2	
283	286	-2	
135	143	-3	
312	318	4	
304	311	-1	
184	188	3	
473	477	2	
387	451	3	
451	455	3	
249	253	1	
153	159	-2	
152	159	-3	
33	37	4	
320	327	-3	
202	266	-1	
192	199	-3	
339	343	2	
336	342	-2	
412	420	-2	
413	421	3	
389	397	-3	
384	390	2	
66	71	1	
306	370	-4	
368	374	-2	
304	368	2	
116	124	-4	
121	125	-5	
434	498	-4	
433	497	-3	
376	383	-3	
161	164	-4	
178	181	-1	
241	244	2	
107	108	1	
204	212	2	
205	213	-1	
12	20	-3	
19	22	3	
280	286	2	
344	350	-1	
482	485	2	
57	61	-3	
261	269	-1	
235	299	3	
296	303	-3	
330	335	-3	
36	44	-1	
475	478	-1	
99	100	3	
97	103	-3	
84	92	3	
91	92	2	
427	429	2	
442	446	3	
441	446	3	
354	358	-2	
129	135	-2	
219	221	3	
168	173	-2	
170	175	3	
504	509	-3	
186	191	-2	
399	407	-2	
75	76	2	
293	301	-3	
294	302	2	
414	422	1	
146	149	-2	
233	238	4	
231	239	2	
13	21	3	
24	30	-3	
369	372	2	
309	317	2	
163	167	2	
264	328	1	
42	46	1	
177	183	2	
179	243	1	
386	388	4	
392	456	2	
490	492	3	
465	468	-1	
34	37	3	
307	371	-1	
81	85	2	
85	93	-2	
73	79	2	
144	208	2	
226	231	4	
224	288	2	
113	116	-2	
376	440	1	
315	317	1	
433	438	-2	
25	31	2	
262	270	2	
354	418	-3	
102	110	-1	
195	197	-4	
185	188	-2	
292	300	-3	
466	469	1	
401	465	3	
64	69	2	
365	373	-3	
130	194	-2	
129	193	2	
274	278	-2	
43	107	1	
234	298	1	
484	492	3	
218	222	-2	
346	349	3	
379	443	-1	
443	445	-3	
56	63	2	
55	63	-1	
89	95	-2	
80	86	-2	
435	499	-3	
184	189	-1	
157	165	-2	
158	166	-2	
243	247	-2	
224	229	2	
259	262	3	
74	78	-4	
479	487	-1	
326	334	-3	
323	326	-2	
115	119	3	
179	182	-4	
400	406	-2	
464	470	-3	
209	213	1	
121	126	-1	
272	276	3	
88	94	-2	
154	156	-3	
156	164	-2	
159	167	2	
306	308	2	
305	369	3	
138	141	1	
506	508	-4	
501	509	-1	
8	12	2	
9	15	2	
327	335	3	
59	60	-3	
90	92	-1	
206	214	-1	
384	391	-2	
137	142	-2	
251	255	-1	
284	292	-1	
259	323	2	
257	321	-1	
112	117	1	
286	294	-1	
362	426	2	
32	36	2	
258	322	-1	
256	320	-2	
16	21	-3	
402	407	-3	
267	331	3	
387	389	-1	
59	123	1	
225	289	1	
329	334	1	
437	445	-1	
486	494	2	
175	183	-1	
82	146	1	
39	47	-1	
313	319	2	
352	416	-3	
340	348	1	
171	174	1	
105	169	-1	
209	273	-1	
26	28	-1	
130	134	2	
353	357	-2	
347	350	-1	
435	439	1	
480	485	-1	
98	162	-1	
250	252	1	
46	54	-1	
491	495	-1	
281	287	1	
298	300	-1	
432	496	-2	
67	70	-1	
312	316	1	
449	453	-2	
322	327	-1	
106	170	-1	
96	100	1	
193	257	1	
295	303	-2	
201	265	-1	
40	47	-1	
291	355	-1	
91	155	1	
89	153	1	
494	502	-1	
220	228	1	
331	333	-1	
232	238	1	
Energy:	-3350	
