NumberOfQubits	504	
NumberOfSubgraphs	672	
Serial	406	
PlantedSolution:	
0	-1	
1	1	
2	1	
3	-1	
4	-1	
5	-1	
6	1	
8	-1	
9	1	
10	1	
11	-1	
12	-1	
13	-1	
14	1	
15	1	
16	-1	
17	1	
18	1	
19	-1	
20	1	
21	1	
22	1	
23	1	
24	1	
25	1	
26	1	
27	1	
28	-1	
29	1	
30	-1	
31	1	
32	1	
33	-1	
34	1	
35	-1	
36	1	
37	1	
38	1	
39	-1	
40	1	
41	-1	
42	-1	
43	1	
44	-1	
45	-1	
46	-1	
47	1	
48	-1	
49	1	
50	-1	
51	1	
52	1	
53	-1	
54	1	
55	-1	
56	-1	
57	1	
58	1	
59	-1	
60	1	
61	1	
62	-1	
63	1	
64	-1	
65	1	
66	1	
67	-1	
68	-1	
69	-1	
70	-1	
71	-1	
72	-1	
73	1	
74	1	
75	1	
76	1	
77	1	
78	1	
79	1	
80	-1	
81	-1	
82	-1	
83	1	
84	-1	
85	-1	
86	1	
87	1	
88	1	
89	-1	
90	-1	
91	1	
92	-1	
93	-1	
94	1	
95	1	
96	-1	
97	-1	
98	-1	
99	-1	
100	1	
101	1	
102	-1	
103	1	
104	1	
105	1	
106	1	
107	-1	
108	1	
109	1	
110	1	
111	-1	
112	-1	
113	-1	
114	-1	
115	1	
116	-1	
117	1	
118	-1	
119	-1	
120	-1	
121	1	
123	1	
124	-1	
125	-1	
126	-1	
127	1	
128	1	
129	-1	
130	1	
131	-1	
132	1	
133	1	
134	-1	
135	1	
136	1	
137	-1	
138	1	
139	1	
141	1	
142	-1	
143	-1	
144	-1	
145	-1	
146	1	
147	-1	
148	-1	
149	-1	
150	-1	
151	-1	
152	-1	
153	-1	
154	1	
155	-1	
156	1	
157	1	
158	1	
159	1	
160	-1	
161	-1	
162	1	
163	-1	
164	-1	
165	-1	
166	-1	
167	1	
168	1	
169	-1	
170	1	
171	-1	
172	1	
173	1	
174	1	
175	1	
176	-1	
177	-1	
178	1	
179	1	
180	-1	
181	1	
182	1	
183	-1	
184	-1	
185	-1	
186	-1	
187	-1	
188	1	
189	1	
190	1	
191	1	
192	1	
193	1	
194	1	
195	-1	
196	1	
197	-1	
198	-1	
199	1	
200	-1	
201	1	
202	-1	
203	-1	
204	1	
205	-1	
206	-1	
207	1	
208	-1	
209	1	
210	1	
211	1	
212	1	
213	-1	
214	1	
215	1	
216	1	
217	-1	
218	1	
219	1	
220	-1	
221	1	
222	-1	
223	1	
224	1	
225	-1	
226	1	
227	-1	
228	-1	
229	-1	
230	-1	
231	1	
232	-1	
233	-1	
234	1	
235	1	
236	-1	
237	1	
238	-1	
239	1	
240	1	
241	-1	
242	-1	
243	-1	
244	1	
245	-1	
246	-1	
247	-1	
248	-1	
249	-1	
250	1	
251	-1	
252	1	
253	-1	
254	1	
255	-1	
256	-1	
257	-1	
258	-1	
259	-1	
260	-1	
261	1	
262	1	
263	1	
264	-1	
265	1	
266	1	
267	-1	
268	1	
269	-1	
270	-1	
271	-1	
272	-1	
273	-1	
274	1	
275	1	
276	-1	
277	-1	
278	1	
279	1	
280	1	
281	1	
282	-1	
283	1	
284	1	
285	1	
286	1	
287	-1	
288	1	
289	-1	
290	1	
291	1	
292	1	
293	-1	
294	1	
295	1	
296	1	
297	1	
298	-1	
299	-1	
300	-1	
301	-1	
302	1	
303	1	
304	1	
305	-1	
306	-1	
307	-1	
308	1	
309	1	
310	-1	
311	1	
312	-1	
313	-1	
314	-1	
315	1	
316	-1	
317	-1	
318	1	
319	-1	
320	1	
321	-1	
322	-1	
323	1	
324	1	
325	1	
326	1	
327	-1	
328	1	
329	1	
330	-1	
331	-1	
332	1	
333	1	
334	1	
335	1	
336	1	
337	-1	
338	1	
339	-1	
340	-1	
341	1	
342	-1	
343	1	
344	1	
345	-1	
346	1	
347	-1	
348	-1	
349	-1	
350	1	
351	1	
352	-1	
353	1	
354	-1	
355	1	
356	-1	
357	1	
358	1	
359	1	
361	-1	
362	-1	
363	-1	
364	-1	
365	-1	
367	1	
368	1	
369	1	
370	1	
371	1	
372	1	
373	-1	
374	-1	
375	-1	
376	1	
377	1	
378	1	
379	-1	
380	1	
382	1	
383	-1	
384	-1	
385	-1	
386	-1	
387	1	
388	1	
389	-1	
390	1	
391	1	
392	-1	
393	1	
394	-1	
396	1	
397	-1	
398	-1	
399	1	
400	1	
401	-1	
402	-1	
403	-1	
404	1	
405	1	
406	-1	
407	-1	
408	1	
409	1	
410	1	
411	-1	
412	-1	
413	1	
414	1	
415	-1	
416	-1	
417	1	
418	-1	
419	-1	
420	-1	
421	-1	
422	-1	
424	1	
425	-1	
426	-1	
427	-1	
428	1	
429	1	
430	1	
431	1	
432	1	
433	1	
434	-1	
435	1	
436	1	
437	-1	
438	-1	
439	1	
440	-1	
441	-1	
442	-1	
443	1	
444	-1	
445	1	
446	-1	
447	-1	
448	-1	
449	-1	
450	1	
451	1	
452	-1	
453	1	
454	1	
455	1	
456	-1	
457	1	
458	-1	
459	1	
460	1	
461	1	
462	-1	
463	-1	
464	-1	
465	-1	
466	1	
467	1	
468	1	
469	1	
470	-1	
471	1	
472	-1	
473	-1	
474	1	
475	1	
476	1	
477	-1	
478	-1	
479	-1	
480	1	
481	1	
482	-1	
483	-1	
484	-1	
485	-1	
486	-1	
487	1	
488	-1	
489	-1	
490	1	
491	1	
492	-1	
493	-1	
494	1	
495	-1	
496	-1	
497	1	
498	-1	
499	1	
500	1	
501	-1	
502	-1	
503	1	
504	1	
505	-1	
506	-1	
507	1	
508	1	
509	1	
510	1	
511	1	
Js:	
16	22	4	
18	22	-3	
18	82	3	
82	84	-4	
80	84	-4	
16	80	3	
346	348	3	
347	348	-4	
347	411	2	
411	413	2	
410	413	-5	
346	410	-4	
338	340	6	
339	340	-1	
339	403	4	
403	405	2	
402	405	4	
338	402	4	
440	445	4	
442	445	5	
442	506	-2	
506	511	5	
504	511	-5	
440	504	-3	
41	46	-2	
42	46	-4	
42	106	3	
106	110	-4	
105	110	-3	
41	105	3	
425	431	4	
427	431	5	
427	491	-1	
491	492	3	
489	492	-6	
425	489	-2	
32	36	-5	
33	36	-3	
33	39	-4	
34	39	5	
34	37	-5	
32	37	-5	
113	116	-2	
115	116	6	
115	117	-4	
112	117	2	
112	119	-3	
113	119	2	
481	485	5	
482	485	3	
482	486	-4	
480	486	3	
480	487	-6	
481	487	-3	
280	285	-4	
281	285	-2	
281	345	3	
345	351	4	
344	351	-4	
280	344	3	
64	68	-5	
65	68	3	
65	129	1	
129	135	4	
128	135	-3	
64	128	-1	
162	164	3	
164	172	4	
171	172	-4	
171	174	4	
166	174	2	
162	166	4	
235	237	-3	
237	245	-2	
242	245	-4	
242	246	-3	
238	246	-3	
235	238	3	
265	271	-3	
267	271	-4	
267	331	-3	
331	335	4	
329	335	-2	
265	329	-1	
274	276	5	
275	276	-3	
275	277	1	
273	277	-5	
273	278	3	
274	278	-2	
288	294	-5	
291	294	-3	
291	355	-2	
355	359	-3	
352	359	-2	
288	352	3	
153	156	4	
154	156	-4	
154	159	-3	
152	159	5	
152	158	5	
153	158	3	
297	300	4	
298	300	4	
298	302	4	
299	302	4	
299	303	4	
297	303	-2	
176	181	4	
179	181	-3	
179	183	2	
177	183	-6	
177	182	3	
176	182	-2	
8	12	-3	
11	12	-4	
11	13	-5	
9	13	4	
9	15	-6	
8	15	3	
203	205	-3	
205	213	-3	
208	213	-5	
208	215	3	
207	215	3	
203	207	1	
497	500	-4	
499	500	-3	
499	503	-4	
498	503	-4	
498	502	-4	
497	502	2	
146	151	5	
147	151	4	
147	211	3	
211	212	-6	
210	212	-5	
146	210	-5	
305	310	-2	
306	310	-6	
306	370	-2	
370	375	3	
369	375	5	
305	369	2	
225	228	-3	
227	228	-2	
227	231	3	
224	231	-2	
224	230	-2	
225	230	-2	
184	188	4	
186	188	3	
186	250	-2	
250	255	4	
248	255	-5	
184	248	-3	
449	453	4	
451	453	-3	
451	455	-5	
448	455	4	
448	454	-3	
449	454	5	
458	460	4	
459	460	-4	
459	463	5	
456	463	-4	
456	462	5	
458	462	-5	
88	92	4	
89	92	-2	
89	94	3	
91	94	-5	
91	93	5	
88	93	-4	
67	69	-3	
69	77	4	
75	77	-4	
75	79	-4	
71	79	3	
67	71	-4	
416	420	-2	
419	420	-5	
419	422	-2	
417	422	5	
417	421	2	
416	421	-4	
321	324	4	
322	324	4	
322	326	-1	
320	326	-4	
320	327	5	
321	327	-3	
432	436	-3	
436	444	4	
443	444	-3	
443	446	4	
438	446	-4	
432	438	4	
0	4	-4	
3	4	-3	
3	5	-4	
2	5	4	
2	6	-3	
0	6	5	
48	52	4	
50	52	3	
50	54	5	
49	54	-3	
49	53	3	
48	53	-5	
98	101	4	
101	109	-3	
107	109	3	
107	111	3	
103	111	2	
98	103	2	
217	220	-3	
219	220	4	
219	221	-3	
218	221	-3	
218	223	-5	
217	223	-5	
313	316	-4	
315	316	6	
315	319	4	
314	319	6	
314	317	-5	
313	317	-7	
385	388	4	
387	388	-5	
387	390	3	
384	390	6	
384	389	-4	
385	389	-4	
464	468	4	
466	468	-5	
466	470	4	
467	470	3	
467	471	-4	
464	471	4	
131	133	4	
133	141	-3	
137	141	-4	
137	142	-5	
134	142	-2	
131	134	-3	
169	173	4	
170	173	-3	
170	234	-4	
234	239	-4	
233	239	4	
169	233	3	
256	260	-5	
259	260	-4	
259	261	3	
258	261	4	
258	263	4	
256	263	-2	
56	60	4	
59	60	4	
59	61	4	
57	61	-3	
57	63	-6	
56	63	4	
185	189	3	
187	189	4	
187	251	2	
251	254	6	
249	254	6	
185	249	-3	
19	21	4	
21	29	2	
27	29	-3	
27	31	-6	
23	31	-3	
19	23	3	
473	476	4	
475	476	4	
475	477	5	
474	477	3	
474	479	4	
473	479	-6	
194	196	-2	
195	196	4	
195	198	-5	
193	198	2	
193	199	-5	
194	199	-4	
400	406	4	
406	414	4	
408	414	-3	
408	415	-4	
407	415	-3	
400	407	2	
392	396	4	
393	396	-3	
393	399	-3	
394	399	5	
394	397	-6	
392	397	-2	
363	364	-5	
364	372	3	
368	372	-2	
368	373	4	
365	373	3	
363	365	-5	
424	429	-4	
426	429	-1	
426	490	2	
490	494	-3	
488	494	3	
424	488	3	
378	380	-3	
379	380	4	
379	383	-4	
377	383	3	
377	382	-4	
378	382	2	
200	204	5	
202	204	3	
202	266	3	
266	269	2	
264	269	4	
200	264	-2	
289	295	3	
290	295	-3	
290	354	-1	
354	358	4	
353	358	-3	
289	353	2	
328	333	-5	
333	341	-1	
336	341	4	
336	342	2	
334	342	2	
328	334	-4	
240	247	-3	
243	247	-2	
243	307	-2	
307	308	3	
304	308	-4	
240	304	-4	
96	102	-3	
97	102	-3	
97	161	-1	
161	167	5	
160	167	2	
96	160	2	
120	124	-3	
123	124	6	
123	127	-3	
121	127	-5	
121	125	2	
120	125	-5	
72	76	2	
74	76	-5	
74	138	2	
138	143	6	
136	143	3	
72	136	3	
25	28	6	
26	28	3	
26	30	4	
24	30	4	
24	31	3	
25	31	-2	
81	85	-3	
83	85	-5	
83	87	-3	
82	87	4	
82	86	3	
81	86	4	
441	447	-4	
443	447	4	
443	507	-3	
507	509	-5	
505	509	3	
441	505	-2	
145	148	-7	
148	156	2	
155	156	3	
155	157	6	
149	157	2	
145	149	-4	
40	45	-3	
43	45	4	
43	107	3	
107	108	3	
104	108	-3	
40	104	-3	
281	284	-2	
282	284	3	
282	287	4	
283	287	3	
283	286	-4	
281	286	-2	
370	374	4	
371	374	7	
371	435	2	
435	437	3	
434	437	-5	
370	434	2	
322	325	3	
323	325	-4	
323	387	1	
387	391	-2	
386	391	4	
322	386	-2	
66	68	1	
68	76	2	
73	76	4	
73	78	-6	
70	78	5	
66	70	3	
401	404	4	
403	404	4	
403	467	-2	
467	469	-2	
465	469	3	
401	465	-4	
257	260	-2	
260	268	-2	
265	268	-4	
265	270	3	
262	270	4	
257	262	4	
112	118	-2	
114	118	-6	
114	178	2	
178	180	4	
176	180	3	
112	176	-3	
296	301	4	
301	309	2	
305	309	4	
305	311	3	
303	311	-2	
296	303	-4	
209	213	2	
213	221	-1	
216	221	-5	
216	222	2	
214	222	2	
209	214	-3	
241	244	3	
244	252	3	
251	252	3	
251	253	-5	
245	253	-3	
241	245	-2	
472	476	3	
476	484	-2	
483	484	-4	
483	486	-4	
478	486	-1	
472	478	-2	
168	175	-5	
171	175	-2	
171	235	4	
235	236	3	
232	236	-4	
168	232	5	
361	367	5	
362	367	6	
362	426	-2	
426	430	5	
425	430	1	
361	425	3	
330	332	4	
332	340	2	
337	340	-4	
337	343	2	
335	343	-3	
330	335	5	
98	100	3	
99	100	-1	
99	163	-2	
163	165	-3	
162	165	4	
98	162	3	
450	452	4	
452	460	2	
457	460	-4	
457	461	-7	
453	461	-2	
450	453	-2	
432	439	2	
433	439	-5	
433	497	-4	
497	501	4	
496	501	-2	
432	496	4	
42	44	-2	
44	52	1	
51	52	3	
51	55	3	
47	55	1	
42	47	4	
10	12	4	
12	20	3	
17	20	-4	
17	22	-5	
14	22	2	
10	14	-5	
128	132	-4	
130	132	-2	
130	194	-3	
194	197	4	
192	197	-4	
128	192	-3	
345	350	3	
346	350	-4	
410	412	3	
409	412	3	
345	409	-3	
344	348	4	
348	356	-4	
355	356	3	
355	357	2	
349	357	4	
344	349	3	
312	318	5	
313	318	2	
313	377	3	
377	380	-2	
376	380	-4	
312	376	4	
225	229	2	
226	229	2	
226	290	-2	
290	293	5	
289	293	-3	
225	289	-3	
139	142	3	
139	203	4	
203	206	-3	
201	206	3	
137	201	3	
33	37	2	
35	39	-4	
35	38	-4	
33	38	6	
89	95	5	
90	95	3	
90	154	-3	
153	159	3	
89	153	-3	
184	189	-2	
186	189	3	
186	190	5	
187	190	4	
187	191	2	
184	191	5	
57	60	-2	
58	60	-5	
58	61	3	
59	62	-4	
57	62	4	
275	278	-4	
272	278	4	
272	279	2	
274	279	-4	
504	508	-3	
507	508	3	
507	510	-4	
506	510	4	
490	492	-4	
491	495	3	
488	495	-6	
488	493	-3	
490	493	2	
147	148	-3	
147	149	-3	
144	149	-5	
144	150	-4	
145	150	-2	
418	420	-2	
420	428	3	
424	428	-4	
421	429	-2	
418	421	-4	
396	404	-2	
401	406	2	
398	406	-3	
392	398	-5	
283	284	-5	
284	292	-3	
291	292	-3	
291	293	4	
285	293	3	
283	285	-3	
121	124	3	
123	126	3	
120	126	-4	
120	127	-3	
2	4	5	
1	5	4	
1	6	4	
250	314	1	
312	319	-2	
248	312	-1	
257	263	6	
257	321	-1	
321	325	5	
320	325	-1	
256	320	3	
160	165	1	
165	173	3	
169	174	3	
160	166	-5	
304	309	-4	
307	309	-3	
307	371	2	
371	375	1	
368	375	2	
304	368	-2	
206	214	3	
209	215	-5	
201	207	-3	
129	132	3	
131	132	7	
131	135	3	
130	135	-5	
130	134	3	
129	134	-4	
51	53	4	
51	54	-5	
50	55	3	
49	55	5	
233	236	-3	
234	236	3	
232	239	-2	
232	238	-3	
233	238	-4	
386	389	4	
386	450	2	
450	454	-4	
385	449	-2	
92	100	3	
96	100	2	
96	103	4	
95	103	3	
88	95	-2	
298	301	-4	
299	301	2	
299	363	-2	
363	367	1	
298	362	-4	
115	119	-3	
114	119	-5	
113	118	-4	
437	445	3	
442	446	2	
434	438	-2	
217	222	-3	
222	230	-3	
226	230	4	
226	231	-2	
223	231	-1	
465	468	-2	
466	469	-4	
464	469	3	
465	471	5	
329	332	-4	
330	333	3	
331	333	3	
331	334	2	
329	334	-3	
408	413	-2	
409	413	-4	
409	414	-2	
411	414	3	
411	415	-4	
240	244	3	
242	244	3	
242	247	-5	
243	246	-5	
240	246	2	
72	79	-2	
75	139	-4	
139	141	-3	
136	141	-3	
8	13	-3	
11	15	-1	
10	15	-3	
8	14	4	
27	28	3	
27	30	2	
24	29	4	
25	29	-2	
19	20	5	
19	83	3	
17	81	3	
459	461	3	
458	463	-5	
457	462	2	
261	269	3	
264	270	-4	
258	262	2	
66	69	4	
65	71	-3	
65	70	3	
390	398	2	
393	398	3	
391	399	4	
384	391	2	
498	501	-2	
499	502	3	
496	503	5	
347	349	-4	
354	357	3	
354	359	3	
351	359	3	
347	351	2	
352	356	-2	
353	356	2	
353	417	4	
416	422	-4	
352	416	-4	
338	341	-4	
338	342	2	
337	342	-5	
336	343	-5	
179	180	5	
179	182	-4	
178	183	3	
105	108	-3	
106	108	-2	
106	111	2	
104	111	2	
104	110	-5	
144	151	-3	
208	212	1	
144	208	2	
40	44	4	
41	44	-4	
41	45	-4	
43	46	-4	
40	46	2	
482	484	-3	
483	485	-5	
480	485	-1	
482	487	4	
435	436	-2	
441	444	1	
439	447	3	
435	439	-2	
296	300	3	
300	308	1	
306	308	3	
302	310	-3	
296	302	-3	
472	477	-5	
475	478	4	
473	478	2	
472	479	-4	
193	197	2	
195	197	-3	
192	198	-4	
192	199	-3	
161	164	-3	
170	172	-2	
170	175	-4	
167	175	3	
90	93	2	
93	101	2	
97	101	1	
94	102	2	
90	94	3	
152	157	3	
155	219	2	
216	220	3	
152	216	-1	
361	364	-2	
369	372	-3	
369	373	5	
361	365	-4	
280	286	-3	
286	294	-3	
288	295	-4	
287	295	-1	
280	287	3	
73	77	-2	
77	85	-1	
80	85	-3	
80	86	2	
78	86	-3	
378	383	6	
379	382	-4	
376	382	-4	
203	204	3	
203	267	-2	
266	271	-4	
397	405	3	
402	407	-3	
399	407	2	
18	21	-6	
26	29	-4	
26	31	-4	
18	23	-2	
272	277	-4	
273	279	3	
275	279	-4	
250	252	-4	
249	253	1	
250	253	3	
489	494	2	
489	495	-3	
35	36	-2	
35	99	-3	
99	101	4	
96	101	2	
32	96	3	
185	190	3	
185	191	-3	
163	166	2	
163	227	-3	
227	229	-3	
224	229	4	
160	224	3	
426	428	4	
426	431	2	
427	430	-4	
424	430	-3	
320	324	-3	
322	327	-3	
323	327	-3	
323	326	-3	
448	452	4	
451	452	3	
451	454	-3	
450	455	-4	
58	63	3	
56	62	-2	
315	318	3	
314	318	4	
500	508	-3	
505	508	5	
501	509	2	
138	202	3	
202	205	-3	
200	205	1	
136	200	2	
76	84	2	
83	84	3	
79	87	-2	
74	79	3	
114	117	2	
117	125	-4	
118	126	-5	
355	358	-3	
355	419	3	
419	421	-2	
354	418	-3	
433	436	3	
440	444	-3	
440	447	-3	
264	268	2	
267	268	3	
328	335	-2	
264	328	-1	
217	221	2	
218	282	4	
281	287	3	
217	281	2	
410	474	-1	
474	476	-2	
409	473	-1	
147	150	-3	
150	158	2	
151	159	2	
456	461	4	
461	469	-2	
462	470	-3	
1	4	3	
1	65	-5	
0	64	-5	
168	172	-2	
232	237	2	
304	311	-2	
307	311	3	
368	374	3	
339	341	3	
341	349	3	
346	349	3	
342	350	-1	
339	342	-4	
40	47	-4	
106	109	-3	
104	109	-3	
177	181	4	
177	241	1	
240	245	2	
176	240	2	
9	12	3	
16	20	-2	
16	23	3	
15	23	-3	
289	292	-1	
292	300	2	
295	303	-3	
193	196	-5	
195	259	-1	
259	263	3	
193	257	-1	
505	510	-4	
504	509	-3	
480	484	2	
481	484	4	
48	55	-3	
204	212	1	
211	214	-5	
200	206	-3	
38	46	2	
43	47	-2	
39	47	2	
387	389	3	
385	390	3	
128	133	-3	
128	134	4	
5	13	-2	
10	13	2	
6	14	1	
3	6	5	
90	92	-4	
91	92	2	
88	94	-3	
226	228	3	
227	230	-3	
225	231	5	
339	343	4	
400	404	-3	
336	400	-2	
408	412	4	
411	412	-3	
411	475	2	
475	479	-1	
408	472	2	
123	187	-1	
121	185	1	
460	468	-1	
467	468	-3	
463	471	-2	
256	261	-4	
265	269	4	
256	262	2	
98	102	3	
99	102	-4	
356	364	-3	
362	364	-3	
359	367	2	
353	359	-3	
216	223	-2	
282	286	3	
216	280	-3	
246	254	2	
249	255	3	
247	255	-2	
67	70	2	
224	228	4	
228	236	2	
234	237	-3	
229	237	3	
146	148	2	
154	158	-4	
146	150	-3	
329	333	3	
329	393	-1	
328	392	1	
363	427	-3	
427	429	3	
425	429	4	
168	173	-2	
173	181	-1	
174	182	2	
168	174	-4	
28	36	2	
34	36	-2	
34	38	-3	
30	38	-1	
315	379	2	
290	292	6	
209	273	2	
273	276	1	
272	276	-3	
208	272	-2	
81	84	-2	
81	145	-2	
80	144	2	
108	116	1	
109	117	1	
306	309	2	
91	95	2	
91	155	2	
153	157	2	
130	133	-3	
138	141	-2	
135	143	-1	
496	502	-3	
502	510	2	
503	511	1	
401	407	-3	
465	470	-2	
464	470	-3	
400	464	-2	
323	324	-2	
324	332	-3	
330	334	-3	
326	334	-4	
347	350	4	
417	420	3	
419	483	2	
417	481	-2	
197	205	-3	
201	205	3	
199	207	-4	
49	52	-4	
49	113	1	
48	112	-2	
441	445	-2	
441	446	-5	
435	438	4	
449	455	2	
448	453	3	
56	61	5	
58	62	5	
491	494	-4	
491	493	5	
489	493	-3	
352	357	4	
299	300	-2	
297	302	-4	
297	301	3	
386	388	2	
388	396	-3	
394	396	2	
266	268	-4	
268	276	1	
271	279	1	
405	413	1	
402	406	-2	
180	188	3	
185	188	3	
183	191	3	
169	172	3	
169	175	2	
97	100	5	
100	108	2	
105	111	5	
97	103	5	
36	44	2	
37	45	2	
35	37	3	
243	244	3	
248	252	3	
248	253	-4	
243	245	-3	
74	78	-1	
258	260	-3	
259	323	3	
258	322	3	
376	383	-2	
378	442	2	
442	444	-5	
376	440	2	
72	77	-4	
136	142	3	
434	436	3	
434	498	-3	
498	500	3	
305	308	2	
308	316	3	
310	318	2	
2	66	-4	
66	71	4	
212	220	1	
219	222	-3	
422	430	1	
418	422	3	
274	277	2	
274	338	1	
273	337	-2	
241	246	-3	
241	247	-4	
239	247	2	
456	460	1	
371	372	-3	
370	373	-3	
469	477	-2	
474	478	6	
470	478	-1	
11	14	-4	
25	30	4	
123	125	3	
121	126	4	
432	437	2	
435	499	-3	
107	110	3	
107	171	1	
171	173	3	
106	170	-2	
210	213	4	
210	215	-4	
202	207	2	
325	333	-3	
327	335	-2	
352	358	3	
0	5	-2	
3	67	-4	
67	68	-3	
306	311	2	
424	431	2	
379	443	2	
377	441	2	
184	190	2	
32	39	-1	
201	204	-1	
19	22	-1	
81	87	2	
403	406	1	
409	415	3	
403	407	-3	
393	397	-4	
312	317	-2	
313	319	-2	
88	152	2	
288	292	-3	
129	133	-3	
113	117	3	
219	223	-3	
218	222	3	
230	238	2	
235	239	-1	
231	239	-3	
259	262	2	
42	45	-3	
41	47	3	
345	348	-2	
345	349	1	
506	508	-2	
504	510	-2	
505	511	2	
328	332	-3	
321	326	-2	
481	486	2	
269	277	-2	
270	278	2	
178	181	-2	
178	182	-3	
176	183	2	
400	405	-3	
402	466	2	
384	388	2	
385	391	2	
297	361	2	
338	343	1	
10	74	-2	
9	73	-1	
156	164	-3	
161	165	-4	
157	165	1	
493	501	-1	
494	502	-2	
16	21	2	
102	110	-1	
27	91	-2	
25	89	-2	
430	438	2	
433	438	2	
431	439	-3	
354	356	2	
357	365	3	
372	380	-3	
375	383	1	
267	269	-1	
264	271	-3	
192	196	-2	
194	198	3	
64	69	-2	
64	70	-3	
220	228	-2	
221	229	2	
142	150	-2	
143	151	-1	
137	143	-3	
412	420	-1	
413	421	-2	
249	252	3	
211	215	1	
211	275	-2	
187	188	3	
182	190	2	
11	75	2	
75	76	-1	
8	72	-3	
343	351	-1	
484	492	1	
487	495	1	
170	174	-1	
163	167	4	
43	44	3	
50	53	-3	
53	61	-1	
54	62	1	
112	116	-2	
116	124	-4	
386	390	2	
387	451	-2	
289	294	-4	
499	501	3	
242	306	1	
241	305	-3	
22	30	-1	
17	23	-2	
82	85	-2	
85	93	-2	
86	94	-2	
202	206	2	
315	317	1	
309	317	-1	
425	428	2	
428	436	1	
429	437	2	
181	189	-2	
155	158	-1	
155	159	4	
131	195	-1	
369	433	-1	
368	432	-3	
331	332	2	
209	212	2	
24	28	4	
29	37	-1	
119	127	3	
370	372	2	
374	382	2	
393	457	-2	
392	456	-2	
32	38	-2	
485	493	2	
486	494	2	
80	87	2	
144	148	-2	
73	79	-2	
201	265	-1	
52	60	1	
59	63	2	
55	63	1	
312	316	-2	
410	414	-3	
468	476	-1	
394	398	1	
506	509	3	
227	291	2	
208	214	-3	
186	191	3	
276	284	3	
279	287	2	
449	452	-3	
384	448	-2	
496	500	2	
497	503	-2	
336	340	-2	
337	341	1	
163	164	-2	
161	166	-2	
418	482	-2	
416	480	2	
115	179	-1	
74	77	-3	
235	299	2	
232	296	2	
196	204	3	
200	207	3	
402	404	1	
466	471	1	
353	357	-2	
344	350	-1	
57	121	-1	
56	120	1	
26	90	1	
490	495	3	
454	462	-1	
455	463	1	
266	330	-1	
257	261	2	
291	295	-2	
307	310	-3	
311	319	2	
105	109	3	
17	21	-2	
65	69	3	
434	439	-1	
24	88	-1	
218	220	1	
146	149	-1	
459	462	2	
367	375	2	
350	358	-3	
250	254	2	
233	237	3	
488	492	-1	
492	500	1	
159	167	-1	
344	408	-1	
83	86	-2	
114	116	1	
275	339	2	
198	206	-2	
154	157	-2	
321	385	-1	
401	405	-1	
138	142	1	
219	283	1	
266	270	2	
483	487	-1	
18	20	2	
282	285	2	
277	285	-2	
48	54	-2	
162	226	1	
236	244	-1	
33	97	1	
84	92	-1	
87	95	-1	
113	177	-2	
172	180	1	
89	93	-1	
442	447	-2	
440	446	1	
51	115	-1	
34	98	-1	
314	378	-1	
371	373	-1	
394	458	-2	
278	286	-1	
145	151	-1	
162	167	-1	
479	487	1	
9	14	-2	
346	351	-2	
105	169	-1	
414	422	1	
337	401	-2	
4	12	1	
224	288	-1	
392	399	2	
75	78	1	
139	143	2	
73	137	1	
298	303	1	
362	365	1	
507	511	-1	
72	78	2	
473	477	1	
433	437	-1	
443	445	-2	
129	193	-1	
267	270	1	
263	271	1	
404	412	-2	
145	209	2	
160	164	-1	
158	166	1	
293	301	1	
272	336	1	
234	238	-1	
389	397	-1	
179	243	1	
314	316	-1	
211	213	-1	
290	294	-1	
153	217	-1	
141	149	1	
161	225	1	
115	118	-1	
233	297	-1	
457	463	1	
340	348	1	
234	298	1	
Energy:	-2918	
