NumberOfQubits	504	
NumberOfSubgraphs	756	
Serial	60	
PlantedSolution:	
0	-1	
1	-1	
2	-1	
3	-1	
4	1	
5	-1	
6	-1	
8	1	
9	1	
10	1	
11	1	
12	-1	
13	-1	
14	-1	
15	1	
16	1	
17	1	
18	1	
19	1	
20	1	
21	-1	
22	1	
23	1	
24	-1	
25	1	
26	1	
27	-1	
28	-1	
29	-1	
30	1	
31	1	
32	1	
33	-1	
34	-1	
35	-1	
36	-1	
37	1	
38	-1	
39	-1	
40	-1	
41	1	
42	1	
43	1	
44	1	
45	1	
46	-1	
47	-1	
48	1	
49	-1	
50	-1	
51	-1	
52	1	
53	1	
54	-1	
55	1	
56	1	
57	-1	
58	-1	
59	1	
60	-1	
61	1	
62	1	
63	-1	
64	1	
65	-1	
66	1	
67	-1	
68	-1	
69	1	
70	1	
71	1	
72	-1	
73	1	
74	-1	
75	1	
76	1	
77	-1	
78	-1	
79	-1	
80	-1	
81	-1	
82	-1	
83	-1	
84	1	
85	1	
86	1	
87	1	
88	-1	
89	-1	
90	-1	
91	1	
92	-1	
93	-1	
94	1	
95	1	
96	1	
97	1	
98	1	
99	-1	
100	1	
101	-1	
102	-1	
103	1	
104	1	
105	1	
106	1	
107	-1	
108	-1	
109	-1	
110	-1	
111	-1	
112	-1	
113	1	
114	-1	
115	-1	
116	1	
117	1	
118	-1	
119	-1	
120	1	
121	-1	
123	1	
124	1	
125	1	
126	-1	
127	-1	
128	1	
129	1	
130	-1	
131	1	
132	1	
133	1	
134	-1	
135	-1	
136	1	
137	1	
138	1	
139	1	
141	1	
142	1	
143	-1	
144	1	
145	1	
146	-1	
147	-1	
148	1	
149	1	
150	-1	
151	-1	
152	1	
153	1	
154	-1	
155	1	
156	-1	
157	1	
158	-1	
159	-1	
160	1	
161	-1	
162	-1	
163	1	
164	-1	
165	1	
166	1	
167	-1	
168	-1	
169	1	
170	-1	
171	-1	
172	-1	
173	1	
174	-1	
175	1	
176	-1	
177	1	
178	1	
179	-1	
180	1	
181	-1	
182	-1	
183	1	
184	1	
185	-1	
186	1	
187	-1	
188	1	
189	1	
190	1	
191	1	
192	-1	
193	-1	
194	-1	
195	-1	
196	1	
197	-1	
198	-1	
199	1	
200	-1	
201	-1	
202	-1	
203	1	
204	-1	
205	-1	
206	1	
207	1	
208	1	
209	1	
210	-1	
211	1	
212	-1	
213	-1	
214	1	
215	-1	
216	-1	
217	1	
218	1	
219	1	
220	-1	
221	1	
222	-1	
223	1	
224	-1	
225	-1	
226	-1	
227	-1	
228	1	
229	-1	
230	1	
231	-1	
232	1	
233	1	
234	-1	
235	1	
236	-1	
237	-1	
238	-1	
239	1	
240	-1	
241	1	
242	-1	
243	-1	
244	1	
245	1	
246	-1	
247	-1	
248	1	
249	-1	
250	-1	
251	-1	
252	1	
253	-1	
254	1	
255	-1	
256	1	
257	1	
258	-1	
259	-1	
260	-1	
261	1	
262	-1	
263	-1	
264	-1	
265	1	
266	1	
267	1	
268	1	
269	1	
270	-1	
271	-1	
272	-1	
273	1	
274	1	
275	-1	
276	-1	
277	-1	
278	1	
279	-1	
280	-1	
281	1	
282	1	
283	-1	
284	-1	
285	1	
286	1	
287	1	
288	1	
289	1	
290	1	
291	-1	
292	1	
293	1	
294	1	
295	-1	
296	-1	
297	1	
298	1	
299	-1	
300	1	
301	-1	
302	-1	
303	-1	
304	1	
305	1	
306	1	
307	1	
308	1	
309	-1	
310	-1	
311	1	
312	1	
313	1	
314	1	
315	-1	
316	1	
317	-1	
318	-1	
319	1	
320	-1	
321	1	
322	-1	
323	1	
324	1	
325	-1	
326	1	
327	-1	
328	1	
329	1	
330	-1	
331	1	
332	1	
333	-1	
334	1	
335	1	
336	1	
337	1	
338	-1	
339	1	
340	-1	
341	1	
342	-1	
343	1	
344	1	
345	-1	
346	-1	
347	1	
348	-1	
349	1	
350	1	
351	-1	
352	1	
353	1	
354	1	
355	1	
356	-1	
357	1	
358	1	
359	-1	
361	1	
362	-1	
363	1	
364	-1	
365	1	
367	-1	
368	1	
369	1	
370	-1	
371	-1	
372	-1	
373	-1	
374	-1	
375	-1	
376	1	
377	1	
378	-1	
379	1	
380	1	
382	1	
383	1	
384	1	
385	1	
386	-1	
387	1	
388	-1	
389	-1	
390	-1	
391	-1	
392	1	
393	1	
394	-1	
396	1	
397	1	
398	1	
399	-1	
400	-1	
401	1	
402	1	
403	-1	
404	-1	
405	1	
406	1	
407	1	
408	1	
409	-1	
410	-1	
411	1	
412	1	
413	-1	
414	1	
415	1	
416	1	
417	-1	
418	1	
419	1	
420	-1	
421	1	
422	-1	
424	1	
425	-1	
426	1	
427	1	
428	1	
429	-1	
430	-1	
431	-1	
432	-1	
433	1	
434	-1	
435	-1	
436	-1	
437	-1	
438	1	
439	-1	
440	1	
441	-1	
442	-1	
443	-1	
444	1	
445	1	
446	-1	
447	-1	
448	-1	
449	-1	
450	-1	
451	-1	
452	-1	
453	-1	
454	-1	
455	-1	
456	1	
457	1	
458	1	
459	-1	
460	1	
461	-1	
462	1	
463	-1	
464	-1	
465	1	
466	1	
467	-1	
468	1	
469	1	
470	1	
471	-1	
472	-1	
473	-1	
474	1	
475	-1	
476	-1	
477	1	
478	-1	
479	-1	
480	-1	
481	1	
482	-1	
483	-1	
484	-1	
485	1	
486	1	
487	-1	
488	1	
489	-1	
490	1	
491	1	
492	-1	
493	1	
494	1	
495	-1	
496	-1	
497	-1	
498	-1	
499	-1	
500	1	
501	1	
502	1	
503	1	
504	1	
505	-1	
506	-1	
507	-1	
508	-1	
509	1	
510	-1	
511	1	
Js:	
194	196	4	
196	204	5	
200	204	3	
200	206	3	
198	206	5	
194	198	-4	
440	445	-4	
441	445	-3	
441	447	-4	
443	447	-5	
443	446	-3	
440	446	2	
408	413	4	
410	413	3	
410	474	2	
474	476	4	
472	476	-5	
408	472	2	
98	101	7	
99	101	-3	
99	103	3	
97	103	-4	
97	102	3	
98	102	3	
384	388	6	
388	396	5	
392	396	-4	
392	399	3	
391	399	-6	
384	391	4	
210	214	-5	
211	214	-4	
211	275	1	
275	279	-5	
274	279	4	
210	274	1	
25	28	5	
26	28	4	
26	29	-5	
27	29	-3	
27	31	5	
25	31	-3	
80	84	5	
81	84	5	
81	145	-1	
145	149	-4	
144	149	-6	
80	144	1	
153	157	2	
154	157	4	
154	159	-5	
152	159	4	
152	158	5	
153	158	5	
434	436	-4	
435	436	-4	
435	499	-3	
499	502	-4	
498	502	3	
434	498	-3	
297	300	-3	
298	300	-4	
298	303	4	
296	303	-4	
296	302	-4	
297	302	7	
72	76	5	
74	76	3	
74	79	-2	
75	79	5	
75	78	3	
72	78	-2	
313	316	-6	
314	316	-4	
314	378	2	
378	382	6	
377	382	5	
313	377	-2	
402	407	-2	
403	407	6	
403	467	3	
467	468	6	
466	468	-3	
402	466	-3	
48	52	3	
50	52	6	
50	55	4	
51	55	4	
51	53	3	
48	53	-6	
481	484	5	
484	492	-3	
488	492	5	
488	495	4	
487	495	-5	
481	487	4	
104	108	5	
107	108	-4	
107	171	-2	
171	175	2	
168	175	4	
104	168	-1	
58	60	-4	
59	60	5	
59	62	-4	
56	62	-4	
56	63	-1	
58	63	-6	
162	164	-4	
163	164	3	
163	227	2	
227	228	4	
226	228	4	
162	226	-2	
184	189	-2	
187	189	7	
187	251	-2	
251	252	3	
248	252	-5	
184	248	2	
338	340	-7	
340	348	-3	
344	348	5	
344	349	-7	
341	349	-4	
338	341	3	
64	68	3	
65	68	-4	
65	71	-5	
67	71	1	
67	70	3	
64	70	-4	
217	220	6	
218	220	4	
218	222	4	
219	222	6	
219	223	2	
217	223	-5	
112	117	4	
115	117	3	
115	119	-5	
113	119	3	
113	118	-3	
112	118	-2	
353	356	2	
355	356	5	
355	358	3	
352	358	-5	
352	359	3	
353	359	4	
409	412	6	
411	412	2	
411	475	3	
475	479	-3	
473	479	-5	
409	473	-1	
257	260	-2	
260	268	4	
264	268	5	
264	270	-5	
262	270	-2	
257	262	5	
321	326	-6	
326	334	-3	
330	334	3	
330	335	3	
327	335	4	
321	327	4	
368	375	-2	
369	375	5	
369	433	-2	
433	438	-4	
432	438	3	
368	432	2	
201	205	-5	
203	205	3	
203	267	-2	
267	269	-4	
265	269	-5	
201	265	-1	
176	180	4	
177	180	-4	
177	182	5	
179	182	-4	
179	181	-5	
176	181	-5	
235	237	6	
237	245	2	
240	245	3	
240	247	-4	
239	247	-2	
235	239	-5	
129	132	-4	
131	132	-6	
131	133	-4	
130	133	3	
130	134	-6	
129	134	-5	
449	452	3	
450	452	-6	
450	454	-5	
448	454	-2	
448	453	-6	
449	453	-5	
32	36	5	
33	36	-5	
33	39	-5	
34	39	-5	
34	37	3	
32	37	-5	
425	429	-1	
426	429	5	
426	431	-5	
424	431	4	
424	430	4	
425	430	-4	
8	13	6	
11	13	-4	
11	15	-5	
9	15	-3	
9	14	5	
8	14	4	
185	188	6	
186	188	4	
186	250	3	
250	255	-4	
249	255	-3	
185	249	-3	
304	308	-4	
307	308	-5	
307	310	6	
305	310	5	
305	309	4	
304	309	-2	
41	45	4	
43	45	-4	
43	46	4	
42	46	2	
42	47	7	
41	47	4	
282	285	-4	
285	293	-4	
288	293	-3	
288	295	-2	
287	295	3	
282	287	-3	
136	141	-2	
138	141	-4	
138	142	-5	
139	142	-4	
139	143	5	
136	143	4	
416	420	6	
417	420	-5	
417	422	-3	
419	422	7	
419	421	4	
416	421	-4	
90	92	-4	
91	92	6	
91	94	-3	
88	94	-5	
88	93	-5	
90	93	-6	
506	508	-4	
507	508	-4	
507	511	7	
505	511	-5	
505	509	3	
506	509	4	
456	460	-5	
457	460	5	
457	462	-2	
459	462	5	
459	463	-6	
456	463	2	
361	364	3	
363	364	5	
363	365	-4	
362	365	5	
362	367	-5	
361	367	-5	
18	20	-4	
19	20	-4	
19	21	3	
16	21	3	
16	23	-4	
18	23	-5	
322	325	-4	
323	325	-3	
323	387	-4	
387	390	4	
386	390	-4	
322	386	-4	
120	124	-5	
123	124	-7	
123	127	2	
121	127	-7	
121	126	-7	
120	126	3	
160	167	2	
161	167	-6	
161	225	2	
225	230	3	
224	230	5	
160	224	2	
105	111	6	
106	111	3	
106	170	2	
170	172	3	
169	172	4	
105	169	-1	
234	236	-4	
236	244	-3	
241	244	-3	
241	246	5	
238	246	-3	
234	238	-3	
400	404	-4	
401	404	5	
401	465	-4	
465	471	5	
464	471	-4	
400	464	-2	
0	4	-4	
1	4	3	
1	6	-5	
2	6	-5	
2	5	-4	
0	5	-3	
208	212	2	
209	212	3	
209	273	1	
273	278	-5	
272	278	3	
208	272	1	
192	199	5	
195	199	7	
195	259	-2	
259	263	-5	
256	263	-5	
192	256	1	
482	485	5	
485	493	-5	
490	493	-5	
490	494	-3	
486	494	-5	
482	486	-3	
82	85	4	
83	85	4	
83	147	-1	
147	148	5	
146	148	6	
82	146	1	
312	319	-4	
315	319	-6	
315	379	2	
379	383	-5	
376	383	-6	
312	376	-2	
283	284	-4	
284	292	3	
290	292	-4	
290	294	-5	
286	294	2	
283	286	5	
337	342	5	
342	350	2	
347	350	-5	
347	351	5	
343	351	-3	
337	343	-6	
320	324	6	
324	332	3	
329	332	-3	
329	333	3	
325	333	-4	
320	325	-3	
393	397	-5	
397	405	3	
403	405	4	
403	406	3	
398	406	-3	
393	398	-5	
497	500	5	
498	500	2	
498	501	5	
496	501	-4	
496	503	6	
497	503	4	
370	372	-2	
371	372	-4	
371	374	-4	
368	374	4	
368	373	5	
370	373	-6	
163	165	-4	
165	173	-4	
170	173	4	
170	174	2	
166	174	2	
163	166	-4	
89	92	3	
92	100	2	
96	100	-4	
96	103	-6	
95	103	-3	
89	95	5	
178	183	-4	
179	183	5	
179	243	-2	
243	244	3	
242	244	-4	
178	242	2	
425	428	4	
427	428	-4	
427	491	-5	
491	495	3	
489	495	-3	
425	489	-4	
216	221	-3	
221	229	3	
226	229	-4	
226	231	-3	
223	231	3	
216	223	4	
17	20	2	
20	28	3	
24	28	-3	
24	30	5	
22	30	-3	
17	22	-4	
193	197	-8	
194	197	-4	
194	258	4	
258	261	5	
257	261	-5	
193	257	3	
464	469	4	
469	477	-3	
474	477	-4	
474	478	4	
470	478	2	
464	470	3	
40	44	5	
44	52	-4	
49	52	4	
49	54	-6	
46	54	-3	
40	46	-4	
202	205	-3	
205	213	-4	
209	213	3	
209	215	4	
207	215	-2	
202	207	6	
9	12	3	
10	12	5	
10	74	-3	
74	77	-4	
73	77	3	
9	73	-3	
64	69	-5	
66	69	-5	
66	130	-1	
130	135	-4	
128	135	3	
64	128	-1	
440	444	-5	
442	444	3	
442	506	-4	
506	510	-2	
504	510	7	
440	504	2	
299	301	-4	
301	309	-2	
306	309	4	
306	311	-7	
303	311	-1	
299	303	-4	
385	389	5	
387	389	3	
387	451	-2	
451	455	-5	
449	455	-4	
385	449	3	
289	295	5	
291	295	-4	
291	355	3	
355	357	-3	
353	357	-4	
289	353	3	
266	271	3	
267	271	5	
267	331	-3	
331	332	-3	
330	332	3	
266	330	4	
148	156	2	
155	156	3	
155	158	3	
150	158	2	
146	150	-4	
274	276	2	
276	284	-2	
281	284	-4	
281	285	-4	
277	285	2	
274	277	6	
108	116	3	
114	116	4	
114	118	-4	
110	118	-5	
107	110	-3	
392	398	-3	
394	398	4	
394	458	-2	
458	461	4	
456	461	6	
392	456	-2	
345	350	4	
346	350	2	
346	410	-2	
410	414	4	
409	414	4	
345	409	2	
56	61	-4	
57	61	6	
57	121	-1	
121	125	3	
120	125	-4	
56	120	1	
336	340	-4	
338	343	1	
339	343	-3	
339	342	3	
336	342	4	
249	252	3	
249	253	-5	
250	253	-3	
250	254	4	
248	254	-3	
81	86	5	
82	86	3	
82	87	3	
80	87	4	
314	318	3	
312	318	4	
312	317	-4	
313	317	6	
483	484	-4	
483	487	-5	
480	487	2	
480	486	3	
481	486	-3	
232	239	-3	
233	239	-3	
233	297	-1	
232	296	-2	
432	436	-2	
434	439	3	
435	439	-4	
435	437	-3	
432	437	-4	
35	36	-4	
35	38	2	
33	38	-3	
33	37	4	
187	188	5	
187	190	4	
184	190	-6	
184	191	-6	
185	191	4	
352	357	-3	
354	357	3	
354	418	-4	
418	420	3	
352	416	-1	
137	141	4	
141	149	-3	
145	151	5	
143	151	-2	
137	143	3	
2	4	4	
3	4	4	
3	6	3	
0	6	-3	
216	222	-3	
219	283	-1	
283	287	2	
280	287	5	
216	280	-2	
104	109	3	
109	117	4	
114	117	1	
114	119	-3	
111	119	2	
104	111	4	
404	412	2	
408	412	-5	
408	415	-4	
407	415	2	
400	407	4	
372	380	-2	
379	380	-5	
375	383	3	
370	375	-3	
264	271	-3	
265	271	4	
265	329	-3	
329	334	-5	
328	334	3	
264	328	4	
224	228	3	
225	228	5	
225	229	-5	
227	229	-3	
227	230	-2	
462	470	-2	
467	470	4	
467	471	-2	
463	471	1	
241	245	-4	
242	245	5	
242	306	4	
305	311	2	
241	305	-3	
41	44	-3	
43	44	-5	
42	45	3	
72	77	-4	
77	85	3	
83	87	5	
79	87	-2	
72	79	-3	
192	196	3	
202	204	3	
202	206	2	
192	198	-5	
178	180	6	
178	182	2	
177	181	4	
424	428	-5	
491	492	3	
424	488	-2	
504	508	4	
504	509	-4	
13	21	-1	
17	21	6	
14	22	2	
11	14	2	
362	364	-5	
363	367	5	
361	365	-5	
26	30	-3	
27	30	2	
27	91	4	
90	94	-2	
26	90	3	
322	326	-2	
386	389	-5	
321	385	-3	
451	453	-3	
451	454	-5	
450	455	-4	
448	455	-4	
475	476	6	
475	478	-4	
473	478	-4	
472	479	-4	
153	156	-4	
155	157	-7	
152	157	-2	
153	159	3	
53	61	-2	
59	61	-3	
59	63	6	
55	63	3	
48	55	3	
210	212	-5	
211	212	4	
211	213	5	
208	213	3	
208	215	4	
210	215	-4	
67	68	-5	
67	131	1	
131	134	3	
65	129	1	
280	286	3	
282	286	-5	
282	346	-3	
346	349	4	
280	344	3	
160	164	-6	
161	164	-2	
161	166	3	
162	166	4	
162	165	3	
160	165	-4	
232	236	5	
234	237	-4	
235	238	3	
232	238	3	
496	500	3	
497	502	3	
499	503	2	
421	429	3	
426	430	4	
422	430	-3	
98	100	-4	
99	102	-4	
96	102	4	
256	260	6	
258	260	2	
259	261	3	
259	262	-3	
256	262	2	
433	437	5	
437	445	4	
443	445	4	
438	446	5	
377	380	-3	
378	380	5	
378	442	-3	
442	447	-3	
377	441	2	
288	292	-3	
290	293	-2	
291	293	4	
291	294	-2	
288	294	-5	
458	460	-3	
460	468	2	
465	468	-2	
465	469	-4	
461	469	1	
394	396	5	
394	399	3	
169	173	-2	
171	173	-3	
171	174	-4	
168	174	-3	
169	175	-4	
273	276	6	
275	276	-3	
275	278	3	
272	277	3	
273	277	2	
345	348	-4	
348	356	-4	
354	356	-2	
354	359	5	
351	359	-2	
345	351	-4	
136	142	-4	
139	203	-4	
203	207	2	
200	207	3	
136	200	6	
24	29	-4	
25	29	2	
25	89	3	
88	95	4	
24	88	2	
243	247	-4	
243	307	3	
240	304	4	
402	405	-4	
405	413	3	
411	413	3	
411	414	4	
406	414	-3	
402	406	-5	
51	54	-6	
51	115	-4	
115	116	1	
113	116	-5	
49	113	-3	
489	493	3	
489	494	4	
331	333	4	
333	341	-2	
337	341	-4	
335	343	-2	
331	335	-5	
12	20	-1	
15	23	-2	
10	15	-5	
66	70	-2	
70	78	4	
71	79	4	
66	71	-5	
195	196	-2	
193	199	2	
186	189	-5	
251	254	-5	
105	108	-2	
105	110	2	
106	110	5	
106	109	3	
219	221	-5	
217	221	2	
35	39	-4	
34	38	5	
299	300	4	
299	302	-3	
297	301	3	
298	301	-3	
304	310	3	
310	318	-3	
315	318	-5	
311	319	-3	
304	311	-5	
368	372	5	
371	373	-4	
369	373	3	
369	374	-5	
128	132	-6	
130	132	2	
129	135	5	
129	133	-3	
128	133	-4	
57	60	-3	
58	62	5	
57	63	4	
144	150	3	
147	150	-5	
147	211	4	
208	214	-4	
144	208	4	
320	327	-3	
323	327	5	
384	390	-4	
320	384	3	
121	124	-2	
123	125	-5	
120	127	5	
73	76	-4	
74	138	3	
73	137	-3	
265	268	-2	
265	270	-3	
266	270	4	
266	269	-4	
264	269	1	
16	22	-2	
19	22	-5	
19	83	-4	
83	86	3	
80	86	3	
16	80	5	
182	190	-1	
183	191	-4	
392	397	-5	
393	457	-2	
376	382	-3	
376	440	-4	
272	279	-4	
275	339	3	
339	341	3	
336	341	-2	
272	336	4	
353	358	-3	
354	358	2	
418	421	-4	
417	421	4	
353	417	2	
1	5	-4	
3	5	-4	
3	67	-5	
67	69	5	
65	69	-1	
1	65	-4	
243	246	-3	
246	254	3	
251	255	-4	
247	255	-4	
154	156	-3	
156	164	-1	
159	167	2	
473	477	5	
477	485	-1	
480	485	4	
479	487	-1	
225	231	-1	
227	231	-4	
227	291	-3	
289	294	-3	
225	289	2	
427	429	3	
429	437	1	
432	439	-3	
431	439	-2	
427	431	3	
117	125	4	
123	126	4	
118	126	-2	
501	509	-4	
502	510	4	
50	53	5	
45	53	1	
40	45	4	
401	405	-2	
466	470	-4	
465	470	3	
283	347	4	
281	345	2	
24	31	4	
91	93	3	
328	332	-5	
328	333	3	
171	172	-5	
171	235	2	
235	236	2	
233	236	-4	
169	233	-3	
248	253	4	
249	313	3	
248	312	-3	
490	492	4	
490	495	3	
488	494	1	
99	100	3	
267	268	-3	
263	271	-2	
8	15	3	
145	148	-2	
146	151	-3	
451	452	3	
347	411	1	
411	415	-5	
410	415	6	
203	206	-3	
201	206	-3	
201	207	3	
418	422	-4	
419	483	2	
482	484	-4	
418	482	3	
47	55	-2	
396	404	3	
401	406	3	
26	31	-3	
90	95	3	
292	300	-2	
295	303	1	
290	295	3	
131	195	1	
128	192	-1	
430	438	1	
433	439	1	
305	308	-4	
308	316	-2	
315	316	3	
475	477	2	
472	477	3	
472	478	-4	
464	468	5	
467	469	3	
466	469	3	
466	471	5	
181	189	2	
185	189	2	
177	183	2	
210	213	-2	
213	221	1	
218	221	-4	
218	223	-2	
215	223	-2	
274	338	2	
338	342	-3	
273	337	1	
75	77	-2	
75	139	-2	
137	142	-3	
379	443	3	
443	444	-3	
441	444	3	
35	37	3	
32	39	1	
32	38	4	
168	172	-4	
170	234	-3	
232	237	3	
168	232	2	
281	286	-2	
105	109	3	
107	109	-4	
107	111	2	
321	324	-2	
322	324	5	
163	167	3	
160	166	-3	
17	23	-4	
18	82	5	
17	81	2	
112	116	3	
114	178	3	
112	176	-2	
153	217	-3	
216	220	2	
152	216	4	
56	60	6	
57	62	4	
323	326	-3	
329	335	2	
499	500	4	
499	501	3	
240	246	-3	
2	66	5	
0	64	6	
258	263	-4	
258	262	-4	
457	461	3	
458	463	4	
505	508	-3	
507	510	-2	
339	340	2	
339	403	2	
336	400	3	
230	238	-1	
233	238	5	
231	239	2	
224	231	-5	
352	356	2	
349	357	1	
410	412	3	
409	413	-4	
417	481	4	
480	484	-4	
416	480	-5	
74	78	-3	
138	143	3	
72	136	-2	
309	317	2	
314	317	3	
314	319	-5	
149	157	-2	
155	159	-2	
151	159	-2	
144	151	3	
204	212	-2	
209	214	-4	
206	214	-2	
328	335	2	
390	398	3	
393	399	3	
387	391	-3	
16	20	-4	
21	29	-3	
289	293	-3	
355	359	3	
4	12	3	
8	12	-3	
5	13	-3	
84	92	1	
85	93	2	
81	85	-3	
491	493	1	
97	100	4	
96	101	2	
66	68	2	
65	70	3	
192	197	-3	
193	198	-1	
195	198	3	
41	46	3	
226	230	3	
224	229	-2	
371	435	1	
370	434	-3	
296	301	-4	
185	190	5	
186	190	-4	
128	134	3	
169	174	4	
170	175	4	
483	486	4	
86	94	-3	
89	94	-2	
87	95	-2	
442	446	-4	
439	447	-5	
244	252	-2	
245	253	3	
243	245	-3	
11	75	-4	
75	76	-2	
8	72	2	
50	114	-3	
112	119	-3	
48	112	-2	
385	388	4	
389	397	4	
290	354	-2	
288	352	-2	
306	308	-2	
306	310	-1	
307	309	4	
137	201	5	
200	205	-3	
155	219	-2	
154	218	3	
376	380	-3	
377	383	-6	
424	429	3	
180	188	-1	
184	188	-2	
281	287	-4	
312	316	-3	
313	318	3	
408	414	-4	
259	260	-4	
257	263	2	
144	148	3	
146	149	1	
212	220	-2	
214	222	1	
504	511	1	
503	511	-3	
115	118	4	
500	508	3	
507	509	-3	
336	343	-3	
233	237	-2	
234	239	3	
168	173	4	
173	181	-1	
174	182	-3	
356	364	-3	
357	365	2	
459	460	3	
457	463	4	
321	325	4	
161	165	2	
433	436	4	
436	444	4	
82	84	2	
40	47	-2	
42	106	2	
106	108	3	
40	104	3	
346	351	-4	
133	141	-2	
134	142	-1	
419	420	4	
483	485	3	
481	485	2	
269	277	-2	
271	279	-1	
93	101	-2	
97	101	3	
94	102	3	
426	428	-3	
426	490	-3	
488	493	4	
203	204	4	
293	301	-2	
294	302	1	
49	55	4	
330	394	-3	
394	397	-1	
329	393	-2	
448	452	-4	
449	454	-3	
152	156	3	
154	158	-3	
371	375	-3	
27	28	-2	
73	79	2	
403	404	-2	
400	406	-3	
473	476	-3	
385	391	2	
386	391	-3	
363	427	-1	
425	431	-4	
361	425	1	
268	276	-2	
270	278	3	
289	292	-4	
43	47	2	
43	107	3	
41	105	-4	
458	462	-5	
113	177	-2	
176	183	3	
25	30	-5	
30	38	2	
31	39	2	
164	172	-2	
167	175	-2	
162	167	-3	
78	86	3	
250	252	3	
250	314	-1	
434	438	2	
435	438	-3	
234	298	1	
441	446	-4	
441	505	-4	
350	358	-3	
10	14	-1	
146	210	-3	
492	500	1	
496	502	3	
494	502	-1	
491	494	4	
131	135	3	
242	247	-4	
242	246	-1	
34	36	-2	
35	99	3	
34	98	1	
68	76	-2	
69	77	2	
379	382	-3	
440	447	-1	
138	202	3	
299	363	3	
297	361	-4	
283	285	2	
278	286	1	
274	278	-3	
400	405	2	
399	407	3	
6	14	-2	
145	150	3	
145	209	-3	
331	334	-3	
251	253	3	
251	315	-1	
267	270	1	
99	163	2	
97	161	3	
386	450	-1	
384	448	2	
226	290	2	
370	374	-4	
434	437	-3	
193	196	4	
195	197	-3	
88	92	2	
91	95	-1	
506	511	4	
505	510	-3	
186	191	-2	
187	191	-2	
489	492	-2	
482	487	-3	
323	324	-2	
320	326	-2	
73	78	3	
369	372	3	
459	461	-2	
456	462	-3	
261	269	-2	
157	165	1	
158	166	2	
282	284	-2	
387	388	2	
337	340	-1	
338	402	2	
402	404	2	
337	401	-1	
240	244	3	
18	21	-2	
37	45	-2	
38	46	-2	
416	422	2	
139	141	-3	
298	302	-3	
298	362	3	
104	110	2	
98	162	2	
96	160	-1	
409	415	1	
344	350	2	
9	13	2	
433	497	-2	
432	496	-2	
179	180	1	
176	182	-3	
42	44	-2	
442	445	-1	
32	96	-1	
241	247	2	
266	268	-2	
202	266	-1	
194	199	2	
280	284	-3	
279	287	-1	
273	279	3	
427	430	2	
18	22	-2	
48	54	2	
322	327	-2	
364	372	2	
365	373	2	
498	503	3	
386	388	-1	
296	300	4	
275	277	-3	
113	117	-2	
199	207	-2	
401	407	-3	
229	237	1	
19	23	-2	
474	479	4	
328	392	-1	
256	261	3	
89	93	-2	
219	220	2	
220	228	2	
222	230	-4	
11	12	3	
347	349	-4	
355	419	-1	
450	453	-2	
315	317	-3	
217	281	2	
280	285	2	
384	389	1	
147	149	2	
142	150	-1	
58	61	-3	
83	84	3	
80	85	-2	
10	13	2	
272	276	-3	
64	71	1	
332	340	1	
248	255	-1	
135	143	1	
385	390	-1	
297	303	-2	
471	479	1	
116	124	-2	
224	288	-1	
420	428	2	
81	87	2	
334	342	1	
211	215	2	
497	501	2	
119	127	-2	
367	375	-2	
177	241	1	
453	461	-2	
454	462	3	
33	97	1	
201	204	-1	
344	408	-1	
49	53	1	
172	180	-2	
76	84	-2	
100	108	-1	
102	110	-1	
374	382	-1	
28	36	1	
91	155	-1	
89	153	1	
259	323	1	
257	321	-1	
291	292	-2	
393	396	1	
452	460	-2	
359	367	1	
101	109	-1	
103	111	-1	
98	103	-1	
115	179	-1	
346	348	-1	
29	37	1	
147	151	1	
330	333	2	
258	322	-1	
256	320	1	
413	421	1	
414	422	1	
249	254	1	
39	47	-1	
347	348	1	
178	181	-1	
176	240	-1	
36	44	-1	
300	308	1	
23	31	1	
455	463	1	
218	282	-1	
51	52	1	
54	62	1	
Energy:	-3352	
