NumberOfQubits	504	
NumberOfSubgraphs	504	
Serial	137	
PlantedSolution:	
0	-1	
1	-1	
2	1	
3	-1	
4	-1	
5	-1	
6	-1	
8	-1	
9	1	
10	1	
11	-1	
12	1	
13	1	
14	1	
15	-1	
16	1	
17	1	
18	-1	
19	1	
20	-1	
21	-1	
22	1	
23	1	
24	1	
25	-1	
26	1	
27	1	
28	1	
29	-1	
30	1	
31	-1	
32	1	
33	1	
34	1	
35	-1	
36	-1	
37	-1	
38	-1	
39	-1	
40	1	
41	-1	
42	1	
43	1	
44	-1	
45	1	
46	1	
47	1	
48	-1	
49	1	
50	1	
51	-1	
52	1	
53	1	
54	1	
55	1	
56	1	
57	1	
58	1	
59	1	
60	-1	
61	1	
62	-1	
63	-1	
64	1	
65	-1	
66	-1	
67	1	
68	1	
69	1	
70	1	
71	1	
72	-1	
73	1	
74	1	
75	1	
76	1	
77	1	
78	-1	
79	1	
80	1	
81	-1	
82	-1	
83	1	
84	-1	
85	-1	
86	-1	
87	1	
88	-1	
89	1	
90	1	
91	1	
92	-1	
93	-1	
94	-1	
95	1	
96	-1	
97	-1	
98	-1	
99	-1	
100	-1	
101	1	
102	1	
103	-1	
104	-1	
105	1	
106	-1	
107	1	
108	1	
109	1	
110	-1	
111	1	
112	1	
113	1	
114	-1	
115	1	
116	-1	
117	1	
118	1	
119	1	
120	1	
121	1	
123	-1	
124	-1	
125	-1	
126	-1	
127	-1	
128	-1	
129	1	
130	-1	
131	1	
132	-1	
133	-1	
134	1	
135	-1	
136	1	
137	1	
138	-1	
139	-1	
141	-1	
142	-1	
143	-1	
144	1	
145	-1	
146	-1	
147	1	
148	-1	
149	1	
150	1	
151	1	
152	1	
153	-1	
154	1	
155	1	
156	1	
157	-1	
158	1	
159	-1	
160	-1	
161	-1	
162	1	
163	1	
164	1	
165	-1	
166	1	
167	-1	
168	1	
169	1	
170	-1	
171	-1	
172	1	
173	-1	
174	1	
175	-1	
176	-1	
177	-1	
178	1	
179	1	
180	1	
181	1	
182	1	
183	1	
184	1	
185	1	
186	-1	
187	-1	
188	1	
189	1	
190	-1	
191	-1	
192	-1	
193	-1	
194	-1	
195	-1	
196	-1	
197	1	
198	-1	
199	1	
200	-1	
201	1	
202	1	
203	-1	
204	1	
205	1	
206	1	
207	-1	
208	-1	
209	-1	
210	1	
211	1	
212	-1	
213	-1	
214	-1	
215	-1	
216	1	
217	1	
218	1	
219	1	
220	1	
221	-1	
222	-1	
223	-1	
224	-1	
225	1	
226	-1	
227	1	
228	1	
229	1	
230	1	
231	-1	
232	1	
233	1	
234	1	
235	-1	
236	-1	
237	1	
238	-1	
239	1	
240	1	
241	1	
242	1	
243	-1	
244	-1	
245	1	
246	1	
247	1	
248	-1	
249	-1	
250	-1	
251	-1	
252	1	
253	-1	
254	1	
255	-1	
256	1	
257	-1	
258	1	
259	-1	
260	1	
261	-1	
262	-1	
263	-1	
264	1	
265	-1	
266	1	
267	1	
268	-1	
269	-1	
270	-1	
271	1	
272	1	
273	-1	
274	-1	
275	-1	
276	1	
277	-1	
278	1	
279	1	
280	1	
281	1	
282	-1	
283	-1	
284	-1	
285	-1	
286	1	
287	-1	
288	-1	
289	-1	
290	1	
291	-1	
292	-1	
293	-1	
294	-1	
295	1	
296	1	
297	-1	
298	-1	
299	-1	
300	-1	
301	1	
302	-1	
303	-1	
304	-1	
305	-1	
306	-1	
307	-1	
308	1	
309	-1	
310	-1	
311	1	
312	1	
313	-1	
314	-1	
315	1	
316	-1	
317	-1	
318	1	
319	-1	
320	-1	
321	-1	
322	1	
323	-1	
324	1	
325	-1	
326	-1	
327	-1	
328	1	
329	1	
330	1	
331	1	
332	1	
333	-1	
334	1	
335	1	
336	-1	
337	-1	
338	1	
339	1	
340	1	
341	-1	
342	-1	
343	-1	
344	-1	
345	-1	
346	-1	
347	1	
348	-1	
349	1	
350	1	
351	1	
352	-1	
353	-1	
354	-1	
355	1	
356	-1	
357	-1	
358	-1	
359	-1	
361	-1	
362	-1	
363	-1	
364	-1	
365	-1	
367	1	
368	1	
369	-1	
370	-1	
371	1	
372	-1	
373	-1	
374	1	
375	1	
376	1	
377	-1	
378	-1	
379	1	
380	1	
382	-1	
383	-1	
384	1	
385	1	
386	-1	
387	-1	
388	1	
389	-1	
390	-1	
391	-1	
392	1	
393	-1	
394	-1	
396	-1	
397	1	
398	-1	
399	-1	
400	-1	
401	1	
402	1	
403	1	
404	-1	
405	-1	
406	-1	
407	1	
408	1	
409	-1	
410	1	
411	-1	
412	1	
413	-1	
414	-1	
415	-1	
416	1	
417	1	
418	-1	
419	1	
420	-1	
421	1	
422	1	
424	-1	
425	-1	
426	1	
427	1	
428	1	
429	1	
430	1	
431	-1	
432	1	
433	1	
434	1	
435	1	
436	1	
437	-1	
438	1	
439	1	
440	1	
441	-1	
442	-1	
443	-1	
444	1	
445	-1	
446	1	
447	-1	
448	1	
449	1	
450	1	
451	1	
452	1	
453	1	
454	1	
455	-1	
456	-1	
457	1	
458	1	
459	-1	
460	1	
461	1	
462	1	
463	-1	
464	1	
465	1	
466	1	
467	-1	
468	-1	
469	-1	
470	1	
471	1	
472	1	
473	-1	
474	-1	
475	-1	
476	1	
477	1	
478	1	
479	1	
480	1	
481	1	
482	1	
483	-1	
484	1	
485	-1	
486	-1	
487	-1	
488	-1	
489	-1	
490	1	
491	1	
492	1	
493	1	
494	-1	
495	1	
496	-1	
497	1	
498	1	
499	1	
500	-1	
501	1	
502	-1	
503	1	
504	-1	
505	-1	
506	-1	
507	-1	
508	-1	
509	-1	
510	1	
511	1	
Js:	
298	300	-3	
300	308	2	
306	308	3	
306	311	3	
303	311	2	
298	303	-5	
424	431	-5	
426	431	2	
426	490	1	
490	494	3	
488	494	-3	
424	488	-3	
496	501	2	
499	501	-4	
499	502	3	
497	502	4	
497	503	-2	
496	503	-5	
323	325	-2	
325	333	-2	
329	333	2	
329	335	-4	
327	335	-2	
323	327	-4	
217	223	3	
219	223	-1	
219	283	2	
283	285	-4	
281	285	2	
217	281	-2	
274	277	-3	
275	277	2	
275	339	3	
339	342	2	
338	342	1	
274	338	2	
192	197	4	
194	197	4	
194	258	-1	
258	263	4	
256	263	3	
192	256	2	
89	92	2	
91	92	2	
91	155	-2	
155	157	2	
153	157	-2	
89	153	-2	
145	148	-3	
147	148	3	
147	149	-2	
146	149	3	
146	150	3	
145	150	4	
48	53	4	
51	53	4	
51	115	3	
115	116	4	
112	116	4	
48	112	-3	
202	204	3	
204	212	2	
211	212	3	
211	215	1	
207	215	-1	
202	207	4	
250	254	5	
251	254	2	
251	315	-1	
315	319	3	
314	319	-4	
250	314	-1	
96	100	1	
97	100	-4	
97	102	3	
99	102	2	
99	101	2	
96	101	2	
241	247	-3	
243	247	3	
243	307	-2	
307	309	-2	
305	309	-4	
241	305	-1	
442	444	4	
443	444	-1	
443	507	-2	
507	510	3	
506	510	3	
442	506	-2	
72	77	4	
74	77	-2	
74	138	-4	
138	142	-3	
136	142	2	
72	136	2	
225	229	-3	
227	229	-2	
227	291	1	
291	293	-3	
289	293	-2	
225	289	-1	
464	468	4	
466	468	-2	
466	469	5	
465	469	3	
465	471	-1	
464	471	-5	
472	476	-4	
473	476	3	
473	478	1	
475	478	4	
475	479	2	
472	479	3	
233	236	4	
234	236	1	
234	237	-4	
232	237	1	
232	239	-3	
233	239	-2	
49	52	-3	
50	52	4	
50	114	1	
114	118	3	
113	118	-2	
49	113	-1	
66	71	4	
67	71	-2	
67	131	-1	
131	133	1	
130	133	-4	
66	130	1	
440	446	-3	
441	446	3	
441	505	-1	
505	511	3	
504	511	-5	
440	504	1	
24	28	-4	
28	36	3	
34	36	4	
34	38	-1	
30	38	2	
24	30	-4	
392	396	2	
394	396	-3	
394	458	-1	
458	460	-1	
456	460	2	
392	456	2	
105	109	-2	
107	109	-2	
107	110	4	
106	110	-3	
106	111	-2	
105	111	-5	
1	4	-2	
3	4	3	
3	5	-5	
2	5	2	
2	6	3	
1	6	-3	
448	452	-4	
450	452	-1	
450	454	4	
451	454	-2	
451	455	1	
448	455	5	
57	60	-2	
59	60	5	
59	62	4	
56	62	4	
56	61	-4	
57	61	-5	
370	372	-2	
371	372	2	
371	435	-2	
435	439	-3	
434	439	-2	
370	434	-1	
408	412	-2	
412	420	-2	
419	420	1	
419	421	-4	
413	421	3	
408	413	3	
120	125	-2	
123	125	-3	
123	187	-3	
187	188	2	
184	188	-3	
120	184	-2	
137	143	3	
139	143	-2	
139	203	-2	
203	205	2	
201	205	5	
137	201	-3	
384	388	4	
386	388	2	
386	390	-3	
385	390	3	
385	389	2	
384	389	3	
193	196	-4	
195	196	-5	
195	259	1	
259	260	4	
257	260	3	
193	257	-2	
280	287	3	
282	287	-4	
282	346	-3	
346	350	-4	
344	350	3	
280	344	3	
17	20	3	
19	20	3	
19	23	3	
16	23	-2	
16	21	3	
17	21	3	
161	164	3	
162	164	-4	
162	165	4	
163	165	3	
163	167	4	
161	167	3	
8	12	3	
9	12	-4	
9	15	-2	
11	15	-3	
11	13	4	
8	13	2	
354	356	-2	
356	364	1	
361	364	-4	
361	365	-3	
357	365	-3	
354	357	-3	
224	230	-5	
226	230	4	
226	290	1	
290	292	2	
288	292	-5	
224	288	-1	
264	269	3	
266	269	2	
266	271	-3	
265	271	3	
265	270	2	
264	270	3	
480	485	2	
483	485	-5	
483	487	-3	
481	487	3	
481	486	4	
480	486	3	
170	172	4	
172	180	1	
178	180	-2	
178	183	-2	
175	183	1	
170	175	-2	
400	404	-3	
403	404	4	
403	406	2	
401	406	3	
401	407	-2	
400	407	-3	
80	84	-1	
83	84	3	
83	86	4	
82	86	-2	
82	85	-4	
80	85	2	
35	37	-4	
37	45	1	
42	45	-2	
42	47	-3	
39	47	-3	
35	39	-4	
88	93	-5	
90	93	2	
90	154	-1	
154	159	4	
152	159	-1	
88	152	1	
240	244	1	
244	252	4	
248	252	2	
248	253	5	
245	253	3	
240	245	-4	
425	428	-4	
428	436	-2	
433	436	-3	
433	437	3	
429	437	2	
425	429	2	
345	348	-3	
347	348	3	
347	411	4	
411	415	-4	
409	415	-3	
345	409	3	
272	276	-4	
273	276	-1	
273	337	-2	
337	341	-3	
336	341	-2	
272	336	1	
312	317	3	
313	317	-5	
313	377	-3	
377	383	3	
376	383	3	
312	376	-4	
208	213	-4	
213	221	-3	
218	221	-3	
218	222	4	
214	222	-4	
208	214	-3	
64	68	-2	
65	68	2	
65	129	2	
129	134	2	
128	134	4	
64	128	2	
322	324	-1	
324	332	-2	
331	332	2	
331	334	-3	
326	334	2	
322	326	4	
352	359	-2	
353	359	-1	
353	417	2	
417	422	-1	
416	422	-4	
352	416	-2	
179	181	-3	
181	189	-4	
186	189	5	
186	190	-3	
182	190	-5	
179	182	-2	
40	44	2	
43	44	3	
43	47	-3	
41	47	1	
41	46	2	
40	46	4	
489	492	3	
491	492	-4	
491	493	-4	
488	493	2	
488	495	2	
489	495	-3	
72	76	4	
73	76	-2	
73	79	-3	
75	79	-3	
75	78	4	
72	78	1	
297	300	-2	
299	300	1	
299	302	-4	
296	302	3	
296	301	-4	
297	301	3	
459	462	4	
462	470	2	
467	470	1	
467	471	3	
463	471	2	
459	463	-3	
304	310	-2	
305	310	3	
305	369	-2	
369	373	-2	
368	373	2	
304	368	3	
25	28	3	
26	28	-3	
26	29	3	
27	29	4	
27	31	-2	
25	31	-4	
160	165	-2	
165	173	-1	
169	173	2	
169	174	3	
166	174	-2	
160	166	2	
393	397	-1	
397	405	3	
402	405	3	
402	407	-2	
399	407	2	
393	399	-4	
362	367	3	
363	367	2	
363	427	-3	
427	430	-3	
426	430	-5	
362	426	4	
104	108	-3	
107	108	-3	
107	171	1	
171	175	-3	
168	175	2	
104	168	2	
368	372	2	
372	380	4	
378	380	3	
378	382	-4	
374	382	4	
368	374	3	
81	86	-1	
86	94	-2	
90	94	-3	
90	95	-4	
87	95	-2	
81	87	4	
121	127	2	
123	127	-2	
187	191	-4	
185	191	-2	
121	185	-3	
50	54	-3	
54	62	-1	
58	62	3	
58	63	4	
55	63	2	
50	55	-3	
498	500	3	
500	508	-4	
507	508	-1	
507	509	-2	
501	509	-2	
498	501	-3	
242	246	-3	
246	254	-2	
249	254	3	
249	255	2	
247	255	5	
242	247	-3	
192	198	-4	
198	206	2	
200	206	4	
200	207	1	
199	207	3	
192	199	2	
474	476	2	
476	484	-2	
482	484	2	
482	485	3	
477	485	2	
474	477	2	
449	452	-2	
452	460	2	
457	460	-4	
457	461	-3	
453	461	-2	
449	453	-3	
216	220	3	
220	228	-1	
227	228	-5	
227	231	2	
223	231	-2	
216	223	3	
10	13	-3	
13	21	-1	
18	21	-4	
18	22	3	
14	22	-1	
10	14	-2	
280	284	2	
284	292	1	
288	294	-5	
286	294	1	
280	286	-1	
321	325	2	
323	387	-2	
387	391	-2	
385	391	1	
321	385	1	
144	148	3	
148	156	2	
155	156	-2	
155	159	3	
151	159	-1	
144	151	-3	
328	332	-3	
332	340	-3	
338	340	-2	
338	343	4	
335	343	-2	
328	335	-2	
350	358	3	
355	358	3	
355	359	2	
351	359	3	
346	351	2	
112	117	-2	
113	117	-3	
113	177	2	
177	183	2	
176	183	2	
112	176	2	
260	268	3	
267	268	-3	
267	269	2	
261	269	-3	
257	261	-3	
209	215	-4	
210	215	4	
210	274	2	
274	279	2	
273	279	-3	
209	273	-3	
32	36	-3	
34	98	3	
98	103	-3	
96	103	-4	
32	96	2	
432	438	-1	
438	446	-2	
441	447	-1	
439	447	-2	
432	439	-3	
410	412	-2	
418	420	-3	
418	422	4	
414	422	3	
410	414	3	
314	316	4	
315	316	3	
315	379	-2	
379	383	4	
378	383	-2	
314	378	-1	
133	141	-2	
139	141	-3	
135	143	2	
130	135	-2	
235	236	3	
235	238	-2	
232	238	3	
114	116	-3	
116	124	2	
120	124	3	
120	127	3	
119	127	5	
114	119	4	
67	69	-2	
69	77	-4	
75	77	-3	
70	78	-3	
67	70	-3	
329	334	-1	
330	334	-4	
330	394	1	
394	398	-5	
393	398	-2	
329	393	-2	
256	262	3	
258	262	4	
258	322	-1	
320	326	-3	
256	320	-1	
344	349	2	
347	349	-3	
408	415	3	
344	408	2	
64	69	-3	
65	69	-2	
129	132	2	
128	132	-2	
369	375	1	
371	375	-3	
435	436	1	
369	433	2	
33	37	3	
35	99	1	
99	100	-3	
33	97	2	
285	293	-1	
289	295	3	
287	295	-1	
283	287	-1	
440	444	-2	
442	447	-2	
443	447	-3	
443	445	3	
440	445	3	
276	284	3	
281	284	3	
281	286	-3	
278	286	2	
272	278	-2	
0	4	-3	
4	12	1	
10	12	-2	
6	14	-2	
0	6	-3	
145	149	2	
149	157	2	
152	157	4	
152	158	2	
150	158	-1	
306	309	-2	
309	317	1	
313	318	1	
310	318	3	
306	310	-4	
115	117	-2	
117	125	3	
121	125	2	
121	126	-2	
118	126	4	
115	118	-1	
98	101	-2	
101	109	-1	
106	109	3	
102	110	2	
98	102	3	
184	190	1	
185	190	2	
185	249	2	
249	253	-3	
184	248	3	
387	390	-3	
387	451	2	
451	453	-4	
450	453	2	
386	450	2	
19	22	-2	
22	30	-2	
25	30	2	
23	31	2	
352	356	-4	
353	356	-3	
353	358	-1	
354	358	3	
352	357	-1	
200	204	3	
209	212	-2	
209	214	1	
206	214	1	
363	365	-1	
365	373	-3	
370	373	-4	
370	375	-4	
367	375	-3	
164	172	-1	
169	172	-3	
161	166	3	
243	245	2	
307	311	2	
304	311	3	
240	304	-1	
469	477	-2	
475	477	3	
470	478	-2	
466	470	-4	
82	84	-3	
84	92	3	
88	92	-4	
85	93	-3	
480	484	-3	
482	487	4	
483	486	-1	
41	44	-3	
42	44	2	
40	45	-3	
225	228	-3	
226	228	1	
224	231	-1	
225	231	2	
299	301	2	
298	302	2	
297	303	-2	
497	500	2	
506	508	-3	
502	510	-2	
339	341	3	
341	349	1	
345	349	3	
345	351	3	
343	351	-1	
339	343	2	
49	53	-3	
49	55	3	
51	55	3	
51	54	3	
48	54	2	
74	76	-2	
138	141	-2	
137	141	3	
73	137	-2	
401	405	2	
405	413	1	
409	413	-2	
409	414	-1	
406	414	-2	
458	461	-3	
458	463	2	
457	462	1	
218	220	-1	
219	220	3	
219	221	2	
216	221	2	
216	222	3	
147	151	-4	
147	211	-3	
211	213	3	
144	208	2	
177	182	4	
178	182	2	
178	242	-3	
242	244	2	
241	244	4	
177	241	2	
202	205	-2	
202	266	-1	
201	265	2	
491	495	2	
490	495	-3	
490	493	-3	
489	493	2	
56	60	-1	
59	63	2	
57	63	1	
195	199	4	
194	199	3	
194	198	-2	
193	198	-3	
170	173	-2	
171	173	-3	
171	235	-2	
234	238	2	
170	234	-1	
424	428	3	
427	429	-4	
427	431	1	
389	397	2	
392	397	-3	
392	399	3	
391	399	-2	
384	391	3	
267	270	3	
267	331	2	
331	333	2	
328	333	4	
264	328	-1	
176	180	3	
180	188	-4	
186	188	2	
176	181	3	
16	20	3	
17	81	2	
80	87	-3	
16	80	3	
432	437	3	
434	437	2	
434	498	-2	
498	503	-3	
432	496	2	
403	467	3	
467	468	2	
400	464	2	
27	91	3	
91	95	-2	
26	90	-2	
3	67	3	
2	66	-2	
312	316	3	
313	316	-1	
377	380	-2	
376	380	-1	
131	134	-3	
134	142	2	
136	143	2	
131	135	4	
336	340	2	
339	340	-2	
337	342	3	
336	342	-3	
153	158	4	
154	158	-2	
154	218	2	
218	223	2	
153	217	2	
353	357	-2	
355	357	3	
355	419	-3	
417	421	-2	
505	509	-4	
507	511	2	
504	510	2	
505	510	2	
448	454	-1	
454	462	-2	
456	462	2	
456	463	-2	
455	463	2	
249	252	-2	
251	252	2	
251	255	-1	
250	255	-2	
32	37	-1	
33	39	2	
33	38	2	
32	38	3	
410	413	3	
410	474	2	
474	479	4	
408	472	-1	
291	292	2	
291	295	4	
290	295	-4	
290	294	2	
273	277	-3	
274	278	2	
275	278	4	
275	279	2	
105	108	-3	
107	111	-2	
104	110	-2	
160	164	2	
160	167	-2	
321	324	4	
323	324	2	
320	327	1	
321	326	-2	
9	13	3	
8	15	-4	
259	261	-3	
259	263	-2	
257	262	2	
362	364	-3	
425	430	2	
361	425	1	
89	94	3	
94	102	-1	
99	103	-3	
95	103	1	
89	95	-2	
385	388	-2	
388	396	2	
390	398	-2	
312	318	-2	
315	318	-3	
379	382	2	
376	382	-1	
1	65	-3	
65	70	2	
64	70	-2	
0	64	2	
433	438	1	
435	438	-4	
435	499	-2	
433	497	-2	
73	78	2	
78	86	-1	
83	87	1	
79	87	-1	
296	300	3	
305	308	1	
301	309	-2	
226	229	3	
229	237	-3	
230	238	3	
417	420	4	
416	421	3	
130	132	-3	
130	194	-1	
193	197	2	
129	193	-1	
146	151	-2	
146	210	2	
210	212	2	
208	212	-1	
18	20	3	
20	28	1	
24	31	2	
18	23	3	
120	126	2	
486	494	-1	
489	494	-2	
487	495	1	
44	52	2	
46	54	-1	
43	46	-2	
402	466	-2	
401	465	-3	
178	181	-1	
179	243	2	
243	246	-2	
265	268	-2	
266	268	-2	
266	330	-2	
330	335	-3	
265	329	1	
346	348	-1	
344	348	1	
121	124	3	
123	124	-2	
57	62	-2	
56	63	3	
153	156	-1	
441	444	3	
441	445	-3	
440	447	4	
203	207	-2	
203	206	3	
104	109	3	
106	170	-1	
168	172	3	
369	372	-2	
369	374	3	
409	412	2	
473	479	3	
409	473	1	
449	454	-3	
450	455	3	
66	68	2	
68	76	-3	
66	69	-1	
314	318	1	
311	319	-1	
336	343	-3	
338	402	-2	
400	405	-2	
336	400	1	
81	84	-2	
83	147	1	
81	145	-1	
128	133	2	
139	142	-3	
176	182	1	
424	430	1	
430	438	-1	
434	438	-3	
431	439	-1	
92	100	1	
97	101	2	
93	101	1	
161	225	2	
224	229	2	
160	224	-2	
290	293	2	
289	294	-2	
304	308	2	
307	308	3	
307	371	-3	
368	375	-1	
282	284	2	
282	286	2	
283	286	3	
217	220	-2	
217	221	1	
219	222	3	
387	388	2	
386	391	-2	
386	389	-2	
48	52	1	
51	52	1	
473	477	4	
472	478	-3	
348	356	2	
347	351	-2	
228	236	3	
235	239	1	
231	239	3	
262	270	-2	
259	262	-1	
320	324	-3	
321	327	-2	
322	327	3	
322	325	2	
320	325	-4	
427	428	-3	
432	436	2	
250	252	2	
465	468	3	
464	470	-1	
465	470	-2	
21	29	1	
24	29	1	
496	500	-2	
499	503	-1	
45	53	-2	
47	55	-1	
40	47	-1	
393	396	2	
393	457	1	
330	332	-2	
337	340	3	
334	342	3	
488	492	2	
256	261	3	
264	271	-3	
263	271	-2	
168	173	4	
171	174	3	
169	175	4	
297	302	-2	
299	363	2	
363	364	-4	
297	361	-2	
10	15	4	
11	75	1	
74	79	-2	
10	74	1	
209	213	1	
211	214	2	
210	214	1	
505	508	-2	
506	511	2	
504	509	-2	
483	484	-3	
480	487	1	
2	4	3	
3	6	1	
0	5	-2	
274	276	-1	
275	276	1	
272	277	3	
195	197	-1	
115	179	2	
179	183	-2	
146	148	1	
152	156	-3	
418	421	2	
354	418	-1	
27	30	-3	
91	94	3	
25	89	2	
404	412	2	
411	412	2	
411	414	-2	
362	365	-2	
233	237	-2	
237	245	-1	
240	246	-3	
238	246	-1	
233	238	1	
184	191	2	
187	251	-2	
251	253	-2	
451	452	-3	
459	460	2	
459	461	1	
42	106	2	
41	105	2	
82	146	-1	
144	150	2	
80	144	-1	
136	141	4	
200	205	2	
136	200	2	
379	443	2	
443	446	-1	
442	446	3	
378	442	-2	
38	46	2	
234	239	-3	
234	298	1	
296	303	1	
232	296	1	
19	21	2	
17	22	-3	
16	22	1	
11	12	1	
11	14	3	
8	14	3	
58	60	3	
347	350	-1	
131	132	3	
129	135	2	
129	133	-1	
331	335	1	
67	68	1	
66	70	2	
64	71	-3	
161	165	-1	
162	167	-1	
162	166	-1	
313	319	-2	
314	317	-1	
394	397	-3	
458	462	-3	
449	455	1	
416	420	2	
417	481	3	
416	480	-3	
377	382	-3	
370	374	1	
196	204	2	
203	204	-2	
108	116	1	
111	119	1	
177	181	1	
26	31	-3	
88	95	1	
24	88	1	
408	414	-1	
279	287	2	
74	78	1	
138	143	-2	
402	404	1	
401	404	-1	
337	401	1	
221	229	-1	
474	478	2	
387	389	-3	
384	390	-1	
250	253	-1	
490	492	-2	
492	500	1	
495	503	-1	
89	93	1	
81	85	-2	
266	270	2	
265	269	-2	
289	292	-1	
291	355	1	
289	353	-3	
98	100	-2	
97	103	1	
170	174	2	
34	39	1	
35	38	-2	
212	220	2	
504	508	-2	
506	509	-2	
154	156	-2	
154	157	1	
241	245	1	
434	436	-2	
435	437	2	
258	260	-2	
1	5	-2	
425	431	1	
425	489	-2	
333	341	-2	
328	334	1	
403	407	-2	
202	206	1	
138	202	1	
183	191	3	
352	358	-2	
345	350	1	
72	79	1	
71	79	-2	
65	71	-1	
280	285	3	
277	285	1	
162	226	1	
109	117	1	
112	118	-1	
110	118	1	
19	83	-2	
18	82	-1	
419	422	-2	
419	483	2	
418	482	2	
257	263	1	
128	135	-2	
288	293	-2	
291	294	1	
145	151	1	
25	29	-1	
58	61	-2	
371	373	1	
385	449	-3	
448	453	-1	
384	448	-1	
475	476	1	
361	367	2	
359	367	-2	
354	359	-2	
235	237	-1	
169	233	-2	
493	501	1	
497	501	-2	
494	502	-1	
491	494	2	
9	14	-3	
43	45	-2	
43	107	-2	
40	104	2	
456	461	-2	
243	244	1	
248	255	-2	
33	36	1	
29	37	2	
203	267	1	
267	271	-1	
123	126	2	
113	119	-2	
402	406	2	
398	406	-2	
155	158	-2	
158	166	-1	
163	166	3	
159	167	-2	
346	349	1	
346	410	-1	
410	415	1	
17	23	-1	
232	236	3	
227	230	1	
433	439	-1	
368	432	-1	
498	502	1	
503	511	-2	
481	484	-2	
41	45	-2	
185	189	-2	
184	189	1	
179	180	-1	
96	102	-1	
426	429	-2	
396	404	-1	
299	303	-2	
194	196	1	
323	326	-1	
466	471	1	
379	380	-2	
42	46	-3	
32	39	1	
499	500	2	
288	352	1	
186	250	1	
208	215	1	
208	272	1	
80	86	2	
264	268	2	
482	486	1	
283	284	-1	
73	77	1	
201	207	1	
201	206	-1	
226	231	2	
52	60	1	
210	213	1	
322	386	-1	
156	164	-2	
157	165	1	
344	351	1	
106	108	-1	
400	406	-1	
392	398	-1	
153	159	-1	
176	240	1	
163	227	-1	
442	445	-1	
34	37	1	
49	54	-2	
48	55	2	
403	405	1	
467	469	1	
144	149	1	
235	299	-1	
233	297	1	
195	198	1	
328	392	-1	
98	162	-1	
96	160	-2	
496	502	1	
187	190	-1	
281	287	-1	
272	279	-1	
114	117	1	
376	440	1	
75	76	-1	
224	228	1	
35	36	-1	
31	39	-1	
460	468	1	
457	463	-1	
5	13	1	
215	223	-1	
242	245	-1	
305	311	1	
371	374	-1	
394	399	-1	
259	323	1	
257	321	-1	
338	341	1	
130	134	-1	
308	316	-1	
472	477	1	
282	285	-1	
407	415	1	
290	354	-1	
186	191	1	
137	142	1	
142	150	1	
147	150	1	
143	151	1	
197	205	1	
461	469	1	
83	85	-1	
82	87	1	
12	20	1	
15	23	1	
99	163	1	
241	246	1	
377	441	1	
298	301	1	
304	309	-1	
50	53	-1	
59	61	1	
177	180	1	
185	188	-1	
292	300	-1	
294	302	1	
155	219	-1	
152	216	1	
145	209	1	
100	108	-1	
283	347	1	
281	345	-1	
168	232	1	
225	230	-1	
26	30	-1	
Energy:	-2104	
