NumberOfQubits	504	
NumberOfSubgraphs	672	
Serial	294	
PlantedSolution:	
0	1	
1	-1	
2	1	
3	-1	
4	1	
5	1	
6	-1	
8	-1	
9	-1	
10	-1	
11	-1	
12	1	
13	1	
14	-1	
15	1	
16	-1	
17	-1	
18	-1	
19	1	
20	-1	
21	-1	
22	1	
23	-1	
24	1	
25	-1	
26	-1	
27	1	
28	1	
29	-1	
30	1	
31	-1	
32	-1	
33	-1	
34	1	
35	1	
36	1	
37	1	
38	-1	
39	-1	
40	-1	
41	1	
42	1	
43	-1	
44	1	
45	-1	
46	1	
47	1	
48	1	
49	1	
50	1	
51	1	
52	1	
53	1	
54	1	
55	1	
56	-1	
57	-1	
58	-1	
59	-1	
60	1	
61	1	
62	1	
63	1	
64	1	
65	1	
66	-1	
67	-1	
68	-1	
69	1	
70	1	
71	1	
72	-1	
73	1	
74	-1	
75	-1	
76	1	
77	-1	
78	1	
79	1	
80	-1	
81	1	
82	-1	
83	-1	
84	1	
85	-1	
86	-1	
87	-1	
88	1	
89	1	
90	1	
91	1	
92	-1	
93	1	
94	1	
95	-1	
96	1	
97	-1	
98	-1	
99	1	
100	1	
101	1	
102	-1	
103	-1	
104	1	
105	-1	
106	-1	
107	1	
108	-1	
109	-1	
110	-1	
111	1	
112	-1	
113	1	
114	-1	
115	1	
116	1	
117	-1	
118	-1	
119	1	
120	-1	
121	-1	
123	1	
124	1	
125	-1	
126	-1	
127	-1	
128	-1	
129	1	
130	-1	
131	1	
132	-1	
133	1	
134	1	
135	1	
136	-1	
137	1	
138	-1	
139	-1	
141	-1	
142	1	
143	-1	
144	-1	
145	1	
146	-1	
147	-1	
148	-1	
149	-1	
150	-1	
151	-1	
152	1	
153	-1	
154	1	
155	1	
156	1	
157	1	
158	1	
159	1	
160	1	
161	-1	
162	-1	
163	1	
164	1	
165	-1	
166	-1	
167	1	
168	1	
169	-1	
170	1	
171	1	
172	1	
173	-1	
174	-1	
175	1	
176	-1	
177	1	
178	1	
179	1	
180	-1	
181	1	
182	1	
183	-1	
184	-1	
185	1	
186	-1	
187	1	
188	1	
189	1	
190	-1	
191	1	
192	-1	
193	-1	
194	-1	
195	1	
196	1	
197	1	
198	1	
199	-1	
200	-1	
201	1	
202	1	
203	-1	
204	-1	
205	1	
206	-1	
207	1	
208	1	
209	1	
210	1	
211	1	
212	-1	
213	1	
214	1	
215	1	
216	1	
217	-1	
218	1	
219	1	
220	-1	
221	1	
222	-1	
223	1	
224	1	
225	-1	
226	-1	
227	-1	
228	1	
229	-1	
230	1	
231	-1	
232	1	
233	-1	
234	-1	
235	1	
236	1	
237	-1	
238	1	
239	1	
240	-1	
241	-1	
242	-1	
243	1	
244	-1	
245	1	
246	-1	
247	1	
248	1	
249	1	
250	1	
251	-1	
252	1	
253	1	
254	1	
255	1	
256	1	
257	-1	
258	1	
259	1	
260	1	
261	-1	
262	1	
263	-1	
264	1	
265	1	
266	1	
267	1	
268	1	
269	1	
270	-1	
271	1	
272	-1	
273	1	
274	-1	
275	-1	
276	-1	
277	-1	
278	1	
279	-1	
280	-1	
281	-1	
282	1	
283	1	
284	1	
285	1	
286	-1	
287	-1	
288	1	
289	1	
290	1	
291	-1	
292	1	
293	-1	
294	-1	
295	-1	
296	-1	
297	-1	
298	1	
299	1	
300	1	
301	-1	
302	-1	
303	-1	
304	1	
305	1	
306	-1	
307	1	
308	-1	
309	-1	
310	1	
311	-1	
312	-1	
313	-1	
314	-1	
315	-1	
316	-1	
317	-1	
318	-1	
319	-1	
320	1	
321	1	
322	-1	
323	-1	
324	-1	
325	1	
326	-1	
327	-1	
328	1	
329	-1	
330	1	
331	1	
332	1	
333	1	
334	-1	
335	-1	
336	1	
337	1	
338	1	
339	-1	
340	1	
341	-1	
342	-1	
343	1	
344	1	
345	-1	
346	1	
347	-1	
348	-1	
349	-1	
350	-1	
351	-1	
352	-1	
353	-1	
354	-1	
355	-1	
356	1	
357	-1	
358	1	
359	1	
361	-1	
362	1	
363	-1	
364	-1	
365	-1	
367	1	
368	-1	
369	-1	
370	-1	
371	-1	
372	1	
373	-1	
374	-1	
375	-1	
376	1	
377	1	
378	-1	
379	1	
380	1	
382	1	
383	1	
384	1	
385	1	
386	1	
387	1	
388	-1	
389	1	
390	-1	
391	-1	
392	-1	
393	1	
394	1	
396	-1	
397	-1	
398	-1	
399	-1	
400	1	
401	-1	
402	1	
403	1	
404	1	
405	-1	
406	1	
407	-1	
408	1	
409	-1	
410	-1	
411	-1	
412	-1	
413	-1	
414	-1	
415	1	
416	1	
417	1	
418	-1	
419	1	
420	1	
421	-1	
422	1	
424	1	
425	-1	
426	-1	
427	-1	
428	1	
429	1	
430	1	
431	1	
432	1	
433	-1	
434	-1	
435	-1	
436	-1	
437	-1	
438	-1	
439	-1	
440	-1	
441	-1	
442	1	
443	1	
444	-1	
445	1	
446	-1	
447	-1	
448	1	
449	1	
450	1	
451	-1	
452	1	
453	1	
454	-1	
455	1	
456	1	
457	-1	
458	1	
459	1	
460	1	
461	-1	
462	1	
463	-1	
464	1	
465	1	
466	-1	
467	1	
468	1	
469	-1	
470	-1	
471	1	
472	1	
473	-1	
474	-1	
475	1	
476	-1	
477	-1	
478	1	
479	-1	
480	1	
481	1	
482	-1	
483	1	
484	1	
485	1	
486	1	
487	-1	
488	-1	
489	1	
490	1	
491	1	
492	-1	
493	-1	
494	-1	
495	1	
496	1	
497	1	
498	1	
499	-1	
500	1	
501	-1	
502	-1	
503	1	
504	1	
505	-1	
506	-1	
507	-1	
508	1	
509	1	
510	-1	
511	-1	
Js:	
464	468	-2	
468	476	-2	
472	476	2	
472	477	3	
469	477	-1	
464	469	3	
305	308	4	
306	308	-3	
306	310	4	
304	310	-4	
304	311	3	
305	311	4	
144	148	-4	
145	148	6	
145	149	3	
147	149	-5	
147	150	-4	
144	150	-5	
394	397	-3	
397	405	-3	
400	405	3	
400	407	3	
399	407	-3	
394	399	3	
264	269	-4	
267	269	-4	
267	270	2	
266	270	3	
266	271	-3	
264	271	3	
193	199	3	
194	199	-5	
194	258	2	
258	262	-4	
257	262	4	
193	257	-3	
224	228	-2	
226	228	6	
226	290	2	
290	292	-3	
288	292	-3	
224	288	-3	
90	94	-5	
91	94	-4	
91	155	1	
155	158	-4	
154	158	-2	
90	154	-1	
362	365	5	
363	365	-4	
363	427	-2	
427	429	2	
426	429	4	
362	426	3	
409	412	-3	
411	412	-2	
411	414	-2	
408	414	4	
408	413	4	
409	413	3	
24	28	-5	
26	28	2	
26	31	-2	
27	31	5	
27	30	2	
24	30	-4	
177	180	3	
178	180	3	
178	183	4	
179	183	-3	
179	182	-7	
177	182	-3	
281	285	4	
283	285	-4	
283	287	4	
280	287	-5	
280	286	-4	
281	286	-6	
448	453	3	
449	453	-3	
449	455	-3	
450	455	-4	
450	454	2	
448	454	4	
312	318	-3	
313	318	-6	
313	377	3	
377	383	5	
376	383	-5	
312	376	3	
433	439	-4	
434	439	-5	
434	498	3	
498	503	-5	
497	503	4	
433	497	5	
249	252	-5	
250	252	-3	
250	254	-4	
251	254	3	
251	255	4	
249	255	-3	
64	69	-5	
66	69	4	
66	130	1	
130	135	4	
128	135	2	
64	128	1	
208	214	-5	
211	214	-4	
211	275	1	
275	276	3	
272	276	-4	
208	272	2	
330	333	-4	
331	333	-4	
331	334	4	
329	334	-4	
329	335	-2	
330	335	2	
50	53	2	
53	61	-3	
59	61	6	
59	62	4	
54	62	-2	
50	54	-5	
432	436	5	
436	444	-4	
443	444	-4	
443	446	4	
438	446	-5	
432	438	4	
32	38	-2	
34	38	-3	
34	98	3	
98	102	-4	
96	102	5	
32	96	3	
217	221	4	
221	229	1	
225	229	-6	
225	231	3	
223	231	3	
217	223	2	
234	237	-3	
235	237	4	
235	239	-3	
232	239	-6	
232	238	-2	
234	238	4	
480	485	-4	
485	493	3	
491	493	2	
491	495	-4	
487	495	2	
480	487	6	
353	359	4	
354	359	-2	
354	418	-3	
418	422	3	
417	422	-4	
353	417	2	
322	325	3	
323	325	6	
323	326	-4	
321	326	3	
321	327	4	
322	327	-5	
16	21	-5	
17	21	-3	
17	23	-6	
19	23	-1	
19	22	-4	
16	22	2	
8	15	5	
9	15	4	
9	73	4	
73	78	1	
72	78	4	
8	72	-3	
241	244	-3	
243	244	3	
243	246	3	
242	246	-2	
242	247	5	
241	247	4	
114	117	1	
115	117	5	
115	118	5	
112	118	-5	
112	119	2	
114	119	5	
137	141	6	
138	141	-5	
138	202	3	
202	206	3	
201	206	-3	
137	201	-3	
352	358	3	
355	358	4	
355	419	1	
419	420	5	
416	420	-3	
352	416	2	
82	84	-2	
83	84	4	
83	86	-4	
80	86	-5	
80	85	-2	
82	85	-5	
384	388	2	
385	388	3	
385	390	3	
386	390	-3	
386	389	-4	
384	389	-3	
344	348	4	
346	348	-4	
346	350	4	
347	350	-2	
347	349	-4	
344	349	4	
482	484	4	
484	492	3	
488	492	-2	
488	494	-6	
486	494	2	
482	486	-3	
104	108	5	
107	108	2	
107	111	-3	
106	111	4	
106	110	-5	
104	110	4	
161	165	3	
162	165	-3	
162	167	4	
160	167	-4	
160	166	4	
161	166	-3	
337	341	5	
339	341	-4	
339	343	4	
338	343	-5	
338	342	4	
337	342	-6	
456	460	-4	
458	460	4	
458	463	4	
459	463	5	
459	462	-5	
456	462	-3	
168	172	-3	
170	172	4	
170	175	-6	
169	175	2	
169	173	-3	
168	173	5	
368	372	4	
371	372	3	
371	373	-4	
370	373	-5	
370	375	-4	
368	375	2	
65	70	-3	
67	70	-4	
67	131	1	
131	133	-3	
129	133	-2	
65	129	-1	
296	300	4	
297	300	2	
297	301	-5	
298	301	4	
298	302	4	
296	302	4	
441	447	-5	
442	447	4	
442	506	4	
506	511	-5	
505	511	-3	
441	505	-4	
466	470	-4	
470	478	3	
473	478	3	
473	479	-4	
471	479	4	
466	471	-4	
56	60	3	
57	60	5	
57	121	-1	
121	125	-5	
120	125	5	
56	120	-1	
40	44	3	
43	44	4	
43	45	-3	
41	45	2	
41	46	-3	
40	46	5	
186	188	1	
187	188	-6	
187	190	2	
185	190	3	
185	189	3	
186	189	5	
1	5	-3	
5	13	-2	
10	13	4	
10	14	-5	
6	14	-3	
1	6	-5	
33	36	5	
35	36	-6	
35	99	-2	
99	103	3	
97	103	-4	
33	97	2	
192	197	4	
195	197	-3	
195	259	3	
259	260	-5	
256	260	-5	
192	256	2	
136	143	-4	
139	143	6	
139	203	-3	
203	204	-3	
200	204	-4	
136	200	-3	
314	316	-1	
315	316	-5	
315	379	2	
379	382	-3	
378	382	-3	
314	378	-2	
496	500	-4	
500	508	-4	
504	508	-4	
504	509	-2	
501	509	3	
496	501	3	
88	93	-4	
89	93	-3	
89	153	-1	
153	157	4	
152	157	-3	
88	152	-1	
209	215	-5	
210	215	4	
210	274	3	
274	278	3	
273	278	-4	
209	273	-2	
392	396	-3	
396	404	3	
403	404	3	
403	406	-3	
398	406	3	
392	398	-3	
48	52	-3	
51	52	-3	
51	53	-4	
49	53	1	
49	55	-5	
48	55	-2	
218	220	3	
219	220	4	
219	222	5	
216	222	-3	
216	223	-2	
218	223	-3	
74	77	-4	
77	85	-2	
81	85	3	
81	87	4	
79	87	-1	
74	79	3	
424	428	-5	
425	428	3	
425	430	6	
426	430	3	
426	431	4	
424	431	2	
289	294	6	
294	302	-3	
299	302	2	
299	303	4	
295	303	-3	
289	295	-1	
113	116	-3	
116	124	-4	
123	124	-6	
123	127	6	
119	127	-4	
113	119	-3	
33	37	3	
37	45	2	
42	45	-3	
42	47	-4	
39	47	2	
33	39	-3	
169	174	-3	
171	174	-4	
171	235	-2	
235	236	-4	
233	236	3	
169	233	-2	
0	4	5	
3	4	3	
3	5	4	
2	5	-6	
2	6	2	
0	6	3	
97	100	3	
100	108	3	
105	108	-3	
105	109	3	
101	109	3	
97	101	4	
361	364	-3	
364	372	2	
369	372	4	
369	375	-4	
367	375	-2	
361	367	6	
451	452	4	
452	460	-2	
457	460	-2	
457	461	-5	
453	461	1	
451	453	4	
146	148	-2	
148	156	-1	
154	156	-5	
154	159	-3	
151	159	2	
146	151	-4	
410	415	-3	
411	415	4	
411	475	4	
475	476	3	
474	476	-5	
410	474	-2	
320	324	4	
324	332	4	
328	332	-2	
328	334	3	
326	334	-4	
320	326	4	
282	284	-2	
284	292	1	
291	292	4	
291	293	-6	
285	293	1	
282	285	-3	
9	12	4	
11	12	4	
11	75	-3	
75	76	-6	
73	76	-4	
176	181	4	
178	181	-3	
178	242	2	
242	245	2	
240	245	4	
176	240	3	
435	437	-3	
437	445	5	
440	445	3	
440	447	-4	
439	447	-2	
435	439	-4	
184	191	4	
185	191	-4	
185	249	3	
249	253	-3	
248	253	-2	
184	248	3	
160	164	-3	
163	164	-2	
163	227	4	
227	230	1	
224	230	-5	
160	224	1	
307	309	5	
309	317	-4	
312	317	-4	
312	319	-3	
311	319	4	
307	311	2	
499	500	-3	
507	508	3	
507	510	-4	
502	510	-2	
499	502	-5	
336	340	-3	
340	348	3	
345	348	1	
345	351	-5	
343	351	2	
336	343	-2	
18	20	-3	
20	28	-1	
25	28	3	
25	29	-3	
21	29	-1	
18	21	-2	
201	204	2	
204	212	1	
208	212	3	
208	213	-3	
205	213	-2	
201	205	-3	
401	405	-4	
402	405	4	
402	466	3	
466	469	-3	
465	469	3	
401	465	-2	
260	268	2	
265	268	-4	
265	271	-3	
263	271	2	
256	263	4	
417	421	4	
419	421	4	
419	483	-4	
483	484	-4	
481	484	3	
417	481	-4	
387	388	4	
388	396	-4	
393	396	4	
393	399	3	
391	399	-4	
387	391	3	
66	68	-3	
67	68	-3	
67	71	3	
65	71	-4	
65	69	1	
353	356	-1	
354	356	3	
354	357	-3	
355	357	-4	
355	359	4	
129	132	4	
130	132	-4	
130	194	-3	
194	196	2	
193	196	7	
129	193	-1	
488	493	-3	
489	493	4	
489	495	-3	
490	495	-5	
490	494	2	
88	92	3	
91	92	-3	
89	94	-2	
89	95	3	
88	95	4	
128	133	5	
133	141	3	
138	142	4	
134	142	-2	
128	134	5	
49	52	-3	
52	60	-3	
58	60	5	
58	63	3	
55	63	-2	
273	277	3	
274	277	-2	
274	279	-4	
275	279	3	
275	278	3	
192	198	4	
198	206	4	
200	206	3	
200	207	4	
199	207	3	
192	199	-4	
377	380	-2	
378	380	5	
378	383	-2	
376	382	-3	
377	382	-5	
400	406	-4	
403	467	-4	
467	468	-5	
400	464	-3	
121	127	-3	
123	126	2	
120	126	-8	
258	261	2	
261	269	3	
265	269	2	
265	270	3	
262	270	3	
305	310	-2	
307	310	-4	
307	371	3	
371	374	-5	
369	374	-3	
305	369	-1	
41	44	-5	
43	107	-2	
105	111	4	
41	105	2	
304	308	3	
306	370	2	
368	373	-3	
304	368	4	
57	61	3	
56	62	3	
56	63	5	
57	63	4	
163	165	4	
163	166	3	
161	167	4	
482	485	2	
483	486	-3	
483	487	3	
442	444	3	
443	507	3	
507	509	3	
506	509	4	
322	386	2	
385	389	-4	
321	385	2	
211	212	4	
212	220	-3	
214	222	2	
16	20	-3	
17	20	-2	
18	23	-4	
18	22	-4	
465	470	4	
472	478	4	
472	479	3	
465	471	-3	
427	430	2	
427	431	6	
433	437	-2	
441	445	3	
441	446	1	
433	438	-2	
459	461	3	
456	463	2	
457	462	4	
10	15	-3	
10	74	-2	
72	79	4	
171	173	4	
170	174	3	
168	175	-4	
341	349	-3	
345	349	-2	
345	350	-4	
342	350	-2	
243	245	-5	
245	253	-3	
251	253	5	
247	255	-3	
243	247	-3	
409	414	-3	
410	414	-3	
474	477	-3	
473	477	-4	
409	473	-2	
329	333	1	
330	394	-3	
393	397	3	
329	393	2	
64	68	3	
68	76	3	
75	78	2	
70	78	-4	
64	70	-2	
26	29	-5	
29	37	3	
35	37	-2	
35	38	6	
30	38	-1	
26	30	5	
80	84	1	
83	147	-1	
144	149	-3	
80	144	1	
184	188	5	
186	190	-5	
186	191	3	
227	228	-4	
227	291	-2	
290	293	3	
313	316	-4	
315	317	1	
314	317	-5	
314	318	-2	
177	181	-4	
177	241	2	
240	244	-4	
152	156	-2	
153	156	4	
153	158	4	
155	159	-4	
152	159	3	
112	116	3	
113	118	2	
112	117	-3	
32	39	-4	
34	39	5	
498	501	2	
499	501	-2	
496	502	3	
496	503	-3	
232	236	3	
234	236	3	
234	298	3	
296	301	-2	
232	296	3	
281	284	3	
283	284	-6	
282	287	2	
282	286	5	
299	300	-3	
299	363	-5	
361	365	-2	
297	361	-4	
450	452	-3	
451	454	-6	
449	454	-4	
145	151	5	
146	210	3	
145	209	-2	
131	134	4	
136	142	3	
135	143	3	
131	135	-3	
320	325	-2	
323	387	-2	
387	390	4	
384	390	3	
320	384	-2	
202	205	-5	
203	205	3	
203	267	2	
267	268	2	
266	268	-4	
202	266	-2	
40	47	-1	
42	106	3	
40	104	3	
401	404	-2	
404	412	2	
408	412	4	
408	415	-3	
407	415	3	
401	407	-3	
229	237	-4	
233	237	-3	
233	239	2	
231	239	3	
90	92	2	
92	100	2	
99	100	4	
95	103	-1	
90	95	3	
352	356	6	
418	421	-3	
416	421	2	
195	196	-3	
259	261	4	
257	261	-4	
332	340	-1	
338	340	-3	
335	343	-1	
328	335	4	
4	12	-3	
11	13	5	
0	5	-3	
275	339	-1	
336	341	3	
272	336	2	
179	180	-3	
176	182	1	
176	183	-4	
244	252	-3	
248	252	-3	
248	254	-4	
246	254	3	
217	220	-4	
218	221	-3	
216	221	-6	
217	222	-2	
27	28	-5	
25	31	-5	
25	30	4	
505	510	4	
504	511	2	
82	86	2	
80	87	-4	
289	293	3	
290	295	4	
288	295	-4	
288	294	5	
48	54	3	
50	114	3	
114	118	-2	
48	112	4	
347	351	-3	
344	351	4	
490	492	4	
491	492	-4	
491	494	2	
489	494	3	
434	436	-3	
435	438	2	
376	380	-3	
379	380	-4	
379	443	-3	
440	446	-3	
376	440	-2	
362	367	-3	
425	429	3	
361	425	1	
3	6	-5	
3	67	-4	
1	65	3	
394	398	4	
394	458	-3	
392	456	2	
137	142	-3	
139	142	4	
203	207	3	
201	207	-4	
269	277	2	
273	279	2	
271	279	2	
149	157	2	
152	158	-4	
150	158	-1	
475	477	3	
477	485	2	
481	485	-3	
481	486	-4	
478	486	-2	
475	478	3	
416	422	-6	
250	253	-3	
251	315	2	
315	319	-4	
314	319	-4	
250	314	2	
161	164	-3	
164	172	-2	
167	175	-1	
89	92	4	
98	100	3	
98	101	1	
93	101	2	
43	46	2	
46	54	-2	
51	54	-2	
51	55	-3	
47	55	2	
43	47	3	
402	404	-4	
467	469	4	
121	124	3	
120	127	1	
121	126	-4	
321	324	3	
331	332	-2	
331	335	3	
327	335	4	
230	238	3	
225	230	4	
131	132	4	
131	195	-1	
195	198	-5	
194	198	-2	
355	356	3	
356	364	4	
363	364	-3	
357	365	-3	
384	391	3	
385	391	2	
385	449	2	
449	452	-4	
448	452	-3	
384	448	-3	
301	309	-2	
304	309	2	
303	311	1	
297	303	-3	
8	12	3	
12	20	2	
19	20	5	
14	22	2	
8	14	3	
370	374	-3	
374	382	2	
375	383	2	
411	413	-2	
497	501	3	
498	502	2	
256	261	3	
259	262	2	
259	263	2	
105	110	1	
107	110	2	
107	109	4	
104	109	3	
59	60	-2	
59	63	4	
58	62	4	
72	76	3	
74	76	-2	
74	78	4	
75	77	-4	
72	77	-1	
197	205	2	
210	213	-3	
209	214	-2	
280	285	-2	
32	36	2	
96	103	4	
187	191	-3	
184	189	3	
2	4	-4	
2	66	4	
0	64	-3	
289	353	3	
353	358	-4	
288	352	1	
307	308	3	
308	316	-3	
312	316	3	
233	238	4	
235	238	-3	
450	453	-5	
451	455	3	
448	455	-5	
137	143	-2	
129	135	-4	
465	468	-4	
474	479	-1	
386	388	1	
154	157	3	
155	157	-3	
155	219	-3	
219	223	-2	
154	218	-2	
166	174	-3	
18	82	-3	
81	84	-5	
17	81	3	
24	29	2	
26	90	-2	
24	88	-3	
298	300	-2	
296	303	-3	
242	306	-3	
241	305	4	
428	436	2	
434	437	2	
429	437	1	
424	429	-5	
51	115	-4	
113	117	3	
49	113	3	
162	226	-3	
392	397	4	
392	399	-3	
146	150	-4	
144	151	-2	
249	254	-2	
250	255	-2	
248	255	4	
264	270	-2	
267	331	-3	
328	333	-3	
264	328	-3	
11	14	-2	
9	14	-3	
272	279	-3	
274	338	-1	
36	44	1	
38	46	1	
458	461	-2	
457	463	-4	
504	510	5	
440	504	3	
282	346	1	
346	349	2	
280	344	1	
179	181	-2	
181	189	2	
182	190	3	
266	330	3	
330	334	1	
265	329	3	
91	93	-2	
99	101	-4	
99	102	2	
94	102	1	
106	108	-2	
108	116	1	
114	116	4	
111	119	1	
196	204	3	
482	487	-2	
489	492	3	
490	493	3	
467	470	-1	
464	470	3	
216	220	2	
213	221	1	
211	213	-4	
410	412	-3	
412	420	2	
418	420	4	
414	422	-2	
34	37	-3	
69	77	3	
73	77	2	
73	79	-3	
71	79	-4	
64	71	2	
443	445	-3	
442	445	-2	
378	442	2	
435	499	-5	
497	500	-1	
19	21	3	
19	83	-3	
16	80	-3	
393	398	-3	
390	398	-3	
176	180	-3	
241	246	-4	
240	246	-4	
337	343	-2	
222	230	-2	
224	231	3	
359	367	-3	
58	61	4	
48	53	4	
258	263	4	
258	322	-2	
322	324	-3	
256	320	-1	
107	171	-3	
105	169	-3	
66	70	3	
155	156	-1	
424	430	-3	
427	491	2	
424	488	3	
505	508	3	
505	509	-2	
315	318	-2	
475	479	3	
408	472	2	
289	292	-2	
291	295	-4	
273	276	3	
275	277	-5	
272	277	-2	
130	134	1	
194	197	4	
128	192	1	
136	141	-3	
389	397	3	
386	391	4	
440	444	1	
432	437	3	
339	340	3	
347	348	-3	
40	45	-4	
45	53	2	
362	364	-4	
473	476	-3	
476	484	1	
480	484	1	
257	260	2	
259	323	-2	
257	321	3	
179	243	-1	
400	404	-2	
464	471	-3	
354	358	3	
84	92	2	
87	95	1	
56	61	-2	
57	62	3	
128	132	-2	
129	134	-4	
1	4	3	
306	309	2	
306	311	-2	
98	103	-2	
96	101	-2	
292	300	-3	
169	172	3	
171	172	-3	
109	117	-2	
110	118	2	
185	188	-3	
187	251	2	
369	373	-2	
227	229	-4	
224	229	2	
226	231	-3	
329	332	4	
330	332	-3	
405	413	-3	
410	413	-2	
402	407	2	
459	460	-3	
455	463	-1	
202	204	-1	
50	55	-2	
209	212	2	
211	215	-3	
32	37	3	
33	38	-3	
498	500	-4	
281	287	-3	
147	148	3	
156	164	-3	
159	167	-3	
17	22	2	
461	469	-2	
462	470	-1	
83	85	-2	
85	93	-2	
90	93	-3	
86	94	3	
170	234	-1	
168	232	-1	
268	276	-1	
274	276	-3	
270	278	1	
352	359	3	
420	428	2	
422	430	-1	
165	173	-2	
298	303	2	
297	302	-2	
10	12	2	
11	15	-2	
434	438	-4	
442	446	-1	
313	317	-2	
65	68	4	
218	282	-3	
216	280	2	
488	495	-2	
507	511	3	
394	396	2	
401	406	3	
347	411	2	
345	409	-4	
42	44	-3	
320	327	3	
203	206	-2	
480	486	-2	
479	487	-1	
34	36	2	
115	116	-1	
186	250	2	
153	217	2	
146	149	-3	
210	214	-2	
144	208	-1	
368	374	-3	
497	502	3	
225	289	-1	
16	23	-3	
82	87	4	
258	260	-2	
123	125	4	
474	478	3	
139	141	-1	
138	143	-3	
236	244	-1	
237	245	1	
460	468	1	
456	461	3	
67	69	-3	
418	482	-3	
267	271	-3	
441	444	-2	
66	71	3	
349	357	1	
350	358	2	
344	350	2	
180	188	3	
183	191	-2	
160	165	3	
162	166	-2	
42	46	3	
425	431	-2	
323	324	2	
91	95	4	
393	457	1	
377	441	1	
346	351	2	
346	410	3	
409	415	3	
339	403	3	
403	407	-2	
336	400	-3	
483	485	2	
234	239	-2	
170	173	-1	
387	389	-2	
209	213	3	
102	110	-2	
103	111	-2	
147	151	-3	
218	222	2	
219	283	1	
200	205	1	
202	207	-2	
75	79	-1	
75	139	-2	
73	137	-2	
466	468	-2	
467	471	-2	
177	183	2	
256	262	-3	
365	373	-2	
162	164	3	
27	29	-2	
24	31	4	
50	52	-4	
49	54	-2	
272	278	3	
503	511	3	
78	86	1	
310	318	-1	
406	414	2	
379	383	-2	
371	435	-1	
435	436	-1	
433	436	1	
369	433	-2	
117	125	-2	
118	126	-2	
328	392	-1	
217	281	2	
481	487	2	
416	480	3	
299	301	2	
458	462	-3	
8	13	2	
13	21	2	
15	23	-2	
130	133	3	
187	189	3	
184	190	-3	
427	428	2	
41	47	-4	
192	196	-1	
193	197	3	
402	406	-1	
370	372	1	
372	380	-2	
72	136	1	
243	307	1	
432	496	-3	
228	236	-2	
277	285	2	
279	287	-2	
97	102	-2	
97	161	-1	
96	160	1	
290	294	2	
290	354	2	
353	357	2	
298	362	-1	
325	333	2	
173	181	-1	
174	182	1	
168	174	2	
215	223	2	
31	39	2	
201	265	1	
264	268	-3	
200	264	1	
83	87	-2	
386	450	-2	
506	508	2	
257	263	-2	
276	284	-2	
283	286	1	
278	286	2	
74	138	-1	
242	244	-2	
88	94	-1	
195	199	1	
337	401	2	
99	163	1	
98	162	-1	
172	180	1	
175	183	1	
426	490	-2	
425	489	3	
348	356	-1	
336	342	3	
338	402	-2	
293	301	1	
413	421	-2	
27	91	-2	
25	89	1	
240	304	-2	
499	503	1	
114	178	-1	
113	177	-2	
158	166	1	
161	225	-2	
120	124	-3	
96	100	-1	
280	284	-2	
321	325	-1	
344	408	1	
493	501	-1	
494	502	1	
352	357	-3	
178	182	-1	
157	165	1	
305	309	1	
225	228	2	
226	230	1	
363	367	2	
387	451	-1	
219	221	-1	
152	216	1	
432	439	-1	
322	326	-1	
106	170	-1	
104	168	-1	
266	269	1	
208	215	-2	
443	447	-1	
115	119	-1	
337	340	1	
232	237	1	
227	231	1	
210	212	-1	
153	159	-1	
426	428	2	
430	438	-1	
302	310	-1	
313	319	1	
81	86	-1	
9	13	1	
193	198	1	
338	341	-1	
339	342	-1	
403	405	1	
506	510	1	
112	176	1	
206	214	1	
370	434	1	
106	109	1	
421	429	1	
241	245	1	
240	247	-1	
226	229	-1	
Energy:	-2926	
