NumberOfQubits	504	
NumberOfSubgraphs	840	
Serial	222	
PlantedSolution:	
0	1	
1	-1	
2	-1	
3	-1	
4	1	
5	1	
6	-1	
8	-1	
9	1	
10	-1	
11	1	
12	-1	
13	1	
14	-1	
15	1	
16	-1	
17	-1	
18	1	
19	-1	
20	-1	
21	-1	
22	1	
23	1	
24	1	
25	1	
26	-1	
27	1	
28	-1	
29	1	
30	1	
31	1	
32	-1	
33	1	
34	1	
35	1	
36	-1	
37	-1	
38	1	
39	1	
40	1	
41	1	
42	1	
43	1	
44	1	
45	-1	
46	-1	
47	-1	
48	1	
49	1	
50	-1	
51	-1	
52	1	
53	1	
54	-1	
55	1	
56	-1	
57	-1	
58	-1	
59	1	
60	-1	
61	1	
62	1	
63	-1	
64	-1	
65	-1	
66	-1	
67	1	
68	1	
69	1	
70	1	
71	-1	
72	1	
73	-1	
74	-1	
75	1	
76	-1	
77	-1	
78	1	
79	1	
80	1	
81	1	
82	-1	
83	1	
84	1	
85	-1	
86	1	
87	-1	
88	1	
89	-1	
90	-1	
91	-1	
92	-1	
93	-1	
94	1	
95	-1	
96	1	
97	1	
98	-1	
99	1	
100	1	
101	1	
102	1	
103	-1	
104	-1	
105	-1	
106	-1	
107	-1	
108	1	
109	-1	
110	1	
111	1	
112	1	
113	-1	
114	-1	
115	-1	
116	1	
117	-1	
118	1	
119	-1	
120	-1	
121	-1	
123	1	
124	-1	
125	1	
126	1	
127	1	
128	1	
129	1	
130	-1	
131	1	
132	1	
133	-1	
134	1	
135	1	
136	-1	
137	1	
138	1	
139	1	
141	1	
142	-1	
143	-1	
144	1	
145	-1	
146	-1	
147	-1	
148	-1	
149	1	
150	-1	
151	-1	
152	-1	
153	-1	
154	-1	
155	-1	
156	1	
157	1	
158	1	
159	1	
160	-1	
161	-1	
162	-1	
163	1	
164	-1	
165	-1	
166	1	
167	1	
168	1	
169	1	
170	1	
171	-1	
172	-1	
173	1	
174	-1	
175	-1	
176	-1	
177	-1	
178	-1	
179	-1	
180	-1	
181	-1	
182	-1	
183	1	
184	1	
185	1	
186	1	
187	-1	
188	-1	
189	1	
190	1	
191	1	
192	1	
193	1	
194	-1	
195	-1	
196	1	
197	1	
198	1	
199	1	
200	1	
201	1	
202	1	
203	-1	
204	-1	
205	1	
206	1	
207	1	
208	1	
209	-1	
210	1	
211	-1	
212	-1	
213	1	
214	1	
215	-1	
216	-1	
217	1	
218	-1	
219	-1	
220	1	
221	-1	
222	1	
223	1	
224	-1	
225	1	
226	-1	
227	-1	
228	-1	
229	-1	
230	-1	
231	1	
232	1	
233	1	
234	1	
235	-1	
236	1	
237	1	
238	-1	
239	1	
240	-1	
241	-1	
242	-1	
243	-1	
244	1	
245	-1	
246	-1	
247	1	
248	1	
249	1	
250	1	
251	1	
252	1	
253	-1	
254	1	
255	-1	
256	-1	
257	1	
258	1	
259	1	
260	1	
261	-1	
262	1	
263	-1	
264	-1	
265	-1	
266	1	
267	1	
268	1	
269	-1	
270	1	
271	1	
272	1	
273	1	
274	-1	
275	1	
276	1	
277	-1	
278	-1	
279	1	
280	1	
281	-1	
282	1	
283	1	
284	-1	
285	-1	
286	1	
287	-1	
288	1	
289	1	
290	-1	
291	1	
292	1	
293	1	
294	-1	
295	1	
296	-1	
297	-1	
298	1	
299	-1	
300	-1	
301	-1	
302	1	
303	1	
304	1	
305	-1	
306	-1	
307	1	
308	1	
309	-1	
310	-1	
311	-1	
312	-1	
313	1	
314	1	
315	1	
316	1	
317	-1	
318	1	
319	1	
320	-1	
321	-1	
322	1	
323	-1	
324	-1	
325	1	
326	-1	
327	1	
328	1	
329	1	
330	1	
331	1	
332	1	
333	1	
334	-1	
335	1	
336	-1	
337	-1	
338	1	
339	-1	
340	1	
341	1	
342	1	
343	-1	
344	-1	
345	-1	
346	1	
347	1	
348	-1	
349	1	
350	-1	
351	-1	
352	-1	
353	-1	
354	-1	
355	-1	
356	-1	
357	-1	
358	-1	
359	-1	
361	1	
362	1	
363	-1	
364	1	
365	-1	
367	1	
368	-1	
369	-1	
370	-1	
371	-1	
372	1	
373	1	
374	1	
375	-1	
376	-1	
377	1	
378	-1	
379	1	
380	1	
382	1	
383	1	
384	1	
385	-1	
386	1	
387	1	
388	-1	
389	-1	
390	1	
391	1	
392	1	
393	-1	
394	-1	
396	1	
397	-1	
398	1	
399	-1	
400	1	
401	1	
402	-1	
403	1	
404	1	
405	-1	
406	-1	
407	1	
408	-1	
409	-1	
410	1	
411	1	
412	-1	
413	-1	
414	1	
415	-1	
416	-1	
417	1	
418	-1	
419	1	
420	1	
421	1	
422	1	
424	-1	
425	-1	
426	-1	
427	-1	
428	1	
429	-1	
430	-1	
431	-1	
432	1	
433	1	
434	1	
435	1	
436	-1	
437	1	
438	1	
439	-1	
440	-1	
441	-1	
442	-1	
443	-1	
444	-1	
445	1	
446	-1	
447	1	
448	1	
449	-1	
450	1	
451	1	
452	-1	
453	1	
454	1	
455	1	
456	1	
457	1	
458	-1	
459	1	
460	-1	
461	1	
462	-1	
463	-1	
464	-1	
465	-1	
466	1	
467	1	
468	-1	
469	1	
470	-1	
471	1	
472	1	
473	-1	
474	-1	
475	1	
476	-1	
477	1	
478	1	
479	1	
480	1	
481	-1	
482	-1	
483	-1	
484	-1	
485	-1	
486	1	
487	-1	
488	-1	
489	1	
490	-1	
491	1	
492	-1	
493	1	
494	-1	
495	-1	
496	-1	
497	-1	
498	1	
499	1	
500	1	
501	1	
502	1	
503	1	
504	-1	
505	1	
506	-1	
507	1	
508	-1	
509	1	
510	1	
511	-1	
Js:	
441	447	4	
442	447	5	
442	506	3	
506	511	-5	
505	511	5	
441	505	2	
88	95	2	
90	95	4	
90	154	-3	
154	158	4	
152	158	5	
88	152	3	
418	420	6	
420	428	-2	
425	428	5	
425	430	-5	
422	430	-2	
418	422	3	
24	28	7	
26	28	-4	
26	31	6	
27	31	-4	
27	30	-3	
24	30	-4	
336	343	3	
338	343	4	
338	402	3	
402	407	4	
400	407	-6	
336	400	3	
426	429	-5	
427	429	-5	
427	491	3	
491	495	6	
490	495	5	
426	490	-3	
297	301	-3	
301	309	-2	
306	309	-5	
306	310	-5	
302	310	-2	
297	302	4	
209	215	-5	
211	215	-2	
211	275	2	
275	278	6	
273	278	3	
209	273	-2	
195	197	-6	
197	205	-5	
202	205	-6	
202	207	-5	
199	207	-6	
195	199	4	
168	175	6	
171	175	-3	
171	235	-4	
235	236	-2	
232	236	-5	
168	232	-4	
8	12	-6	
12	20	2	
18	20	6	
18	23	-6	
15	23	-2	
8	15	6	
185	188	7	
187	188	-4	
187	251	1	
251	253	3	
249	253	6	
185	249	2	
304	308	-5	
305	308	5	
305	369	-2	
369	375	-7	
368	375	-4	
304	368	-2	
131	133	2	
133	141	3	
136	141	4	
136	143	-4	
135	143	5	
131	135	-6	
281	286	6	
286	294	2	
291	294	4	
291	295	-3	
287	295	-3	
281	287	-3	
96	102	-5	
97	102	-3	
97	161	2	
161	167	7	
160	167	5	
96	160	-3	
386	390	-4	
387	390	-4	
387	451	-4	
451	452	-4	
450	452	8	
386	450	-3	
106	108	5	
107	108	4	
107	110	6	
105	110	5	
105	109	-5	
106	109	4	
312	316	6	
315	316	-5	
315	319	-5	
313	319	-3	
313	318	-4	
312	318	6	
344	350	5	
345	350	-4	
345	409	-2	
409	414	4	
408	414	6	
344	408	-3	
56	61	4	
58	61	5	
58	62	6	
59	62	-6	
59	63	6	
56	63	-6	
265	268	4	
267	268	3	
267	269	4	
264	269	-3	
264	271	3	
265	271	3	
353	357	-4	
354	357	-4	
354	359	-4	
355	359	-6	
355	358	-6	
353	358	-3	
176	180	-4	
178	180	-2	
178	181	-6	
177	181	-5	
177	183	-3	
176	183	7	
256	261	-5	
258	261	-4	
258	322	-2	
322	325	-7	
320	325	3	
256	320	-3	
73	76	-2	
75	76	5	
75	78	-5	
74	78	2	
74	77	-4	
73	77	-4	
50	53	5	
51	53	6	
51	55	4	
48	55	-5	
48	54	5	
50	54	-3	
472	477	-5	
477	485	3	
482	485	-5	
482	486	5	
478	486	-3	
472	478	-6	
34	36	-4	
35	36	4	
35	39	-6	
32	39	2	
32	38	4	
34	38	-5	
80	86	-3	
83	86	-5	
83	147	-2	
147	148	-6	
144	148	4	
80	144	-2	
497	500	6	
498	500	-3	
498	502	-4	
499	502	-4	
499	503	-4	
497	503	-3	
112	116	-7	
113	116	-3	
113	119	-3	
114	119	-5	
114	117	-5	
112	117	3	
0	4	6	
3	4	5	
3	6	-4	
1	6	-5	
1	5	5	
0	5	-4	
433	436	6	
435	436	2	
435	437	-3	
434	437	2	
434	438	-6	
433	438	-3	
226	228	-6	
227	228	4	
227	229	-4	
224	229	-4	
224	231	6	
226	231	3	
456	460	-5	
457	460	3	
457	462	4	
459	462	4	
459	461	-7	
456	461	-5	
328	335	-3	
329	335	-6	
329	393	2	
393	396	5	
392	396	-6	
328	392	2	
64	69	3	
65	69	2	
65	70	-5	
66	70	4	
66	71	-2	
64	71	-5	
41	44	-2	
43	44	-5	
43	46	-2	
40	46	6	
40	47	4	
41	47	3	
216	220	7	
218	220	2	
218	221	-5	
219	221	-4	
219	223	4	
216	223	-2	
241	245	-5	
242	245	4	
242	246	-6	
243	246	-2	
243	247	4	
241	247	5	
464	468	2	
467	468	4	
467	470	4	
466	470	4	
466	469	-3	
464	469	5	
81	85	6	
82	85	-4	
82	146	-3	
146	150	-7	
145	150	-5	
81	145	-1	
331	333	-5	
333	341	-4	
337	341	-5	
337	342	5	
334	342	4	
331	334	6	
162	164	-4	
164	172	-2	
169	172	5	
169	173	-4	
165	173	3	
162	165	-5	
376	380	6	
378	380	3	
378	382	4	
379	382	-6	
379	383	4	
376	383	4	
184	190	-6	
186	190	-6	
186	250	-2	
250	252	-5	
248	252	-4	
184	248	1	
283	284	4	
284	292	3	
288	292	-4	
288	293	-4	
285	293	2	
283	285	4	
361	364	-6	
363	364	7	
363	365	-5	
362	365	6	
362	367	-7	
361	367	-5	
384	388	4	
385	388	-3	
385	449	-3	
449	455	4	
448	455	-3	
384	448	4	
346	351	4	
347	351	4	
347	411	2	
411	413	6	
410	413	4	
346	410	-3	
89	93	-3	
91	93	-4	
91	155	-4	
155	159	5	
153	159	5	
89	153	-4	
417	421	-1	
419	421	-7	
419	483	6	
483	484	-5	
481	484	-3	
417	481	-5	
440	444	-3	
443	444	-4	
443	507	2	
507	508	6	
504	508	3	
440	504	-3	
128	132	-5	
129	132	-4	
129	193	-3	
193	196	-5	
192	196	-3	
128	192	-3	
9	13	-4	
13	21	2	
16	21	-7	
16	22	-3	
14	22	2	
9	14	6	
200	204	5	
204	212	1	
208	212	6	
208	214	-5	
206	214	-1	
200	206	-4	
120	124	5	
123	124	4	
123	126	-5	
121	126	5	
121	125	5	
120	125	6	
257	262	-4	
259	262	-5	
259	323	-3	
323	327	7	
321	327	4	
257	321	2	
394	397	-5	
397	405	-5	
401	405	3	
401	406	4	
398	406	3	
394	398	5	
473	476	-4	
474	476	-4	
474	479	6	
475	479	-6	
475	477	-4	
473	477	-3	
296	300	-5	
298	300	5	
298	302	-4	
299	302	3	
299	303	2	
296	303	-7	
488	492	-4	
489	492	4	
489	494	4	
491	494	2	
491	493	-4	
488	493	7	
98	100	3	
100	108	-5	
104	108	3	
104	111	6	
103	111	5	
98	103	3	
169	174	3	
170	174	4	
170	234	3	
234	239	-3	
233	239	-4	
169	233	-3	
208	213	1	
210	213	-5	
210	274	2	
274	279	6	
272	279	-3	
208	272	-2	
368	372	4	
371	372	5	
371	373	6	
370	373	4	
370	374	4	
368	374	-6	
137	142	6	
139	142	6	
139	203	5	
203	204	5	
201	204	3	
137	201	-3	
401	404	-7	
403	404	3	
403	467	-3	
467	471	-5	
465	471	4	
401	465	2	
225	230	5	
226	230	-3	
226	290	3	
290	293	3	
289	293	-4	
225	289	-5	
113	118	4	
115	118	5	
115	179	1	
179	182	-3	
177	182	-5	
113	177	-2	
330	332	-6	
332	340	-2	
339	340	5	
339	343	-5	
335	343	-2	
330	335	-5	
432	439	5	
434	439	3	
434	498	-4	
498	501	-5	
496	501	-2	
432	496	5	
67	68	-3	
68	76	-7	
72	76	3	
72	79	-4	
71	79	5	
67	71	2	
25	29	-5	
29	37	-1	
33	37	7	
33	38	-3	
30	38	-3	
25	30	-4	
346	348	4	
348	356	-5	
352	356	-3	
352	357	4	
349	357	2	
346	349	-2	
128	134	5	
130	134	4	
130	194	-2	
194	198	5	
192	198	-3	
98	101	4	
99	101	-6	
99	163	-4	
163	166	-3	
162	166	5	
98	162	-3	
49	52	-5	
52	60	4	
57	60	-9	
57	63	-4	
55	63	-2	
49	55	-4	
307	309	3	
309	317	4	
314	317	6	
314	319	-3	
311	319	4	
307	311	4	
234	237	-4	
237	245	3	
240	245	5	
240	246	-2	
238	246	-3	
234	238	3	
217	222	-3	
218	222	5	
218	282	2	
282	287	6	
217	281	-3	
393	399	-1	
394	399	-6	
394	458	2	
458	463	-6	
457	463	4	
393	457	4	
83	84	-3	
84	92	3	
91	92	-2	
91	94	5	
86	94	-5	
274	276	6	
276	284	2	
280	284	6	
280	285	-3	
277	285	-3	
274	277	-2	
148	156	4	
152	156	-3	
152	157	4	
149	157	-4	
144	149	-5	
416	421	6	
483	487	-4	
480	487	6	
416	480	-3	
259	260	-2	
260	268	-6	
266	268	2	
266	271	-4	
263	271	5	
259	263	5	
448	452	3	
450	453	2	
449	453	6	
449	454	5	
448	454	-6	
249	252	-3	
249	254	-3	
251	254	-6	
251	255	-3	
248	255	3	
19	20	2	
19	23	4	
17	23	3	
17	22	5	
18	22	-4	
424	428	-5	
427	428	5	
427	430	-4	
425	431	-4	
424	431	-5	
322	326	5	
323	326	-4	
323	387	2	
387	389	4	
386	389	4	
322	386	-2	
42	44	-5	
43	47	7	
41	45	5	
42	45	-5	
441	445	6	
442	445	3	
440	447	3	
440	446	-6	
441	446	-4	
409	412	-4	
410	412	1	
411	415	-2	
409	415	-3	
184	189	-6	
187	189	6	
187	191	5	
185	191	-6	
185	190	2	
9	12	4	
11	12	2	
11	14	5	
10	14	3	
10	15	4	
9	15	-4	
505	508	6	
507	510	-6	
504	510	7	
504	509	3	
505	509	-5	
138	141	-7	
141	149	1	
147	149	4	
147	151	-4	
143	151	-2	
138	143	4	
320	324	-6	
321	324	-4	
321	385	-2	
385	391	5	
384	391	-3	
320	384	-2	
240	244	5	
243	244	5	
243	307	3	
307	310	4	
304	310	3	
240	304	3	
377	380	-4	
377	383	-5	
378	383	7	
376	382	4	
80	84	3	
81	84	-4	
81	87	3	
82	87	-5	
80	85	3	
121	124	-5	
121	127	7	
123	127	-6	
123	125	-5	
261	269	-4	
266	269	5	
266	270	-2	
262	270	-5	
256	262	-2	
2	5	4	
3	5	7	
3	67	4	
67	69	-4	
66	69	5	
2	66	-5	
200	205	-3	
205	213	1	
209	213	3	
207	215	1	
200	207	-3	
96	100	-3	
97	100	-6	
97	101	-4	
99	103	-2	
96	103	5	
163	167	-2	
163	227	3	
227	230	-5	
161	225	-2	
290	295	6	
291	355	-2	
290	354	-2	
26	29	2	
27	29	-7	
24	31	-3	
392	397	-3	
400	405	1	
399	407	3	
392	399	4	
458	461	-2	
461	469	-1	
465	469	5	
465	470	-5	
462	470	-2	
458	462	-6	
88	92	3	
90	92	-6	
90	94	3	
89	94	-3	
89	95	-4	
57	61	-4	
53	61	-3	
49	53	-2	
8	13	3	
11	13	-6	
11	75	-3	
72	78	-5	
8	72	2	
115	116	4	
115	117	-3	
114	118	3	
112	118	-4	
236	244	-2	
241	244	3	
239	247	2	
232	239	-2	
489	493	-6	
490	493	3	
490	494	-6	
488	494	-6	
217	220	-4	
217	223	-4	
219	222	-3	
216	222	4	
168	173	-5	
173	181	3	
176	181	-2	
175	183	-2	
272	276	-2	
273	276	-7	
273	277	-3	
275	277	6	
272	278	5	
107	109	-4	
104	110	3	
106	111	5	
475	476	3	
473	479	-5	
473	478	4	
474	478	4	
344	349	4	
347	349	-5	
345	351	-3	
233	238	4	
235	238	3	
235	299	-3	
299	300	-5	
297	300	-3	
233	297	4	
194	197	2	
195	198	4	
193	198	-2	
193	199	-2	
194	199	4	
435	438	-5	
435	499	-6	
497	502	5	
433	497	3	
480	485	5	
481	485	-4	
481	486	5	
482	487	-2	
32	36	-6	
34	39	-6	
33	39	-4	
32	37	-4	
129	133	4	
130	133	-6	
130	135	-2	
131	134	-4	
129	134	-5	
365	373	4	
369	373	3	
367	375	-2	
315	317	4	
314	318	-5	
154	156	-4	
155	156	4	
155	157	3	
153	157	4	
154	159	3	
73	79	5	
74	79	5	
74	138	5	
138	142	-3	
73	137	4	
408	412	4	
412	420	1	
416	420	4	
416	422	3	
414	422	-3	
1	4	5	
1	65	-5	
65	68	2	
64	68	4	
0	64	4	
460	468	-2	
466	468	5	
466	471	-5	
463	471	1	
456	463	3	
289	292	-4	
289	353	1	
353	356	5	
288	352	3	
501	509	-5	
506	509	6	
503	511	3	
496	503	5	
201	206	-4	
203	206	4	
203	267	2	
267	270	-2	
265	270	5	
201	265	2	
170	172	3	
172	180	-3	
178	182	-5	
174	182	2	
338	340	-4	
339	403	2	
403	406	-4	
402	406	-4	
424	429	-5	
429	437	-2	
432	437	-5	
431	439	-3	
45	53	3	
46	54	-3	
42	46	3	
146	210	3	
210	214	-3	
209	214	2	
145	209	-5	
298	301	-5	
306	311	-2	
303	311	2	
298	303	-1	
258	260	-6	
264	268	4	
258	263	2	
160	164	-4	
163	164	5	
163	165	5	
160	166	-3	
322	324	4	
324	332	-3	
330	333	-3	
325	333	-5	
224	228	3	
228	236	3	
234	236	-4	
229	237	3	
56	60	2	
59	60	2	
58	63	-4	
56	62	4	
19	21	-7	
19	83	4	
83	87	4	
80	87	-4	
16	80	5	
248	253	7	
250	253	2	
250	255	6	
248	254	-3	
451	453	-6	
453	461	-2	
459	463	4	
455	463	4	
451	455	3	
283	286	-5	
282	286	-3	
282	285	5	
370	372	4	
371	374	5	
368	373	3	
377	382	-4	
379	443	4	
443	445	3	
377	441	4	
387	388	3	
388	396	-6	
394	396	2	
390	398	-4	
184	188	3	
186	188	-4	
186	189	-4	
184	191	-4	
241	246	-4	
242	306	-3	
306	308	2	
241	305	-3	
118	126	-4	
119	127	4	
115	119	3	
436	444	-5	
442	444	-4	
442	446	3	
438	446	3	
354	358	4	
354	418	-3	
417	422	-5	
353	417	3	
326	334	-4	
329	334	3	
327	335	-4	
2	6	-6	
72	77	-3	
75	77	4	
75	139	-2	
139	141	-3	
72	136	3	
211	212	-5	
212	220	-2	
219	220	5	
213	221	3	
211	213	5	
35	99	-3	
99	102	-4	
32	96	2	
48	52	-5	
51	52	-1	
49	54	3	
17	21	-3	
21	29	-1	
22	30	-3	
480	484	-4	
484	492	-2	
491	492	5	
487	495	-3	
384	389	4	
386	391	-3	
385	390	-3	
384	390	-3	
150	158	3	
155	158	2	
151	159	-3	
146	151	-2	
408	415	3	
410	415	7	
410	474	3	
474	477	3	
408	472	2	
336	340	3	
340	348	2	
347	348	3	
347	350	4	
342	350	-2	
336	342	2	
400	404	-5	
464	471	3	
400	464	4	
289	294	3	
294	302	5	
296	302	4	
295	303	-4	
289	295	-3	
107	171	-2	
169	175	3	
105	169	2	
500	508	-4	
502	510	-4	
130	132	6	
131	132	-5	
131	195	2	
195	196	-2	
194	196	5	
264	270	-5	
265	329	5	
329	332	-3	
328	332	-2	
264	328	3	
202	204	3	
201	205	-3	
313	316	-4	
312	319	3	
257	261	4	
89	92	-4	
91	95	-4	
10	12	-7	
448	453	-4	
427	431	3	
424	430	-3	
426	430	-5	
40	44	-3	
42	47	3	
40	45	3	
275	276	-2	
274	278	4	
273	279	-5	
290	292	3	
224	288	3	
179	180	-6	
179	181	-3	
178	183	-3	
242	244	3	
242	247	3	
243	245	-3	
341	349	-2	
344	351	-3	
343	351	-2	
337	343	-4	
104	109	-3	
109	117	1	
112	119	4	
111	119	1	
74	76	-3	
70	78	-4	
64	70	3	
404	412	4	
407	415	3	
401	407	2	
225	229	3	
233	237	-3	
231	239	-3	
225	231	3	
153	156	2	
156	164	3	
161	164	-2	
161	166	4	
158	166	2	
153	158	4	
16	20	-2	
20	28	-2	
23	31	2	
16	23	3	
435	439	1	
499	500	-2	
496	500	-3	
417	420	-6	
419	420	-1	
214	222	-3	
215	223	4	
208	215	-4	
59	123	-2	
120	126	6	
56	120	-2	
307	308	5	
305	311	-4	
305	310	-3	
34	37	2	
34	98	3	
98	102	4	
33	97	2	
69	77	4	
489	495	4	
434	436	3	
437	445	-5	
193	257	-4	
257	260	-5	
256	260	-1	
192	256	4	
185	189	-3	
249	255	3	
472	476	6	
369	374	-3	
370	375	-5	
313	317	3	
314	378	4	
313	377	-3	
2	4	5	
171	172	-5	
171	174	-4	
168	174	-2	
170	173	-3	
299	301	-5	
299	363	2	
297	361	2	
134	142	2	
136	142	-4	
129	135	-4	
145	148	4	
144	151	5	
145	151	-4	
393	397	-3	
402	405	6	
393	398	5	
154	157	4	
154	218	2	
216	221	-3	
152	216	-3	
506	510	3	
505	510	2	
504	511	-4	
282	346	-3	
345	348	-3	
281	345	-3	
85	93	-2	
88	93	7	
88	94	3	
81	86	-3	
288	294	3	
352	358	-4	
272	277	5	
283	287	-3	
279	287	2	
321	326	-4	
322	327	-2	
320	327	3	
443	447	3	
376	440	-4	
41	46	-4	
41	105	4	
105	108	3	
40	104	4	
114	116	2	
114	178	-1	
267	331	-5	
331	332	-4	
266	330	5	
391	399	4	
387	391	-3	
232	238	4	
230	238	-3	
413	421	-2	
411	414	-3	
452	460	-3	
458	460	-4	
454	462	3	
450	454	3	
17	20	-6	
18	82	2	
82	84	-3	
17	81	3	
28	36	2	
35	38	-3	
210	215	4	
96	101	-2	
160	165	-3	
232	237	3	
234	298	-3	
232	296	2	
482	484	-4	
480	486	2	
499	501	-4	
496	502	5	
10	13	5	
11	15	-4	
467	469	4	
464	470	-6	
58	60	-5	
59	61	-4	
339	341	-3	
336	341	4	
338	342	-5	
362	426	1	
426	428	1	
361	425	-3	
251	252	-6	
354	356	-3	
355	357	3	
352	359	-4	
139	143	4	
137	143	3	
51	54	-5	
50	55	4	
120	127	-3	
27	91	-3	
25	89	2	
321	325	4	
328	333	4	
196	204	3	
198	206	-4	
280	286	-3	
280	344	4	
457	461	-3	
392	456	-2	
177	180	-3	
176	182	-3	
297	303	4	
386	388	4	
385	389	-4	
159	167	-2	
293	301	3	
290	294	-3	
421	429	2	
418	421	4	
218	223	4	
409	473	-4	
308	316	-5	
304	309	3	
161	165	-3	
166	174	-3	
507	509	-3	
201	207	-5	
202	266	-2	
403	407	-4	
35	37	4	
66	68	4	
258	262	-4	
259	261	3	
113	117	-4	
43	107	4	
210	212	-3	
209	212	-3	
369	372	5	
372	380	-2	
374	382	-2	
0	6	6	
283	347	-2	
459	460	5	
450	455	-6	
226	229	-4	
227	231	3	
65	71	-6	
433	437	-3	
439	447	-3	
433	439	5	
328	334	4	
315	318	-2	
315	379	-3	
307	371	-1	
371	375	-2	
306	370	-3	
356	364	3	
357	365	-3	
67	131	1	
128	135	-3	
64	128	1	
44	52	-3	
50	52	2	
101	109	3	
97	103	3	
192	199	-4	
257	263	3	
256	263	-5	
411	412	4	
409	413	-3	
408	413	-2	
492	500	2	
495	503	1	
168	172	2	
170	175	4	
19	22	3	
26	30	3	
465	468	-4	
291	292	-4	
292	300	2	
323	325	-1	
180	188	-2	
183	191	-3	
179	183	4	
153	217	3	
217	221	3	
275	339	3	
272	336	3	
245	253	-2	
247	255	3	
240	247	3	
227	291	3	
291	293	4	
51	115	-4	
48	112	-4	
147	211	-2	
211	214	4	
144	208	-2	
137	141	4	
419	422	-6	
481	487	-3	
136	200	3	
82	86	3	
87	95	-4	
337	401	2	
371	435	1	
432	438	2	
368	432	1	
36	44	-2	
38	46	2	
330	334	1	
353	359	-4	
351	359	-4	
25	28	2	
27	28	3	
24	29	-4	
25	31	5	
456	462	3	
162	167	2	
352	416	-2	
378	442	-2	
282	284	3	
280	287	3	
389	397	-4	
233	236	2	
235	237	4	
235	239	4	
193	197	-4	
128	133	5	
187	190	4	
244	252	-2	
246	254	3	
99	100	1	
67	70	-4	
50	114	-4	
49	113	-4	
203	205	-2	
267	271	-4	
200	264	2	
400	406	3	
402	466	3	
37	45	-2	
43	45	-2	
39	47	2	
305	309	-3	
483	486	3	
483	485	-2	
249	313	-3	
248	312	-2	
106	170	1	
146	148	-2	
10	74	1	
426	431	-5	
424	488	2	
104	168	-1	
507	511	3	
498	503	-4	
83	85	2	
225	228	2	
363	367	4	
363	427	-2	
9	73	-2	
73	78	3	
440	445	-1	
116	124	4	
117	125	4	
345	349	5	
350	358	-3	
405	413	-3	
403	405	2	
304	311	4	
251	315	1	
250	314	-2	
265	269	-3	
142	150	1	
147	150	-2	
497	501	3	
493	501	1	
281	284	2	
468	476	-3	
469	477	-2	
33	36	-2	
18	21	-2	
102	110	3	
361	365	2	
219	283	2	
216	280	1	
92	100	2	
93	101	3	
411	475	-3	
475	478	-4	
250	254	3	
4	12	1	
6	14	1	
443	446	-4	
310	318	3	
202	206	-3	
275	279	-3	
192	197	3	
418	482	-4	
296	301	-2	
26	90	-3	
392	398	-3	
138	202	1	
155	219	-2	
146	149	5	
281	285	-3	
344	348	-1	
337	340	4	
339	342	-2	
441	444	2	
323	324	-3	
179	243	3	
176	240	-2	
106	110	3	
485	493	-1	
486	494	2	
406	414	2	
75	79	-1	
222	230	2	
223	231	-2	
167	175	2	
379	380	3	
451	454	-3	
288	295	-3	
490	492	-3	
203	207	2	
220	228	2	
221	229	-2	
54	62	-1	
194	258	2	
76	84	2	
78	86	-1	
362	364	-2	
364	372	2	
182	190	-2	
346	350	2	
320	326	3	
8	14	3	
90	93	1	
24	88	-2	
268	276	-1	
270	278	1	
410	414	-2	
195	259	2	
224	230	-2	
425	489	-2	
186	191	4	
152	159	2	
506	508	-1	
57	62	3	
432	436	2	
298	362	-2	
312	376	2	
178	242	-1	
107	111	-2	
42	106	2	
144	150	2	
355	356	-1	
77	85	1	
338	341	2	
449	452	2	
355	419	2	
95	103	-2	
157	165	-1	
94	102	-1	
181	189	1	
428	436	2	
425	429	-1	
269	277	-1	
271	279	-1	
162	226	-1	
472	479	1	
471	479	-2	
160	224	-2	
488	495	1	
430	438	-1	
470	478	-1	
171	173	2	
278	286	1	
145	149	-1	
312	317	1	
47	55	-1	
105	111	-1	
396	404	1	
48	53	1	
329	333	-1	
Energy:	-3780	
