NumberOfQubits	504	
NumberOfSubgraphs	504	
Serial	54	
PlantedSolution:	
0	-1	
1	1	
2	-1	
3	-1	
4	-1	
5	1	
6	1	
8	-1	
9	-1	
10	1	
11	-1	
12	-1	
13	1	
14	1	
15	1	
16	-1	
17	-1	
18	-1	
19	-1	
20	-1	
21	-1	
22	-1	
23	-1	
24	1	
25	-1	
26	1	
27	1	
28	1	
29	1	
30	1	
31	1	
32	-1	
33	1	
34	-1	
35	-1	
36	-1	
37	-1	
38	-1	
39	-1	
40	-1	
41	-1	
42	-1	
43	-1	
44	-1	
45	1	
46	-1	
47	-1	
48	1	
49	1	
50	1	
51	1	
52	-1	
53	1	
54	-1	
55	1	
56	1	
57	1	
58	-1	
59	1	
60	-1	
61	1	
62	1	
63	-1	
64	1	
65	-1	
66	1	
67	-1	
68	-1	
69	1	
70	-1	
71	1	
72	1	
73	1	
74	-1	
75	1	
76	-1	
77	-1	
78	-1	
79	1	
80	1	
81	1	
82	1	
83	1	
84	1	
85	1	
86	-1	
87	-1	
88	1	
89	1	
90	-1	
91	-1	
92	-1	
93	-1	
94	1	
95	1	
96	-1	
97	1	
98	1	
99	-1	
100	1	
101	-1	
102	-1	
103	1	
104	-1	
105	-1	
106	-1	
107	-1	
108	-1	
109	1	
110	-1	
111	-1	
112	-1	
113	-1	
114	1	
115	-1	
116	-1	
117	1	
118	1	
119	-1	
120	1	
121	1	
123	1	
124	1	
125	1	
126	-1	
127	-1	
128	1	
129	-1	
130	-1	
131	1	
132	-1	
133	1	
134	1	
135	-1	
136	-1	
137	-1	
138	-1	
139	1	
141	-1	
142	-1	
143	1	
144	1	
145	-1	
146	-1	
147	1	
148	1	
149	-1	
150	1	
151	1	
152	-1	
153	-1	
154	1	
155	-1	
156	1	
157	-1	
158	-1	
159	-1	
160	1	
161	-1	
162	-1	
163	1	
164	-1	
165	-1	
166	1	
167	-1	
168	1	
169	-1	
170	1	
171	1	
172	1	
173	1	
174	-1	
175	-1	
176	1	
177	1	
178	1	
179	1	
180	-1	
181	-1	
182	1	
183	-1	
184	1	
185	-1	
186	-1	
187	-1	
188	1	
189	-1	
190	-1	
191	1	
192	-1	
193	-1	
194	1	
195	-1	
196	-1	
197	-1	
198	1	
199	1	
200	1	
201	-1	
202	-1	
203	1	
204	-1	
205	1	
206	1	
207	1	
208	-1	
209	-1	
210	-1	
211	-1	
212	1	
213	1	
214	-1	
215	1	
216	-1	
217	1	
218	-1	
219	-1	
220	1	
221	1	
222	1	
223	-1	
224	1	
225	-1	
226	1	
227	-1	
228	1	
229	1	
230	1	
231	1	
232	1	
233	1	
234	1	
235	1	
236	-1	
237	-1	
238	1	
239	-1	
240	-1	
241	1	
242	-1	
243	-1	
244	1	
245	-1	
246	-1	
247	-1	
248	1	
249	1	
250	-1	
251	-1	
252	-1	
253	1	
254	1	
255	1	
256	-1	
257	-1	
258	-1	
259	-1	
260	-1	
261	1	
262	1	
263	1	
264	1	
265	1	
266	1	
267	-1	
268	-1	
269	1	
270	1	
271	-1	
272	1	
273	-1	
274	-1	
275	-1	
276	-1	
277	-1	
278	1	
279	-1	
280	-1	
281	1	
282	1	
283	-1	
284	1	
285	1	
286	-1	
287	1	
288	1	
289	1	
290	1	
291	1	
292	-1	
293	-1	
294	1	
295	1	
296	1	
297	-1	
298	-1	
299	-1	
300	-1	
301	-1	
302	-1	
303	-1	
304	1	
305	1	
306	1	
307	-1	
308	-1	
309	-1	
310	1	
311	-1	
312	-1	
313	-1	
314	1	
315	1	
316	-1	
317	-1	
318	1	
319	1	
320	1	
321	1	
322	1	
323	-1	
324	-1	
325	1	
326	1	
327	1	
328	-1	
329	-1	
330	-1	
331	-1	
332	1	
333	1	
334	1	
335	1	
336	-1	
337	-1	
338	1	
339	1	
340	1	
341	1	
342	-1	
343	-1	
344	-1	
345	1	
346	-1	
347	1	
348	1	
349	-1	
350	-1	
351	1	
352	1	
353	1	
354	-1	
355	-1	
356	1	
357	-1	
358	1	
359	-1	
361	-1	
362	1	
363	1	
364	-1	
365	1	
367	-1	
368	-1	
369	-1	
370	-1	
371	1	
372	-1	
373	1	
374	-1	
375	-1	
376	-1	
377	1	
378	1	
379	1	
380	-1	
382	-1	
383	1	
384	1	
385	1	
386	-1	
387	1	
388	1	
389	1	
390	1	
391	1	
392	1	
393	-1	
394	-1	
396	1	
397	-1	
398	-1	
399	-1	
400	1	
401	-1	
402	1	
403	-1	
404	-1	
405	1	
406	1	
407	-1	
408	1	
409	1	
410	-1	
411	1	
412	1	
413	-1	
414	-1	
415	1	
416	1	
417	-1	
418	-1	
419	-1	
420	1	
421	-1	
422	-1	
424	1	
425	-1	
426	1	
427	1	
428	-1	
429	-1	
430	-1	
431	1	
432	1	
433	1	
434	1	
435	-1	
436	-1	
437	1	
438	1	
439	-1	
440	-1	
441	1	
442	-1	
443	1	
444	-1	
445	-1	
446	-1	
447	-1	
448	1	
449	1	
450	-1	
451	-1	
452	-1	
453	1	
454	1	
455	-1	
456	1	
457	-1	
458	-1	
459	-1	
460	-1	
461	-1	
462	-1	
463	1	
464	-1	
465	-1	
466	1	
467	-1	
468	1	
469	1	
470	-1	
471	1	
472	1	
473	-1	
474	1	
475	1	
476	-1	
477	-1	
478	-1	
479	-1	
480	-1	
481	-1	
482	-1	
483	1	
484	1	
485	-1	
486	1	
487	-1	
488	1	
489	-1	
490	-1	
491	-1	
492	1	
493	1	
494	1	
495	1	
496	-1	
497	-1	
498	1	
499	1	
500	1	
501	-1	
502	1	
503	1	
504	1	
505	-1	
506	1	
507	-1	
508	-1	
509	-1	
510	1	
511	1	
Js:	
106	108	-3	
107	108	-4	
107	110	-2	
105	110	-5	
105	111	2	
106	111	-2	
192	198	4	
198	206	-3	
203	206	-1	
203	207	-2	
199	207	2	
192	199	3	
264	269	-2	
267	269	-1	
267	331	-4	
331	332	2	
328	332	2	
264	328	3	
97	100	-5	
99	100	3	
99	163	-2	
163	166	-2	
161	166	4	
97	161	2	
169	172	2	
172	180	-2	
176	180	2	
176	183	3	
175	183	-1	
169	175	-5	
17	21	-3	
18	21	-3	
18	22	-4	
16	22	1	
16	23	-3	
17	23	-2	
298	300	2	
299	300	-2	
299	301	-1	
296	301	4	
296	302	3	
298	302	-3	
152	158	-2	
155	158	-3	
155	219	-2	
219	221	3	
216	221	3	
152	216	2	
81	84	-2	
83	84	-3	
83	147	-2	
147	151	-3	
145	151	2	
81	145	-2	
378	380	3	
379	380	5	
379	383	-3	
377	383	-3	
377	382	5	
378	382	2	
57	60	3	
58	60	-4	
58	63	2	
59	63	3	
59	61	-3	
57	61	-2	
232	237	5	
237	245	-2	
242	245	2	
242	247	-4	
239	247	-2	
232	239	2	
272	276	1	
274	276	-4	
274	279	2	
275	279	-3	
275	277	-3	
272	277	4	
49	52	-1	
51	52	3	
51	55	-4	
50	55	-2	
50	53	-5	
49	53	-3	
26	28	-2	
27	28	-4	
27	29	-3	
25	29	-3	
25	31	3	
26	31	-3	
491	494	3	
494	502	-1	
498	502	-5	
498	503	-3	
495	503	2	
491	495	3	
250	253	-3	
251	253	2	
251	315	2	
315	318	-2	
314	318	-4	
250	314	2	
288	292	3	
290	292	3	
290	294	2	
291	294	-4	
291	293	2	
288	293	3	
408	412	-3	
411	412	-2	
411	475	-3	
475	476	3	
472	476	-2	
408	472	-3	
440	445	-3	
441	445	2	
441	447	2	
443	447	4	
443	446	2	
440	446	3	
320	324	4	
323	324	-4	
323	327	-2	
322	327	-2	
322	326	-3	
320	326	-3	
505	509	-3	
506	509	5	
506	510	-2	
504	510	-4	
504	511	-2	
505	511	-3	
91	93	-3	
93	101	-3	
96	101	-2	
96	103	4	
95	103	-3	
91	95	-3	
450	452	-3	
451	452	-2	
451	453	-3	
449	453	-3	
449	455	3	
450	455	-3	
368	372	-3	
371	372	3	
371	375	-3	
369	375	-4	
369	374	-3	
368	374	-5	
35	37	-4	
37	45	1	
40	45	4	
40	47	-2	
39	47	1	
35	39	-3	
209	212	4	
211	212	2	
211	214	-2	
208	214	-4	
208	215	4	
209	215	-2	
386	388	3	
388	396	-3	
393	396	3	
393	397	-3	
389	397	3	
386	389	2	
120	125	-4	
121	125	-2	
121	185	-1	
185	190	-3	
184	190	2	
120	184	-2	
224	228	-3	
228	236	-2	
234	236	3	
234	238	-3	
230	238	-3	
224	230	-2	
401	406	-2	
403	406	4	
403	467	-3	
467	470	-5	
465	470	-2	
401	465	-3	
128	133	1	
129	133	4	
129	134	3	
131	134	-3	
131	135	3	
128	135	4	
73	76	3	
75	76	3	
75	77	3	
74	77	-3	
74	79	-2	
73	79	-1	
418	420	4	
420	428	-1	
424	428	2	
424	430	2	
422	430	-2	
418	422	-3	
64	69	-2	
66	69	-4	
66	70	-2	
67	70	-1	
67	71	1	
64	71	-4	
0	5	3	
5	13	-2	
9	13	2	
9	14	4	
6	14	3	
0	6	3	
473	477	-2	
477	485	-4	
482	485	2	
482	486	2	
478	486	3	
473	478	-2	
457	460	-2	
458	460	-3	
458	462	4	
459	462	-2	
459	461	-3	
457	461	-2	
304	308	2	
306	308	2	
306	311	3	
307	311	-4	
307	310	2	
304	310	2	
489	492	5	
492	500	2	
496	500	2	
496	501	-3	
493	501	3	
489	493	4	
338	341	-3	
341	349	2	
344	349	-3	
344	350	-3	
342	350	-1	
338	342	-2	
337	340	3	
340	348	-1	
345	348	-4	
345	351	-3	
343	351	-2	
337	343	-4	
280	284	-2	
283	284	3	
283	286	-4	
282	286	3	
282	287	-3	
280	287	3	
353	356	-3	
354	356	4	
354	359	-2	
355	359	-4	
355	357	1	
353	357	3	
114	116	2	
116	124	4	
123	124	-4	
123	126	-3	
118	126	3	
114	118	-4	
193	197	-4	
195	197	-3	
195	259	-2	
259	262	-2	
257	262	3	
193	257	-2	
433	436	2	
435	436	1	
435	437	3	
434	437	-4	
434	438	-2	
433	438	-1	
137	141	-4	
139	141	-3	
139	142	4	
136	142	-3	
136	143	2	
137	143	3	
168	173	-2	
173	181	-1	
179	181	4	
179	182	-2	
174	182	2	
168	174	3	
153	156	2	
156	164	-3	
162	164	-4	
162	167	-2	
159	167	-3	
153	159	-2	
248	255	-3	
249	255	-3	
249	313	2	
313	316	2	
312	316	-3	
248	312	2	
265	270	-2	
266	270	-3	
266	330	3	
330	334	3	
329	334	-1	
265	329	4	
361	367	-5	
362	367	2	
362	426	-2	
426	429	2	
425	429	-2	
361	425	1	
385	390	-5	
390	398	1	
394	398	-2	
394	399	2	
391	399	1	
385	391	-2	
33	36	3	
36	44	-1	
41	44	2	
41	46	-3	
38	46	-1	
33	38	3	
80	85	-3	
82	85	-4	
82	146	-1	
146	149	-4	
144	149	3	
80	144	-1	
402	405	-4	
405	413	3	
409	413	4	
409	415	-3	
407	415	2	
402	407	4	
416	421	2	
419	421	-3	
419	483	3	
483	484	-2	
480	484	-3	
416	480	4	
466	468	-4	
468	476	1	
474	476	2	
474	479	5	
471	479	-1	
466	471	-2	
88	92	1	
90	92	-3	
90	94	-2	
89	94	-3	
89	95	-2	
88	95	-3	
1	4	4	
3	4	-3	
3	67	-4	
67	68	-2	
65	68	-4	
1	65	4	
48	54	2	
49	54	-3	
49	113	2	
113	117	3	
112	117	1	
48	112	3	
240	244	1	
241	244	-3	
241	305	-2	
305	309	3	
304	309	-1	
240	304	3	
258	260	-3	
260	268	2	
264	268	3	
264	271	1	
263	271	2	
258	263	2	
201	204	1	
202	204	-2	
202	207	4	
200	207	-2	
200	205	-2	
201	205	4	
225	229	4	
226	229	-2	
226	290	-4	
290	295	-1	
289	295	2	
225	289	3	
153	157	-2	
154	157	4	
154	218	2	
218	223	-5	
217	223	4	
153	217	2	
8	12	-4	
11	12	-1	
11	13	4	
10	13	-1	
10	15	-4	
8	15	-4	
363	364	3	
364	372	-2	
370	372	-3	
370	373	4	
365	373	1	
363	365	-2	
186	188	3	
187	188	2	
187	191	5	
184	191	1	
184	189	3	
186	189	-4	
336	341	2	
339	341	-3	
339	403	1	
403	404	2	
400	404	4	
336	400	2	
160	165	2	
163	165	3	
163	227	2	
227	231	3	
224	231	-2	
160	224	2	
346	351	-2	
347	351	-4	
347	411	-1	
411	414	3	
410	414	-4	
346	410	-3	
243	244	-4	
244	252	1	
248	252	2	
248	254	-3	
246	254	4	
243	246	-3	
233	239	2	
235	239	3	
235	299	3	
299	303	2	
297	303	-3	
233	297	3	
129	132	-3	
130	132	-4	
130	194	4	
194	196	-3	
193	196	-1	
129	193	-1	
32	39	-4	
34	39	-2	
34	98	4	
98	102	3	
96	102	-4	
32	96	2	
384	391	-3	
387	391	-3	
387	451	3	
451	454	-1	
448	454	-3	
384	448	-2	
321	325	-4	
325	333	-2	
328	333	4	
328	335	-1	
327	335	-3	
321	327	-3	
19	20	-3	
20	28	1	
24	28	-2	
24	30	-4	
22	30	-1	
19	22	-4	
72	78	2	
78	86	-1	
81	86	2	
81	87	-3	
79	87	2	
72	79	-3	
432	436	-3	
436	444	-2	
442	444	-4	
442	447	-2	
439	447	-3	
432	439	2	
209	213	1	
210	213	4	
210	274	1	
274	278	2	
273	278	2	
209	273	-1	
104	109	2	
109	117	2	
115	117	3	
115	119	-4	
111	119	-1	
104	111	-3	
456	461	4	
461	469	2	
464	469	2	
464	471	4	
463	471	1	
456	463	-2	
481	486	-2	
486	494	-1	
490	494	3	
490	495	2	
487	495	1	
481	487	-5	
352	358	-3	
353	358	-1	
353	417	2	
417	422	3	
416	422	3	
352	416	-2	
216	220	3	
217	220	1	
217	281	-1	
281	285	-3	
280	285	3	
216	280	-1	
499	500	-4	
500	508	-1	
507	508	-3	
507	511	4	
503	511	-2	
499	503	-4	
424	431	-2	
427	431	-3	
427	491	3	
491	492	-1	
488	492	-4	
424	488	-3	
56	62	-4	
59	62	-2	
59	123	-2	
123	127	2	
120	127	4	
56	120	1	
256	260	-3	
259	260	2	
259	263	4	
257	263	4	
257	261	2	
256	261	5	
178	180	3	
179	180	1	
179	183	3	
177	183	3	
177	182	-2	
178	182	3	
144	148	3	
147	148	-3	
145	150	3	
144	150	-3	
40	44	-2	
43	44	-3	
43	45	3	
42	45	-1	
42	46	-3	
40	46	-3	
312	317	-2	
314	317	-2	
314	378	-1	
378	383	-3	
376	383	3	
312	376	-2	
170	173	-4	
171	173	-1	
171	175	-3	
168	175	2	
170	174	3	
2	4	-3	
4	12	-1	
9	12	-3	
2	6	2	
433	439	3	
434	439	2	
434	498	-1	
497	502	-3	
433	497	1	
138	143	-3	
138	202	-3	
202	206	2	
201	206	3	
137	201	-3	
219	220	4	
220	228	-2	
227	228	2	
227	230	2	
222	230	1	
219	222	3	
384	388	-2	
392	396	-2	
392	397	2	
384	389	-3	
307	309	-4	
309	317	-2	
315	317	3	
315	319	2	
311	319	2	
449	452	4	
450	454	4	
448	453	-3	
185	189	2	
186	190	-3	
187	190	-3	
185	191	2	
401	404	3	
402	404	2	
400	405	-2	
400	407	2	
401	407	-2	
277	285	-1	
282	285	-2	
278	286	2	
272	278	-3	
348	356	-1	
355	356	1	
355	358	4	
350	358	3	
345	350	-2	
265	269	-3	
266	269	-3	
330	332	3	
329	332	3	
130	133	2	
131	133	-2	
131	195	-2	
194	197	2	
288	294	1	
294	302	2	
296	303	2	
295	303	4	
288	295	-1	
161	164	-2	
162	165	3	
160	166	-2	
425	428	-3	
427	428	3	
426	431	-3	
426	430	-3	
425	430	-2	
241	245	3	
242	306	3	
306	310	-2	
305	310	-4	
369	373	4	
370	374	-2	
368	375	-2	
152	156	4	
154	156	-1	
154	159	2	
155	159	2	
24	31	-2	
27	31	3	
27	91	3	
88	93	3	
24	88	-2	
464	468	3	
466	469	-3	
467	469	1	
464	470	2	
409	414	1	
410	474	-2	
473	479	-5	
409	473	2	
99	101	-1	
101	109	2	
105	109	2	
102	110	1	
99	102	-1	
64	68	3	
65	70	-4	
66	71	-2	
48	52	3	
50	52	2	
50	114	-2	
112	116	2	
32	36	-4	
35	36	1	
33	37	3	
32	38	-1	
322	324	-2	
323	326	2	
320	325	-1	
322	325	-2	
376	382	-3	
377	441	-2	
441	446	3	
376	440	-2	
393	398	-2	
394	458	-2	
457	462	-1	
393	457	-3	
83	85	1	
83	87	2	
80	87	3	
80	86	2	
82	86	2	
362	364	3	
363	367	4	
361	365	3	
362	365	-4	
51	54	3	
54	62	1	
56	63	2	
55	63	-2	
17	20	4	
19	23	-2	
18	23	-4	
419	420	4	
483	485	3	
418	482	-5	
249	252	3	
251	252	-4	
250	255	2	
10	74	2	
74	78	-4	
8	72	1	
233	236	2	
234	298	3	
298	301	-2	
297	301	1	
331	334	2	
334	342	2	
336	342	-4	
336	343	-3	
335	343	-2	
331	335	2	
208	212	1	
210	212	-1	
211	213	4	
505	508	2	
507	509	-3	
505	510	3	
136	141	-2	
139	203	-4	
203	205	-3	
136	200	2	
267	268	-2	
268	276	-2	
273	276	-4	
273	279	1	
271	279	-2	
267	271	-4	
25	30	2	
26	30	-2	
26	90	3	
89	92	3	
25	89	-2	
432	438	-4	
435	438	3	
435	499	1	
499	501	-2	
432	496	1	
218	221	-2	
221	229	-2	
226	231	-1	
223	231	1	
113	118	2	
121	126	3	
121	127	-3	
119	127	-3	
113	119	-2	
42	47	-2	
43	47	3	
43	107	-3	
42	106	-2	
168	172	-3	
171	172	-3	
171	235	1	
235	237	2	
168	232	-1	
128	134	-2	
134	142	2	
138	142	-3	
135	143	3	
408	413	-1	
411	413	2	
475	478	3	
472	478	4	
281	284	2	
284	292	1	
289	292	2	
289	293	3	
285	293	1	
283	287	3	
283	347	2	
347	349	2	
346	349	-2	
282	346	2	
176	181	-2	
179	243	2	
240	246	-3	
176	240	1	
194	198	-1	
194	258	1	
258	261	2	
192	256	1	
417	421	-4	
417	481	-2	
480	487	1	
379	443	3	
443	445	2	
442	445	-1	
378	442	3	
315	316	3	
313	319	3	
313	318	3	
312	318	1	
56	60	2	
57	63	3	
58	61	4	
56	61	-3	
456	460	2	
459	460	-3	
459	463	2	
458	463	2	
456	462	3	
0	4	-3	
1	5	-1	
2	5	-4	
490	493	4	
488	494	1	
275	278	2	
275	339	-2	
339	340	-2	
338	340	-4	
274	338	2	
98	100	-1	
100	108	2	
104	108	-3	
103	111	-3	
98	103	-2	
352	359	2	
352	357	-2	
75	78	2	
73	77	4	
145	148	4	
147	149	2	
146	150	2	
385	388	2	
386	391	3	
387	390	-2	
178	183	1	
178	242	1	
241	247	-1	
177	241	-2	
195	196	-1	
196	204	-2	
195	199	3	
392	398	3	
398	406	2	
402	406	3	
399	407	-2	
392	399	4	
169	173	3	
170	234	-1	
233	238	-3	
169	233	-1	
115	116	-3	
120	124	-2	
117	125	2	
24	29	-2	
29	37	-2	
34	37	-1	
34	38	-3	
30	38	2	
16	20	-3	
17	81	2	
80	84	-2	
16	80	1	
262	270	2	
267	270	3	
344	348	-1	
346	348	2	
410	415	2	
408	415	-2	
344	408	2	
371	373	-2	
371	435	3	
433	437	-3	
369	433	-2	
465	469	-3	
469	477	1	
475	477	2	
470	478	-1	
328	334	2	
326	334	2	
321	326	-2	
218	222	-2	
217	222	-3	
163	167	3	
161	167	-1	
296	300	2	
300	308	-2	
305	308	2	
301	309	2	
440	444	-1	
442	506	1	
506	508	3	
504	508	-3	
440	504	2	
41	45	2	
45	53	-3	
46	54	-2	
227	229	2	
227	291	3	
289	294	1	
3	5	2	
67	69	3	
2	66	3	
185	188	3	
186	250	-1	
250	254	2	
249	254	-1	
185	249	-1	
88	94	3	
94	102	3	
128	132	4	
452	460	-3	
457	463	2	
455	463	-3	
421	429	-1	
424	429	3	
339	343	2	
337	342	-3	
9	15	1	
11	15	2	
11	75	1	
9	73	-2	
497	501	-3	
497	503	2	
146	210	1	
210	215	1	
144	208	1	
404	412	-1	
409	412	-2	
476	484	3	
481	484	3	
481	485	-2	
472	477	3	
177	180	3	
171	174	3	
225	230	-2	
235	238	-2	
231	239	2	
225	231	1	
310	318	-2	
314	319	1	
213	221	1	
216	223	-1	
215	223	1	
211	215	3	
437	445	-2	
261	269	-2	
256	262	2	
187	189	-2	
187	251	1	
184	248	-1	
299	302	-2	
299	363	2	
298	362	-1	
26	29	-2	
90	93	1	
290	354	1	
354	357	-4	
288	352	-2	
42	44	2	
107	109	1	
106	109	3	
386	390	3	
450	453	1	
386	450	-1	
324	332	1	
330	335	2	
115	118	1	
51	53	1	
48	55	-2	
280	286	-1	
344	351	-1	
280	344	-2	
441	444	2	
438	446	1	
34	36	-2	
98	101	-2	
97	101	2	
33	97	-2	
306	370	-2	
304	368	1	
504	509	1	
507	510	2	
275	276	1	
272	279	3	
273	277	-2	
483	487	1	
482	487	2	
16	21	-4	
19	21	1	
160	164	3	
160	167	3	
152	159	-3	
394	396	4	
394	397	-2	
393	399	1	
84	92	2	
86	94	3	
83	86	2	
41	47	-3	
41	105	-2	
104	110	2	
40	104	-1	
10	12	-2	
10	14	-3	
11	14	2	
8	13	2	
376	380	2	
379	382	1	
361	364	-2	
367	375	-1	
232	236	2	
236	244	2	
243	245	-2	
427	429	-2	
425	431	3	
59	60	-2	
57	62	-3	
58	62	2	
212	220	1	
214	222	1	
209	214	-2	
192	196	-3	
200	204	4	
200	206	-2	
155	157	-3	
157	165	-1	
162	166	2	
158	166	1	
467	471	1	
465	471	3	
68	76	1	
72	76	4	
71	79	-2	
498	501	1	
496	502	3	
320	327	-2	
321	385	-1	
385	389	-2	
320	384	1	
112	118	3	
114	178	-2	
178	181	2	
112	176	2	
291	292	1	
292	300	-2	
297	300	2	
291	295	-4	
351	359	2	
251	254	2	
251	255	1	
247	255	-1	
240	247	-3	
25	28	4	
28	36	-1	
31	39	1	
64	70	2	
0	64	3	
480	486	3	
474	478	1	
331	333	-2	
460	468	-1	
259	323	-3	
258	322	3	
454	462	2	
448	455	2	
113	116	-1	
123	125	-2	
226	228	-2	
290	293	-1	
224	288	-2	
184	188	-3	
273	337	-2	
82	84	-3	
81	85	-1	
313	317	3	
312	319	2	
489	494	3	
491	493	2	
488	493	1	
410	412	-1	
411	415	-1	
193	199	1	
146	148	-1	
146	151	3	
147	150	-2	
265	268	-1	
266	268	2	
479	487	2	
67	131	-1	
131	132	1	
66	130	1	
203	204	-2	
467	468	2	
35	38	-2	
250	252	2	
248	253	-3	
249	253	-2	
3	6	3	
497	500	3	
496	503	1	
347	348	-1	
347	350	-2	
345	349	3	
216	222	2	
387	388	2	
162	226	1	
226	230	-2	
161	225	-1	
440	447	-1	
57	121	-1	
372	380	-1	
377	380	-1	
374	382	-1	
371	374	1	
426	428	1	
428	436	-2	
434	436	2	
430	438	1	
307	308	-2	
176	182	-2	
90	95	2	
91	155	-1	
90	154	1	
305	369	1	
235	236	-1	
232	238	-1	
451	455	1	
449	454	-2	
148	156	-1	
153	158	-2	
150	158	2	
243	247	-1	
240	245	-1	
85	93	2	
403	405	-2	
400	406	-1	
138	141	1	
201	207	1	
74	76	-1	
73	78	2	
72	77	-1	
354	358	-1	
353	359	2	
51	115	1	
488	495	-3	
211	275	-1	
208	272	-1	
506	511	-1	
336	340	-1	
339	342	2	
443	444	1	
44	52	-2	
47	55	1	
482	484	1	
33	39	-1	
35	99	-2	
297	302	-2	
412	420	1	
413	421	-2	
105	169	-1	
104	168	1	
321	324	-1	
210	214	2	
329	333	2	
330	333	-1	
329	335	2	
197	205	-1	
202	205	1	
193	198	3	
282	284	-2	
281	286	2	
281	287	2	
314	316	2	
70	78	-1	
75	79	2	
65	71	1	
270	278	-1	
266	271	-1	
180	188	-1	
181	189	-1	
177	181	2	
121	124	-2	
225	228	-1	
107	171	1	
170	172	2	
106	170	1	
242	246	1	
304	311	3	
441	505	1	
289	353	-1	
352	356	1	
149	157	-1	
152	157	-1	
151	159	-2	
144	151	-1	
426	490	-1	
425	489	-1	
17	22	-1	
19	83	2	
435	439	-1	
368	432	2	
48	53	-2	
114	119	-1	
112	119	-1	
387	389	-2	
337	401	-1	
483	486	1	
234	239	1	
298	303	-1	
66	68	-2	
92	100	-1	
89	93	2	
465	468	1	
466	470	2	
245	253	2	
182	190	-1	
183	191	1	
161	165	-2	
392	456	1	
414	422	-1	
242	244	-1	
133	141	1	
129	135	1	
475	479	1	
297	361	1	
170	175	1	
333	341	-1	
265	271	2	
448	452	2	
384	390	1	
107	111	-1	
18	82	-1	
442	446	1	
355	419	-2	
416	420	1	
323	325	1	
257	321	-1	
99	103	-1	
204	212	1	
207	215	-1	
154	158	2	
50	54	1	
49	55	1	
401	405	1	
403	407	-2	
205	213	1	
208	213	1	
206	214	1	
490	492	-2	
489	495	1	
155	156	1	
91	92	-2	
332	340	-1	
427	430	2	
256	320	3	
356	364	-2	
357	365	2	
293	301	-2	
130	134	2	
194	199	-1	
1	6	1	
224	229	-1	
229	237	-1	
233	237	1	
346	350	1	
408	414	1	
32	37	1	
217	221	-1	
77	85	1	
308	316	-2	
241	246	-1	
128	192	1	
473	476	-1	
474	477	-2	
370	375	-2	
370	434	1	
141	149	1	
143	151	-1	
114	117	-1	
110	118	1	
106	110	-1	
52	60	-1	
264	270	1	
453	461	-2	
258	262	1	
27	30	-1	
12	20	1	
13	21	1	
400	464	1	
480	485	-1	
186	191	1	
75	139	1	
72	136	1	
65	69	-1	
234	237	1	
232	296	1	
274	277	1	
269	277	1	
368	373	-1	
195	198	-1	
337	341	1	
145	149	-1	
8	14	1	
14	22	1	
15	23	1	
279	287	-1	
431	439	-1	
218	220	-1	
165	173	-1	
166	174	1	
87	95	1	
82	87	1	
130	135	1	
313	377	1	
97	103	-1	
363	427	-1	
417	420	1	
402	466	-1	
499	502	-1	
502	510	-1	
120	126	1	
123	187	1	
458	461	-1	
259	261	-1	
338	343	-1	
Energy:	-2122	
