NumberOfQubits	504	
NumberOfSubgraphs	840	
Serial	43	
PlantedSolution:	
0	1	
1	1	
2	1	
3	1	
4	-1	
5	1	
6	-1	
8	1	
9	-1	
10	1	
11	1	
12	1	
13	1	
14	1	
15	-1	
16	1	
17	-1	
18	1	
19	1	
20	-1	
21	-1	
22	1	
23	1	
24	-1	
25	1	
26	1	
27	-1	
28	-1	
29	1	
30	1	
31	-1	
32	1	
33	-1	
34	-1	
35	1	
36	-1	
37	1	
38	-1	
39	1	
40	-1	
41	-1	
42	1	
43	-1	
44	1	
45	1	
46	1	
47	1	
48	1	
49	-1	
50	1	
51	1	
52	1	
53	1	
54	-1	
55	-1	
56	1	
57	-1	
58	-1	
59	-1	
60	-1	
61	-1	
62	1	
63	1	
64	1	
65	-1	
66	1	
67	1	
68	-1	
69	1	
70	1	
71	-1	
72	-1	
73	1	
74	-1	
75	-1	
76	-1	
77	1	
78	-1	
79	-1	
80	-1	
81	-1	
82	-1	
83	1	
84	1	
85	-1	
86	-1	
87	1	
88	1	
89	1	
90	1	
91	-1	
92	1	
93	-1	
94	-1	
95	-1	
96	-1	
97	-1	
98	-1	
99	-1	
100	-1	
101	1	
102	-1	
103	-1	
104	1	
105	-1	
106	1	
107	-1	
108	-1	
109	-1	
110	1	
111	-1	
112	-1	
113	1	
114	1	
115	-1	
116	-1	
117	-1	
118	-1	
119	-1	
120	1	
121	-1	
123	1	
124	1	
125	1	
126	1	
127	-1	
128	1	
129	1	
130	-1	
131	1	
132	-1	
133	-1	
134	1	
135	1	
136	-1	
137	-1	
138	-1	
139	-1	
141	1	
142	-1	
143	-1	
144	1	
145	1	
146	-1	
147	-1	
148	1	
149	-1	
150	-1	
151	1	
152	-1	
153	-1	
154	-1	
155	-1	
156	-1	
157	1	
158	1	
159	1	
160	-1	
161	-1	
162	1	
163	-1	
164	1	
165	1	
166	1	
167	1	
168	1	
169	1	
170	-1	
171	1	
172	-1	
173	1	
174	-1	
175	1	
176	-1	
177	1	
178	-1	
179	1	
180	1	
181	1	
182	1	
183	1	
184	1	
185	1	
186	-1	
187	-1	
188	-1	
189	-1	
190	1	
191	-1	
192	-1	
193	1	
194	-1	
195	-1	
196	-1	
197	-1	
198	1	
199	-1	
200	1	
201	-1	
202	-1	
203	1	
204	1	
205	-1	
206	1	
207	1	
208	1	
209	-1	
210	-1	
211	1	
212	1	
213	1	
214	1	
215	1	
216	-1	
217	-1	
218	-1	
219	1	
220	-1	
221	1	
222	-1	
223	1	
224	1	
225	1	
226	-1	
227	-1	
228	1	
229	-1	
230	-1	
231	1	
232	-1	
233	-1	
234	-1	
235	1	
236	-1	
237	-1	
238	1	
239	-1	
240	-1	
241	-1	
242	-1	
243	-1	
244	1	
245	1	
246	-1	
247	1	
248	1	
249	-1	
250	1	
251	-1	
252	1	
253	1	
254	1	
255	-1	
256	1	
257	-1	
258	1	
259	1	
260	1	
261	-1	
262	1	
263	-1	
264	1	
265	-1	
266	1	
267	-1	
268	1	
269	-1	
270	-1	
271	-1	
272	-1	
273	-1	
274	1	
275	1	
276	1	
277	-1	
278	-1	
279	-1	
280	1	
281	1	
282	1	
283	-1	
284	1	
285	1	
286	1	
287	1	
288	-1	
289	-1	
290	1	
291	1	
292	-1	
293	-1	
294	-1	
295	-1	
296	-1	
297	1	
298	-1	
299	-1	
300	1	
301	-1	
302	-1	
303	1	
304	-1	
305	1	
306	1	
307	-1	
308	-1	
309	-1	
310	-1	
311	-1	
312	-1	
313	1	
314	-1	
315	-1	
316	1	
317	-1	
318	1	
319	-1	
320	-1	
321	1	
322	1	
323	-1	
324	-1	
325	1	
326	1	
327	1	
328	-1	
329	-1	
330	-1	
331	1	
332	1	
333	1	
334	-1	
335	1	
336	-1	
337	-1	
338	1	
339	1	
340	1	
341	-1	
342	-1	
343	1	
344	-1	
345	1	
346	-1	
347	-1	
348	1	
349	-1	
350	-1	
351	-1	
352	1	
353	-1	
354	1	
355	1	
356	1	
357	1	
358	1	
359	1	
361	1	
362	-1	
363	1	
364	-1	
365	-1	
367	-1	
368	1	
369	1	
370	-1	
371	-1	
372	1	
373	-1	
374	1	
375	1	
376	-1	
377	1	
378	-1	
379	1	
380	1	
382	1	
383	-1	
384	-1	
385	-1	
386	1	
387	1	
388	1	
389	1	
390	-1	
391	-1	
392	1	
393	1	
394	-1	
396	-1	
397	1	
398	1	
399	1	
400	-1	
401	1	
402	1	
403	1	
404	1	
405	1	
406	1	
407	-1	
408	-1	
409	1	
410	-1	
411	-1	
412	-1	
413	1	
414	1	
415	-1	
416	-1	
417	1	
418	-1	
419	1	
420	-1	
421	-1	
422	1	
424	-1	
425	1	
426	-1	
427	1	
428	-1	
429	1	
430	-1	
431	-1	
432	-1	
433	1	
434	-1	
435	-1	
436	1	
437	-1	
438	1	
439	-1	
440	-1	
441	1	
442	-1	
443	-1	
444	-1	
445	-1	
446	-1	
447	-1	
448	1	
449	1	
450	1	
451	-1	
452	1	
453	1	
454	1	
455	1	
456	-1	
457	1	
458	1	
459	1	
460	1	
461	-1	
462	-1	
463	-1	
464	1	
465	1	
466	1	
467	-1	
468	1	
469	1	
470	1	
471	1	
472	1	
473	1	
474	1	
475	-1	
476	1	
477	1	
478	1	
479	-1	
480	1	
481	-1	
482	-1	
483	1	
484	1	
485	-1	
486	-1	
487	1	
488	-1	
489	-1	
490	1	
491	1	
492	-1	
493	-1	
494	-1	
495	1	
496	-1	
497	1	
498	-1	
499	-1	
500	-1	
501	1	
502	1	
503	1	
504	1	
505	1	
506	-1	
507	1	
508	1	
509	-1	
510	1	
511	-1	
Js:	
304	309	-7	
309	317	3	
314	317	-5	
314	318	3	
310	318	3	
304	310	-3	
89	92	-2	
92	100	3	
96	100	-6	
96	101	4	
93	101	3	
89	93	-4	
264	269	3	
269	277	-1	
272	277	4	
272	278	-5	
270	278	-2	
264	270	6	
105	108	-8	
107	108	-6	
107	111	-5	
104	111	5	
104	109	4	
105	109	-5	
408	412	-4	
409	412	5	
409	473	-3	
473	476	-4	
472	476	-6	
408	472	-4	
288	292	-6	
290	292	4	
290	293	4	
291	293	-4	
291	294	3	
288	294	-6	
456	460	2	
458	460	-6	
458	461	5	
457	461	4	
457	463	4	
456	463	-5	
153	156	5	
154	156	-5	
154	157	5	
152	157	3	
152	159	4	
153	159	5	
498	500	-6	
500	508	5	
504	508	-5	
504	511	5	
503	511	-2	
498	503	5	
40	45	4	
45	53	-2	
50	53	-2	
50	54	6	
46	54	-2	
40	46	7	
248	253	-3	
251	253	6	
251	255	6	
249	255	-3	
249	254	5	
248	254	-5	
497	501	-6	
501	509	-4	
506	509	-4	
506	510	5	
502	510	-3	
497	502	-5	
240	244	5	
241	244	2	
241	245	-5	
242	245	3	
242	247	3	
240	247	3	
81	84	6	
83	84	-4	
83	147	3	
147	148	4	
145	148	6	
81	145	1	
386	388	4	
387	388	-7	
387	451	4	
451	453	7	
450	453	-4	
386	450	-3	
425	428	3	
428	436	3	
433	436	-5	
433	438	-5	
430	438	3	
425	430	5	
337	343	2	
338	343	-5	
338	402	-3	
402	407	4	
401	407	3	
337	401	4	
209	213	5	
213	221	-2	
217	221	4	
217	222	4	
214	222	2	
209	214	4	
368	374	-2	
370	374	7	
370	434	-1	
434	437	-5	
432	437	2	
368	432	3	
226	229	4	
227	229	-3	
227	230	-6	
225	230	5	
225	231	-7	
226	231	4	
465	468	-4	
467	468	-3	
467	469	5	
464	469	-6	
464	470	-2	
465	470	-7	
27	28	-4	
28	36	-3	
35	36	3	
35	38	6	
30	38	3	
27	30	5	
440	444	-4	
441	444	2	
441	447	3	
443	447	3	
443	446	-4	
440	446	-5	
234	237	-6	
235	237	5	
235	239	-3	
232	239	-4	
232	238	3	
234	238	5	
352	358	-5	
355	358	-3	
355	419	-3	
419	420	4	
416	420	-5	
352	416	-5	
193	196	5	
195	196	-4	
195	197	-5	
192	197	4	
192	198	3	
193	198	-5	
177	181	-6	
181	189	3	
184	189	6	
184	191	5	
183	191	4	
177	183	-4	
9	13	5	
13	21	3	
18	21	4	
18	22	-3	
14	22	4	
9	14	3	
281	284	-4	
283	284	6	
283	347	-4	
347	348	3	
345	348	-5	
281	345	4	
160	165	5	
165	173	-3	
169	173	2	
169	174	4	
166	174	4	
160	166	5	
258	260	3	
259	260	-3	
259	323	4	
323	327	4	
322	327	-5	
258	322	-4	
65	69	3	
67	69	-3	
67	131	-1	
131	135	-1	
129	135	-7	
65	129	-1	
369	372	-5	
372	380	-2	
377	380	-5	
377	383	6	
375	383	3	
369	375	3	
328	332	5	
330	332	4	
330	335	3	
329	335	3	
329	334	2	
328	334	-6	
73	77	6	
75	77	4	
75	139	-2	
139	143	-4	
137	143	-4	
73	137	1	
385	390	-4	
390	398	4	
393	398	-4	
393	399	-5	
391	399	-4	
385	391	-5	
346	349	-6	
349	357	-3	
353	357	2	
353	359	4	
351	359	5	
346	351	-4	
474	477	4	
477	485	4	
483	485	3	
483	487	-2	
479	487	3	
474	479	5	
426	431	-5	
427	431	4	
427	491	-4	
491	493	-4	
490	493	6	
426	490	3	
297	301	4	
299	301	-6	
299	302	-1	
298	302	-5	
298	303	-4	
297	303	-4	
41	44	5	
44	52	-2	
48	52	2	
48	55	5	
47	55	2	
41	47	5	
56	63	-5	
59	63	4	
59	123	-2	
123	125	-5	
120	125	-7	
56	120	-2	
201	204	4	
204	212	-4	
210	212	5	
210	215	6	
207	215	1	
201	207	5	
216	223	-3	
218	223	4	
218	282	2	
282	287	-6	
280	287	-4	
216	280	3	
336	342	-5	
339	342	6	
339	403	2	
403	406	-5	
400	406	3	
336	400	-3	
112	116	5	
115	116	-5	
115	117	-3	
114	117	5	
114	119	2	
112	119	-3	
8	15	6	
10	15	4	
10	74	4	
74	76	-3	
72	76	-5	
8	72	-5	
80	86	-5	
82	86	-3	
82	146	-2	
146	150	-4	
144	150	3	
80	144	-2	
97	103	-5	
98	103	-3	
98	162	2	
162	164	-3	
161	164	-6	
97	161	-4	
0	5	-4	
2	5	-6	
2	66	-7	
66	68	3	
64	68	-5	
0	64	-5	
417	421	5	
418	421	-4	
418	482	-4	
482	484	-3	
481	484	6	
417	481	4	
26	29	-4	
29	37	-3	
33	37	6	
33	39	3	
31	39	3	
26	31	7	
361	364	5	
362	364	-6	
362	365	-6	
363	365	5	
363	367	5	
361	367	7	
179	180	-6	
180	188	5	
187	188	-4	
187	190	-5	
182	190	-4	
179	182	-3	
130	133	-5	
133	141	2	
138	141	5	
138	142	5	
134	142	3	
130	134	4	
267	268	4	
268	276	-1	
275	276	-3	
275	279	2	
271	279	-2	
267	271	4	
306	308	5	
308	316	3	
313	316	-6	
313	319	5	
311	319	-3	
306	311	6	
256	262	-6	
257	262	3	
257	321	3	
321	324	6	
320	324	-5	
256	320	3	
57	60	-6	
59	60	4	
59	61	-5	
58	61	-4	
58	62	5	
57	62	2	
200	205	8	
203	205	2	
203	207	-4	
202	207	6	
202	206	4	
200	206	-3	
384	389	7	
385	389	6	
385	449	2	
449	455	-5	
448	455	-4	
384	448	3	
88	93	-3	
90	93	3	
90	95	4	
91	95	-3	
91	94	-2	
88	94	4	
312	319	-5	
315	319	-3	
315	379	4	
379	382	-7	
376	382	4	
312	376	-6	
488	492	-5	
489	492	-2	
489	494	-6	
490	494	4	
490	495	-3	
488	495	5	
408	413	4	
411	413	5	
411	415	-3	
410	415	-6	
410	414	-2	
408	414	3	
17	20	-6	
19	20	4	
19	21	6	
16	21	5	
16	23	-4	
17	23	5	
394	396	-3	
396	404	4	
403	404	4	
403	405	-6	
397	405	-7	
394	397	4	
104	110	-4	
106	110	-5	
106	170	-2	
170	172	-4	
168	172	6	
104	168	-3	
113	118	4	
118	126	7	
121	126	6	
121	127	-6	
119	127	-7	
113	119	-6	
3	4	-3	
4	12	4	
11	12	-4	
11	14	-5	
6	14	3	
3	6	7	
432	439	-3	
435	439	-5	
435	499	-6	
499	503	3	
496	503	5	
432	496	-5	
289	295	4	
290	295	3	
290	354	-4	
354	356	-4	
353	356	5	
289	353	-3	
323	325	5	
325	333	-3	
331	333	-6	
331	334	-2	
326	334	5	
323	326	4	
163	165	7	
171	173	4	
171	175	-4	
167	175	-3	
163	167	4	
305	309	5	
307	309	-3	
307	371	-4	
371	373	-2	
369	373	4	
305	369	-4	
475	477	3	
480	485	6	
480	486	5	
478	486	3	
475	478	7	
65	70	4	
70	78	7	
75	78	-4	
75	79	-3	
71	79	-6	
65	71	-4	
185	190	-6	
186	190	3	
186	250	3	
250	252	-3	
249	252	6	
185	249	-1	
219	220	-2	
220	228	4	
224	228	-4	
224	230	4	
222	230	-4	
219	222	3	
128	132	3	
130	132	-6	
130	194	2	
194	199	-5	
192	199	-5	
128	192	3	
449	452	-8	
452	460	-3	
459	460	-6	
459	462	5	
454	462	-3	
449	454	-2	
232	236	-5	
233	236	-4	
233	297	4	
297	300	-5	
296	300	3	
232	296	-2	
257	261	-4	
261	269	-6	
265	269	-4	
265	271	-3	
263	271	-4	
257	263	-4	
378	380	-5	
378	442	-3	
442	445	-3	
441	445	3	
377	441	-4	
178	181	4	
179	181	-3	
179	243	-1	
243	246	-4	
242	246	-5	
178	242	-3	
273	276	3	
274	276	-7	
274	338	-2	
338	341	5	
337	341	-3	
273	337	-3	
150	158	-5	
155	158	5	
155	159	6	
151	159	-2	
144	151	-6	
32	36	4	
34	36	5	
34	98	-5	
98	102	-3	
96	102	-2	
32	96	5	
280	285	-4	
281	285	-5	
345	350	5	
344	350	-2	
280	344	3	
421	429	-1	
424	429	3	
424	430	-4	
422	430	2	
418	422	5	
467	471	6	
466	471	-3	
466	470	-3	
49	53	4	
51	53	-5	
51	54	3	
48	54	5	
49	55	-4	
40	44	4	
43	44	6	
43	47	5	
42	47	-5	
42	46	5	
25	29	-4	
27	29	4	
27	31	-3	
24	31	3	
24	30	6	
25	30	-4	
82	84	4	
82	85	-3	
83	85	4	
83	87	-4	
81	87	-3	
507	509	5	
507	511	4	
505	511	-5	
505	510	-5	
208	212	-4	
211	212	-5	
211	215	-4	
210	213	4	
208	213	4	
136	141	5	
141	149	2	
146	149	-4	
146	151	5	
143	151	2	
136	143	-6	
339	340	-4	
340	348	3	
347	350	-5	
342	350	-2	
392	396	5	
401	404	-5	
399	407	-3	
392	399	-2	
266	268	-6	
267	331	5	
330	333	3	
266	330	-4	
112	117	-4	
114	178	3	
178	182	-5	
176	182	4	
112	176	-4	
1	4	7	
11	13	-3	
5	13	3	
1	5	-4	
121	124	3	
123	124	-6	
123	127	5	
120	127	-2	
121	125	3	
99	101	3	
101	109	6	
106	109	4	
106	111	3	
103	111	-5	
99	103	-5	
282	286	-5	
286	294	4	
288	295	-5	
287	295	-1	
154	158	3	
152	158	3	
153	157	1	
435	438	3	
499	502	5	
433	497	-4	
194	198	4	
195	198	5	
195	259	-2	
259	261	2	
258	261	5	
194	258	3	
298	300	5	
300	308	4	
307	308	3	
307	310	-5	
302	310	-4	
456	461	-3	
461	469	2	
464	471	4	
463	471	3	
169	172	4	
169	175	-6	
170	175	3	
170	174	-4	
168	174	2	
451	455	3	
448	454	-6	
450	454	-6	
227	231	2	
227	291	4	
291	292	3	
289	292	5	
225	289	2	
217	220	-5	
218	220	-5	
216	221	3	
34	37	4	
34	39	4	
32	39	4	
32	38	3	
33	38	-3	
442	444	-5	
443	444	-4	
443	445	-4	
440	445	4	
440	447	-4	
442	447	-3	
410	413	-1	
411	414	5	
409	414	-6	
409	415	2	
361	365	4	
365	373	-3	
368	373	-7	
368	375	-4	
367	375	2	
484	492	3	
491	492	6	
491	494	2	
486	494	2	
481	486	-2	
41	45	4	
43	45	5	
43	107	-4	
41	105	3	
66	69	-5	
69	77	-4	
73	78	3	
66	70	-4	
321	327	-5	
322	325	-4	
320	325	3	
243	244	5	
244	252	3	
248	252	-5	
248	255	5	
247	255	4	
243	247	3	
314	316	5	
312	318	5	
312	317	-4	
313	317	5	
355	356	2	
352	357	-4	
354	357	-4	
274	277	5	
274	279	3	
273	279	-5	
273	278	-5	
129	132	5	
131	132	4	
131	134	-7	
128	134	3	
128	135	-6	
49	52	4	
51	52	5	
51	115	4	
113	116	2	
49	113	4	
424	428	-5	
426	428	-4	
426	429	5	
427	429	-6	
424	431	6	
24	28	-3	
25	28	-6	
25	89	-4	
89	95	3	
88	95	5	
24	88	4	
475	476	5	
474	478	-3	
473	479	4	
97	102	-5	
99	102	-3	
99	163	-2	
163	164	4	
237	245	3	
241	246	-4	
238	246	3	
184	188	4	
186	188	-4	
186	191	3	
187	191	-4	
187	189	-2	
386	389	-3	
386	390	6	
387	390	4	
387	391	2	
384	391	-5	
196	204	3	
200	204	-2	
197	205	-4	
193	197	4	
402	405	-2	
402	406	-4	
398	406	-4	
394	398	3	
16	20	4	
19	23	-4	
18	23	-5	
16	22	-5	
147	211	2	
211	214	-2	
145	209	1	
160	167	4	
162	167	-6	
162	226	3	
226	228	5	
160	224	2	
56	60	4	
58	60	-4	
58	63	5	
57	63	4	
57	61	-6	
56	61	3	
416	422	3	
419	422	-3	
419	483	-4	
480	487	-3	
416	480	4	
67	68	4	
68	76	-3	
74	79	-6	
67	71	4	
265	270	-2	
265	329	-7	
329	332	5	
264	328	4	
137	142	-5	
139	142	-5	
139	203	-5	
203	206	-5	
201	206	1	
137	201	-8	
336	341	-4	
341	349	3	
343	351	4	
336	343	3	
305	311	2	
306	370	3	
370	372	3	
371	374	5	
374	382	-3	
379	383	3	
371	375	4	
496	500	-2	
504	509	5	
496	501	4	
235	236	4	
235	299	3	
299	303	-4	
86	94	-4	
90	94	4	
87	95	4	
80	87	5	
432	436	2	
434	436	5	
434	439	-4	
435	437	-5	
251	252	3	
251	254	3	
250	254	-5	
250	253	-6	
249	253	4	
256	260	-4	
260	268	3	
266	270	5	
262	270	5	
489	493	-4	
489	495	5	
0	4	4	
3	5	-5	
0	6	5	
176	180	4	
178	180	2	
177	182	-3	
176	183	3	
393	396	6	
393	457	-4	
457	462	6	
456	462	-3	
392	456	-5	
283	285	-2	
280	286	-2	
281	286	-4	
8	12	2	
10	12	-4	
9	15	-4	
8	13	-4	
298	301	-3	
299	363	3	
363	364	6	
298	362	2	
91	92	5	
99	100	-4	
91	93	-3	
417	420	4	
420	428	1	
417	422	-4	
72	79	-3	
74	138	-1	
138	143	-3	
72	136	2	
114	116	-3	
116	124	5	
120	124	-4	
120	126	-3	
114	118	4	
376	383	-5	
378	383	-5	
442	446	-4	
376	440	1	
344	349	-4	
355	357	-5	
355	359	-5	
344	351	-5	
18	20	3	
18	82	5	
81	85	2	
17	81	-5	
219	221	-5	
221	229	4	
223	231	-2	
219	223	-5	
457	460	2	
459	461	5	
410	412	-5	
410	474	4	
474	476	-2	
242	244	3	
242	306	3	
304	311	5	
240	304	-4	
171	235	-2	
233	239	-6	
169	233	2	
330	334	-5	
327	335	4	
505	508	-5	
507	508	-4	
504	510	-3	
131	133	6	
131	195	1	
195	199	-3	
384	388	4	
451	452	3	
448	452	2	
107	110	-3	
42	106	-4	
293	301	-3	
296	301	-5	
296	302	-6	
294	302	-2	
400	404	3	
402	404	-3	
402	466	-4	
400	464	4	
145	149	3	
149	157	4	
155	157	5	
145	150	6	
202	204	2	
208	214	-4	
206	214	-4	
53	61	-2	
59	62	5	
54	62	2	
275	277	5	
275	339	-2	
338	340	2	
35	37	-3	
35	39	5	
2	6	3	
164	172	2	
171	172	4	
171	174	5	
161	166	5	
498	501	-3	
496	502	4	
315	316	3	
123	187	-2	
185	191	4	
121	185	2	
482	486	-3	
481	485	-2	
257	260	5	
259	263	5	
259	262	4	
240	245	3	
241	305	3	
88	92	-4	
90	92	-4	
90	154	1	
152	156	-6	
88	152	-2	
411	412	-3	
412	420	-2	
419	421	4	
413	421	3	
364	372	1	
368	372	-3	
113	117	3	
113	177	-3	
176	181	-2	
272	279	-4	
337	342	-4	
272	336	1	
102	110	6	
139	141	4	
136	200	5	
354	359	-1	
352	359	-3	
288	352	-1	
264	271	5	
225	228	-2	
36	44	2	
41	46	3	
38	46	3	
186	189	-5	
184	248	1	
488	494	-4	
393	397	-3	
386	391	4	
450	452	4	
129	193	2	
193	199	3	
80	85	-6	
147	151	2	
436	444	3	
439	447	-5	
19	22	-4	
17	22	-3	
52	60	-2	
55	63	2	
315	318	6	
379	380	-4	
376	380	4	
64	69	-3	
67	70	3	
64	71	5	
282	284	-2	
346	350	-3	
282	346	-3	
322	324	3	
322	326	-4	
320	326	-4	
321	325	-3	
466	468	-5	
466	469	-3	
467	470	5	
11	15	4	
11	75	4	
9	73	5	
239	247	2	
234	239	3	
162	165	3	
162	166	-3	
472	477	-3	
473	477	-5	
473	478	4	
475	479	-4	
472	479	3	
363	427	1	
425	429	-4	
361	425	-3	
89	94	5	
91	155	1	
89	153	2	
138	202	-4	
433	437	3	
437	445	-4	
441	446	5	
438	446	2	
211	213	-4	
209	215	4	
289	293	-4	
296	303	4	
295	303	3	
26	28	4	
24	29	4	
98	100	-4	
100	108	3	
98	101	3	
333	341	-2	
335	343	-1	
331	335	-6	
401	406	-3	
406	414	-1	
407	415	4	
76	84	2	
83	86	-3	
78	86	-2	
72	78	-3	
168	173	-4	
170	173	5	
170	234	2	
234	236	-3	
168	232	2	
185	188	3	
394	399	4	
394	458	5	
458	463	1	
115	118	-4	
115	119	2	
344	348	4	
348	356	-5	
353	358	5	
350	358	-3	
266	269	2	
266	271	2	
258	263	-3	
418	420	-4	
482	487	4	
481	487	-6	
277	285	2	
282	285	-4	
278	286	-2	
275	278	5	
147	149	-5	
56	62	-6	
427	430	3	
10	13	-2	
10	14	-4	
453	461	3	
459	463	-4	
455	463	3	
42	44	-3	
40	47	-2	
224	229	-5	
216	220	-3	
218	221	-2	
216	222	-6	
506	508	3	
507	510	-4	
499	500	-4	
499	501	2	
377	382	-3	
385	388	-3	
129	134	3	
50	52	-5	
48	53	-5	
50	55	4	
281	287	-2	
2	4	4	
66	71	-1	
1	65	5	
297	302	2	
209	273	3	
272	276	4	
208	272	2	
336	340	4	
403	407	2	
400	407	-4	
416	421	-3	
483	486	5	
33	36	-3	
117	125	5	
236	244	-2	
243	245	3	
264	268	-2	
267	269	-4	
73	76	4	
85	93	-4	
448	453	-3	
449	453	-3	
105	110	-2	
105	111	-2	
157	165	-2	
159	167	-1	
468	476	-1	
469	477	-1	
202	205	-3	
200	207	2	
347	349	-3	
347	351	-2	
82	87	3	
136	142	-2	
172	180	2	
179	183	5	
175	183	-1	
168	175	-3	
409	413	-3	
435	436	-2	
433	439	2	
328	333	3	
321	326	3	
185	189	4	
256	261	3	
371	372	4	
370	375	4	
458	462	3	
276	284	2	
283	287	3	
279	287	4	
389	397	-2	
392	397	-4	
392	398	-3	
384	390	-2	
362	367	-4	
12	20	3	
324	332	4	
331	332	-1	
320	327	2	
470	478	-1	
471	479	1	
465	471	3	
291	295	4	
224	288	2	
233	238	5	
241	247	5	
156	164	3	
158	166	-2	
40	104	3	
144	148	-5	
146	148	4	
146	210	-1	
208	215	-4	
144	208	2	
25	31	2	
26	90	-4	
314	378	2	
378	382	5	
74	77	3	
74	78	-3	
482	485	4	
442	506	-4	
506	511	-4	
440	504	2	
338	342	-3	
299	300	3	
194	196	-3	
199	207	-2	
426	430	-3	
425	431	4	
154	159	2	
154	218	4	
217	223	3	
153	217	-3	
107	171	-1	
105	169	2	
32	37	-2	
33	97	-3	
97	101	-1	
49	54	-4	
50	114	-3	
128	133	5	
232	237	-4	
400	405	3	
405	413	-2	
408	415	-3	
120	184	-2	
353	417	3	
285	293	3	
290	294	-3	
305	308	3	
487	495	-2	
84	92	2	
81	86	-3	
176	240	-3	
3	67	-5	
211	275	-3	
369	433	-1	
432	438	5	
332	340	-1	
329	333	3	
388	396	2	
137	141	-2	
144	149	2	
460	468	1	
464	468	-4	
21	29	1	
23	31	2	
451	454	3	
194	197	-3	
198	206	3	
337	340	4	
345	351	2	
265	268	4	
267	270	-2	
34	38	-2	
163	227	2	
505	509	2	
75	76	-3	
192	196	-3	
219	283	2	
280	284	-4	
51	55	3	
27	91	-6	
346	410	-2	
344	408	2	
462	470	-2	
330	394	1	
328	392	1	
240	246	-4	
427	428	4	
480	484	-2	
483	484	-4	
184	190	2	
160	164	2	
153	158	4	
289	294	-2	
347	411	-3	
345	409	1	
106	108	-2	
494	502	-2	
497	503	-2	
495	503	-3	
305	310	3	
306	310	2	
354	358	-4	
354	418	3	
313	318	-3	
314	319	-4	
210	214	-4	
369	374	-3	
370	373	-2	
178	183	3	
401	405	-2	
235	238	3	
443	507	-3	
441	505	-3	
434	498	3	
155	219	3	
323	324	-2	
488	493	-2	
225	229	3	
224	231	-3	
450	455	-3	
147	150	-4	
145	151	-3	
346	348	2	
339	343	-3	
472	478	-2	
130	135	3	
129	133	-2	
465	469	-3	
35	99	3	
379	443	2	
177	180	-3	
173	181	-2	
203	204	-5	
251	315	-1	
315	317	3	
248	312	1	
307	311	-3	
303	311	1	
434	438	-2	
9	12	3	
112	118	1	
48	112	3	
273	277	1	
77	85	1	
79	87	-1	
424	488	-4	
476	484	-2	
227	228	3	
228	236	2	
230	238	-1	
250	314	1	
249	313	-1	
256	263	2	
148	156	-1	
414	422	3	
283	286	3	
328	335	3	
37	45	-2	
498	502	1	
288	293	-2	
243	307	2	
425	489	3	
80	84	-2	
115	179	2	
123	126	-2	
161	165	2	
161	225	1	
352	356	-2	
356	364	2	
359	367	2	
201	205	2	
304	308	-2	
301	309	1	
217	281	1	
1	6	4	
65	68	-3	
42	45	-3	
357	365	-2	
411	475	-1	
97	100	-2	
274	278	-1	
17	21	-1	
16	80	2	
231	239	2	
431	439	1	
209	212	3	
8	14	-1	
19	83	-2	
403	467	1	
291	355	-2	
161	167	-2	
245	253	-3	
250	255	2	
362	426	2	
192	256	2	
226	230	-2	
226	290	2	
234	298	1	
401	465	-3	
490	492	2	
492	500	-2	
497	500	3	
493	501	3	
152	216	-2	
323	387	-1	
320	384	-1	
73	79	-1	
339	341	3	
22	30	-1	
174	182	-1	
163	166	-1	
246	254	2	
306	309	1	
64	70	2	
135	143	1	
371	435	1	
205	213	-1	
491	495	-2	
187	251	-1	
96	160	-2	
15	23	2	
258	262	2	
72	77	2	
104	108	-1	
345	349	-1	
297	361	-1	
313	377	2	
284	292	2	
218	222	-1	
304	368	1	
229	237	-1	
107	109	-1	
39	47	-1	
387	389	2	
485	493	-1	
193	257	1	
96	103	1	
404	412	1	
26	30	1	
203	267	1	
202	266	1	
312	316	1	
215	223	-1	
429	437	-1	
94	102	1	
95	103	-1	
212	220	1	
233	237	1	
177	241	-1	
Energy:	-3776	
