NumberOfQubits	504	
NumberOfSubgraphs	840	
Serial	366	
PlantedSolution:	
0	-1	
1	1	
2	-1	
3	-1	
4	1	
5	1	
6	1	
8	1	
9	-1	
10	-1	
11	1	
12	1	
13	-1	
14	-1	
15	1	
16	-1	
17	1	
18	-1	
19	1	
20	-1	
21	-1	
22	1	
23	-1	
24	-1	
25	1	
26	-1	
27	1	
28	-1	
29	1	
30	1	
31	1	
32	1	
33	-1	
34	-1	
35	1	
36	1	
37	1	
38	1	
39	-1	
40	1	
41	1	
42	-1	
43	1	
44	-1	
45	1	
46	1	
47	-1	
48	-1	
49	-1	
50	1	
51	1	
52	1	
53	1	
54	1	
55	1	
56	1	
57	1	
58	1	
59	-1	
60	1	
61	-1	
62	-1	
63	-1	
64	1	
65	-1	
66	1	
67	-1	
68	1	
69	-1	
70	-1	
71	1	
72	-1	
73	-1	
74	1	
75	-1	
76	1	
77	1	
78	-1	
79	-1	
80	1	
81	1	
82	1	
83	-1	
84	1	
85	1	
86	1	
87	-1	
88	1	
89	1	
90	1	
91	1	
92	-1	
93	1	
94	1	
95	1	
96	-1	
97	-1	
98	1	
99	1	
100	1	
101	-1	
102	1	
103	1	
104	1	
105	-1	
106	-1	
107	1	
108	-1	
109	1	
110	-1	
111	1	
112	1	
113	1	
114	1	
115	-1	
116	-1	
117	-1	
118	1	
119	1	
120	1	
121	-1	
123	1	
124	1	
125	1	
126	1	
127	-1	
128	1	
129	1	
130	1	
131	-1	
132	-1	
133	-1	
134	-1	
135	-1	
136	-1	
137	-1	
138	1	
139	-1	
141	1	
142	1	
143	-1	
144	-1	
145	-1	
146	1	
147	-1	
148	-1	
149	-1	
150	1	
151	-1	
152	1	
153	1	
154	1	
155	1	
156	-1	
157	1	
158	-1	
159	1	
160	1	
161	1	
162	-1	
163	1	
164	-1	
165	1	
166	1	
167	1	
168	1	
169	-1	
170	-1	
171	1	
172	-1	
173	1	
174	1	
175	1	
176	-1	
177	-1	
178	1	
179	1	
180	1	
181	1	
182	-1	
183	1	
184	1	
185	-1	
186	-1	
187	-1	
188	-1	
189	-1	
190	-1	
191	-1	
192	-1	
193	-1	
194	-1	
195	-1	
196	1	
197	-1	
198	-1	
199	-1	
200	1	
201	-1	
202	1	
203	-1	
204	-1	
205	1	
206	-1	
207	-1	
208	-1	
209	1	
210	1	
211	-1	
212	-1	
213	1	
214	-1	
215	-1	
216	1	
217	-1	
218	-1	
219	1	
220	-1	
221	-1	
222	-1	
223	-1	
224	1	
225	1	
226	-1	
227	1	
228	1	
229	-1	
230	1	
231	1	
232	1	
233	-1	
234	1	
235	1	
236	-1	
237	1	
238	1	
239	-1	
240	1	
241	-1	
242	-1	
243	1	
244	-1	
245	-1	
246	1	
247	-1	
248	1	
249	1	
250	1	
251	-1	
252	1	
253	1	
254	1	
255	1	
256	1	
257	1	
258	-1	
259	-1	
260	-1	
261	1	
262	-1	
263	1	
264	-1	
265	1	
266	1	
267	1	
268	-1	
269	-1	
270	-1	
271	-1	
272	1	
273	1	
274	1	
275	1	
276	1	
277	1	
278	1	
279	1	
280	-1	
281	1	
282	-1	
283	1	
284	1	
285	-1	
286	1	
287	-1	
288	-1	
289	1	
290	1	
291	-1	
292	1	
293	1	
294	-1	
295	1	
296	-1	
297	-1	
298	1	
299	-1	
300	-1	
301	-1	
302	1	
303	1	
304	-1	
305	1	
306	1	
307	-1	
308	-1	
309	-1	
310	-1	
311	1	
312	1	
313	1	
314	1	
315	1	
316	-1	
317	1	
318	1	
319	-1	
320	1	
321	1	
322	1	
323	1	
324	1	
325	1	
326	1	
327	-1	
328	-1	
329	-1	
330	-1	
331	1	
332	-1	
333	1	
334	1	
335	1	
336	-1	
337	1	
338	1	
339	1	
340	1	
341	1	
342	1	
343	-1	
344	-1	
345	1	
346	1	
347	1	
348	1	
349	1	
350	1	
351	-1	
352	-1	
353	1	
354	-1	
355	1	
356	-1	
357	-1	
358	-1	
359	-1	
361	1	
362	-1	
363	-1	
364	1	
365	-1	
367	1	
368	-1	
369	-1	
370	-1	
371	1	
372	-1	
373	1	
374	1	
375	1	
376	-1	
377	1	
378	1	
379	-1	
380	-1	
382	1	
383	1	
384	1	
385	-1	
386	-1	
387	-1	
388	1	
389	1	
390	1	
391	-1	
392	-1	
393	-1	
394	-1	
396	-1	
397	-1	
398	1	
399	1	
400	1	
401	-1	
402	-1	
403	-1	
404	1	
405	1	
406	-1	
407	-1	
408	-1	
409	1	
410	-1	
411	1	
412	-1	
413	-1	
414	1	
415	1	
416	-1	
417	-1	
418	-1	
419	1	
420	1	
421	-1	
422	-1	
424	1	
425	-1	
426	-1	
427	1	
428	-1	
429	1	
430	-1	
431	1	
432	1	
433	1	
434	1	
435	1	
436	1	
437	-1	
438	-1	
439	1	
440	-1	
441	-1	
442	-1	
443	-1	
444	-1	
445	-1	
446	-1	
447	1	
448	-1	
449	-1	
450	1	
451	-1	
452	1	
453	-1	
454	-1	
455	1	
456	-1	
457	1	
458	-1	
459	1	
460	-1	
461	1	
462	-1	
463	1	
464	1	
465	-1	
466	-1	
467	1	
468	1	
469	1	
470	1	
471	-1	
472	-1	
473	-1	
474	-1	
475	1	
476	-1	
477	-1	
478	1	
479	-1	
480	-1	
481	-1	
482	1	
483	-1	
484	-1	
485	-1	
486	1	
487	1	
488	1	
489	-1	
490	1	
491	1	
492	1	
493	-1	
494	1	
495	-1	
496	-1	
497	1	
498	-1	
499	1	
500	1	
501	-1	
502	1	
503	1	
504	1	
505	1	
506	-1	
507	1	
508	1	
509	-1	
510	1	
511	1	
Js:	
200	205	-3	
202	205	-5	
202	207	4	
201	207	2	
201	206	-7	
200	206	4	
410	413	-4	
413	421	-1	
419	421	4	
419	422	4	
414	422	4	
410	414	-2	
240	245	4	
245	253	4	
248	253	-3	
248	254	-7	
246	254	-4	
240	246	-2	
274	276	-6	
275	276	-4	
275	339	-4	
339	340	-4	
338	340	-3	
274	338	-5	
80	84	4	
83	84	5	
83	147	-1	
147	149	-8	
144	149	-2	
80	144	2	
72	78	-4	
78	86	2	
82	86	-5	
82	87	3	
79	87	-2	
72	79	-5	
210	212	3	
212	220	2	
217	220	-5	
217	222	-2	
214	222	-4	
210	214	5	
320	326	-7	
323	326	-3	
323	387	3	
387	388	2	
384	388	-4	
320	384	-2	
304	308	-4	
306	308	3	
306	370	3	
370	372	-6	
368	372	-3	
304	368	-2	
10	12	3	
12	20	4	
17	20	4	
17	21	3	
13	21	-3	
10	13	-5	
329	333	4	
330	333	6	
330	394	1	
394	397	-4	
393	397	-5	
329	393	-2	
41	46	-3	
42	46	6	
42	106	-4	
106	110	-6	
105	110	-5	
41	105	4	
281	284	-5	
282	284	4	
282	286	5	
280	286	4	
280	287	-6	
281	287	5	
88	95	-5	
91	95	-5	
91	155	-2	
155	158	4	
152	158	5	
88	152	-3	
168	173	-6	
169	173	3	
169	233	2	
233	239	-4	
232	239	3	
168	232	-5	
307	309	-5	
309	317	2	
312	317	3	
312	318	-4	
310	318	4	
307	310	-4	
288	293	3	
289	293	5	
289	295	-4	
291	295	4	
291	294	-3	
288	294	-5	
0	4	5	
3	4	6	
3	67	-6	
67	69	5	
64	69	5	
0	64	6	
27	28	6	
28	36	1	
34	36	5	
34	38	4	
30	38	-2	
27	30	5	
114	116	4	
115	116	-3	
115	117	-5	
112	117	7	
112	118	2	
114	118	-5	
186	188	-5	
187	188	-5	
187	190	2	
184	190	4	
184	191	5	
186	191	-5	
297	300	-4	
299	300	-4	
299	302	6	
298	302	-4	
298	303	-4	
297	303	4	
97	100	4	
98	100	-5	
98	102	5	
99	102	-4	
99	103	-4	
97	103	5	
464	469	-4	
469	477	2	
474	477	-4	
474	478	-5	
470	478	-4	
464	470	-5	
177	180	4	
178	180	-5	
178	181	-3	
176	181	5	
176	182	2	
177	182	-7	
480	484	-6	
481	484	-3	
481	485	-7	
483	485	3	
483	486	7	
480	486	5	
224	228	-4	
225	228	-4	
225	230	-2	
227	230	-5	
227	229	5	
224	229	3	
401	404	6	
403	404	-6	
403	406	-7	
402	406	-4	
402	405	3	
401	405	4	
376	380	-6	
377	380	-4	
377	383	-3	
378	383	-8	
378	382	-4	
376	382	3	
26	29	6	
29	37	-3	
35	37	2	
35	39	3	
31	39	4	
26	31	2	
504	508	-6	
506	508	4	
506	510	5	
505	510	-5	
505	511	-5	
504	511	-4	
345	348	-4	
346	348	-5	
346	349	2	
344	349	7	
344	350	3	
345	350	-5	
432	436	-5	
433	436	-5	
433	439	-4	
434	439	-5	
434	437	5	
432	437	-2	
448	452	4	
451	452	7	
451	455	2	
450	455	-6	
450	454	5	
448	454	-4	
193	199	-3	
194	199	-4	
194	258	-3	
258	262	-6	
257	262	6	
193	257	-1	
352	356	-6	
356	364	2	
363	364	5	
363	365	-4	
357	365	3	
352	357	-3	
490	492	3	
491	492	-6	
491	493	4	
489	493	-2	
489	494	4	
490	494	-4	
442	444	-4	
443	444	-3	
443	445	-5	
441	445	-5	
441	447	7	
442	447	-4	
211	213	5	
213	221	3	
219	221	-4	
219	223	4	
215	223	-3	
211	215	-3	
249	252	-7	
250	252	5	
250	314	-1	
314	316	7	
313	316	3	
249	313	-2	
272	277	-5	
273	277	-3	
273	337	6	
337	341	-5	
336	341	5	
272	336	3	
129	132	5	
130	132	5	
130	133	6	
128	133	4	
128	134	7	
129	134	-4	
58	60	-7	
59	60	5	
59	61	4	
57	61	5	
57	62	3	
58	62	6	
139	142	4	
142	150	-3	
146	150	-5	
146	151	-4	
143	151	-4	
139	143	-4	
162	164	-5	
164	172	-4	
170	172	-5	
170	174	-2	
166	174	-4	
162	166	4	
497	500	-5	
499	500	1	
499	501	5	
498	501	-4	
498	502	3	
497	502	-5	
121	125	5	
123	125	-7	
123	126	-3	
120	126	-6	
120	127	6	
121	127	4	
89	94	-2	
90	94	-6	
90	154	2	
154	157	-6	
153	157	-4	
89	153	-3	
425	429	6	
426	429	2	
426	430	2	
424	430	6	
424	431	-4	
425	431	3	
264	268	-6	
265	268	-3	
265	270	5	
267	270	6	
267	271	3	
264	271	-5	
49	53	3	
51	53	4	
51	55	-2	
50	55	-6	
50	54	-4	
49	54	5	
456	460	-3	
459	460	8	
459	463	4	
457	463	-5	
457	461	-4	
456	461	6	
353	358	3	
354	358	6	
354	418	-3	
418	420	4	
417	420	4	
353	417	6	
73	77	3	
74	77	-4	
74	138	-3	
138	141	-3	
137	141	-7	
73	137	-3	
465	468	-5	
468	476	5	
472	476	-4	
472	479	-5	
471	479	-1	
465	471	-3	
8	14	5	
14	22	4	
18	22	6	
18	23	-3	
15	23	3	
8	15	-5	
40	45	-3	
43	45	-5	
43	107	-4	
107	108	-3	
104	108	7	
40	104	-4	
321	324	-5	
324	332	3	
331	332	8	
331	335	-3	
327	335	-2	
321	327	5	
1	6	-6	
2	6	6	
2	66	5	
66	71	-7	
65	71	5	
1	65	3	
385	390	7	
390	398	-7	
392	398	4	
392	399	6	
391	399	6	
385	391	2	
192	198	-2	
195	198	-7	
195	259	-2	
259	260	-4	
256	260	5	
192	256	2	
368	373	4	
369	373	-5	
369	374	4	
371	374	-5	
371	375	-5	
368	375	5	
234	236	6	
236	244	-2	
243	244	5	
243	245	3	
237	245	-2	
234	237	-3	
408	412	-3	
409	412	4	
409	413	4	
411	413	3	
411	415	-3	
408	415	7	
163	165	-5	
165	173	-3	
171	173	-4	
171	175	-4	
167	175	3	
163	167	-4	
241	247	-5	
242	247	-5	
242	306	2	
306	311	-4	
305	311	-6	
241	305	-3	
81	85	-4	
82	85	-6	
82	146	-2	
146	148	5	
145	148	-4	
81	145	-1	
449	453	-6	
453	461	4	
458	461	4	
458	462	-4	
454	462	-4	
449	454	-4	
107	109	-4	
109	117	-1	
113	117	4	
113	119	-4	
111	119	-4	
107	111	-6	
355	357	3	
361	365	6	
361	367	-4	
359	367	3	
355	359	5	
9	14	-3	
11	14	-3	
11	75	4	
75	76	4	
73	76	4	
9	73	-5	
322	325	-5	
323	325	-5	
387	389	5	
386	389	5	
322	386	-2	
89	92	5	
92	100	3	
96	100	4	
96	101	4	
93	101	3	
89	93	-5	
424	428	-3	
427	428	4	
427	491	-3	
491	495	3	
488	495	5	
424	488	-3	
257	261	-6	
261	269	3	
266	269	5	
266	271	-3	
263	271	4	
257	263	-2	
290	292	-5	
292	300	2	
296	300	-4	
296	301	-5	
293	301	3	
290	293	-3	
185	189	-4	
187	189	-4	
187	251	-3	
251	255	5	
249	255	-3	
185	249	3	
280	285	-2	
283	285	-3	
283	347	-6	
347	351	3	
344	351	-4	
280	344	-5	
328	334	5	
334	342	1	
337	342	-3	
337	343	3	
335	343	3	
328	335	4	
226	230	5	
230	238	-4	
235	238	-6	
235	239	5	
231	239	4	
226	231	5	
192	196	5	
196	204	-6	
203	204	-4	
203	205	2	
197	205	6	
192	197	-4	
496	501	-4	
501	509	-3	
507	509	8	
507	511	-3	
503	511	3	
496	503	4	
435	436	-1	
436	444	3	
440	444	-5	
440	446	-4	
438	446	-5	
435	438	-5	
40	44	5	
44	52	2	
48	52	5	
48	55	-4	
47	55	3	
40	47	4	
131	133	-3	
133	141	2	
136	141	4	
136	143	-4	
135	143	1	
131	135	-5	
400	407	5	
402	407	-5	
402	466	-5	
466	471	-7	
464	471	3	
400	464	3	
56	63	-6	
57	63	5	
57	121	1	
121	124	6	
120	124	-4	
56	120	-3	
208	212	-2	
209	212	6	
209	273	2	
273	278	-4	
272	278	-4	
208	272	3	
153	156	3	
156	164	-5	
161	164	-3	
161	167	-5	
159	167	-4	
153	159	-4	
313	319	6	
315	319	5	
315	379	3	
379	382	6	
377	382	-5	
313	377	-3	
473	477	-5	
477	485	2	
482	485	5	
482	487	-2	
479	487	2	
473	479	-6	
16	20	-4	
19	20	6	
19	23	5	
17	23	3	
16	21	-5	
32	36	-2	
33	36	-5	
33	38	5	
35	38	-5	
32	39	5	
154	158	-4	
154	218	2	
218	222	-5	
216	222	3	
152	216	-5	
179	182	4	
182	190	-5	
186	190	5	
183	191	2	
179	183	-4	
24	29	2	
26	30	5	
25	30	2	
25	31	-5	
24	31	5	
64	68	-4	
67	68	3	
67	70	-5	
66	70	3	
64	71	-3	
467	468	-5	
475	476	5	
475	478	-4	
467	470	-5	
362	364	5	
362	367	5	
352	359	4	
419	420	-4	
416	422	-5	
416	421	5	
418	421	-5	
388	396	7	
393	396	-5	
393	398	4	
384	390	-3	
97	101	-3	
97	161	2	
161	165	-4	
160	165	-3	
96	160	3	
275	278	-2	
278	286	2	
283	286	-5	
283	287	3	
279	287	3	
275	279	-6	
4	12	-2	
11	12	-4	
11	13	4	
5	13	-2	
3	5	4	
108	116	-2	
114	119	5	
104	111	-2	
488	493	5	
490	493	6	
489	495	5	
437	445	-3	
443	446	-5	
434	438	3	
267	269	4	
264	269	-2	
10	15	4	
10	74	5	
72	77	5	
8	72	4	
251	254	5	
251	315	1	
312	319	6	
248	312	2	
84	92	4	
90	92	3	
86	94	-3	
83	86	-3	
233	238	4	
234	238	4	
234	298	-3	
298	301	4	
297	301	-2	
233	297	-2	
145	149	-6	
145	209	-4	
209	213	-3	
208	213	4	
144	208	-5	
400	406	4	
400	405	-5	
106	170	-3	
170	175	4	
169	175	7	
105	169	2	
496	500	-5	
500	508	-4	
504	510	-5	
502	510	-4	
496	502	5	
345	351	5	
347	411	-1	
411	414	6	
409	414	-4	
345	409	-3	
258	260	-4	
259	262	-3	
259	263	6	
256	263	-5	
216	220	5	
220	228	2	
227	228	-4	
221	229	1	
216	221	4	
176	183	5	
178	183	-5	
178	242	3	
242	244	-3	
240	244	6	
176	240	4	
52	60	-2	
58	61	6	
53	61	3	
48	53	4	
307	311	3	
307	371	2	
305	369	3	
138	142	-5	
139	203	-5	
202	204	5	
138	202	-3	
328	332	5	
330	332	-4	
329	334	5	
41	44	5	
43	44	4	
43	46	-5	
42	47	-4	
41	47	-4	
459	462	5	
457	462	-3	
456	463	6	
193	197	-6	
194	197	3	
195	199	-4	
193	198	-4	
425	428	-3	
426	428	-5	
427	429	-3	
427	430	4	
425	430	4	
294	302	-2	
296	302	2	
296	303	6	
295	303	-3	
288	295	4	
340	348	-5	
341	349	-1	
339	341	-3	
482	484	6	
483	484	-4	
483	487	-3	
480	487	5	
482	486	-3	
131	132	-6	
131	134	-4	
128	135	4	
130	135	-5	
322	324	-6	
322	327	2	
320	327	5	
321	326	-3	
449	452	3	
449	455	4	
451	453	-5	
448	453	3	
179	180	-3	
179	243	-5	
243	246	-4	
241	246	-6	
177	241	-2	
80	85	-2	
85	93	2	
88	93	-5	
87	95	3	
80	87	5	
291	292	6	
291	355	3	
355	358	5	
290	354	2	
308	316	-4	
314	318	-7	
304	310	-4	
389	397	6	
392	397	-4	
386	391	-5	
206	214	-2	
210	215	-5	
207	215	-2	
200	207	3	
442	506	-2	
506	509	-4	
505	509	6	
441	505	2	
51	54	-4	
51	115	4	
115	118	4	
113	118	-4	
49	113	-4	
435	439	-3	
435	499	-3	
499	503	-6	
497	503	-3	
433	497	-4	
276	284	-3	
282	285	-4	
277	285	4	
274	277	-4	
372	380	-4	
378	380	2	
375	383	2	
370	375	2	
147	148	-3	
148	156	-2	
155	156	4	
155	159	3	
151	159	2	
147	151	-5	
160	166	-3	
162	226	-4	
224	231	-5	
160	224	4	
65	68	-5	
68	76	-5	
75	78	-2	
70	78	-5	
65	70	-4	
168	174	-4	
171	174	-6	
171	235	-2	
235	237	-4	
232	237	3	
410	415	5	
410	474	-4	
474	479	-3	
408	472	-5	
2	4	5	
2	5	4	
1	5	-5	
0	6	4	
32	37	-5	
34	37	4	
34	98	1	
96	102	3	
32	96	5	
59	63	-6	
59	123	2	
185	188	-4	
186	250	1	
338	341	-4	
338	343	-2	
339	343	6	
339	342	-3	
336	342	4	
219	220	5	
219	222	4	
218	223	-5	
217	223	4	
465	469	4	
466	469	6	
467	471	5	
465	470	4	
18	21	-6	
19	22	3	
16	23	-4	
24	28	-4	
25	28	4	
27	31	-2	
24	30	6	
363	427	4	
427	431	-4	
426	431	7	
362	426	-3	
315	317	-6	
379	380	-4	
312	376	3	
353	356	-3	
416	420	3	
352	416	-2	
411	412	3	
411	475	-2	
475	477	6	
409	473	3	
394	396	-4	
394	458	-4	
393	457	2	
137	143	-3	
137	201	-4	
201	205	3	
136	200	-6	
180	188	-2	
184	188	4	
184	189	5	
181	189	5	
177	181	4	
35	36	-5	
35	99	-3	
33	97	-3	
242	245	-4	
251	253	4	
247	255	3	
112	116	3	
116	124	5	
123	124	3	
117	125	4	
225	231	-4	
227	231	1	
227	291	2	
289	292	-3	
225	289	-3	
65	69	-3	
65	129	2	
129	135	3	
64	128	1	
371	373	-5	
371	435	-2	
432	439	-3	
368	432	4	
443	507	2	
507	508	4	
440	504	2	
149	157	2	
155	157	-2	
150	158	4	
147	150	-1	
484	492	3	
489	492	4	
487	495	2	
481	487	6	
267	331	-3	
331	333	2	
266	330	4	
208	215	-4	
211	275	-1	
272	279	-4	
163	164	2	
171	172	-3	
163	166	-5	
81	86	4	
91	94	-2	
81	87	5	
321	325	-5	
387	390	2	
321	385	-1	
282	346	3	
346	350	-6	
281	345	2	
299	301	-4	
301	309	-2	
304	309	-3	
302	310	-2	
41	45	-4	
42	45	4	
106	109	-2	
105	109	5	
10	14	3	
74	79	3	
73	79	-2	
50	53	-4	
56	61	2	
56	62	5	
54	62	3	
194	196	3	
258	261	-3	
256	261	-3	
397	405	-1	
401	407	-4	
399	407	1	
394	399	3	
233	236	-5	
234	239	-3	
498	500	5	
498	503	3	
499	502	-3	
365	373	3	
369	375	4	
367	375	-4	
118	126	-4	
121	126	5	
119	127	3	
179	181	2	
185	190	-4	
195	196	5	
199	207	-4	
281	285	5	
38	46	1	
43	47	4	
39	47	-1	
34	39	-4	
273	276	-2	
338	342	-5	
26	28	-3	
26	90	4	
90	93	-2	
24	88	-3	
152	156	-2	
153	217	4	
217	221	-4	
353	359	3	
355	419	3	
417	421	-3	
377	441	3	
440	447	-2	
376	440	-3	
460	468	-1	
467	469	-3	
461	469	-1	
82	84	-3	
144	148	-6	
386	388	3	
99	100	4	
100	108	2	
103	111	-3	
474	476	-4	
226	228	3	
226	290	-3	
290	294	4	
289	294	4	
433	437	3	
434	498	-3	
497	501	3	
168	172	3	
169	172	3	
170	173	5	
428	436	3	
432	438	4	
430	438	-2	
298	300	4	
300	308	2	
307	308	-3	
303	311	-2	
211	212	-6	
210	213	-4	
209	214	4	
11	15	-5	
75	77	3	
480	485	-1	
485	493	-2	
486	494	3	
392	396	-3	
396	404	1	
400	404	-2	
398	406	-1	
266	268	3	
266	270	4	
264	270	-3	
265	271	4	
3	6	-2	
57	60	-4	
59	62	-3	
129	133	5	
331	334	-4	
329	335	5	
17	22	-6	
19	83	5	
83	85	4	
17	81	-4	
244	252	3	
250	255	-5	
240	247	2	
139	141	5	
203	206	-3	
25	29	-5	
27	29	-2	
27	91	-5	
91	92	-3	
25	89	-4	
349	357	4	
354	357	-3	
350	358	3	
336	340	-3	
347	348	-4	
343	351	-2	
336	343	-2	
157	165	4	
154	159	-2	
98	101	3	
101	109	3	
107	110	2	
102	110	2	
112	119	-2	
114	178	-3	
112	176	2	
315	316	4	
313	317	4	
314	317	-3	
36	44	2	
37	45	-2	
33	37	4	
51	52	-6	
49	55	3	
259	261	5	
258	263	3	
9	12	-5	
9	13	-4	
145	150	4	
145	151	-3	
138	143	-4	
305	309	4	
306	309	4	
370	374	5	
379	383	4	
379	443	3	
442	445	-3	
378	442	5	
228	236	3	
232	236	3	
229	237	5	
297	302	-4	
299	363	-3	
361	364	-5	
297	361	4	
66	68	-3	
72	76	-2	
71	79	3	
412	420	3	
385	389	3	
387	451	5	
385	449	-3	
424	429	-4	
425	489	-3	
488	492	4	
123	127	5	
123	187	2	
187	191	-4	
120	184	1	
0	5	5	
193	196	3	
194	198	-5	
224	230	-2	
320	324	3	
218	221	-4	
216	223	3	
418	422	-2	
419	483	3	
418	482	4	
457	460	4	
458	460	-3	
459	461	-3	
275	277	-3	
274	279	1	
274	278	-6	
384	391	4	
386	450	4	
384	448	4	
404	412	3	
405	413	4	
403	405	3	
491	494	-4	
426	490	3	
439	447	-3	
18	20	2	
241	244	-1	
248	252	-3	
370	373	-3	
256	262	-3	
306	310	-4	
136	142	4	
137	142	3	
45	53	-2	
32	38	-3	
74	76	3	
75	79	-5	
73	78	-5	
353	357	4	
362	365	-4	
333	341	-2	
330	335	3	
88	92	2	
88	94	-4	
507	510	3	
506	511	5	
115	179	-2	
91	93	-3	
98	103	-4	
95	103	3	
146	149	-1	
147	211	-2	
146	210	-3	
169	174	3	
347	349	-5	
313	318	-2	
154	156	4	
152	157	2	
218	282	-3	
282	287	-1	
217	281	3	
8	13	2	
192	199	-5	
1	4	4	
106	111	3	
328	392	1	
265	269	-3	
354	356	-4	
288	352	2	
225	229	-4	
401	406	-4	
401	465	2	
243	247	4	
243	307	1	
416	480	-3	
283	284	-3	
284	292	-2	
291	293	2	
285	293	2	
385	388	-4	
394	398	4	
429	437	-1	
408	413	-2	
472	478	3	
177	183	2	
450	453	2	
458	463	-3	
455	463	-3	
249	253	-4	
33	39	-3	
97	102	3	
337	340	-3	
342	350	-4	
441	444	-3	
268	276	2	
272	276	1	
269	277	1	
49	52	3	
113	116	3	
48	112	4	
81	84	-2	
160	167	-2	
163	227	-3	
200	204	3	
104	109	3	
69	77	3	
323	324	-3	
326	334	-3	
403	407	-2	
403	467	2	
374	382	-4	
89	95	-1	
90	95	-3	
209	215	3	
304	311	5	
240	304	2	
286	294	2	
287	295	-2	
232	238	-3	
232	296	3	
452	460	3	
451	454	3	
130	194	2	
129	193	3	
431	439	2	
121	185	1	
417	481	-2	
384	389	3	
393	399	2	
161	166	-3	
55	63	2	
441	446	-2	
257	260	4	
260	268	3	
315	318	-3	
314	319	3	
106	108	-4	
104	110	4	
67	71	2	
322	326	4	
435	437	6	
363	367	-4	
18	82	3	
80	86	-3	
16	80	4	
162	165	3	
456	462	3	
392	456	-2	
273	279	-3	
211	214	-3	
176	180	4	
186	189	-4	
250	254	-3	
99	101	4	
481	486	2	
490	495	4	
464	468	3	
152	159	-3	
505	508	2	
305	308	-2	
420	428	2	
422	430	-2	
202	206	-2	
203	267	1	
202	266	-1	
328	333	4	
40	46	-4	
185	191	4	
8	12	-4	
6	14	2	
83	87	2	
364	372	3	
369	372	-3	
235	299	2	
448	455	5	
442	446	-2	
323	327	4	
320	325	-1	
66	69	4	
141	149	1	
355	356	3	
352	358	-3	
354	359	-2	
201	204	-3	
198	206	-2	
434	436	-3	
433	438	3	
473	476	-2	
475	479	3	
473	478	4	
50	52	-2	
407	415	3	
346	351	3	
417	422	3	
408	414	2	
233	237	3	
242	246	3	
238	246	-1	
98	162	2	
162	167	2	
42	44	-2	
75	139	-2	
16	22	1	
265	329	4	
443	447	-2	
440	445	-4	
128	192	-2	
488	494	-3	
298	362	3	
248	255	-4	
184	248	1	
387	391	-3	
450	452	-3	
271	279	-1	
402	404	-2	
144	150	3	
332	340	2	
369	433	1	
208	214	2	
161	225	-3	
346	410	1	
409	415	2	
239	247	-1	
251	252	-2	
250	253	-3	
472	477	3	
64	70	3	
155	219	-3	
50	114	-2	
114	117	1	
330	334	2	
203	207	-5	
94	102	-3	
99	163	-1	
504	509	-1	
410	412	-4	
466	468	1	
105	108	-2	
105	111	-2	
19	21	-1	
288	292	2	
224	288	2	
241	245	-3	
259	323	2	
256	320	2	
130	134	2	
120	125	-2	
160	164	3	
201	265	-1	
200	264	1	
351	359	-3	
173	181	1	
175	183	-2	
48	54	3	
172	180	2	
178	182	1	
174	182	1	
115	119	2	
267	268	3	
262	270	-2	
76	84	-2	
77	85	-2	
462	470	1	
463	471	1	
195	197	-1	
290	295	-3	
368	374	2	
370	434	-1	
21	29	2	
23	31	-2	
312	316	-2	
153	158	2	
158	166	-1	
421	429	2	
96	103	1	
222	230	2	
223	231	-1	
56	60	-2	
325	333	-2	
376	383	3	
170	234	-1	
361	425	1	
280	284	-3	
348	356	2	
226	229	-2	
493	501	-1	
495	503	1	
131	195	1	
74	78	2	
338	402	-1	
336	400	1	
235	236	-1	
46	54	1	
144	151	2	
305	310	2	
9	15	3	
406	414	2	
110	118	-1	
128	132	2	
344	408	-1	
218	220	1	
107	171	-1	
104	168	-2	
204	212	-1	
205	213	1	
20	28	-2	
22	30	-2	
58	63	-1	
281	286	-2	
249	254	1	
432	496	2	
347	350	1	
345	349	1	
113	177	1	
258	322	-1	
257	321	-1	
466	470	1	
371	372	-1	
264	328	-1	
134	142	1	
289	353	-1	
386	390	-1	
299	303	-1	
67	131	-1	
314	378	1	
Energy:	-3758	
