NumberOfQubits	504	
NumberOfSubgraphs	504	
Serial	154	
PlantedSolution:	
0	-1	
1	1	
2	1	
3	-1	
4	1	
5	1	
6	-1	
8	-1	
9	1	
10	-1	
11	1	
12	1	
13	-1	
14	1	
15	1	
16	-1	
17	1	
18	1	
19	-1	
20	-1	
21	1	
22	-1	
23	1	
24	-1	
25	-1	
26	1	
27	-1	
28	1	
29	-1	
30	-1	
31	-1	
32	-1	
33	1	
34	1	
35	-1	
36	1	
37	1	
38	-1	
39	1	
40	-1	
41	-1	
42	1	
43	1	
44	-1	
45	-1	
46	-1	
47	1	
48	1	
49	1	
50	1	
51	-1	
52	-1	
53	-1	
54	-1	
55	-1	
56	1	
57	1	
58	-1	
59	-1	
60	-1	
61	1	
62	-1	
63	-1	
64	1	
65	-1	
66	-1	
67	-1	
68	-1	
69	-1	
70	1	
71	1	
72	-1	
73	1	
74	-1	
75	-1	
76	1	
77	1	
78	1	
79	1	
80	1	
81	-1	
82	-1	
83	-1	
84	1	
85	1	
86	1	
87	1	
88	1	
89	-1	
90	1	
91	1	
92	-1	
93	1	
94	1	
95	-1	
96	1	
97	-1	
98	1	
99	-1	
100	1	
101	1	
102	-1	
103	-1	
104	1	
105	-1	
106	-1	
107	1	
108	-1	
109	1	
110	1	
111	-1	
112	1	
113	-1	
114	1	
115	-1	
116	1	
117	-1	
118	-1	
119	-1	
120	-1	
121	-1	
123	-1	
124	1	
125	1	
126	1	
127	1	
128	-1	
129	-1	
130	-1	
131	1	
132	1	
133	-1	
134	1	
135	1	
136	-1	
137	1	
138	-1	
139	1	
141	1	
142	1	
143	-1	
144	1	
145	1	
146	1	
147	-1	
148	-1	
149	1	
150	-1	
151	-1	
152	1	
153	1	
154	-1	
155	1	
156	1	
157	1	
158	-1	
159	-1	
160	1	
161	-1	
162	1	
163	-1	
164	-1	
165	-1	
166	1	
167	1	
168	-1	
169	1	
170	1	
171	1	
172	-1	
173	-1	
174	1	
175	-1	
176	-1	
177	1	
178	1	
179	1	
180	1	
181	1	
182	-1	
183	-1	
184	1	
185	-1	
186	1	
187	-1	
188	-1	
189	1	
190	-1	
191	-1	
192	1	
193	1	
194	1	
195	1	
196	1	
197	-1	
198	1	
199	1	
200	-1	
201	1	
202	1	
203	1	
204	1	
205	1	
206	-1	
207	1	
208	-1	
209	-1	
210	-1	
211	-1	
212	1	
213	-1	
214	1	
215	1	
216	1	
217	-1	
218	-1	
219	-1	
220	1	
221	1	
222	1	
223	-1	
224	1	
225	1	
226	1	
227	1	
228	-1	
229	-1	
230	1	
231	-1	
232	1	
233	1	
234	-1	
235	-1	
236	-1	
237	1	
238	1	
239	1	
240	1	
241	1	
242	-1	
243	1	
244	-1	
245	1	
246	1	
247	1	
248	-1	
249	1	
250	-1	
251	1	
252	-1	
253	1	
254	-1	
255	1	
256	-1	
257	1	
258	-1	
259	1	
260	1	
261	1	
262	-1	
263	1	
264	-1	
265	1	
266	1	
267	1	
268	1	
269	1	
270	1	
271	-1	
272	1	
273	1	
274	1	
275	-1	
276	-1	
277	1	
278	1	
279	1	
280	1	
281	1	
282	1	
283	1	
284	1	
285	1	
286	-1	
287	-1	
288	1	
289	-1	
290	1	
291	1	
292	1	
293	-1	
294	-1	
295	-1	
296	-1	
297	1	
298	-1	
299	-1	
300	-1	
301	1	
302	-1	
303	-1	
304	-1	
305	-1	
306	-1	
307	-1	
308	-1	
309	1	
310	-1	
311	-1	
312	-1	
313	-1	
314	1	
315	-1	
316	-1	
317	-1	
318	1	
319	-1	
320	1	
321	-1	
322	-1	
323	1	
324	1	
325	1	
326	1	
327	1	
328	1	
329	-1	
330	-1	
331	-1	
332	-1	
333	1	
334	1	
335	1	
336	-1	
337	1	
338	1	
339	1	
340	-1	
341	1	
342	-1	
343	-1	
344	1	
345	-1	
346	-1	
347	1	
348	1	
349	1	
350	1	
351	-1	
352	-1	
353	-1	
354	1	
355	-1	
356	-1	
357	-1	
358	-1	
359	1	
361	1	
362	1	
363	1	
364	1	
365	1	
367	1	
368	-1	
369	1	
370	1	
371	-1	
372	-1	
373	1	
374	-1	
375	1	
376	1	
377	1	
378	1	
379	1	
380	1	
382	-1	
383	1	
384	-1	
385	1	
386	1	
387	-1	
388	1	
389	-1	
390	-1	
391	1	
392	1	
393	-1	
394	-1	
396	-1	
397	1	
398	-1	
399	1	
400	-1	
401	1	
402	-1	
403	1	
404	-1	
405	-1	
406	-1	
407	-1	
408	1	
409	1	
410	1	
411	-1	
412	-1	
413	-1	
414	1	
415	1	
416	1	
417	1	
418	1	
419	-1	
420	1	
421	-1	
422	1	
424	1	
425	-1	
426	1	
427	-1	
428	-1	
429	-1	
430	-1	
431	-1	
432	1	
433	-1	
434	1	
435	-1	
436	1	
437	-1	
438	-1	
439	1	
440	1	
441	-1	
442	1	
443	1	
444	-1	
445	-1	
446	-1	
447	-1	
448	-1	
449	-1	
450	-1	
451	-1	
452	-1	
453	-1	
454	-1	
455	1	
456	-1	
457	1	
458	1	
459	1	
460	-1	
461	-1	
462	-1	
463	-1	
464	-1	
465	1	
466	-1	
467	-1	
468	-1	
469	-1	
470	1	
471	-1	
472	1	
473	-1	
474	-1	
475	1	
476	-1	
477	1	
478	-1	
479	1	
480	-1	
481	-1	
482	1	
483	1	
484	1	
485	-1	
486	-1	
487	-1	
488	-1	
489	-1	
490	1	
491	1	
492	1	
493	-1	
494	-1	
495	1	
496	1	
497	-1	
498	1	
499	-1	
500	1	
501	-1	
502	1	
503	-1	
504	-1	
505	-1	
506	-1	
507	1	
508	1	
509	-1	
510	-1	
511	1	
Js:	
449	453	2	
453	461	-3	
458	461	4	
458	463	1	
455	463	3	
449	455	4	
88	92	5	
91	92	4	
91	155	1	
155	156	-3	
152	156	-2	
88	152	-3	
369	372	3	
372	380	2	
376	380	-3	
376	383	-4	
375	383	2	
369	375	-3	
186	188	2	
187	188	-3	
187	190	-2	
184	190	-3	
184	189	-4	
186	189	-2	
146	151	2	
147	151	3	
147	211	-2	
211	213	-3	
210	213	-4	
146	210	2	
8	12	3	
9	12	-3	
9	73	-3	
73	78	-2	
72	78	-2	
8	72	-3	
17	20	4	
18	20	4	
18	23	-3	
16	23	3	
16	22	-3	
17	22	4	
289	292	2	
290	292	-4	
290	294	3	
288	294	-2	
288	293	4	
289	293	-1	
352	359	3	
354	359	-4	
354	418	-2	
418	421	4	
416	421	3	
352	416	-2	
40	45	-3	
42	45	3	
42	106	4	
106	109	2	
104	109	-3	
40	104	-3	
49	55	3	
51	55	-3	
51	115	-3	
115	117	-1	
113	117	-3	
49	113	-2	
442	444	-2	
443	444	3	
443	446	3	
440	446	4	
440	447	1	
442	447	4	
424	429	1	
426	429	3	
426	431	2	
427	431	-3	
427	430	-4	
424	430	-4	
336	340	-4	
340	348	2	
345	348	2	
345	349	2	
341	349	2	
336	341	4	
128	132	4	
131	132	-2	
131	134	3	
130	134	3	
130	133	-5	
128	133	-2	
298	301	4	
299	301	1	
299	363	-2	
363	367	-3	
362	367	-3	
298	362	3	
98	100	-2	
100	108	2	
105	108	-3	
105	110	3	
102	110	4	
98	102	3	
432	436	-3	
434	436	-4	
434	439	-3	
433	439	3	
433	437	-4	
432	437	-3	
472	476	1	
473	476	-3	
473	477	4	
475	477	2	
475	478	2	
472	478	4	
195	197	2	
197	205	2	
200	205	3	
200	206	2	
198	206	2	
195	198	-2	
256	261	-4	
259	261	-2	
259	262	2	
257	262	2	
257	263	-4	
256	263	2	
489	492	3	
490	492	-3	
490	494	-2	
488	494	-3	
488	493	-2	
489	493	-4	
26	28	-4	
27	28	3	
27	30	-3	
25	30	-4	
25	29	2	
26	29	3	
240	244	2	
241	244	3	
241	247	-2	
243	247	-3	
243	245	-4	
240	245	-2	
266	269	-4	
269	277	-1	
275	277	3	
275	279	3	
271	279	-2	
266	271	3	
273	276	4	
274	276	2	
274	338	3	
338	343	3	
337	343	4	
273	337	-2	
89	93	-3	
90	93	-2	
90	154	2	
154	158	-3	
153	158	5	
89	153	4	
400	405	-2	
403	405	2	
403	467	3	
467	471	-2	
464	471	-5	
400	464	1	
163	165	-3	
165	173	-2	
168	173	-3	
168	175	-3	
167	175	3	
163	167	3	
224	230	3	
230	238	-2	
233	238	-5	
233	239	-1	
231	239	4	
224	231	3	
321	324	4	
324	332	2	
328	332	3	
328	334	-2	
326	334	-3	
321	326	3	
138	141	3	
139	141	-2	
139	203	-3	
203	207	-2	
202	207	4	
138	202	2	
248	252	-3	
249	252	-2	
249	253	-3	
251	253	-3	
251	255	-4	
248	255	3	
48	53	-2	
50	53	3	
50	114	-3	
114	119	2	
112	119	2	
48	112	-2	
57	60	3	
59	60	-4	
59	63	1	
58	63	-4	
58	62	-2	
57	62	2	
217	220	2	
218	220	4	
218	222	3	
219	222	3	
219	221	2	
217	221	4	
504	509	-2	
507	509	3	
507	510	-1	
506	510	-3	
506	511	3	
504	511	2	
1	4	-3	
3	4	3	
3	67	-4	
67	71	-2	
65	71	4	
1	65	4	
80	86	-4	
81	86	3	
81	145	-1	
145	149	-2	
144	149	-4	
80	144	-1	
176	181	4	
179	181	-2	
179	182	3	
177	182	3	
177	183	2	
176	183	3	
34	36	-3	
35	36	3	
35	38	-3	
32	38	3	
32	37	1	
34	37	-5	
320	325	-3	
325	333	-3	
331	333	-2	
331	335	4	
327	335	-2	
320	327	-3	
401	404	2	
402	404	-3	
402	466	-2	
466	468	-2	
465	468	-3	
401	465	-2	
120	124	1	
123	124	-5	
123	127	4	
121	127	2	
121	125	3	
120	125	6	
306	308	-3	
307	308	-3	
307	310	-4	
304	310	-2	
304	309	-3	
306	309	3	
314	319	2	
315	319	2	
315	379	4	
379	382	4	
378	382	1	
314	378	-4	
281	285	-5	
283	285	-1	
283	286	4	
282	286	-1	
282	287	2	
281	287	3	
384	389	-3	
387	389	-4	
387	451	-3	
451	454	-4	
448	454	-3	
384	448	1	
393	396	-2	
394	396	-3	
394	399	3	
392	399	-4	
392	398	3	
393	398	2	
344	351	1	
346	351	-3	
346	410	3	
410	415	-2	
408	415	-4	
344	408	2	
480	485	-3	
483	485	3	
483	487	1	
482	487	-3	
482	486	3	
480	486	-1	
496	500	-3	
499	500	3	
499	501	-4	
498	501	-1	
498	502	-4	
496	502	-2	
226	228	3	
228	236	-3	
234	236	-2	
234	237	3	
229	237	5	
226	229	-1	
160	164	2	
164	172	-2	
169	172	-2	
169	174	-3	
166	174	-1	
160	166	-4	
10	14	4	
11	14	-3	
11	75	2	
75	77	3	
74	77	2	
10	74	-2	
411	412	-3	
412	420	1	
419	420	4	
419	422	2	
414	422	1	
411	414	2	
0	6	-4	
2	6	3	
2	66	5	
66	70	3	
64	70	3	
0	64	3	
355	356	-4	
356	364	1	
361	364	-4	
361	365	-2	
357	365	2	
355	357	2	
96	100	-3	
99	100	-3	
99	103	-4	
97	103	-2	
97	101	3	
96	101	-2	
265	268	-3	
267	268	-3	
267	269	-1	
264	269	-3	
264	270	2	
265	270	-4	
33	38	3	
38	46	-2	
41	46	-3	
41	47	3	
39	47	-2	
33	39	-5	
385	390	2	
386	390	3	
386	450	2	
450	452	-4	
449	452	-3	
385	449	-2	
80	84	-3	
82	84	3	
82	87	-2	
83	87	3	
83	85	3	
80	85	-2	
296	300	-4	
297	300	3	
297	302	-3	
299	302	-2	
299	303	-4	
296	303	-2	
209	212	-1	
210	212	1	
210	215	2	
208	215	3	
208	214	4	
209	214	5	
370	373	2	
371	373	4	
371	435	-2	
435	438	-4	
434	438	2	
370	434	-2	
129	134	1	
134	142	-3	
137	142	-3	
137	143	1	
135	143	-2	
129	135	3	
312	316	-1	
313	316	-3	
313	318	-2	
315	318	2	
315	317	-2	
312	317	-2	
192	196	-5	
194	196	3	
194	199	-3	
193	199	-4	
193	198	-2	
192	198	-3	
457	460	3	
459	460	3	
459	462	2	
456	462	-4	
456	463	-3	
457	463	2	
8	13	-3	
13	21	2	
19	21	3	
19	23	3	
15	23	-2	
8	15	-2	
225	228	2	
227	228	-2	
227	291	-2	
291	295	1	
289	295	-4	
225	289	1	
441	445	-3	
443	445	2	
443	507	-3	
507	508	-3	
505	508	-3	
441	505	-3	
106	111	-2	
107	111	2	
107	171	-2	
171	172	-3	
170	172	3	
106	170	2	
178	180	-3	
180	188	-3	
185	188	-3	
185	191	-2	
183	191	-2	
178	183	1	
272	276	3	
276	284	-1	
280	284	-3	
280	286	3	
278	286	3	
272	278	-4	
347	348	-2	
348	356	1	
353	356	3	
353	358	-3	
350	358	3	
347	350	-2	
258	260	4	
259	260	-3	
259	323	2	
323	327	-3	
322	327	3	
258	322	-2	
409	413	3	
410	413	2	
410	474	2	
474	479	2	
473	479	1	
409	473	-2	
43	44	-2	
44	52	-1	
50	52	3	
50	54	2	
46	54	-1	
43	46	2	
241	246	-2	
242	246	-2	
242	306	-1	
306	311	-1	
305	311	-3	
241	305	1	
481	484	4	
484	492	-2	
491	492	-1	
491	495	-5	
487	495	2	
481	487	2	
115	116	3	
116	124	-4	
123	126	2	
118	126	3	
115	118	-3	
64	68	3	
68	76	3	
75	76	2	
69	77	2	
64	69	-1	
152	159	3	
155	159	3	
155	219	2	
219	223	3	
216	223	4	
152	216	-1	
136	141	3	
137	141	-3	
137	201	2	
201	204	-3	
200	204	2	
136	200	-3	
24	31	-4	
26	31	2	
26	90	-1	
90	95	4	
88	95	3	
24	88	-1	
338	342	-1	
339	342	3	
339	403	-2	
403	407	3	
402	407	-1	
338	402	1	
329	332	-2	
330	332	-3	
330	394	2	
394	397	3	
393	397	3	
329	393	-2	
417	420	-4	
420	428	1	
425	428	-3	
425	429	3	
421	429	-2	
417	421	1	
368	374	-4	
374	382	-2	
377	382	4	
377	383	-2	
368	375	3	
51	53	-5	
53	61	2	
56	61	3	
56	63	2	
55	63	-3	
464	469	-3	
465	469	3	
465	470	2	
466	470	2	
466	471	-2	
242	244	-1	
244	252	-3	
250	252	-2	
250	254	-4	
246	254	3	
168	174	3	
171	174	-2	
171	235	1	
235	236	-3	
232	236	2	
168	232	-2	
432	439	-2	
433	497	-2	
497	503	-4	
496	503	-1	
432	496	-3	
154	156	3	
156	164	2	
162	164	3	
162	165	-2	
157	165	3	
154	157	4	
385	388	-3	
388	396	3	
392	396	3	
391	399	-3	
385	391	3	
145	148	3	
147	148	-2	
147	149	-2	
144	150	2	
145	150	2	
96	102	1	
97	102	-3	
97	161	3	
161	166	3	
96	160	-3	
74	76	-2	
76	84	-2	
83	84	2	
79	87	-2	
74	79	2	
401	405	3	
405	413	-3	
409	414	-4	
406	414	3	
401	406	-3	
2	4	2	
3	5	2	
1	5	-4	
1	6	1	
81	85	2	
85	93	-1	
89	94	3	
86	94	-1	
24	28	2	
25	28	2	
27	29	-2	
27	31	-1	
185	190	-3	
185	249	2	
249	255	-3	
184	248	2	
304	308	-2	
308	316	-4	
314	316	2	
314	317	3	
309	317	4	
282	285	-2	
282	346	-2	
345	351	-2	
281	345	2	
108	116	1	
113	116	4	
109	117	-1	
105	109	1	
497	500	1	
500	508	2	
506	508	1	
503	511	1	
131	133	2	
131	195	-3	
195	196	-3	
128	192	-2	
501	509	-1	
505	509	3	
505	510	-3	
502	510	2	
499	502	1	
129	132	3	
130	132	3	
130	194	2	
129	193	-3	
440	444	2	
441	444	-2	
441	447	-4	
442	446	2	
386	389	2	
450	454	-3	
474	477	2	
477	485	-2	
482	485	2	
478	486	-1	
474	478	-3	
291	292	-2	
292	300	1	
294	302	-2	
291	294	3	
41	44	-3	
42	44	3	
43	45	-2	
43	47	-4	
227	229	2	
232	237	-2	
232	239	-2	
227	231	3	
202	204	-2	
203	204	-2	
203	206	3	
201	206	2	
201	207	-2	
209	273	2	
273	277	-2	
272	277	2	
208	272	2	
416	422	-2	
417	422	3	
417	481	2	
480	484	2	
416	480	3	
176	180	-2	
179	180	-3	
178	182	2	
178	181	-4	
339	340	1	
337	342	-3	
337	341	-2	
264	271	-3	
266	330	-1	
330	335	2	
328	335	-3	
264	328	2	
258	261	1	
322	325	3	
256	320	2	
426	430	1	
426	490	-3	
490	495	-1	
488	495	3	
424	488	2	
10	12	2	
11	15	-4	
9	15	1	
456	460	4	
460	468	-1	
467	468	-3	
467	470	3	
462	470	2	
283	284	-3	
283	347	-2	
347	349	-3	
344	349	-3	
280	344	-2	
312	319	-4	
313	319	-3	
313	377	3	
377	380	-2	
312	376	-3	
146	150	-4	
150	158	-1	
153	159	2	
151	159	-3	
18	21	-2	
16	21	3	
362	364	2	
363	364	-4	
361	367	-2	
362	365	-2	
211	212	4	
212	220	-1	
216	220	-3	
216	221	-2	
213	221	-2	
35	37	2	
35	99	-2	
98	103	2	
34	98	1	
354	357	3	
355	359	1	
353	359	3	
354	358	2	
66	69	-4	
67	69	-2	
65	70	2	
57	61	-3	
57	121	2	
121	126	2	
120	126	3	
56	120	1	
370	372	2	
371	372	-2	
368	373	-2	
370	374	2	
427	428	-1	
427	491	2	
491	493	-2	
425	489	-3	
411	415	2	
411	475	2	
475	479	-4	
472	479	-3	
408	472	2	
186	191	4	
187	191	-3	
187	251	-2	
251	254	1	
186	250	2	
293	301	2	
298	303	-2	
295	303	1	
288	295	2	
267	270	-3	
267	331	2	
331	334	3	
329	334	3	
265	329	-1	
161	167	-1	
162	167	-2	
162	226	-2	
226	230	-2	
225	230	-2	
161	225	3	
104	110	-3	
110	118	1	
114	118	-2	
111	119	-1	
104	111	1	
169	173	3	
170	173	2	
170	234	-3	
234	238	2	
169	233	-4	
48	52	3	
52	60	-2	
59	62	-3	
54	62	-3	
48	54	-2	
138	143	-3	
139	143	3	
139	142	1	
136	142	1	
240	247	-3	
243	307	2	
307	311	-3	
304	311	-2	
240	304	-2	
259	263	-2	
323	324	-1	
257	321	2	
448	453	-5	
459	461	4	
459	463	3	
448	455	-1	
400	404	-2	
404	412	3	
408	412	3	
407	415	3	
400	407	-4	
275	278	-3	
283	287	2	
279	287	2	
32	36	4	
34	39	-1	
219	220	2	
217	223	-2	
217	222	3	
72	76	2	
73	76	1	
74	78	3	
72	79	3	
433	436	1	
433	438	-2	
435	437	-2	
91	94	2	
90	94	-5	
389	397	2	
394	398	2	
390	398	-4	
384	390	-4	
0	5	3	
65	68	-3	
260	268	-3	
262	270	3	
258	262	-2	
305	310	-2	
306	310	2	
306	370	2	
370	375	-2	
305	369	3	
419	421	-2	
419	483	-2	
418	482	-3	
314	318	-3	
379	380	2	
378	380	-3	
112	117	-2	
117	125	3	
120	127	2	
119	127	4	
274	279	-2	
275	339	1	
339	343	3	
178	242	-3	
242	245	3	
241	245	-2	
177	241	-2	
144	148	2	
148	156	4	
149	157	-2	
160	167	-1	
163	227	1	
227	230	-2	
160	224	-2	
9	13	3	
19	22	1	
14	22	1	
9	14	-2	
235	237	-2	
235	299	-2	
232	296	2	
402	406	-2	
403	406	-1	
467	469	-1	
466	469	-2	
349	357	2	
352	357	1	
352	358	-3	
344	350	-2	
387	388	3	
387	390	-1	
384	391	3	
448	452	-2	
452	460	1	
458	460	2	
131	135	-2	
193	197	4	
202	205	-3	
205	213	1	
208	213	-1	
207	215	-3	
40	47	2	
43	107	-2	
107	109	-3	
494	502	2	
498	503	3	
495	503	-2	
440	445	2	
442	445	-1	
442	506	2	
506	509	-3	
440	504	2	
323	325	2	
328	333	-2	
323	326	-3	
185	189	3	
248	253	-2	
49	54	3	
24	29	-3	
26	30	-2	
25	31	-3	
474	476	-3	
472	477	2	
425	430	-1	
168	172	-1	
170	175	-1	
171	175	3	
92	100	1	
99	101	1	
93	101	-2	
91	93	-2	
290	293	2	
289	294	-3	
82	86	1	
83	86	2	
83	147	-1	
147	150	-2	
82	146	1	
393	457	2	
457	462	1	
392	456	-1	
411	413	-3	
12	20	1	
10	15	-3	
153	157	-1	
163	166	-2	
158	166	1	
218	223	1	
218	282	2	
282	284	-3	
216	280	-1	
210	214	1	
210	274	-2	
33	37	-3	
32	39	3	
186	190	2	
250	253	3	
161	164	-2	
226	231	-3	
225	231	1	
194	197	4	
203	205	1	
194	198	-1	
291	355	-2	
354	356	2	
290	354	-1	
364	372	1	
368	372	-2	
365	373	-2	
363	365	-2	
75	78	3	
75	139	1	
136	143	-2	
72	136	-1	
507	511	2	
505	511	2	
82	85	3	
81	87	-2	
80	87	-1	
59	123	1	
236	244	2	
243	244	1	
239	247	-1	
235	239	4	
320	324	-3	
322	324	2	
322	326	-2	
321	327	1	
329	333	2	
310	318	1	
105	111	4	
103	111	-2	
112	118	3	
266	268	-2	
265	269	-1	
416	420	-2	
480	487	-3	
2	5	-2	
49	52	3	
114	116	-2	
40	44	-2	
42	46	-2	
451	455	3	
345	350	-3	
342	350	1	
336	342	-3	
298	302	-2	
297	361	-3	
492	500	1	
493	501	-1	
424	428	3	
428	436	-1	
431	439	2	
424	431	2	
305	309	-1	
311	319	-1	
177	180	-2	
179	183	2	
468	476	-1	
475	476	2	
471	479	1	
465	471	2	
73	77	-3	
74	138	-1	
138	142	3	
73	137	1	
129	133	-2	
130	135	-1	
128	135	2	
410	414	-2	
345	409	-1	
257	261	-3	
258	263	2	
256	262	-3	
378	383	-3	
376	382	-1	
277	285	-2	
272	279	-1	
437	445	-2	
438	446	2	
221	229	1	
224	229	2	
222	230	-1	
204	212	1	
211	215	1	
418	422	-3	
483	486	3	
145	151	2	
398	406	1	
400	406	-2	
399	407	1	
27	91	1	
91	95	2	
89	95	-1	
25	89	1	
107	108	2	
101	109	2	
0	4	2	
4	12	-2	
11	12	1	
11	13	2	
5	13	1	
240	246	-3	
249	254	2	
247	255	1	
347	351	3	
343	351	-1	
461	469	-1	
464	470	-1	
458	462	2	
498	500	-2	
504	508	3	
504	510	-3	
184	191	-1	
369	373	-2	
371	375	-1	
369	374	1	
67	68	1	
67	70	3	
64	71	-2	
490	493	1	
491	494	2	
300	308	-2	
301	309	1	
296	301	2	
386	388	-2	
386	391	1	
193	196	-1	
195	199	1	
56	60	2	
58	60	-1	
58	61	3	
59	61	1	
56	62	-2	
19	20	-2	
17	21	2	
121	124	2	
245	253	-1	
497	501	-2	
496	501	3	
73	79	-2	
94	102	-1	
394	458	-1	
483	484	-1	
481	486	2	
481	485	-2	
202	266	-1	
200	264	-1	
133	141	-1	
280	285	-1	
163	164	-1	
256	260	-1	
257	260	-1	
155	157	3	
154	218	-1	
106	108	-2	
104	108	2	
427	429	-3	
422	430	-1	
288	292	-2	
290	295	1	
330	333	2	
321	325	-1	
451	452	-2	
473	478	-2	
209	213	-1	
145	209	2	
302	310	1	
303	311	-2	
114	117	2	
114	178	-1	
177	181	-2	
113	177	-1	
41	45	-2	
45	53	1	
47	55	1	
339	341	-2	
320	326	-3	
329	335	2	
66	68	2	
426	428	3	
115	179	1	
176	182	-2	
112	176	-1	
224	228	-2	
464	468	2	
371	374	-3	
435	436	-2	
8	14	-1	
6	14	1	
89	92	2	
152	158	2	
312	318	2	
402	405	-1	
232	238	-2	
208	212	2	
144	208	2	
203	267	1	
201	265	-1	
297	301	-2	
346	348	3	
353	357	-2	
359	367	1	
50	55	1	
48	55	-1	
251	252	-2	
250	255	1	
248	254	-2	
274	277	-2	
274	278	1	
18	22	-1	
18	82	2	
81	84	2	
17	81	2	
457	461	2	
57	63	2	
243	246	1	
242	247	2	
218	221	-1	
499	503	1	
113	119	-2	
96	103	2	
32	96	1	
3	6	-3	
430	438	-1	
432	438	1	
304	368	1	
476	484	2	
482	484	-1	
479	487	1	
280	287	2	
291	293	2	
355	358	-1	
288	352	2	
401	407	2	
192	199	-2	
267	271	2	
263	271	-2	
128	134	2	
171	173	1	
332	340	-1	
338	340	3	
338	341	-1	
333	341	1	
22	30	-2	
24	30	-2	
23	31	-1	
454	462	1	
450	455	1	
296	302	2	
214	222	-1	
215	223	2	
209	215	1	
409	412	-1	
315	316	2	
323	387	-1	
322	386	2	
71	79	-2	
174	182	2	
175	183	-2	
19	83	3	
16	80	1	
98	101	-2	
98	162	-2	
261	269	-2	
334	342	-1	
335	343	1	
351	359	-2	
33	36	-1	
34	38	-2	
363	427	1	
425	431	-1	
361	425	-1	
225	229	-1	
233	237	-2	
211	275	-2	
434	437	-1	
435	439	1	
10	13	-1	
286	294	1	
287	295	-1	
488	492	2	
152	157	-1	
154	159	-1	
202	206	2	
201	205	-2	
40	46	-2	
51	54	1	
77	85	-1	
107	110	-1	
115	119	1	
146	149	-2	
313	317	1	
352	356	-1	
355	419	-2	
99	163	-2	
160	165	2	
450	453	2	
449	454	-1	
408	413	1	
281	284	-1	
284	292	1	
285	293	1	
299	300	1	
273	279	-2	
337	340	1	
367	375	1	
187	189	2	
181	189	-1	
265	271	2	
485	493	-2	
489	494	1	
486	494	-2	
378	442	-1	
376	440	1	
170	174	-1	
70	78	-1	
75	79	1	
226	290	-1	
344	348	-2	
346	350	1	
200	207	-1	
331	332	1	
497	502	-1	
436	444	1	
443	447	-2	
439	447	1	
217	281	-1	
396	404	-1	
403	404	1	
397	405	1	
392	397	1	
65	69	-1	
144	151	-1	
97	100	1	
162	166	-1	
20	28	-1	
21	29	2	
264	268	-1	
268	276	2	
270	278	-1	
385	389	1	
36	44	1	
489	495	1	
353	417	2	
298	300	1	
435	499	-1	
393	399	1	
441	446	-1	
195	259	-1	
194	258	1	
41	105	-1	
297	303	1	
321	385	1	
410	412	1	
49	53	-1	
78	86	-1	
30	38	-1	
31	39	-1	
289	353	1	
216	222	1	
238	246	-1	
142	150	1	
143	151	-1	
172	180	1	
336	400	1	
72	77	-1	
266	270	1	
173	181	1	
37	45	1	
409	415	-1	
206	214	1	
384	388	1	
121	185	1	
184	188	1	
120	184	1	
146	148	-1	
379	383	-1	
379	443	-1	
377	441	1	
179	243	-1	
Energy:	-2104	
