NumberOfQubits	504	
NumberOfSubgraphs	756	
Serial	223	
PlantedSolution:	
0	1	
1	1	
2	1	
3	1	
4	1	
5	1	
6	1	
8	-1	
9	1	
10	1	
11	1	
12	1	
13	1	
14	-1	
15	1	
16	-1	
17	1	
18	1	
19	1	
20	-1	
21	-1	
22	-1	
23	1	
24	1	
25	-1	
26	-1	
27	1	
28	-1	
29	-1	
30	-1	
31	-1	
32	1	
33	1	
34	1	
35	-1	
36	-1	
37	-1	
38	-1	
39	-1	
40	1	
41	1	
42	-1	
43	-1	
44	-1	
45	1	
46	-1	
47	1	
48	1	
49	1	
50	-1	
51	-1	
52	1	
53	-1	
54	-1	
55	-1	
56	-1	
57	-1	
58	1	
59	-1	
60	1	
61	-1	
62	-1	
63	-1	
64	-1	
65	1	
66	-1	
67	1	
68	1	
69	-1	
70	-1	
71	-1	
72	-1	
73	1	
74	-1	
75	1	
76	1	
77	-1	
78	1	
79	-1	
80	1	
81	1	
82	1	
83	1	
84	-1	
85	-1	
86	1	
87	-1	
88	-1	
89	1	
90	1	
91	1	
92	-1	
93	-1	
94	-1	
95	-1	
96	1	
97	-1	
98	-1	
99	-1	
100	1	
101	-1	
102	-1	
103	-1	
104	1	
105	1	
106	-1	
107	-1	
108	-1	
109	-1	
110	-1	
111	1	
112	1	
113	-1	
114	-1	
115	1	
116	-1	
117	-1	
118	1	
119	1	
120	1	
121	1	
123	1	
124	1	
125	-1	
126	-1	
127	1	
128	-1	
129	-1	
130	1	
131	-1	
132	-1	
133	-1	
134	1	
135	-1	
136	-1	
137	1	
138	1	
139	1	
141	1	
142	1	
143	1	
144	1	
145	-1	
146	1	
147	1	
148	-1	
149	-1	
150	1	
151	-1	
152	1	
153	1	
154	1	
155	1	
156	1	
157	1	
158	1	
159	-1	
160	1	
161	1	
162	1	
163	-1	
164	1	
165	-1	
166	-1	
167	-1	
168	1	
169	1	
170	-1	
171	1	
172	1	
173	1	
174	-1	
175	1	
176	-1	
177	-1	
178	-1	
179	-1	
180	1	
181	1	
182	1	
183	-1	
184	1	
185	1	
186	-1	
187	1	
188	1	
189	-1	
190	1	
191	-1	
192	1	
193	1	
194	-1	
195	-1	
196	1	
197	1	
198	1	
199	-1	
200	1	
201	1	
202	1	
203	1	
204	-1	
205	-1	
206	-1	
207	1	
208	1	
209	-1	
210	1	
211	1	
212	-1	
213	1	
214	-1	
215	-1	
216	-1	
217	-1	
218	-1	
219	-1	
220	1	
221	1	
222	-1	
223	-1	
224	1	
225	1	
226	-1	
227	1	
228	-1	
229	-1	
230	1	
231	1	
232	1	
233	-1	
234	1	
235	1	
236	1	
237	1	
238	-1	
239	-1	
240	1	
241	-1	
242	1	
243	1	
244	1	
245	-1	
246	-1	
247	-1	
248	1	
249	1	
250	-1	
251	-1	
252	-1	
253	1	
254	1	
255	1	
256	-1	
257	1	
258	-1	
259	1	
260	1	
261	-1	
262	1	
263	1	
264	1	
265	-1	
266	-1	
267	1	
268	-1	
269	-1	
270	1	
271	-1	
272	-1	
273	1	
274	1	
275	1	
276	1	
277	-1	
278	-1	
279	-1	
280	-1	
281	1	
282	-1	
283	-1	
284	-1	
285	-1	
286	-1	
287	-1	
288	-1	
289	1	
290	-1	
291	1	
292	-1	
293	1	
294	1	
295	-1	
296	-1	
297	-1	
298	1	
299	-1	
300	-1	
301	-1	
302	1	
303	1	
304	-1	
305	1	
306	1	
307	1	
308	-1	
309	-1	
310	1	
311	-1	
312	-1	
313	-1	
314	1	
315	1	
316	-1	
317	1	
318	-1	
319	1	
320	-1	
321	-1	
322	1	
323	-1	
324	-1	
325	-1	
326	1	
327	1	
328	-1	
329	-1	
330	-1	
331	-1	
332	1	
333	1	
334	1	
335	-1	
336	1	
337	-1	
338	-1	
339	-1	
340	-1	
341	1	
342	1	
343	1	
344	1	
345	1	
346	1	
347	1	
348	-1	
349	-1	
350	1	
351	-1	
352	1	
353	-1	
354	-1	
355	-1	
356	-1	
357	-1	
358	1	
359	1	
361	1	
362	-1	
363	1	
364	-1	
365	1	
367	-1	
368	1	
369	1	
370	-1	
371	-1	
372	1	
373	1	
374	-1	
375	-1	
376	1	
377	1	
378	1	
379	-1	
380	-1	
382	1	
383	-1	
384	1	
385	1	
386	-1	
387	-1	
388	-1	
389	-1	
390	1	
391	1	
392	1	
393	1	
394	1	
396	-1	
397	1	
398	-1	
399	1	
400	-1	
401	1	
402	1	
403	-1	
404	1	
405	-1	
406	1	
407	1	
408	-1	
409	-1	
410	1	
411	1	
412	-1	
413	-1	
414	1	
415	-1	
416	1	
417	-1	
418	1	
419	-1	
420	-1	
421	-1	
422	1	
424	-1	
425	-1	
426	-1	
427	-1	
428	-1	
429	1	
430	-1	
431	1	
432	-1	
433	1	
434	-1	
435	1	
436	-1	
437	1	
438	-1	
439	1	
440	1	
441	1	
442	1	
443	1	
444	1	
445	-1	
446	1	
447	1	
448	1	
449	1	
450	-1	
451	1	
452	-1	
453	-1	
454	1	
455	1	
456	1	
457	1	
458	-1	
459	1	
460	1	
461	1	
462	-1	
463	1	
464	-1	
465	1	
466	-1	
467	1	
468	1	
469	1	
470	1	
471	-1	
472	-1	
473	-1	
474	-1	
475	-1	
476	1	
477	-1	
478	1	
479	1	
480	-1	
481	1	
482	1	
483	-1	
484	-1	
485	1	
486	-1	
487	-1	
488	-1	
489	1	
490	-1	
491	1	
492	-1	
493	-1	
494	-1	
495	1	
496	1	
497	-1	
498	1	
499	1	
500	1	
501	1	
502	-1	
503	1	
504	1	
505	1	
506	-1	
507	-1	
508	-1	
509	1	
510	1	
511	1	
Js:	
200	204	-1	
204	212	-3	
208	212	6	
208	214	4	
206	214	-4	
200	206	4	
106	109	-3	
109	117	-2	
112	117	5	
112	119	-5	
111	119	-1	
106	111	-2	
385	388	4	
388	396	7	
392	396	3	
392	397	-6	
389	397	5	
385	389	4	
472	476	4	
476	484	-1	
483	484	-4	
483	485	5	
477	485	2	
472	477	-6	
184	188	-4	
186	188	4	
186	250	-4	
250	255	5	
248	255	-4	
184	248	3	
18	21	3	
19	21	4	
19	83	-4	
83	84	5	
82	84	6	
18	82	3	
256	261	-3	
258	261	2	
258	262	4	
257	262	-5	
257	263	-5	
256	263	6	
299	301	-6	
301	309	-2	
305	309	-4	
305	310	-4	
302	310	-2	
299	302	4	
265	269	-5	
267	269	3	
267	271	5	
266	271	-4	
266	270	5	
265	270	3	
146	148	5	
148	156	3	
153	156	-5	
153	159	3	
151	159	2	
146	151	6	
66	70	-6	
70	78	2	
75	78	-5	
75	79	4	
71	79	-3	
66	71	-5	
424	428	-4	
425	428	-4	
425	429	-1	
426	429	2	
426	430	-5	
424	430	-5	
282	284	-3	
283	284	-5	
283	286	-4	
280	286	-6	
280	287	-3	
282	287	-4	
162	167	4	
163	167	3	
163	227	3	
227	229	4	
226	229	-3	
162	226	3	
322	324	3	
323	324	-4	
323	326	4	
321	326	3	
321	327	4	
322	327	3	
201	205	4	
205	213	-2	
211	213	-4	
211	215	3	
207	215	3	
201	207	-4	
353	357	-5	
354	357	3	
354	418	3	
418	420	7	
417	420	-5	
353	417	-4	
376	382	-3	
378	382	-6	
378	442	2	
442	447	-4	
440	447	-4	
376	440	-4	
176	181	3	
177	181	3	
177	241	-4	
241	246	-4	
240	246	5	
176	240	-4	
32	39	4	
33	39	6	
33	97	-2	
97	102	-4	
96	102	2	
32	96	-3	
169	174	1	
171	174	5	
171	235	-3	
235	238	-2	
233	238	-5	
169	233	3	
304	311	-5	
307	311	-2	
307	371	3	
371	374	-3	
368	374	4	
304	368	2	
337	341	4	
341	349	2	
344	349	4	
344	351	4	
343	351	3	
337	343	3	
497	500	4	
500	508	2	
507	508	-4	
507	510	5	
502	510	-3	
497	502	-2	
312	317	4	
315	317	-3	
315	319	-4	
314	319	-4	
314	318	4	
312	318	-5	
448	452	4	
451	452	3	
451	453	6	
450	453	-1	
450	454	5	
448	454	3	
488	492	-4	
489	492	-1	
489	494	5	
491	494	4	
491	493	6	
488	493	-5	
49	53	2	
51	53	2	
51	54	-6	
48	54	3	
48	55	3	
49	55	4	
274	276	-4	
275	276	-3	
275	279	3	
272	279	-4	
272	277	-3	
274	277	2	
433	436	5	
435	436	5	
435	438	5	
432	438	-5	
432	437	4	
433	437	3	
456	460	-5	
457	460	-4	
457	463	2	
459	463	-5	
459	462	7	
456	462	3	
328	332	4	
330	332	-3	
330	333	5	
331	333	5	
331	334	5	
328	334	3	
131	133	4	
133	141	3	
139	141	-4	
139	142	-6	
134	142	-2	
131	134	6	
24	29	5	
27	29	3	
27	30	5	
25	30	5	
25	31	-5	
24	31	4	
465	468	-4	
466	468	-4	
466	469	3	
464	469	5	
464	471	-2	
465	471	4	
193	196	-5	
195	196	6	
195	199	-4	
194	199	-6	
194	198	6	
193	198	-4	
42	44	-5	
43	44	-3	
43	45	6	
41	45	-3	
41	47	-3	
42	47	5	
336	342	5	
339	342	4	
339	403	-3	
403	404	4	
400	404	4	
336	400	1	
409	412	-3	
410	412	7	
410	474	4	
474	478	-4	
473	478	4	
409	473	-4	
178	180	3	
179	180	4	
179	243	5	
243	247	5	
242	247	3	
178	242	3	
362	364	-7	
364	372	2	
370	372	1	
370	375	-4	
367	375	4	
362	367	-4	
8	12	-3	
10	12	-3	
10	13	-3	
11	13	-4	
11	15	-4	
8	15	6	
56	62	-4	
59	62	-4	
59	123	2	
123	125	7	
120	125	4	
56	120	2	
0	4	-6	
3	4	-5	
3	5	-5	
2	5	5	
2	6	-4	
0	6	-5	
88	92	-2	
91	92	7	
91	93	4	
90	93	4	
90	94	3	
88	94	4	
217	221	4	
219	221	5	
219	223	-4	
216	223	3	
216	222	-5	
217	222	-4	
288	292	-4	
291	292	4	
291	293	-3	
290	293	4	
290	294	4	
288	294	5	
168	172	-5	
170	172	4	
170	234	3	
234	239	6	
232	239	2	
168	232	3	
67	68	-4	
68	76	-4	
72	76	3	
72	77	-5	
69	77	-5	
67	69	4	
160	164	-3	
161	164	-5	
161	225	4	
225	231	-4	
224	231	-2	
160	224	-2	
352	358	-3	
355	358	-4	
355	419	-3	
419	421	-4	
416	421	6	
352	416	-4	
377	383	6	
379	383	-5	
379	443	3	
443	446	5	
441	446	-4	
377	441	-3	
387	390	2	
390	398	5	
394	398	6	
394	399	-5	
391	399	-5	
387	391	4	
16	22	-4	
17	22	-4	
17	81	-4	
81	87	4	
80	87	3	
16	80	3	
34	38	2	
35	38	-6	
35	99	-3	
99	100	4	
98	100	-5	
34	98	2	
113	116	-4	
116	124	5	
121	124	-5	
121	126	5	
118	126	-5	
113	118	3	
401	406	-3	
406	414	-3	
411	414	-4	
411	415	2	
407	415	5	
401	407	-5	
185	190	-5	
187	190	-4	
187	251	2	
251	253	3	
249	253	-4	
185	249	-3	
498	501	-3	
501	509	-3	
504	509	-4	
504	511	-4	
503	511	-2	
498	503	-4	
147	149	5	
149	157	3	
152	157	-4	
152	158	-3	
150	158	-2	
147	150	2	
73	78	-6	
74	78	2	
74	138	2	
138	143	5	
137	143	-4	
73	137	-4	
346	348	4	
347	348	-3	
347	351	4	
345	351	4	
345	350	-6	
346	350	-3	
50	52	-4	
52	60	-2	
57	60	6	
57	63	-3	
55	63	-2	
50	55	-5	
40	46	4	
41	46	-4	
41	105	-5	
105	108	3	
104	108	2	
40	104	-4	
298	300	4	
300	308	-3	
306	308	5	
306	311	3	
303	311	-1	
298	303	-5	
64	70	-4	
65	70	2	
65	129	2	
129	132	4	
128	132	-5	
64	128	-1	
480	485	-5	
482	485	-2	
482	487	7	
481	487	3	
481	486	5	
480	486	-4	
361	365	6	
363	365	-5	
363	427	3	
427	431	5	
425	431	5	
361	425	3	
154	159	4	
155	159	3	
155	219	5	
219	220	3	
218	220	-6	
154	218	5	
329	332	4	
332	340	2	
338	340	-6	
338	343	4	
335	343	1	
329	335	2	
26	28	-4	
28	36	2	
34	36	6	
34	37	5	
29	37	-1	
26	29	-3	
281	285	4	
285	293	-2	
289	293	-6	
289	295	3	
287	295	-2	
281	287	4	
449	453	5	
453	461	3	
458	461	5	
458	463	4	
455	463	-4	
449	455	-4	
232	236	-5	
236	244	4	
240	244	-3	
240	245	3	
237	245	4	
232	237	-3	
89	93	4	
93	101	-1	
98	101	-3	
98	103	-2	
95	103	2	
89	95	3	
320	325	-3	
322	325	4	
322	386	-1	
386	389	-4	
384	389	2	
320	384	3	
402	405	-4	
403	405	-1	
403	467	3	
467	470	-3	
466	470	3	
402	466	5	
209	213	3	
210	213	-3	
210	274	-3	
274	278	3	
273	278	4	
209	273	-2	
369	373	-3	
370	373	5	
370	434	-2	
434	439	5	
433	439	3	
369	433	-2	
259	260	-5	
260	268	1	
264	268	-5	
264	269	3	
261	269	-2	
259	261	5	
408	413	-4	
411	413	6	
411	475	3	
475	479	4	
472	479	6	
408	472	-3	
128	135	-5	
130	135	3	
130	194	2	
194	197	-1	
192	197	-6	
128	192	2	
168	173	-2	
173	181	-1	
179	181	-4	
179	183	-3	
175	183	2	
168	175	-3	
9	14	4	
14	22	3	
16	23	4	
15	23	-2	
9	15	-3	
107	108	-4	
108	116	-2	
115	116	3	
115	118	-5	
110	118	-1	
107	110	-3	
490	492	-6	
492	500	3	
499	500	4	
499	503	-3	
495	503	-3	
490	495	5	
441	444	-4	
442	444	-6	
442	506	1	
506	508	4	
505	508	4	
441	505	-2	
80	86	-5	
81	86	-4	
81	145	-2	
145	148	-3	
144	148	3	
80	144	-1	
249	254	4	
251	254	5	
251	315	1	
315	316	4	
313	316	-4	
249	313	1	
185	189	-3	
187	189	4	
184	190	-4	
184	191	3	
185	191	3	
163	164	3	
163	166	-5	
162	166	1	
162	165	6	
161	165	-2	
136	141	6	
139	203	-3	
203	206	-4	
136	200	5	
297	300	-3	
296	303	3	
296	302	4	
297	302	-4	
224	228	6	
227	228	-3	
227	230	-4	
226	230	4	
224	229	4	
352	356	3	
355	356	-3	
355	359	5	
353	359	2	
353	358	-4	
56	60	-4	
57	61	-4	
58	61	3	
58	63	6	
56	63	-5	
114	119	2	
114	178	-2	
178	182	-3	
176	182	3	
112	176	2	
376	380	4	
379	380	2	
443	445	3	
440	445	6	
18	20	5	
19	20	6	
83	85	3	
82	85	4	
1	5	-5	
3	67	-4	
67	71	2	
65	71	5	
1	65	3	
418	422	-4	
419	422	5	
419	483	-2	
483	487	-5	
418	482	2	
386	388	-3	
393	396	3	
393	398	2	
386	390	4	
123	127	5	
121	127	-5	
120	126	4	
201	204	-1	
203	204	5	
203	207	-2	
202	207	-3	
202	205	4	
493	501	1	
496	501	-5	
496	502	4	
494	502	1	
248	252	3	
250	252	-3	
250	314	1	
314	316	-5	
312	316	-4	
248	312	1	
169	172	-4	
171	172	2	
171	175	-5	
170	175	3	
170	173	4	
169	173	-5	
272	276	-1	
273	276	-4	
273	279	3	
275	277	3	
329	333	3	
330	335	-4	
331	335	-3	
329	334	6	
33	36	4	
35	36	3	
35	37	-4	
32	37	3	
305	308	5	
306	310	-1	
304	310	3	
304	309	-5	
234	238	3	
238	246	2	
241	247	-5	
239	247	-2	
88	95	-6	
89	153	-2	
152	156	-4	
88	152	2	
400	406	5	
401	465	4	
465	469	-3	
400	464	-4	
368	372	-4	
372	380	3	
378	380	6	
378	383	2	
375	383	1	
368	375	3	
74	76	4	
74	79	-5	
75	77	-2	
506	509	6	
506	510	2	
505	510	-5	
505	511	-5	
154	157	-2	
157	165	-2	
160	165	3	
160	166	4	
158	166	3	
154	158	-3	
193	197	3	
195	197	5	
195	259	2	
259	262	-3	
193	257	-2	
96	101	5	
101	109	-3	
104	109	3	
104	111	-4	
103	111	4	
96	103	-5	
345	348	2	
346	349	5	
344	350	2	
216	220	4	
218	282	-2	
282	286	-4	
216	280	-1	
393	397	-4	
394	397	-2	
394	458	2	
458	460	-3	
393	457	-5	
432	436	-2	
435	437	-1	
434	437	4	
434	438	1	
146	149	3	
147	211	-5	
210	215	5	
146	210	-2	
40	44	4	
42	46	-2	
43	46	-3	
40	45	2	
233	236	2	
243	244	-4	
243	245	3	
233	237	4	
416	420	2	
420	428	-4	
424	429	5	
421	429	3	
409	415	-3	
410	415	-3	
474	476	5	
473	476	3	
336	340	2	
338	341	4	
337	342	4	
267	268	5	
265	271	-4	
264	270	-4	
27	28	4	
26	31	-3	
320	324	-3	
323	387	-3	
384	391	-4	
130	132	3	
130	134	-5	
131	135	-4	
129	135	-5	
48	52	5	
51	52	4	
49	54	5	
48	53	6	
9	12	-3	
12	20	3	
17	20	3	
17	21	2	
13	21	-2	
9	13	-5	
363	364	4	
363	367	5	
361	367	2	
362	365	3	
92	100	2	
97	100	4	
94	102	1	
91	94	2	
450	452	-3	
449	454	-3	
448	455	-4	
291	294	-3	
290	295	-3	
288	295	4	
138	142	-4	
142	150	-3	
145	150	5	
145	151	-4	
143	151	2	
2	4	-3	
2	66	4	
66	68	2	
64	68	4	
0	64	-3	
470	478	-2	
475	478	6	
471	479	-2	
467	471	5	
222	230	3	
225	230	-2	
223	231	4	
217	223	-4	
402	404	-4	
404	412	4	
408	412	-2	
405	413	-4	
177	180	4	
180	188	3	
186	191	-4	
183	191	-5	
177	183	-3	
427	430	-3	
427	491	2	
491	495	4	
426	490	-3	
192	198	-5	
194	258	1	
258	260	5	
256	260	4	
192	256	1	
416	422	-3	
417	422	3	
417	481	3	
481	484	4	
480	484	-4	
416	480	3	
106	108	-5	
107	109	-3	
105	109	4	
105	110	3	
106	110	-3	
296	301	-5	
297	303	3	
313	319	3	
315	379	3	
379	382	5	
377	382	-2	
313	377	-4	
58	60	3	
59	60	3	
59	61	-5	
56	61	-5	
58	62	6	
209	212	-3	
210	214	2	
371	373	4	
371	375	-4	
369	375	4	
369	374	-5	
370	374	-4	
392	399	-4	
393	399	-4	
457	461	3	
456	461	-4	
392	456	-3	
354	356	-4	
355	357	-3	
352	357	2	
352	359	-5	
354	359	-2	
281	284	5	
283	285	2	
282	285	-3	
281	286	2	
114	116	-3	
114	117	6	
115	117	1	
115	119	-3	
113	119	4	
10	14	5	
11	14	4	
321	325	-7	
323	327	3	
249	252	3	
251	252	-4	
248	254	-4	
248	253	-3	
80	84	-2	
83	87	3	
496	500	-5	
499	502	5	
498	502	3	
443	444	-2	
443	447	-3	
441	447	-4	
441	445	3	
442	445	4	
451	454	-3	
454	462	2	
451	455	-3	
192	196	-1	
196	204	-4	
202	204	4	
199	207	3	
192	199	3	
73	77	2	
136	143	3	
72	136	-2	
424	431	2	
425	489	3	
489	495	-4	
488	495	3	
424	488	2	
307	309	2	
309	317	-3	
314	317	-4	
310	318	4	
307	310	-4	
1	6	-5	
66	69	-2	
65	69	4	
32	38	4	
99	103	-4	
155	157	-4	
218	221	2	
225	228	2	
225	289	2	
288	293	3	
224	288	1	
475	477	-3	
481	485	-3	
478	486	-1	
266	268	-2	
266	330	-4	
328	335	-5	
264	328	3	
120	124	-3	
123	124	-3	
121	125	4	
120	127	-5	
402	407	-4	
403	407	4	
467	468	-4	
272	278	-4	
275	278	3	
275	339	4	
339	343	3	
336	343	-4	
272	336	5	
166	174	-3	
170	174	4	
167	175	2	
160	167	4	
235	236	-5	
242	244	-3	
235	239	3	
347	349	3	
347	411	1	
410	414	-2	
346	410	-2	
16	21	4	
21	29	-3	
23	31	2	
85	93	-5	
90	95	-1	
87	95	-5	
82	87	2	
178	181	5	
181	189	2	
182	190	-4	
44	52	4	
47	55	2	
40	47	-2	
438	446	3	
440	446	-3	
439	447	-3	
435	439	3	
258	263	4	
147	148	4	
211	212	-3	
144	208	-4	
387	388	-3	
387	389	-3	
384	390	4	
385	390	-3	
505	509	2	
506	511	3	
507	511	4	
131	132	-4	
130	133	4	
129	133	-4	
434	436	-2	
434	498	4	
497	503	6	
433	497	3	
277	285	-3	
280	285	-4	
279	287	2	
274	279	4	
305	311	3	
305	369	1	
368	373	-4	
298	362	2	
297	361	3	
227	291	1	
290	292	-3	
226	290	-2	
328	333	3	
262	270	-2	
263	271	-1	
137	142	-3	
201	206	4	
137	201	-4	
24	28	4	
25	28	-2	
25	89	3	
89	94	5	
24	88	2	
482	484	3	
484	492	-2	
488	494	-4	
486	494	2	
482	486	4	
172	180	-1	
177	182	4	
174	182	-2	
168	174	3	
99	163	-2	
163	165	-2	
97	161	3	
42	106	3	
400	405	-4	
401	405	4	
464	468	4	
344	348	4	
348	356	-3	
351	359	1	
418	421	-2	
186	189	-5	
249	255	-3	
145	149	-3	
144	151	-3	
144	150	-4	
26	30	-4	
27	91	-3	
90	92	-5	
26	90	4	
73	76	2	
155	156	1	
155	158	-4	
152	159	3	
473	479	4	
474	479	-2	
474	477	-3	
50	53	-5	
50	114	-3	
48	112	-3	
3	6	-4	
64	69	-3	
458	462	-2	
459	461	-2	
138	141	3	
138	202	-4	
200	205	2	
313	317	4	
376	383	4	
312	376	3	
337	340	-4	
338	342	-2	
339	341	4	
37	45	2	
38	46	-3	
283	347	4	
347	350	-3	
281	345	-4	
59	63	-4	
57	62	-5	
19	23	-3	
18	23	-2	
18	22	5	
209	214	-4	
214	222	-3	
215	223	-2	
209	215	-5	
427	429	3	
429	437	-4	
432	439	2	
431	439	2	
385	391	-3	
386	391	2	
386	450	-4	
449	452	3	
385	449	3	
51	115	6	
49	113	6	
371	372	3	
374	382	2	
409	414	-5	
193	199	2	
321	324	-4	
322	326	-5	
320	326	-4	
8	13	3	
10	15	3	
235	299	-3	
232	296	3	
243	307	1	
307	308	4	
242	306	-3	
220	228	2	
221	229	-1	
216	221	3	
105	111	3	
107	111	4	
107	171	2	
171	173	-1	
105	169	-2	
426	428	-4	
490	493	2	
489	493	3	
176	180	3	
176	183	-3	
357	365	2	
359	367	3	
98	102	-5	
98	162	-1	
162	164	-3	
443	507	2	
504	508	-4	
440	504	-1	
265	268	2	
268	276	3	
273	277	4	
269	277	-3	
1	4	-3	
4	12	-1	
11	12	-5	
5	13	1	
408	415	-3	
128	133	-3	
387	451	3	
448	453	3	
384	448	-4	
83	86	-2	
80	85	4	
483	486	-2	
480	487	2	
250	253	3	
251	255	3	
497	501	3	
467	469	-3	
466	471	-3	
465	470	3	
34	39	3	
35	39	2	
33	37	3	
67	70	4	
64	71	3	
312	319	1	
313	318	-2	
99	101	-2	
96	160	-2	
362	426	-2	
436	444	4	
433	438	2	
267	270	2	
270	278	2	
271	279	-2	
225	229	4	
229	237	2	
234	237	-3	
231	239	2	
354	358	4	
350	358	-3	
106	170	-2	
104	168	-2	
197	205	3	
198	206	2	
195	198	-1	
324	332	4	
327	335	3	
139	143	-3	
468	476	1	
473	477	-3	
469	477	3	
377	380	3	
90	154	-1	
154	156	-3	
289	292	-3	
292	300	-2	
296	300	-3	
294	302	-1	
289	294	-3	
409	413	-2	
408	414	4	
218	223	-1	
315	318	3	
311	319	4	
32	36	4	
31	39	-1	
41	44	3	
46	54	-2	
283	287	-3	
259	263	-2	
256	262	2	
265	329	3	
187	188	4	
187	191	3	
184	189	4	
164	172	2	
165	173	3	
178	183	-2	
65	68	-2	
91	155	1	
153	157	-3	
507	509	3	
16	20	-1	
19	22	1	
210	212	3	
8	14	-4	
10	74	2	
72	79	-4	
8	72	2	
422	430	-3	
394	396	3	
396	404	-2	
403	406	3	
398	406	3	
194	196	2	
498	500	2	
432	496	4	
0	5	2	
100	108	2	
104	110	3	
102	110	-3	
45	53	2	
43	47	4	
452	460	-3	
459	460	-2	
242	246	4	
306	309	-2	
240	304	1	
234	298	-3	
233	297	-3	
83	147	-1	
344	408	-2	
333	341	-1	
334	342	-2	
226	228	-3	
226	231	3	
227	231	-3	
224	230	-3	
320	327	3	
27	31	3	
24	30	3	
241	244	1	
244	252	3	
245	253	-3	
241	245	-3	
153	158	-3	
159	167	-3	
291	295	5	
291	355	2	
290	354	-2	
179	182	-2	
11	75	1	
9	73	-3	
306	370	2	
297	301	2	
299	363	1	
361	364	4	
213	221	3	
211	214	1	
276	284	3	
278	286	-2	
340	348	-2	
129	193	-2	
257	261	-4	
266	269	-2	
86	94	3	
82	86	3	
499	501	-3	
504	510	-5	
202	206	2	
33	38	5	
39	47	-2	
17	23	-5	
81	84	3	
146	150	-2	
72	78	-2	
442	446	-3	
117	125	-3	
119	127	-3	
200	207	3	
91	95	3	
417	421	3	
323	325	-3	
321	385	-1	
203	267	-1	
202	266	-1	
461	469	1	
464	470	3	
462	470	4	
42	45	3	
299	303	3	
282	346	-2	
346	351	2	
169	175	-3	
185	188	-3	
242	245	-2	
450	455	3	
25	29	3	
74	77	-3	
435	499	-3	
208	213	-3	
211	275	-2	
208	272	-1	
280	344	2	
267	331	2	
463	471	-2	
456	463	-1	
298	301	1	
356	364	1	
123	126	2	
339	340	2	
99	102	-3	
97	101	-4	
246	254	3	
250	254	2	
247	255	-1	
240	247	2	
75	139	2	
392	398	-2	
43	107	-2	
203	205	3	
144	149	3	
425	430	-2	
280	284	2	
295	303	-1	
153	217	2	
411	412	-2	
475	476	4	
369	372	-3	
330	334	2	
228	236	2	
232	238	2	
230	238	-2	
66	130	-1	
129	134	3	
114	118	2	
349	357	-3	
299	300	1	
241	305	1	
273	337	1	
371	435	-1	
368	432	1	
75	76	-4	
89	92	1	
217	220	3	
235	237	-2	
233	239	-3	
331	332	1	
325	333	-1	
156	164	2	
365	373	-2	
161	166	2	
186	190	1	
437	445	2	
419	420	-2	
135	143	1	
353	356	-2	
491	492	2	
490	494	-2	
326	334	-2	
218	222	-2	
152	216	-2	
274	338	-2	
112	118	-2	
426	431	-2	
257	260	-1	
36	44	-1	
128	134	2	
49	52	-1	
137	141	-3	
88	93	2	
410	413	2	
97	103	1	
161	167	-2	
286	294	2	
147	151	-1	
337	401	2	
201	265	1	
264	271	-2	
200	264	-1	
289	353	1	
345	409	1	
427	428	-2	
258	322	2	
256	320	-2	
84	92	1	
96	100	-1	
460	468	-1	
457	462	2	
342	350	1	
284	292	-2	
298	302	-3	
472	478	1	
314	378	-2	
81	85	-1	
402	406	-1	
73	79	1	
51	55	-2	
53	61	-1	
54	62	1	
440	444	2	
22	30	-1	
430	438	-2	
112	116	-1	
219	222	1	
487	495	-1	
20	28	-2	
336	341	1	
259	323	-1	
77	85	1	
79	87	-1	
397	405	-1	
345	349	1	
145	209	1	
257	321	-1	
217	281	1	
485	493	1	
76	84	1	
78	86	-1	
50	54	-1	
113	117	-1	
384	388	1	
308	316	-1	
288	352	1	
141	149	-1	
123	187	-1	
121	185	-1	
Energy:	-3334	
