NumberOfQubits	504	
NumberOfSubgraphs	420	
Serial	379	
PlantedSolution:	
0	-1	
1	-1	
2	-1	
3	1	
4	1	
5	1	
6	-1	
8	-1	
9	1	
10	-1	
11	-1	
12	-1	
13	1	
14	-1	
15	1	
16	-1	
17	1	
18	-1	
19	-1	
20	-1	
21	1	
22	1	
23	-1	
24	1	
25	-1	
26	-1	
27	1	
28	1	
29	-1	
30	-1	
31	1	
32	-1	
33	-1	
34	1	
35	-1	
36	-1	
37	1	
38	1	
39	-1	
40	-1	
41	-1	
42	1	
43	1	
44	-1	
45	-1	
46	1	
47	1	
48	-1	
49	1	
50	1	
51	-1	
52	-1	
53	1	
54	1	
55	-1	
56	-1	
57	-1	
58	1	
59	1	
60	-1	
61	1	
62	1	
63	1	
64	-1	
65	1	
66	-1	
67	1	
68	1	
69	1	
70	1	
71	1	
72	1	
73	-1	
74	1	
75	1	
76	-1	
77	1	
78	-1	
79	1	
80	1	
81	-1	
82	1	
83	1	
84	1	
85	-1	
86	-1	
87	1	
88	-1	
89	-1	
90	1	
91	-1	
92	1	
93	1	
94	1	
95	-1	
96	1	
97	-1	
98	-1	
99	1	
100	-1	
101	1	
102	1	
103	1	
104	1	
105	1	
106	1	
107	-1	
108	1	
109	-1	
110	1	
111	-1	
112	1	
113	-1	
114	-1	
115	-1	
116	-1	
117	1	
118	-1	
119	1	
120	1	
121	-1	
123	-1	
124	-1	
125	1	
126	-1	
127	1	
128	1	
129	1	
130	-1	
131	1	
132	1	
133	1	
134	-1	
135	1	
136	1	
137	-1	
138	1	
139	-1	
141	1	
142	-1	
143	1	
144	1	
145	-1	
146	1	
147	-1	
148	1	
149	-1	
150	1	
151	-1	
152	1	
153	-1	
154	-1	
155	1	
156	-1	
157	-1	
158	1	
159	-1	
160	-1	
161	-1	
162	1	
163	-1	
164	-1	
165	1	
166	1	
167	-1	
168	-1	
169	-1	
170	1	
171	1	
172	-1	
173	-1	
174	-1	
175	-1	
176	-1	
177	1	
178	1	
179	1	
180	1	
181	1	
182	-1	
183	-1	
184	-1	
185	1	
186	1	
187	1	
188	1	
189	1	
190	-1	
191	1	
192	1	
193	-1	
194	-1	
195	1	
196	-1	
197	-1	
198	-1	
199	-1	
200	-1	
201	1	
202	-1	
203	1	
204	1	
205	-1	
206	1	
207	1	
208	-1	
209	1	
210	-1	
211	-1	
212	-1	
213	-1	
214	1	
215	-1	
216	1	
217	-1	
218	1	
219	1	
220	-1	
221	1	
222	-1	
223	-1	
224	-1	
225	-1	
226	1	
227	1	
228	-1	
229	-1	
230	1	
231	-1	
232	1	
233	1	
234	1	
235	1	
236	1	
237	1	
238	-1	
239	1	
240	1	
241	1	
242	-1	
243	-1	
244	-1	
245	1	
246	-1	
247	-1	
248	1	
249	-1	
250	1	
251	1	
252	-1	
253	1	
254	-1	
255	1	
256	-1	
257	1	
258	-1	
259	1	
260	-1	
261	1	
262	1	
263	1	
264	1	
265	-1	
266	-1	
267	1	
268	1	
269	1	
270	1	
271	1	
272	1	
273	1	
274	1	
275	-1	
276	1	
277	1	
278	1	
279	1	
280	1	
281	1	
282	1	
283	1	
284	-1	
285	1	
286	-1	
287	1	
288	1	
289	1	
290	1	
291	-1	
292	-1	
293	-1	
294	1	
295	-1	
296	-1	
297	1	
298	-1	
299	1	
300	1	
301	-1	
302	-1	
303	-1	
304	-1	
305	1	
306	-1	
307	1	
308	-1	
309	1	
310	-1	
311	-1	
312	1	
313	1	
314	-1	
315	-1	
316	-1	
317	1	
318	-1	
319	-1	
320	1	
321	-1	
322	-1	
323	1	
324	-1	
325	1	
326	1	
327	-1	
328	-1	
329	-1	
330	1	
331	1	
332	1	
333	1	
334	-1	
335	1	
336	1	
337	-1	
338	1	
339	1	
340	1	
341	1	
342	-1	
343	1	
344	-1	
345	-1	
346	1	
347	1	
348	1	
349	-1	
350	-1	
351	-1	
352	1	
353	1	
354	-1	
355	1	
356	1	
357	1	
358	-1	
359	-1	
361	-1	
362	-1	
363	-1	
364	-1	
365	1	
367	1	
368	-1	
369	-1	
370	1	
371	-1	
372	1	
373	-1	
374	1	
375	-1	
376	-1	
377	1	
378	1	
379	-1	
380	-1	
382	-1	
383	1	
384	1	
385	1	
386	-1	
387	1	
388	-1	
389	-1	
390	1	
391	-1	
392	-1	
393	1	
394	1	
396	1	
397	-1	
398	-1	
399	-1	
400	1	
401	-1	
402	1	
403	1	
404	1	
405	-1	
406	-1	
407	1	
408	-1	
409	-1	
410	-1	
411	-1	
412	-1	
413	-1	
414	1	
415	1	
416	-1	
417	-1	
418	1	
419	-1	
420	1	
421	1	
422	1	
424	1	
425	1	
426	-1	
427	-1	
428	1	
429	-1	
430	1	
431	-1	
432	1	
433	-1	
434	-1	
435	-1	
436	-1	
437	1	
438	1	
439	1	
440	1	
441	-1	
442	-1	
443	-1	
444	1	
445	-1	
446	1	
447	-1	
448	1	
449	1	
450	1	
451	1	
452	1	
453	-1	
454	1	
455	-1	
456	1	
457	-1	
458	-1	
459	1	
460	1	
461	1	
462	-1	
463	1	
464	1	
465	-1	
466	1	
467	1	
468	-1	
469	-1	
470	1	
471	-1	
472	-1	
473	1	
474	-1	
475	-1	
476	-1	
477	1	
478	1	
479	1	
480	1	
481	-1	
482	-1	
483	-1	
484	-1	
485	1	
486	-1	
487	-1	
488	1	
489	1	
490	1	
491	1	
492	1	
493	-1	
494	-1	
495	-1	
496	-1	
497	1	
498	-1	
499	1	
500	-1	
501	-1	
502	-1	
503	1	
504	1	
505	-1	
506	1	
507	1	
508	-1	
509	1	
510	-1	
511	-1	
Js:	
49	52	1	
50	52	2	
50	114	2	
114	117	-1	
113	117	3	
49	113	3	
344	348	3	
345	348	4	
345	350	-3	
346	350	2	
346	349	-4	
344	349	-4	
224	230	2	
227	230	-3	
227	291	2	
291	295	-3	
288	295	5	
224	288	2	
106	111	3	
107	111	-2	
107	171	2	
171	175	1	
170	175	-3	
106	170	-1	
265	268	-2	
268	276	-1	
272	276	-1	
272	277	-3	
269	277	-2	
265	269	2	
217	222	-4	
218	222	-2	
218	282	-2	
282	287	-3	
281	287	-1	
217	281	2	
209	212	2	
210	212	-4	
210	214	2	
208	214	2	
208	215	-2	
209	215	-3	
249	252	-1	
250	252	3	
250	314	-1	
314	319	-2	
313	319	3	
249	313	2	
296	300	4	
299	300	-1	
299	301	-2	
298	301	-3	
298	302	-2	
296	302	-2	
72	76	2	
74	76	2	
74	79	-3	
75	79	-4	
75	78	1	
72	78	-2	
497	500	4	
500	508	-3	
506	508	3	
506	511	4	
503	511	-3	
497	503	-3	
458	461	3	
461	469	2	
465	469	-1	
465	470	-3	
462	470	2	
458	462	-3	
154	156	-2	
155	156	4	
155	158	2	
152	158	-2	
152	157	2	
154	157	-1	
441	445	3	
443	445	-4	
443	507	2	
507	509	-3	
505	509	4	
441	505	-3	
353	357	-3	
355	357	4	
355	419	2	
419	421	3	
417	421	2	
353	417	2	
17	21	-2	
19	21	2	
19	83	-1	
83	85	2	
81	85	-3	
17	81	1	
248	253	-3	
251	253	-3	
251	315	2	
315	316	2	
312	316	4	
248	312	-1	
481	484	-2	
482	484	1	
482	485	3	
480	485	-3	
480	486	2	
481	486	-2	
233	236	2	
234	236	-4	
234	238	3	
235	238	1	
235	239	-2	
233	239	-1	
320	324	2	
321	324	-2	
321	327	1	
322	327	-4	
322	325	3	
320	325	-2	
130	134	-3	
131	134	2	
131	195	1	
195	198	4	
194	198	-2	
130	194	-1	
258	261	2	
259	261	-3	
259	263	-2	
257	263	-2	
257	262	-3	
258	262	-3	
8	12	-4	
10	12	-4	
10	13	4	
11	13	2	
11	15	-5	
8	15	3	
369	373	-2	
370	373	2	
370	375	2	
371	375	2	
371	374	3	
369	374	3	
176	181	1	
177	181	-1	
177	241	2	
241	246	2	
240	246	3	
176	240	2	
91	92	3	
92	100	-1	
96	100	3	
96	103	-2	
95	103	1	
91	95	-1	
1	6	4	
3	6	3	
3	67	-2	
67	68	-3	
65	68	-3	
1	65	1	
33	37	3	
35	37	2	
35	99	1	
99	101	-3	
97	101	-1	
33	97	-3	
489	492	-2	
490	492	-2	
490	493	4	
488	493	2	
488	495	2	
489	495	3	
402	406	2	
406	414	4	
409	414	2	
409	415	-2	
407	415	-2	
402	407	-2	
435	436	-2	
436	444	-2	
442	444	5	
442	446	1	
438	446	-2	
435	438	3	
386	388	-2	
387	388	3	
387	389	3	
384	389	1	
384	391	2	
386	391	3	
24	28	-3	
25	28	-1	
25	30	-2	
26	30	-3	
26	31	3	
24	31	-2	
139	141	3	
141	149	2	
144	149	2	
144	150	-2	
142	150	-2	
139	142	-1	
401	404	2	
404	412	-1	
408	412	-3	
408	413	-2	
405	413	-3	
401	405	-1	
264	270	-1	
266	270	4	
266	330	2	
330	334	2	
328	334	4	
264	328	3	
41	44	-3	
42	44	2	
42	45	3	
40	45	-3	
40	47	3	
41	47	-1	
178	180	-2	
180	188	-1	
185	188	-2	
185	190	3	
182	190	1	
178	182	3	
104	108	-2	
108	116	1	
115	116	-4	
115	118	-2	
110	118	-1	
104	110	-2	
161	164	-3	
162	164	1	
162	226	-2	
226	228	3	
225	228	-3	
161	225	2	
58	61	-3	
59	61	-2	
59	62	-2	
56	62	3	
56	63	3	
58	63	-3	
448	453	3	
451	453	4	
451	455	1	
449	455	3	
449	454	1	
448	454	-2	
336	341	2	
337	341	1	
337	342	-5	
338	342	1	
338	343	-5	
336	343	-3	
424	428	-2	
426	428	3	
426	431	-3	
427	431	-2	
427	429	-2	
424	429	4	
202	204	2	
203	204	-2	
203	206	-2	
200	206	-3	
200	205	-1	
202	205	-1	
474	477	2	
475	477	-2	
475	478	3	
472	478	1	
472	479	3	
474	479	3	
120	124	3	
123	124	-2	
123	127	-3	
121	127	4	
121	125	2	
120	125	-4	
306	308	-3	
307	308	2	
307	309	-2	
304	309	3	
304	311	-2	
306	311	3	
283	284	3	
284	292	-1	
290	292	-3	
290	294	-2	
286	294	2	
283	286	2	
392	399	-2	
393	399	2	
393	457	-3	
457	460	2	
456	460	-2	
392	456	3	
377	380	3	
379	380	-2	
379	383	2	
376	383	3	
376	382	-3	
377	382	2	
0	5	3	
2	5	2	
2	66	1	
66	70	3	
64	70	2	
0	64	-2	
432	439	-3	
434	439	-1	
434	498	-2	
498	501	-3	
496	501	-3	
432	496	2	
352	356	-1	
356	364	2	
363	364	-4	
363	367	2	
359	367	-1	
352	359	1	
16	22	3	
18	22	2	
18	82	1	
82	84	-3	
80	84	-2	
16	80	-1	
128	135	-3	
129	135	2	
129	193	1	
193	199	-3	
192	199	3	
128	192	-1	
160	165	4	
165	173	-1	
168	173	-3	
168	174	-1	
166	174	1	
160	166	2	
34	38	-4	
38	46	-2	
43	46	2	
43	47	-4	
39	47	1	
34	39	2	
273	276	-2	
274	276	-3	
274	278	-2	
275	278	2	
275	279	2	
273	279	-2	
48	53	2	
50	53	2	
50	54	-3	
51	54	2	
51	55	-3	
48	55	-3	
89	93	2	
90	93	-3	
90	154	2	
154	159	-2	
153	159	-3	
89	153	2	
241	244	1	
243	244	-3	
243	245	2	
242	245	3	
242	247	2	
241	247	3	
145	151	-3	
147	151	-2	
147	211	-2	
211	213	-2	
209	213	2	
145	209	-1	
216	220	2	
219	220	3	
219	221	-2	
218	221	2	
218	223	2	
216	223	3	
459	460	-3	
460	468	2	
466	468	2	
466	471	3	
463	471	-2	
459	463	-1	
72	77	-4	
73	77	3	
73	137	-5	
137	143	4	
136	143	-2	
72	136	-3	
179	181	-4	
181	189	1	
184	189	2	
184	191	2	
183	191	1	
179	183	1	
329	332	4	
331	332	1	
331	335	-2	
330	335	-2	
330	333	-2	
329	333	3	
418	420	-2	
420	428	-1	
425	428	1	
425	430	-4	
422	430	-1	
418	422	-3	
385	389	1	
389	397	-4	
394	397	3	
394	398	2	
390	398	-4	
385	390	-2	
297	303	2	
298	303	-2	
298	362	2	
362	365	2	
361	365	2	
297	361	2	
304	310	-2	
305	310	4	
305	369	2	
369	372	2	
368	372	2	
304	368	-2	
280	285	-3	
285	293	1	
289	293	4	
289	294	-3	
280	286	-1	
400	405	1	
403	405	3	
403	467	1	
467	469	2	
464	469	2	
400	464	-3	
433	437	2	
437	445	-2	
440	445	1	
440	447	2	
439	447	2	
433	439	1	
491	493	-1	
493	501	-2	
499	501	2	
499	502	3	
494	502	-3	
491	494	1	
82	86	2	
86	94	3	
88	94	-1	
88	95	-3	
87	95	2	
82	87	-2	
256	260	-3	
260	268	3	
267	268	-3	
267	271	2	
263	271	-3	
256	263	2	
163	164	-2	
164	172	1	
169	172	-3	
169	175	-1	
167	175	-1	
163	167	-2	
346	351	1	
347	351	3	
347	411	2	
411	415	1	
410	415	-2	
346	410	2	
105	109	3	
109	117	1	
112	117	-3	
112	119	-2	
111	119	1	
105	111	-2	
27	28	1	
28	36	2	
32	36	-1	
32	37	3	
29	37	2	
27	29	3	
225	229	-2	
229	237	1	
232	237	-3	
232	239	2	
231	239	2	
225	231	-2	
473	476	-1	
476	484	-3	
483	484	-2	
483	487	-4	
479	487	2	
473	479	-2	
186	190	3	
187	190	2	
187	251	-1	
251	255	-3	
250	255	1	
186	250	-1	
9	12	3	
12	20	1	
16	20	-3	
14	22	1	
9	14	2	
192	196	3	
196	204	1	
201	204	-2	
201	205	3	
197	205	2	
192	197	3	
352	358	3	
354	358	-4	
354	418	2	
416	422	2	
352	416	-2	
57	60	-3	
59	60	2	
59	123	2	
123	126	-3	
121	126	1	
57	121	-2	
93	101	2	
98	101	2	
98	102	3	
94	102	-2	
90	94	-2	
504	508	2	
507	508	-1	
507	510	2	
506	510	4	
504	511	2	
313	317	-2	
314	317	-3	
314	318	-1	
315	318	-3	
315	319	-1	
65	69	-3	
66	69	-2	
66	130	-2	
130	133	2	
129	133	-4	
65	129	-1	
384	390	-2	
386	390	2	
386	450	2	
450	452	2	
448	452	-2	
384	448	-2	
339	340	-2	
340	348	-2	
341	349	-1	
339	341	-3	
323	324	1	
324	332	2	
328	332	2	
326	334	2	
323	326	-3	
146	148	-2	
147	148	2	
144	151	-2	
146	150	-3	
138	141	-2	
139	203	2	
203	207	-2	
202	207	1	
138	202	-1	
0	4	2	
3	4	-2	
67	71	-2	
64	71	3	
17	20	1	
18	20	-1	
18	23	3	
19	23	-3	
242	246	-2	
246	254	-2	
249	254	-3	
249	255	4	
247	255	1	
370	372	-2	
372	380	2	
378	380	-2	
378	383	-2	
375	383	1	
394	396	-2	
396	404	-2	
400	404	-2	
400	407	2	
399	407	1	
394	399	1	
97	102	1	
98	162	-1	
162	167	3	
161	167	-1	
97	161	-1	
289	292	1	
291	292	-3	
288	293	-1	
80	85	2	
81	86	-2	
83	86	1	
83	87	-2	
80	87	2	
410	412	-3	
410	474	2	
474	476	-2	
472	476	-2	
408	472	-2	
235	237	-3	
235	299	1	
299	303	2	
296	303	-3	
232	296	1	
58	60	2	
58	62	2	
56	61	3	
57	61	1	
256	262	2	
257	321	-2	
321	326	2	
320	326	-2	
256	320	2	
148	156	-3	
155	157	3	
149	157	-2	
146	149	2	
273	277	-1	
273	278	-3	
270	278	1	
265	270	3	
219	222	2	
222	230	1	
226	230	-2	
226	231	2	
223	231	2	
219	223	2	
337	340	-2	
338	340	-2	
339	343	-1	
339	342	2	
492	500	1	
497	502	1	
489	494	-2	
41	45	-3	
45	53	1	
49	53	-2	
49	54	-1	
46	54	-1	
41	46	-2	
171	172	1	
171	173	3	
170	173	-1	
170	174	2	
169	174	-3	
34	36	3	
35	36	-3	
35	38	1	
32	38	-3	
32	39	-2	
453	461	1	
459	461	3	
459	462	1	
454	462	2	
451	454	-3	
177	180	3	
178	183	3	
176	183	-3	
176	182	-1	
177	182	3	
73	78	-2	
74	78	3	
74	138	-2	
138	143	3	
432	436	2	
434	436	-2	
498	503	-1	
496	503	2	
99	103	-2	
99	163	1	
163	165	2	
96	160	-1	
187	188	-3	
187	191	-2	
186	191	-2	
186	189	3	
185	189	-2	
355	356	-1	
361	364	-3	
357	365	-1	
464	468	2	
465	468	-3	
465	471	-1	
467	471	3	
467	470	1	
464	470	-3	
8	13	2	
10	14	-4	
11	14	-3	
305	309	-1	
309	317	-3	
312	317	-2	
312	318	2	
310	318	2	
427	491	3	
491	495	3	
490	495	2	
426	490	-1	
392	398	-1	
393	398	3	
457	463	3	
456	463	-2	
105	108	-2	
106	109	-1	
106	110	-3	
193	196	-1	
194	196	-2	
194	197	-3	
195	197	-2	
193	198	-3	
206	214	-1	
211	214	2	
211	215	-1	
207	215	2	
200	207	1	
113	116	1	
114	118	-2	
114	119	2	
113	119	2	
128	132	-2	
131	132	-4	
131	135	-2	
130	135	2	
128	134	-1	
416	420	2	
417	420	-3	
417	481	-3	
481	487	-2	
480	487	1	
416	480	2	
217	220	-2	
220	228	-1	
224	228	-1	
224	229	2	
221	229	2	
217	221	1	
440	444	-2	
442	447	-3	
443	447	1	
443	446	3	
440	446	-2	
24	30	-3	
27	30	1	
27	91	3	
88	92	1	
24	88	2	
281	284	2	
282	284	2	
280	287	-3	
281	285	-3	
244	252	-2	
248	252	3	
245	253	1	
325	333	-2	
329	335	3	
327	335	2	
347	350	3	
350	358	1	
353	358	1	
353	359	2	
351	359	-2	
473	477	-3	
477	485	-2	
482	486	-2	
478	486	-3	
473	478	-2	
429	437	1	
433	438	2	
430	438	-2	
424	430	1	
208	212	-2	
210	274	3	
274	279	1	
272	279	-2	
208	272	1	
233	238	2	
234	298	-1	
298	300	2	
297	300	-2	
233	297	-1	
68	76	3	
75	76	2	
71	79	1	
65	71	-1	
411	413	2	
411	414	2	
403	406	1	
385	391	3	
450	455	3	
385	449	-2	
1	4	3	
2	4	3	
2	6	-2	
0	6	1	
1	5	2	
40	44	-2	
44	52	-1	
48	52	-2	
47	55	-1	
307	311	2	
307	371	2	
370	374	-1	
306	370	2	
258	260	1	
267	269	-3	
261	269	-1	
441	447	-2	
504	509	-2	
440	504	2	
378	382	3	
377	383	-2	
153	158	2	
158	166	-1	
162	166	-2	
159	167	1	
25	29	3	
33	39	-2	
31	39	2	
25	31	2	
121	124	1	
123	125	2	
120	127	-2	
363	365	1	
365	373	2	
368	373	-3	
368	375	1	
367	375	3	
388	396	2	
43	45	-2	
43	107	1	
42	106	-1	
409	412	1	
412	420	1	
419	420	1	
413	421	1	
409	413	-2	
137	142	1	
136	142	2	
264	271	-3	
267	331	-3	
331	333	-2	
328	333	1	
402	404	-2	
402	466	-2	
401	465	-2	
290	293	3	
293	301	-1	
297	301	-3	
297	302	2	
294	302	1	
259	260	-1	
259	323	-3	
205	213	-2	
208	213	-2	
201	207	2	
54	62	-2	
55	63	-1	
308	316	-2	
312	319	1	
311	319	-3	
275	277	2	
275	339	1	
272	336	-2	
115	119	2	
115	179	1	
179	180	-3	
176	180	2	
112	176	-1	
129	132	-2	
128	133	-3	
64	69	3	
67	69	1	
67	70	-3	
66	71	3	
425	429	1	
425	489	-2	
488	494	1	
424	488	-2	
89	95	-2	
152	159	3	
88	152	2	
433	436	-2	
435	499	1	
499	503	1	
433	497	1	
240	244	2	
248	254	-2	
19	20	-3	
20	28	-1	
26	28	2	
23	31	1	
348	356	-1	
354	356	2	
354	359	-2	
345	351	1	
219	283	-1	
283	287	-2	
216	280	1	
168	175	-3	
170	234	-2	
232	236	-1	
168	232	1	
452	460	-1	
458	460	2	
450	454	-2	
81	84	-2	
82	146	-2	
146	151	1	
81	145	-2	
475	476	-2	
483	486	-1	
97	100	2	
97	103	2	
98	103	3	
96	101	-2	
184	188	3	
185	191	-3	
9	13	-2	
9	15	-2	
505	508	1	
507	511	2	
505	511	-1	
262	270	-1	
266	271	2	
258	263	3	
195	196	3	
314	316	-2	
315	379	-2	
379	382	-3	
314	378	3	
227	228	-2	
225	230	1	
226	229	1	
114	116	1	
116	124	-2	
120	126	3	
118	126	-3	
361	367	2	
362	367	2	
362	426	-2	
425	431	3	
361	425	-1	
136	141	-2	
200	204	-2	
136	200	1	
104	109	2	
107	109	-3	
104	168	-1	
458	463	2	
250	253	1	
250	254	3	
156	164	1	
161	165	1	
157	165	1	
282	286	1	
281	286	1	
496	500	-2	
499	500	1	
498	502	3	
307	310	-1	
51	52	-2	
52	60	2	
53	61	-1	
51	53	2	
83	84	2	
83	147	2	
147	149	-1	
80	144	-2	
384	388	2	
385	388	1	
449	452	3	
401	406	-2	
410	414	1	
401	407	2	
211	275	1	
275	276	2	
434	437	3	
434	438	1	
36	44	-1	
178	242	2	
241	245	-1	
332	340	-1	
335	343	1	
3	5	-3	
472	477	-2	
483	485	1	
89	92	1	
25	89	-2	
418	421	-2	
416	421	2	
257	261	-3	
323	325	-1	
321	325	2	
488	492	-3	
491	492	2	
163	166	2	
163	227	-1	
227	231	2	
224	231	-2	
160	224	-1	
16	21	2	
18	21	3	
17	23	2	
17	22	-2	
387	390	-2	
391	399	-2	
387	391	2	
288	292	-1	
292	300	1	
295	303	-1	
99	100	1	
100	108	-1	
105	110	-2	
102	110	-1	
99	102	-2	
419	422	2	
417	422	2	
283	285	1	
283	347	-1	
281	345	1	
75	77	-1	
77	85	1	
79	87	2	
235	236	-2	
236	244	-1	
243	247	-2	
239	247	1	
371	373	-1	
371	435	-1	
435	439	2	
368	432	-2	
201	206	-2	
202	206	1	
202	266	-2	
201	265	-1	
70	78	-1	
145	148	2	
154	158	2	
150	158	-1	
145	150	1	
301	309	1	
302	310	-1	
299	302	2	
213	221	1	
216	221	-2	
215	223	-2	
362	364	-2	
363	427	1	
427	428	1	
466	470	-1	
273	337	-1	
336	342	1	
49	55	1	
48	112	-2	
26	90	1	
88	93	1	
392	396	3	
393	396	-1	
322	326	-1	
313	318	2	
313	377	1	
411	475	-2	
409	473	2	
280	284	1	
282	346	-1	
280	344	1	
169	173	1	
173	181	1	
179	182	1	
174	182	-1	
442	506	1	
504	510	2	
134	142	-2	
138	142	2	
135	143	-1	
57	63	1	
59	63	-2	
233	237	-2	
237	245	-1	
240	245	-2	
238	246	1	
9	73	1	
8	72	-1	
194	199	-2	
187	189	-2	
184	190	-1	
43	44	-1	
42	47	-2	
42	46	-2	
40	46	1	
448	455	-1	
291	294	2	
480	484	2	
35	39	-3	
33	38	2	
84	92	-1	
90	92	-1	
312	376	2	
209	273	1	
304	308	1	
168	172	-1	
172	180	1	
175	183	1	
264	269	-2	
331	334	2	
129	134	-2	
403	404	-1	
397	405	1	
392	397	-1	
117	125	-2	
112	118	-1	
153	157	-1	
155	159	1	
427	430	-1	
65	70	1	
57	62	1	
457	461	1	
457	462	-1	
456	462	1	
321	385	-1	
320	384	-1	
198	206	1	
199	207	2	
230	238	1	
232	238	2	
435	437	-1	
106	108	-1	
107	108	-1	
353	356	-1	
355	358	-1	
355	359	2	
344	351	-1	
322	324	-1	
330	332	2	
96	102	1	
19	22	-1	
16	23	-1	
218	220	1	
216	222	-1	
160	164	2	
162	165	-1	
257	260	2	
259	262	1	
467	468	-1	
466	469	2	
336	340	-1	
338	341	1	
251	252	1	
91	93	2	
170	172	1	
169	233	2	
200	264	2	
276	284	-1	
278	286	1	
227	229	2	
144	148	1	
144	208	1	
369	375	1	
78	86	-1	
490	494	-1	
243	307	1	
305	308	2	
241	305	1	
376	380	1	
377	441	2	
441	446	2	
376	440	1	
186	188	1	
451	452	-2	
450	453	1	
178	181	-2	
177	183	1	
400	406	1	
73	76	1	
75	139	2	
139	143	2	
299	363	2	
41	105	1	
104	111	2	
40	104	1	
323	327	-2	
258	322	-1	
419	483	2	
265	329	-2	
277	285	1	
279	287	-1	
32	96	1	
161	166	2	
171	174	2	
171	235	1	
426	430	-1	
424	431	1	
345	409	-1	
408	415	1	
344	408	-1	
119	127	1	
21	29	1	
26	29	1	
22	30	1	
203	205	1	
501	509	1	
505	510	-1	
502	510	-1	
212	220	1	
214	222	2	
289	295	1	
289	353	1	
352	357	-2	
288	352	-1	
90	95	-1	
474	478	1	
339	403	-1	
403	407	1	
337	401	-1	
374	382	-1	
242	244	1	
240	247	1	
50	55	-1	
48	54	1	
66	68	1	
67	131	1	
130	132	2	
113	118	1	
133	141	-1	
154	218	1	
152	216	-1	
91	94	1	
338	402	-1	
336	400	1	
69	77	1	
482	487	-1	
418	482	1	
34	98	-1	
264	268	1	
145	149	-1	
449	453	1	
347	349	1	
411	412	-1	
107	110	-1	
469	477	-1	
471	479	1	
282	285	1	
370	434	1	
432	437	-1	
320	327	1	
204	212	1	
210	213	1	
443	444	-1	
274	277	-1	
272	278	1	
489	493	-1	
386	389	-1	
393	397	1	
147	150	1	
248	255	1	
56	60	1	
402	405	-1	
408	414	1	
342	350	-1	
80	86	1	
89	94	1	
51	115	-1	
112	116	1	
431	439	-1	
209	214	-1	
217	223	-1	
481	485	1	
364	372	1	
371	372	1	
256	261	1	
203	267	-1	
475	479	1	
498	500	-1	
496	502	-1	
497	501	1	
379	443	-1	
Energy:	-1736	
