NumberOfQubits	504	
NumberOfSubgraphs	504	
Serial	487	
PlantedSolution:	
0	-1	
1	-1	
2	1	
3	1	
4	1	
5	-1	
6	1	
8	-1	
9	1	
10	1	
11	-1	
12	-1	
13	-1	
14	-1	
15	-1	
16	1	
17	-1	
18	1	
19	1	
20	1	
21	1	
22	-1	
23	1	
24	1	
25	-1	
26	-1	
27	-1	
28	-1	
29	1	
30	1	
31	1	
32	-1	
33	1	
34	-1	
35	1	
36	1	
37	-1	
38	-1	
39	-1	
40	-1	
41	-1	
42	-1	
43	1	
44	1	
45	1	
46	-1	
47	1	
48	-1	
49	-1	
50	1	
51	1	
52	-1	
53	-1	
54	1	
55	1	
56	-1	
57	-1	
58	-1	
59	-1	
60	1	
61	-1	
62	-1	
63	1	
64	1	
65	-1	
66	1	
67	-1	
68	-1	
69	-1	
70	-1	
71	1	
72	-1	
73	-1	
74	1	
75	-1	
76	1	
77	-1	
78	1	
79	1	
80	-1	
81	1	
82	1	
83	-1	
84	-1	
85	1	
86	1	
87	1	
88	-1	
89	-1	
90	-1	
91	-1	
92	-1	
93	1	
94	1	
95	1	
96	-1	
97	1	
98	-1	
99	1	
100	-1	
101	-1	
102	1	
103	1	
104	-1	
105	-1	
106	-1	
107	-1	
108	-1	
109	1	
110	1	
111	-1	
112	1	
113	-1	
114	1	
115	1	
116	-1	
117	-1	
118	-1	
119	-1	
120	1	
121	1	
123	-1	
124	1	
125	1	
126	1	
127	1	
128	1	
129	1	
130	1	
131	1	
132	-1	
133	-1	
134	-1	
135	-1	
136	1	
137	1	
138	1	
139	-1	
141	1	
142	1	
143	1	
144	1	
145	-1	
146	-1	
147	1	
148	-1	
149	1	
150	1	
151	-1	
152	-1	
153	-1	
154	1	
155	-1	
156	-1	
157	1	
158	-1	
159	-1	
160	1	
161	-1	
162	1	
163	1	
164	1	
165	-1	
166	-1	
167	-1	
168	1	
169	1	
170	1	
171	-1	
172	-1	
173	1	
174	-1	
175	-1	
176	-1	
177	1	
178	-1	
179	1	
180	-1	
181	-1	
182	1	
183	1	
184	-1	
185	-1	
186	1	
187	-1	
188	1	
189	1	
190	1	
191	-1	
192	-1	
193	1	
194	-1	
195	1	
196	1	
197	1	
198	-1	
199	-1	
200	1	
201	-1	
202	-1	
203	-1	
204	-1	
205	1	
206	-1	
207	-1	
208	1	
209	-1	
210	1	
211	-1	
212	1	
213	-1	
214	1	
215	1	
216	-1	
217	-1	
218	-1	
219	1	
220	-1	
221	-1	
222	-1	
223	-1	
224	1	
225	1	
226	-1	
227	1	
228	1	
229	1	
230	1	
231	-1	
232	1	
233	-1	
234	1	
235	-1	
236	1	
237	-1	
238	-1	
239	-1	
240	-1	
241	-1	
242	-1	
243	1	
244	-1	
245	1	
246	-1	
247	1	
248	-1	
249	-1	
250	-1	
251	1	
252	1	
253	-1	
254	1	
255	-1	
256	-1	
257	1	
258	1	
259	-1	
260	-1	
261	-1	
262	-1	
263	-1	
264	-1	
265	1	
266	1	
267	-1	
268	1	
269	-1	
270	1	
271	1	
272	-1	
273	-1	
274	-1	
275	-1	
276	-1	
277	-1	
278	1	
279	-1	
280	-1	
281	-1	
282	1	
283	1	
284	1	
285	-1	
286	1	
287	-1	
288	1	
289	1	
290	-1	
291	1	
292	1	
293	-1	
294	1	
295	-1	
296	-1	
297	-1	
298	1	
299	-1	
300	1	
301	1	
302	-1	
303	1	
304	-1	
305	-1	
306	1	
307	1	
308	1	
309	-1	
310	1	
311	1	
312	-1	
313	-1	
314	-1	
315	-1	
316	-1	
317	-1	
318	1	
319	-1	
320	1	
321	-1	
322	1	
323	-1	
324	-1	
325	1	
326	-1	
327	-1	
328	1	
329	-1	
330	1	
331	1	
332	-1	
333	-1	
334	1	
335	1	
336	1	
337	1	
338	-1	
339	-1	
340	-1	
341	1	
342	-1	
343	-1	
344	-1	
345	1	
346	1	
347	1	
348	1	
349	1	
350	-1	
351	-1	
352	1	
353	1	
354	-1	
355	-1	
356	-1	
357	-1	
358	-1	
359	1	
361	-1	
362	1	
363	-1	
364	-1	
365	1	
367	-1	
368	1	
369	-1	
370	1	
371	-1	
372	1	
373	1	
374	-1	
375	1	
376	1	
377	1	
378	1	
379	-1	
380	-1	
382	1	
383	1	
384	1	
385	-1	
386	-1	
387	-1	
388	1	
389	1	
390	-1	
391	1	
392	-1	
393	1	
394	-1	
396	1	
397	1	
398	1	
399	-1	
400	-1	
401	1	
402	-1	
403	-1	
404	1	
405	1	
406	-1	
407	1	
408	1	
409	-1	
410	-1	
411	-1	
412	-1	
413	1	
414	1	
415	1	
416	1	
417	-1	
418	1	
419	1	
420	-1	
421	-1	
422	1	
424	1	
425	-1	
426	1	
427	-1	
428	1	
429	-1	
430	1	
431	1	
432	1	
433	1	
434	1	
435	-1	
436	-1	
437	-1	
438	1	
439	-1	
440	1	
441	1	
442	1	
443	-1	
444	-1	
445	1	
446	1	
447	-1	
448	1	
449	-1	
450	-1	
451	1	
452	1	
453	1	
454	-1	
455	1	
456	-1	
457	-1	
458	-1	
459	-1	
460	-1	
461	-1	
462	-1	
463	1	
464	-1	
465	1	
466	-1	
467	-1	
468	-1	
469	-1	
470	-1	
471	-1	
472	1	
473	-1	
474	1	
475	1	
476	-1	
477	-1	
478	-1	
479	-1	
480	1	
481	1	
482	1	
483	1	
484	1	
485	-1	
486	-1	
487	-1	
488	-1	
489	1	
490	-1	
491	1	
492	1	
493	1	
494	1	
495	-1	
496	-1	
497	-1	
498	1	
499	-1	
500	-1	
501	-1	
502	1	
503	1	
504	-1	
505	1	
506	-1	
507	-1	
508	1	
509	1	
510	1	
511	1	
Js:	
441	446	-1	
442	446	-4	
442	506	-4	
506	511	2	
505	511	-2	
441	505	-2	
32	36	3	
34	36	-2	
34	98	-3	
98	102	3	
96	102	4	
32	96	-2	
225	228	3	
226	228	2	
226	229	3	
224	229	-2	
224	231	3	
225	231	5	
241	245	4	
243	245	1	
243	246	3	
242	246	-3	
242	247	3	
241	247	3	
202	204	-2	
204	212	3	
208	212	-3	
208	213	4	
205	213	-2	
202	205	3	
322	326	3	
323	326	-4	
323	387	-2	
387	390	-2	
386	390	-4	
322	386	-1	
306	308	-2	
307	308	-4	
307	310	-4	
304	310	3	
304	311	3	
306	311	-2	
193	199	3	
194	199	1	
194	258	2	
258	262	1	
257	262	2	
193	257	-2	
424	429	2	
426	429	3	
426	430	-2	
425	430	3	
425	431	3	
424	431	-4	
152	157	2	
157	165	-2	
163	165	2	
163	166	4	
158	166	-2	
152	158	-3	
481	484	1	
483	484	-4	
483	487	2	
480	487	2	
480	486	3	
481	486	3	
217	223	-2	
218	223	-3	
218	282	1	
282	286	-4	
281	286	-1	
217	281	-1	
248	252	4	
251	252	-2	
251	255	4	
250	255	2	
250	253	-3	
248	253	-2	
352	356	3	
353	356	2	
353	359	-2	
355	359	-1	
355	357	-1	
352	357	4	
64	68	5	
67	68	3	
67	70	-2	
65	70	-3	
65	69	-4	
64	69	1	
337	342	-2	
342	350	-2	
345	350	5	
345	351	2	
343	351	-3	
337	343	2	
450	452	-1	
451	452	-3	
451	453	-3	
448	453	-3	
448	455	-3	
450	455	3	
112	117	4	
115	117	3	
115	119	-1	
114	119	3	
114	118	3	
112	118	4	
408	412	-2	
412	420	-1	
416	420	3	
416	421	2	
413	421	2	
408	413	-2	
283	284	-3	
284	292	1	
291	292	-3	
291	295	2	
287	295	-1	
283	287	3	
56	62	-4	
59	62	-3	
59	123	-2	
123	124	3	
120	124	3	
56	120	2	
24	29	-1	
29	37	-3	
35	37	1	
35	38	3	
30	38	3	
24	30	-3	
496	500	2	
497	500	-2	
497	501	-2	
498	501	2	
498	502	-3	
496	502	3	
128	134	2	
131	134	2	
131	195	1	
195	198	3	
192	198	-3	
128	192	3	
369	372	2	
370	372	2	
370	374	2	
371	374	-3	
371	375	4	
369	375	3	
314	316	-3	
315	316	-4	
315	318	3	
313	318	4	
313	317	3	
314	317	-3	
49	52	-3	
50	52	2	
50	53	4	
48	53	-3	
48	55	2	
49	55	-3	
10	12	3	
11	12	-3	
11	15	-3	
9	15	3	
9	14	-1	
10	14	3	
434	436	-3	
436	444	-2	
440	444	3	
440	445	-2	
437	445	4	
434	437	3	
105	109	5	
106	109	-4	
106	110	4	
104	110	1	
104	111	-3	
105	111	-2	
472	477	5	
474	477	-1	
474	478	1	
475	478	4	
475	479	4	
472	479	2	
457	462	-2	
462	470	1	
467	470	-3	
467	471	-3	
463	471	1	
457	463	3	
259	261	-3	
261	269	2	
267	269	-2	
267	271	4	
263	271	3	
259	263	-2	
17	20	3	
19	20	-3	
19	83	-3	
83	85	3	
81	85	-3	
17	81	4	
264	270	4	
266	270	-2	
266	330	-2	
330	332	-2	
328	332	3	
264	328	2	
490	492	3	
491	492	-2	
491	493	-3	
489	493	-2	
489	494	-4	
490	494	-1	
88	92	-3	
92	100	-3	
99	100	3	
99	103	-3	
95	103	-4	
88	95	3	
138	142	-3	
142	150	-1	
144	150	3	
144	151	3	
143	151	1	
138	143	-5	
1	4	4	
3	4	-3	
3	6	-4	
0	6	4	
0	5	-3	
1	5	-4	
232	236	2	
234	236	-4	
234	239	4	
235	239	-3	
235	237	-4	
232	237	3	
402	404	2	
403	404	4	
403	406	-2	
400	406	-3	
400	407	-2	
402	407	2	
296	300	3	
297	300	1	
297	301	3	
298	301	1	
298	303	-2	
296	303	4	
184	188	5	
187	188	3	
187	189	-1	
186	189	-5	
186	190	-4	
184	190	3	
170	172	3	
172	180	-2	
177	180	3	
177	183	-2	
175	183	-1	
170	175	5	
40	44	4	
43	44	-2	
43	47	-5	
42	47	4	
42	45	-2	
40	45	4	
73	76	2	
74	76	-3	
74	78	-2	
72	78	3	
72	79	1	
73	79	-3	
336	340	3	
340	348	3	
346	348	-2	
346	349	-3	
341	349	-2	
336	341	3	
320	327	2	
321	327	-2	
321	385	-1	
385	388	-3	
384	388	-2	
320	384	-2	
393	396	-3	
394	396	4	
394	398	-2	
392	398	5	
392	399	-1	
393	399	3	
154	156	4	
156	164	-2	
162	164	-2	
162	167	3	
159	167	-2	
154	159	3	
361	364	-2	
363	364	-3	
363	365	3	
362	365	-3	
362	367	2	
361	367	-4	
272	276	-2	
274	276	2	
274	279	-3	
273	279	-4	
273	278	2	
272	278	2	
201	206	-4	
206	214	2	
210	214	-4	
210	215	-3	
207	215	-1	
201	207	-2	
16	23	-4	
18	23	-3	
18	82	-4	
82	87	-2	
80	87	2	
16	80	3	
377	380	3	
379	380	-3	
379	383	-4	
376	383	-1	
376	382	-2	
377	382	-2	
456	460	5	
460	468	-1	
465	468	4	
465	469	4	
461	469	-1	
456	461	-2	
169	173	-5	
173	181	-1	
176	181	-3	
176	182	3	
174	182	2	
169	174	3	
25	28	-2	
27	28	3	
27	91	-4	
91	93	2	
89	93	2	
25	89	-2	
432	439	2	
435	439	3	
435	499	-4	
499	503	2	
496	503	1	
432	496	4	
219	220	3	
220	228	2	
227	228	-2	
227	230	-2	
222	230	2	
219	222	-1	
58	60	4	
59	60	2	
59	63	-3	
57	63	4	
57	61	-5	
58	61	-1	
504	508	-2	
506	508	2	
506	509	3	
507	509	2	
507	510	3	
504	510	3	
128	132	3	
130	132	3	
130	135	4	
129	135	-1	
129	133	4	
128	133	2	
145	149	1	
147	149	-4	
147	211	3	
211	213	2	
209	213	-2	
145	209	-3	
288	293	2	
289	293	4	
289	295	2	
290	295	-4	
290	294	-1	
288	294	-3	
329	333	-2	
330	333	4	
330	334	2	
331	334	-4	
331	335	-2	
329	335	3	
409	414	3	
410	414	3	
410	474	4	
474	476	4	
473	476	-3	
409	473	-3	
136	141	-2	
139	141	2	
139	203	-2	
203	206	1	
200	206	3	
136	200	-3	
418	422	-2	
419	422	-2	
419	483	-2	
483	485	3	
482	485	2	
418	482	-3	
104	108	-3	
107	108	-4	
107	171	-1	
171	174	-3	
168	174	3	
104	168	-2	
275	277	-1	
277	285	-3	
280	285	-2	
280	286	-3	
278	286	-1	
275	278	3	
26	29	4	
33	37	4	
33	39	1	
31	39	4	
26	31	2	
185	191	-5	
187	191	-2	
187	251	2	
251	254	2	
249	254	4	
185	249	-2	
305	309	-2	
309	317	-3	
312	317	-3	
312	319	-4	
311	319	-3	
305	311	2	
8	13	-2	
13	21	3	
19	21	-3	
19	22	2	
14	22	2	
8	14	-5	
96	101	-2	
97	101	2	
97	161	2	
161	164	3	
160	164	4	
96	160	2	
120	125	-3	
121	125	-5	
121	126	-4	
123	126	4	
123	127	3	
120	127	-3	
344	348	2	
347	348	-2	
347	411	2	
411	415	-3	
408	415	-2	
344	408	2	
80	84	-2	
84	92	-1	
90	92	-2	
90	94	4	
86	94	1	
80	86	4	
433	438	-3	
438	446	-3	
443	446	3	
443	447	-3	
439	447	-3	
433	439	2	
256	260	-3	
260	268	3	
265	268	2	
265	270	-3	
262	270	2	
256	262	-3	
66	69	2	
69	77	2	
75	77	-4	
75	79	2	
71	79	-3	
66	71	-3	
41	45	3	
45	53	2	
51	53	3	
51	54	-3	
46	54	-2	
41	46	-4	
233	236	2	
236	244	2	
240	244	-2	
240	246	-3	
238	246	-2	
233	238	2	
424	428	-2	
427	428	2	
427	491	2	
491	495	2	
488	495	2	
424	488	2	
114	116	2	
115	116	-3	
115	179	-2	
179	181	1	
178	181	-2	
114	178	2	
353	358	2	
354	358	-3	
354	418	3	
418	420	2	
417	420	3	
353	417	2	
153	157	3	
155	157	2	
155	219	3	
219	221	2	
217	221	-3	
153	217	-3	
385	389	1	
387	389	4	
387	451	-2	
451	454	3	
449	454	-3	
385	449	-2	
394	397	3	
397	405	-3	
401	405	-2	
401	407	2	
399	407	1	
394	399	-3	
298	300	3	
299	300	2	
299	303	3	
296	302	-1	
298	302	4	
193	196	-4	
195	196	-2	
195	197	-3	
194	197	-3	
194	198	-2	
193	198	2	
144	148	4	
146	148	2	
146	150	1	
145	150	3	
145	151	-3	
368	372	-5	
370	373	-3	
371	373	3	
368	375	-2	
466	468	-2	
467	468	-2	
467	469	-2	
464	469	2	
464	471	-3	
466	471	-2	
321	324	-3	
322	324	2	
323	325	2	
321	325	3	
275	279	-2	
275	339	-3	
339	340	-4	
338	340	1	
274	338	-2	
457	461	-4	
459	461	-2	
459	462	-4	
458	462	3	
458	463	3	
137	141	-4	
138	141	-2	
139	142	-4	
139	143	2	
137	143	-4	
212	220	-2	
216	220	-1	
216	223	-2	
215	223	2	
208	215	-1	
314	318	-3	
314	378	3	
378	383	-2	
377	383	-4	
313	377	3	
2	4	-4	
2	6	-3	
3	5	3	
108	116	1	
113	116	-4	
113	119	-2	
111	119	-2	
107	111	-2	
384	391	-2	
386	391	3	
386	450	2	
450	454	-3	
448	454	2	
384	448	-2	
218	221	2	
221	229	1	
226	230	2	
218	222	-3	
11	75	2	
73	77	-3	
9	73	1	
16	22	3	
22	30	2	
25	30	-2	
25	31	3	
23	31	-1	
378	382	-4	
378	442	1	
442	444	3	
376	440	-2	
257	261	1	
264	269	-1	
264	271	2	
257	263	2	
88	94	1	
89	94	2	
89	153	-2	
153	159	-3	
152	159	1	
88	152	-1	
339	342	-3	
339	403	-2	
401	404	-3	
337	401	-2	
168	172	-3	
171	172	-4	
171	235	-1	
168	232	-1	
160	165	-3	
161	165	-2	
161	167	-1	
163	167	3	
160	166	2	
432	436	3	
433	437	2	
432	438	-2	
192	196	1	
196	204	1	
203	204	-3	
203	207	-3	
199	207	3	
192	199	-1	
67	71	-1	
67	131	3	
131	135	3	
66	130	-2	
290	292	4	
291	355	2	
355	356	2	
354	356	-3	
290	354	-1	
410	412	2	
411	412	-3	
411	413	1	
409	413	3	
409	415	2	
410	415	2	
280	287	-2	
282	287	-2	
282	346	-3	
346	351	3	
344	351	-2	
280	344	-3	
416	422	-2	
417	422	3	
417	481	2	
481	487	5	
416	480	1	
276	284	2	
281	284	4	
281	285	-3	
272	277	3	
48	52	-2	
51	55	-2	
48	54	2	
328	333	2	
329	393	2	
393	398	1	
328	392	2	
41	44	-2	
42	46	-2	
186	188	-1	
185	189	2	
184	191	1	
176	183	1	
179	183	-1	
179	243	-2	
243	244	3	
176	240	2	
56	61	-4	
58	63	3	
58	62	-4	
82	85	-3	
82	86	1	
83	86	1	
83	87	3	
81	87	-1	
497	502	2	
502	510	-4	
507	511	-3	
503	511	-3	
497	503	2	
33	36	3	
35	36	-4	
35	99	-3	
99	102	-2	
97	102	-2	
33	97	-2	
472	476	2	
476	484	1	
482	484	-4	
477	485	1	
304	308	2	
305	308	3	
307	309	-1	
425	428	2	
426	428	-2	
427	430	3	
427	431	-1	
357	365	-2	
361	365	2	
359	367	3	
352	359	-3	
499	500	-3	
500	508	4	
504	509	2	
501	509	3	
499	501	-3	
68	76	-1	
72	76	3	
70	78	4	
64	70	3	
178	180	3	
178	242	-1	
242	245	3	
177	241	1	
169	175	2	
170	234	-1	
233	239	-4	
169	233	-1	
90	93	2	
93	101	4	
98	101	2	
98	103	2	
90	95	1	
488	492	4	
489	492	-2	
489	495	4	
490	495	-2	
490	493	-4	
488	493	2	
250	252	2	
249	253	-3	
248	254	2	
400	405	2	
402	405	3	
402	466	-3	
466	470	-2	
464	470	-3	
400	464	-2	
12	20	-2	
17	21	2	
10	13	2	
201	205	3	
202	266	2	
266	268	-1	
201	265	1	
293	301	1	
299	301	-3	
299	302	-3	
294	302	1	
289	294	-3	
320	324	2	
324	332	-3	
331	332	3	
327	335	-3	
146	149	-3	
211	214	4	
146	210	3	
117	125	3	
118	126	2	
338	341	3	
347	349	3	
347	351	1	
338	343	-4	
449	452	4	
452	460	2	
456	463	2	
455	463	-3	
449	455	2	
315	319	-2	
315	379	-2	
376	380	3	
312	376	-2	
227	231	-1	
227	291	-1	
288	292	-2	
224	288	-2	
478	486	1	
479	487	-1	
369	373	2	
368	374	3	
441	444	2	
442	447	1	
443	445	-2	
441	445	-3	
32	38	-3	
32	39	-3	
24	31	2	
152	156	2	
155	159	-2	
155	158	-3	
106	108	-2	
107	109	2	
105	110	4	
26	28	-3	
91	94	3	
26	90	-3	
129	132	2	
130	134	2	
388	396	-4	
389	397	2	
384	389	-3	
258	260	3	
258	261	3	
259	262	-4	
362	364	4	
363	427	-2	
427	429	-2	
362	426	-2	
116	124	2	
119	127	3	
352	358	2	
355	358	-3	
355	419	3	
419	421	4	
352	416	-2	
136	143	-1	
137	201	-2	
344	350	-2	
345	409	1	
408	414	1	
2	66	-4	
65	71	2	
1	65	1	
228	236	-2	
234	238	1	
230	238	3	
225	230	-2	
209	273	-1	
273	277	-2	
208	272	2	
243	247	2	
243	307	-1	
242	306	2	
10	74	-3	
8	72	2	
457	460	-1	
459	460	-2	
458	461	-3	
180	188	3	
182	190	-3	
177	182	-2	
44	52	-1	
50	55	-2	
47	55	-1	
40	47	1	
401	406	2	
401	465	1	
465	471	2	
219	223	2	
219	283	-1	
216	280	1	
325	333	2	
331	333	-1	
326	334	2	
17	23	2	
82	84	2	
81	84	-1	
162	165	2	
165	173	-1	
168	173	-2	
168	175	1	
167	175	-1	
33	38	2	
34	38	2	
98	100	-2	
97	100	2	
386	389	2	
385	390	-3	
385	391	2	
434	438	-2	
435	438	2	
498	500	-2	
434	498	-2	
248	255	-2	
251	315	-1	
312	316	-2	
248	312	-1	
473	477	-2	
473	478	-2	
264	268	-4	
267	268	3	
265	269	3	
448	452	2	
449	453	1	
450	453	3	
235	299	-2	
297	302	-3	
233	297	-2	
440	447	1	
441	447	-2	
505	510	-3	
440	504	3	
491	494	-3	
57	60	-2	
59	61	-2	
145	148	2	
147	148	3	
211	215	1	
209	215	4	
337	341	-3	
338	342	-2	
336	342	3	
193	197	-1	
197	205	-2	
202	207	-2	
3	67	2	
0	64	-3	
250	314	1	
313	316	-1	
249	313	-1	
50	54	-3	
51	115	-2	
115	118	1	
50	114	1	
283	286	-1	
283	347	-3	
104	109	2	
106	111	-3	
96	103	-1	
305	310	1	
306	310	2	
306	370	-2	
370	375	-2	
305	369	-2	
24	28	3	
89	95	3	
24	88	3	
181	189	-3	
183	191	3	
178	183	4	
420	428	2	
425	429	-2	
421	429	-2	
417	421	-2	
195	259	1	
256	263	2	
192	256	-1	
9	12	2	
9	13	3	
392	397	-3	
402	406	-2	
398	406	2	
76	84	2	
80	85	-1	
77	85	1	
148	156	-3	
155	156	-1	
150	158	3	
433	436	2	
433	497	2	
356	364	-1	
354	359	-2	
404	412	2	
407	415	-3	
403	407	2	
297	303	1	
296	301	3	
378	380	2	
379	382	2	
161	225	2	
160	224	-3	
328	335	-1	
322	327	2	
133	141	2	
137	142	1	
134	142	1	
129	134	3	
505	509	2	
498	503	-3	
480	484	-2	
482	486	2	
483	486	1	
480	485	-4	
217	220	2	
218	220	-2	
216	222	-4	
216	221	-3	
290	293	1	
288	295	3	
465	470	3	
466	469	3	
273	276	-3	
275	276	-2	
274	278	-2	
49	53	-2	
49	113	-2	
113	117	-1	
48	112	-1	
170	173	2	
162	166	-2	
163	227	-2	
227	229	-4	
162	226	3	
237	245	-1	
240	245	2	
232	238	2	
391	399	2	
429	437	-1	
435	437	-1	
431	439	1	
203	267	-2	
266	271	1	
345	348	-2	
43	46	3	
121	124	-2	
194	196	-2	
257	260	2	
91	92	-2	
304	309	-3	
314	319	-1	
241	244	-4	
244	252	1	
247	255	-1	
74	79	-2	
75	139	-2	
74	138	1	
149	157	-1	
151	159	-1	
146	151	-3	
443	507	-1	
507	508	1	
410	413	-2	
414	422	-1	
34	37	-3	
34	39	-2	
320	325	-3	
320	326	1	
15	23	1	
8	15	-2	
67	69	-1	
131	132	2	
65	129	-2	
364	372	-2	
368	373	-2	
365	373	-2	
66	68	3	
453	461	2	
454	462	-1	
200	204	3	
210	212	1	
344	349	-1	
349	357	2	
353	357	3	
350	358	-2	
282	284	-1	
283	285	1	
81	86	3	
474	479	2	
473	479	-2	
472	478	-2	
488	494	2	
56	60	2	
186	191	1	
250	254	3	
186	250	1	
363	367	-3	
361	425	2	
18	20	-1	
20	28	1	
27	29	3	
21	29	-2	
18	21	-2	
329	332	-1	
128	135	1	
130	194	2	
192	197	3	
377	441	-2	
390	398	2	
179	180	2	
179	182	-2	
94	102	1	
75	76	1	
136	142	-2	
72	136	2	
336	400	2	
36	44	-2	
37	45	2	
8	12	1	
154	157	-2	
154	218	1	
152	216	1	
354	357	-2	
307	371	2	
369	374	2	
234	298	1	
209	212	2	
211	212	-1	
235	238	-2	
232	296	1	
266	269	2	
269	277	-2	
274	277	-1	
270	278	-2	
405	413	2	
406	414	1	
289	292	2	
435	436	2	
496	501	-2	
161	166	-2	
226	231	-1	
144	149	-1	
147	151	1	
73	78	2	
464	468	-2	
120	126	2	
112	119	1	
89	92	1	
97	103	-2	
107	110	2	
52	60	2	
55	63	-2	
268	276	-1	
271	279	1	
258	263	3	
374	382	2	
375	383	-1	
2	5	-1	
163	164	-1	
348	356	1	
351	359	-1	
153	158	1	
18	22	2	
83	84	-2	
195	199	2	
411	475	2	
475	476	1	
328	334	-2	
329	334	2	
393	397	-1	
424	430	2	
422	430	-2	
505	508	-3	
257	321	-3	
256	320	2	
171	175	-2	
240	247	2	
306	309	2	
240	304	1	
185	190	1	
249	252	1	
184	248	1	
337	340	-1	
339	343	-2	
113	177	2	
285	293	-2	
291	293	2	
291	294	-2	
286	294	-2	
51	52	-2	
49	54	2	
131	133	-1	
135	143	1	
40	46	-2	
42	106	-1	
40	104	-1	
27	30	-2	
426	431	-3	
11	13	-1	
74	77	1	
370	434	1	
369	433	1	
210	213	1	
144	208	-1	
409	412	-2	
408	472	-1	
403	467	-2	
418	421	-2	
223	231	-1	
300	308	1	
303	311	-2	
347	350	1	
281	345	-1	
267	270	1	
200	264	-1	
251	253	1	
386	388	2	
392	396	-1	
123	125	1	
123	187	1	
120	184	1	
504	511	2	
233	237	-1	
232	239	1	
322	325	-2	
323	327	1	
321	326	-2	
208	214	-1	
211	275	1	
330	335	2	
265	329	2	
481	485	1	
176	180	1	
112	176	2	
64	128	-1	
42	44	1	
72	77	1	
73	137	1	
147	150	-1	
0	4	2	
1	6	-1	
224	230	-1	
411	414	1	
346	410	1	
443	444	-2	
394	458	-2	
393	457	-2	
79	87	1	
289	353	-1	
110	118	-1	
387	388	1	
387	391	1	
384	390	1	
11	14	1	
10	15	1	
35	39	-1	
32	37	-1	
298	362	1	
297	361	-2	
217	222	-1	
426	490	2	
400	404	1	
203	205	-1	
202	206	-2	
177	181	2	
469	477	-2	
475	477	1	
470	478	-2	
171	173	-1	
468	476	-1	
471	479	1	
16	20	-2	
434	439	1	
281	287	-2	
279	287	-2	
272	279	-2	
482	487	-1	
234	237	-1	
229	237	2	
43	45	-1	
43	107	-1	
41	105	-1	
301	309	-1	
259	323	-1	
323	324	-2	
492	500	1	
495	503	-1	
185	188	2	
459	463	2	
154	158	2	
372	380	-1	
57	62	1	
85	93	-1	
88	93	1	
87	95	1	
506	510	1	
96	100	1	
25	29	1	
308	316	2	
310	318	-2	
75	78	1	
249	255	1	
130	133	-1	
256	261	1	
258	322	-2	
419	420	-1	
200	205	-1	
485	493	1	
486	494	2	
105	108	-1	
105	169	1	
432	437	1	
442	445	1	
265	271	1	
267	331	2	
4	12	-1	
5	13	-1	
458	460	-1	
456	462	-1	
451	455	-1	
187	190	1	
184	189	-1	
114	117	1	
121	127	1	
64	71	-1	
245	253	1	
246	254	-1	
200	207	1	
100	108	-1	
101	109	1	
99	101	1	
333	341	1	
335	343	1	
282	285	-1	
231	239	-1	
19	23	-1	
345	349	1	
38	46	-1	
39	47	-1	
379	443	-1	
213	221	-1	
214	222	1	
487	495	1	
170	174	1	
113	118	1	
91	155	1	
280	284	-1	
224	228	-1	
226	290	1	
440	446	-1	
239	247	-1	
259	260	-1	
299	363	-1	
138	202	1	
17	22	-1	
272	336	-1	
Energy:	-2124	
