NumberOfQubits	504	
NumberOfSubgraphs	420	
Serial	445	
PlantedSolution:	
0	1	
1	1	
2	-1	
3	1	
4	1	
5	-1	
6	1	
8	-1	
9	-1	
10	1	
11	-1	
12	-1	
13	1	
14	1	
15	1	
16	-1	
17	1	
18	1	
19	1	
20	-1	
21	1	
22	-1	
23	1	
24	1	
25	1	
26	1	
27	-1	
28	1	
29	1	
30	-1	
31	-1	
32	-1	
33	-1	
34	-1	
35	1	
36	1	
37	-1	
38	-1	
39	1	
40	-1	
41	1	
42	-1	
43	-1	
44	-1	
45	-1	
46	1	
47	1	
48	-1	
49	-1	
50	-1	
51	-1	
52	-1	
53	-1	
54	-1	
55	1	
56	-1	
57	1	
58	1	
59	1	
60	1	
61	-1	
62	-1	
63	1	
64	-1	
65	-1	
66	1	
67	-1	
68	-1	
69	1	
70	-1	
71	1	
72	-1	
73	-1	
74	-1	
75	-1	
76	1	
77	1	
78	1	
79	-1	
80	-1	
81	1	
82	-1	
83	1	
84	1	
85	1	
86	1	
87	1	
88	1	
89	1	
90	-1	
91	-1	
92	1	
93	-1	
94	1	
95	-1	
96	-1	
97	1	
98	-1	
99	-1	
100	-1	
101	1	
102	-1	
103	1	
104	-1	
105	-1	
106	1	
107	-1	
108	-1	
109	-1	
110	1	
111	-1	
112	1	
113	1	
114	1	
115	-1	
116	1	
117	-1	
118	-1	
119	1	
120	-1	
121	-1	
123	1	
124	1	
125	-1	
126	1	
127	1	
128	1	
129	1	
130	-1	
131	1	
132	1	
133	1	
134	1	
135	-1	
136	1	
137	-1	
138	-1	
139	-1	
141	-1	
142	-1	
143	-1	
144	-1	
145	1	
146	-1	
147	-1	
148	-1	
149	1	
150	1	
151	1	
152	-1	
153	1	
154	1	
155	1	
156	1	
157	1	
158	1	
159	-1	
160	1	
161	1	
162	-1	
163	1	
164	-1	
165	1	
166	1	
167	1	
168	-1	
169	-1	
170	-1	
171	1	
172	-1	
173	-1	
174	1	
175	-1	
176	1	
177	1	
178	1	
179	-1	
180	1	
181	1	
182	1	
183	1	
184	1	
185	-1	
186	-1	
187	1	
188	-1	
189	-1	
190	-1	
191	1	
192	1	
193	-1	
194	1	
195	-1	
196	-1	
197	1	
198	1	
199	-1	
200	-1	
201	-1	
202	-1	
203	-1	
204	1	
205	1	
206	-1	
207	1	
208	-1	
209	-1	
210	-1	
211	1	
212	1	
213	1	
214	-1	
215	1	
216	1	
217	1	
218	1	
219	-1	
220	1	
221	1	
222	-1	
223	1	
224	-1	
225	1	
226	-1	
227	-1	
228	-1	
229	-1	
230	-1	
231	1	
232	1	
233	-1	
234	-1	
235	-1	
236	-1	
237	-1	
238	1	
239	-1	
240	-1	
241	1	
242	-1	
243	-1	
244	1	
245	-1	
246	1	
247	-1	
248	1	
249	1	
250	-1	
251	1	
252	1	
253	-1	
254	-1	
255	-1	
256	-1	
257	-1	
258	1	
259	1	
260	-1	
261	1	
262	1	
263	1	
264	-1	
265	1	
266	-1	
267	-1	
268	1	
269	-1	
270	-1	
271	1	
272	1	
273	1	
274	-1	
275	-1	
276	-1	
277	1	
278	-1	
279	-1	
280	-1	
281	1	
282	-1	
283	-1	
284	-1	
285	-1	
286	1	
287	1	
288	-1	
289	1	
290	1	
291	1	
292	-1	
293	1	
294	-1	
295	-1	
296	-1	
297	-1	
298	-1	
299	1	
300	1	
301	1	
302	-1	
303	-1	
304	1	
305	1	
306	1	
307	-1	
308	-1	
309	-1	
310	1	
311	1	
312	-1	
313	-1	
314	-1	
315	-1	
316	1	
317	1	
318	-1	
319	1	
320	1	
321	1	
322	-1	
323	-1	
324	1	
325	1	
326	1	
327	-1	
328	1	
329	-1	
330	1	
331	-1	
332	-1	
333	-1	
334	-1	
335	1	
336	-1	
337	-1	
338	-1	
339	-1	
340	-1	
341	1	
342	-1	
343	1	
344	1	
345	1	
346	-1	
347	1	
348	1	
349	1	
350	-1	
351	-1	
352	1	
353	-1	
354	1	
355	1	
356	-1	
357	-1	
358	-1	
359	-1	
361	1	
362	-1	
363	1	
364	-1	
365	-1	
367	-1	
368	1	
369	-1	
370	1	
371	1	
372	-1	
373	-1	
374	-1	
375	1	
376	1	
377	1	
378	-1	
379	-1	
380	1	
382	1	
383	1	
384	-1	
385	1	
386	1	
387	-1	
388	1	
389	-1	
390	1	
391	-1	
392	-1	
393	-1	
394	1	
396	1	
397	1	
398	-1	
399	1	
400	1	
401	1	
402	-1	
403	1	
404	-1	
405	-1	
406	1	
407	-1	
408	1	
409	-1	
410	1	
411	1	
412	1	
413	-1	
414	1	
415	-1	
416	1	
417	1	
418	1	
419	-1	
420	-1	
421	-1	
422	-1	
424	1	
425	1	
426	-1	
427	1	
428	1	
429	1	
430	1	
431	1	
432	-1	
433	1	
434	1	
435	1	
436	1	
437	-1	
438	-1	
439	1	
440	1	
441	1	
442	1	
443	-1	
444	-1	
445	-1	
446	1	
447	-1	
448	-1	
449	1	
450	1	
451	-1	
452	-1	
453	1	
454	-1	
455	-1	
456	-1	
457	1	
458	-1	
459	1	
460	1	
461	-1	
462	1	
463	1	
464	1	
465	-1	
466	1	
467	1	
468	-1	
469	-1	
470	1	
471	1	
472	-1	
473	-1	
474	-1	
475	-1	
476	-1	
477	-1	
478	-1	
479	-1	
480	-1	
481	-1	
482	-1	
483	1	
484	1	
485	-1	
486	-1	
487	-1	
488	-1	
489	1	
490	-1	
491	1	
492	1	
493	-1	
494	1	
495	-1	
496	1	
497	-1	
498	-1	
499	1	
500	-1	
501	-1	
502	1	
503	-1	
504	1	
505	-1	
506	-1	
507	-1	
508	-1	
509	1	
510	1	
511	-1	
Js:	
168	173	-3	
169	173	-3	
169	233	-2	
233	239	-2	
232	239	-2	
168	232	2	
114	116	2	
115	116	2	
115	179	-2	
179	180	2	
178	180	-1	
114	178	-1	
208	213	4	
213	221	-2	
216	221	-2	
216	223	-2	
215	223	1	
208	215	2	
490	492	3	
491	492	-3	
491	493	-3	
488	493	-2	
488	495	-3	
490	495	-2	
1	4	-2	
3	4	4	
3	5	4	
0	5	3	
0	6	-3	
1	6	-5	
354	356	-2	
356	364	-1	
362	364	-5	
362	367	-2	
359	367	-2	
354	359	3	
89	95	-1	
91	95	-3	
91	155	3	
155	158	-2	
153	158	-2	
89	153	-1	
32	39	3	
35	39	-2	
35	99	-3	
99	102	-2	
96	102	-3	
32	96	-3	
16	20	-4	
17	20	3	
17	81	-1	
81	86	1	
80	86	3	
16	80	-1	
257	260	-3	
259	260	4	
259	263	-3	
256	263	3	
256	262	2	
257	262	2	
312	317	4	
314	317	2	
314	318	-5	
315	318	-2	
315	319	3	
312	319	-1	
193	196	-4	
196	204	1	
203	204	2	
203	205	-4	
197	205	-1	
193	197	2	
322	324	4	
323	324	1	
323	326	4	
320	326	3	
320	325	-2	
322	325	2	
401	404	-3	
402	404	-2	
402	466	2	
466	471	-2	
465	471	4	
401	465	2	
337	340	-2	
338	340	-2	
338	341	-2	
336	341	1	
336	342	-3	
337	342	-3	
368	372	-3	
372	380	2	
379	380	2	
379	382	3	
374	382	2	
368	374	3	
264	270	-2	
266	270	-1	
266	330	-2	
330	335	-2	
328	335	-1	
264	328	3	
456	460	2	
460	468	2	
467	468	-4	
467	469	5	
461	469	-2	
456	461	-1	
241	244	-3	
242	244	3	
242	246	-1	
243	246	2	
243	247	-3	
241	247	2	
73	77	-1	
75	77	1	
75	139	-2	
139	141	-3	
137	141	-4	
73	137	-1	
416	420	2	
417	420	3	
417	481	2	
481	485	-2	
480	485	-4	
416	480	-5	
474	476	-2	
475	476	-1	
475	477	-4	
473	477	-5	
473	478	1	
474	478	-2	
128	132	-3	
130	132	3	
130	135	-2	
129	135	3	
129	134	-3	
128	134	2	
18	22	-2	
19	22	3	
19	83	-1	
83	87	-2	
82	87	1	
18	82	1	
64	68	-1	
65	68	-1	
65	70	-3	
67	70	-2	
67	71	-3	
64	71	3	
49	52	-2	
51	52	-3	
51	53	-2	
48	53	-3	
48	55	3	
49	55	-3	
56	60	3	
59	60	-3	
59	61	2	
58	61	3	
58	63	-1	
56	63	-5	
424	428	-2	
427	428	-3	
427	429	-1	
426	429	3	
426	431	2	
424	431	2	
186	188	-2	
187	188	3	
187	191	-2	
184	191	-5	
184	189	-2	
186	189	-3	
449	452	3	
451	452	-2	
451	454	-2	
448	454	1	
448	453	3	
449	453	-3	
273	277	-2	
274	277	-2	
274	278	-3	
272	278	2	
272	279	2	
273	279	2	
345	348	-4	
347	348	-3	
347	349	-3	
346	349	-2	
346	350	-3	
345	350	1	
9	12	-2	
10	12	2	
10	13	-3	
8	13	1	
8	14	-3	
9	14	4	
283	284	-2	
284	292	-1	
288	292	-4	
288	294	2	
286	294	2	
283	286	2	
506	508	1	
507	508	-4	
507	509	3	
505	509	2	
505	511	-3	
506	511	-4	
226	228	1	
227	228	-4	
227	230	-2	
225	230	3	
225	231	-3	
226	231	3	
297	300	2	
299	300	2	
299	303	4	
296	303	-1	
296	301	4	
297	301	1	
105	108	-1	
106	108	1	
106	110	-2	
107	110	3	
107	109	1	
105	109	-3	
433	438	1	
435	438	3	
435	499	2	
499	503	1	
497	503	-4	
433	497	2	
25	29	-4	
27	29	4	
27	30	1	
24	30	2	
24	31	2	
25	31	2	
408	412	-3	
410	412	-2	
410	415	2	
411	415	3	
411	413	2	
408	413	-1	
305	308	1	
306	308	3	
306	310	-3	
304	310	-3	
304	309	4	
305	309	-2	
392	396	4	
394	396	-2	
394	398	2	
393	398	-2	
393	399	3	
392	399	-2	
161	164	3	
163	164	-3	
163	167	-3	
160	167	-2	
160	166	-3	
161	166	-1	
250	252	3	
251	252	-3	
251	255	3	
248	255	4	
248	254	-1	
250	254	-2	
441	445	1	
443	445	-4	
443	447	-3	
440	447	2	
440	446	-4	
441	446	3	
384	389	-1	
385	389	3	
385	390	-1	
386	390	3	
386	391	4	
384	391	-2	
41	44	3	
42	44	-3	
42	47	-3	
43	47	3	
43	46	4	
41	46	-3	
265	268	1	
267	268	2	
267	331	-2	
331	333	-2	
329	333	-3	
265	329	3	
170	172	-2	
171	172	3	
171	235	-1	
235	238	2	
234	238	2	
170	234	-1	
210	212	2	
212	220	-2	
218	220	-3	
218	222	-1	
214	222	-3	
210	214	-1	
144	148	-2	
145	148	2	
145	149	-2	
147	149	-1	
147	150	2	
144	150	2	
112	117	2	
113	117	-2	
113	177	-2	
177	183	-3	
176	183	-3	
112	176	-1	
120	125	-2	
121	125	-3	
121	127	4	
123	127	-3	
123	126	-2	
120	126	-1	
289	295	3	
291	295	2	
291	355	-2	
355	357	2	
353	357	1	
289	353	3	
88	93	2	
90	93	-3	
90	154	2	
154	157	-3	
152	157	-2	
88	152	2	
33	37	2	
34	37	-4	
34	98	-2	
98	100	-3	
97	100	3	
33	97	2	
72	79	-3	
74	79	-2	
74	138	1	
138	142	-3	
136	142	4	
72	136	2	
194	198	-1	
198	206	2	
200	206	-2	
200	207	-2	
199	207	2	
194	199	2	
432	439	3	
434	439	2	
434	498	2	
498	500	-1	
496	500	3	
432	496	2	
418	421	-3	
419	421	-2	
419	483	4	
483	486	3	
482	486	-3	
418	482	1	
336	343	2	
339	343	3	
339	403	1	
403	405	-2	
400	405	2	
336	400	1	
280	284	-2	
282	284	-2	
282	285	-3	
281	285	3	
281	287	2	
280	287	3	
369	372	1	
370	372	1	
370	375	-4	
371	375	-3	
371	373	2	
369	373	-2	
457	462	-3	
462	470	-1	
464	470	-4	
464	471	-3	
463	471	1	
457	463	-2	
377	383	-3	
378	383	2	
378	442	2	
442	444	3	
441	444	-2	
377	441	-3	
361	365	2	
363	365	-4	
363	427	-1	
427	430	-1	
425	430	-2	
361	425	-2	
146	148	-1	
148	156	-4	
152	156	2	
152	159	-1	
151	159	3	
146	151	3	
240	245	-3	
245	253	-2	
249	253	3	
249	254	4	
246	254	-2	
240	246	3	
26	28	-3	
28	36	-2	
35	36	-2	
35	38	2	
30	38	-3	
26	30	-2	
104	110	1	
110	118	1	
112	118	2	
112	119	-1	
111	119	2	
104	111	2	
179	181	-3	
181	189	2	
185	189	-1	
185	190	-4	
182	190	1	
179	182	2	
11	13	2	
13	21	2	
18	21	-3	
18	23	-3	
15	23	-2	
11	15	2	
128	133	2	
131	133	-3	
131	195	3	
195	199	-2	
192	199	3	
128	192	-2	
321	327	1	
323	327	-3	
323	387	-1	
387	388	1	
385	388	-2	
321	385	1	
258	261	-2	
261	269	2	
266	269	-2	
266	271	3	
263	271	1	
258	263	-2	
50	53	-1	
53	61	-3	
57	61	2	
57	62	3	
54	62	-2	
50	54	1	
489	493	2	
493	501	2	
496	501	3	
496	502	-2	
494	502	-1	
489	494	-3	
288	293	2	
290	293	2	
290	354	-2	
354	358	1	
352	358	2	
288	352	1	
472	476	-4	
476	484	3	
481	484	3	
481	487	1	
479	487	-4	
472	479	-3	
209	212	1	
211	212	-3	
211	275	3	
275	276	-2	
273	276	2	
209	273	-3	
344	351	3	
345	351	-1	
345	409	1	
409	414	3	
408	414	-2	
344	408	-2	
160	165	-2	
162	165	4	
162	226	-2	
226	229	1	
224	229	-3	
160	224	2	
307	308	-2	
308	316	3	
313	316	3	
313	319	2	
311	319	2	
307	311	4	
2	5	-3	
2	66	1	
66	69	-2	
64	69	2	
0	64	-2	
232	236	2	
234	236	-2	
234	298	-2	
298	302	2	
296	302	-2	
232	296	2	
80	84	1	
84	92	-3	
89	92	-3	
89	94	-3	
86	94	2	
450	452	-1	
452	460	3	
459	460	-3	
459	463	-2	
455	463	3	
450	455	3	
137	143	-2	
138	143	-2	
138	202	-2	
202	206	-2	
201	206	-2	
137	201	-2	
96	101	2	
98	101	3	
98	103	2	
99	103	2	
217	220	1	
219	220	3	
219	221	2	
216	222	2	
217	222	2	
328	332	2	
332	340	-2	
338	342	3	
334	342	-2	
328	334	2	
163	166	1	
166	174	-3	
171	174	-2	
171	175	2	
167	175	2	
403	406	-1	
406	414	1	
411	414	-4	
407	415	-3	
403	407	2	
393	397	2	
394	397	-4	
394	458	2	
458	461	-3	
457	461	2	
393	457	2	
504	508	-3	
507	510	3	
505	510	1	
504	509	-2	
432	436	2	
434	436	1	
434	438	3	
435	437	1	
432	437	-2	
40	44	-2	
43	45	2	
40	45	-3	
73	76	2	
75	76	-2	
75	79	-3	
74	78	3	
73	78	2	
233	237	-2	
237	245	-2	
241	245	-2	
239	247	-2	
81	84	-2	
90	92	2	
85	93	-2	
81	85	-2	
378	380	-2	
376	382	-3	
376	383	-3	
120	124	3	
121	124	1	
123	125	-1	
416	422	2	
419	422	-2	
483	485	2	
107	108	-2	
108	116	1	
114	119	-1	
107	111	-2	
264	268	-1	
268	276	2	
272	276	3	
270	278	-1	
333	341	2	
337	341	3	
337	343	2	
335	343	-2	
329	335	2	
400	407	-1	
402	407	-3	
466	470	-4	
400	464	-1	
187	251	-2	
184	248	2	
256	261	3	
257	261	2	
257	321	2	
321	326	-2	
256	320	1	
66	68	3	
67	68	-2	
67	69	2	
65	69	2	
66	70	2	
177	181	-1	
178	181	-3	
178	182	1	
176	182	-2	
144	149	3	
145	209	-1	
209	213	2	
144	208	-1	
24	28	-2	
27	28	2	
27	31	-2	
26	31	2	
26	29	-1	
24	29	2	
396	404	1	
401	406	-2	
398	406	2	
392	398	-2	
309	317	-2	
310	318	1	
58	60	-1	
58	62	3	
59	62	2	
59	63	-2	
8	12	-3	
12	20	-1	
16	22	-1	
14	22	1	
442	446	-2	
442	506	1	
504	511	2	
440	504	1	
289	293	-3	
291	293	2	
355	356	2	
353	356	-2	
133	141	3	
139	143	-2	
135	143	3	
131	135	2	
384	388	3	
386	388	-2	
386	450	-1	
448	455	3	
384	448	-2	
50	52	-2	
50	55	3	
51	55	-1	
51	54	-3	
49	54	-3	
297	302	-3	
298	362	-1	
361	364	4	
297	361	1	
282	287	1	
280	286	-2	
281	286	-2	
224	228	-1	
225	228	3	
225	229	-1	
227	229	-2	
227	231	2	
224	231	2	
497	500	-2	
499	500	4	
499	502	-2	
498	502	4	
498	503	1	
478	486	-2	
482	487	3	
474	479	-1	
344	348	-1	
347	351	2	
346	351	-3	
344	349	-2	
106	109	2	
106	170	3	
170	175	-3	
169	175	-2	
105	169	-2	
162	164	-1	
164	172	1	
168	172	-2	
165	173	2	
424	429	-2	
425	429	-1	
425	489	-1	
489	492	2	
488	492	1	
424	488	2	
33	36	2	
34	36	-2	
32	37	-2	
33	39	3	
153	157	2	
154	218	-2	
218	223	-2	
217	223	-3	
153	217	-1	
370	373	2	
371	374	2	
369	374	-2	
369	375	-1	
210	215	4	
211	215	-1	
275	277	3	
210	274	-3	
194	197	-1	
195	197	3	
195	259	2	
258	260	-2	
194	258	-1	
201	205	3	
203	267	-1	
267	271	1	
265	271	-2	
201	265	1	
82	85	3	
83	85	1	
83	147	3	
147	151	3	
82	146	-3	
186	190	-2	
186	250	2	
250	253	-3	
185	249	2	
433	437	2	
437	445	-2	
439	447	-2	
433	439	-1	
420	428	2	
426	428	2	
426	430	2	
422	430	-1	
417	422	2	
290	292	2	
292	300	3	
295	303	-1	
290	295	2	
352	357	3	
357	365	-1	
363	367	3	
352	359	1	
243	244	2	
243	307	-2	
306	311	-2	
242	306	-1	
387	389	-3	
387	451	-3	
451	453	2	
385	449	2	
130	134	3	
130	194	2	
194	196	-3	
129	193	1	
88	95	3	
152	158	3	
19	21	-2	
19	23	-1	
10	15	-3	
324	332	1	
330	332	3	
327	335	-1	
322	327	-3	
312	316	2	
313	377	2	
312	376	-2	
2	6	2	
409	412	-3	
411	412	-1	
411	475	1	
409	473	-2	
202	207	1	
136	200	1	
96	100	1	
97	101	-2	
97	103	-2	
96	103	1	
235	236	-3	
235	237	-2	
233	238	-2	
232	238	-2	
40	47	3	
42	106	1	
104	109	-3	
40	104	-2	
112	116	-2	
113	116	-2	
113	118	1	
115	118	1	
115	117	-2	
72	76	-2	
74	77	3	
72	77	2	
458	460	1	
490	493	-1	
491	495	2	
489	495	2	
490	494	4	
410	413	4	
413	421	-1	
418	422	2	
414	422	1	
410	414	-1	
386	389	-2	
389	397	3	
394	399	-2	
391	399	3	
323	325	1	
325	333	1	
331	334	3	
326	334	1	
450	454	2	
454	462	3	
459	462	2	
131	132	-3	
195	198	-1	
192	198	-2	
154	156	-1	
156	164	-1	
161	167	-1	
159	167	1	
154	159	2	
498	501	2	
501	509	2	
502	510	-1	
11	12	-4	
11	14	2	
9	15	1	
8	15	-2	
291	294	2	
287	295	1	
283	287	-1	
433	436	-2	
436	444	2	
443	444	1	
172	180	-2	
177	180	-1	
177	182	-2	
174	182	-2	
265	269	2	
269	277	1	
275	279	1	
271	279	2	
305	369	2	
368	373	2	
304	368	-2	
221	229	2	
224	230	-2	
222	230	-1	
219	222	1	
81	87	-3	
145	150	-2	
81	145	1	
48	52	1	
52	60	1	
57	60	-2	
349	357	3	
350	358	-3	
344	350	-1	
200	204	3	
204	212	-1	
211	214	3	
206	214	1	
25	30	2	
34	38	-1	
34	39	1	
31	39	-2	
184	188	3	
185	188	-1	
249	252	-2	
248	252	-2	
123	124	-3	
121	126	-3	
120	127	2	
401	405	2	
403	467	-1	
465	469	-2	
483	484	1	
483	487	2	
339	341	2	
338	343	3	
315	316	2	
314	319	2	
91	92	-2	
91	93	-2	
90	94	3	
41	45	3	
236	244	-1	
240	244	1	
238	246	-1	
258	262	-2	
65	71	2	
299	301	-3	
297	303	-2	
16	21	3	
17	22	3	
17	23	-3	
16	23	1	
427	431	-3	
425	431	2	
424	430	-2	
384	390	2	
387	390	-2	
456	462	1	
392	456	-2	
442	447	2	
264	269	-2	
376	380	-2	
35	37	1	
29	37	1	
305	311	2	
305	310	-2	
202	204	3	
203	207	1	
201	207	2	
202	205	-1	
218	282	-2	
216	280	1	
234	237	-1	
240	247	1	
234	239	-2	
176	180	-3	
178	183	-2	
404	412	-1	
408	415	2	
499	501	-1	
497	501	-2	
496	503	2	
100	108	-2	
102	110	-2	
97	102	1	
409	413	-1	
410	474	1	
474	477	2	
169	174	-1	
162	166	2	
155	156	-1	
155	159	2	
144	151	1	
139	142	2	
505	508	-2	
506	510	3	
504	510	-2	
482	484	2	
484	492	-1	
486	494	-1	
289	294	1	
290	294	2	
353	359	2	
321	324	-2	
320	327	2	
321	325	2	
187	189	2	
51	115	1	
115	119	2	
113	119	-1	
49	113	2	
209	215	2	
273	278	1	
283	285	-2	
283	347	-1	
281	345	-1	
464	468	1	
466	468	2	
465	470	-1	
362	365	-1	
361	367	1	
226	230	3	
416	421	2	
417	421	1	
88	94	-1	
87	95	3	
80	87	1	
129	133	-1	
371	435	1	
370	434	-1	
298	300	2	
298	301	-1	
293	301	-1	
146	149	2	
149	157	-2	
150	158	-3	
146	150	1	
57	63	-2	
193	198	2	
2	4	2	
1	5	2	
105	111	-2	
168	175	-1	
104	168	-1	
74	76	1	
76	84	-2	
82	84	-1	
77	85	-1	
114	117	2	
117	125	-2	
118	126	2	
114	118	3	
260	268	1	
267	270	-3	
262	270	-2	
355	358	-2	
355	359	1	
351	359	-1	
397	405	-1	
400	406	-3	
275	339	1	
339	340	-2	
336	340	-2	
272	336	1	
36	44	2	
42	45	-1	
37	45	-2	
418	420	2	
421	429	1	
379	383	2	
379	443	-1	
443	446	1	
217	221	-2	
208	214	1	
99	163	2	
97	161	-2	
251	315	1	
315	317	2	
248	312	-1	
427	491	-1	
66	71	-1	
66	130	1	
64	128	1	
449	454	2	
385	391	1	
187	190	3	
185	191	-2	
475	478	-2	
472	478	-3	
242	247	-2	
241	246	1	
50	114	-1	
48	112	2	
32	38	-2	
99	101	2	
329	332	-1	
330	334	1	
331	335	2	
9	13	-2	
458	463	2	
456	463	-2	
378	382	-2	
376	440	-2	
67	131	-1	
129	132	-1	
65	129	1	
155	157	1	
155	219	1	
170	174	-1	
352	356	-2	
355	419	1	
352	416	-1	
192	197	1	
259	261	-1	
192	256	1	
272	277	-1	
277	285	-1	
280	285	-1	
279	287	2	
59	123	-1	
56	120	-2	
83	84	-1	
83	86	-2	
78	86	-1	
75	78	2	
48	54	1	
296	300	-1	
298	303	-2	
266	268	-1	
467	470	-2	
346	348	-1	
347	350	2	
345	349	-2	
307	310	-1	
307	371	1	
304	308	1	
481	486	-2	
320	324	-2	
104	108	-1	
101	109	-1	
400	404	2	
403	404	1	
401	407	-1	
42	46	2	
88	92	-2	
89	93	-1	
203	206	-1	
200	205	1	
230	238	-1	
231	239	1	
450	453	-1	
451	455	-1	
328	333	-2	
208	212	-1	
435	436	-2	
354	418	-2	
353	417	2	
491	494	-1	
9	73	-1	
73	79	-1	
8	72	-1	
267	269	-1	
80	85	1	
80	144	1	
313	318	-2	
314	378	-2	
377	380	-2	
180	188	1	
176	181	1	
0	4	-2	
3	6	-2	
106	111	1	
107	171	-2	
138	141	-2	
137	142	-1	
364	372	-2	
365	373	-2	
228	236	-1	
229	237	1	
219	223	1	
219	283	-2	
281	284	-1	
217	281	-1	
33	38	-1	
429	437	2	
432	438	1	
430	438	2	
473	479	-2	
390	398	2	
18	20	-1	
19	20	1	
69	77	-2	
70	78	2	
64	70	1	
440	444	2	
441	447	1	
442	445	2	
440	445	1	
193	199	1	
251	253	-2	
250	255	-1	
459	461	1	
178	242	2	
242	245	-1	
177	241	-1	
147	148	-1	
153	156	-1	
153	159	1	
367	375	2	
388	396	-2	
393	396	-1	
495	503	-1	
98	102	-2	
105	110	1	
103	111	1	
294	302	-1	
116	124	1	
119	127	-1	
402	405	-2	
405	413	1	
282	286	1	
282	346	-1	
280	344	1	
257	263	1	
258	322	1	
216	220	1	
265	270	1	
329	334	-1	
1	65	1	
25	28	1	
362	426	-1	
278	286	1	
274	279	-1	
10	14	-2	
192	196	-1	
503	511	1	
99	100	-1	
163	165	1	
161	165	-1	
465	468	-1	
134	142	2	
136	143	1	
202	266	-1	
264	271	1	
200	264	1	
315	379	-2	
241	305	-1	
68	76	1	
453	461	-1	
38	46	1	
39	47	-1	
288	295	-1	
428	436	1	
435	439	-1	
431	439	-1	
235	239	-1	
235	299	1	
331	332	1	
402	406	1	
306	370	-1	
370	374	-1	
223	231	1	
506	509	1	
274	276	1	
208	272	1	
250	314	1	
249	313	1	
160	164	1	
162	167	1	
41	105	-1	
168	174	1	
91	94	-1	
233	236	1	
233	297	-1	
139	203	-1	
209	214	-1	
179	243	-1	
434	437	-1	
71	79	1	
82	86	-1	
348	356	1	
57	121	1	
477	485	-1	
482	485	-1	
371	372	-1	
339	342	-1	
195	196	-1	
43	44	-1	
44	52	-1	
45	53	-1	
448	452	-1	
457	460	-1	
186	191	1	
464	469	1	
27	91	-1	
25	89	-1	
251	254	1	
347	411	1	
419	420	-1	
480	486	-1	
130	133	-1	
Energy:	-1730	
