NumberOfQubits	504	
NumberOfSubgraphs	504	
Serial	300	
PlantedSolution:	
0	1	
1	-1	
2	-1	
3	1	
4	1	
5	-1	
6	1	
8	-1	
9	-1	
10	-1	
11	-1	
12	1	
13	1	
14	-1	
15	-1	
16	-1	
17	1	
18	-1	
19	1	
20	1	
21	-1	
22	1	
23	-1	
24	1	
25	1	
26	1	
27	-1	
28	1	
29	1	
30	-1	
31	1	
32	1	
33	1	
34	-1	
35	-1	
36	1	
37	1	
38	-1	
39	1	
40	1	
41	1	
42	-1	
43	1	
44	1	
45	-1	
46	-1	
47	-1	
48	1	
49	-1	
50	-1	
51	1	
52	1	
53	-1	
54	1	
55	-1	
56	-1	
57	-1	
58	-1	
59	1	
60	-1	
61	-1	
62	-1	
63	-1	
64	1	
65	-1	
66	-1	
67	-1	
68	1	
69	1	
70	-1	
71	1	
72	1	
73	1	
74	1	
75	1	
76	1	
77	-1	
78	1	
79	1	
80	-1	
81	1	
82	1	
83	-1	
84	-1	
85	-1	
86	-1	
87	-1	
88	1	
89	1	
90	1	
91	1	
92	1	
93	-1	
94	-1	
95	1	
96	1	
97	-1	
98	-1	
99	-1	
100	-1	
101	-1	
102	1	
103	1	
104	1	
105	1	
106	-1	
107	-1	
108	-1	
109	-1	
110	1	
111	1	
112	-1	
113	1	
114	-1	
115	1	
116	-1	
117	-1	
118	1	
119	1	
120	1	
121	1	
123	-1	
124	1	
125	1	
126	1	
127	1	
128	1	
129	-1	
130	1	
131	1	
132	1	
133	1	
134	-1	
135	1	
136	-1	
137	1	
138	1	
139	-1	
141	1	
142	-1	
143	1	
144	-1	
145	-1	
146	1	
147	1	
148	1	
149	-1	
150	1	
151	-1	
152	-1	
153	1	
154	1	
155	1	
156	1	
157	-1	
158	1	
159	1	
160	-1	
161	1	
162	-1	
163	1	
164	-1	
165	-1	
166	1	
167	1	
168	1	
169	1	
170	-1	
171	-1	
172	1	
173	-1	
174	1	
175	1	
176	1	
177	-1	
178	1	
179	-1	
180	1	
181	1	
182	1	
183	1	
184	-1	
185	-1	
186	-1	
187	-1	
188	-1	
189	-1	
190	-1	
191	-1	
192	1	
193	-1	
194	1	
195	-1	
196	1	
197	1	
198	-1	
199	-1	
200	-1	
201	1	
202	1	
203	-1	
204	1	
205	-1	
206	1	
207	-1	
208	-1	
209	-1	
210	1	
211	-1	
212	-1	
213	1	
214	-1	
215	1	
216	1	
217	1	
218	1	
219	1	
220	-1	
221	-1	
222	1	
223	-1	
224	-1	
225	1	
226	-1	
227	1	
228	-1	
229	-1	
230	1	
231	1	
232	1	
233	1	
234	1	
235	-1	
236	1	
237	-1	
238	1	
239	-1	
240	-1	
241	1	
242	-1	
243	-1	
244	1	
245	1	
246	-1	
247	1	
248	-1	
249	-1	
250	-1	
251	-1	
252	-1	
253	-1	
254	1	
255	1	
256	-1	
257	-1	
258	1	
259	-1	
260	1	
261	1	
262	-1	
263	1	
264	1	
265	-1	
266	-1	
267	1	
268	-1	
269	-1	
270	1	
271	1	
272	-1	
273	-1	
274	1	
275	1	
276	1	
277	1	
278	-1	
279	-1	
280	1	
281	1	
282	-1	
283	-1	
284	-1	
285	1	
286	-1	
287	1	
288	1	
289	-1	
290	1	
291	1	
292	1	
293	-1	
294	-1	
295	-1	
296	1	
297	1	
298	1	
299	1	
300	-1	
301	-1	
302	-1	
303	-1	
304	-1	
305	1	
306	1	
307	-1	
308	1	
309	-1	
310	1	
311	1	
312	-1	
313	-1	
314	1	
315	1	
316	1	
317	-1	
318	-1	
319	1	
320	-1	
321	1	
322	-1	
323	-1	
324	1	
325	-1	
326	1	
327	1	
328	1	
329	1	
330	1	
331	1	
332	1	
333	1	
334	1	
335	-1	
336	-1	
337	1	
338	-1	
339	-1	
340	1	
341	-1	
342	1	
343	1	
344	-1	
345	1	
346	1	
347	1	
348	1	
349	-1	
350	1	
351	-1	
352	-1	
353	1	
354	-1	
355	-1	
356	1	
357	-1	
358	-1	
359	1	
361	-1	
362	1	
363	-1	
364	1	
365	-1	
367	-1	
368	-1	
369	1	
370	1	
371	-1	
372	-1	
373	-1	
374	-1	
375	-1	
376	1	
377	-1	
378	1	
379	-1	
380	-1	
382	1	
383	1	
384	-1	
385	-1	
386	-1	
387	-1	
388	1	
389	1	
390	-1	
391	1	
392	1	
393	-1	
394	1	
396	1	
397	-1	
398	1	
399	-1	
400	-1	
401	-1	
402	-1	
403	1	
404	1	
405	-1	
406	-1	
407	-1	
408	1	
409	-1	
410	-1	
411	-1	
412	-1	
413	-1	
414	-1	
415	-1	
416	-1	
417	1	
418	-1	
419	1	
420	1	
421	-1	
422	-1	
424	-1	
425	1	
426	1	
427	1	
428	1	
429	-1	
430	1	
431	-1	
432	1	
433	-1	
434	-1	
435	1	
436	1	
437	-1	
438	-1	
439	-1	
440	-1	
441	-1	
442	1	
443	1	
444	-1	
445	1	
446	-1	
447	1	
448	-1	
449	-1	
450	-1	
451	-1	
452	-1	
453	-1	
454	1	
455	1	
456	-1	
457	-1	
458	1	
459	1	
460	1	
461	-1	
462	1	
463	-1	
464	-1	
465	-1	
466	1	
467	-1	
468	1	
469	1	
470	-1	
471	1	
472	1	
473	-1	
474	1	
475	1	
476	1	
477	-1	
478	-1	
479	-1	
480	-1	
481	1	
482	1	
483	1	
484	1	
485	1	
486	1	
487	1	
488	1	
489	-1	
490	1	
491	-1	
492	-1	
493	1	
494	1	
495	1	
496	1	
497	-1	
498	1	
499	1	
500	1	
501	-1	
502	1	
503	1	
504	1	
505	1	
506	-1	
507	-1	
508	1	
509	1	
510	-1	
511	-1	
Js:	
74	78	-2	
78	86	3	
80	86	-2	
80	87	-3	
79	87	-1	
74	79	-2	
489	492	-3	
491	492	-3	
491	495	2	
490	495	2	
490	494	-3	
489	494	4	
248	254	5	
250	254	2	
250	314	2	
314	317	-3	
312	317	-3	
248	312	-2	
160	165	-2	
162	165	-4	
162	226	-2	
226	229	-3	
224	229	3	
160	224	-2	
442	447	-2	
443	447	-3	
443	507	1	
507	508	4	
506	508	-3	
442	506	2	
11	12	-1	
12	20	-2	
18	20	4	
18	23	-2	
15	23	-2	
11	15	-3	
352	357	-4	
354	357	-3	
354	358	1	
353	358	5	
353	359	-2	
352	359	2	
472	476	-3	
476	484	-2	
481	484	-2	
481	485	-2	
477	485	2	
472	477	-4	
144	150	4	
150	158	-2	
154	158	-3	
154	159	-3	
151	159	1	
144	151	4	
232	239	2	
234	239	2	
234	298	-2	
298	302	4	
296	302	-2	
232	296	-3	
137	143	-3	
138	143	-2	
138	202	-3	
202	204	-4	
201	204	-2	
137	201	2	
402	405	-2	
405	413	2	
408	413	4	
408	415	3	
407	415	-2	
402	407	-3	
128	132	-4	
130	132	-3	
130	135	-2	
129	135	4	
129	133	-4	
128	133	-2	
392	396	-4	
394	396	-2	
394	458	-2	
458	461	3	
456	461	-3	
392	456	-1	
280	285	-2	
281	285	-4	
281	286	3	
282	286	-2	
282	287	4	
280	287	-4	
386	388	3	
387	388	1	
387	451	-3	
451	455	5	
450	455	5	
386	450	2	
272	277	4	
275	277	-5	
275	278	3	
274	278	-3	
274	279	3	
272	279	-4	
120	124	-3	
123	124	-4	
123	187	-1	
187	188	-2	
184	188	-3	
120	184	2	
344	349	-4	
347	349	3	
347	350	-3	
345	350	-2	
345	351	3	
344	351	2	
465	468	4	
467	468	4	
467	471	3	
466	471	3	
466	469	-4	
465	469	3	
208	212	-4	
212	220	-3	
216	220	-3	
216	222	-2	
214	222	3	
208	214	-4	
32	39	-3	
35	39	-4	
35	99	-3	
99	100	-2	
96	100	3	
32	96	-3	
256	260	-3	
257	260	3	
257	262	-4	
258	262	3	
258	263	-4	
256	263	3	
168	172	-2	
169	172	-3	
169	173	2	
170	173	-4	
170	174	3	
168	174	2	
361	364	-5	
363	364	1	
363	427	1	
427	429	5	
425	429	3	
361	425	1	
331	332	-2	
332	340	1	
338	340	2	
338	343	3	
335	343	2	
331	335	3	
305	308	-2	
306	308	-3	
306	370	-3	
370	375	-1	
369	375	2	
305	369	-1	
368	373	-4	
371	373	-3	
371	435	-1	
435	437	2	
432	437	3	
368	432	3	
25	29	-3	
26	29	-2	
26	30	1	
24	30	-2	
24	31	-3	
25	31	-3	
177	183	4	
178	183	-2	
178	242	1	
242	246	-4	
241	246	-2	
177	241	1	
104	110	-3	
110	118	1	
115	118	-2	
115	119	-3	
111	119	-1	
104	111	-2	
288	292	-2	
289	292	-1	
289	294	-3	
291	294	2	
291	295	2	
288	295	5	
192	197	-3	
195	197	3	
195	198	-2	
193	198	-2	
193	199	-3	
192	199	2	
200	207	-4	
203	207	-2	
203	267	1	
267	270	-2	
264	270	-4	
200	264	-1	
48	52	-3	
49	52	4	
49	55	-2	
50	55	3	
50	54	2	
48	54	-3	
416	420	4	
417	420	1	
417	421	4	
418	421	-3	
418	422	-1	
416	422	-5	
323	325	-4	
325	333	-2	
328	333	-4	
328	334	-3	
326	334	-4	
323	326	1	
385	390	-2	
390	398	3	
393	398	3	
393	399	-2	
391	399	4	
385	391	-1	
65	69	2	
67	69	4	
67	71	3	
64	71	3	
64	70	3	
65	70	-3	
498	501	2	
501	509	2	
504	509	-4	
504	511	4	
503	511	-2	
498	503	-3	
376	380	3	
378	380	3	
378	382	-1	
379	382	4	
379	383	-2	
376	383	-3	
33	36	-1	
36	44	3	
42	44	2	
42	45	-2	
37	45	2	
33	37	-2	
90	93	4	
91	93	1	
91	95	3	
89	95	-3	
89	94	2	
90	94	3	
240	244	2	
244	252	3	
249	252	-5	
249	253	2	
245	253	4	
240	245	3	
107	108	3	
108	116	-1	
114	116	-4	
114	117	-4	
109	117	-1	
107	109	-3	
0	4	-4	
1	4	4	
1	6	2	
3	6	-4	
3	5	-4	
0	5	2	
9	13	-2	
13	21	2	
19	21	4	
19	22	-4	
14	22	2	
9	14	-3	
153	156	-2	
155	156	-2	
155	219	-2	
219	223	3	
217	223	2	
153	217	-3	
56	60	-4	
59	60	2	
59	61	2	
58	61	-4	
58	62	-3	
56	62	3	
426	430	-3	
430	438	2	
433	438	-4	
433	439	-2	
431	439	2	
426	431	3	
227	228	3	
228	236	3	
233	236	3	
233	238	-3	
230	238	-2	
227	230	-3	
145	149	5	
146	149	2	
146	210	-2	
210	215	-4	
209	215	2	
145	209	-1	
72	76	-3	
76	84	2	
83	84	-3	
83	85	-3	
77	85	2	
72	77	3	
304	310	4	
310	318	-2	
315	318	2	
315	319	-4	
311	319	-2	
304	311	3	
337	341	3	
339	341	-2	
339	403	2	
403	406	-1	
401	406	-3	
337	401	2	
474	478	-4	
478	486	2	
480	486	3	
480	487	4	
479	487	2	
474	479	3	
179	181	3	
181	189	2	
186	189	-3	
186	190	-4	
182	190	2	
179	182	-3	
449	452	-3	
452	460	-1	
459	460	-2	
459	462	-4	
454	462	-3	
449	454	4	
161	164	2	
163	164	6	
163	166	3	
160	166	3	
160	167	3	
161	167	-3	
320	324	3	
321	324	-3	
321	326	-4	
322	326	-3	
322	327	2	
320	327	3	
41	45	3	
43	45	2	
43	47	4	
40	47	-2	
40	46	3	
41	46	2	
265	269	-2	
266	269	-3	
266	330	-2	
330	335	2	
329	335	2	
265	329	2	
409	414	-3	
411	414	-4	
411	475	-3	
475	478	1	
473	478	-3	
409	473	-3	
441	444	-3	
443	444	3	
443	445	3	
440	445	4	
440	446	-2	
441	446	-4	
297	301	2	
301	309	-3	
307	309	-5	
307	311	1	
303	311	2	
297	303	-3	
131	133	-2	
133	141	1	
139	141	2	
139	142	-3	
134	142	-2	
131	134	3	
497	500	3	
499	500	-3	
499	501	-2	
496	501	5	
496	502	-3	
497	502	3	
97	101	-3	
99	101	-3	
99	102	1	
98	102	4	
98	103	2	
97	103	-3	
171	172	3	
172	180	-1	
176	180	2	
176	183	-2	
175	183	-1	
171	175	3	
211	213	3	
213	221	-2	
218	221	3	
218	222	-3	
211	214	-3	
120	125	3	
121	125	-3	
121	185	1	
185	191	-4	
184	191	-3	
345	348	-2	
346	348	-5	
346	410	2	
410	412	-3	
409	412	-5	
345	409	-1	
243	245	2	
251	253	-3	
251	255	-3	
247	255	-2	
243	247	3	
336	342	1	
339	342	3	
403	404	-3	
400	404	3	
336	400	2	
457	462	3	
462	470	-1	
464	470	-3	
464	471	3	
463	471	1	
457	463	-4	
232	237	3	
235	237	2	
235	299	3	
299	300	4	
296	300	3	
424	428	3	
428	436	-3	
434	436	3	
434	439	-2	
424	431	-4	
225	231	-3	
226	231	-1	
226	290	2	
290	293	3	
289	293	-3	
225	289	2	
27	28	3	
28	36	2	
34	36	4	
34	38	-3	
30	38	-1	
27	30	-3	
51	53	4	
53	61	1	
57	61	-4	
57	63	-3	
55	63	-1	
51	55	2	
273	276	4	
276	284	3	
283	284	-1	
283	286	-3	
278	286	-3	
273	278	2	
355	356	3	
356	364	1	
362	364	-4	
362	367	5	
359	367	1	
355	359	3	
384	389	3	
385	389	-3	
385	449	-2	
449	453	-3	
448	453	-5	
384	448	-3	
88	92	-4	
91	92	3	
91	155	-1	
155	157	2	
152	157	-4	
88	152	1	
194	196	2	
195	196	3	
195	259	-1	
259	261	3	
258	261	-2	
194	258	-1	
418	420	4	
419	420	-2	
419	483	-5	
483	486	-3	
482	486	-2	
418	482	3	
370	372	-4	
372	380	-2	
377	380	-2	
377	382	3	
374	382	3	
370	374	2	
17	20	-3	
18	82	3	
82	86	-1	
81	86	4	
17	81	-3	
2	4	2	
2	66	2	
66	68	4	
65	68	2	
1	65	-2	
113	118	-3	
118	126	-4	
121	126	-3	
121	127	-4	
119	127	-3	
113	119	2	
9	12	3	
10	12	4	
10	74	-1	
74	77	1	
73	77	3	
9	73	2	
145	148	3	
147	148	-3	
147	150	-1	
144	149	-1	
249	255	3	
250	255	3	
314	316	-2	
313	316	2	
249	313	1	
41	47	-2	
42	47	-1	
42	106	-3	
106	111	4	
105	111	-3	
41	105	-2	
505	509	-5	
505	510	2	
507	510	-3	
507	511	-3	
480	485	2	
485	493	2	
488	493	-5	
488	495	-3	
487	495	-3	
264	268	2	
267	268	3	
267	271	-3	
265	271	2	
265	270	-2	
203	204	-2	
203	206	3	
201	206	-2	
201	205	3	
202	205	3	
72	79	-2	
75	79	-3	
75	139	3	
139	143	3	
136	143	-1	
72	136	2	
8	13	3	
16	21	-2	
16	22	2	
8	14	-3	
393	397	-4	
394	397	2	
458	463	3	
393	457	1	
112	117	-3	
113	117	2	
113	177	1	
177	180	4	
112	176	2	
297	300	2	
299	363	2	
363	365	-5	
361	365	-4	
297	361	-1	
349	357	2	
352	358	-3	
350	358	1	
344	350	2	
424	430	3	
427	430	3	
427	491	3	
491	493	3	
424	488	3	
450	452	-4	
451	452	1	
451	454	2	
448	454	3	
450	453	-1	
401	404	2	
402	404	-3	
402	406	-4	
400	406	-2	
400	407	-1	
401	407	-2	
209	213	5	
210	213	-1	
210	274	-2	
274	276	-2	
209	273	2	
154	156	2	
156	164	1	
163	167	-2	
159	167	-1	
193	197	3	
193	257	-1	
257	263	1	
192	256	-1	
269	277	1	
271	279	-1	
266	271	1	
85	93	2	
89	93	3	
87	95	2	
83	87	-2	
435	436	-4	
435	499	-3	
499	503	-3	
434	498	-4	
466	468	2	
466	470	3	
467	470	-3	
467	469	2	
324	332	-3	
330	332	-3	
330	333	-1	
321	325	2	
323	327	3	
323	387	-2	
387	390	-3	
386	390	1	
322	386	-2	
218	220	1	
219	221	3	
216	223	3	
440	444	-3	
442	444	2	
442	446	3	
441	445	-1	
52	60	2	
54	62	2	
241	247	-3	
243	307	-2	
305	309	3	
241	305	-2	
411	412	-1	
408	414	2	
410	415	2	
187	189	-5	
187	191	-3	
185	190	-3	
98	100	-3	
100	108	-2	
107	110	2	
102	110	-4	
66	70	-3	
66	130	2	
130	134	3	
128	134	2	
64	128	1	
475	476	-3	
475	479	4	
473	479	-2	
473	477	-3	
225	230	-4	
235	238	-1	
235	239	-3	
231	239	2	
168	173	-1	
171	174	3	
168	175	-3	
24	29	-1	
29	37	-3	
35	37	2	
31	39	-2	
280	284	3	
281	284	3	
283	285	4	
283	287	3	
290	292	-4	
291	292	-3	
288	293	-1	
336	340	4	
338	342	-3	
337	342	-3	
337	343	-3	
336	343	2	
251	254	4	
251	315	-1	
315	316	-2	
312	316	5	
362	365	2	
365	373	1	
368	375	-2	
367	375	-2	
500	508	-2	
506	510	-3	
502	510	2	
419	421	3	
483	484	-2	
417	481	-3	
115	116	1	
115	179	2	
178	181	-3	
114	178	-1	
234	236	-2	
234	237	3	
229	237	1	
227	229	2	
425	428	-2	
426	428	-3	
426	490	-3	
425	489	-3	
384	388	-2	
388	396	-3	
392	399	3	
384	391	2	
240	246	-4	
242	306	2	
306	310	2	
240	304	-2	
32	38	1	
33	38	3	
33	97	2	
96	101	-1	
157	165	1	
162	166	2	
158	166	-1	
152	158	2	
16	23	-3	
17	23	3	
81	84	2	
80	84	-2	
16	80	-3	
194	198	3	
198	206	3	
200	206	-3	
199	207	-2	
194	199	4	
8	15	-4	
11	75	2	
75	78	-2	
72	78	1	
8	72	1	
2	6	3	
3	67	3	
67	68	1	
40	44	-2	
41	44	-3	
105	109	3	
104	109	-2	
40	104	-2	
73	76	-1	
74	76	3	
74	138	-3	
138	141	-4	
137	141	-2	
73	137	-2	
368	374	-3	
369	374	3	
369	433	3	
432	438	-3	
25	28	2	
26	28	-3	
26	90	-2	
25	89	-2	
147	151	3	
147	211	2	
211	212	-1	
144	208	-1	
313	319	3	
314	319	-1	
314	378	-3	
378	383	-2	
377	383	2	
313	377	3	
348	356	-1	
353	356	2	
351	359	2	
346	351	2	
59	63	3	
59	123	3	
123	127	1	
57	121	-2	
329	333	1	
331	333	-3	
328	335	2	
329	334	-2	
131	132	-3	
129	134	-2	
128	135	-3	
259	260	4	
259	262	1	
256	262	-1	
256	261	1	
257	261	2	
288	294	2	
294	302	3	
298	303	3	
295	303	-2	
456	460	4	
459	461	-4	
456	463	-2	
50	52	3	
50	53	-2	
51	54	-2	
49	54	2	
413	421	1	
416	421	-1	
414	422	-2	
387	389	2	
389	397	2	
392	397	2	
392	398	2	
82	87	4	
83	147	2	
146	148	1	
82	146	-1	
42	46	-2	
43	46	-2	
43	107	1	
107	111	2	
24	28	-2	
27	91	2	
24	88	-2	
136	142	-3	
139	203	1	
203	205	-3	
200	205	-1	
136	200	-2	
371	372	-2	
379	380	-2	
375	383	3	
371	375	-2	
4	12	1	
10	13	3	
5	13	1	
112	116	-2	
116	124	4	
123	125	3	
117	125	3	
291	355	3	
354	356	2	
290	354	3	
243	244	4	
250	252	-2	
250	253	1	
341	349	-2	
347	351	-2	
343	351	1	
400	405	-2	
401	405	-3	
401	465	-2	
465	471	2	
400	464	2	
217	221	2	
215	223	2	
492	500	2	
496	500	-1	
494	502	1	
235	236	2	
299	301	2	
233	297	-2	
96	103	-2	
97	161	2	
96	160	2	
315	317	3	
313	318	-3	
312	318	-2	
173	181	2	
178	182	-2	
174	182	-2	
169	174	1	
441	447	1	
506	511	2	
505	511	3	
441	505	1	
429	437	1	
426	429	2	
64	69	-3	
67	70	-1	
65	71	2	
268	276	1	
275	276	-1	
270	278	-1	
474	477	2	
482	485	-2	
482	487	-2	
448	452	1	
451	453	-1	
224	228	-2	
226	228	-2	
227	231	-3	
224	231	3	
58	60	-3	
57	62	-2	
56	61	1	
320	325	-2	
322	325	2	
386	389	2	
320	384	-1	
152	156	2	
155	159	-1	
153	159	3	
153	157	2	
304	308	2	
306	311	2	
305	311	-2	
305	310	-2	
193	196	2	
196	204	-3	
197	205	2	
282	284	2	
180	188	-2	
183	191	2	
19	20	1	
19	23	2	
18	22	1	
17	22	-2	
38	46	-2	
112	118	1	
120	126	1	
120	127	-2	
112	119	3	
376	382	3	
379	443	2	
440	447	2	
376	440	1	
217	220	1	
217	222	3	
490	492	3	
490	493	1	
234	238	2	
238	246	1	
242	247	2	
239	247	2	
137	142	3	
142	150	3	
146	150	1	
146	151	3	
143	151	2	
248	252	-1	
464	468	1	
468	476	-1	
474	476	-2	
470	478	-1	
425	431	2	
396	404	-2	
398	406	1	
394	398	-3	
369	372	2	
370	434	1	
434	438	-1	
98	101	2	
101	109	-2	
105	110	-2	
195	199	-1	
192	198	2	
339	340	3	
340	348	1	
346	350	-2	
342	350	-2	
261	269	4	
263	271	-3	
411	415	-2	
411	413	-2	
409	413	-1	
45	53	-2	
47	55	-2	
363	367	-3	
417	422	3	
419	422	1	
481	486	2	
11	14	3	
73	79	-2	
84	92	-1	
88	94	3	
86	94	-1	
482	484	3	
480	484	2	
416	480	-1	
457	460	4	
328	332	1	
300	308	-2	
307	308	2	
296	301	3	
505	508	1	
504	510	2	
104	108	-2	
106	108	-3	
106	170	-1	
170	172	2	
104	168	-1	
162	164	-2	
161	166	-2	
161	165	3	
129	132	-2	
130	133	-3	
131	135	-2	
186	188	-3	
185	189	1	
397	405	-2	
403	405	3	
403	407	-3	
399	407	-1	
274	338	1	
338	341	-3	
336	341	1	
272	336	-2	
218	223	2	
218	282	2	
216	280	1	
432	439	1	
435	439	3	
432	496	-2	
352	356	1	
355	358	-2	
353	357	-1	
1	5	-2	
2	5	-3	
0	6	-3	
169	175	-2	
169	233	-3	
233	237	-2	
168	232	-3	
211	215	2	
211	275	1	
274	277	1	
259	323	-2	
256	320	-3	
293	301	-1	
298	301	1	
82	85	1	
90	95	-2	
176	182	-2	
179	243	-1	
176	240	1	
49	53	-2	
51	115	-3	
49	113	-2	
265	268	-1	
266	268	-3	
330	334	-1	
64	68	-1	
68	76	-2	
69	77	-2	
136	141	2	
141	149	1	
145	150	1	
433	437	-1	
434	437	-3	
497	503	2	
433	497	-3	
385	388	3	
21	29	-1	
27	29	2	
22	30	1	
314	318	3	
201	207	2	
475	477	1	
472	479	1	
472	478	-1	
56	63	-3	
56	120	1	
33	39	-2	
97	100	1	
443	446	2	
465	470	1	
155	158	-2	
219	222	-1	
154	218	1	
370	373	3	
371	374	-3	
9	15	2	
226	230	-2	
345	349	3	
35	38	-2	
99	103	2	
34	98	-2	
386	391	2	
387	391	3	
81	85	2	
80	85	2	
264	271	-2	
267	331	2	
264	328	-2	
148	156	-3	
149	157	-2	
70	78	2	
73	78	-2	
71	79	2	
66	71	2	
308	316	1	
309	317	-1	
121	124	1	
355	357	-2	
26	31	-2	
236	244	-2	
241	244	2	
208	213	1	
273	279	-3	
208	272	-1	
232	238	-1	
296	303	1	
107	171	-1	
105	169	1	
75	76	-1	
258	322	2	
257	321	1	
285	293	1	
289	295	2	
287	295	1	
458	460	-1	
459	463	2	
412	420	-1	
497	501	1	
499	502	-1	
178	180	-3	
179	183	3	
424	429	1	
339	343	1	
484	492	1	
489	495	1	
192	196	2	
504	508	-2	
184	189	1	
184	190	-2	
248	253	-2	
48	55	2	
48	112	-1	
260	268	2	
280	286	1	
89	92	-2	
92	100	1	
93	101	1	
344	348	-2	
410	413	-2	
344	408	1	
437	445	2	
442	445	-2	
438	446	-1	
329	332	-2	
330	394	-3	
329	393	-3	
210	214	-1	
152	159	1	
216	221	1	
152	216	2	
483	485	-2	
34	37	1	
18	21	-2	
19	83	-1	
82	84	2	
242	245	2	
322	324	3	
453	461	-2	
456	462	-2	
27	31	2	
25	30	2	
194	197	1	
225	229	2	
354	359	2	
298	300	1	
171	173	-1	
176	181	1	
464	469	3	
11	13	3	
10	15	-1	
408	472	-3	
202	207	1	
75	77	1	
436	444	-1	
439	447	2	
123	126	2	
210	212	2	
219	220	3	
275	339	-1	
262	270	-3	
0	64	1	
91	94	2	
94	102	1	
96	102	-1	
95	103	-1	
50	114	-2	
144	148	2	
165	173	-2	
170	175	-1	
167	175	-2	
185	188	-2	
186	250	-2	
185	249	1	
498	500	-1	
498	502	-2	
312	376	-2	
283	347	1	
347	348	1	
281	345	-1	
307	310	1	
307	371	-1	
39	47	1	
313	317	-2	
315	379	2	
65	129	-1	
331	334	-2	
327	335	-1	
321	327	-1	
16	20	-2	
427	431	1	
425	430	1	
369	373	1	
282	285	1	
217	281	-1	
32	36	-1	
32	37	-2	
200	204	-1	
264	269	1	
297	302	2	
131	195	2	
128	192	-2	
170	234	1	
88	95	1	
48	53	1	
251	252	-1	
496	503	-1	
364	372	1	
368	372	-1	
361	367	-1	
491	494	1	
486	494	-2	
288	352	-1	
209	212	2	
99	163	1	
147	149	1	
43	44	-1	
40	45	1	
59	62	2	
58	63	-2	
384	390	1	
273	277	1	
114	118	1	
289	353	-1	
378	442	-1	
377	441	2	
154	157	1	
153	158	-2	
282	346	1	
280	344	1	
495	503	-1	
220	228	-1	
225	228	1	
221	229	1	
130	194	-1	
129	193	-1	
171	235	-1	
410	474	1	
299	303	1	
298	362	1	
206	214	1	
208	215	1	
207	215	-1	
448	455	-2	
481	487	-1	
8	12	1	
10	14	-1	
435	438	-1	
242	244	1	
237	245	-1	
227	291	-1	
291	293	1	
202	266	1	
266	270	2	
201	265	1	
135	143	1	
355	419	1	
354	418	1	
164	172	-1	
404	412	1	
409	415	-1	
248	255	-1	
184	248	-1	
3	4	-1	
35	36	1	
433	436	1	
44	52	-1	
46	54	-1	
489	493	1	
304	368	1	
458	462	1	
17	21	-1	
57	60	1	
90	92	-1	
88	93	1	
473	476	1	
105	108	1	
106	109	1	
406	414	-1	
166	174	1	
267	269	-1	
259	263	1	
224	230	1	
224	288	1	
333	341	-1	
246	254	-1	
353	417	-1	
352	416	1	
177	181	-1	
187	190	-1	
177	182	1	
83	86	-1	
145	151	-1	
81	145	-1	
233	239	1	
321	385	1	
302	310	1	
97	102	1	
272	276	-1	
275	279	1	
507	509	-1	
337	340	-1	
66	69	1	
488	494	1	
98	162	1	
162	167	1	
408	412	1	
51	52	1	
115	117	1	
393	396	-1	
427	428	-1	
Energy:	-2106	
