NumberOfQubits	504	
NumberOfSubgraphs	756	
Serial	102	
PlantedSolution:	
0	1	
1	1	
2	1	
3	-1	
4	1	
5	1	
6	1	
8	1	
9	-1	
10	1	
11	-1	
12	-1	
13	-1	
14	1	
15	-1	
16	-1	
17	-1	
18	1	
19	1	
20	-1	
21	-1	
22	1	
23	-1	
24	-1	
25	1	
26	1	
27	-1	
28	1	
29	-1	
30	-1	
31	1	
32	-1	
33	1	
34	-1	
35	1	
36	1	
37	-1	
38	-1	
39	-1	
40	1	
41	-1	
42	-1	
43	-1	
44	1	
45	1	
46	1	
47	-1	
48	-1	
49	1	
50	-1	
51	-1	
52	-1	
53	-1	
54	-1	
55	-1	
56	1	
57	-1	
58	1	
59	-1	
60	1	
61	1	
62	-1	
63	-1	
64	1	
65	-1	
66	1	
67	-1	
68	1	
69	1	
70	-1	
71	1	
72	1	
73	-1	
74	1	
75	-1	
76	1	
77	-1	
78	-1	
79	1	
80	1	
81	-1	
82	1	
83	1	
84	-1	
85	-1	
86	-1	
87	-1	
88	1	
89	-1	
90	1	
91	-1	
92	1	
93	-1	
94	1	
95	1	
96	-1	
97	-1	
98	1	
99	1	
100	-1	
101	1	
102	1	
103	-1	
104	-1	
105	-1	
106	-1	
107	-1	
108	-1	
109	1	
110	-1	
111	-1	
112	1	
113	1	
114	-1	
115	1	
116	1	
117	-1	
118	-1	
119	-1	
120	1	
121	-1	
123	1	
124	1	
125	1	
126	-1	
127	1	
128	1	
129	1	
130	1	
131	1	
132	-1	
133	-1	
134	1	
135	-1	
136	-1	
137	-1	
138	-1	
139	1	
141	-1	
142	1	
143	1	
144	-1	
145	1	
146	-1	
147	1	
148	-1	
149	-1	
150	1	
151	1	
152	-1	
153	1	
154	1	
155	1	
156	1	
157	-1	
158	1	
159	-1	
160	-1	
161	1	
162	-1	
163	-1	
164	1	
165	1	
166	1	
167	1	
168	1	
169	1	
170	-1	
171	1	
172	-1	
173	-1	
174	1	
175	1	
176	1	
177	-1	
178	-1	
179	-1	
180	1	
181	-1	
182	1	
183	1	
184	-1	
185	1	
186	1	
187	-1	
188	1	
189	1	
190	1	
191	1	
192	-1	
193	-1	
194	1	
195	1	
196	-1	
197	-1	
198	-1	
199	-1	
200	1	
201	-1	
202	-1	
203	1	
204	1	
205	1	
206	-1	
207	-1	
208	1	
209	1	
210	1	
211	1	
212	1	
213	1	
214	1	
215	1	
216	-1	
217	-1	
218	1	
219	1	
220	1	
221	1	
222	-1	
223	1	
224	-1	
225	1	
226	-1	
227	1	
228	-1	
229	-1	
230	1	
231	1	
232	1	
233	-1	
234	1	
235	-1	
236	1	
237	1	
238	1	
239	1	
240	-1	
241	-1	
242	-1	
243	1	
244	1	
245	-1	
246	1	
247	1	
248	1	
249	1	
250	1	
251	-1	
252	1	
253	1	
254	1	
255	1	
256	1	
257	-1	
258	-1	
259	-1	
260	1	
261	-1	
262	-1	
263	1	
264	-1	
265	-1	
266	-1	
267	1	
268	1	
269	-1	
270	1	
271	-1	
272	1	
273	-1	
274	1	
275	-1	
276	1	
277	1	
278	-1	
279	1	
280	-1	
281	-1	
282	-1	
283	-1	
284	1	
285	-1	
286	-1	
287	-1	
288	-1	
289	1	
290	-1	
291	-1	
292	-1	
293	1	
294	-1	
295	-1	
296	1	
297	1	
298	1	
299	1	
300	1	
301	-1	
302	-1	
303	-1	
304	-1	
305	1	
306	-1	
307	-1	
308	-1	
309	-1	
310	1	
311	-1	
312	-1	
313	-1	
314	-1	
315	1	
316	1	
317	-1	
318	-1	
319	-1	
320	1	
321	-1	
322	1	
323	-1	
324	-1	
325	1	
326	1	
327	-1	
328	1	
329	-1	
330	-1	
331	1	
332	-1	
333	-1	
334	1	
335	-1	
336	1	
337	-1	
338	1	
339	-1	
340	1	
341	-1	
342	-1	
343	1	
344	-1	
345	1	
346	1	
347	-1	
348	1	
349	-1	
350	1	
351	-1	
352	1	
353	-1	
354	-1	
355	-1	
356	-1	
357	-1	
358	-1	
359	1	
361	1	
362	-1	
363	-1	
364	1	
365	-1	
367	-1	
368	1	
369	-1	
370	1	
371	-1	
372	1	
373	-1	
374	-1	
375	1	
376	-1	
377	1	
378	-1	
379	-1	
380	-1	
382	-1	
383	-1	
384	-1	
385	1	
386	1	
387	1	
388	-1	
389	1	
390	1	
391	-1	
392	1	
393	1	
394	-1	
396	1	
397	1	
398	-1	
399	-1	
400	-1	
401	-1	
402	1	
403	1	
404	-1	
405	1	
406	1	
407	1	
408	-1	
409	-1	
410	-1	
411	1	
412	-1	
413	1	
414	-1	
415	-1	
416	1	
417	-1	
418	1	
419	-1	
420	1	
421	-1	
422	-1	
424	-1	
425	1	
426	-1	
427	1	
428	-1	
429	1	
430	1	
431	-1	
432	1	
433	1	
434	1	
435	1	
436	-1	
437	-1	
438	-1	
439	1	
440	-1	
441	1	
442	1	
443	-1	
444	1	
445	-1	
446	1	
447	-1	
448	-1	
449	1	
450	1	
451	-1	
452	1	
453	-1	
454	-1	
455	-1	
456	-1	
457	1	
458	1	
459	-1	
460	1	
461	-1	
462	-1	
463	-1	
464	-1	
465	-1	
466	-1	
467	-1	
468	-1	
469	1	
470	-1	
471	1	
472	-1	
473	-1	
474	-1	
475	-1	
476	-1	
477	1	
478	-1	
479	-1	
480	-1	
481	-1	
482	-1	
483	1	
484	1	
485	1	
486	-1	
487	1	
488	1	
489	1	
490	-1	
491	-1	
492	-1	
493	1	
494	1	
495	-1	
496	1	
497	1	
498	1	
499	1	
500	1	
501	-1	
502	-1	
503	-1	
504	1	
505	-1	
506	-1	
507	1	
508	1	
509	1	
510	-1	
511	1	
Js:	
185	188	-3	
186	188	-6	
186	189	-3	
184	189	5	
184	191	-3	
185	191	-5	
400	407	4	
402	407	-5	
402	466	-2	
466	470	-7	
464	470	-5	
400	464	-3	
202	204	3	
203	204	-3	
203	267	-1	
267	270	-5	
266	270	-4	
202	266	-1	
65	68	4	
66	68	-6	
66	69	1	
67	69	6	
67	70	-4	
65	70	-4	
88	92	-5	
92	100	-2	
97	100	-5	
97	102	3	
94	102	-1	
88	94	-4	
242	244	4	
244	252	-4	
251	252	4	
251	253	3	
245	253	4	
242	245	-2	
8	14	-4	
11	14	6	
11	75	2	
75	78	-5	
72	78	2	
8	72	-2	
304	310	3	
306	310	-2	
306	370	2	
370	372	-6	
368	372	-3	
304	368	5	
290	292	5	
291	292	-3	
291	294	-6	
288	294	-2	
288	293	6	
290	293	4	
435	436	-3	
436	444	4	
442	444	-5	
442	446	-4	
438	446	4	
435	438	4	
491	494	3	
494	502	2	
499	502	4	
499	503	4	
495	503	2	
491	495	-5	
83	85	4	
85	93	2	
91	93	-3	
91	95	5	
87	95	4	
83	87	4	
40	47	4	
42	47	-5	
42	106	1	
106	109	5	
104	109	3	
40	104	4	
320	324	3	
324	332	-3	
331	332	4	
331	333	5	
325	333	-2	
320	325	-4	
336	340	-2	
339	340	7	
339	342	-4	
338	342	4	
338	343	2	
336	343	-6	
505	508	4	
506	508	-6	
506	509	2	
507	509	-5	
507	510	6	
505	510	-6	
26	28	3	
27	28	5	
27	31	2	
24	31	5	
24	30	-6	
26	30	2	
416	422	5	
418	422	-4	
418	482	6	
482	484	3	
480	484	5	
416	480	4	
162	164	-5	
164	172	3	
171	172	4	
171	174	-5	
166	174	-5	
162	166	2	
385	389	-5	
389	397	-4	
394	397	5	
394	398	3	
390	398	7	
385	390	-4	
51	52	-3	
52	60	4	
57	60	5	
57	61	4	
53	61	-2	
51	53	-3	
115	118	4	
118	126	-4	
120	126	5	
120	127	-4	
119	127	4	
115	119	-4	
193	197	-5	
194	197	-3	
194	199	4	
192	199	-3	
192	198	-5	
193	198	-4	
224	228	-3	
228	236	3	
233	236	-6	
233	239	6	
231	239	-5	
224	231	4	
17	20	7	
18	20	3	
18	21	3	
16	21	-5	
16	22	4	
17	22	2	
297	300	-4	
298	300	-5	
298	302	5	
296	302	3	
296	303	5	
297	303	3	
451	452	3	
452	460	-3	
456	460	4	
456	463	4	
455	463	-3	
451	455	-4	
272	277	-4	
277	285	4	
281	285	-3	
281	287	3	
279	287	3	
272	279	-5	
344	348	2	
345	348	-4	
345	350	4	
346	350	-3	
346	351	5	
344	351	-5	
425	428	5	
427	428	-3	
427	430	-5	
426	430	5	
426	431	-4	
425	431	5	
249	254	-5	
250	254	-3	
250	314	2	
314	319	-3	
313	319	-3	
249	313	2	
369	374	-3	
374	382	-3	
378	382	-6	
378	383	-4	
375	383	3	
369	375	3	
408	413	1	
410	413	3	
410	474	-4	
474	477	3	
472	477	-4	
408	472	-6	
208	213	-6	
210	213	3	
210	214	-5	
211	214	-2	
211	215	-4	
208	215	-2	
489	492	3	
492	500	1	
497	500	-5	
497	501	4	
493	501	-1	
489	493	-5	
145	148	6	
147	148	3	
147	150	4	
146	150	5	
146	151	5	
145	151	-5	
176	180	-6	
178	180	4	
178	182	3	
177	182	-5	
177	183	2	
176	183	-7	
163	165	-4	
165	173	4	
170	173	-5	
170	175	1	
167	175	-4	
163	167	2	
32	36	3	
34	36	4	
34	39	4	
35	39	8	
35	38	2	
32	38	-6	
257	261	4	
258	261	-3	
258	322	1	
322	326	-5	
321	326	6	
257	321	-1	
1	4	-5	
3	4	-4	
3	6	4	
0	6	-6	
0	5	-3	
1	5	-4	
128	133	6	
133	141	2	
136	141	-3	
136	142	5	
134	142	-2	
128	134	-4	
354	357	-2	
355	357	-5	
355	359	6	
352	359	-5	
352	358	3	
354	358	-9	
305	308	5	
308	316	5	
315	316	-2	
315	317	3	
309	317	-4	
305	309	5	
152	157	-2	
154	157	4	
154	158	-5	
153	158	-6	
153	159	3	
152	159	-5	
432	437	-2	
437	445	-5	
443	445	-4	
443	447	-3	
439	447	3	
432	439	-3	
218	221	-4	
221	229	-4	
227	229	6	
227	230	-3	
222	230	2	
218	222	3	
50	54	-4	
54	62	-2	
58	62	6	
58	63	4	
55	63	2	
50	55	-6	
9	12	-5	
10	12	2	
10	74	-4	
74	77	4	
73	77	-3	
9	73	-4	
401	405	3	
403	405	-4	
403	467	4	
467	471	3	
465	471	4	
401	465	-3	
473	478	-5	
478	486	-3	
483	486	-3	
483	487	-5	
479	487	3	
473	479	-5	
384	391	3	
386	391	5	
386	450	-4	
450	453	5	
448	453	-4	
384	448	-4	
41	45	-5	
43	45	3	
43	107	-4	
107	111	-5	
105	111	-4	
41	105	-3	
328	335	5	
329	335	-6	
329	393	-2	
393	396	-5	
392	396	-4	
328	392	-2	
200	206	4	
201	206	-2	
201	265	2	
265	269	-4	
264	269	-4	
200	264	2	
216	223	2	
219	223	-5	
219	283	-3	
283	284	5	
280	284	4	
216	280	-3	
361	364	-5	
362	364	7	
362	365	-4	
363	365	-4	
363	367	-5	
361	367	5	
112	116	4	
116	124	-4	
123	124	-5	
123	125	-6	
117	125	4	
112	117	5	
376	380	-6	
377	380	3	
377	441	-3	
441	444	3	
440	444	3	
376	440	-3	
129	132	4	
131	132	5	
131	134	-3	
130	134	-5	
130	135	-2	
129	135	4	
81	84	-4	
82	84	4	
82	87	4	
80	87	-5	
80	86	4	
81	86	-2	
209	212	-5	
210	212	-4	
210	274	-2	
274	276	-4	
273	276	-4	
209	273	2	
240	244	4	
241	244	-4	
241	247	5	
243	247	-3	
243	246	-4	
240	246	7	
458	461	-5	
459	461	-4	
459	462	-6	
457	462	3	
457	463	5	
458	463	4	
417	420	4	
419	420	3	
419	483	4	
483	485	-3	
481	485	4	
417	481	-4	
408	412	2	
409	412	-5	
409	415	-4	
411	415	4	
411	414	3	
408	414	-3	
234	237	-6	
235	237	4	
235	238	4	
232	238	-5	
232	239	3	
234	239	-3	
256	260	-6	
257	260	4	
257	263	4	
259	263	-3	
259	262	-6	
256	262	5	
96	101	6	
99	101	-3	
99	102	-4	
98	102	4	
98	103	3	
96	103	-4	
467	468	-6	
468	476	-4	
475	476	-5	
475	477	5	
469	477	-4	
467	469	4	
137	143	4	
139	143	-6	
139	203	-4	
203	205	-4	
201	205	2	
137	201	-4	
330	333	4	
333	341	-3	
337	341	-5	
337	342	-2	
334	342	4	
330	334	4	
217	220	-3	
218	220	-4	
218	282	2	
282	286	-6	
281	286	-3	
217	281	-4	
424	429	6	
426	429	3	
426	490	2	
490	495	-5	
488	495	3	
424	488	3	
179	181	-6	
181	189	4	
187	189	-4	
187	190	2	
182	190	-5	
179	182	4	
11	13	-4	
13	21	-2	
19	21	2	
19	23	4	
15	23	-3	
11	15	5	
25	29	-5	
26	29	4	
26	90	-5	
90	93	4	
89	93	-5	
25	89	5	
307	310	6	
310	318	5	
312	318	4	
312	319	-3	
311	319	-4	
307	311	-2	
225	231	1	
226	231	4	
226	290	-2	
290	295	-3	
289	295	5	
225	289	-2	
322	327	4	
323	327	4	
323	387	2	
387	388	4	
386	388	3	
322	386	-2	
347	348	5	
348	356	2	
353	356	-5	
353	357	-3	
349	357	-2	
347	349	-4	
144	148	-4	
148	156	4	
155	156	-4	
155	157	5	
149	157	-3	
144	149	-5	
64	68	-4	
68	76	-3	
72	76	-4	
72	79	-6	
71	79	-4	
64	71	4	
33	36	-4	
36	44	3	
43	44	3	
37	45	2	
33	37	4	
106	108	-3	
108	116	2	
114	116	4	
114	118	-4	
110	118	1	
106	110	-5	
433	438	3	
434	438	3	
434	498	-5	
498	502	5	
497	502	2	
433	497	-3	
264	270	3	
270	278	-3	
275	278	-5	
275	279	4	
271	279	2	
264	271	-5	
48	53	-5	
49	53	5	
49	113	-4	
113	117	2	
48	112	5	
496	501	3	
501	509	5	
504	509	-4	
504	511	-4	
503	511	-2	
496	503	3	
195	196	3	
196	204	5	
200	204	-4	
200	207	2	
199	207	5	
195	199	5	
296	300	-4	
299	302	4	
299	301	4	
296	301	4	
449	453	4	
453	461	-2	
456	461	-3	
456	462	-3	
454	462	2	
449	454	4	
248	252	-4	
249	252	-4	
251	254	4	
251	255	5	
248	255	-4	
56	60	-4	
57	121	-3	
121	125	3	
120	125	-5	
56	120	-3	
169	172	3	
170	172	-7	
170	174	2	
168	174	-4	
168	173	-5	
169	173	3	
365	373	-4	
371	373	-4	
371	375	5	
367	375	-3	
393	398	-3	
398	406	2	
402	406	-3	
399	407	3	
393	399	1	
160	164	3	
161	164	-2	
161	165	-3	
162	165	4	
162	167	3	
160	167	-4	
412	420	-4	
418	420	-3	
418	421	3	
413	421	4	
409	413	4	
266	268	3	
267	268	-2	
267	331	-3	
331	334	-4	
266	330	-3	
0	4	-5	
3	5	5	
2	5	-5	
2	6	-5	
377	383	4	
379	383	-5	
379	443	4	
441	445	3	
74	138	1	
138	142	4	
137	142	5	
73	137	2	
394	396	-2	
396	404	3	
401	404	-4	
397	405	-2	
42	46	4	
46	54	4	
47	55	2	
58	61	-5	
59	61	6	
59	63	-5	
56	63	4	
56	62	4	
217	221	2	
219	221	-3	
219	222	3	
216	222	-4	
217	223	3	
288	292	-5	
289	294	5	
289	293	-2	
66	70	4	
66	130	2	
130	133	2	
129	133	3	
65	129	1	
320	327	4	
321	327	3	
321	385	3	
384	389	4	
320	384	3	
192	196	-3	
193	196	-3	
195	198	4	
195	197	2	
192	197	4	
276	284	-2	
280	285	-5	
273	277	6	
81	85	-6	
83	147	-3	
145	150	-2	
81	145	3	
99	100	3	
97	103	-3	
341	349	1	
345	349	4	
345	351	4	
343	351	1	
337	343	4	
307	308	-4	
307	371	-3	
371	372	-1	
369	372	3	
305	369	4	
482	486	4	
482	487	5	
243	245	6	
250	253	-4	
250	255	-4	
247	255	-4	
89	92	-2	
91	92	4	
88	95	-3	
89	94	3	
225	228	4	
226	228	-5	
226	230	-3	
224	230	4	
224	229	-4	
225	229	2	
506	511	6	
507	511	-4	
105	109	3	
107	109	3	
107	171	-2	
171	175	-3	
169	175	-6	
105	169	2	
355	419	-3	
419	422	-5	
352	416	-3	
179	180	-1	
178	181	-3	
178	183	3	
18	22	-4	
22	30	3	
25	30	3	
25	31	-3	
23	31	-3	
18	23	4	
312	316	3	
314	316	3	
314	317	-3	
315	318	5	
234	236	-3	
234	238	-4	
233	237	2	
427	429	-3	
424	431	-3	
211	213	4	
209	215	-4	
209	214	-5	
208	214	-2	
8	12	7	
9	13	-5	
10	13	3	
10	14	-4	
121	124	4	
123	187	2	
187	191	5	
121	185	-2	
432	436	5	
434	436	4	
498	500	3	
496	500	-3	
432	496	-3	
448	452	2	
449	452	-6	
451	454	-7	
448	455	-5	
488	492	5	
490	492	4	
490	493	4	
489	494	-7	
488	494	-4	
64	69	-4	
67	131	-1	
131	135	6	
128	135	4	
64	128	-2	
464	468	-4	
465	468	-4	
466	471	6	
347	350	3	
347	411	-1	
410	414	-4	
346	410	2	
261	269	-4	
265	271	-3	
263	271	5	
258	263	4	
152	156	3	
153	156	-3	
155	158	-2	
155	159	5	
49	52	3	
51	115	4	
113	119	4	
35	37	3	
32	39	3	
33	38	6	
138	141	-6	
141	149	-1	
146	149	-4	
143	151	-1	
138	143	-2	
242	246	2	
242	306	-2	
306	311	-6	
304	311	-4	
240	304	3	
376	382	-3	
378	442	2	
440	446	3	
339	403	-2	
403	404	3	
400	404	-3	
336	400	2	
75	76	-2	
76	84	2	
80	84	3	
78	86	-2	
323	324	-5	
328	332	2	
328	333	4	
323	325	6	
40	46	-3	
41	46	5	
105	108	-2	
104	108	6	
274	278	2	
278	286	-3	
282	287	-4	
274	279	4	
297	301	4	
298	301	-2	
298	362	2	
297	361	-2	
476	484	-1	
480	485	4	
477	485	-1	
387	390	-4	
392	398	-3	
392	399	4	
391	399	-5	
387	391	4	
16	20	3	
20	28	2	
27	29	-5	
21	29	-2	
353	358	-3	
354	418	-2	
417	421	-5	
353	417	-2	
161	166	-4	
163	166	2	
163	227	4	
227	228	-2	
161	225	-4	
370	374	5	
369	373	4	
368	373	3	
200	205	-3	
202	205	6	
202	207	2	
201	207	-3	
435	437	5	
433	437	4	
433	439	-6	
259	261	-5	
458	460	-2	
459	460	4	
457	461	3	
187	188	4	
184	190	4	
186	190	-4	
235	299	2	
299	303	-4	
232	296	-2	
379	380	-4	
441	447	3	
264	268	-2	
265	268	5	
265	329	-2	
264	328	2	
2	66	-3	
66	71	-4	
65	71	3	
1	65	4	
123	126	-4	
123	127	-3	
114	119	-3	
208	212	-3	
211	212	3	
211	275	3	
275	276	5	
272	276	-3	
208	272	-3	
408	415	-5	
410	415	-4	
474	476	-2	
472	476	-3	
102	110	5	
107	110	-2	
103	111	-3	
75	79	3	
75	139	-1	
139	142	-2	
72	136	2	
280	287	-4	
283	287	-2	
283	347	-4	
344	349	-4	
280	344	1	
306	308	2	
313	316	3	
313	317	-5	
306	309	-4	
481	484	4	
484	492	2	
491	492	3	
491	493	3	
485	493	-2	
19	20	3	
19	83	-3	
17	81	-3	
150	158	1	
144	150	4	
387	451	-1	
451	453	-3	
177	180	3	
178	242	2	
242	247	4	
177	241	-3	
90	95	-3	
24	88	-2	
128	132	-2	
130	132	5	
130	194	-2	
194	196	4	
128	192	2	
48	52	-2	
59	60	4	
401	406	2	
403	406	-4	
465	469	-5	
288	295	2	
289	353	3	
352	356	3	
288	352	3	
40	44	-2	
40	45	-3	
34	37	-5	
160	165	2	
160	166	4	
499	500	-4	
500	508	2	
504	508	-4	
499	501	5	
338	340	4	
339	343	3	
336	342	3	
219	220	-3	
217	222	-5	
248	254	-4	
248	253	-2	
249	253	5	
9	15	-3	
10	15	5	
74	79	-2	
73	79	2	
320	326	-4	
425	429	-2	
427	431	2	
425	430	2	
84	92	2	
90	92	-1	
90	94	-5	
86	94	4	
82	86	-3	
203	206	2	
206	214	-3	
210	215	-4	
207	215	2	
203	207	4	
176	182	1	
185	190	-3	
183	191	-5	
195	259	-2	
258	262	-4	
194	258	4	
371	374	-3	
236	244	-1	
243	244	3	
237	245	2	
43	46	3	
51	54	-3	
51	55	-3	
43	47	-5	
419	421	-3	
357	365	-3	
361	365	3	
359	367	-2	
97	101	4	
97	161	1	
161	167	-4	
96	160	-2	
4	12	-1	
6	14	-2	
402	404	-3	
315	319	-3	
440	445	-2	
442	445	4	
442	506	2	
440	504	-3	
282	285	-3	
273	278	-4	
354	356	-4	
350	358	2	
330	332	-5	
457	460	-4	
241	246	2	
241	305	1	
304	309	-2	
57	63	3	
121	127	5	
291	293	4	
293	301	-2	
294	302	-1	
474	478	-4	
481	486	-3	
481	487	3	
474	479	-5	
168	175	-4	
169	233	2	
168	232	-4	
113	116	-3	
109	117	-1	
146	148	-3	
151	159	2	
24	28	4	
184	188	3	
186	250	3	
184	248	3	
131	133	3	
139	141	5	
135	143	2	
435	439	1	
434	439	-3	
326	334	-2	
329	334	3	
327	335	1	
35	99	-3	
98	100	3	
34	98	6	
163	164	4	
226	229	-1	
162	226	-3	
16	23	-2	
18	82	-4	
16	80	4	
212	220	3	
216	220	4	
216	221	3	
213	221	-2	
209	213	-2	
292	300	2	
295	303	-1	
420	428	-2	
424	428	-3	
424	430	3	
422	430	1	
417	422	-3	
67	68	-1	
65	69	4	
197	205	4	
467	470	-3	
464	471	4	
91	155	-1	
89	153	2	
260	268	-6	
256	263	2	
400	405	2	
405	413	-2	
411	413	-4	
406	414	-3	
400	406	4	
274	277	-2	
274	338	-4	
338	341	4	
273	337	-2	
48	55	-3	
50	114	3	
112	119	3	
314	378	-3	
378	380	-3	
312	376	-4	
106	170	-2	
344	408	1	
450	455	3	
441	446	-4	
443	446	3	
443	507	-1	
441	505	4	
41	44	3	
38	46	1	
14	22	-1	
19	22	-4	
115	116	-1	
115	179	2	
177	181	-2	
113	177	-1	
393	397	-4	
394	458	3	
393	457	-3	
364	372	1	
370	373	3	
281	284	3	
281	345	2	
496	502	4	
475	478	-4	
472	479	-2	
147	151	-3	
144	151	2	
145	149	-2	
129	134	4	
321	324	-3	
416	421	2	
480	486	-4	
2	4	-3	
1	6	-3	
73	78	-4	
136	143	3	
230	238	3	
56	61	1	
59	62	-3	
120	124	-3	
121	126	-3	
104	110	1	
104	111	-4	
99	103	3	
69	77	-3	
75	77	-5	
67	71	3	
433	436	-1	
440	447	-6	
385	388	4	
388	396	4	
12	20	-2	
17	21	-4	
8	13	3	
458	462	2	
313	318	-2	
315	379	4	
313	377	3	
42	44	5	
44	52	2	
45	53	-2	
42	45	3	
138	202	-3	
304	308	-1	
368	375	2	
299	300	2	
299	363	2	
363	364	4	
256	261	4	
192	256	1	
154	159	4	
154	218	2	
152	216	-2	
32	37	-3	
33	39	2	
401	407	4	
464	469	2	
266	269	2	
267	269	3	
266	271	-3	
74	76	-4	
74	78	3	
286	294	-2	
287	295	2	
27	30	-4	
26	31	-4	
329	332	-3	
328	334	-1	
426	428	-2	
449	455	3	
448	454	3	
89	95	-1	
88	93	3	
355	356	3	
185	189	-4	
201	204	3	
136	200	-3	
368	374	4	
371	435	2	
368	432	-3	
284	292	2	
285	293	2	
100	108	-3	
101	109	-3	
301	309	-2	
303	311	-2	
387	389	-3	
394	399	-5	
48	54	3	
112	118	1	
193	257	-3	
411	475	2	
473	476	3	
409	473	-2	
9	14	1	
227	231	-3	
225	230	-3	
154	156	3	
153	157	3	
402	405	-5	
64	70	4	
272	278	1	
232	237	-3	
238	246	1	
41	47	-2	
346	349	3	
344	350	5	
322	324	4	
321	325	4	
427	491	2	
434	437	3	
235	236	4	
297	302	4	
233	297	1	
498	501	2	
498	503	-3	
497	503	4	
198	206	-4	
465	470	2	
283	286	-3	
335	343	-2	
331	335	2	
114	117	-3	
240	247	2	
176	240	-1	
370	375	-2	
187	251	-1	
450	452	-4	
259	260	2	
34	38	-1	
33	97	2	
99	163	2	
504	510	3	
73	76	-3	
483	484	-3	
482	485	2	
50	52	-4	
49	54	4	
489	495	2	
488	493	-3	
411	412	4	
461	469	-1	
466	469	2	
462	470	-2	
113	118	4	
379	382	-1	
443	444	3	
363	427	3	
361	425	-3	
137	141	1	
435	499	-1	
265	270	-2	
262	270	3	
403	407	-1	
323	326	-1	
322	325	-2	
241	245	-3	
160	224	-3	
305	310	1	
83	84	3	
80	85	1	
115	117	-3	
114	178	-1	
353	359	-2	
180	188	-4	
392	397	-3	
105	110	-4	
106	111	2	
91	94	3	
384	388	-3	
386	390	-2	
386	389	2	
450	454	-2	
346	348	-4	
507	508	-2	
505	511	2	
28	36	2	
31	39	1	
336	341	3	
171	235	3	
170	234	-1	
98	101	1	
32	96	-3	
223	231	-3	
218	223	-3	
362	367	-3	
362	426	2	
267	271	2	
282	284	2	
372	380	2	
376	383	2	
257	262	-2	
472	478	-3	
17	23	-2	
72	77	2	
25	28	-2	
392	456	2	
250	252	-2	
490	494	3	
147	149	3	
131	195	-2	
129	193	2	
442	447	-3	
404	412	-2	
409	414	-3	
307	309	-1	
312	317	-3	
377	382	-5	
421	429	1	
291	355	-2	
352	357	3	
107	108	-2	
234	298	1	
298	303	3	
332	340	1	
337	340	3	
330	335	-2	
459	463	-2	
155	219	-1	
153	217	1	
83	86	-3	
35	36	-2	
470	478	1	
471	479	1	
3	67	3	
0	64	-2	
11	12	-1	
8	15	-2	
246	254	-2	
505	509	2	
506	510	2	
202	206	-3	
152	158	3	
339	341	-2	
314	318	2	
95	103	2	
290	294	2	
290	354	-2	
280	286	1	
70	78	-2	
82	85	2	
82	146	-1	
233	238	1	
147	211	-2	
144	208	2	
486	494	1	
487	495	1	
430	438	-2	
431	439	2	
258	260	2	
57	62	-3	
179	243	2	
354	359	-1	
351	359	2	
410	412	1	
215	223	-2	
96	102	-1	
251	315	1	
248	312	1	
27	91	-2	
272	336	-2	
385	449	1	
156	164	-1	
157	165	1	
356	364	-1	
185	249	-1	
269	277	1	
275	277	1	
49	55	2	
50	53	1	
425	489	1	
291	295	-3	
58	60	-3	
475	479	-2	
337	401	-2	
289	292	-1	
432	438	2	
176	181	3	
186	191	-2	
229	237	1	
214	222	1	
305	311	-2	
347	351	1	
96	100	-2	
473	477	-1	
429	437	-1	
240	245	1	
29	37	-1	
88	152	1	
416	420	-2	
414	422	-2	
235	239	-1	
98	162	1	
300	308	1	
93	101	-1	
460	468	-1	
193	199	1	
329	333	2	
407	415	1	
179	183	-1	
169	174	2	
480	487	1	
340	348	-1	
342	350	1	
232	236	-1	
384	390	1	
302	310	1	
5	13	-1	
77	85	1	
79	87	1	
283	285	-1	
369	433	-1	
171	173	1	
24	29	-1	
249	255	-1	
220	228	-1	
194	198	1	
428	436	-1	
385	391	1	
205	213	-1	
168	172	1	
158	166	-1	
159	167	1	
80	144	-1	
282	346	-1	
502	510	1	
466	468	-1	
355	358	1	
Energy:	-3342	
