NumberOfQubits	504	
NumberOfSubgraphs	756	
Serial	484	
PlantedSolution:	
0	-1	
1	1	
2	1	
3	-1	
4	-1	
5	-1	
6	-1	
8	-1	
9	-1	
10	-1	
11	-1	
12	-1	
13	1	
14	-1	
15	-1	
16	-1	
17	1	
18	1	
19	-1	
20	-1	
21	1	
22	-1	
23	-1	
24	-1	
25	1	
26	1	
27	1	
28	1	
29	-1	
30	1	
31	-1	
32	-1	
33	1	
34	-1	
35	-1	
36	-1	
37	1	
38	-1	
39	1	
40	1	
41	1	
42	1	
43	-1	
44	1	
45	1	
46	-1	
47	1	
48	1	
49	1	
50	-1	
51	-1	
52	1	
53	1	
54	1	
55	1	
56	1	
57	1	
58	-1	
59	-1	
60	-1	
61	1	
62	1	
63	-1	
64	-1	
65	-1	
66	1	
67	1	
68	-1	
69	-1	
70	1	
71	-1	
72	1	
73	1	
74	1	
75	-1	
76	-1	
77	-1	
78	-1	
79	1	
80	-1	
81	-1	
82	-1	
83	-1	
84	1	
85	-1	
86	-1	
87	1	
88	-1	
89	1	
90	1	
91	-1	
92	-1	
93	-1	
94	1	
95	-1	
96	1	
97	1	
98	-1	
99	1	
100	-1	
101	-1	
102	-1	
103	1	
104	-1	
105	1	
106	-1	
107	1	
108	-1	
109	-1	
110	-1	
111	-1	
112	1	
113	1	
114	-1	
115	-1	
116	1	
117	-1	
118	1	
119	-1	
120	1	
121	1	
123	-1	
124	1	
125	-1	
126	-1	
127	-1	
128	1	
129	1	
130	-1	
131	-1	
132	-1	
133	-1	
134	1	
135	1	
136	1	
137	1	
138	-1	
139	-1	
141	1	
142	-1	
143	-1	
144	-1	
145	-1	
146	-1	
147	-1	
148	-1	
149	1	
150	-1	
151	1	
152	-1	
153	-1	
154	-1	
155	-1	
156	-1	
157	-1	
158	1	
159	-1	
160	1	
161	1	
162	-1	
163	-1	
164	1	
165	1	
166	-1	
167	-1	
168	-1	
169	-1	
170	1	
171	-1	
172	-1	
173	1	
174	1	
175	1	
176	-1	
177	1	
178	-1	
179	1	
180	-1	
181	1	
182	1	
183	-1	
184	-1	
185	1	
186	-1	
187	-1	
188	1	
189	1	
190	-1	
191	1	
192	-1	
193	1	
194	1	
195	1	
196	1	
197	-1	
198	1	
199	1	
200	1	
201	-1	
202	-1	
203	1	
204	-1	
205	-1	
206	1	
207	1	
208	-1	
209	1	
210	1	
211	1	
212	1	
213	1	
214	-1	
215	1	
216	1	
217	-1	
218	-1	
219	1	
220	-1	
221	1	
222	-1	
223	1	
224	1	
225	1	
226	-1	
227	-1	
228	-1	
229	1	
230	1	
231	-1	
232	-1	
233	1	
234	1	
235	1	
236	-1	
237	1	
238	-1	
239	1	
240	1	
241	-1	
242	1	
243	-1	
244	1	
245	1	
246	-1	
247	1	
248	1	
249	1	
250	1	
251	-1	
252	-1	
253	-1	
254	1	
255	-1	
256	1	
257	1	
258	-1	
259	1	
260	1	
261	-1	
262	1	
263	-1	
264	1	
265	1	
266	1	
267	1	
268	-1	
269	1	
270	-1	
271	-1	
272	-1	
273	-1	
274	-1	
275	-1	
276	1	
277	1	
278	1	
279	-1	
280	-1	
281	-1	
282	-1	
283	-1	
284	1	
285	1	
286	-1	
287	1	
288	-1	
289	1	
290	1	
291	-1	
292	-1	
293	1	
294	1	
295	-1	
296	1	
297	-1	
298	1	
299	1	
300	1	
301	-1	
302	-1	
303	-1	
304	1	
305	1	
306	1	
307	-1	
308	1	
309	-1	
310	1	
311	-1	
312	1	
313	-1	
314	-1	
315	-1	
316	1	
317	-1	
318	-1	
319	1	
320	1	
321	1	
322	-1	
323	1	
324	1	
325	1	
326	1	
327	1	
328	1	
329	-1	
330	-1	
331	-1	
332	1	
333	1	
334	-1	
335	1	
336	1	
337	1	
338	-1	
339	-1	
340	1	
341	1	
342	-1	
343	-1	
344	-1	
345	1	
346	-1	
347	-1	
348	1	
349	-1	
350	1	
351	1	
352	-1	
353	1	
354	-1	
355	1	
356	-1	
357	1	
358	-1	
359	-1	
361	-1	
362	1	
363	-1	
364	-1	
365	1	
367	1	
368	1	
369	-1	
370	1	
371	-1	
372	-1	
373	-1	
374	1	
375	-1	
376	-1	
377	-1	
378	1	
379	-1	
380	1	
382	1	
383	1	
384	1	
385	1	
386	-1	
387	1	
388	1	
389	1	
390	1	
391	1	
392	1	
393	-1	
394	1	
396	-1	
397	-1	
398	-1	
399	1	
400	1	
401	-1	
402	-1	
403	-1	
404	-1	
405	1	
406	-1	
407	1	
408	-1	
409	1	
410	1	
411	1	
412	-1	
413	1	
414	-1	
415	1	
416	1	
417	-1	
418	1	
419	-1	
420	-1	
421	1	
422	1	
424	1	
425	1	
426	1	
427	1	
428	-1	
429	1	
430	1	
431	-1	
432	-1	
433	1	
434	-1	
435	-1	
436	1	
437	1	
438	1	
439	1	
440	-1	
441	1	
442	-1	
443	-1	
444	1	
445	1	
446	-1	
447	1	
448	-1	
449	1	
450	1	
451	1	
452	1	
453	1	
454	1	
455	-1	
456	1	
457	1	
458	1	
459	1	
460	-1	
461	1	
462	-1	
463	1	
464	-1	
465	-1	
466	1	
467	-1	
468	-1	
469	1	
470	-1	
471	-1	
472	1	
473	1	
474	-1	
475	1	
476	1	
477	1	
478	1	
479	-1	
480	1	
481	-1	
482	1	
483	-1	
484	1	
485	-1	
486	-1	
487	1	
488	-1	
489	1	
490	-1	
491	1	
492	-1	
493	1	
494	1	
495	1	
496	1	
497	-1	
498	1	
499	1	
500	1	
501	1	
502	-1	
503	-1	
504	-1	
505	1	
506	-1	
507	1	
508	1	
509	1	
510	1	
511	1	
Js:	
82	86	-4	
86	94	-2	
90	94	-4	
90	95	6	
87	95	4	
82	87	4	
394	396	3	
396	404	-4	
400	404	4	
400	406	-3	
398	406	-4	
394	398	4	
67	68	4	
68	76	-5	
74	76	3	
74	78	4	
70	78	4	
67	70	-4	
56	60	5	
59	60	-3	
59	63	-5	
58	63	-5	
58	61	5	
56	61	-6	
459	460	6	
460	468	-2	
466	468	-5	
466	469	-5	
461	469	-2	
459	461	-4	
240	245	-4	
245	253	4	
250	253	3	
250	254	4	
246	254	4	
240	246	3	
272	279	-4	
273	279	-5	
273	337	2	
337	342	5	
336	342	4	
272	336	2	
323	324	-4	
324	332	-5	
330	332	-4	
330	334	-2	
326	334	5	
323	326	-4	
210	214	4	
214	222	-2	
219	222	4	
219	223	3	
215	223	-3	
210	215	-3	
475	476	-3	
476	484	-3	
482	484	-5	
482	487	-5	
479	487	3	
475	479	-4	
225	228	5	
226	228	-3	
226	290	-2	
290	293	-3	
289	293	-6	
225	289	-2	
259	260	-3	
260	268	5	
264	268	3	
264	270	-5	
262	270	4	
259	262	-5	
152	158	4	
153	158	2	
153	217	-2	
217	221	3	
216	221	-3	
152	216	-3	
496	500	-4	
500	508	-4	
504	508	5	
504	510	4	
502	510	4	
496	502	6	
441	445	-2	
443	445	4	
443	507	4	
507	511	-3	
505	511	-5	
441	505	3	
179	180	5	
180	188	2	
186	188	2	
186	190	-5	
182	190	3	
179	182	3	
41	44	-6	
43	44	6	
43	46	-4	
40	46	6	
40	47	-5	
41	47	5	
26	29	3	
27	29	6	
27	30	-3	
25	30	-4	
25	31	3	
26	31	5	
449	452	-5	
450	452	-5	
450	455	3	
451	455	2	
451	454	5	
449	454	-5	
227	230	4	
230	238	-4	
233	238	5	
233	239	-3	
231	239	3	
227	231	-4	
129	135	2	
131	135	6	
131	195	1	
195	198	-5	
193	198	-4	
129	193	-2	
369	372	4	
372	380	4	
376	380	4	
376	383	3	
375	383	4	
369	375	-4	
168	173	3	
171	173	4	
171	235	3	
235	237	-6	
232	237	6	
168	232	-2	
0	6	5	
2	6	5	
2	66	-5	
66	69	3	
64	69	-4	
0	64	-4	
488	492	-6	
489	492	5	
489	495	5	
490	495	5	
490	494	3	
488	494	4	
201	207	5	
202	207	5	
202	266	2	
266	269	-4	
265	269	-4	
201	265	-1	
361	365	6	
363	365	4	
363	427	2	
427	430	-5	
425	430	-4	
361	425	4	
98	100	-4	
99	100	6	
99	103	-4	
96	103	-6	
96	101	4	
98	101	-3	
105	111	-2	
106	111	-4	
106	170	3	
170	175	-7	
169	175	3	
105	169	3	
352	356	3	
353	356	5	
353	359	4	
354	359	-4	
354	358	-3	
352	358	-6	
298	300	5	
299	300	-6	
299	301	4	
296	301	4	
296	303	6	
298	303	2	
121	125	5	
123	125	-7	
123	126	-5	
120	126	4	
120	127	4	
121	127	4	
280	284	-4	
281	284	3	
281	345	3	
345	350	-2	
344	350	3	
280	344	-3	
305	309	4	
307	309	-4	
307	311	-4	
304	311	5	
304	310	-4	
305	310	-5	
8	13	4	
10	13	4	
10	15	-4	
9	15	-6	
9	14	-3	
8	14	-5	
161	164	-2	
162	164	-4	
162	167	-5	
163	167	-3	
163	166	-4	
161	166	5	
424	428	3	
428	436	3	
435	436	4	
435	437	4	
429	437	3	
424	429	-5	
50	55	3	
51	55	3	
51	115	4	
115	118	4	
114	118	2	
50	114	-4	
144	151	3	
147	151	4	
147	211	3	
211	212	-3	
208	212	4	
144	208	-2	
136	141	-4	
138	141	-5	
138	142	-4	
137	142	3	
137	143	3	
136	143	5	
403	405	4	
405	413	-3	
410	413	-2	
410	415	-5	
407	415	-3	
403	407	4	
17	20	-4	
18	20	5	
18	21	-4	
19	21	5	
19	23	-5	
17	23	5	
384	389	4	
387	389	-4	
387	390	-4	
385	390	-4	
385	391	-2	
384	391	-4	
312	317	3	
314	317	-3	
314	318	-3	
315	318	-4	
315	319	5	
312	319	-4	
416	422	-3	
417	422	4	
417	481	-4	
481	485	-3	
480	485	-4	
416	480	-4	
128	132	4	
130	132	-6	
130	194	-2	
194	196	-5	
192	196	3	
128	192	1	
33	36	3	
35	36	-3	
35	38	-5	
32	38	2	
32	37	4	
33	37	-3	
275	277	2	
277	285	-4	
282	285	4	
282	286	-4	
278	286	2	
275	278	5	
80	84	3	
84	92	3	
91	92	-4	
91	93	-4	
85	93	-3	
80	85	-3	
185	191	4	
187	191	4	
187	251	-3	
251	252	-6	
249	252	4	
185	249	-4	
329	333	5	
333	341	-1	
338	341	4	
338	343	-5	
335	343	1	
329	335	-4	
368	373	5	
370	373	4	
370	434	3	
434	438	3	
432	438	5	
368	432	3	
256	263	3	
258	263	-6	
258	322	-1	
322	327	4	
320	327	-4	
256	320	2	
408	412	-2	
409	412	5	
409	473	3	
473	478	-3	
472	478	-3	
408	472	5	
112	116	-3	
113	116	-4	
113	177	-2	
177	183	6	
176	183	-5	
112	176	2	
392	397	4	
393	397	4	
393	457	2	
457	462	7	
456	462	3	
392	456	-3	
145	148	-6	
148	156	-3	
155	156	-3	
155	157	-4	
149	157	3	
145	149	5	
234	236	4	
236	244	4	
242	244	3	
242	247	-3	
239	247	-3	
234	239	-5	
202	204	-3	
203	204	-3	
203	205	5	
200	205	5	
200	206	-3	
202	206	3	
440	444	-4	
441	444	-4	
441	446	4	
442	446	-3	
442	447	2	
440	447	4	
104	108	-4	
107	108	3	
107	109	4	
105	109	2	
105	110	4	
104	110	2	
433	439	4	
435	439	2	
435	499	4	
499	501	-3	
497	501	5	
433	497	5	
464	469	3	
467	469	5	
467	471	-4	
465	471	-4	
465	470	-7	
464	470	-5	
73	76	5	
75	76	-4	
75	79	5	
72	79	-5	
72	77	3	
73	77	-2	
283	286	-4	
286	294	-1	
291	294	6	
291	295	-4	
287	295	2	
283	287	5	
1	4	5	
3	4	-7	
3	67	-3	
67	71	4	
65	71	-4	
1	65	4	
42	45	-5	
45	53	3	
49	53	-5	
49	54	-5	
46	54	1	
42	46	4	
344	348	4	
346	348	-3	
346	349	-4	
347	349	-2	
347	351	4	
344	351	4	
313	316	4	
314	316	8	
314	378	-4	
378	382	-6	
377	382	3	
313	377	-6	
354	357	5	
355	357	-5	
355	419	2	
419	421	3	
418	421	-4	
354	418	-2	
11	12	-6	
12	20	-3	
16	20	-2	
16	22	-6	
14	22	2	
11	14	-5	
264	271	4	
267	271	3	
267	331	5	
331	334	-5	
328	334	3	
264	328	-4	
274	276	3	
275	276	6	
275	339	-2	
339	340	5	
338	340	4	
274	338	2	
160	165	-5	
162	165	4	
162	226	-2	
226	229	5	
224	229	5	
160	224	-3	
24	28	2	
25	28	-5	
25	89	-3	
89	92	-2	
88	92	-4	
24	88	-5	
297	302	-4	
298	302	5	
298	362	-2	
362	367	-3	
361	367	-4	
297	361	-1	
209	212	-3	
212	220	1	
218	220	-7	
218	221	4	
213	221	2	
209	213	-4	
498	501	-3	
501	509	-4	
506	509	5	
506	511	4	
503	511	-4	
498	503	4	
178	181	-6	
181	189	-2	
184	189	5	
184	190	-4	
178	182	5	
448	453	4	
453	461	-3	
458	461	2	
458	463	-7	
455	463	3	
448	455	-5	
321	325	-3	
322	325	3	
322	386	-2	
386	388	2	
385	388	-5	
321	385	4	
33	39	-4	
34	39	4	
34	98	-2	
98	102	-6	
97	102	3	
33	97	-4	
474	477	5	
477	485	-3	
483	485	-4	
483	486	-3	
478	486	3	
474	478	4	
146	150	-5	
150	158	2	
154	158	4	
154	159	-4	
151	159	-2	
146	151	4	
48	52	5	
52	60	2	
57	60	4	
57	62	-6	
54	62	-3	
48	54	-4	
306	308	-5	
307	308	5	
307	371	-2	
371	374	4	
370	374	-3	
306	370	2	
426	431	2	
427	431	5	
427	491	-2	
491	493	-6	
490	493	7	
426	490	-2	
129	133	-3	
133	141	2	
139	141	3	
139	142	-4	
134	142	2	
129	134	-5	
192	197	-5	
193	197	3	
193	257	2	
257	261	5	
256	261	6	
192	256	3	
411	412	4	
412	420	-2	
418	420	4	
418	422	-4	
414	422	4	
411	414	2	
243	246	4	
248	254	-5	
248	255	3	
247	255	3	
243	247	5	
170	172	3	
171	172	3	
171	174	4	
169	174	3	
290	292	4	
291	292	-4	
288	294	4	
288	295	2	
290	295	5	
114	116	4	
114	117	-4	
112	117	6	
112	119	-2	
113	119	3	
401	405	4	
402	407	-4	
402	406	-4	
401	406	-3	
81	85	-4	
83	85	-4	
83	147	-3	
147	149	3	
81	145	-3	
0	4	-3	
4	12	1	
10	12	-4	
5	13	1	
0	5	-6	
390	398	4	
394	399	-6	
391	399	-5	
387	391	2	
120	124	7	
123	124	3	
121	126	4	
194	199	-5	
195	199	-4	
195	259	2	
258	262	3	
194	258	3	
371	372	-4	
379	380	-3	
379	383	6	
371	375	-2	
177	180	4	
179	243	3	
243	244	5	
241	244	-2	
177	241	2	
356	364	-3	
362	364	6	
362	365	-5	
357	365	1	
353	357	-3	
323	325	-3	
325	333	-5	
327	335	-5	
323	327	-3	
434	439	3	
434	498	3	
497	503	-3	
24	30	4	
30	38	-3	
35	39	4	
31	39	4	
24	31	-4	
304	308	-5	
306	309	-1	
282	284	4	
283	284	3	
281	287	5	
281	285	-3	
40	44	-2	
44	52	-2	
50	52	3	
50	53	5	
40	45	-3	
209	214	5	
210	274	4	
274	278	5	
273	278	-3	
209	273	3	
64	68	-3	
66	68	-4	
66	70	-3	
65	70	4	
64	71	-5	
94	102	3	
97	103	-3	
95	103	-1	
224	228	4	
225	230	-4	
227	229	4	
408	413	3	
409	413	-4	
473	479	5	
472	479	3	
154	157	-4	
157	165	2	
161	165	-4	
161	167	4	
159	167	-4	
443	444	4	
507	510	-4	
440	504	-2	
8	15	-5	
9	73	-3	
73	78	5	
72	78	3	
8	72	2	
347	350	4	
350	358	1	
352	359	-3	
351	359	-1	
96	100	2	
99	163	3	
163	164	6	
160	164	1	
96	160	-2	
109	117	-2	
115	117	-1	
115	119	-5	
111	119	1	
107	111	5	
16	21	3	
18	82	3	
80	86	-3	
16	80	3	
448	452	4	
450	454	-4	
451	453	-6	
467	468	-3	
467	470	-2	
464	471	-4	
466	471	3	
130	133	-2	
131	133	-6	
128	135	-5	
128	134	4	
130	134	4	
481	484	-4	
483	487	3	
481	486	-5	
489	493	-4	
491	495	-3	
488	495	4	
489	494	-4	
248	253	4	
251	253	-4	
251	315	1	
312	318	6	
248	312	-2	
296	300	-3	
299	303	2	
297	303	-5	
297	301	-4	
425	428	6	
426	428	5	
426	430	-3	
424	430	-3	
424	431	5	
425	431	-3	
203	206	-5	
201	206	2	
200	207	-2	
456	460	4	
459	463	-5	
457	463	2	
388	396	4	
393	396	-4	
389	397	5	
386	389	4	
184	188	6	
185	188	-5	
186	191	4	
186	189	4	
74	77	-4	
75	77	-4	
75	139	-2	
139	143	-5	
138	143	-3	
74	138	2	
265	268	-3	
267	268	4	
267	269	-3	
266	271	3	
265	271	4	
152	156	-3	
153	156	-4	
217	223	4	
216	223	-4	
19	83	2	
83	84	4	
81	84	3	
17	81	2	
232	236	-3	
233	236	4	
235	238	3	
336	341	-5	
339	341	4	
339	342	3	
337	343	4	
336	343	4	
57	61	-2	
58	62	2	
56	63	-1	
411	415	-5	
411	475	-4	
474	476	4	
410	474	2	
432	437	4	
437	445	-3	
442	445	5	
438	446	-4	
27	28	6	
28	36	2	
32	36	-4	
29	37	3	
178	183	-3	
178	242	-1	
242	245	-4	
176	240	4	
417	420	-3	
419	420	-6	
416	421	-4	
506	508	3	
506	510	-3	
257	321	-1	
321	324	-3	
320	324	-3	
328	332	-4	
330	394	3	
392	399	-4	
328	392	-1	
42	47	-5	
42	106	3	
106	108	-2	
105	108	5	
41	105	-2	
208	213	4	
211	213	-6	
211	275	1	
272	276	3	
208	272	4	
3	5	-3	
2	5	6	
1	6	3	
49	55	-5	
113	118	-4	
49	113	-2	
370	375	-5	
369	374	4	
368	374	-5	
146	148	-4	
146	149	2	
144	149	3	
144	150	-6	
145	150	1	
173	181	-2	
174	182	-3	
168	174	2	
336	340	-2	
340	348	-3	
345	348	-4	
345	349	-5	
341	349	4	
155	158	5	
155	219	-1	
219	220	3	
154	218	-2	
288	292	-5	
289	292	-2	
289	295	4	
288	293	5	
402	404	-2	
401	407	4	
400	405	-4	
251	255	-2	
250	255	5	
249	254	-3	
89	94	-3	
91	94	4	
88	93	-2	
355	356	-2	
363	364	-4	
363	367	7	
359	367	2	
355	359	4	
195	197	-3	
193	199	-3	
192	198	4	
101	109	-4	
104	109	-3	
102	110	-4	
376	382	3	
379	382	4	
379	443	-2	
443	447	-2	
376	440	-3	
136	142	5	
137	201	5	
201	204	-2	
200	204	-4	
136	200	-3	
309	317	3	
315	317	-5	
311	319	4	
505	509	-4	
499	503	4	
272	277	4	
280	285	2	
280	287	-2	
279	287	3	
57	63	4	
59	123	1	
123	127	-4	
57	121	-2	
408	414	2	
410	414	5	
472	477	-5	
320	326	-3	
321	326	-3	
320	384	-2	
34	36	-5	
36	44	1	
43	45	4	
37	45	1	
34	37	3	
65	69	-3	
67	69	2	
67	131	-1	
131	132	-3	
129	132	5	
65	129	1	
234	238	2	
225	231	4	
258	260	4	
263	271	3	
21	29	2	
26	30	-4	
22	30	2	
18	22	4	
77	85	-1	
83	87	2	
79	87	1	
458	462	5	
462	470	1	
463	471	1	
426	429	-4	
164	172	2	
166	174	2	
265	270	1	
267	270	3	
331	332	-2	
329	332	2	
265	329	3	
480	484	-1	
484	492	1	
491	492	-2	
491	494	-5	
486	494	1	
480	486	5	
217	222	-5	
209	215	3	
185	189	-3	
187	189	4	
184	191	3	
241	245	4	
241	247	3	
51	52	5	
51	54	2	
48	53	-1	
451	452	-3	
449	453	1	
449	455	5	
338	342	-3	
342	350	4	
346	350	4	
346	351	4	
343	351	-3	
11	13	-3	
10	14	-3	
196	204	3	
197	205	-4	
194	197	3	
116	124	-3	
118	126	3	
112	118	-3	
308	316	-2	
312	316	-2	
172	180	-2	
175	183	-1	
73	79	-2	
27	91	2	
89	93	4	
144	148	-2	
147	148	3	
418	482	-4	
480	487	-4	
227	228	-4	
227	291	1	
224	288	1	
43	107	1	
104	111	-3	
40	104	-2	
82	84	4	
80	87	4	
81	86	-3	
384	388	-3	
387	388	-4	
386	390	3	
384	390	3	
280	286	-4	
282	346	-2	
66	130	1	
130	135	3	
64	128	-1	
475	478	-4	
19	20	-3	
16	23	-4	
17	22	3	
153	157	-4	
153	159	-3	
152	159	3	
433	436	-2	
434	436	4	
498	502	-2	
497	502	-4	
361	364	-3	
160	166	5	
393	398	-3	
169	173	3	
169	233	-2	
97	100	2	
97	101	3	
427	429	-3	
419	483	-4	
465	468	-3	
465	469	2	
322	326	-3	
328	335	-4	
241	246	-3	
242	246	4	
242	306	-3	
306	310	4	
241	305	4	
58	60	4	
59	61	5	
59	62	4	
56	62	-3	
441	447	-4	
439	447	-4	
432	439	2	
216	220	4	
219	221	-4	
216	222	3	
371	373	-4	
26	90	4	
88	95	-3	
259	261	4	
261	269	2	
266	270	5	
176	181	2	
179	181	-4	
240	244	-3	
488	493	2	
283	347	-2	
137	141	-6	
138	202	-4	
3	6	-5	
33	38	4	
507	508	-3	
507	509	-2	
505	510	-3	
355	358	3	
273	276	2	
274	279	1	
378	380	-3	
48	55	-6	
48	112	-2	
187	190	-4	
250	252	3	
186	250	-3	
337	340	3	
339	403	-3	
403	404	-3	
401	404	-3	
337	401	4	
234	237	-3	
235	299	3	
299	302	2	
234	298	-3	
106	110	-3	
142	150	-2	
143	151	-2	
330	333	4	
457	461	-3	
456	461	-4	
226	231	-4	
257	263	2	
448	454	3	
313	318	-4	
468	476	2	
469	477	1	
442	444	3	
443	446	-2	
440	446	-3	
440	445	-2	
204	212	3	
210	212	-4	
206	214	2	
432	436	2	
499	500	-4	
432	496	-2	
128	133	3	
406	414	-2	
400	407	-3	
119	127	-4	
114	119	-3	
8	12	-2	
11	15	-2	
9	13	4	
394	458	1	
458	460	3	
292	300	2	
293	301	-1	
208	215	3	
274	277	3	
466	470	2	
470	478	1	
471	479	-2	
163	227	-1	
331	333	3	
329	334	-2	
330	335	3	
347	348	3	
347	411	3	
411	413	-2	
344	408	2	
249	255	5	
370	372	1	
377	380	4	
377	383	4	
352	357	-3	
416	420	3	
352	416	2	
72	76	2	
73	137	1	
72	136	-1	
34	38	-4	
504	511	2	
113	117	3	
117	125	-2	
83	86	-3	
18	23	2	
69	77	-4	
64	70	3	
424	488	2	
100	108	-3	
99	101	-3	
179	183	2	
177	182	-2	
168	172	-4	
170	174	-4	
168	175	3	
336	400	-3	
49	52	1	
51	53	4	
218	282	-3	
216	280	3	
483	484	4	
482	485	3	
323	387	-2	
362	426	2	
154	156	2	
238	246	-2	
229	237	1	
232	239	2	
269	277	2	
273	277	3	
271	279	-3	
200	264	-1	
219	283	-3	
217	281	-3	
90	93	2	
98	162	-2	
97	161	-3	
304	368	1	
1	5	4	
289	294	-3	
294	302	2	
296	302	2	
295	303	1	
145	151	3	
145	209	2	
320	325	4	
386	391	5	
249	313	1	
313	319	-3	
413	421	2	
417	421	3	
409	414	3	
433	437	-2	
41	45	2	
450	453	-4	
496	503	-1	
353	358	5	
9	12	2	
257	260	-4	
257	262	-4	
135	143	2	
155	159	-2	
472	476	2	
473	476	-4	
474	479	-3	
82	85	3	
81	87	3	
32	39	4	
32	96	-2	
490	492	-3	
442	506	-3	
115	116	-3	
121	124	-3	
55	63	-1	
195	196	-3	
192	199	-2	
71	79	-3	
176	180	-3	
240	247	3	
369	373	-3	
433	438	-3	
369	433	2	
301	309	-4	
305	311	2	
303	311	2	
338	402	-2	
394	397	3	
385	389	1	
89	95	3	
89	153	3	
88	152	-4	
165	173	-2	
167	175	-2	
284	292	1	
291	293	1	
285	293	2	
20	28	1	
25	29	-1	
228	236	-2	
235	236	1	
315	379	-3	
312	376	-3	
427	428	1	
482	486	-1	
193	196	-4	
139	203	-4	
345	351	-2	
345	409	2	
313	317	-2	
378	383	-3	
504	509	-5	
249	253	3	
131	134	3	
96	102	2	
107	110	-3	
103	111	3	
258	261	-1	
256	262	2	
392	398	3	
65	68	-2	
403	467	-4	
400	464	-3	
232	296	3	
120	125	2	
276	284	-3	
266	330	2	
434	437	2	
431	439	3	
346	410	1	
408	415	4	
475	477	-3	
497	500	1	
498	500	-4	
496	501	-3	
217	220	-1	
218	223	1	
218	222	-3	
19	22	-3	
106	109	3	
110	118	2	
368	372	3	
371	435	-2	
435	438	-2	
322	324	3	
321	327	-2	
224	231	2	
187	188	3	
185	190	-2	
457	460	2	
11	75	-2	
10	74	3	
290	294	-2	
43	47	3	
41	46	3	
328	333	-2	
82	146	2	
80	144	-2	
421	429	-2	
422	430	2	
235	239	-2	
233	297	3	
169	172	-4	
104	168	4	
211	214	-2	
211	215	-3	
207	215	-3	
88	94	2	
365	373	2	
367	375	2	
50	54	3	
403	406	-2	
402	466	-3	
158	166	-1	
35	37	4	
354	356	-2	
259	263	4	
410	412	-3	
409	415	-1	
75	78	1	
221	229	-2	
226	230	2	
222	230	-1	
13	21	-2	
17	21	2	
15	23	-1	
202	205	-1	
201	205	-3	
248	252	2	
184	248	2	
298	301	-1	
304	309	2	
302	310	3	
170	173	-2	
66	71	2	
492	500	1	
495	503	-2	
90	92	-2	
464	468	-3	
456	463	2	
283	285	3	
377	441	-1	
481	487	2	
24	29	-3	
42	44	1	
266	268	2	
268	276	-1	
270	278	2	
198	206	-3	
203	207	-1	
199	207	2	
56	120	1	
402	405	3	
92	100	1	
329	393	-2	
232	238	2	
108	116	-1	
386	450	2	
384	448	2	
499	502	-1	
291	355	2	
290	354	-2	
224	230	-3	
353	417	2	
281	286	1	
156	164	3	
74	79	2	
35	99	2	
387	451	-2	
385	449	-2	
210	213	-2	
107	171	2	
171	175	2	
459	462	3	
300	308	-1	
344	349	-2	
244	252	1	
251	254	2	
436	444	-3	
264	269	-1	
419	422	1	
404	412	-2	
170	234	1	
374	382	-2	
315	316	2	
256	260	2	
378	442	2	
392	396	3	
393	399	-3	
90	154	2	
243	307	-2	
305	308	2	
505	508	-3	
183	191	-1	
76	84	1	
78	86	1	
473	477	1	
339	343	1	
225	229	1	
430	438	-1	
2	4	2	
115	179	1	
177	181	-2	
297	300	-1	
91	95	-1	
91	155	3	
98	103	-1	
348	356	1	
349	357	1	
147	150	2	
194	198	-2	
114	178	1	
176	182	2	
299	363	1	
275	279	-2	
161	225	-2	
26	28	-2	
233	237	-1	
152	157	-1	
306	311	1	
305	369	1	
314	319	-2	
364	372	2	
23	31	1	
93	101	1	
307	310	-1	
425	429	1	
331	335	1	
223	231	-1	
332	340	1	
334	342	-1	
178	180	-2	
208	214	-1	
240	304	1	
310	318	1	
401	465	-2	
494	502	1	
282	287	-1	
243	245	-1	
237	245	-1	
452	460	-1	
272	278	1	
368	375	1	
162	166	1	
163	165	1	
27	31	-1	
289	353	1	
288	352	-1	
146	210	-1	
454	462	-1	
485	493	1	
487	495	1	
Energy:	-3322	
