NumberOfQubits	504	
NumberOfSubgraphs	420	
Serial	133	
PlantedSolution:	
0	1	
1	-1	
2	1	
3	-1	
4	-1	
5	-1	
6	-1	
8	-1	
9	-1	
10	-1	
11	-1	
12	1	
13	-1	
14	-1	
15	1	
16	1	
17	-1	
18	1	
19	1	
20	1	
21	-1	
22	-1	
23	-1	
24	1	
25	1	
26	-1	
27	1	
28	-1	
29	1	
30	-1	
31	1	
32	-1	
33	1	
34	-1	
35	-1	
36	1	
37	1	
38	1	
39	-1	
40	1	
41	-1	
42	1	
43	1	
44	-1	
45	-1	
46	-1	
47	1	
48	1	
49	1	
50	-1	
51	1	
52	1	
53	1	
54	-1	
55	-1	
56	1	
57	1	
58	1	
59	-1	
60	1	
61	-1	
62	-1	
63	1	
64	1	
65	1	
66	1	
67	-1	
68	-1	
69	-1	
70	1	
71	-1	
72	-1	
73	-1	
74	-1	
75	1	
76	1	
77	1	
78	1	
79	-1	
80	-1	
81	-1	
82	1	
83	1	
84	1	
85	1	
86	-1	
87	1	
88	-1	
89	-1	
90	-1	
91	1	
92	1	
93	-1	
94	1	
95	1	
96	-1	
97	1	
98	-1	
99	-1	
100	1	
101	1	
102	-1	
103	-1	
104	-1	
105	-1	
106	-1	
107	1	
108	1	
109	-1	
110	1	
111	1	
112	-1	
113	1	
114	-1	
115	-1	
116	1	
117	-1	
118	1	
119	-1	
120	1	
121	-1	
123	1	
124	-1	
125	1	
126	-1	
127	-1	
128	1	
129	1	
130	1	
131	-1	
132	1	
133	1	
134	1	
135	-1	
136	1	
137	1	
138	1	
139	-1	
141	1	
142	-1	
143	1	
144	1	
145	-1	
146	-1	
147	-1	
148	1	
149	-1	
150	-1	
151	1	
152	-1	
153	-1	
154	-1	
155	-1	
156	-1	
157	1	
158	-1	
159	-1	
160	1	
161	1	
162	1	
163	1	
164	1	
165	1	
166	1	
167	-1	
168	-1	
169	1	
170	1	
171	1	
172	-1	
173	-1	
174	-1	
175	-1	
176	-1	
177	-1	
178	1	
179	1	
180	-1	
181	-1	
182	1	
183	1	
184	-1	
185	1	
186	-1	
187	1	
188	-1	
189	-1	
190	-1	
191	1	
192	-1	
193	1	
194	1	
195	-1	
196	-1	
197	1	
198	-1	
199	1	
200	-1	
201	-1	
202	-1	
203	-1	
204	1	
205	-1	
206	-1	
207	-1	
208	1	
209	-1	
210	1	
211	-1	
212	-1	
213	-1	
214	1	
215	1	
216	1	
217	1	
218	-1	
219	1	
220	1	
221	-1	
222	-1	
223	1	
224	1	
225	-1	
226	1	
227	-1	
228	1	
229	-1	
230	1	
231	1	
232	-1	
233	-1	
234	-1	
235	1	
236	1	
237	1	
238	1	
239	-1	
240	1	
241	-1	
242	1	
243	-1	
244	1	
245	1	
246	-1	
247	-1	
248	1	
249	1	
250	-1	
251	1	
252	-1	
253	-1	
254	-1	
255	-1	
256	1	
257	1	
258	-1	
259	-1	
260	-1	
261	1	
262	1	
263	1	
264	-1	
265	1	
266	-1	
267	-1	
268	1	
269	-1	
270	-1	
271	1	
272	1	
273	1	
274	1	
275	-1	
276	-1	
277	1	
278	1	
279	1	
280	1	
281	1	
282	-1	
283	-1	
284	-1	
285	1	
286	-1	
287	1	
288	-1	
289	-1	
290	-1	
291	-1	
292	-1	
293	1	
294	-1	
295	1	
296	1	
297	-1	
298	-1	
299	1	
300	-1	
301	-1	
302	1	
303	-1	
304	1	
305	1	
306	-1	
307	-1	
308	-1	
309	1	
310	1	
311	-1	
312	1	
313	1	
314	1	
315	1	
316	-1	
317	-1	
318	-1	
319	1	
320	-1	
321	-1	
322	1	
323	1	
324	-1	
325	-1	
326	1	
327	-1	
328	1	
329	1	
330	1	
331	1	
332	-1	
333	1	
334	1	
335	1	
336	1	
337	1	
338	-1	
339	1	
340	-1	
341	1	
342	1	
343	1	
344	1	
345	1	
346	-1	
347	1	
348	1	
349	-1	
350	-1	
351	-1	
352	1	
353	-1	
354	1	
355	1	
356	1	
357	1	
358	-1	
359	1	
361	1	
362	-1	
363	1	
364	-1	
365	1	
367	1	
368	1	
369	1	
370	1	
371	-1	
372	-1	
373	1	
374	1	
375	-1	
376	-1	
377	-1	
378	1	
379	-1	
380	-1	
382	1	
383	1	
384	1	
385	-1	
386	-1	
387	1	
388	1	
389	-1	
390	1	
391	-1	
392	-1	
393	1	
394	-1	
396	-1	
397	1	
398	1	
399	-1	
400	-1	
401	1	
402	1	
403	1	
404	1	
405	1	
406	-1	
407	1	
408	-1	
409	1	
410	-1	
411	1	
412	1	
413	1	
414	1	
415	1	
416	-1	
417	1	
418	1	
419	1	
420	-1	
421	-1	
422	1	
424	1	
425	-1	
426	-1	
427	-1	
428	1	
429	1	
430	-1	
431	-1	
432	1	
433	1	
434	1	
435	-1	
436	-1	
437	-1	
438	-1	
439	1	
440	-1	
441	1	
442	1	
443	-1	
444	-1	
445	-1	
446	-1	
447	-1	
448	1	
449	1	
450	1	
451	1	
452	1	
453	1	
454	1	
455	1	
456	1	
457	1	
458	1	
459	-1	
460	-1	
461	1	
462	1	
463	-1	
464	-1	
465	1	
466	-1	
467	1	
468	1	
469	1	
470	1	
471	-1	
472	-1	
473	-1	
474	-1	
475	-1	
476	1	
477	1	
478	-1	
479	1	
480	1	
481	1	
482	1	
483	1	
484	1	
485	-1	
486	-1	
487	1	
488	1	
489	-1	
490	1	
491	1	
492	1	
493	-1	
494	1	
495	1	
496	-1	
497	-1	
498	1	
499	1	
500	1	
501	-1	
502	1	
503	1	
504	-1	
505	1	
506	1	
507	-1	
508	1	
509	1	
510	-1	
511	1	
Js:	
376	382	3	
377	382	1	
377	441	-2	
441	445	4	
440	445	-3	
376	440	-1	
146	148	3	
147	148	2	
147	151	3	
144	151	-2	
144	150	4	
146	150	-3	
185	190	3	
186	190	-2	
186	250	-1	
250	254	2	
249	254	3	
185	249	-1	
74	76	3	
75	76	1	
75	78	-3	
72	78	2	
72	79	-4	
74	79	-2	
241	244	4	
242	244	-1	
242	247	3	
243	247	-2	
243	246	-4	
241	246	3	
200	204	2	
201	204	3	
201	206	-2	
202	206	-2	
202	205	2	
200	205	-2	
272	276	1	
273	276	-1	
273	277	-2	
274	277	-2	
274	279	-2	
272	279	-3	
416	421	-3	
418	421	1	
418	482	-3	
482	485	2	
480	485	-2	
416	480	3	
98	101	3	
101	109	3	
106	109	-3	
106	111	2	
103	111	-1	
98	103	-2	
170	172	2	
171	172	4	
171	173	-1	
169	173	2	
169	175	2	
170	175	3	
385	388	2	
388	396	3	
393	396	2	
393	397	3	
389	397	3	
385	389	-2	
128	133	-3	
133	141	-2	
137	141	-2	
137	142	3	
134	142	2	
128	134	2	
225	228	3	
227	228	2	
227	291	1	
291	292	-1	
289	292	-2	
225	289	-1	
424	429	-2	
429	437	2	
433	437	2	
433	438	2	
430	438	-2	
424	430	-2	
256	260	3	
257	260	3	
257	262	-3	
258	262	4	
258	261	4	
256	261	-2	
16	20	-2	
18	20	1	
18	21	4	
19	21	2	
19	22	3	
16	22	4	
81	86	-2	
86	94	2	
88	94	3	
88	95	2	
87	95	-2	
81	87	3	
361	367	-3	
362	367	3	
362	426	-2	
426	428	1	
425	428	3	
361	425	-1	
450	453	-2	
453	461	1	
459	461	3	
459	462	3	
454	462	-2	
450	454	-3	
401	405	-1	
403	405	-4	
403	467	-2	
467	470	-2	
465	470	-4	
401	465	1	
184	188	-2	
187	188	4	
187	251	-1	
251	252	1	
248	252	-3	
184	248	1	
331	332	-3	
332	340	-1	
336	340	4	
336	342	-2	
334	342	-2	
331	334	-3	
489	492	3	
490	492	-2	
490	494	-3	
488	494	-5	
488	493	3	
489	493	-3	
48	52	-2	
51	52	-3	
51	54	4	
50	54	1	
50	55	-3	
48	55	2	
112	118	2	
115	118	2	
115	179	1	
179	182	-2	
176	182	1	
112	176	1	
288	294	-3	
290	294	-1	
290	354	3	
354	359	-1	
352	359	-2	
288	352	-1	
369	373	-2	
370	373	-3	
370	374	1	
371	374	1	
371	375	-2	
369	375	2	
26	29	3	
27	29	-2	
27	91	-2	
91	92	-2	
90	92	-2	
26	90	-1	
153	157	1	
154	157	2	
154	158	-3	
152	158	-4	
152	159	2	
153	159	-2	
232	236	3	
233	236	3	
233	237	-2	
234	237	2	
234	238	2	
232	238	2	
210	212	3	
211	212	1	
211	214	3	
208	214	-2	
208	213	4	
210	213	2	
296	301	2	
299	301	3	
299	303	2	
297	303	-2	
297	302	2	
296	302	3	
193	196	3	
195	196	-2	
195	198	-2	
192	198	-2	
192	197	-3	
193	197	-1	
329	333	-3	
333	341	2	
338	341	3	
338	343	2	
335	343	-1	
329	335	-3	
264	268	-1	
265	268	-2	
265	269	4	
267	269	-2	
267	271	3	
264	271	2	
472	477	3	
474	477	-2	
474	478	-5	
475	478	-1	
475	479	3	
472	479	2	
160	164	-2	
162	164	-1	
162	166	4	
161	166	-2	
161	167	2	
160	167	4	
40	44	3	
41	44	-3	
41	46	-3	
43	46	3	
43	47	-3	
40	47	2	
66	71	2	
67	71	-3	
67	131	-1	
131	132	2	
130	132	1	
66	130	-1	
219	222	-1	
222	230	2	
224	230	-4	
224	231	-3	
223	231	-2	
219	223	-3	
33	36	-2	
34	36	2	
34	37	3	
32	37	3	
32	39	2	
33	39	4	
409	413	-3	
411	413	-2	
411	414	2	
408	414	2	
408	415	4	
409	415	-3	
504	508	-1	
505	508	-3	
505	510	3	
507	510	-2	
507	509	3	
504	509	2	
345	348	-3	
347	348	-2	
347	349	3	
344	349	2	
344	350	-1	
345	350	2	
384	391	1	
387	391	3	
387	451	-3	
451	455	-3	
448	455	-3	
384	448	4	
312	317	2	
313	317	3	
313	319	-3	
315	319	2	
315	318	2	
312	318	4	
10	13	-3	
11	13	-2	
11	15	-3	
8	15	3	
8	14	-4	
10	14	-2	
2	4	3	
3	4	-1	
3	6	3	
0	6	2	
0	5	2	
2	5	3	
306	308	-3	
307	308	-3	
307	309	2	
305	309	1	
305	310	-2	
306	310	2	
58	61	2	
59	61	2	
59	62	-5	
56	62	2	
56	63	-3	
58	63	-2	
435	436	-2	
436	444	-3	
442	444	1	
442	447	-3	
439	447	2	
435	439	3	
320	324	-3	
323	324	-1	
323	327	1	
322	327	2	
322	326	-2	
320	326	3	
498	500	-2	
499	500	-2	
499	502	3	
497	502	2	
497	501	-2	
498	501	3	
113	116	-3	
114	116	2	
114	178	1	
178	180	-3	
177	180	-3	
113	177	1	
217	220	-3	
218	220	1	
218	282	-2	
282	285	-1	
281	285	-3	
217	281	-1	
121	125	3	
123	125	-3	
123	127	1	
120	127	3	
120	126	-2	
121	126	-3	
400	407	1	
402	407	-4	
402	466	1	
466	469	1	
464	469	-3	
400	464	-2	
417	420	-3	
419	420	2	
419	483	-2	
483	486	1	
481	486	3	
417	481	-2	
99	100	2	
100	108	-2	
107	108	-2	
107	110	-4	
102	110	-2	
99	102	-4	
392	398	2	
394	398	3	
394	458	1	
458	463	3	
456	463	-1	
392	456	2	
355	356	-2	
356	364	2	
363	364	2	
363	365	2	
357	365	-2	
355	357	-2	
25	28	2	
27	28	3	
27	31	-3	
24	31	-2	
24	30	-5	
25	30	2	
282	284	-4	
283	284	-2	
283	287	3	
280	287	1	
280	286	2	
282	286	-2	
64	68	2	
68	76	2	
73	76	2	
73	77	2	
69	77	3	
64	69	-2	
82	84	-3	
84	92	-1	
89	92	3	
89	93	-2	
85	93	1	
82	85	1	
314	316	4	
315	316	2	
315	379	-2	
379	380	-3	
378	380	3	
314	378	-4	
138	143	-3	
139	143	4	
139	203	-3	
203	207	3	
202	207	-3	
138	202	2	
400	404	2	
404	412	-2	
410	412	2	
410	414	-3	
406	414	1	
400	406	-2	
240	245	-3	
245	253	2	
251	253	2	
251	255	3	
247	255	1	
240	247	2	
473	476	2	
476	484	-2	
482	484	1	
482	487	-2	
479	487	-2	
473	479	3	
155	156	-2	
156	164	1	
163	164	3	
163	165	-2	
157	165	-2	
155	157	2	
209	215	3	
211	215	3	
211	275	-2	
275	278	2	
273	278	-3	
209	273	3	
9	12	3	
12	20	-1	
17	20	3	
17	23	-3	
15	23	1	
9	15	-1	
104	111	3	
105	111	2	
105	169	2	
169	174	3	
168	174	-4	
104	168	2	
449	452	-3	
452	460	1	
457	460	2	
457	463	1	
455	463	-2	
449	455	-1	
432	437	-2	
434	437	3	
434	498	-3	
498	503	-3	
496	503	2	
432	496	3	
179	181	3	
181	189	1	
187	189	3	
187	191	-3	
183	191	-1	
179	183	-3	
304	311	-2	
305	311	3	
305	369	-3	
369	372	1	
368	372	2	
304	368	-3	
35	37	2	
37	45	2	
42	45	3	
42	46	1	
38	46	-2	
35	38	4	
129	135	4	
130	135	-3	
130	194	-2	
194	199	-2	
193	199	-2	
129	193	-3	
442	446	3	
443	446	3	
443	507	-1	
507	511	1	
506	511	-3	
442	506	-2	
216	220	-2	
220	228	-2	
226	228	-2	
226	229	3	
221	229	2	
216	221	2	
49	52	1	
52	60	-2	
57	60	-2	
57	61	3	
53	61	2	
49	53	-2	
426	431	-2	
427	431	-2	
427	491	-2	
491	495	-4	
490	495	-1	
426	490	1	
257	263	-2	
259	263	2	
259	323	1	
323	325	-2	
321	325	-3	
257	321	1	
264	270	2	
266	270	-3	
266	330	3	
330	334	-2	
328	334	-3	
264	328	1	
346	350	-4	
350	358	-3	
353	358	-2	
353	359	3	
351	359	-1	
346	351	-2	
234	239	3	
235	239	2	
235	299	-1	
299	300	1	
298	300	-1	
234	298	-2	
81	85	2	
83	85	-3	
83	147	1	
147	149	1	
145	149	-5	
81	145	-1	
0	4	3	
1	4	-2	
1	65	3	
65	70	-2	
64	70	2	
0	64	-3	
386	390	1	
390	398	-2	
393	398	1	
393	399	3	
391	399	-2	
386	391	-3	
464	468	3	
465	468	-4	
466	470	3	
466	471	3	
464	471	-2	
288	292	-2	
290	292	-1	
290	293	2	
291	293	-1	
291	295	3	
288	295	1	
112	117	-4	
114	117	-3	
114	118	2	
115	119	-3	
112	119	-2	
339	340	-2	
339	342	-1	
337	342	-3	
337	343	-1	
336	343	-2	
96	103	-2	
97	103	4	
97	161	-2	
161	165	-2	
160	165	2	
96	160	2	
80	84	2	
82	146	1	
80	144	-1	
313	318	2	
313	377	2	
377	383	2	
376	383	-3	
312	376	2	
136	142	2	
137	201	2	
136	200	-3	
354	358	3	
354	418	-1	
418	422	-3	
417	422	-2	
353	417	-2	
120	124	1	
123	124	3	
411	415	-2	
411	475	2	
475	476	-2	
472	476	2	
408	472	-2	
329	332	3	
330	332	2	
330	335	-1	
328	335	1	
328	333	-3	
361	364	-2	
364	372	-2	
370	372	4	
365	373	-3	
361	365	-2	
170	173	3	
173	181	-2	
177	181	3	
177	183	1	
175	183	2	
441	447	2	
443	447	-2	
440	446	-3	
154	159	-3	
155	159	-1	
155	219	3	
218	223	-3	
154	218	-1	
493	501	-1	
499	501	3	
494	502	-1	
489	494	1	
56	60	-3	
58	60	4	
58	62	2	
57	62	2	
57	63	-2	
96	100	2	
106	108	3	
96	101	-2	
269	277	-1	
272	277	-3	
271	279	-2	
456	460	-4	
458	460	2	
458	461	-3	
456	462	-2	
168	172	1	
171	235	-1	
235	237	-2	
232	237	2	
168	232	-2	
153	158	-2	
153	217	2	
217	222	2	
216	222	2	
152	216	-2	
3	5	-3	
3	67	-3	
67	70	3	
66	70	1	
2	66	-3	
249	252	3	
249	253	1	
250	253	-4	
250	255	-2	
248	255	2	
17	21	-2	
18	22	1	
16	23	-1	
386	389	-2	
387	389	2	
451	452	-2	
450	452	3	
386	450	1	
225	229	2	
226	231	-2	
227	231	1	
227	230	2	
225	230	1	
337	341	-2	
338	402	2	
401	407	2	
337	401	-2	
506	508	-2	
504	511	-2	
505	509	-2	
424	428	-3	
425	429	2	
427	429	-1	
424	431	3	
75	79	1	
75	139	-1	
139	141	1	
136	141	-2	
72	136	2	
195	197	3	
195	259	-1	
256	263	-2	
192	256	1	
240	244	-1	
243	245	1	
403	404	-2	
410	413	2	
405	413	1	
80	86	-2	
91	94	-1	
91	95	-2	
80	87	-2	
184	189	-2	
186	189	-3	
185	191	-3	
184	191	-2	
208	212	4	
210	215	1	
209	214	2	
32	36	3	
35	36	2	
33	38	-1	
481	484	-1	
483	484	-4	
483	485	2	
480	487	-1	
481	487	-3	
24	28	2	
26	28	-1	
25	29	-3	
296	300	3	
300	308	-2	
307	310	1	
302	310	-1	
283	286	-3	
283	347	-1	
344	348	-2	
280	344	-2	
368	374	-3	
374	382	-3	
378	382	-1	
378	383	-2	
375	383	3	
368	375	-2	
298	301	-3	
301	309	1	
304	309	-3	
303	311	-2	
298	303	-1	
50	53	3	
51	53	-1	
49	54	-1	
49	55	3	
432	436	1	
433	436	2	
433	439	2	
434	439	-1	
434	438	2	
432	438	1	
9	13	-3	
10	74	-3	
74	78	1	
73	78	2	
9	73	2	
42	44	2	
42	47	-3	
41	47	1	
41	45	2	
40	45	1	
129	132	-3	
131	134	4	
128	135	1	
491	492	-2	
492	500	-1	
497	500	2	
497	503	-2	
495	503	-1	
322	324	-1	
322	325	3	
321	326	2	
285	293	-3	
289	293	2	
289	295	2	
287	295	1	
281	287	-2	
384	390	-2	
385	390	3	
385	449	2	
449	454	-2	
448	454	-1	
266	268	2	
268	276	2	
275	276	-2	
270	278	-1	
352	357	-2	
355	419	1	
419	422	-3	
416	422	1	
352	416	2	
98	102	-2	
99	163	1	
163	166	-2	
98	162	1	
194	198	3	
198	206	-2	
203	206	-2	
199	207	2	
116	124	4	
121	124	-2	
121	127	-3	
119	127	3	
113	119	2	
392	396	-2	
394	397	2	
394	399	-2	
392	399	-3	
467	469	-3	
469	477	-1	
473	477	2	
471	479	-1	
467	471	3	
138	141	-2	
141	149	1	
145	151	2	
143	151	2	
4	12	-1	
11	12	2	
11	14	-1	
6	14	-2	
1	6	-4	
176	180	-3	
178	242	-3	
242	245	-1	
176	240	2	
43	44	1	
43	107	1	
104	110	2	
40	104	1	
313	316	2	
314	319	-2	
315	317	2	
259	260	-3	
259	261	-2	
65	68	3	
65	69	3	
67	69	1	
64	71	3	
88	92	-2	
89	94	2	
90	94	2	
90	93	-3	
88	93	-2	
345	351	2	
346	410	1	
345	409	-2	
233	239	-3	
235	238	-2	
363	367	-3	
363	427	1	
427	430	2	
426	430	-3	
377	380	-3	
379	443	-1	
443	444	-3	
441	444	2	
466	468	2	
468	476	1	
474	476	1	
470	478	1	
75	77	-2	
77	85	-2	
83	86	-1	
78	86	2	
274	276	-1	
265	271	-1	
130	133	-3	
194	196	-1	
192	196	-3	
128	192	2	
180	188	1	
184	190	-3	
182	190	1	
177	182	2	
352	356	-2	
353	356	2	
417	421	3	
34	39	-2	
34	98	-1	
98	100	-1	
97	100	-1	
33	97	-1	
496	502	2	
502	510	1	
505	511	2	
503	511	-2	
339	341	2	
341	349	1	
347	351	2	
343	351	1	
339	343	-3	
203	204	-1	
204	212	2	
205	213	-2	
203	205	-1	
306	309	2	
307	371	-2	
371	372	1	
306	370	2	
51	115	1	
115	117	-1	
48	112	-1	
148	156	2	
153	156	-3	
151	159	-1	
105	110	1	
19	20	1	
20	28	2	
23	31	2	
19	23	2	
321	324	-2	
324	332	-3	
331	335	-1	
327	335	3	
321	327	-2	
384	388	-2	
387	388	-1	
451	453	-2	
448	453	-3	
217	221	3	
224	229	1	
292	300	1	
297	300	-2	
294	302	2	
485	493	-1	
486	494	-1	
482	486	2	
432	439	1	
435	499	2	
496	500	2	
338	342	2	
402	406	-2	
401	406	3	
457	461	-2	
459	463	-3	
458	462	1	
457	462	-2	
8	12	1	
244	252	2	
246	254	-1	
162	165	-1	
162	167	2	
160	166	1	
281	286	-1	
411	412	-2	
412	420	2	
414	422	-1	
233	238	-1	
297	301	-1	
233	297	-1	
107	111	-1	
105	109	1	
73	79	1	
73	137	1	
312	316	1	
376	380	1	
339	403	-1	
400	405	2	
336	400	1	
371	373	2	
367	375	1	
506	510	-2	
504	510	-2	
440	504	-1	
201	205	-2	
201	265	1	
264	269	-1	
200	264	1	
145	148	1	
152	156	-1	
152	157	2	
149	157	-1	
210	214	-1	
210	274	-2	
274	278	2	
19	83	2	
83	84	-2	
16	80	2	
290	295	2	
291	355	3	
354	356	1	
176	181	1	
176	183	2	
26	30	-2	
25	31	-2	
50	114	-1	
113	117	1	
49	113	1	
386	388	2	
394	396	-2	
248	254	3	
256	262	-1	
258	322	-1	
320	325	-1	
256	320	1	
225	231	2	
216	223	1	
484	492	-1	
489	495	2	
487	495	1	
483	487	-1	
129	134	-2	
131	195	1	
195	199	3	
97	101	-1	
99	103	-1	
96	102	-1	
34	38	-2	
186	188	3	
185	189	1	
186	191	1	
428	436	1	
434	436	-1	
344	408	-1	
304	310	-2	
369	374	-2	
465	471	1	
2	6	-1	
66	68	2	
267	270	-1	
267	331	-2	
91	93	2	
91	155	-1	
155	158	-1	
90	154	-2	
385	391	1	
178	182	-2	
179	243	-1	
18	82	1	
82	87	-1	
17	81	-1	
451	454	-2	
306	311	-2	
296	303	2	
346	349	-3	
349	357	-1	
354	357	-1	
123	126	3	
118	126	-2	
113	118	-2	
211	213	1	
275	277	2	
208	272	-1	
477	485	2	
481	485	1	
478	486	-2	
425	430	-1	
435	438	-2	
431	439	-1	
425	431	-2	
500	508	1	
507	508	3	
501	509	2	
164	172	2	
171	175	1	
167	175	-2	
163	167	1	
280	284	2	
284	292	-1	
280	285	2	
72	76	1	
8	72	1	
117	125	1	
120	125	-3	
48	54	-3	
54	62	-1	
59	63	2	
55	63	1	
325	333	1	
326	334	-1	
323	326	-2	
491	494	1	
490	493	3	
314	317	-2	
258	263	1	
144	148	-2	
146	149	-2	
145	150	1	
416	420	-1	
418	420	2	
480	486	-1	
128	132	-2	
393	457	-1	
89	95	2	
298	302	1	
299	302	-1	
299	363	-2	
362	364	-2	
298	362	2	
440	444	-1	
442	445	1	
440	447	-1	
219	220	-2	
218	221	-1	
403	407	-1	
379	382	2	
194	197	2	
193	198	1	
74	77	3	
71	79	-1	
65	71	-1	
206	214	1	
207	215	-1	
289	294	-2	
291	294	1	
355	359	-1	
289	353	-1	
50	52	2	
498	502	1	
433	497	2	
169	172	1	
171	174	1	
168	173	1	
413	421	1	
450	455	-1	
359	367	-2	
35	39	-1	
307	311	1	
107	109	2	
276	284	-1	
282	287	1	
279	287	-2	
275	279	-1	
219	221	1	
249	255	2	
251	254	1	
18	23	1	
16	21	-1	
200	206	-3	
426	429	1	
163	227	1	
227	229	-1	
162	226	-1	
25	89	-1	
266	269	-1	
266	271	1	
265	270	2	
11	75	2	
83	87	1	
82	86	1	
1	5	1	
346	348	2	
347	350	-2	
209	213	-2	
187	190	1	
43	45	2	
40	46	1	
449	453	-2	
235	236	-2	
236	244	-1	
243	244	-1	
238	246	1	
410	474	-1	
472	478	-1	
323	387	1	
322	386	1	
283	285	-1	
288	293	2	
286	294	-1	
104	108	1	
108	116	-1	
115	116	2	
111	119	-1	
139	142	-1	
142	150	-1	
438	446	-1	
396	404	-1	
401	404	-1	
398	406	2	
48	53	-2	
51	55	1	
10	15	2	
9	14	1	
379	383	2	
419	421	2	
480	484	1	
24	29	-1	
26	31	1	
154	156	-1	
178	183	-1	
267	268	2	
331	333	-1	
330	333	-2	
427	428	2	
425	489	-1	
196	204	1	
197	205	1	
66	69	-1	
59	60	1	
131	133	2	
259	262	1	
257	261	1	
250	252	1	
241	245	2	
42	106	1	
105	108	-1	
41	105	-1	
281	345	-1	
344	351	2	
409	473	-1	
273	337	-1	
337	340	-1	
272	336	-1	
80	85	1	
35	99	-1	
32	96	1	
435	437	-1	
496	501	-1	
355	358	-1	
320	327	2	
309	317	-1	
310	318	2	
392	397	-1	
214	222	1	
218	222	-2	
215	223	-2	
170	174	1	
170	234	1	
232	239	-1	
161	164	1	
161	225	1	
160	224	-1	
192	199	1	
488	492	1	
147	150	1	
305	308	-1	
308	316	-1	
311	319	2	
185	188	2	
202	204	1	
5	13	-1	
8	13	-1	
165	173	1	
260	268	-1	
263	271	-1	
399	407	2	
362	365	-1	
56	61	1	
57	121	-1	
56	120	-1	
237	245	-1	
241	247	-1	
239	247	-1	
138	142	-1	
36	44	1	
32	38	1	
228	236	-1	
229	237	1	
114	119	1	
272	278	-1	
278	286	-1	
79	87	1	
295	303	1	
22	30	-1	
17	22	-1	
506	509	-1	
248	253	-1	
99	101	-1	
97	102	1	
408	413	1	
409	414	-1	
410	415	1	
459	460	-1	
456	461	-1	
384	389	-1	
104	109	-1	
106	110	-1	
21	29	-1	
39	47	-1	
136	143	-1	
275	339	-1	
274	338	1	
166	174	1	
261	269	1	
262	270	-1	
76	84	-1	
81	84	-1	
226	230	-1	
226	290	-1	
224	288	1	
216	280	1	
242	246	-1	
243	307	-1	
242	306	1	
474	479	-1	
397	405	-1	
402	405	-1	
88	152	1	
146	210	-1	
144	208	-1	
448	452	-1	
348	356	1	
352	358	1	
491	493	-1	
488	495	-1	
312	319	1	
329	334	-1	
200	207	1	
159	167	-1	
213	221	-1	
217	223	1	
67	68	-1	
Energy:	-1726	
