NumberOfQubits	504	
NumberOfSubgraphs	756	
Serial	30	
PlantedSolution:	
0	-1	
1	-1	
2	1	
3	1	
4	-1	
5	1	
6	1	
8	1	
9	1	
10	1	
11	-1	
12	1	
13	1	
14	1	
15	1	
16	-1	
17	1	
18	-1	
19	-1	
20	1	
21	1	
22	-1	
23	-1	
24	-1	
25	1	
26	-1	
27	-1	
28	-1	
29	1	
30	-1	
31	1	
32	1	
33	1	
34	-1	
35	-1	
36	-1	
37	1	
38	-1	
39	-1	
40	1	
41	-1	
42	-1	
43	1	
44	-1	
45	-1	
46	-1	
47	1	
48	-1	
49	1	
50	1	
51	-1	
52	-1	
53	-1	
54	1	
55	-1	
56	-1	
57	-1	
58	-1	
59	-1	
60	1	
61	1	
62	1	
63	1	
64	-1	
65	1	
66	-1	
67	1	
68	-1	
69	-1	
70	1	
71	-1	
72	-1	
73	1	
74	1	
75	-1	
76	-1	
77	-1	
78	1	
79	-1	
80	1	
81	-1	
82	-1	
83	1	
84	-1	
85	-1	
86	1	
87	-1	
88	-1	
89	-1	
90	1	
91	1	
92	1	
93	-1	
94	1	
95	-1	
96	1	
97	1	
98	-1	
99	1	
100	1	
101	1	
102	1	
103	1	
104	-1	
105	1	
106	1	
107	1	
108	1	
109	1	
110	-1	
111	-1	
112	-1	
113	-1	
114	-1	
115	-1	
116	1	
117	1	
118	1	
119	1	
120	1	
121	-1	
123	-1	
124	-1	
125	-1	
126	1	
127	1	
128	1	
129	-1	
130	1	
131	-1	
132	1	
133	1	
134	1	
135	1	
136	1	
137	1	
138	1	
139	-1	
141	-1	
142	1	
143	-1	
144	-1	
145	-1	
146	-1	
147	-1	
148	-1	
149	1	
150	1	
151	-1	
152	1	
153	-1	
154	-1	
155	-1	
156	1	
157	-1	
158	1	
159	-1	
160	-1	
161	-1	
162	1	
163	1	
164	-1	
165	1	
166	1	
167	1	
168	1	
169	1	
170	1	
171	-1	
172	1	
173	-1	
174	1	
175	-1	
176	1	
177	1	
178	1	
179	1	
180	-1	
181	1	
182	-1	
183	1	
184	-1	
185	-1	
186	1	
187	-1	
188	1	
189	1	
190	1	
191	1	
192	-1	
193	-1	
194	1	
195	-1	
196	-1	
197	-1	
198	1	
199	-1	
200	1	
201	-1	
202	-1	
203	1	
204	1	
205	-1	
206	-1	
207	1	
208	-1	
209	1	
210	1	
211	-1	
212	-1	
213	-1	
214	-1	
215	1	
216	-1	
217	-1	
218	1	
219	1	
220	1	
221	-1	
222	1	
223	1	
224	1	
225	1	
226	-1	
227	1	
228	-1	
229	-1	
230	1	
231	-1	
232	-1	
233	1	
234	-1	
235	1	
236	1	
237	-1	
238	1	
239	1	
240	1	
241	1	
242	1	
243	-1	
244	1	
245	1	
246	1	
247	1	
248	-1	
249	-1	
250	-1	
251	1	
252	-1	
253	-1	
254	-1	
255	-1	
256	-1	
257	-1	
258	-1	
259	1	
260	1	
261	1	
262	1	
263	1	
264	1	
265	-1	
266	-1	
267	-1	
268	1	
269	1	
270	1	
271	1	
272	-1	
273	1	
274	-1	
275	-1	
276	1	
277	1	
278	-1	
279	-1	
280	1	
281	-1	
282	-1	
283	-1	
284	-1	
285	1	
286	1	
287	1	
288	1	
289	-1	
290	1	
291	1	
292	-1	
293	1	
294	1	
295	-1	
296	1	
297	-1	
298	-1	
299	1	
300	-1	
301	-1	
302	1	
303	1	
304	-1	
305	-1	
306	-1	
307	1	
308	-1	
309	1	
310	1	
311	1	
312	-1	
313	1	
314	-1	
315	-1	
316	1	
317	-1	
318	-1	
319	-1	
320	1	
321	-1	
322	-1	
323	1	
324	-1	
325	1	
326	-1	
327	-1	
328	1	
329	1	
330	1	
331	1	
332	-1	
333	1	
334	-1	
335	-1	
336	-1	
337	-1	
338	-1	
339	-1	
340	1	
341	-1	
342	1	
343	-1	
344	1	
345	1	
346	-1	
347	1	
348	1	
349	1	
350	-1	
351	1	
352	-1	
353	1	
354	1	
355	-1	
356	-1	
357	1	
358	1	
359	1	
361	-1	
362	-1	
363	-1	
364	-1	
365	1	
367	-1	
368	-1	
369	1	
370	1	
371	1	
372	-1	
373	-1	
374	1	
375	-1	
376	-1	
377	-1	
378	-1	
379	1	
380	1	
382	1	
383	1	
384	1	
385	1	
386	-1	
387	-1	
388	1	
389	-1	
390	1	
391	1	
392	1	
393	-1	
394	1	
396	-1	
397	-1	
398	1	
399	1	
400	-1	
401	-1	
402	1	
403	-1	
404	1	
405	1	
406	1	
407	1	
408	-1	
409	1	
410	1	
411	-1	
412	1	
413	-1	
414	1	
415	1	
416	1	
417	1	
418	-1	
419	1	
420	1	
421	-1	
422	-1	
424	-1	
425	-1	
426	-1	
427	-1	
428	-1	
429	-1	
430	1	
431	-1	
432	1	
433	1	
434	1	
435	-1	
436	1	
437	1	
438	1	
439	1	
440	1	
441	-1	
442	1	
443	-1	
444	-1	
445	1	
446	-1	
447	1	
448	1	
449	1	
450	1	
451	-1	
452	1	
453	1	
454	1	
455	-1	
456	-1	
457	-1	
458	-1	
459	-1	
460	1	
461	1	
462	-1	
463	-1	
464	1	
465	1	
466	1	
467	1	
468	-1	
469	-1	
470	-1	
471	-1	
472	-1	
473	-1	
474	1	
475	1	
476	-1	
477	-1	
478	-1	
479	1	
480	-1	
481	1	
482	-1	
483	1	
484	-1	
485	1	
486	-1	
487	1	
488	-1	
489	1	
490	1	
491	1	
492	-1	
493	-1	
494	1	
495	-1	
496	-1	
497	1	
498	1	
499	1	
500	1	
501	1	
502	-1	
503	-1	
504	-1	
505	1	
506	-1	
507	-1	
508	1	
509	-1	
510	1	
511	1	
Js:	
112	118	5	
113	118	4	
113	177	2	
177	181	2	
176	181	-5	
112	176	2	
385	388	-3	
386	388	4	
386	391	6	
384	391	-3	
384	390	-3	
385	390	-5	
449	453	-3	
451	453	4	
451	455	-4	
448	455	3	
448	454	-5	
449	454	2	
192	196	-5	
193	196	-4	
193	199	-5	
194	199	3	
194	197	5	
192	197	-4	
281	286	4	
282	286	3	
282	346	-3	
346	349	3	
345	349	4	
281	345	3	
272	276	4	
275	276	7	
275	277	4	
273	277	-5	
273	278	6	
272	278	-4	
233	236	-6	
235	236	-4	
235	237	7	
232	237	-4	
232	238	4	
233	238	-5	
504	509	-5	
505	509	4	
505	511	-5	
506	511	6	
506	510	-4	
504	510	3	
24	31	5	
27	31	3	
27	91	6	
91	93	4	
88	93	-4	
24	88	4	
51	54	2	
54	62	3	
58	62	3	
58	63	6	
55	63	3	
51	55	-6	
264	268	-5	
267	268	4	
267	271	2	
266	271	-5	
266	269	2	
264	269	-4	
64	69	-4	
66	69	-4	
66	130	2	
130	132	-5	
128	132	-4	
64	128	-1	
489	492	4	
491	492	6	
491	494	2	
490	494	-5	
490	495	5	
489	495	2	
289	293	2	
290	293	3	
290	354	-2	
354	358	-4	
353	358	-4	
289	353	1	
240	247	-4	
242	247	2	
242	306	2	
306	309	3	
304	309	3	
240	304	3	
210	213	4	
211	213	-5	
211	214	-1	
209	214	5	
209	215	-1	
210	215	3	
34	37	4	
37	45	3	
43	45	-5	
43	47	-4	
39	47	3	
34	39	-7	
329	332	1	
332	340	-2	
339	340	6	
339	341	-2	
333	341	3	
329	333	-5	
96	100	-5	
97	100	-3	
97	161	-2	
161	167	5	
160	167	3	
96	160	2	
18	23	-2	
19	23	1	
19	83	5	
83	84	2	
82	84	-5	
18	82	-4	
129	134	5	
134	142	-3	
138	142	-3	
138	143	3	
135	143	5	
129	135	3	
248	252	-5	
249	252	-1	
249	313	2	
313	319	4	
312	319	-4	
248	312	1	
8	15	-8	
9	15	-2	
9	73	-2	
73	78	-5	
72	78	4	
8	72	3	
464	469	6	
466	469	-4	
466	471	3	
467	471	5	
467	470	4	
464	470	2	
1	4	-5	
2	4	5	
2	5	-3	
0	5	6	
0	6	4	
1	6	-4	
496	500	-5	
498	500	-2	
498	502	5	
497	502	4	
497	503	6	
496	503	-4	
424	428	-3	
426	428	-5	
426	430	3	
425	430	6	
425	429	4	
424	429	-5	
41	44	-4	
42	44	-5	
42	106	-3	
106	108	-4	
105	108	-5	
41	105	5	
409	412	-4	
410	412	-4	
410	474	4	
474	478	5	
473	478	-4	
409	473	5	
114	116	-4	
116	124	6	
123	124	-4	
123	127	4	
119	127	-5	
114	119	3	
224	229	-3	
227	229	4	
227	291	-5	
291	292	3	
288	292	5	
224	288	-3	
369	374	-4	
374	382	-3	
377	382	3	
377	383	5	
375	383	-2	
369	375	4	
152	156	-3	
155	156	4	
155	157	4	
154	157	-4	
154	158	4	
152	158	-5	
442	445	-2	
443	445	6	
443	446	2	
440	446	5	
440	447	-5	
442	447	-6	
297	300	-7	
299	300	5	
299	302	-5	
296	302	-3	
296	303	-5	
297	303	4	
418	422	-5	
419	422	3	
419	483	-6	
483	486	-2	
482	486	-5	
418	482	-2	
146	148	5	
147	148	-4	
147	149	5	
144	149	4	
144	150	3	
146	150	5	
328	334	6	
334	342	1	
337	342	4	
337	343	-2	
335	343	-4	
328	335	-3	
185	188	3	
187	188	8	
187	190	3	
186	190	-5	
186	189	-7	
185	189	4	
65	68	3	
68	76	-5	
75	76	5	
75	79	-3	
71	79	-6	
65	71	4	
456	460	3	
457	460	4	
457	463	-4	
459	463	-4	
459	461	7	
456	461	-4	
169	173	6	
170	173	2	
170	174	4	
171	174	3	
171	175	-3	
169	175	3	
321	325	4	
323	325	-5	
323	327	5	
322	327	4	
322	326	-4	
321	326	-5	
433	436	-3	
434	436	3	
434	438	-4	
435	438	4	
435	437	3	
433	437	-5	
216	220	4	
218	220	-2	
218	222	4	
217	222	5	
217	221	-3	
216	221	-4	
200	205	5	
201	205	3	
201	207	6	
203	207	-6	
203	206	3	
200	206	6	
250	255	-3	
251	255	3	
251	315	2	
315	316	4	
314	316	4	
250	314	1	
49	52	4	
52	60	3	
57	60	-5	
57	61	4	
53	61	3	
49	53	3	
98	102	3	
102	110	6	
104	110	-2	
104	111	-5	
103	111	4	
98	103	4	
392	397	-4	
397	405	4	
401	405	4	
401	406	3	
398	406	-3	
392	398	-3	
16	20	4	
20	28	3	
25	28	5	
25	30	3	
22	30	-3	
16	22	4	
256	260	3	
258	260	5	
258	262	3	
259	262	-4	
259	263	-4	
256	263	5	
394	396	4	
396	404	-3	
402	404	-2	
402	407	-3	
399	407	-4	
394	399	-4	
475	477	4	
477	485	2	
481	485	-2	
481	487	-5	
479	487	2	
475	479	-5	
344	348	-3	
347	348	-3	
347	411	3	
411	413	2	
408	413	-3	
344	408	3	
362	364	-4	
363	364	-5	
363	365	3	
361	365	6	
361	367	-5	
362	367	6	
81	86	3	
86	94	-4	
89	94	4	
89	95	-3	
87	95	-5	
81	87	-5	
241	246	-3	
243	246	3	
243	307	2	
307	311	-1	
305	311	5	
241	305	-1	
352	356	-5	
354	356	-1	
354	359	-5	
355	359	3	
355	357	3	
352	357	5	
32	36	-4	
33	36	6	
33	38	3	
35	38	-6	
35	37	3	
32	37	-5	
281	284	-3	
283	284	-6	
283	287	3	
280	287	-2	
280	285	7	
281	285	2	
98	101	4	
99	101	-4	
99	163	-2	
163	164	3	
162	164	5	
98	162	2	
177	180	5	
178	180	5	
178	182	4	
179	182	5	
179	183	-4	
177	183	3	
368	372	-5	
370	372	6	
370	434	1	
434	439	-3	
432	439	-6	
368	432	1	
224	228	-3	
225	228	3	
225	230	-5	
226	230	4	
226	231	-2	
224	231	5	
9	12	-5	
10	12	-5	
10	14	-3	
11	14	4	
11	13	5	
9	13	-4	
115	117	-3	
117	125	6	
121	125	-5	
121	126	4	
118	126	-5	
115	118	2	
416	421	5	
417	421	6	
417	481	2	
481	484	5	
480	484	-2	
416	480	4	
376	380	-6	
378	380	5	
378	382	4	
379	382	-5	
379	383	-5	
376	383	3	
138	141	5	
139	141	4	
139	203	3	
203	204	-4	
202	204	5	
138	202	4	
450	452	-5	
452	460	3	
458	460	4	
458	462	-5	
454	462	3	
450	454	-4	
488	493	-4	
493	501	4	
499	501	-2	
499	503	4	
495	503	-2	
488	495	-5	
272	279	-4	
274	279	-4	
274	338	-4	
338	343	3	
336	343	-4	
272	336	-2	
80	84	-2	
84	92	3	
90	92	-4	
90	93	3	
85	93	-2	
80	85	6	
232	239	-4	
234	239	4	
234	298	-4	
298	301	-3	
296	301	5	
232	296	4	
256	261	5	
257	261	5	
257	321	-4	
321	324	-3	
320	324	3	
256	320	3	
145	149	2	
149	157	-2	
153	157	-3	
153	159	-4	
151	159	-2	
145	151	-4	
104	109	4	
107	109	-5	
107	171	1	
171	172	5	
168	172	-5	
104	168	-2	
66	70	5	
67	70	-3	
67	131	2	
131	133	3	
130	133	-3	
465	468	4	
468	476	-3	
472	476	-5	
472	478	-3	
470	478	-3	
465	470	4	
17	21	2	
21	29	-3	
26	29	5	
26	31	4	
23	31	3	
17	23	7	
441	444	-3	
443	444	-3	
443	507	4	
507	508	5	
505	508	-2	
441	505	5	
208	212	-3	
212	220	4	
219	220	-5	
219	223	-4	
215	223	-2	
208	215	5	
56	60	4	
59	60	-2	
59	123	-3	
120	124	2	
56	120	3	
241	244	4	
244	252	4	
251	252	5	
251	253	4	
245	253	4	
241	245	-4	
403	406	3	
406	414	-3	
409	414	-3	
409	415	2	
407	415	-4	
403	407	2	
307	309	-4	
309	317	3	
314	317	-2	
314	318	-5	
310	318	-4	
307	310	-4	
266	270	4	
267	270	5	
267	331	4	
331	335	4	
330	335	2	
266	330	3	
72	77	-3	
73	77	4	
73	137	3	
137	142	-2	
136	142	-5	
72	136	4	
40	46	4	
46	54	1	
50	54	-3	
50	55	2	
47	55	-1	
40	47	-3	
184	191	4	
185	191	4	
185	249	-3	
249	254	-3	
248	254	-4	
184	248	-3	
387	389	-2	
389	397	-3	
393	397	-4	
393	398	3	
390	398	-4	
387	390	6	
194	196	3	
195	196	-3	
195	199	-6	
193	198	4	
194	198	3	
346	348	4	
347	351	-5	
345	351	3	
345	350	3	
346	350	-3	
161	165	3	
165	173	3	
168	173	2	
168	174	-4	
166	174	2	
161	166	5	
290	294	-5	
294	302	-2	
298	302	6	
298	303	1	
295	303	-4	
290	295	3	
427	428	-5	
427	429	-4	
425	431	-3	
426	431	-4	
369	373	6	
371	373	-5	
371	375	5	
370	375	3	
370	374	-6	
69	77	-5	
74	77	3	
74	79	-3	
64	71	-4	
265	269	4	
269	277	-2	
275	279	-4	
271	279	-1	
265	271	3	
304	308	-2	
308	316	4	
315	319	-4	
311	319	3	
304	311	5	
48	53	-2	
51	53	-5	
51	115	-3	
115	119	6	
112	119	-2	
48	112	-4	
2	6	-5	
3	6	-5	
3	5	-4	
1	5	4	
400	404	5	
403	404	4	
403	467	3	
464	471	3	
400	464	5	
355	356	-7	
355	419	-2	
419	420	-4	
416	420	-6	
352	416	2	
155	159	-4	
153	158	4	
35	36	2	
34	38	-2	
33	39	2	
442	444	4	
441	446	-3	
234	236	2	
236	244	-2	
242	244	-4	
239	247	-2	
274	278	3	
338	342	3	
273	337	4	
160	164	-4	
163	166	-5	
162	166	4	
162	167	-5	
432	436	-2	
435	436	-5	
435	499	3	
496	501	3	
432	496	3	
408	412	4	
410	415	-2	
411	415	5	
411	414	4	
408	414	4	
483	484	4	
484	492	-3	
489	493	5	
485	493	2	
483	485	4	
176	180	2	
179	180	2	
178	181	-4	
385	391	4	
386	450	3	
449	452	-5	
385	449	-2	
328	332	5	
331	332	-4	
331	333	-4	
329	334	5	
243	245	4	
250	253	-5	
250	254	-3	
246	254	5	
322	324	-5	
323	324	4	
320	327	5	
320	325	4	
322	325	2	
200	204	-3	
204	212	-1	
209	212	4	
209	213	4	
205	213	-3	
222	230	1	
225	231	6	
223	231	2	
217	223	5	
99	100	-4	
100	108	-2	
106	110	4	
99	102	2	
258	261	3	
257	263	-2	
285	293	-2	
291	293	-5	
291	294	-3	
286	294	-2	
280	286	-4	
18	20	-2	
24	28	-4	
24	29	4	
18	21	6	
59	61	4	
59	63	3	
56	63	3	
56	62	4	
57	62	4	
145	148	-5	
144	151	-4	
474	476	3	
474	479	-4	
472	477	-5	
453	461	-3	
456	463	-3	
455	463	-3	
65	70	4	
131	132	4	
129	132	3	
65	129	1	
90	94	4	
90	95	3	
43	44	1	
43	46	4	
42	46	-3	
42	45	1	
41	45	-4	
184	188	3	
187	189	3	
184	190	-5	
344	350	4	
350	358	4	
353	359	-5	
351	359	1	
344	351	-4	
497	500	1	
500	508	-5	
507	510	5	
502	510	4	
299	363	4	
363	367	-4	
297	361	2	
312	317	-5	
313	317	5	
313	377	4	
377	380	4	
312	376	-5	
11	75	-4	
74	76	4	
10	74	-3	
128	133	-4	
133	141	2	
139	143	-3	
128	135	-5	
27	30	-5	
91	92	-3	
89	92	3	
25	89	4	
218	221	3	
219	221	3	
219	283	-2	
282	284	-2	
218	282	2	
424	431	-4	
427	431	-4	
427	491	2	
488	494	4	
424	488	-3	
50	52	4	
50	114	5	
114	117	-2	
113	117	3	
49	113	4	
393	396	-4	
394	458	-4	
457	462	-3	
393	457	-3	
19	22	-4	
83	85	6	
16	80	3	
96	101	-3	
101	109	4	
107	111	3	
96	103	-2	
364	372	-2	
371	372	3	
365	373	3	
362	365	4	
402	405	-6	
402	466	-4	
466	468	4	
401	465	-4	
227	228	3	
228	236	4	
229	237	2	
197	205	-3	
202	205	-2	
202	206	-3	
198	206	4	
192	198	3	
417	420	-3	
419	421	3	
418	421	-3	
417	422	4	
123	125	-3	
123	126	5	
120	126	-4	
120	127	-3	
121	127	4	
170	175	7	
170	234	2	
234	238	3	
169	233	1	
200	207	1	
201	265	-2	
265	268	3	
200	264	-2	
289	292	-5	
289	294	4	
288	295	4	
437	445	-2	
441	445	5	
438	446	3	
433	438	-4	
336	340	-2	
339	403	-3	
400	406	4	
336	400	-2	
306	308	-3	
313	316	-1	
313	318	4	
306	310	6	
208	214	-6	
210	214	5	
210	274	-1	
274	276	4	
208	272	-2	
384	388	-4	
387	388	-4	
387	391	3	
386	389	-5	
384	389	4	
506	509	-4	
507	511	-1	
480	485	4	
482	485	4	
482	487	4	
481	486	4	
480	486	-5	
11	12	2	
8	13	-2	
10	15	3	
3	67	-5	
67	68	3	
64	68	-4	
0	64	5	
137	143	2	
136	143	5	
330	332	5	
330	394	-2	
392	399	-5	
328	392	1	
164	172	2	
171	173	-5	
160	165	4	
305	369	3	
368	374	3	
304	368	3	
430	438	1	
432	438	-2	
431	439	3	
17	22	3	
18	22	-4	
81	84	-5	
17	81	-2	
147	151	-4	
147	211	3	
211	215	6	
144	208	-2	
461	469	2	
466	470	3	
462	470	-2	
459	462	-2	
48	52	-4	
112	116	2	
195	197	-4	
195	259	3	
259	260	3	
194	258	2	
338	340	3	
340	348	-2	
345	348	-4	
341	349	2	
338	341	-4	
88	95	-4	
90	154	2	
152	157	3	
88	152	2	
240	244	-3	
250	252	-3	
247	255	5	
216	222	4	
217	281	-2	
281	287	4	
216	280	2	
180	188	-3	
187	191	2	
183	191	-4	
178	183	-2	
36	44	-2	
40	44	5	
40	45	4	
97	101	-2	
105	109	-2	
105	110	3	
97	102	-3	
409	413	3	
473	477	-3	
408	472	-3	
315	318	-3	
315	379	-4	
378	383	3	
314	378	-5	
490	493	3	
498	501	-5	
494	502	-2	
353	357	-4	
352	358	3	
257	260	5	
260	268	-4	
264	270	-1	
262	270	-6	
257	262	-3	
298	300	2	
299	301	2	
297	301	-3	
387	451	-3	
451	454	4	
384	448	4	
226	228	-3	
129	133	6	
131	134	-4	
131	135	3	
26	28	-2	
26	30	-5	
27	29	-2	
25	29	-4	
321	327	2	
58	60	4	
58	61	3	
59	62	6	
146	210	2	
210	212	3	
145	209	1	
104	108	3	
106	170	-1	
168	175	3	
201	206	1	
121	185	-1	
185	190	3	
120	184	2	
482	484	3	
483	487	-2	
480	487	3	
305	308	3	
307	308	4	
305	309	3	
401	404	3	
465	469	2	
74	78	2	
70	78	-4	
3	4	-4	
4	12	1	
9	14	-5	
6	14	-2	
427	430	3	
424	430	-3	
426	429	-2	
154	156	3	
155	219	4	
218	223	-3	
154	218	2	
436	444	5	
344	349	-3	
346	351	2	
347	350	3	
249	253	5	
251	254	3	
248	255	-5	
249	255	-4	
233	237	1	
235	238	-3	
233	239	-4	
16	21	-2	
19	21	5	
91	94	-3	
88	94	-1	
89	93	-4	
177	182	-2	
179	243	3	
177	241	-4	
35	39	-4	
35	99	-3	
98	100	2	
34	98	-3	
282	285	4	
291	295	2	
287	295	2	
282	287	4	
267	269	3	
329	335	3	
265	329	-3	
488	492	-2	
492	500	2	
393	399	3	
48	55	-3	
48	54	5	
49	54	-4	
449	455	6	
195	198	-2	
410	414	-3	
411	475	4	
475	478	2	
162	165	-3	
163	165	-3	
163	167	-4	
370	373	1	
368	375	-3	
325	333	-1	
330	333	-4	
330	334	2	
326	334	-2	
320	326	3	
141	149	1	
147	150	-1	
142	150	-1	
442	506	-2	
440	504	3	
275	278	-3	
275	339	-2	
337	341	-3	
418	420	5	
41	46	-4	
43	107	-4	
105	111	3	
181	189	-3	
186	191	-4	
176	183	-4	
32	38	4	
33	97	-4	
97	103	4	
32	96	-4	
467	468	4	
473	476	-3	
473	479	3	
471	479	-2	
115	116	4	
113	119	3	
114	118	2	
220	228	2	
221	229	3	
433	439	-1	
434	498	5	
497	501	-2	
433	497	-5	
284	292	2	
283	286	4	
8	12	-3	
12	20	-2	
17	20	-4	
15	23	-2	
256	262	2	
263	271	-5	
388	396	3	
392	396	2	
288	293	-3	
293	301	3	
499	500	-3	
503	511	3	
315	317	-3	
450	453	-4	
448	453	-4	
169	172	-3	
169	174	-5	
459	460	3	
458	461	-2	
456	462	-5	
336	342	-4	
42	47	6	
0	4	-3	
211	212	-3	
121	124	-4	
491	495	-4	
489	494	-4	
274	277	-2	
57	63	3	
25	31	2	
78	86	1	
82	86	3	
82	87	-4	
79	87	-1	
72	79	-3	
353	356	-1	
354	357	-3	
240	246	4	
242	246	-2	
304	310	2	
153	156	5	
152	159	-3	
130	134	-4	
130	135	2	
410	413	4	
408	415	-3	
137	141	5	
137	201	4	
259	261	2	
259	323	-2	
13	21	-2	
14	22	2	
130	194	2	
192	199	-2	
128	192	2	
226	229	-5	
230	238	-4	
123	187	1	
403	405	3	
440	445	-3	
339	343	-4	
363	427	-2	
362	426	-2	
435	439	3	
49	55	-3	
83	147	-1	
80	144	3	
66	68	-1	
235	299	1	
233	297	1	
99	103	-3	
176	182	3	
240	245	-2	
176	240	-2	
475	476	3	
258	263	2	
107	108	-4	
107	110	3	
106	111	-2	
38	46	2	
504	508	4	
507	509	-3	
504	511	-3	
465	471	4	
301	309	-2	
303	311	-3	
280	284	2	
425	489	3	
404	412	-3	
411	412	-2	
193	197	2	
179	181	-2	
243	244	-3	
178	242	-3	
270	278	-1	
290	292	2	
288	352	-1	
376	382	3	
82	146	-2	
146	149	2	
81	145	-2	
391	399	-2	
10	13	-4	
56	61	4	
155	158	2	
154	159	-3	
434	437	-2	
499	502	4	
227	231	3	
225	289	3	
328	333	1	
109	117	-1	
111	119	-1	
184	189	-1	
19	20	3	
16	23	-5	
258	322	-3	
312	316	3	
276	284	3	
279	287	-3	
74	138	-3	
67	69	2	
65	69	3	
1	65	3	
112	117	3	
120	125	-4	
357	365	-2	
359	367	2	
467	469	2	
469	477	2	
474	477	2	
96	102	-2	
160	166	3	
337	401	-2	
401	407	2	
400	407	3	
202	266	-2	
264	271	-2	
241	247	-2	
441	447	2	
443	447	3	
505	510	-2	
346	410	1	
345	409	-1	
426	490	2	
372	380	1	
379	380	2	
88	92	-3	
44	52	-1	
51	52	-2	
45	53	1	
11	15	-3	
75	78	2	
432	437	-4	
148	156	2	
150	158	-2	
145	150	-4	
314	319	3	
394	398	-3	
458	463	-3	
2	66	5	
83	86	2	
40	104	2	
163	227	1	
160	224	2	
139	142	4	
136	200	1	
355	358	3	
352	359	2	
224	230	-2	
226	290	3	
288	294	2	
368	373	-3	
243	247	3	
214	222	2	
298	362	-2	
343	351	1	
331	334	2	
192	256	-2	
506	508	2	
265	270	3	
439	447	-2	
27	28	-2	
91	95	2	
272	277	2	
416	422	3	
300	308	-2	
50	53	-4	
234	237	3	
235	239	-2	
201	204	2	
80	86	-3	
106	109	-2	
336	341	-4	
347	349	-3	
342	350	1	
157	165	2	
159	167	2	
73	76	2	
73	79	-2	
67	71	3	
113	116	-2	
213	221	2	
490	492	1	
33	37	-3	
182	190	2	
242	245	-3	
420	428	1	
425	428	2	
422	430	2	
289	295	-3	
361	364	-5	
369	372	-1	
92	100	2	
94	102	-2	
323	326	2	
327	335	-2	
405	413	2	
266	268	2	
498	503	1	
75	77	-2	
75	139	-2	
203	205	-2	
207	215	-1	
161	164	-3	
170	172	2	
167	175	1	
34	36	-2	
187	251	1	
302	310	-1	
429	437	-2	
348	356	-2	
129	193	2	
464	468	2	
450	455	2	
153	217	-2	
152	216	2	
64	70	2	
442	446	3	
337	340	3	
82	85	2	
83	87	2	
306	311	3	
478	486	-1	
329	393	-1	
299	303	1	
402	406	2	
385	389	4	
186	250	1	
24	30	-1	
131	195	-2	
283	285	2	
283	347	1	
280	344	-1	
339	342	3	
261	269	-3	
412	420	-1	
413	421	2	
451	452	3	
26	90	2	
162	226	1	
371	374	-2	
171	235	-1	
168	232	2	
209	273	-1	
273	279	-2	
440	444	1	
264	328	-2	
196	204	-3	
136	141	-1	
392	456	3	
144	148	-2	
5	13	-1	
457	461	-2	
216	223	2	
312	318	-2	
496	502	-1	
356	364	2	
95	103	1	
199	207	2	
487	495	2	
379	443	2	
377	441	-2	
307	371	-3	
354	418	-3	
353	417	-3	
158	166	1	
227	230	2	
186	188	1	
448	452	-2	
93	101	1	
156	164	-1	
8	14	-2	
202	207	2	
501	509	2	
72	76	-1	
76	84	1	
77	85	-1	
146	151	-2	
414	422	1	
491	493	2	
305	310	-1	
128	134	2	
486	494	-1	
349	357	1	
306	370	-1	
217	220	1	
297	302	1	
472	479	-2	
28	36	2	
31	39	1	
206	214	-1	
367	375	-1	
57	121	-2	
476	484	1	
296	300	-1	
421	429	1	
394	397	-1	
338	402	1	
219	222	-2	
30	38	-1	
324	332	-1	
41	47	-1	
80	87	1	
81	85	1	
277	285	-1	
278	286	1	
378	442	1	
376	440	1	
225	229	1	
193	257	-1	
237	245	1	
238	246	-1	
172	180	1	
175	183	1	
460	468	-1	
463	471	-1	
292	300	-1	
32	39	-1	
66	71	-1	
400	405	1	
Energy:	-3342	
