NumberOfQubits	504	
NumberOfSubgraphs	840	
Serial	52	
PlantedSolution:	
0	-1	
1	-1	
2	1	
3	-1	
4	1	
5	1	
6	1	
8	-1	
9	1	
10	1	
11	1	
12	1	
13	-1	
14	1	
15	1	
16	-1	
17	1	
18	-1	
19	-1	
20	-1	
21	1	
22	1	
23	-1	
24	-1	
25	1	
26	1	
27	1	
28	1	
29	-1	
30	-1	
31	-1	
32	-1	
33	-1	
34	1	
35	1	
36	-1	
37	-1	
38	1	
39	-1	
40	1	
41	1	
42	1	
43	-1	
44	-1	
45	1	
46	-1	
47	1	
48	-1	
49	-1	
50	-1	
51	1	
52	1	
53	-1	
54	1	
55	-1	
56	1	
57	-1	
58	1	
59	1	
60	1	
61	1	
62	1	
63	1	
64	1	
65	1	
66	1	
67	1	
68	1	
69	1	
70	1	
71	-1	
72	-1	
73	-1	
74	-1	
75	-1	
76	-1	
77	-1	
78	-1	
79	1	
80	-1	
81	1	
82	-1	
83	1	
84	-1	
85	1	
86	-1	
87	1	
88	-1	
89	1	
90	-1	
91	-1	
92	-1	
93	-1	
94	1	
95	1	
96	-1	
97	1	
98	1	
99	-1	
100	-1	
101	1	
102	1	
103	1	
104	1	
105	1	
106	1	
107	-1	
108	1	
109	1	
110	1	
111	1	
112	1	
113	1	
114	1	
115	1	
116	-1	
117	-1	
118	-1	
119	1	
120	1	
121	-1	
123	-1	
124	-1	
125	1	
126	-1	
127	-1	
128	1	
129	-1	
130	-1	
131	-1	
132	-1	
133	-1	
134	1	
135	-1	
136	-1	
137	-1	
138	-1	
139	-1	
141	1	
142	1	
143	-1	
144	1	
145	1	
146	-1	
147	1	
148	-1	
149	1	
150	1	
151	1	
152	1	
153	-1	
154	-1	
155	1	
156	1	
157	1	
158	-1	
159	-1	
160	1	
161	1	
162	1	
163	1	
164	1	
165	1	
166	1	
167	-1	
168	1	
169	1	
170	-1	
171	-1	
172	-1	
173	-1	
174	1	
175	-1	
176	-1	
177	-1	
178	-1	
179	1	
180	1	
181	-1	
182	1	
183	-1	
184	1	
185	1	
186	1	
187	1	
188	1	
189	1	
190	-1	
191	1	
192	-1	
193	1	
194	1	
195	1	
196	-1	
197	-1	
198	1	
199	-1	
200	1	
201	1	
202	-1	
203	1	
204	-1	
205	1	
206	1	
207	-1	
208	1	
209	1	
210	-1	
211	-1	
212	-1	
213	1	
214	1	
215	-1	
216	-1	
217	-1	
218	-1	
219	-1	
220	-1	
221	1	
222	1	
223	-1	
224	1	
225	1	
226	1	
227	-1	
228	-1	
229	-1	
230	1	
231	-1	
232	-1	
233	-1	
234	-1	
235	-1	
236	1	
237	-1	
238	1	
239	-1	
240	1	
241	1	
242	-1	
243	1	
244	1	
245	1	
246	-1	
247	1	
248	1	
249	1	
250	-1	
251	1	
252	1	
253	1	
254	-1	
255	1	
256	-1	
257	-1	
258	1	
259	1	
260	1	
261	1	
262	-1	
263	1	
264	-1	
265	-1	
266	-1	
267	1	
268	1	
269	-1	
270	1	
271	-1	
272	1	
273	-1	
274	1	
275	-1	
276	-1	
277	-1	
278	-1	
279	1	
280	1	
281	1	
282	1	
283	1	
284	1	
285	-1	
286	-1	
287	-1	
288	1	
289	1	
290	-1	
291	1	
292	-1	
293	1	
294	-1	
295	-1	
296	1	
297	-1	
298	1	
299	-1	
300	1	
301	-1	
302	1	
303	1	
304	1	
305	1	
306	-1	
307	-1	
308	-1	
309	1	
310	1	
311	-1	
312	-1	
313	-1	
314	1	
315	1	
316	-1	
317	-1	
318	1	
319	-1	
320	-1	
321	1	
322	1	
323	1	
324	1	
325	-1	
326	-1	
327	1	
328	1	
329	-1	
330	-1	
331	-1	
332	-1	
333	1	
334	1	
335	1	
336	1	
337	-1	
338	1	
339	1	
340	-1	
341	-1	
342	1	
343	1	
344	-1	
345	-1	
346	-1	
347	-1	
348	1	
349	1	
350	-1	
351	-1	
352	1	
353	-1	
354	1	
355	1	
356	1	
357	1	
358	-1	
359	-1	
361	1	
362	1	
363	-1	
364	1	
365	-1	
367	1	
368	-1	
369	-1	
370	1	
371	-1	
372	1	
373	-1	
374	1	
375	1	
376	-1	
377	1	
378	-1	
379	-1	
380	-1	
382	1	
383	-1	
384	-1	
385	-1	
386	-1	
387	-1	
388	-1	
389	1	
390	-1	
391	-1	
392	1	
393	1	
394	-1	
396	-1	
397	1	
398	1	
399	1	
400	1	
401	-1	
402	1	
403	1	
404	-1	
405	-1	
406	-1	
407	-1	
408	-1	
409	-1	
410	1	
411	1	
412	-1	
413	1	
414	-1	
415	-1	
416	1	
417	-1	
418	-1	
419	1	
420	1	
421	-1	
422	-1	
424	1	
425	-1	
426	-1	
427	1	
428	1	
429	1	
430	-1	
431	-1	
432	1	
433	1	
434	1	
435	-1	
436	-1	
437	-1	
438	-1	
439	1	
440	1	
441	-1	
442	1	
443	-1	
444	1	
445	-1	
446	1	
447	1	
448	1	
449	-1	
450	1	
451	1	
452	1	
453	-1	
454	-1	
455	1	
456	-1	
457	-1	
458	1	
459	-1	
460	-1	
461	-1	
462	-1	
463	-1	
464	1	
465	1	
466	-1	
467	-1	
468	1	
469	1	
470	-1	
471	1	
472	1	
473	1	
474	-1	
475	1	
476	1	
477	-1	
478	-1	
479	1	
480	1	
481	1	
482	1	
483	1	
484	1	
485	-1	
486	-1	
487	1	
488	-1	
489	-1	
490	-1	
491	-1	
492	1	
493	-1	
494	-1	
495	1	
496	-1	
497	-1	
498	1	
499	-1	
500	1	
501	1	
502	1	
503	1	
504	1	
505	1	
506	1	
507	1	
508	-1	
509	-1	
510	1	
511	-1	
Js:	
144	148	7	
145	148	4	
145	151	-4	
146	151	4	
146	149	8	
144	149	-2	
217	220	-4	
219	220	-4	
219	283	-2	
283	286	5	
281	286	3	
217	281	3	
193	196	3	
194	196	6	
194	197	3	
192	197	4	
192	199	-3	
193	199	4	
201	204	3	
203	204	5	
203	267	-2	
267	271	6	
265	271	-4	
201	265	-2	
32	36	-5	
34	36	3	
34	37	5	
35	37	5	
35	39	4	
32	39	3	
9	14	-2	
10	14	-4	
10	74	4	
74	76	4	
73	76	-5	
9	73	2	
440	445	5	
441	445	-5	
441	446	5	
442	446	-3	
442	447	-4	
440	447	3	
393	398	-9	
394	398	3	
394	458	5	
458	463	6	
457	463	-4	
393	457	-2	
483	484	-4	
484	492	-4	
491	492	6	
491	494	-3	
486	494	-4	
483	486	-5	
400	404	6	
403	404	3	
403	467	2	
467	469	4	
464	469	-3	
400	464	2	
225	231	6	
226	231	-5	
226	290	4	
290	294	-6	
289	294	4	
225	289	-3	
40	44	6	
42	44	5	
42	45	-4	
41	45	6	
41	47	-5	
40	47	-6	
169	172	4	
170	172	-5	
170	173	-4	
168	173	5	
168	175	5	
169	175	-4	
362	365	8	
365	373	-4	
370	373	4	
370	375	-6	
367	375	3	
362	367	-5	
112	116	5	
114	116	4	
114	117	3	
115	117	-6	
115	118	5	
112	118	2	
353	356	5	
354	356	-5	
354	357	-3	
352	357	4	
352	358	5	
353	358	-5	
313	316	-5	
314	316	-5	
314	318	-5	
312	318	6	
312	319	-3	
313	319	-4	
496	500	4	
500	508	2	
506	508	5	
506	511	4	
503	511	-4	
496	503	4	
19	22	3	
22	30	2	
26	30	4	
26	31	5	
23	31	3	
19	23	-4	
129	132	-6	
130	132	-4	
130	134	5	
131	134	6	
131	133	6	
129	133	-4	
56	61	-7	
57	61	5	
57	62	2	
59	62	-4	
59	63	-6	
56	63	-4	
336	342	-5	
342	350	2	
346	350	-5	
346	351	-6	
343	351	2	
336	343	-6	
97	100	4	
100	108	4	
104	108	-3	
104	110	2	
102	110	-5	
97	102	-5	
474	477	-3	
475	477	5	
475	478	5	
472	478	5	
472	479	-3	
474	479	5	
304	308	5	
307	308	-4	
307	310	4	
305	310	-7	
305	309	-4	
304	309	3	
82	84	-4	
83	84	4	
83	87	-4	
81	87	-4	
81	85	3	
82	85	8	
424	429	-5	
425	429	2	
425	430	-6	
426	430	5	
426	431	-4	
424	431	8	
409	412	-5	
411	412	5	
411	415	3	
410	415	5	
410	413	-5	
409	413	-3	
234	239	-4	
235	239	-6	
235	299	1	
299	301	-6	
298	301	2	
234	298	1	
329	332	-4	
331	332	-5	
331	335	7	
328	335	-3	
328	333	-5	
329	333	5	
257	260	4	
258	260	-6	
258	262	3	
259	262	4	
259	263	-6	
257	263	4	
369	372	4	
371	372	6	
371	435	-1	
435	436	-3	
433	436	-3	
369	433	1	
451	452	-5	
452	460	2	
456	460	6	
456	461	-6	
453	461	-1	
451	453	4	
67	69	-5	
69	77	-5	
72	77	-6	
72	79	6	
71	79	2	
67	71	5	
179	181	5	
181	189	3	
185	189	-6	
185	191	4	
183	191	5	
179	183	6	
264	268	5	
268	276	3	
272	276	5	
272	278	3	
270	278	3	
264	270	-3	
249	253	-3	
251	253	-4	
251	255	7	
250	255	5	
250	254	-4	
249	254	7	
88	93	-5	
89	93	5	
89	153	-1	
153	158	-5	
152	158	5	
88	152	1	
90	95	2	
91	95	-5	
91	155	2	
155	156	-5	
154	156	3	
90	154	-2	
48	53	-4	
51	53	2	
51	55	5	
50	55	-4	
50	54	4	
48	54	4	
321	326	6	
323	326	6	
323	387	1	
387	390	-5	
385	390	4	
321	385	2	
176	180	5	
177	180	5	
177	241	3	
241	245	-5	
240	245	3	
176	240	3	
210	213	2	
213	221	-5	
218	221	4	
218	223	-3	
215	223	5	
210	215	-3	
416	420	-4	
418	420	5	
418	482	4	
482	485	4	
480	485	4	
416	480	-5	
0	6	4	
1	6	-4	
1	65	7	
65	68	-6	
64	68	-4	
0	64	6	
17	20	5	
20	28	2	
24	28	4	
24	29	-7	
21	29	-1	
17	21	-4	
280	285	4	
285	293	4	
288	293	-6	
288	295	4	
287	295	1	
280	287	6	
162	164	-3	
163	164	-6	
163	165	-2	
160	165	-5	
160	166	-3	
162	166	6	
339	340	4	
340	348	-2	
345	348	6	
345	349	4	
341	349	2	
339	341	4	
96	101	4	
101	109	3	
105	109	-4	
105	111	-4	
103	111	-4	
96	103	5	
320	325	-4	
322	325	-4	
322	386	2	
386	389	4	
384	389	4	
320	384	-1	
137	141	6	
139	141	5	
139	143	-5	
138	143	-3	
138	142	4	
137	142	3	
121	124	-6	
123	124	-4	
123	126	-6	
120	126	4	
120	127	5	
121	127	-7	
224	228	8	
228	236	2	
233	236	-4	
233	238	3	
230	238	-2	
224	230	-5	
401	406	-4	
402	406	4	
402	466	5	
466	470	-4	
465	470	7	
401	465	-3	
376	380	-4	
378	380	-7	
378	383	-5	
377	383	4	
377	382	5	
376	382	8	
209	212	-3	
211	212	-6	
211	275	-4	
275	277	-5	
273	277	-3	
209	273	3	
497	501	-3	
501	509	4	
505	509	7	
505	510	-6	
502	510	-4	
497	502	2	
2	4	-4	
4	12	-2	
11	12	-3	
11	13	5	
5	13	3	
2	5	4	
488	492	2	
489	492	5	
489	495	6	
490	495	6	
490	493	3	
488	493	-4	
184	188	-6	
186	188	-5	
186	250	2	
250	252	4	
248	252	-6	
184	248	1	
432	437	3	
434	437	-2	
434	439	-4	
433	439	-5	
433	438	3	
432	438	6	
392	397	-4	
397	405	-2	
401	405	-4	
401	407	-4	
399	407	3	
392	399	-4	
201	205	-3	
202	205	4	
202	207	-3	
200	207	5	
200	206	-4	
201	206	5	
240	244	-4	
243	244	-5	
243	246	4	
242	246	-4	
242	247	6	
240	247	3	
232	237	-6	
233	237	-5	
233	297	2	
297	302	5	
296	302	-3	
232	296	2	
449	452	4	
450	452	-4	
450	455	-6	
448	455	-5	
448	454	-2	
449	454	-7	
408	413	4	
413	421	3	
417	421	-5	
417	422	-3	
414	422	-3	
408	414	-4	
361	364	-8	
363	364	6	
363	427	-2	
427	428	-6	
425	428	5	
361	425	2	
288	292	-4	
291	292	5	
291	355	-2	
355	359	4	
352	359	5	
288	352	-3	
171	172	-5	
172	180	1	
178	180	4	
178	182	6	
174	182	-4	
171	174	-6	
273	279	4	
274	279	-3	
274	338	-4	
338	343	3	
337	343	5	
273	337	-4	
49	52	4	
52	60	-3	
58	60	-7	
58	62	-7	
54	62	-3	
49	54	-3	
467	468	6	
468	476	-3	
473	476	-6	
473	479	5	
471	479	-2	
467	471	4	
80	84	-2	
84	92	-6	
90	92	3	
90	94	5	
86	94	4	
80	86	-4	
33	38	5	
38	46	1	
43	46	-6	
43	47	3	
39	47	-2	
33	39	-5	
440	444	-4	
443	444	6	
443	507	4	
507	508	6	
504	508	6	
440	504	-3	
256	261	6	
261	269	4	
266	269	-3	
266	270	4	
262	270	3	
256	262	2	
66	68	1	
68	76	4	
75	76	-4	
75	78	-6	
70	78	3	
66	70	-5	
208	214	-2	
214	222	-4	
216	222	3	
216	223	-3	
208	215	5	
306	309	6	
309	317	3	
315	317	5	
315	319	3	
311	319	-3	
306	311	-5	
154	157	6	
157	165	-3	
161	165	-6	
161	167	3	
159	167	-3	
154	159	-4	
128	135	6	
131	135	-3	
131	195	-2	
195	198	-5	
192	198	5	
128	192	3	
321	324	-2	
324	332	3	
330	332	-5	
330	335	-2	
327	335	-4	
321	327	-5	
8	14	4	
14	22	-4	
18	22	3	
18	23	-3	
15	23	4	
8	15	6	
417	420	6	
419	420	-3	
419	483	-6	
483	487	3	
481	487	-5	
417	481	5	
280	284	-4	
283	284	-3	
283	347	4	
347	348	4	
344	348	5	
280	344	-3	
387	388	3	
388	396	-5	
392	396	5	
391	399	5	
387	391	-4	
106	110	-4	
110	118	2	
113	118	-2	
113	119	-8	
111	119	-2	
106	111	-3	
120	125	-5	
123	125	5	
123	187	-2	
187	190	4	
184	190	4	
120	184	-2	
136	142	-7	
142	150	-2	
147	150	-5	
147	151	-5	
143	151	2	
136	143	-6	
368	374	6	
374	382	-3	
379	382	4	
379	383	-6	
375	383	-3	
368	375	3	
35	99	4	
99	100	-3	
98	100	5	
34	98	5	
457	460	-3	
457	462	-5	
459	462	-5	
459	461	-4	
497	500	6	
499	500	5	
499	501	4	
498	501	-4	
498	503	-3	
497	503	5	
297	300	5	
300	308	3	
304	311	4	
303	311	-2	
297	303	3	
27	29	3	
27	31	5	
25	31	4	
25	30	5	
24	30	-3	
227	228	-3	
227	231	-5	
226	229	4	
224	229	3	
0	4	5	
1	4	4	
1	5	3	
3	5	5	
3	6	6	
42	46	5	
43	107	-5	
107	109	5	
106	109	2	
42	106	-5	
333	341	2	
336	341	4	
334	342	-3	
328	334	-3	
9	12	-5	
12	20	3	
16	20	4	
16	21	3	
13	21	3	
9	13	5	
281	287	5	
282	287	4	
282	346	4	
345	351	-3	
281	345	-3	
130	133	-4	
130	194	1	
194	198	-3	
193	198	-6	
129	193	-2	
282	284	-5	
284	292	2	
289	292	4	
286	294	3	
282	286	3	
152	156	-5	
153	156	-3	
153	159	-3	
155	159	5	
155	157	-3	
152	157	-2	
435	437	-4	
437	445	-4	
441	447	6	
439	447	-3	
435	439	3	
384	388	-7	
385	388	-5	
385	449	2	
449	453	-5	
448	453	5	
384	448	3	
464	468	-3	
465	468	-2	
466	471	3	
464	471	-6	
234	237	2	
237	245	3	
243	245	-3	
238	246	4	
234	238	5	
355	357	-6	
353	359	-4	
354	358	5	
368	372	-3	
370	372	-4	
370	434	-2	
434	436	5	
432	436	3	
368	432	2	
88	92	-5	
91	92	-2	
89	95	-4	
177	182	2	
178	242	-2	
241	247	-3	
485	493	-4	
489	493	-4	
489	494	2	
480	486	3	
73	77	-4	
73	79	3	
75	79	2	
72	78	2	
313	318	-3	
314	378	2	
377	380	5	
313	377	2	
409	415	-6	
410	474	3	
474	478	-4	
473	478	2	
409	473	6	
97	101	4	
99	101	5	
99	163	3	
161	164	-6	
97	161	-2	
426	428	-3	
427	429	-4	
41	44	5	
44	52	3	
48	52	4	
45	53	4	
249	252	-3	
251	252	-3	
248	255	-4	
248	253	-4	
212	220	-4	
219	221	2	
209	213	-4	
258	263	6	
259	323	-1	
323	324	-4	
322	324	-5	
258	322	-3	
442	444	-7	
507	510	-4	
506	510	-3	
442	506	-3	
81	86	5	
81	145	1	
80	144	1	
265	268	6	
275	276	-3	
269	277	2	
265	269	-3	
296	301	-6	
299	303	5	
298	303	-5	
298	302	-4	
113	116	4	
116	124	-5	
119	127	6	
171	173	-2	
171	175	-5	
169	174	-4	
168	174	-2	
185	188	-3	
186	189	1	
187	189	-5	
185	190	4	
202	204	-5	
266	271	-4	
202	266	1	
57	60	6	
58	63	-2	
338	340	5	
339	403	-3	
402	404	-3	
338	402	-2	
329	334	2	
330	334	4	
330	394	1	
329	393	2	
66	69	-5	
67	70	-3	
64	70	5	
64	71	4	
66	71	6	
450	454	5	
454	462	2	
458	462	4	
455	463	1	
362	364	-4	
363	365	-6	
363	367	4	
361	367	-6	
98	103	-3	
98	162	2	
162	167	4	
160	167	6	
96	160	3	
411	414	6	
411	475	-3	
472	477	5	
408	472	4	
51	115	-5	
50	114	5	
147	149	-4	
147	211	4	
211	214	-2	
210	214	6	
146	210	-4	
307	371	-2	
371	373	-4	
369	373	-5	
305	369	2	
195	197	5	
197	205	4	
200	205	-5	
199	207	3	
195	199	3	
418	422	-5	
419	422	4	
482	484	-3	
225	230	-4	
227	230	4	
227	291	-2	
291	293	-3	
289	293	-2	
312	316	-3	
315	316	4	
315	379	-5	
379	380	-2	
312	376	-3	
25	28	2	
28	36	3	
33	36	-6	
30	38	4	
18	20	-3	
19	20	-3	
19	83	4	
82	87	-4	
18	82	-6	
256	260	5	
257	321	3	
320	326	-3	
256	320	-3	
216	221	6	
218	222	4	
217	222	4	
217	223	-5	
346	348	-1	
347	349	5	
344	349	4	
344	350	-4	
272	277	-2	
274	277	4	
274	278	3	
273	278	-3	
272	279	-5	
506	509	5	
504	510	-3	
504	511	-4	
505	511	4	
176	181	-2	
178	183	2	
176	182	4	
481	484	3	
491	495	4	
487	495	-2	
138	141	6	
139	142	3	
8	12	-3	
10	12	-4	
10	13	3	
11	15	-3	
403	405	4	
403	407	3	
400	407	3	
400	406	3	
105	108	-5	
105	110	-5	
107	110	-2	
104	109	-5	
232	236	4	
234	236	5	
235	238	-4	
232	238	4	
499	502	3	
498	502	-6	
496	501	3	
389	397	-5	
394	397	6	
394	399	2	
386	391	-5	
130	135	-6	
128	134	-3	
129	134	5	
352	356	-3	
355	356	-4	
355	419	-2	
419	421	5	
416	421	4	
352	416	-2	
323	325	5	
325	333	3	
331	333	-2	
323	327	-3	
16	23	-4	
17	23	2	
17	81	-5	
80	85	4	
16	80	-5	
112	117	4	
117	125	6	
118	126	-5	
227	229	-6	
291	295	6	
290	295	-2	
424	430	1	
426	490	-6	
490	494	-4	
488	494	-6	
424	488	5	
27	91	5	
91	94	4	
26	90	4	
158	166	3	
154	158	3	
242	244	4	
243	307	-2	
306	310	3	
242	306	-2	
459	460	-5	
460	468	2	
466	468	4	
466	469	4	
461	469	2	
32	38	4	
34	38	-2	
98	102	-4	
96	102	2	
32	96	-6	
2	6	-5	
2	66	-5	
65	70	-4	
144	150	-5	
146	150	2	
144	208	-3	
435	438	4	
438	446	2	
443	446	6	
443	447	2	
257	261	4	
264	269	-4	
257	262	-6	
139	203	2	
203	206	-3	
137	201	4	
59	60	-2	
59	61	5	
53	61	1	
49	53	-4	
393	396	2	
390	398	3	
384	390	3	
248	254	4	
249	313	-1	
313	317	-5	
312	317	-4	
248	312	1	
410	412	3	
474	476	-5	
192	196	-4	
195	196	3	
193	197	4	
371	374	5	
369	374	3	
369	375	3	
33	37	-3	
37	45	1	
40	45	-2	
337	341	-4	
338	341	4	
338	342	2	
187	188	-3	
187	191	-4	
186	191	-5	
186	190	7	
10	15	3	
11	75	2	
74	79	4	
170	174	4	
169	173	5	
296	300	-4	
299	302	4	
296	303	-3	
282	285	2	
281	285	3	
0	5	5	
3	67	4	
404	412	-2	
407	415	2	
51	54	4	
115	116	3	
462	470	-2	
465	471	-3	
463	471	-2	
40	46	4	
107	111	3	
104	111	-4	
40	104	2	
155	219	-3	
219	222	4	
152	216	3	
241	305	-3	
305	311	2	
240	304	-3	
421	429	2	
422	430	2	
416	422	5	
481	485	4	
89	92	-2	
92	100	-2	
93	101	3	
274	276	3	
271	279	-2	
264	271	-3	
387	389	4	
385	391	-4	
386	390	-5	
349	357	-3	
353	357	3	
351	359	-2	
434	498	-4	
432	496	-3	
145	150	-4	
150	158	2	
151	159	3	
377	441	4	
440	446	-4	
376	440	3	
18	21	5	
19	21	-6	
83	85	-2	
322	327	-5	
320	327	3	
315	318	-3	
235	236	5	
233	239	-5	
72	76	-1	
65	69	-2	
507	511	4	
504	509	2	
163	166	-6	
48	55	-3	
49	55	4	
49	113	3	
112	119	-3	
48	112	3	
200	204	-3	
204	212	-2	
208	212	3	
208	213	-3	
205	213	-2	
57	63	-5	
59	123	3	
121	126	-3	
57	121	-2	
298	300	-5	
306	308	-3	
301	309	2	
402	405	-3	
405	413	2	
406	414	-2	
88	94	-2	
94	102	-2	
97	103	-4	
95	103	-1	
88	95	5	
283	285	3	
290	293	3	
106	108	-3	
41	105	2	
475	479	-3	
266	268	5	
266	330	-3	
265	329	3	
225	229	5	
224	231	2	
128	133	3	
26	28	-4	
27	28	3	
27	30	2	
25	29	4	
26	29	3	
354	418	-3	
353	417	-1	
73	78	3	
74	78	-5	
74	138	-5	
73	137	-5	
435	499	-5	
433	497	4	
202	206	5	
206	214	2	
209	214	-4	
209	215	3	
207	215	-2	
275	278	-4	
275	339	3	
336	340	3	
272	336	1	
267	269	4	
267	331	-2	
331	334	4	
264	328	4	
427	431	2	
427	491	4	
241	244	-3	
16	22	4	
17	22	-4	
394	396	-5	
456	463	3	
392	456	3	
436	444	1	
442	445	1	
194	199	5	
195	259	-2	
194	258	-2	
3	4	5	
6	14	-3	
347	350	-3	
344	351	-3	
480	484	-5	
482	486	4	
482	487	-5	
480	487	-3	
465	469	-5	
464	470	-4	
314	317	3	
314	319	5	
147	148	-4	
211	213	4	
145	209	-3	
216	220	-4	
218	220	3	
217	221	2	
35	38	4	
290	292	-4	
288	294	4	
106	170	3	
170	175	-3	
104	168	-4	
58	61	-2	
56	62	-4	
320	324	6	
321	325	4	
450	453	3	
451	455	-4	
451	454	-4	
120	124	3	
121	125	2	
123	127	2	
245	253	-4	
246	254	3	
87	95	-3	
491	493	3	
425	489	-3	
128	132	5	
337	342	4	
339	342	-4	
337	401	2	
409	414	-1	
475	476	2	
148	156	3	
153	157	4	
149	157	-2	
72	136	-3	
226	228	3	
385	389	-3	
9	15	-4	
35	36	3	
29	37	2	
259	261	-4	
179	182	-3	
182	190	-1	
507	509	2	
203	205	-4	
443	445	3	
99	103	3	
160	164	2	
109	117	1	
115	119	-1	
283	287	3	
50	53	-5	
47	55	3	
232	239	-3	
275	279	3	
208	272	4	
307	309	4	
304	310	-4	
75	77	-3	
64	69	-3	
180	188	3	
184	189	-5	
178	181	-4	
90	93	-4	
418	421	-3	
328	332	2	
329	335	-2	
477	485	-2	
481	486	3	
478	486	3	
218	282	2	
372	380	2	
378	382	2	
402	407	5	
244	252	-4	
247	255	-3	
426	429	2	
429	437	3	
433	437	4	
430	438	-2	
273	276	3	
337	340	-3	
75	139	-3	
137	143	-2	
330	333	3	
326	334	-4	
107	108	4	
490	492	-1	
488	495	3	
289	295	5	
113	177	3	
112	176	3	
267	270	-5	
265	270	-2	
161	166	-2	
25	89	-5	
408	412	-3	
196	204	-2	
201	207	3	
250	253	5	
241	246	3	
219	223	-3	
83	86	6	
459	463	-4	
457	461	-4	
11	14	-5	
8	13	-3	
432	439	-3	
129	135	-3	
32	37	-4	
96	100	-2	
114	118	4	
302	310	-1	
170	234	-3	
169	233	-1	
277	285	-4	
278	286	4	
348	356	2	
350	358	-3	
345	350	-3	
387	451	3	
386	450	2	
56	120	-3	
401	404	-3	
403	406	5	
424	428	-1	
428	436	5	
431	439	4	
256	263	3	
483	485	2	
458	461	3	
448	452	-5	
276	284	3	
281	284	-3	
46	54	2	
133	141	1	
136	141	-2	
135	143	-2	
379	443	1	
89	94	-3	
354	359	3	
8	72	-2	
479	487	-2	
108	116	1	
203	207	4	
427	430	2	
297	301	-2	
155	158	-2	
492	500	-2	
493	501	2	
99	102	2	
307	311	-4	
304	368	-1	
162	165	-5	
176	183	-3	
175	183	-2	
411	413	3	
505	508	1	
34	39	5	
145	149	-4	
144	151	2	
105	169	-2	
200	264	1	
242	245	2	
243	247	-4	
240	246	4	
347	351	4	
378	442	2	
441	444	-2	
393	397	-1	
393	399	-4	
56	60	-2	
67	68	-5	
305	308	2	
306	370	-1	
346	349	2	
434	438	3	
496	502	4	
114	119	-2	
114	178	2	
177	181	3	
24	88	-4	
472	476	-3	
469	477	2	
131	132	-3	
396	404	-3	
398	406	2	
392	398	3	
260	268	-2	
267	268	1	
258	261	-2	
43	44	-3	
222	230	-1	
226	230	-4	
223	231	-1	
81	84	2	
458	460	-2	
50	52	2	
51	52	-4	
308	316	-3	
376	383	-2	
168	172	3	
168	232	1	
408	415	-4	
152	159	-2	
210	274	3	
291	294	-2	
294	302	1	
295	303	2	
179	243	2	
187	251	-4	
251	254	-2	
185	249	-3	
499	503	3	
65	71	3	
386	388	-2	
400	405	5	
259	260	-3	
368	373	3	
146	148	2	
310	318	-1	
77	85	-2	
80	87	4	
79	87	-1	
225	228	3	
31	39	-1	
24	31	-2	
412	420	2	
332	340	3	
335	343	-2	
449	455	2	
361	365	-1	
184	191	-2	
177	183	-2	
164	172	-2	
167	175	-1	
76	84	-2	
78	86	-1	
229	237	-1	
231	239	1	
42	47	1	
41	46	2	
280	286	2	
279	287	3	
154	218	-2	
153	217	2	
138	202	-2	
136	200	2	
173	181	-3	
263	271	-1	
55	63	-1	
384	391	-2	
371	375	2	
370	374	-3	
425	431	2	
410	414	2	
163	167	3	
91	93	2	
179	180	-2	
43	45	3	
249	255	-3	
470	478	-1	
98	101	-1	
235	237	-3	
355	358	-2	
339	343	-2	
298	362	-3	
297	361	-3	
113	117	2	
211	215	-2	
210	212	2	
357	365	1	
359	367	2	
224	288	1	
299	300	2	
346	410	2	
344	408	3	
216	280	1	
322	326	1	
473	477	1	
289	353	-2	
299	363	-2	
290	354	-1	
328	392	-1	
456	462	-2	
467	470	2	
293	301	2	
476	484	-1	
161	225	-1	
160	224	-1	
107	171	1	
336	400	-1	
356	364	1	
495	503	1	
33	97	-1	
156	164	-1	
494	502	1	
193	257	-1	
192	256	-1	
498	500	1	
220	228	-1	
221	229	-1	
134	142	-1	
292	300	-1	
171	235	-1	
364	372	1	
198	206	-1	
85	93	-1	
165	173	1	
239	247	-1	
345	409	-1	
Energy:	-3792	
