NumberOfQubits	504	
NumberOfSubgraphs	504	
Serial	169	
PlantedSolution:	
0	1	
1	-1	
2	1	
3	1	
4	-1	
5	1	
6	-1	
8	-1	
9	-1	
10	1	
11	-1	
12	1	
13	1	
14	1	
15	-1	
16	1	
17	-1	
18	1	
19	1	
20	-1	
21	1	
22	1	
23	1	
24	1	
25	-1	
26	-1	
27	-1	
28	1	
29	1	
30	1	
31	-1	
32	1	
33	1	
34	1	
35	1	
36	1	
37	-1	
38	1	
39	-1	
40	-1	
41	1	
42	1	
43	-1	
44	1	
45	-1	
46	1	
47	1	
48	1	
49	-1	
50	-1	
51	1	
52	1	
53	-1	
54	1	
55	1	
56	1	
57	1	
58	-1	
59	1	
60	1	
61	-1	
62	1	
63	1	
64	1	
65	-1	
66	-1	
67	-1	
68	-1	
69	-1	
70	-1	
71	1	
72	1	
73	1	
74	1	
75	1	
76	1	
77	1	
78	1	
79	-1	
80	1	
81	1	
82	-1	
83	-1	
84	1	
85	1	
86	1	
87	1	
88	1	
89	-1	
90	1	
91	-1	
92	-1	
93	-1	
94	1	
95	-1	
96	1	
97	-1	
98	1	
99	1	
100	1	
101	1	
102	1	
103	1	
104	-1	
105	1	
106	-1	
107	-1	
108	-1	
109	1	
110	-1	
111	1	
112	1	
113	1	
114	1	
115	1	
116	1	
117	1	
118	1	
119	-1	
120	1	
121	1	
123	1	
124	1	
125	1	
126	-1	
127	-1	
128	-1	
129	1	
130	1	
131	1	
132	-1	
133	1	
134	-1	
135	1	
136	-1	
137	-1	
138	1	
139	-1	
141	-1	
142	1	
143	-1	
144	-1	
145	1	
146	-1	
147	-1	
148	-1	
149	-1	
150	1	
151	-1	
152	-1	
153	-1	
154	1	
155	1	
156	1	
157	-1	
158	-1	
159	-1	
160	-1	
161	-1	
162	1	
163	-1	
164	-1	
165	1	
166	-1	
167	-1	
168	1	
169	1	
170	1	
171	1	
172	-1	
173	1	
174	-1	
175	1	
176	1	
177	1	
178	1	
179	-1	
180	-1	
181	-1	
182	1	
183	-1	
184	1	
185	1	
186	1	
187	1	
188	1	
189	1	
190	-1	
191	-1	
192	1	
193	-1	
194	-1	
195	-1	
196	1	
197	-1	
198	-1	
199	1	
200	-1	
201	1	
202	1	
203	1	
204	-1	
205	1	
206	-1	
207	1	
208	1	
209	1	
210	1	
211	1	
212	1	
213	1	
214	-1	
215	-1	
216	-1	
217	-1	
218	-1	
219	-1	
220	1	
221	1	
222	-1	
223	-1	
224	1	
225	1	
226	-1	
227	-1	
228	-1	
229	1	
230	1	
231	-1	
232	1	
233	1	
234	1	
235	-1	
236	-1	
237	-1	
238	-1	
239	-1	
240	1	
241	-1	
242	1	
243	1	
244	1	
245	-1	
246	1	
247	1	
248	1	
249	1	
250	1	
251	1	
252	-1	
253	-1	
254	-1	
255	1	
256	-1	
257	1	
258	-1	
259	1	
260	1	
261	1	
262	-1	
263	-1	
264	-1	
265	-1	
266	1	
267	-1	
268	-1	
269	-1	
270	-1	
271	-1	
272	1	
273	-1	
274	1	
275	1	
276	-1	
277	-1	
278	-1	
279	-1	
280	-1	
281	1	
282	-1	
283	-1	
284	-1	
285	1	
286	1	
287	1	
288	1	
289	-1	
290	-1	
291	1	
292	-1	
293	-1	
294	-1	
295	-1	
296	-1	
297	1	
298	-1	
299	-1	
300	1	
301	1	
302	1	
303	1	
304	-1	
305	1	
306	-1	
307	1	
308	-1	
309	-1	
310	1	
311	-1	
312	1	
313	1	
314	-1	
315	-1	
316	1	
317	-1	
318	-1	
319	1	
320	-1	
321	1	
322	1	
323	-1	
324	1	
325	-1	
326	1	
327	1	
328	-1	
329	1	
330	1	
331	1	
332	-1	
333	1	
334	1	
335	-1	
336	1	
337	1	
338	1	
339	-1	
340	-1	
341	-1	
342	1	
343	-1	
344	-1	
345	1	
346	-1	
347	1	
348	-1	
349	1	
350	-1	
351	1	
352	-1	
353	-1	
354	-1	
355	-1	
356	-1	
357	1	
358	-1	
359	-1	
361	1	
362	1	
363	-1	
364	1	
365	1	
367	1	
368	1	
369	1	
370	1	
371	-1	
372	1	
373	-1	
374	1	
375	-1	
376	1	
377	1	
378	-1	
379	1	
380	-1	
382	-1	
383	-1	
384	-1	
385	1	
386	1	
387	1	
388	1	
389	1	
390	-1	
391	1	
392	-1	
393	1	
394	-1	
396	1	
397	1	
398	-1	
399	-1	
400	-1	
401	1	
402	1	
403	1	
404	1	
405	1	
406	-1	
407	1	
408	-1	
409	-1	
410	-1	
411	-1	
412	1	
413	1	
414	-1	
415	-1	
416	-1	
417	-1	
418	-1	
419	-1	
420	1	
421	-1	
422	1	
424	-1	
425	-1	
426	1	
427	-1	
428	-1	
429	1	
430	1	
431	-1	
432	-1	
433	-1	
434	1	
435	1	
436	-1	
437	-1	
438	-1	
439	-1	
440	1	
441	-1	
442	-1	
443	-1	
444	1	
445	-1	
446	-1	
447	-1	
448	1	
449	-1	
450	1	
451	-1	
452	-1	
453	-1	
454	-1	
455	1	
456	-1	
457	-1	
458	1	
459	1	
460	1	
461	1	
462	-1	
463	-1	
464	-1	
465	-1	
466	1	
467	-1	
468	1	
469	-1	
470	1	
471	-1	
472	1	
473	-1	
474	1	
475	-1	
476	-1	
477	-1	
478	1	
479	-1	
480	1	
481	1	
482	-1	
483	-1	
484	1	
485	1	
486	1	
487	-1	
488	-1	
489	1	
490	-1	
491	-1	
492	1	
493	-1	
494	-1	
495	1	
496	-1	
497	-1	
498	-1	
499	1	
500	-1	
501	-1	
502	1	
503	1	
504	1	
505	-1	
506	1	
507	1	
508	1	
509	-1	
510	1	
511	1	
Js:	
225	228	2	
228	236	-2	
234	236	3	
234	238	-2	
230	238	2	
225	230	-3	
248	255	2	
249	255	-3	
249	313	-2	
313	316	-2	
312	316	-2	
248	312	-2	
209	212	-4	
212	220	-2	
217	220	3	
217	223	1	
215	223	-2	
209	215	1	
146	149	-3	
147	149	-2	
147	211	3	
211	214	3	
210	214	2	
146	210	-1	
499	500	-2	
500	508	2	
504	508	-5	
504	509	3	
501	509	-2	
499	501	3	
99	100	-2	
100	108	1	
107	108	-4	
107	109	2	
101	109	-2	
99	101	3	
280	285	2	
285	293	1	
289	293	-2	
289	294	-4	
286	294	1	
280	286	-3	
369	375	3	
370	375	2	
370	434	-1	
434	436	2	
433	436	-3	
369	433	-2	
88	94	-3	
91	94	3	
91	155	-1	
155	159	4	
152	159	-3	
88	152	3	
113	118	-2	
114	118	-4	
114	178	-1	
178	182	-4	
177	182	-3	
113	177	1	
185	189	-2	
186	189	-2	
186	190	4	
184	190	-2	
184	191	4	
185	191	2	
256	263	-3	
257	263	3	
257	321	2	
321	327	-4	
320	327	2	
256	320	-2	
424	428	-2	
427	428	3	
427	430	3	
426	430	-2	
426	429	-3	
424	429	2	
32	36	-2	
33	36	1	
33	37	3	
35	37	2	
35	38	-4	
32	38	-3	
8	12	1	
10	12	-3	
10	15	3	
11	15	-4	
11	14	-3	
8	14	4	
409	412	3	
412	420	1	
418	420	3	
418	422	4	
414	422	2	
409	414	-2	
80	84	-2	
81	84	-2	
81	85	-4	
83	85	3	
83	86	3	
80	86	-5	
195	198	2	
198	206	-2	
201	206	2	
201	207	-4	
199	207	-1	
195	199	3	
432	437	-3	
437	445	-2	
443	445	-4	
443	446	-1	
438	446	-2	
432	438	4	
26	28	4	
27	28	-4	
27	30	4	
25	30	4	
25	31	-3	
26	31	-3	
336	340	4	
337	340	3	
337	343	-2	
339	343	-3	
339	342	2	
336	342	-2	
170	172	1	
172	180	-2	
179	180	-1	
179	181	-5	
173	181	3	
170	173	4	
160	164	3	
163	164	-3	
163	165	2	
162	165	-2	
162	166	3	
160	166	-3	
384	388	2	
387	388	4	
387	391	-1	
385	391	-2	
385	389	-2	
384	389	2	
482	485	4	
483	485	3	
483	486	2	
481	486	-4	
481	487	-2	
482	487	-4	
272	276	3	
273	276	-2	
273	279	-3	
275	279	3	
275	278	3	
272	278	-1	
56	61	3	
58	61	-3	
58	63	-1	
59	63	-3	
59	62	-2	
56	62	-2	
112	116	-3	
116	124	-4	
120	124	3	
120	125	-4	
117	125	-5	
112	117	-1	
258	260	2	
259	260	-3	
259	323	4	
323	325	-3	
322	325	3	
258	322	-2	
449	453	-2	
453	461	-1	
459	461	-3	
459	462	3	
454	462	-1	
449	454	-2	
128	133	3	
133	141	1	
139	141	-4	
139	142	-3	
134	142	1	
128	134	-2	
233	237	3	
235	237	-2	
235	299	-2	
299	301	-3	
297	301	-4	
233	297	-2	
64	68	3	
67	68	3	
67	69	-5	
66	69	-2	
66	71	2	
64	71	-4	
281	284	3	
282	284	-4	
282	346	-1	
346	350	-3	
345	350	3	
281	345	1	
291	292	3	
292	300	1	
298	300	3	
298	303	4	
295	303	-2	
291	295	2	
489	492	-1	
491	492	2	
491	493	-3	
488	493	-3	
488	494	-3	
489	494	-4	
304	308	2	
307	308	5	
307	371	2	
371	374	3	
368	374	-4	
304	368	2	
328	332	-3	
330	332	3	
330	335	-2	
329	335	3	
329	333	-3	
328	333	1	
17	20	-2	
18	20	3	
18	21	2	
19	21	-3	
19	22	-2	
17	22	4	
43	44	2	
44	52	-2	
49	52	2	
49	55	4	
47	55	-2	
43	47	3	
347	348	3	
348	356	-3	
353	356	-2	
353	359	-3	
351	359	2	
347	351	2	
400	404	3	
403	404	-2	
403	405	-4	
401	405	-3	
401	406	-2	
400	406	-3	
89	95	-2	
90	95	3	
90	154	-3	
154	157	3	
153	157	-3	
89	153	-3	
466	470	-2	
470	478	-1	
473	478	-3	
473	479	-2	
471	479	-2	
466	471	3	
240	244	-3	
243	244	-1	
243	246	-3	
241	246	3	
241	247	2	
240	247	3	
74	76	-4	
75	76	-1	
75	79	5	
72	79	4	
72	78	2	
74	78	-3	
376	380	2	
379	380	3	
379	383	4	
378	383	4	
378	382	-4	
376	382	3	
392	396	3	
393	396	-3	
393	398	1	
394	398	-4	
394	397	-1	
392	397	2	
264	268	-2	
267	268	-2	
267	269	4	
266	269	1	
266	270	3	
264	270	-4	
305	310	-3	
310	318	4	
315	318	-2	
315	319	3	
311	319	2	
305	311	4	
361	364	-3	
362	364	-5	
362	365	-5	
363	365	4	
363	367	-4	
361	367	-5	
40	45	-4	
45	53	-2	
48	53	3	
48	54	-4	
46	54	2	
40	46	2	
2	4	3	
3	4	-5	
3	6	3	
0	6	4	
0	5	-3	
2	5	-4	
467	468	4	
468	476	2	
475	476	-4	
475	477	-3	
469	477	1	
467	469	-1	
96	102	-4	
102	110	2	
106	110	-2	
106	111	3	
103	111	-3	
96	103	-2	
352	357	-2	
355	357	5	
355	419	-3	
419	421	-3	
416	421	-5	
352	416	-2	
193	196	2	
196	204	2	
202	204	-2	
202	205	-2	
197	205	3	
193	197	-2	
496	502	5	
502	510	-2	
505	510	-1	
505	511	5	
503	511	-2	
496	503	3	
450	452	2	
452	460	-1	
456	460	3	
456	463	-3	
455	463	1	
450	455	-3	
224	229	-3	
226	229	3	
226	231	-2	
227	231	-3	
227	230	2	
224	230	2	
441	444	3	
442	444	1	
442	447	4	
440	447	3	
440	446	4	
441	446	-1	
168	172	4	
171	172	3	
171	175	-2	
169	175	1	
169	174	5	
168	174	2	
408	413	2	
410	413	4	
410	474	2	
474	479	3	
472	479	3	
408	472	-2	
138	142	-2	
142	150	-1	
145	150	-3	
145	151	2	
143	151	1	
138	143	4	
121	127	4	
123	127	3	
123	187	1	
187	188	-4	
185	188	-4	
121	185	-1	
65	70	-3	
67	70	-2	
67	131	1	
131	135	-3	
129	135	2	
65	129	1	
216	221	3	
218	221	3	
218	223	-3	
219	223	-3	
219	222	3	
216	222	-2	
242	244	-3	
244	252	2	
250	252	3	
250	253	4	
245	253	-2	
242	245	3	
288	293	-3	
290	293	-3	
290	354	-2	
354	358	-3	
352	358	-4	
288	352	2	
128	132	-3	
130	132	-2	
130	194	3	
194	198	-2	
192	198	3	
128	192	3	
144	148	-2	
147	148	2	
211	213	-2	
208	213	-1	
144	208	2	
425	430	-1	
430	438	1	
435	438	2	
435	439	4	
431	439	-2	
425	431	-5	
322	324	-4	
324	332	3	
331	332	2	
331	334	2	
326	334	-4	
322	326	-1	
338	341	4	
341	349	2	
344	349	4	
344	351	-3	
343	351	1	
338	343	2	
33	39	2	
34	39	3	
34	98	-2	
98	103	-2	
97	103	2	
33	97	3	
402	406	2	
406	414	2	
411	414	-2	
411	415	-3	
407	415	2	
402	407	-3	
16	21	-3	
21	29	1	
24	29	-4	
24	31	3	
23	31	1	
16	23	-3	
50	53	-2	
51	53	2	
51	115	-2	
115	119	3	
114	119	2	
50	114	-4	
265	269	-2	
269	277	2	
274	277	2	
274	279	2	
271	279	-2	
265	271	-4	
480	484	-4	
484	492	-2	
490	492	3	
490	495	-4	
487	495	2	
480	487	2	
306	308	-3	
308	316	2	
314	316	2	
314	317	-4	
309	317	-4	
306	309	1	
8	13	2	
9	13	2	
9	73	2	
73	77	-3	
72	77	2	
8	72	2	
232	239	2	
233	239	2	
297	302	-3	
296	302	4	
232	296	2	
155	156	-3	
156	164	3	
161	164	1	
161	167	-5	
159	167	-2	
82	84	-3	
84	92	2	
88	92	2	
88	95	1	
87	95	4	
82	87	1	
384	390	3	
387	390	2	
387	451	2	
451	454	-3	
448	454	2	
384	448	1	
393	399	3	
394	399	-4	
394	458	3	
458	460	-3	
457	460	3	
393	457	-1	
41	47	1	
42	47	-4	
42	106	3	
106	108	-2	
105	108	1	
41	105	-3	
57	60	2	
59	60	-3	
59	123	-2	
123	126	4	
121	126	3	
57	121	-2	
136	141	-3	
139	203	2	
203	204	3	
200	204	-2	
136	200	-3	
368	372	-4	
369	372	-3	
369	373	-3	
371	373	-1	
283	284	-2	
284	292	1	
288	292	3	
288	295	2	
287	295	1	
283	287	3	
498	500	-3	
507	508	-1	
507	511	-3	
498	503	-2	
256	261	3	
258	261	4	
258	263	-2	
259	263	2	
259	262	-1	
256	262	-3	
248	252	1	
249	252	3	
251	255	-4	
251	254	2	
248	254	-3	
400	407	2	
401	407	2	
401	465	2	
465	470	3	
464	470	2	
400	464	-4	
176	180	2	
177	180	2	
178	183	2	
176	183	2	
497	501	-3	
506	509	2	
506	510	-5	
497	502	-1	
89	93	-3	
90	93	2	
154	158	3	
153	158	-2	
417	420	4	
419	420	-1	
419	483	-2	
481	485	-2	
417	481	4	
104	110	-2	
110	118	1	
113	119	2	
111	119	2	
104	111	-1	
1	4	-3	
2	6	3	
1	5	3	
377	380	4	
378	380	-2	
376	383	2	
377	383	-1	
73	76	-4	
74	138	2	
137	143	-3	
73	137	1	
386	391	-2	
386	450	2	
449	455	4	
385	449	3	
440	444	-3	
443	444	2	
442	445	-3	
37	45	1	
41	45	2	
41	46	-3	
38	46	-1	
331	333	-3	
333	341	1	
338	342	-4	
334	342	-2	
435	436	2	
432	439	1	
433	437	-3	
9	12	2	
12	20	2	
19	20	3	
14	22	1	
9	14	2	
464	468	1	
467	471	-2	
465	471	2	
465	469	-4	
464	469	-2	
307	309	2	
313	317	2	
313	318	2	
307	310	2	
208	212	-1	
209	273	1	
273	277	-2	
272	277	4	
208	272	1	
232	238	1	
238	246	3	
240	246	-1	
239	247	3	
346	349	2	
346	410	1	
344	408	-2	
265	270	1	
265	329	3	
328	335	-3	
264	328	-3	
216	220	-3	
218	220	2	
218	222	-2	
217	222	-1	
217	221	3	
281	285	-3	
283	285	2	
283	286	2	
280	287	2	
281	287	-1	
426	428	4	
427	491	-3	
490	493	-2	
426	490	2	
347	350	-2	
347	411	2	
409	415	-2	
345	409	1	
200	205	-2	
201	205	-2	
203	207	-2	
203	206	2	
200	206	-2	
160	167	-2	
161	225	2	
225	229	3	
160	224	2	
51	52	-3	
52	60	-2	
58	60	3	
58	62	3	
54	62	-2	
51	54	1	
163	227	-2	
227	228	-3	
226	228	-4	
162	226	2	
194	196	3	
195	196	3	
195	197	-3	
192	197	-4	
192	199	-2	
194	199	3	
354	359	-3	
354	418	3	
417	422	1	
353	417	-2	
104	109	4	
105	109	-2	
105	169	-1	
104	168	-2	
91	92	-3	
92	100	3	
98	100	3	
98	102	-2	
94	102	-2	
320	324	2	
321	324	-2	
321	325	-1	
323	326	1	
320	326	3	
184	188	-1	
186	188	2	
187	190	3	
187	189	-2	
184	189	-4	
145	148	4	
146	148	3	
146	151	-2	
144	151	-2	
144	149	-2	
145	149	3	
179	183	-2	
175	183	2	
170	175	-4	
66	68	-3	
66	70	-3	
65	71	3	
83	87	3	
80	87	-2	
81	86	-2	
474	476	2	
476	484	2	
480	486	-3	
478	486	-2	
474	478	-3	
234	237	2	
299	300	3	
234	298	2	
456	461	3	
459	463	-3	
457	463	-4	
457	462	-3	
456	462	-1	
129	132	3	
131	132	-2	
131	134	2	
130	134	3	
130	133	-2	
129	133	-2	
24	28	-3	
26	30	-2	
27	29	3	
386	389	-3	
389	397	-3	
392	398	-4	
390	398	-5	
386	390	-2	
250	254	-3	
251	315	3	
314	319	2	
250	314	3	
424	431	-2	
425	489	3	
424	488	-2	
115	116	-3	
115	117	-3	
241	245	2	
242	306	2	
306	311	-3	
241	305	2	
35	36	-3	
35	99	-1	
96	101	-2	
32	96	-2	
339	340	2	
339	403	1	
337	401	-2	
293	301	2	
296	301	3	
294	302	-1	
290	294	-2	
11	13	3	
13	21	1	
15	23	2	
257	260	-2	
260	268	2	
266	268	4	
262	270	2	
257	262	3	
49	53	2	
53	61	-3	
56	63	-3	
55	63	-3	
210	213	3	
211	275	-2	
274	278	3	
210	274	-2	
472	476	1	
475	478	2	
473	477	-2	
472	477	5	
370	373	3	
368	373	3	
346	348	-3	
355	356	-1	
355	358	-2	
350	358	2	
74	77	-4	
75	77	-2	
152	156	1	
153	156	2	
155	157	2	
155	158	2	
152	158	4	
448	452	-3	
451	452	-3	
450	454	2	
450	453	3	
448	453	4	
40	44	2	
43	107	-2	
40	104	2	
394	396	2	
396	404	-2	
402	404	3	
399	407	2	
48	52	-1	
50	52	2	
112	119	1	
48	112	-4	
434	439	2	
435	499	-1	
499	503	-2	
434	498	3	
441	445	-3	
443	507	3	
507	509	3	
505	509	-2	
441	505	-3	
416	420	2	
420	428	-1	
421	429	2	
291	294	-3	
291	355	2	
353	357	2	
289	353	-2	
202	206	3	
206	214	1	
208	214	3	
208	215	4	
207	215	1	
202	207	-2	
97	100	2	
18	22	-3	
18	82	3	
82	85	2	
17	81	2	
1	6	-2	
1	65	-2	
65	69	-2	
64	69	1	
0	64	3	
261	269	2	
267	271	-2	
263	271	-2	
505	508	1	
506	511	1	
504	510	-2	
176	181	2	
179	243	3	
243	245	2	
240	245	2	
176	240	2	
222	230	2	
223	231	-2	
304	310	-1	
312	318	2	
312	319	-3	
304	311	-2	
276	284	-2	
282	285	1	
277	285	-1	
332	340	-2	
330	334	-2	
137	141	-2	
139	143	-2	
136	143	-4	
136	142	-2	
137	142	3	
321	385	2	
385	388	-3	
320	384	-1	
130	135	-2	
129	193	2	
460	468	-1	
466	468	-3	
466	469	-3	
461	469	1	
458	461	-3	
496	500	1	
497	500	-3	
499	502	-2	
164	172	-1	
171	174	2	
166	174	-1	
186	191	3	
186	250	1	
248	253	3	
184	248	-1	
121	124	-2	
123	124	-3	
120	126	2	
120	127	3	
25	28	1	
25	89	-1	
88	93	2	
24	88	1	
232	236	-4	
296	303	2	
379	382	3	
377	382	2	
482	486	2	
486	494	-1	
491	494	-2	
491	495	2	
411	412	3	
411	413	2	
410	414	-3	
10	13	-3	
8	15	1	
10	14	-2	
147	150	2	
150	158	1	
151	159	-2	
147	151	-3	
41	44	-3	
42	44	-3	
105	110	-2	
59	61	2	
57	63	-4	
235	238	2	
243	247	-2	
235	239	-4	
178	180	-2	
177	183	4	
275	339	1	
339	341	-3	
274	338	1	
432	436	-3	
436	444	1	
267	331	-2	
330	333	-3	
266	330	-2	
51	55	4	
113	117	-2	
49	113	2	
224	231	3	
225	231	2	
352	356	-3	
356	364	-2	
362	367	-1	
359	367	2	
352	359	-1	
187	251	1	
185	249	-1	
462	470	2	
464	471	-3	
463	471	-2	
483	484	2	
485	493	-1	
82	86	2	
82	146	-1	
146	150	2	
144	150	3	
80	144	-1	
425	429	-2	
427	429	1	
424	430	2	
68	76	2	
69	77	2	
402	405	-2	
403	406	3	
26	29	2	
27	91	-1	
90	94	-2	
26	90	-1	
315	316	2	
315	317	-1	
304	309	-2	
299	302	-2	
299	363	-2	
361	365	-3	
297	361	-1	
219	220	2	
219	283	-3	
216	280	-3	
193	199	3	
195	259	1	
259	261	1	
257	261	-2	
193	257	2	
30	38	1	
32	39	3	
31	39	-2	
97	101	4	
99	103	-3	
97	102	1	
323	324	-1	
323	387	1	
387	389	-2	
322	386	-2	
161	165	4	
165	173	-2	
171	173	1	
167	175	2	
345	348	1	
347	349	-3	
345	351	-2	
264	271	1	
201	204	2	
204	212	1	
209	213	-3	
205	213	1	
43	45	3	
43	46	2	
42	46	-2	
40	47	2	
449	452	-3	
451	453	-2	
448	455	-2	
70	78	3	
75	78	-2	
71	79	-3	
148	156	1	
154	156	-2	
149	157	2	
218	282	-2	
282	286	2	
281	286	2	
217	281	4	
131	133	-2	
128	135	3	
371	372	2	
370	372	-2	
306	370	-2	
4	12	-1	
5	13	-1	
16	20	2	
17	21	-2	
19	23	-3	
417	421	1	
481	484	-2	
416	480	2	
289	292	-2	
289	295	-2	
290	295	-3	
434	437	2	
433	497	1	
388	396	-2	
83	84	-2	
91	95	-2	
233	236	1	
236	244	1	
241	244	2	
237	245	-1	
273	337	2	
336	343	3	
272	336	-2	
354	357	2	
419	422	3	
50	54	3	
112	118	-3	
442	506	1	
506	508	-3	
440	504	-1	
313	319	2	
313	377	-2	
312	376	-2	
108	116	-1	
107	111	2	
393	397	-4	
391	399	4	
384	391	3	
57	62	-3	
121	125	2	
56	120	-2	
323	327	2	
322	327	-2	
408	415	-2	
409	473	-2	
488	492	3	
489	495	-2	
489	493	2	
458	462	2	
210	212	-2	
210	215	2	
211	215	-2	
209	214	3	
163	166	3	
185	190	2	
297	300	-3	
299	303	2	
374	382	2	
375	383	-3	
371	375	-3	
34	36	-4	
33	38	3	
34	37	3	
3	5	-1	
465	468	1	
467	470	2	
169	172	1	
169	173	-2	
168	175	-3	
138	141	2	
246	254	1	
242	246	-1	
320	325	2	
325	333	3	
329	334	-2	
200	207	2	
203	267	1	
264	269	-1	
200	264	-1	
18	23	1	
9	15	-2	
441	447	1	
443	447	-1	
305	309	-2	
314	318	-2	
85	93	-2	
418	482	2	
370	374	-2	
251	252	1	
251	253	3	
249	254	3	
268	276	-1	
275	276	-2	
270	278	-1	
290	292	-2	
129	134	2	
131	195	2	
193	198	-3	
410	412	1	
408	414	1	
496	501	-2	
497	503	-2	
258	262	-3	
118	126	3	
397	405	2	
427	431	-2	
337	342	-2	
338	402	-1	
98	162	-3	
162	167	-1	
96	160	1	
451	455	2	
56	60	2	
214	222	-2	
178	181	-1	
242	247	-1	
178	242	-2	
72	76	-2	
73	78	-2	
235	236	-1	
234	239	1	
232	237	2	
433	439	-2	
434	438	2	
49	54	2	
104	108	-1	
106	109	-2	
158	166	-2	
392	399	-1	
280	284	-2	
282	287	2	
180	188	1	
183	191	-2	
422	430	1	
416	422	1	
363	364	2	
345	349	-2	
349	357	1	
16	22	-2	
16	80	-2	
89	94	-2	
152	157	-1	
335	343	1	
273	278	-2	
272	279	-1	
475	479	1	
315	379	-1	
507	510	2	
192	196	-2	
203	205	-2	
302	310	-1	
303	311	-1	
480	485	1	
483	487	-3	
35	39	2	
32	37	2	
93	101	-1	
91	93	-2	
160	165	1	
442	446	-2	
213	221	-2	
119	127	2	
11	75	1	
170	174	1	
170	234	-2	
233	238	2	
169	233	-2	
386	388	-1	
459	460	1	
458	463	1	
312	317	-1	
314	378	-1	
202	266	-1	
266	271	1	
201	265	-1	
488	495	1	
181	189	2	
182	190	-1	
176	182	-2	
17	23	-2	
19	83	1	
99	102	-1	
105	111	-1	
498	502	-1	
432	496	-1	
247	255	-1	
194	258	1	
291	293	1	
321	326	-1	
327	335	2	
340	348	-1	
409	413	2	
296	300	1	
300	308	1	
301	309	-1	
107	110	-1	
107	171	1	
10	74	1	
224	228	1	
227	229	1	
25	29	1	
371	435	1	
433	438	-1	
344	350	-2	
408	412	1	
256	260	3	
3	67	1	
2	66	2	
392	456	2	
114	117	-1	
177	241	-1	
267	270	-1	
403	467	-1	
138	202	-2	
81	87	-2	
11	12	-1	
278	286	2	
279	287	-1	
288	294	1	
99	163	2	
298	362	-1	
28	36	-2	
29	37	1	
274	276	2	
226	230	-1	
171	235	-1	
472	478	1	
337	341	-1	
498	501	-1	
113	116	-1	
354	356	-1	
219	221	-1	
64	70	1	
435	437	2	
439	447	-1	
137	201	1	
265	268	1	
372	380	-1	
229	237	2	
346	351	2	
457	461	1	
331	335	-1	
305	308	1	
306	310	1	
401	404	-1	
404	412	1	
405	413	-1	
378	442	-1	
376	440	-1	
353	358	1	
428	436	-1	
426	431	-1	
473	476	-1	
492	500	1	
493	501	-1	
162	164	1	
369	374	-1	
410	415	-1	
403	407	-1	
76	84	-1	
77	85	-1	
329	332	-1	
216	223	1	
90	92	-1	
187	191	-1	
240	304	1	
379	443	-1	
377	441	1	
297	303	-1	
179	182	-1	
174	182	1	
490	494	-1	
494	502	1	
495	503	-1	
504	511	1	
157	165	1	
154	159	-1	
425	428	-1	
402	466	-1	
336	341	-1	
477	485	-1	
479	487	-1	
413	421	-1	
275	277	1	
89	92	-1	
96	100	-1	
123	125	1	
115	118	-1	
227	291	1	
224	288	1	
344	348	-1	
24	30	-1	
168	232	-1	
65	68	-1	
243	307	1	
177	181	-1	
355	359	-1	
298	301	1	
298	302	1	
368	375	1	
57	61	1	
50	55	-1	
75	139	1	
Energy:	-2124	
