NumberOfQubits	504	
NumberOfSubgraphs	756	
Serial	159	
PlantedSolution:	
0	1	
1	1	
2	1	
3	-1	
4	1	
5	1	
6	1	
8	1	
9	1	
10	-1	
11	1	
12	1	
13	1	
14	1	
15	1	
16	-1	
17	-1	
18	-1	
19	-1	
20	1	
21	1	
22	-1	
23	1	
24	1	
25	1	
26	1	
27	1	
28	-1	
29	-1	
30	-1	
31	-1	
32	-1	
33	1	
34	-1	
35	-1	
36	-1	
37	1	
38	1	
39	1	
40	-1	
41	1	
42	-1	
43	-1	
44	1	
45	-1	
46	1	
47	-1	
48	1	
49	1	
50	1	
51	-1	
52	1	
53	1	
54	-1	
55	-1	
56	1	
57	1	
58	1	
59	-1	
60	1	
61	1	
62	1	
63	1	
64	1	
65	-1	
66	-1	
67	-1	
68	-1	
69	-1	
70	-1	
71	1	
72	1	
73	-1	
74	1	
75	-1	
76	1	
77	1	
78	-1	
79	-1	
80	-1	
81	1	
82	-1	
83	-1	
84	-1	
85	-1	
86	-1	
87	-1	
88	1	
89	1	
90	-1	
91	1	
92	1	
93	-1	
94	1	
95	1	
96	1	
97	-1	
98	-1	
99	1	
100	1	
101	1	
102	-1	
103	-1	
104	-1	
105	-1	
106	-1	
107	-1	
108	-1	
109	-1	
110	-1	
111	1	
112	-1	
113	1	
114	-1	
115	1	
116	-1	
117	-1	
118	1	
119	-1	
120	1	
121	-1	
123	-1	
124	-1	
125	-1	
126	-1	
127	-1	
128	1	
129	1	
130	1	
131	1	
132	-1	
133	1	
134	1	
135	-1	
136	1	
137	-1	
138	1	
139	-1	
141	-1	
142	-1	
143	1	
144	1	
145	-1	
146	1	
147	1	
148	1	
149	1	
150	-1	
151	-1	
152	1	
153	-1	
154	-1	
155	1	
156	-1	
157	-1	
158	1	
159	-1	
160	1	
161	1	
162	-1	
163	-1	
164	1	
165	-1	
166	1	
167	1	
168	-1	
169	-1	
170	-1	
171	-1	
172	1	
173	-1	
174	-1	
175	-1	
176	-1	
177	1	
178	-1	
179	1	
180	-1	
181	-1	
182	1	
183	1	
184	1	
185	1	
186	-1	
187	-1	
188	1	
189	1	
190	1	
191	-1	
192	-1	
193	-1	
194	1	
195	1	
196	-1	
197	1	
198	-1	
199	1	
200	1	
201	-1	
202	1	
203	-1	
204	1	
205	1	
206	-1	
207	-1	
208	-1	
209	1	
210	1	
211	1	
212	1	
213	-1	
214	1	
215	-1	
216	-1	
217	1	
218	1	
219	1	
220	-1	
221	1	
222	1	
223	1	
224	1	
225	1	
226	1	
227	-1	
228	1	
229	-1	
230	-1	
231	1	
232	1	
233	1	
234	1	
235	-1	
236	-1	
237	1	
238	-1	
239	1	
240	1	
241	1	
242	1	
243	1	
244	1	
245	1	
246	-1	
247	1	
248	1	
249	-1	
250	1	
251	-1	
252	1	
253	-1	
254	-1	
255	-1	
256	-1	
257	-1	
258	1	
259	-1	
260	1	
261	-1	
262	1	
263	1	
264	1	
265	1	
266	-1	
267	1	
268	-1	
269	-1	
270	1	
271	1	
272	-1	
273	1	
274	1	
275	1	
276	-1	
277	1	
278	1	
279	1	
280	1	
281	1	
282	1	
283	1	
284	1	
285	-1	
286	-1	
287	-1	
288	-1	
289	-1	
290	-1	
291	1	
292	-1	
293	-1	
294	-1	
295	1	
296	1	
297	-1	
298	-1	
299	-1	
300	-1	
301	1	
302	-1	
303	1	
304	-1	
305	1	
306	1	
307	-1	
308	1	
309	-1	
310	-1	
311	-1	
312	-1	
313	-1	
314	-1	
315	-1	
316	1	
317	-1	
318	1	
319	1	
320	1	
321	-1	
322	1	
323	1	
324	1	
325	1	
326	1	
327	1	
328	-1	
329	1	
330	1	
331	1	
332	1	
333	1	
334	-1	
335	-1	
336	1	
337	-1	
338	1	
339	-1	
340	-1	
341	-1	
342	-1	
343	-1	
344	-1	
345	-1	
346	1	
347	-1	
348	1	
349	1	
350	-1	
351	-1	
352	1	
353	-1	
354	1	
355	1	
356	1	
357	1	
358	1	
359	1	
361	1	
362	-1	
363	1	
364	1	
365	-1	
367	-1	
368	1	
369	-1	
370	1	
371	-1	
372	1	
373	1	
374	-1	
375	1	
376	1	
377	-1	
378	-1	
379	1	
380	1	
382	-1	
383	1	
384	-1	
385	-1	
386	-1	
387	-1	
388	1	
389	1	
390	-1	
391	1	
392	-1	
393	-1	
394	-1	
396	1	
397	-1	
398	1	
399	-1	
400	1	
401	1	
402	1	
403	-1	
404	-1	
405	1	
406	1	
407	1	
408	-1	
409	1	
410	-1	
411	-1	
412	1	
413	-1	
414	1	
415	-1	
416	1	
417	-1	
418	1	
419	1	
420	-1	
421	-1	
422	-1	
424	1	
425	-1	
426	1	
427	1	
428	1	
429	1	
430	1	
431	-1	
432	1	
433	-1	
434	1	
435	-1	
436	-1	
437	1	
438	1	
439	1	
440	1	
441	1	
442	-1	
443	-1	
444	1	
445	1	
446	1	
447	1	
448	1	
449	-1	
450	1	
451	1	
452	-1	
453	1	
454	-1	
455	1	
456	-1	
457	1	
458	-1	
459	-1	
460	-1	
461	-1	
462	1	
463	1	
464	-1	
465	-1	
466	1	
467	1	
468	-1	
469	-1	
470	1	
471	-1	
472	1	
473	1	
474	1	
475	1	
476	-1	
477	1	
478	1	
479	1	
480	1	
481	1	
482	1	
483	1	
484	1	
485	-1	
486	1	
487	-1	
488	1	
489	-1	
490	-1	
491	1	
492	1	
493	-1	
494	1	
495	1	
496	-1	
497	-1	
498	1	
499	1	
500	-1	
501	1	
502	-1	
503	1	
504	-1	
505	1	
506	-1	
507	1	
508	1	
509	1	
510	-1	
511	-1	
Js:	
361	367	4	
362	367	-4	
362	426	4	
426	431	3	
425	431	-3	
361	425	-4	
298	302	-3	
302	310	-3	
305	310	4	
305	311	3	
303	311	-2	
298	303	5	
194	197	-5	
197	205	-5	
202	205	-5	
202	206	3	
198	206	-6	
194	198	4	
442	444	6	
443	444	4	
443	446	5	
440	446	-4	
440	445	-4	
442	445	-3	
96	103	3	
99	103	5	
99	163	2	
163	165	-5	
160	165	4	
96	160	-2	
88	92	-5	
89	92	-4	
89	94	3	
90	94	5	
90	95	4	
88	95	-3	
385	388	4	
388	396	-4	
392	396	4	
392	399	-5	
391	399	5	
385	391	-4	
105	111	4	
107	111	5	
107	171	-1	
171	172	-5	
169	172	3	
105	169	-2	
368	373	-5	
370	373	-5	
370	434	-2	
434	438	-6	
432	438	-4	
368	432	1	
313	317	-3	
315	317	3	
315	379	3	
379	380	-2	
377	380	5	
313	377	-3	
408	413	2	
411	413	-2	
411	475	2	
475	479	-7	
472	479	-2	
408	472	4	
217	221	-4	
218	221	-4	
218	222	-4	
219	222	3	
219	223	-2	
217	223	-4	
338	341	7	
339	341	-2	
339	403	2	
403	406	5	
402	406	-4	
338	402	-2	
17	20	3	
18	20	6	
18	21	3	
16	21	6	
16	23	-3	
17	23	3	
147	150	5	
150	158	3	
152	158	-2	
152	159	5	
151	159	-2	
147	151	4	
481	486	-5	
486	494	-2	
490	494	5	
490	495	-3	
487	495	2	
481	487	3	
33	38	-4	
38	46	-2	
41	46	-6	
41	47	5	
39	47	3	
33	39	-4	
321	325	4	
322	325	-4	
322	326	-6	
323	326	4	
323	327	-6	
321	327	3	
225	228	-4	
226	228	-5	
226	229	5	
224	229	2	
224	231	-6	
225	231	3	
64	69	4	
67	69	-3	
67	70	-4	
66	70	-6	
66	71	3	
64	71	-4	
345	348	4	
348	356	-2	
352	356	-4	
352	358	-6	
350	358	2	
345	350	-5	
241	245	-4	
242	245	-5	
242	246	5	
243	246	-1	
243	247	-7	
241	247	-4	
259	260	4	
260	268	5	
266	268	3	
266	271	4	
263	271	-4	
259	263	3	
465	468	-4	
467	468	5	
467	469	-2	
466	469	6	
466	471	5	
465	471	-5	
496	500	-6	
497	500	-5	
497	502	-5	
498	502	4	
498	501	-4	
496	501	4	
176	180	-4	
179	180	-3	
179	183	-5	
178	183	5	
178	182	3	
176	182	4	
329	332	-6	
330	332	2	
330	335	3	
328	335	-7	
328	334	-5	
329	334	2	
208	212	4	
209	212	-5	
209	215	-3	
210	215	3	
210	214	-4	
208	214	4	
184	189	-5	
185	189	-3	
185	249	-2	
249	253	-4	
248	253	6	
184	248	-2	
448	452	4	
452	460	-4	
458	460	-5	
458	461	-4	
453	461	-4	
448	453	-3	
131	133	-7	
133	141	3	
137	141	2	
137	142	-5	
134	142	1	
131	134	-2	
288	292	-4	
291	292	3	
291	295	-5	
290	295	-5	
290	293	-4	
288	293	-4	
120	124	5	
123	124	-3	
123	126	-4	
121	126	5	
121	125	-3	
120	125	4	
2	5	8	
5	13	-2	
11	13	-7	
11	14	-5	
6	14	-1	
2	6	-3	
97	102	-2	
98	102	-5	
98	162	1	
162	166	5	
161	166	-3	
97	161	1	
280	284	-3	
281	284	-5	
281	287	-3	
283	287	4	
283	285	3	
280	285	7	
419	420	3	
420	428	3	
427	428	-5	
427	430	4	
422	430	2	
419	422	3	
49	54	5	
51	54	-3	
51	115	5	
115	119	5	
113	119	2	
49	113	-5	
482	484	-5	
484	492	-2	
491	492	-6	
491	493	4	
485	493	2	
482	485	4	
8	12	-5	
9	12	-4	
9	73	3	
73	79	-5	
72	79	5	
8	72	-3	
168	175	-5	
170	175	-4	
170	234	1	
234	239	-5	
232	239	2	
168	232	2	
344	349	2	
349	357	-1	
353	357	-6	
353	359	4	
351	359	1	
344	351	-5	
296	300	5	
300	308	2	
307	308	6	
307	309	-4	
301	309	3	
296	301	-5	
505	508	-6	
507	508	-3	
507	509	-5	
504	509	-4	
504	510	-5	
505	510	4	
48	52	-4	
50	52	-5	
50	114	-3	
114	116	-5	
112	116	-3	
48	112	3	
200	207	-3	
203	207	-4	
203	267	4	
267	270	-4	
264	270	-6	
200	264	-3	
57	60	-6	
59	60	3	
59	63	7	
58	63	-4	
58	61	-5	
57	61	6	
74	76	-4	
76	84	2	
83	84	-5	
83	86	3	
78	86	-4	
74	78	4	
272	276	-5	
273	276	3	
273	337	2	
337	340	-4	
336	340	-6	
272	336	2	
27	28	4	
28	36	2	
35	36	-3	
35	37	5	
29	37	3	
27	29	3	
192	199	4	
193	199	5	
193	257	-2	
257	262	5	
256	262	2	
192	256	-2	
186	191	3	
187	191	-3	
187	251	-4	
251	252	7	
250	252	-6	
186	250	4	
312	318	-4	
314	318	3	
314	378	-3	
378	383	6	
376	383	-5	
312	376	3	
369	372	4	
371	372	3	
371	435	-4	
435	439	5	
433	439	4	
369	433	-3	
40	45	3	
42	45	-6	
42	106	-3	
106	109	-5	
104	109	-4	
40	104	-3	
145	148	5	
148	156	3	
154	156	2	
154	157	-5	
149	157	2	
145	149	3	
409	415	3	
410	415	-4	
410	474	-3	
474	478	-2	
473	478	-4	
409	473	-5	
387	389	3	
389	397	-3	
394	397	-3	
394	398	5	
390	398	4	
387	390	-8	
451	454	3	
454	462	3	
457	462	3	
457	463	-6	
455	463	-3	
451	455	-7	
233	236	6	
235	236	-6	
235	238	-4	
232	238	4	
232	237	-5	
233	237	-3	
19	22	-5	
22	30	-2	
25	30	3	
25	31	4	
23	31	-1	
19	23	5	
81	85	4	
82	85	-3	
82	86	-3	
80	86	-4	
80	87	-4	
81	87	3	
401	404	3	
403	404	-3	
403	407	-1	
400	407	-4	
400	405	-5	
401	405	-5	
128	132	5	
130	132	4	
130	135	6	
129	135	4	
129	133	4	
128	133	-2	
0	4	3	
1	4	-7	
1	65	5	
65	68	-3	
64	68	3	
0	64	-4	
210	213	4	
211	213	-4	
211	275	-2	
275	278	-5	
274	278	-4	
210	274	-2	
72	77	-3	
75	77	5	
75	139	2	
139	143	5	
136	143	-5	
72	136	-3	
297	300	-4	
299	300	-3	
299	363	2	
363	365	4	
361	365	5	
297	361	-2	
417	420	-4	
418	420	4	
418	421	4	
416	421	4	
416	422	5	
417	422	-4	
282	286	4	
283	286	4	
283	347	2	
347	348	-1	
346	348	-6	
282	346	-3	
265	269	4	
269	277	2	
272	277	5	
272	279	4	
271	279	-2	
265	271	-2	
240	244	3	
242	244	-4	
242	306	-1	
306	311	7	
304	311	-3	
240	304	2	
320	324	-3	
322	324	-4	
322	386	1	
386	389	4	
384	389	5	
320	384	-2	
194	196	-4	
195	196	4	
195	259	1	
259	261	-4	
258	261	4	
194	258	-1	
89	93	4	
91	93	-5	
91	155	-1	
155	156	5	
153	156	-3	
89	153	1	
168	173	-2	
173	181	-2	
177	181	2	
177	182	-5	
174	182	-2	
168	174	-3	
216	220	1	
220	228	2	
227	228	3	
227	230	-2	
222	230	2	
216	222	5	
424	429	-5	
425	429	4	
425	489	-2	
489	495	5	
488	495	4	
424	488	-3	
499	502	-3	
502	510	-2	
506	510	-3	
506	511	-6	
503	511	3	
499	503	-5	
32	36	-3	
36	44	2	
43	44	5	
43	46	3	
32	38	-4	
104	108	-3	
108	116	2	
112	118	4	
110	118	2	
104	110	-3	
371	374	-4	
374	382	-4	
378	382	-2	
375	383	-3	
371	375	3	
474	476	6	
476	484	1	
483	484	6	
483	485	3	
477	485	2	
474	477	-4	
290	294	-2	
291	294	4	
291	355	-1	
355	356	4	
354	356	-5	
290	354	2	
48	53	-4	
53	61	-2	
56	61	-4	
56	62	-6	
54	62	-3	
48	54	4	
433	437	-4	
437	445	-5	
441	445	-3	
441	447	-5	
439	447	-2	
331	334	3	
334	342	4	
339	342	-2	
339	343	-4	
335	343	-3	
331	335	4	
456	462	4	
462	470	2	
464	470	4	
464	471	-2	
463	471	2	
456	463	6	
138	142	-4	
138	202	-5	
202	204	-2	
201	204	3	
137	201	-4	
251	255	-4	
249	255	-4	
249	254	-5	
250	254	-1	
97	100	-5	
99	100	-4	
99	102	2	
96	102	5	
96	101	-5	
97	101	3	
161	164	-4	
162	164	5	
160	166	-3	
160	167	-4	
161	167	-2	
408	412	5	
411	412	2	
411	414	5	
409	414	-5	
409	413	4	
313	316	1	
315	316	6	
315	318	3	
312	319	5	
313	319	4	
24	28	5	
26	28	4	
26	31	4	
27	31	6	
27	30	3	
24	30	5	
121	127	-5	
123	127	-5	
123	187	1	
187	188	5	
185	188	-1	
121	185	1	
10	13	6	
9	14	-4	
9	15	-5	
10	15	4	
144	148	-4	
146	148	-3	
146	151	5	
145	151	-5	
144	149	3	
329	333	-5	
330	333	-5	
330	394	2	
393	398	3	
329	393	-2	
450	452	6	
451	452	2	
449	455	1	
449	453	3	
450	453	4	
49	55	3	
51	55	-4	
115	117	4	
113	117	5	
289	293	-3	
289	353	-3	
352	359	1	
288	352	2	
2	4	-5	
3	4	4	
3	6	6	
0	6	-3	
0	5	-6	
434	436	-3	
435	436	-3	
435	499	2	
499	501	-5	
434	498	-3	
475	478	3	
478	486	-2	
480	486	-4	
480	487	5	
479	487	3	
362	364	-5	
364	372	-2	
370	372	-2	
365	373	3	
362	365	-5	
459	460	-6	
460	468	-2	
464	468	-5	
464	469	-4	
461	469	-2	
459	461	-4	
34	37	3	
37	45	-1	
43	45	-4	
43	47	-4	
34	39	3	
211	212	-3	
212	220	3	
218	220	3	
213	221	2	
107	109	-3	
105	110	-4	
106	110	-4	
75	76	5	
73	77	3	
73	78	3	
66	68	-4	
67	68	-4	
67	71	5	
65	71	-3	
65	69	-4	
66	69	-3	
193	197	4	
201	205	5	
201	207	-2	
199	207	4	
243	244	-5	
240	245	-3	
490	492	4	
489	493	-6	
489	494	2	
424	428	-3	
428	436	3	
432	436	5	
430	438	-2	
424	430	3	
280	286	2	
281	286	3	
281	345	4	
344	350	-4	
280	344	-3	
58	60	-7	
56	63	-4	
57	62	-5	
186	189	2	
186	190	-4	
185	190	-7	
185	191	4	
184	191	5	
386	388	6	
387	388	3	
384	390	-2	
384	391	4	
386	391	-3	
440	447	-4	
443	447	2	
443	507	3	
507	511	3	
504	511	-3	
440	504	-1	
336	341	3	
337	341	3	
337	342	-4	
338	342	4	
338	343	3	
336	343	4	
200	206	4	
203	206	-2	
273	277	-4	
275	277	2	
275	279	-3	
274	279	-3	
273	278	-4	
235	237	2	
234	237	-6	
233	239	-5	
227	229	-5	
227	231	5	
225	230	3	
226	230	4	
400	404	-3	
402	404	3	
401	406	-3	
297	301	-2	
298	301	5	
299	302	-4	
299	303	5	
297	303	4	
304	308	5	
305	309	-5	
304	310	-3	
153	157	-3	
154	159	-4	
153	158	-4	
91	92	-2	
90	93	-3	
88	94	-3	
171	174	-4	
170	174	-2	
170	173	-5	
169	173	-7	
178	181	-3	
176	181	-4	
17	22	-2	
18	22	-5	
18	82	-2	
17	81	-6	
258	260	-5	
265	268	5	
261	269	-2	
324	332	4	
331	332	-5	
331	333	-5	
325	333	-2	
320	325	-2	
354	358	-4	
355	358	-2	
355	419	-3	
419	421	5	
354	418	3	
129	132	-3	
128	135	3	
128	134	-7	
129	134	-4	
16	20	4	
19	20	2	
19	83	-4	
80	84	2	
16	80	-4	
114	118	4	
118	126	4	
120	126	5	
120	127	2	
119	127	-4	
114	119	3	
282	284	3	
284	292	2	
289	292	-6	
289	295	2	
287	295	4	
282	287	5	
441	444	-4	
442	506	-4	
506	508	2	
441	505	2	
392	397	-4	
393	397	-5	
393	457	-2	
392	456	-2	
372	380	-3	
377	382	-5	
369	374	4	
214	222	2	
216	223	5	
215	223	3	
208	215	-4	
192	196	-3	
193	196	-4	
257	263	2	
256	263	-5	
138	141	3	
139	141	-5	
139	142	-3	
136	142	3	
138	143	4	
346	349	-3	
347	349	7	
347	411	-2	
410	414	2	
346	410	-1	
40	44	6	
44	52	-2	
50	53	-4	
45	53	2	
363	364	-5	
363	427	-2	
427	431	4	
417	481	-4	
416	480	-4	
468	476	2	
472	476	3	
472	478	-6	
470	478	-1	
467	470	-4	
32	37	5	
34	98	-4	
98	100	5	
96	100	-1	
32	96	-4	
386	450	3	
450	454	2	
449	454	7	
385	449	-3	
8	15	-4	
10	74	-3	
74	79	2	
163	164	3	
162	167	-3	
326	334	2	
327	335	2	
497	503	5	
498	503	-3	
146	149	-5	
147	149	3	
144	150	3	
144	151	4	
25	28	3	
26	29	-4	
24	29	3	
245	253	-4	
248	254	5	
246	254	-4	
312	316	4	
315	319	3	
314	319	3	
314	317	-5	
312	317	1	
408	415	-3	
473	477	-3	
472	477	-3	
393	396	4	
396	404	2	
402	407	-5	
399	407	-2	
393	399	-2	
93	101	1	
99	101	-4	
95	103	3	
91	95	-5	
196	204	3	
201	206	2	
195	198	7	
376	380	-4	
379	443	3	
376	440	-3	
115	116	1	
116	124	-5	
123	125	-4	
117	125	5	
155	157	-2	
155	219	-4	
219	221	-4	
153	217	4	
3	67	-3	
65	70	2	
42	46	3	
106	108	-3	
105	108	-3	
41	105	4	
306	370	-4	
370	375	-2	
368	375	-6	
304	368	3	
177	180	2	
180	188	4	
186	188	5	
182	190	-3	
224	228	2	
228	236	2	
230	238	-2	
224	230	5	
11	12	2	
12	20	-3	
13	21	-2	
33	36	4	
35	39	5	
34	38	4	
459	462	5	
457	461	4	
282	285	3	
285	293	-3	
291	293	3	
286	294	3	
480	485	4	
482	487	4	
429	437	-3	
431	439	4	
340	348	1	
346	351	3	
343	351	-2	
209	214	-3	
211	214	-4	
275	276	-3	
209	273	-2	
259	262	4	
259	323	-4	
257	321	-4	
355	357	-4	
357	365	-1	
363	367	5	
359	367	4	
355	359	-4	
59	62	4	
55	63	3	
465	469	-4	
466	470	-5	
467	471	3	
171	175	-3	
169	174	-5	
385	389	3	
448	454	3	
384	448	4	
292	300	-1	
296	302	3	
294	302	2	
289	294	-4	
267	268	3	
266	270	-1	
488	492	-3	
491	495	-3	
488	493	2	
81	84	3	
82	84	-5	
82	87	-4	
83	87	-4	
81	86	2	
250	253	-2	
250	255	4	
248	255	3	
504	508	5	
505	509	-3	
507	510	4	
410	412	3	
412	420	2	
417	421	-3	
413	421	1	
410	413	-5	
369	373	3	
202	207	4	
194	199	2	
432	437	-2	
427	429	1	
354	357	-2	
353	358	4	
14	22	3	
15	23	-4	
57	121	1	
56	120	-2	
102	110	-2	
104	111	-3	
103	111	3	
97	103	-2	
341	349	1	
347	350	-1	
342	350	2	
233	238	-3	
238	246	-3	
240	246	3	
240	247	-4	
239	247	-2	
208	213	-3	
274	277	-4	
208	272	2	
321	324	3	
75	79	-1	
137	143	4	
73	137	-3	
305	308	-2	
308	316	-2	
314	316	3	
309	317	-4	
50	55	4	
47	55	-1	
40	47	3	
90	92	4	
90	154	-1	
152	156	2	
88	152	-1	
403	405	-3	
400	406	-2	
401	407	-3	
451	453	-4	
448	455	-6	
378	442	-1	
442	447	-3	
377	441	3	
100	108	3	
107	108	-4	
101	109	-2	
98	101	3	
283	284	-5	
280	287	3	
281	285	3	
2	66	2	
64	70	3	
234	298	4	
232	296	-3	
181	189	4	
187	189	4	
183	191	-3	
176	183	2	
473	476	4	
475	477	4	
473	479	-2	
163	227	-3	
225	229	4	
161	225	4	
217	220	4	
112	117	-2	
113	118	-3	
112	119	-5	
496	502	-2	
258	263	-4	
258	322	-2	
320	326	-3	
256	320	4	
394	399	2	
387	391	2	
226	231	-2	
226	290	1	
288	295	2	
224	288	1	
426	430	-4	
426	490	1	
488	494	-4	
25	29	4	
27	91	-2	
91	94	-5	
25	89	-4	
155	158	-4	
145	150	-3	
244	252	-1	
247	255	-1	
200	204	4	
203	204	4	
267	269	4	
264	269	1	
131	132	4	
131	195	1	
130	194	-2	
306	310	-3	
310	318	3	
313	318	5	
311	319	1	
8	13	1	
345	351	-2	
345	409	1	
409	412	-2	
344	408	2	
74	77	-3	
77	85	-2	
80	85	-3	
1	6	-5	
419	483	-4	
483	486	-4	
482	486	1	
418	482	-4	
26	30	-3	
26	90	3	
24	88	-3	
379	383	4	
440	444	-2	
51	52	3	
52	60	2	
51	53	3	
164	172	-2	
168	172	4	
167	175	4	
394	396	4	
394	458	-2	
458	463	-2	
178	180	-4	
184	188	-3	
184	190	-3	
275	339	3	
339	340	-5	
434	437	-2	
441	446	3	
438	446	-3	
136	141	3	
141	149	2	
142	150	-2	
257	261	4	
35	38	2	
41	44	3	
42	47	-4	
41	45	2	
219	220	5	
216	221	-3	
264	271	-4	
266	330	4	
264	328	3	
179	181	3	
179	243	4	
243	245	-1	
177	241	-4	
68	76	4	
69	77	-2	
82	146	-1	
80	144	1	
157	165	-2	
163	166	2	
158	166	-3	
416	420	2	
406	414	3	
411	415	-5	
407	415	3	
10	14	2	
274	276	4	
276	284	2	
279	287	1	
48	55	3	
356	364	-3	
361	364	-3	
307	371	-2	
368	372	2	
192	197	4	
200	205	-2	
192	198	2	
155	159	2	
152	216	4	
330	334	2	
434	439	-2	
435	438	2	
456	461	-2	
458	462	3	
139	203	-3	
298	300	3	
297	302	-3	
344	348	2	
347	351	-5	
113	116	2	
489	492	1	
490	493	-3	
323	324	2	
323	325	-4	
322	327	-3	
320	327	-4	
106	111	-2	
232	236	2	
234	238	2	
131	135	3	
130	134	-4	
288	294	-3	
337	343	-2	
336	342	2	
170	172	3	
98	103	-2	
426	428	2	
424	431	4	
426	429	-4	
378	380	4	
379	382	4	
376	382	3	
474	479	-3	
209	213	3	
211	215	4	
256	260	3	
265	270	3	
262	270	-3	
17	21	4	
19	21	2	
3	5	3	
404	412	4	
405	413	-2	
177	183	2	
178	242	3	
241	244	-3	
392	398	3	
306	309	2	
305	369	3	
418	422	3	
277	285	-1	
278	286	2	
272	278	2	
193	198	1	
195	199	-3	
75	78	2	
70	78	-3	
166	174	2	
84	92	3	
85	93	2	
500	508	-2	
501	509	-3	
33	37	-1	
35	99	3	
33	97	5	
352	357	-4	
403	467	4	
400	464	3	
43	107	2	
107	110	-3	
145	209	2	
144	208	-1	
49	53	3	
10	12	3	
8	14	3	
56	60	-2	
58	62	-2	
321	326	3	
321	385	-1	
202	266	-1	
266	269	-5	
201	265	2	
481	484	-3	
491	494	-3	
161	165	4	
153	159	-3	
154	218	4	
217	222	2	
425	430	3	
237	245	1	
307	310	2	
328	333	1	
333	341	2	
469	477	2	
121	124	-3	
369	375	-1	
433	436	-2	
67	131	1	
65	129	1	
21	29	-1	
16	22	-1	
352	416	-3	
442	446	3	
273	279	3	
115	118	-3	
42	44	2	
88	93	3	
251	253	-2	
147	148	-3	
34	36	-4	
32	39	2	
18	23	-2	
368	374	-1	
354	359	-4	
74	138	-2	
179	182	-3	
402	466	-2	
465	470	-2	
401	465	1	
449	452	-4	
432	439	-3	
499	500	1	
432	496	-3	
264	268	1	
152	157	-4	
154	158	2	
433	438	-1	
433	497	-2	
427	491	-2	
346	350	-2	
83	85	-2	
505	511	-3	
40	46	3	
307	311	-2	
210	212	3	
218	223	-3	
235	299	-2	
233	297	-1	
353	417	-3	
176	240	3	
72	76	-2	
162	165	1	
165	173	-2	
414	422	1	
408	414	-2	
257	260	1	
481	485	3	
146	150	2	
89	95	-2	
450	455	-3	
256	261	-4	
267	271	-2	
72	78	2	
71	79	3	
249	252	-1	
9	13	-2	
147	211	-3	
106	170	-3	
104	168	2	
337	401	3	
336	400	-1	
235	239	3	
231	239	1	
492	500	-2	
494	502	2	
156	164	3	
160	164	3	
328	332	2	
241	246	2	
370	374	3	
471	479	1	
130	133	-2	
11	75	3	
397	405	1	
402	405	-2	
436	444	2	
86	94	2	
87	95	-1	
160	224	-2	
136	200	-2	
258	262	-4	
274	338	1	
425	428	2	
386	390	1	
367	375	-1	
496	503	1	
290	292	2	
113	177	1	
112	176	-1	
480	484	-1	
171	173	2	
49	52	-2	
345	349	-2	
59	61	3	
159	167	2	
31	39	1	
73	76	-1	
506	509	3	
11	15	1	
299	301	2	
296	303	-2	
169	175	-1	
163	167	-3	
30	38	2	
385	390	-3	
387	451	2	
250	314	-1	
249	313	-2	
114	117	-3	
109	117	-1	
105	109	-1	
79	87	-2	
493	501	1	
497	501	1	
495	503	-1	
435	437	2	
456	460	-2	
50	54	-2	
46	54	1	
241	305	-1	
304	309	-2	
475	476	2	
162	226	1	
498	500	2	
129	193	2	
128	192	3	
483	487	-1	
267	331	1	
171	235	-1	
251	254	-1	
371	373	-2	
1	5	1	
146	210	-2	
135	143	2	
443	445	-1	
203	205	1	
24	31	2	
248	312	-1	
229	237	-1	
265	329	-2	
306	308	-1	
94	102	-2	
187	190	-1	
236	244	2	
270	278	-1	
332	340	-1	
338	340	1	
59	123	1	
248	252	-1	
398	406	1	
421	429	-1	
221	229	1	
223	231	-1	
172	180	1	
175	183	-1	
457	460	1	
384	388	1	
293	301	1	
268	276	-1	
206	214	-1	
207	215	-1	
459	463	-1	
329	335	1	
4	12	-1	
111	119	1	
Energy:	-3312	
