NumberOfQubits	504	
NumberOfSubgraphs	672	
Serial	69	
PlantedSolution:	
0	-1	
1	1	
2	-1	
3	1	
4	1	
5	1	
6	-1	
8	1	
9	1	
10	1	
11	-1	
12	-1	
13	1	
14	-1	
15	-1	
16	-1	
17	-1	
18	-1	
19	-1	
20	-1	
21	1	
22	-1	
23	-1	
24	-1	
25	-1	
26	-1	
27	1	
28	1	
29	1	
30	1	
31	-1	
32	-1	
33	1	
34	1	
35	-1	
36	1	
37	-1	
38	1	
39	-1	
40	-1	
41	-1	
42	1	
43	1	
44	-1	
45	1	
46	1	
47	1	
48	-1	
49	1	
50	1	
51	-1	
52	-1	
53	1	
54	1	
55	-1	
56	1	
57	1	
58	-1	
59	-1	
60	-1	
61	1	
62	-1	
63	-1	
64	1	
65	1	
66	-1	
67	-1	
68	-1	
69	-1	
70	1	
71	1	
72	-1	
73	-1	
74	1	
75	-1	
76	1	
77	-1	
78	1	
79	-1	
80	-1	
81	-1	
82	-1	
83	1	
84	-1	
85	-1	
86	1	
87	1	
88	-1	
89	1	
90	-1	
91	-1	
92	-1	
93	-1	
94	1	
95	1	
96	-1	
97	-1	
98	-1	
99	-1	
100	1	
101	-1	
102	1	
103	1	
104	1	
105	-1	
106	1	
107	1	
108	1	
109	1	
110	1	
111	1	
112	-1	
113	1	
114	-1	
115	-1	
116	1	
117	1	
118	1	
119	-1	
120	-1	
121	-1	
123	-1	
124	-1	
125	-1	
126	-1	
127	-1	
128	-1	
129	1	
130	-1	
131	-1	
132	1	
133	1	
134	1	
135	-1	
136	-1	
137	-1	
138	-1	
139	-1	
141	-1	
142	1	
143	1	
144	-1	
145	-1	
146	1	
147	-1	
148	-1	
149	-1	
150	1	
151	-1	
152	1	
153	-1	
154	1	
155	-1	
156	1	
157	1	
158	-1	
159	1	
160	-1	
161	1	
162	1	
163	1	
164	1	
165	1	
166	1	
167	1	
168	-1	
169	1	
170	1	
171	1	
172	-1	
173	1	
174	-1	
175	1	
176	1	
177	-1	
178	1	
179	-1	
180	-1	
181	1	
182	-1	
183	-1	
184	1	
185	-1	
186	1	
187	-1	
188	-1	
189	-1	
190	-1	
191	-1	
192	1	
193	1	
194	1	
195	-1	
196	1	
197	-1	
198	-1	
199	1	
200	1	
201	1	
202	1	
203	-1	
204	-1	
205	1	
206	-1	
207	-1	
208	1	
209	1	
210	1	
211	-1	
212	1	
213	1	
214	1	
215	-1	
216	-1	
217	-1	
218	1	
219	1	
220	-1	
221	-1	
222	-1	
223	-1	
224	-1	
225	-1	
226	-1	
227	1	
228	1	
229	-1	
230	1	
231	1	
232	1	
233	1	
234	-1	
235	-1	
236	1	
237	-1	
238	1	
239	1	
240	1	
241	1	
242	-1	
243	-1	
244	1	
245	-1	
246	-1	
247	1	
248	1	
249	1	
250	1	
251	1	
252	-1	
253	1	
254	1	
255	1	
256	-1	
257	-1	
258	1	
259	1	
260	-1	
261	1	
262	-1	
263	1	
264	1	
265	-1	
266	-1	
267	-1	
268	-1	
269	-1	
270	1	
271	-1	
272	1	
273	-1	
274	1	
275	-1	
276	-1	
277	-1	
278	1	
279	1	
280	1	
281	1	
282	1	
283	1	
284	-1	
285	1	
286	-1	
287	-1	
288	-1	
289	-1	
290	1	
291	-1	
292	1	
293	1	
294	1	
295	-1	
296	-1	
297	1	
298	1	
299	-1	
300	-1	
301	-1	
302	-1	
303	1	
304	-1	
305	1	
306	1	
307	-1	
308	-1	
309	-1	
310	1	
311	1	
312	-1	
313	-1	
314	-1	
315	1	
316	1	
317	-1	
318	1	
319	-1	
320	-1	
321	-1	
322	1	
323	-1	
324	1	
325	1	
326	-1	
327	1	
328	1	
329	1	
330	1	
331	-1	
332	-1	
333	-1	
334	1	
335	-1	
336	1	
337	-1	
338	1	
339	1	
340	1	
341	1	
342	-1	
343	-1	
344	1	
345	-1	
346	1	
347	-1	
348	1	
349	1	
350	-1	
351	1	
352	1	
353	1	
354	1	
355	-1	
356	-1	
357	1	
358	-1	
359	-1	
361	-1	
362	1	
363	-1	
364	-1	
365	-1	
367	-1	
368	-1	
369	-1	
370	1	
371	1	
372	-1	
373	1	
374	1	
375	1	
376	1	
377	1	
378	1	
379	-1	
380	1	
382	-1	
383	-1	
384	1	
385	1	
386	1	
387	-1	
388	1	
389	1	
390	-1	
391	1	
392	1	
393	-1	
394	-1	
396	1	
397	1	
398	-1	
399	1	
400	1	
401	1	
402	1	
403	1	
404	-1	
405	1	
406	1	
407	1	
408	1	
409	-1	
410	-1	
411	-1	
412	-1	
413	1	
414	1	
415	1	
416	1	
417	1	
418	-1	
419	1	
420	1	
421	1	
422	1	
424	1	
425	1	
426	1	
427	1	
428	1	
429	-1	
430	-1	
431	1	
432	1	
433	1	
434	-1	
435	1	
436	1	
437	-1	
438	-1	
439	-1	
440	1	
441	-1	
442	1	
443	-1	
444	1	
445	1	
446	1	
447	1	
448	1	
449	1	
450	-1	
451	-1	
452	1	
453	-1	
454	1	
455	1	
456	-1	
457	1	
458	-1	
459	1	
460	1	
461	1	
462	-1	
463	-1	
464	-1	
465	1	
466	-1	
467	1	
468	1	
469	1	
470	1	
471	-1	
472	-1	
473	-1	
474	-1	
475	1	
476	1	
477	-1	
478	-1	
479	-1	
480	-1	
481	-1	
482	-1	
483	1	
484	-1	
485	-1	
486	1	
487	-1	
488	-1	
489	-1	
490	-1	
491	1	
492	1	
493	1	
494	1	
495	1	
496	1	
497	1	
498	1	
499	1	
500	1	
501	-1	
502	1	
503	1	
504	1	
505	-1	
506	1	
507	-1	
508	1	
509	-1	
510	-1	
511	1	
Js:	
240	245	-5	
245	253	2	
248	253	-4	
248	255	-3	
247	255	-2	
240	247	-3	
451	453	-4	
453	461	3	
458	461	3	
458	462	-6	
454	462	3	
451	454	5	
264	268	2	
266	268	-4	
266	270	3	
265	270	3	
265	269	4	
264	269	3	
402	405	-3	
403	405	-4	
403	406	-2	
400	406	-3	
400	407	-4	
402	407	4	
385	389	-4	
386	389	1	
386	390	5	
384	390	4	
384	391	-4	
385	391	-3	
161	164	-5	
163	164	-5	
163	167	-3	
160	167	4	
160	166	3	
161	166	3	
24	28	4	
27	28	-3	
27	30	-5	
26	30	2	
26	31	-4	
24	31	-3	
338	340	-3	
340	348	-3	
344	348	-2	
344	349	-5	
341	349	3	
338	341	-5	
504	509	6	
507	509	-3	
507	510	5	
506	510	3	
506	511	-4	
504	511	-2	
226	228	4	
228	236	-3	
233	236	-6	
233	237	-3	
229	237	-2	
226	229	-3	
242	244	5	
244	252	-2	
251	252	4	
251	254	-5	
246	254	2	
242	246	-3	
328	334	-4	
329	334	-4	
329	393	-2	
393	398	-6	
392	398	3	
328	392	-2	
466	468	4	
467	468	-3	
467	469	-3	
465	469	-6	
465	470	-3	
466	470	-3	
106	108	-5	
107	108	-3	
107	111	-5	
105	111	-2	
105	109	7	
106	109	-3	
208	215	-2	
211	215	-2	
211	275	-3	
275	278	4	
272	278	-3	
208	272	-3	
257	260	-3	
258	260	-1	
258	262	4	
259	262	3	
259	263	-5	
257	263	3	
441	444	4	
443	444	6	
443	446	4	
440	446	-4	
440	445	-3	
441	445	3	
193	196	-4	
196	204	5	
202	204	2	
202	206	4	
198	206	-3	
193	198	4	
65	71	-2	
66	71	2	
66	130	-1	
130	132	4	
129	132	-4	
65	129	1	
432	436	-3	
435	436	-5	
435	437	2	
434	437	-4	
434	438	3	
432	438	3	
80	86	4	
82	86	3	
82	146	-1	
146	149	3	
144	149	-3	
80	144	-2	
497	500	-4	
498	500	-4	
498	503	3	
496	503	-4	
496	502	-4	
497	502	-5	
49	55	-2	
50	55	3	
50	114	3	
114	117	3	
113	117	-3	
49	113	-3	
297	301	3	
301	309	5	
304	309	-3	
304	310	4	
302	310	1	
297	302	5	
408	412	5	
410	412	-2	
410	474	-4	
474	476	-3	
472	476	3	
408	472	3	
289	295	-2	
291	295	-4	
291	355	3	
355	356	-3	
353	356	3	
289	353	2	
153	156	3	
155	156	4	
155	159	2	
154	159	-3	
154	158	5	
153	158	3	
426	428	-3	
427	428	-6	
427	430	4	
425	430	-4	
425	429	4	
426	429	2	
56	62	3	
59	62	-4	
59	123	-2	
123	124	-5	
120	124	2	
56	120	2	
216	222	-3	
217	222	-3	
217	281	-2	
281	286	2	
280	286	4	
216	280	3	
137	141	-4	
138	141	-4	
138	143	5	
139	143	5	
139	142	-3	
137	142	5	
32	38	4	
35	38	3	
35	99	-3	
99	101	-6	
96	101	-3	
32	96	-3	
9	13	-3	
13	21	-2	
18	21	-3	
18	22	-3	
14	22	-3	
9	14	4	
313	316	-2	
314	316	6	
314	378	3	
378	382	5	
377	382	5	
313	377	3	
72	76	3	
74	76	-5	
74	77	4	
73	77	5	
73	78	4	
72	78	3	
483	484	3	
484	492	-3	
489	492	2	
489	495	4	
487	495	1	
483	487	4	
346	350	4	
350	358	2	
354	358	4	
354	359	3	
351	359	2	
346	351	-5	
178	181	-5	
179	181	3	
179	182	3	
177	182	-4	
177	183	-4	
178	183	1	
416	420	2	
417	420	-5	
417	421	-3	
418	421	5	
418	422	4	
416	422	-4	
168	174	-5	
170	174	4	
170	234	2	
234	238	4	
232	238	2	
168	232	4	
184	189	4	
187	189	-4	
187	191	-4	
186	191	4	
186	190	5	
184	190	5	
83	85	2	
85	93	-3	
91	93	-5	
91	95	2	
87	95	-2	
83	87	3	
362	365	6	
365	373	3	
368	373	3	
368	375	4	
367	375	2	
362	367	5	
321	324	4	
323	324	6	
323	326	3	
320	326	-2	
320	325	4	
321	325	2	
273	276	-2	
276	284	-4	
282	284	3	
282	287	4	
279	287	4	
273	279	3	
296	300	-4	
300	308	-3	
305	308	4	
305	311	-3	
303	311	-5	
296	303	2	
128	133	3	
131	133	5	
131	195	2	
195	197	-3	
192	197	4	
128	192	2	
10	12	3	
12	20	-2	
17	20	-4	
17	23	-2	
15	23	1	
10	15	6	
42	44	2	
43	44	2	
43	45	-4	
41	45	4	
41	46	5	
42	46	4	
48	54	-4	
51	54	3	
51	115	-2	
115	118	5	
112	118	3	
48	112	-4	
480	485	-4	
485	493	-1	
491	493	-4	
491	494	-2	
486	494	-3	
480	486	6	
409	413	3	
411	413	4	
411	475	4	
475	477	4	
473	477	-4	
409	473	-3	
448	452	-4	
452	460	-2	
456	460	5	
456	463	-5	
455	463	2	
448	455	6	
210	212	-2	
212	220	4	
218	220	4	
218	221	-4	
213	221	3	
210	213	-5	
0	4	-4	
3	4	-5	
3	6	4	
2	6	-5	
2	5	4	
0	5	4	
312	318	3	
315	318	-5	
315	379	5	
379	380	-2	
376	380	-2	
312	376	3	
33	37	-5	
34	37	3	
34	98	2	
98	103	4	
97	103	2	
33	97	2	
224	231	4	
225	231	2	
225	289	-2	
289	294	4	
288	294	3	
224	288	2	
329	332	-3	
330	332	5	
330	335	3	
331	335	-3	
331	333	-2	
329	333	3	
201	204	4	
203	204	3	
203	207	-4	
200	207	4	
200	205	-4	
201	205	-4	
65	68	3	
67	68	-5	
67	70	-4	
64	70	-2	
64	69	5	
65	69	4	
88	92	2	
90	92	-3	
90	93	-2	
89	93	4	
89	94	-2	
88	94	5	
337	340	3	
339	340	-4	
339	343	4	
336	343	4	
336	342	3	
337	342	-4	
48	52	-2	
52	60	3	
58	60	-4	
58	61	4	
53	61	-3	
48	53	3	
162	165	-4	
165	173	-3	
169	173	-3	
169	175	-4	
167	175	2	
162	167	-3	
306	309	5	
307	309	1	
307	371	2	
371	374	-5	
370	374	-2	
306	370	-2	
283	284	3	
284	292	-1	
290	292	-4	
290	293	-4	
285	293	-2	
283	285	-4	
145	148	-5	
147	148	-3	
147	151	-5	
146	151	4	
146	150	4	
145	150	4	
387	388	3	
388	396	-4	
394	396	3	
394	397	5	
389	397	-5	
387	389	4	
120	127	-5	
121	127	-5	
121	185	2	
185	188	-5	
184	188	3	
120	184	2	
441	447	-3	
442	447	-5	
442	506	-2	
506	508	-5	
505	508	2	
441	505	-2	
256	261	-5	
258	261	-3	
258	322	-2	
322	327	-5	
320	327	4	
256	320	-3	
209	214	-3	
214	222	3	
219	222	3	
219	223	4	
215	223	-4	
209	215	-4	
369	372	-5	
370	372	4	
370	434	2	
434	439	-4	
433	439	3	
369	433	-3	
424	431	-4	
426	431	-6	
426	490	2	
490	495	-4	
488	495	3	
424	488	4	
298	303	-4	
299	303	3	
299	363	-5	
363	364	-5	
362	364	-2	
298	362	-2	
171	172	3	
172	180	1	
176	180	2	
176	183	4	
175	183	1	
171	175	-3	
96	100	2	
100	108	-3	
104	108	-2	
104	110	-4	
102	110	-4	
96	102	-3	
35	36	3	
36	44	3	
40	44	-4	
40	47	4	
39	47	-2	
35	39	-4	
464	470	5	
470	478	3	
472	478	2	
472	479	-4	
471	479	-4	
464	471	-3	
8	14	3	
11	14	-4	
11	75	3	
75	79	-3	
72	79	-5	
8	72	3	
267	269	-3	
269	277	2	
274	277	3	
274	279	-2	
271	279	2	
267	271	-3	
227	230	-4	
230	238	-4	
235	238	2	
235	239	5	
231	239	-3	
227	231	-3	
129	135	4	
130	135	-5	
130	194	2	
194	199	-3	
193	199	2	
129	193	-2	
17	22	2	
19	22	-5	
19	83	5	
83	84	4	
81	84	-5	
17	81	-4	
401	404	5	
404	412	-3	
409	412	-2	
409	414	3	
406	414	-4	
401	406	-4	
16	21	5	
21	29	-1	
25	29	3	
25	31	-4	
23	31	2	
16	23	-5	
347	348	5	
348	356	3	
352	356	3	
352	357	3	
349	357	-3	
347	349	3	
249	255	-3	
250	255	-3	
250	314	-1	
314	319	-1	
313	319	-4	
249	313	1	
57	63	2	
59	63	-5	
123	125	-5	
121	125	-4	
57	121	-2	
449	452	-5	
450	452	2	
450	453	-3	
448	453	3	
449	455	-3	
241	247	-4	
243	247	3	
243	307	-4	
307	308	-3	
241	305	2	
153	157	-3	
154	157	-3	
152	158	2	
152	159	-5	
153	159	4	
112	116	2	
113	116	2	
113	119	4	
114	119	-4	
112	117	4	
480	484	2	
482	484	-2	
482	485	-5	
481	485	-2	
481	486	4	
499	500	-3	
499	503	5	
496	501	2	
497	501	2	
459	460	-3	
459	463	4	
457	463	2	
457	462	3	
456	462	1	
312	317	1	
315	317	4	
379	383	-5	
376	383	6	
133	141	-2	
136	141	-3	
136	142	4	
134	142	-2	
128	134	3	
281	285	-4	
283	347	-3	
347	350	-3	
345	350	-5	
281	345	3	
361	367	-4	
363	367	-2	
363	427	1	
425	428	-3	
361	425	-2	
400	405	5	
405	413	-3	
411	415	5	
407	415	-2	
392	397	-4	
393	397	-1	
394	398	-4	
394	399	5	
392	399	-4	
352	359	3	
355	359	-3	
355	419	-2	
419	421	-2	
416	421	-5	
352	416	-2	
1	4	-3	
4	12	2	
8	12	4	
8	13	-3	
5	13	-1	
1	5	4	
385	388	-3	
387	391	2	
386	391	2	
385	390	3	
330	333	-3	
333	341	1	
339	341	-2	
335	343	-1	
368	374	5	
371	435	-2	
435	439	-1	
432	439	3	
368	432	1	
24	29	2	
29	37	2	
32	37	-3	
30	38	2	
24	30	4	
291	292	4	
288	295	-3	
288	293	2	
241	244	-4	
242	245	-3	
240	246	1	
241	246	5	
97	101	4	
99	163	2	
97	161	2	
49	52	4	
50	52	4	
51	55	-5	
49	54	-5	
232	239	2	
234	239	3	
234	298	3	
298	300	3	
232	296	4	
194	196	-4	
195	196	3	
195	198	-3	
192	198	-4	
192	199	-4	
80	87	4	
81	87	2	
81	145	1	
145	151	-3	
144	151	-3	
0	6	-4	
3	67	4	
67	71	4	
64	71	-4	
0	64	4	
177	180	-2	
179	180	-5	
178	182	5	
177	181	3	
259	323	2	
321	326	-4	
257	321	-3	
265	268	-3	
264	270	-4	
264	271	-5	
265	271	-3	
139	203	-3	
203	206	-3	
138	202	4	
209	213	-3	
210	274	-2	
274	276	-3	
209	273	2	
433	437	3	
437	445	-1	
442	445	-5	
442	446	-1	
438	446	2	
433	438	2	
168	172	-3	
170	172	3	
171	174	3	
171	173	4	
168	173	2	
464	468	3	
468	476	-2	
474	479	-3	
66	68	1	
68	76	4	
73	76	2	
70	78	-3	
66	70	4	
248	252	4	
250	254	1	
250	253	-5	
440	447	-2	
443	447	2	
443	507	2	
440	504	-2	
42	45	-4	
43	46	-5	
43	47	-3	
41	47	2	
186	189	2	
187	190	-3	
185	190	-2	
185	191	-4	
110	118	1	
115	119	-2	
111	119	1	
104	111	-5	
353	358	5	
354	418	2	
417	422	4	
353	417	-2	
216	220	-3	
219	220	2	
219	221	3	
217	221	-3	
217	223	-3	
216	223	3	
94	102	2	
98	102	4	
95	103	-2	
89	95	-4	
224	228	3	
225	228	3	
225	229	-5	
226	230	3	
224	230	-3	
11	15	-4	
75	77	-3	
10	74	-2	
338	342	4	
338	402	-2	
402	404	2	
337	401	-2	
208	214	-6	
211	214	-2	
490	492	3	
491	492	-4	
488	493	4	
488	494	-2	
490	494	5	
56	60	4	
58	62	-4	
57	62	4	
57	61	-5	
56	61	3	
148	156	2	
152	156	-3	
152	157	-4	
149	157	3	
147	149	-5	
280	287	-1	
282	346	-2	
344	351	-2	
280	344	-4	
372	380	4	
378	380	-5	
378	383	-3	
375	383	2	
369	375	3	
235	236	3	
235	299	1	
299	302	-3	
233	297	-2	
26	28	3	
27	91	2	
91	92	-3	
26	90	-5	
322	324	2	
324	332	3	
331	332	-3	
331	334	3	
326	334	4	
322	326	3	
499	502	-2	
502	510	3	
505	510	-3	
505	511	6	
503	511	-2	
310	318	-3	
312	319	-5	
311	319	2	
304	311	-2	
469	477	-1	
475	478	4	
18	20	4	
19	20	-3	
82	85	-4	
18	82	-4	
137	201	3	
136	200	4	
418	420	2	
419	420	-5	
419	483	-4	
482	487	-4	
418	482	3	
162	164	-2	
160	165	4	
107	109	-3	
107	171	2	
105	169	1	
354	356	-2	
356	364	-2	
361	364	-4	
361	365	-3	
357	365	3	
354	357	-3	
33	36	-4	
34	36	-4	
34	39	5	
32	39	-3	
33	38	-4	
120	125	-2	
123	127	-1	
123	126	3	
120	126	-5	
256	260	-5	
259	260	4	
257	262	-4	
257	261	2	
450	454	4	
128	132	4	
131	132	-2	
131	134	6	
130	134	3	
128	135	-4	
424	429	-4	
425	431	-2	
426	430	2	
424	430	2	
410	413	4	
410	415	4	
408	415	-2	
408	414	6	
403	407	-2	
403	467	-4	
402	466	3	
313	317	5	
379	382	-2	
384	388	-2	
391	399	-5	
84	92	-4	
86	94	-3	
81	86	2	
434	436	1	
435	499	-3	
499	501	3	
498	501	5	
434	498	-2	
325	333	3	
328	333	4	
328	335	4	
327	335	-4	
2	66	-5	
66	69	-5	
1	65	-5	
282	285	1	
289	293	5	
286	294	3	
282	286	3	
451	452	3	
448	454	-1	
235	237	-2	
237	245	-2	
243	245	-4	
239	247	-2	
42	47	-3	
42	106	-3	
106	110	-4	
40	104	-2	
298	301	2	
306	311	-5	
16	20	-1	
20	28	2	
25	28	3	
208	212	-2	
211	212	5	
275	277	2	
272	277	2	
336	340	-3	
345	348	-2	
342	350	-2	
115	116	4	
116	124	-4	
121	124	-3	
121	126	-2	
118	126	4	
220	228	1	
227	228	2	
222	230	2	
218	222	2	
197	205	3	
203	205	3	
199	207	-1	
195	199	4	
186	188	2	
186	250	3	
250	252	3	
249	252	3	
185	249	2	
457	460	-4	
457	461	-4	
459	461	-4	
473	476	3	
476	484	2	
481	484	-4	
481	487	-4	
479	487	-2	
473	479	-2	
51	53	4	
59	61	-3	
55	63	-3	
440	444	-2	
507	508	6	
504	508	-2	
155	157	2	
155	158	-4	
150	158	2	
8	15	-3	
9	15	2	
9	73	2	
73	79	-1	
267	270	2	
371	372	2	
371	375	-3	
370	375	-2	
370	373	-4	
369	373	-4	
177	241	-1	
240	244	-3	
176	240	-2	
97	100	4	
99	100	2	
99	103	2	
96	103	4	
489	493	5	
491	495	-3	
489	494	4	
308	316	2	
314	318	-2	
305	310	-3	
417	481	4	
416	480	3	
9	12	5	
10	13	2	
11	13	5	
433	436	-3	
433	497	2	
432	496	-3	
43	107	-2	
41	105	-3	
280	284	2	
278	286	1	
274	278	-4	
200	204	2	
201	207	3	
202	207	-4	
200	206	2	
194	198	2	
194	258	-2	
258	263	-4	
256	263	1	
192	256	2	
144	148	-3	
147	150	3	
144	150	-3	
169	233	-3	
233	238	-3	
153	217	1	
216	221	-3	
152	216	1	
75	76	-2	
75	139	-2	
74	138	3	
82	87	3	
16	80	-3	
442	444	3	
506	509	2	
505	509	-3	
464	469	3	
400	464	2	
267	268	-3	
267	331	-5	
266	330	4	
288	292	3	
288	352	3	
181	189	3	
182	190	1	
112	119	-2	
163	165	-3	
163	227	-2	
227	229	4	
224	229	-2	
160	224	2	
323	387	-1	
321	385	-1	
337	341	2	
343	351	2	
337	343	-3	
25	30	4	
25	89	-2	
377	380	-3	
57	60	3	
56	63	4	
26	29	4	
90	95	3	
88	95	3	
24	88	-3	
297	300	2	
299	300	-3	
297	361	-3	
64	68	3	
249	253	-3	
251	253	-2	
251	255	3	
248	254	-4	
249	254	-4	
393	396	4	
392	396	-3	
420	428	1	
422	430	1	
419	422	-3	
35	37	-3	
33	39	-1	
154	156	-2	
155	219	2	
218	223	-1	
154	218	-2	
474	478	-3	
208	213	-3	
210	215	4	
129	133	-3	
290	294	-3	
290	295	4	
287	295	-2	
281	287	-2	
44	52	-3	
50	53	-3	
45	53	1	
40	45	3	
243	246	-4	
307	311	-1	
242	306	2	
429	437	-3	
431	439	3	
114	116	4	
117	125	3	
180	188	-3	
187	188	-3	
183	191	3	
179	183	-3	
98	100	3	
322	325	2	
322	386	-2	
320	384	2	
488	492	3	
492	500	1	
493	501	2	
161	167	-3	
162	226	2	
226	231	-3	
161	225	2	
353	357	-2	
359	367	-3	
353	359	2	
69	77	-1	
72	77	3	
71	79	4	
477	485	2	
164	172	2	
166	174	3	
163	166	1	
232	237	4	
234	237	-3	
298	302	2	
296	302	2	
1	6	4	
65	70	1	
273	277	-4	
277	285	-1	
283	287	3	
465	468	-3	
465	471	3	
466	471	-4	
346	348	1	
347	351	2	
345	351	3	
259	261	-3	
193	197	3	
312	316	4	
314	317	-5	
77	85	-2	
78	86	-2	
339	342	3	
336	341	-3	
451	455	2	
450	455	3	
449	454	-3	
458	460	3	
459	462	-3	
371	373	2	
139	141	-3	
136	143	4	
137	143	2	
393	399	-2	
483	486	-3	
40	46	1	
114	118	-1	
119	127	-3	
304	308	-4	
296	301	-4	
411	414	2	
472	477	-4	
178	180	3	
176	182	3	
176	181	-2	
355	358	-3	
233	239	-1	
217	220	2	
441	446	3	
439	447	2	
131	135	-3	
129	134	-2	
385	449	-2	
449	453	-3	
384	448	-2	
169	172	4	
170	173	-4	
170	175	-3	
28	36	-1	
88	93	2	
98	101	-2	
99	102	-1	
97	102	2	
58	63	-4	
243	244	-1	
242	247	4	
266	269	-3	
266	271	-2	
19	23	2	
17	21	4	
146	148	3	
146	210	1	
145	209	1	
403	404	3	
402	406	-2	
2	4	2	
3	5	-3	
49	53	2	
268	276	-1	
275	276	-3	
270	278	1	
291	294	-2	
27	29	4	
31	39	-1	
27	31	2	
219	283	-2	
218	282	-3	
185	189	-1	
184	191	-1	
368	372	-2	
374	382	-2	
105	108	3	
75	78	3	
79	87	2	
409	415	3	
323	325	3	
51	52	-2	
48	55	-3	
50	54	-3	
306	310	-2	
305	369	1	
386	388	-4	
387	390	-2	
401	407	-2	
466	469	2	
401	465	-3	
98	162	1	
162	166	-4	
96	160	1	
435	438	3	
273	337	-2	
272	336	2	
74	78	-1	
501	509	-2	
504	510	4	
498	502	-2	
315	319	-2	
427	429	1	
427	491	-3	
458	463	-3	
456	461	-3	
352	358	-2	
240	304	2	
265	329	3	
280	285	-4	
344	350	-2	
187	251	2	
467	470	-4	
467	471	2	
209	212	-3	
115	117	1	
157	165	1	
159	167	-1	
171	235	3	
232	236	2	
363	365	3	
315	316	-2	
313	318	3	
89	92	2	
81	85	-2	
90	94	-2	
130	133	-1	
387	451	-2	
386	450	-2	
59	60	-2	
54	62	1	
323	327	-1	
299	301	-1	
346	410	-1	
345	409	-2	
104	109	2	
113	118	2	
262	270	3	
263	271	3	
18	23	-2	
83	86	-2	
281	284	3	
275	279	2	
475	476	-3	
474	477	-1	
473	478	4	
91	155	-2	
89	153	2	
41	44	-2	
428	436	-1	
430	438	-3	
184	248	-1	
496	500	-3	
211	213	2	
210	214	-2	
293	301	1	
294	302	1	
168	175	3	
384	389	2	
194	197	3	
202	205	-2	
273	278	3	
274	338	2	
307	310	-3	
304	368	-1	
106	111	1	
103	111	-2	
67	69	1	
256	262	2	
376	382	2	
377	441	-3	
376	440	-3	
73	137	-2	
223	231	1	
80	84	-2	
32	36	1	
34	38	-2	
346	349	-3	
292	300	1	
295	303	-1	
507	511	2	
394	458	-1	
393	457	-1	
6	14	-1	
115	179	-2	
112	176	-1	
305	309	1	
309	317	-1	
436	444	-1	
260	268	-3	
261	269	3	
47	55	2	
101	109	-1	
272	276	3	
275	339	2	
201	206	-2	
396	404	-2	
397	405	-1	
169	174	-1	
283	286	3	
497	503	-1	
364	372	-1	
16	22	-2	
432	437	3	
160	164	2	
161	165	1	
234	236	1	
321	327	2	
107	110	-1	
379	443	-2	
369	374	2	
291	293	-2	
80	85	-1	
91	94	-2	
425	489	-1	
483	485	2	
400	404	1	
398	406	1	
345	349	1	
344	408	-1	
19	21	-1	
272	279	-3	
443	445	2	
330	334	1	
151	159	-1	
411	412	-3	
412	420	1	
413	421	1	
500	508	-1	
138	142	2	
355	357	2	
482	486	2	
480	487	1	
82	84	1	
320	324	1	
193	257	-1	
90	154	-1	
289	292	-1	
195	259	1	
410	414	-1	
362	426	-1	
10	14	-1	
460	468	-1	
461	469	1	
88	152	1	
390	398	-2	
145	149	-2	
178	242	-1	
424	428	-2	
22	30	-1	
264	328	-2	
74	79	-1	
38	46	1	
475	479	-1	
113	177	2	
339	403	-1	
377	383	2	
227	291	1	
336	400	-1	
427	431	1	
495	503	-1	
104	168	1	
114	178	-1	
329	335	1	
226	290	1	
236	244	-1	
238	246	-1	
297	303	-1	
408	413	1	
72	136	-1	
Energy:	-2932	
