NumberOfQubits	504	
NumberOfSubgraphs	420	
Serial	137	
PlantedSolution:	
0	1	
1	1	
2	1	
3	1	
4	1	
5	-1	
6	-1	
8	-1	
9	1	
10	1	
11	1	
12	-1	
13	-1	
14	1	
15	-1	
16	1	
17	1	
18	1	
19	1	
20	-1	
21	1	
22	-1	
23	-1	
24	1	
25	-1	
26	1	
27	1	
28	-1	
29	-1	
30	1	
31	1	
32	1	
33	-1	
34	-1	
35	1	
36	-1	
37	-1	
38	-1	
39	1	
40	1	
41	1	
42	1	
43	1	
44	-1	
45	1	
46	1	
47	1	
48	1	
49	-1	
50	1	
51	1	
52	-1	
53	1	
54	-1	
55	-1	
56	1	
57	1	
58	-1	
59	-1	
60	-1	
61	-1	
62	1	
63	-1	
64	-1	
65	1	
66	-1	
67	1	
68	1	
69	1	
70	-1	
71	1	
72	1	
73	-1	
74	-1	
75	-1	
76	1	
77	-1	
78	-1	
79	1	
80	1	
81	1	
82	-1	
83	1	
84	-1	
85	-1	
86	-1	
87	-1	
88	-1	
89	-1	
90	-1	
91	1	
92	-1	
93	1	
94	1	
95	-1	
96	-1	
97	-1	
98	1	
99	-1	
100	-1	
101	-1	
102	-1	
103	1	
104	1	
105	-1	
106	1	
107	1	
108	-1	
109	1	
110	1	
111	1	
112	-1	
113	-1	
114	-1	
115	1	
116	-1	
117	1	
118	1	
119	-1	
120	1	
121	-1	
123	1	
124	1	
125	1	
126	1	
127	1	
128	1	
129	-1	
130	1	
131	1	
132	-1	
133	1	
134	1	
135	1	
136	-1	
137	1	
138	1	
139	1	
141	-1	
142	1	
143	1	
144	1	
145	-1	
146	-1	
147	-1	
148	-1	
149	1	
150	1	
151	1	
152	-1	
153	1	
154	-1	
155	1	
156	1	
157	-1	
158	1	
159	-1	
160	-1	
161	-1	
162	-1	
163	-1	
164	-1	
165	-1	
166	-1	
167	-1	
168	1	
169	-1	
170	1	
171	-1	
172	-1	
173	-1	
174	1	
175	-1	
176	1	
177	-1	
178	1	
179	1	
180	-1	
181	-1	
182	-1	
183	1	
184	1	
185	-1	
186	-1	
187	-1	
188	-1	
189	1	
190	1	
191	1	
192	1	
193	-1	
194	-1	
195	1	
196	1	
197	1	
198	1	
199	1	
200	-1	
201	-1	
202	1	
203	-1	
204	1	
205	-1	
206	-1	
207	1	
208	1	
209	1	
210	1	
211	-1	
212	1	
213	1	
214	1	
215	-1	
216	1	
217	1	
218	1	
219	1	
220	1	
221	1	
222	1	
223	-1	
224	1	
225	-1	
226	1	
227	-1	
228	-1	
229	1	
230	1	
231	-1	
232	-1	
233	1	
234	-1	
235	1	
236	-1	
237	1	
238	-1	
239	-1	
240	1	
241	1	
242	-1	
243	1	
244	-1	
245	1	
246	-1	
247	-1	
248	1	
249	-1	
250	1	
251	1	
252	1	
253	-1	
254	-1	
255	-1	
256	1	
257	1	
258	1	
259	1	
260	1	
261	-1	
262	-1	
263	1	
264	1	
265	1	
266	1	
267	1	
268	-1	
269	-1	
270	-1	
271	1	
272	1	
273	-1	
274	-1	
275	-1	
276	-1	
277	1	
278	-1	
279	-1	
280	-1	
281	1	
282	-1	
283	-1	
284	1	
285	1	
286	1	
287	-1	
288	1	
289	1	
290	1	
291	1	
292	1	
293	-1	
294	-1	
295	-1	
296	-1	
297	1	
298	1	
299	1	
300	-1	
301	1	
302	1	
303	-1	
304	-1	
305	1	
306	-1	
307	1	
308	-1	
309	1	
310	1	
311	1	
312	-1	
313	1	
314	1	
315	-1	
316	1	
317	1	
318	1	
319	1	
320	-1	
321	1	
322	1	
323	-1	
324	1	
325	1	
326	1	
327	-1	
328	-1	
329	-1	
330	-1	
331	-1	
332	-1	
333	1	
334	1	
335	1	
336	1	
337	-1	
338	1	
339	-1	
340	-1	
341	-1	
342	1	
343	1	
344	-1	
345	-1	
346	-1	
347	-1	
348	-1	
349	-1	
350	-1	
351	-1	
352	1	
353	-1	
354	-1	
355	1	
356	1	
357	-1	
358	1	
359	-1	
361	1	
362	-1	
363	-1	
364	-1	
365	-1	
367	-1	
368	1	
369	1	
370	-1	
371	1	
372	-1	
373	-1	
374	1	
375	1	
376	-1	
377	1	
378	1	
379	-1	
380	-1	
382	1	
383	-1	
384	-1	
385	-1	
386	-1	
387	1	
388	1	
389	1	
390	1	
391	1	
392	1	
393	-1	
394	-1	
396	-1	
397	1	
398	-1	
399	1	
400	-1	
401	-1	
402	-1	
403	-1	
404	-1	
405	-1	
406	1	
407	1	
408	-1	
409	-1	
410	1	
411	-1	
412	1	
413	1	
414	1	
415	-1	
416	1	
417	1	
418	1	
419	-1	
420	-1	
421	-1	
422	1	
424	1	
425	1	
426	1	
427	1	
428	1	
429	1	
430	1	
431	-1	
432	-1	
433	1	
434	1	
435	1	
436	-1	
437	-1	
438	-1	
439	-1	
440	1	
441	1	
442	1	
443	-1	
444	1	
445	-1	
446	1	
447	1	
448	1	
449	1	
450	1	
451	-1	
452	1	
453	1	
454	-1	
455	-1	
456	1	
457	-1	
458	-1	
459	1	
460	-1	
461	1	
462	1	
463	1	
464	-1	
465	1	
466	1	
467	-1	
468	1	
469	1	
470	-1	
471	1	
472	-1	
473	-1	
474	1	
475	-1	
476	-1	
477	1	
478	1	
479	1	
480	1	
481	-1	
482	-1	
483	1	
484	-1	
485	-1	
486	1	
487	-1	
488	-1	
489	1	
490	-1	
491	1	
492	-1	
493	-1	
494	-1	
495	-1	
496	1	
497	-1	
498	-1	
499	-1	
500	1	
501	-1	
502	-1	
503	-1	
504	1	
505	1	
506	-1	
507	1	
508	1	
509	1	
510	-1	
511	-1	
Js:	
424	428	-4	
425	428	-1	
425	429	-3	
426	429	-2	
426	431	2	
424	431	-3	
121	125	3	
123	125	-2	
123	187	2	
187	189	3	
185	189	4	
121	185	-2	
34	36	-3	
35	36	2	
35	99	3	
99	100	-4	
98	100	-2	
34	98	2	
201	204	1	
202	204	3	
202	206	2	
200	206	-2	
200	205	-2	
201	205	-3	
337	340	-4	
338	340	2	
338	341	-1	
339	341	-2	
339	343	3	
337	343	3	
368	374	-3	
374	382	-2	
376	382	4	
376	383	-3	
375	383	2	
368	375	-3	
400	407	2	
401	407	4	
401	465	2	
465	470	5	
464	470	-1	
400	464	3	
450	453	-2	
453	461	1	
458	461	4	
458	462	1	
454	462	2	
450	454	2	
505	508	-5	
507	508	2	
507	511	2	
506	511	-3	
506	509	3	
505	509	-1	
33	37	-1	
37	45	2	
41	45	3	
41	46	-3	
38	46	2	
33	38	-4	
162	166	-2	
163	166	-3	
163	227	-2	
227	230	2	
226	230	-4	
162	226	2	
273	276	-1	
274	276	-2	
274	279	-2	
275	279	-2	
275	277	-2	
273	277	2	
18	20	2	
20	28	-3	
24	28	3	
24	30	2	
22	30	2	
18	22	2	
176	180	-2	
179	180	2	
179	243	-1	
243	245	-3	
240	245	-1	
176	240	-4	
178	182	1	
182	190	-3	
184	190	-2	
184	191	-3	
183	191	-3	
178	183	-3	
432	436	-2	
433	436	3	
433	439	3	
434	439	-3	
434	437	2	
432	437	-4	
344	349	-2	
349	357	-2	
354	357	-4	
354	359	2	
351	359	-2	
344	351	-4	
66	70	-2	
70	78	-1	
72	78	5	
72	79	-3	
71	79	2	
66	71	1	
56	61	2	
58	61	3	
58	62	2	
59	62	3	
59	63	-1	
56	63	3	
80	84	2	
82	84	-1	
82	87	-5	
83	87	2	
83	85	1	
80	85	-3	
298	302	-3	
302	310	1	
304	310	5	
304	311	1	
303	311	2	
298	303	4	
320	324	4	
322	324	-4	
322	327	2	
321	327	3	
321	325	-3	
320	325	2	
153	156	2	
154	156	2	
154	159	-2	
155	159	1	
155	157	3	
153	157	3	
225	229	3	
229	237	1	
234	237	3	
234	239	-3	
231	239	-2	
225	231	-3	
192	196	-3	
194	196	2	
194	199	2	
195	199	2	
195	197	-2	
192	197	-2	
9	13	3	
11	13	3	
11	75	-1	
75	76	2	
73	76	3	
9	73	2	
442	444	-4	
443	444	3	
443	445	1	
441	445	3	
441	446	-2	
442	446	-2	
113	116	-2	
115	116	3	
115	117	1	
114	117	3	
114	119	-2	
113	119	-2	
408	415	-2	
411	415	-1	
411	475	-2	
475	479	3	
472	479	3	
408	472	1	
266	269	3	
267	269	3	
267	271	-3	
265	271	-3	
265	270	3	
266	270	2	
290	292	1	
292	300	2	
299	300	1	
299	301	-3	
293	301	2	
290	293	2	
249	253	-2	
251	253	3	
251	255	3	
250	255	-3	
250	254	1	
249	254	-3	
281	287	2	
282	287	-2	
282	346	1	
346	348	-3	
345	348	-3	
281	345	4	
145	148	-2	
146	148	-2	
146	150	2	
144	150	-4	
144	149	-2	
145	149	3	
393	396	3	
396	404	-2	
402	404	-2	
402	405	-3	
397	405	2	
393	397	3	
410	412	-2	
412	420	2	
418	420	3	
418	421	3	
413	421	2	
410	413	-2	
1	5	2	
3	5	3	
3	67	-3	
67	68	-2	
65	68	-3	
1	65	-3	
480	484	3	
483	484	1	
483	486	-3	
482	486	-1	
482	487	-2	
480	487	3	
384	389	3	
385	389	3	
385	449	2	
449	455	3	
448	455	-4	
384	448	3	
104	108	4	
106	108	1	
106	170	-1	
170	175	1	
168	175	3	
104	168	1	
328	332	-2	
330	332	-3	
330	333	2	
331	333	3	
331	335	-3	
328	335	2	
257	260	-3	
258	260	-3	
258	263	2	
259	263	-3	
259	261	2	
257	261	1	
217	220	-2	
218	220	-2	
218	221	-4	
219	221	1	
219	222	-2	
217	222	-2	
129	132	3	
131	132	1	
131	133	-3	
130	133	-3	
130	135	-3	
129	135	2	
313	316	-2	
315	316	2	
315	318	2	
312	318	4	
312	319	2	
313	319	-2	
48	52	2	
51	52	2	
51	54	-4	
50	54	2	
50	55	3	
48	55	2	
210	212	-4	
211	212	3	
211	214	1	
208	214	-4	
208	215	-1	
210	215	2	
489	493	3	
491	493	2	
491	495	3	
488	495	-2	
488	494	-3	
489	494	-1	
88	92	-3	
90	92	-3	
90	94	2	
89	94	1	
89	93	2	
88	93	-2	
496	500	-2	
498	500	2	
498	501	-3	
499	501	2	
499	502	-2	
496	502	3	
96	101	-3	
97	101	-3	
97	161	-2	
161	164	-2	
160	164	-3	
96	160	-2	
352	358	-4	
353	358	3	
353	417	-1	
417	422	-3	
416	422	-2	
352	416	-2	
136	141	-4	
138	141	-3	
138	143	-3	
137	143	-3	
137	142	-2	
136	142	4	
387	390	-3	
390	398	3	
392	398	3	
392	399	-2	
391	399	-3	
387	391	-3	
361	364	4	
362	364	-1	
362	365	4	
363	365	-3	
363	367	-2	
361	367	3	
105	110	-2	
107	110	-2	
107	171	1	
171	174	3	
169	174	2	
105	169	-1	
16	21	-4	
21	29	2	
26	29	-5	
26	31	-1	
23	31	1	
16	23	2	
306	309	-2	
307	309	-2	
307	371	-2	
371	373	4	
370	373	-1	
306	370	-3	
0	4	-2	
4	12	2	
8	12	-1	
8	14	2	
6	14	2	
0	6	-3	
457	460	-2	
460	468	2	
466	468	-4	
466	471	-2	
463	471	-2	
457	463	-4	
233	236	4	
236	244	-1	
241	244	3	
241	246	-2	
238	246	-3	
233	238	3	
280	286	1	
283	286	-1	
283	347	-3	
347	350	-1	
344	350	-2	
280	344	-2	
288	292	-1	
289	292	-4	
289	294	3	
291	294	3	
291	295	-1	
288	295	2	
112	118	4	
118	126	2	
120	126	-2	
120	127	-4	
119	127	3	
112	119	-1	
409	414	3	
410	414	-1	
410	474	-3	
474	476	-2	
473	476	-2	
409	473	-2	
40	44	3	
43	44	2	
43	47	-2	
42	47	-3	
42	45	-2	
40	45	-3	
314	317	-3	
315	317	1	
315	379	-3	
379	380	2	
378	380	3	
314	378	-2	
64	69	3	
66	69	-2	
66	130	1	
130	134	-1	
128	134	-3	
64	128	1	
386	388	4	
387	388	-2	
387	451	-1	
451	452	3	
450	452	-3	
386	450	2	
200	207	-2	
203	207	1	
203	267	2	
267	268	1	
264	268	4	
200	264	2	
216	220	-3	
220	228	1	
224	228	4	
224	231	3	
223	231	-1	
216	223	-4	
472	477	1	
477	485	2	
481	485	-3	
481	486	-2	
478	486	-3	
472	478	3	
171	172	2	
172	180	-2	
177	180	-2	
177	181	-3	
173	181	-1	
171	173	-2	
490	492	-3	
492	500	2	
497	500	2	
497	503	-3	
495	503	-2	
490	495	1	
305	308	4	
306	308	-2	
370	372	-1	
369	372	-2	
305	369	-2	
402	406	2	
403	406	3	
403	467	-4	
467	469	3	
466	469	2	
402	466	1	
323	326	3	
326	334	-4	
329	334	3	
329	335	3	
327	335	2	
323	327	2	
435	438	3	
438	446	2	
440	446	-3	
440	447	-2	
439	447	-1	
435	439	3	
91	94	-2	
94	102	1	
97	102	3	
97	103	2	
95	103	1	
91	95	4	
184	188	2	
186	188	-4	
186	250	1	
250	252	1	
248	252	-4	
184	248	-1	
145	151	-1	
147	151	4	
147	211	-2	
211	213	2	
209	213	-2	
145	209	1	
17	23	3	
19	23	2	
19	83	-2	
83	86	2	
81	86	2	
17	81	2	
49	52	-2	
52	60	-1	
57	60	3	
57	61	3	
53	61	-1	
49	53	3	
272	278	-2	
274	278	-2	
274	338	2	
338	342	-3	
336	342	-3	
272	336	-2	
9	15	2	
10	15	2	
10	74	-1	
74	77	-2	
73	77	-2	
192	198	-1	
193	198	3	
193	257	2	
257	262	2	
256	262	4	
192	256	2	
232	236	-2	
233	297	1	
297	302	-3	
296	302	2	
232	296	-2	
352	356	-1	
355	356	1	
355	419	2	
419	420	-2	
416	420	3	
152	157	-2	
157	165	-2	
163	165	1	
163	167	-2	
159	167	-1	
152	159	-3	
27	30	-2	
30	38	1	
32	38	2	
32	39	-4	
31	39	1	
27	31	-3	
235	237	-3	
237	245	-1	
242	245	2	
242	247	-2	
239	247	-3	
235	239	-1	
105	108	-4	
105	109	1	
106	109	-2	
106	111	-2	
104	111	1	
272	276	3	
276	284	3	
281	284	-3	
281	285	-1	
277	285	-3	
272	277	1	
427	428	-1	
427	429	-2	
425	430	-3	
424	430	1	
456	460	2	
458	460	-2	
459	461	-3	
459	463	2	
456	463	-2	
504	509	2	
506	510	-3	
507	510	2	
504	511	3	
368	372	-2	
372	380	-2	
377	380	3	
377	383	2	
74	78	3	
75	78	-2	
75	139	2	
139	143	-3	
74	138	1	
120	124	-3	
121	124	2	
121	126	2	
123	126	2	
123	127	-2	
144	148	2	
148	156	-1	
154	158	3	
150	158	-2	
25	28	-1	
25	89	-3	
24	88	2	
394	396	-2	
394	398	-3	
393	399	2	
2	4	-1	
2	5	3	
1	6	3	
400	405	-1	
403	405	-1	
467	468	1	
464	468	3	
176	181	2	
177	241	2	
240	244	-4	
331	332	-4	
332	340	-3	
337	341	-3	
333	341	-2	
208	213	-3	
213	221	-1	
217	221	-3	
214	222	2	
449	452	-2	
451	455	-2	
448	453	-2	
449	453	-2	
296	300	-2	
298	300	2	
297	303	2	
297	301	-2	
296	301	-3	
48	54	2	
54	62	-1	
58	63	-4	
55	63	-1	
161	167	2	
162	167	-3	
160	166	-2	
33	36	-2	
36	44	-2	
41	44	-2	
41	47	-2	
39	47	-2	
33	39	3	
347	348	-2	
347	411	-2	
411	414	3	
345	409	2	
256	261	-2	
258	261	3	
258	322	-1	
256	320	1	
225	230	2	
226	290	-2	
290	295	3	
289	295	-1	
225	289	1	
18	21	2	
18	82	2	
80	87	2	
16	80	-2	
179	182	3	
185	190	2	
185	191	2	
179	183	-2	
101	109	2	
107	109	-3	
107	111	-3	
103	111	-2	
96	103	-1	
273	278	-3	
278	286	3	
282	286	4	
279	287	3	
273	279	-2	
493	501	-2	
496	501	2	
494	502	-2	
491	494	2	
195	196	-2	
196	204	-2	
203	204	-2	
203	206	-2	
198	206	2	
195	198	-2	
475	476	-2	
474	479	1	
474	477	-3	
473	477	4	
8	13	-3	
10	13	1	
10	14	-2	
11	14	-2	
11	15	-2	
8	15	-4	
435	436	1	
432	438	-3	
433	437	-1	
312	316	3	
314	316	-2	
314	319	3	
313	318	-2	
128	132	3	
131	135	-4	
131	134	-3	
353	356	-3	
356	364	1	
359	367	-1	
353	359	-2	
64	68	3	
67	71	-3	
65	71	2	
65	70	2	
64	70	-2	
443	447	-2	
441	447	-3	
442	445	3	
112	116	1	
115	118	-2	
114	118	2	
112	117	2	
482	484	-2	
482	485	-2	
481	487	-2	
266	268	2	
265	269	1	
264	270	-2	
251	252	-2	
249	255	-2	
248	254	3	
194	197	2	
197	205	2	
201	207	2	
199	207	-2	
384	388	4	
386	390	2	
385	390	-2	
169	173	2	
170	173	3	
170	174	-1	
168	174	-2	
169	175	-3	
307	308	-1	
369	373	1	
355	357	3	
419	422	2	
418	422	2	
354	418	1	
34	37	-2	
35	37	3	
27	29	2	
27	91	-1	
90	95	-2	
26	90	2	
227	228	-3	
227	291	2	
288	294	2	
224	288	1	
401	404	2	
404	412	3	
408	412	2	
407	415	3	
219	223	2	
219	283	1	
283	285	2	
280	285	2	
216	280	1	
342	350	2	
346	350	-4	
346	351	-1	
343	351	1	
336	343	2	
72	76	-2	
76	84	1	
81	84	3	
81	85	2	
77	85	1	
72	77	1	
363	427	1	
427	430	-2	
426	430	-3	
362	426	1	
323	325	3	
325	333	2	
329	333	2	
139	141	-1	
234	238	-2	
243	246	-1	
243	247	3	
456	461	-2	
461	469	-1	
465	469	-1	
462	470	-1	
456	462	-1	
146	151	-2	
146	210	2	
500	508	-1	
505	510	2	
502	510	1	
498	502	-2	
43	46	3	
40	46	-2	
56	60	2	
59	60	-3	
59	61	-3	
57	62	-3	
56	62	-3	
187	188	-2	
187	190	1	
186	190	2	
186	189	2	
184	189	2	
50	52	1	
49	54	-1	
50	53	-2	
378	383	2	
377	382	1	
259	260	-2	
259	262	2	
256	263	-2	
257	263	-2	
304	309	2	
307	311	-2	
306	311	-1	
306	310	2	
152	156	2	
155	156	-2	
155	158	-2	
153	158	1	
153	159	2	
10	12	2	
12	20	-1	
19	20	-2	
19	22	1	
14	22	1	
489	492	2	
490	494	-2	
488	493	-2	
330	394	2	
394	397	1	
392	397	-2	
328	392	1	
235	236	1	
235	299	-2	
435	499	-1	
499	503	-2	
433	497	2	
204	212	-1	
209	212	-1	
209	215	3	
207	215	1	
202	207	-2	
417	421	2	
419	421	-2	
419	483	-2	
483	485	2	
417	481	1	
116	124	3	
120	125	1	
117	125	-2	
113	117	2	
67	69	-1	
2	66	3	
405	413	2	
408	413	-2	
408	414	1	
406	414	-2	
100	108	-1	
102	110	1	
99	102	-2	
443	446	1	
443	507	2	
507	509	-2	
440	504	-2	
283	284	-1	
347	349	-3	
345	349	-2	
178	181	2	
178	242	3	
242	244	-2	
129	133	2	
130	194	1	
193	197	-2	
129	193	-1	
83	147	1	
147	149	2	
81	145	-1	
470	478	1	
471	479	-1	
465	471	2	
275	276	-1	
275	339	-2	
25	29	-1	
89	92	-2	
164	172	-2	
170	172	-1	
165	173	-2	
160	165	-2	
452	460	-1	
457	462	3	
323	387	-1	
385	391	2	
321	385	1	
221	229	-1	
226	229	-2	
222	230	1	
218	222	-2	
288	293	2	
291	293	2	
291	355	-1	
355	358	1	
288	352	-2	
250	253	3	
250	314	-1	
313	317	2	
249	313	1	
370	374	3	
370	434	-2	
434	436	3	
368	432	1	
424	429	-1	
34	39	-1	
17	22	3	
69	77	2	
75	77	-2	
75	79	1	
64	71	2	
265	268	2	
266	271	-2	
315	319	2	
379	382	-1	
312	376	-2	
418	482	-1	
416	480	-2	
400	404	-1	
409	412	-1	
409	415	-2	
297	300	2	
300	308	1	
305	311	-3	
441	444	1	
440	445	1	
459	460	3	
166	174	-2	
167	175	-2	
98	101	2	
98	103	-3	
348	356	1	
350	358	1	
115	119	2	
115	179	-1	
177	182	-1	
113	177	1	
274	277	2	
339	342	2	
82	86	-1	
86	94	2	
88	94	2	
88	95	1	
87	95	-1	
365	373	-2	
371	375	-2	
367	375	2	
362	367	-2	
137	141	2	
137	201	-1	
201	206	-3	
136	200	-1	
330	334	1	
393	398	-1	
329	393	-1	
9	12	-2	
11	12	2	
27	28	2	
25	31	3	
25	30	2	
245	253	2	
247	255	-2	
152	158	2	
154	218	1	
152	216	-1	
285	293	-1	
287	295	-1	
280	287	-2	
451	453	3	
448	454	2	
449	454	3	
322	386	1	
320	384	1	
123	124	2	
187	191	1	
74	76	1	
73	79	2	
146	149	2	
210	213	-1	
144	208	1	
128	133	-1	
131	195	-1	
192	199	-1	
128	192	-1	
506	508	1	
504	510	-2	
505	511	2	
299	302	1	
234	298	1	
227	229	-2	
261	269	-2	
263	271	1	
411	413	2	
282	284	2	
284	292	-1	
286	294	-1	
42	44	1	
42	106	-2	
106	110	-2	
104	110	3	
40	104	-1	
155	219	-1	
217	223	2	
153	217	1	
48	53	-2	
50	114	-2	
48	112	2	
138	142	-2	
139	142	-3	
139	203	-1	
203	205	-2	
202	205	2	
138	202	-1	
84	92	-1	
91	92	1	
91	93	-1	
85	93	2	
499	500	1	
498	503	-2	
425	431	3	
427	431	-2	
427	491	-2	
489	495	2	
425	489	-2	
1	4	-2	
3	4	-3	
0	5	2	
168	172	2	
178	180	-1	
175	183	1	
244	252	2	
246	254	-2	
309	317	-3	
310	318	-1	
96	102	-2	
161	165	-2	
321	326	-2	
328	334	2	
473	478	-1	
400	406	2	
464	469	1	
194	198	2	
194	258	-1	
209	214	-1	
209	273	2	
208	272	-1	
386	389	2	
389	397	2	
386	391	1	
378	382	-2	
369	374	-2	
43	45	-2	
35	38	1	
426	428	-3	
426	490	1	
488	492	2	
424	488	1	
180	188	1	
181	189	1	
179	181	1	
49	55	-3	
51	55	-1	
51	53	-2	
147	148	-1	
144	151	-1	
145	150	-2	
171	235	2	
235	238	1	
232	238	-2	
168	232	2	
417	420	1	
416	421	1	
392	396	-1	
394	458	-1	
392	456	-1	
435	437	1	
434	438	1	
2	6	-1	
66	68	1	
130	132	3	
18	23	2	
16	22	1	
299	363	2	
363	364	2	
297	361	-2	
121	127	1	
211	215	1	
211	275	-1	
379	383	-1	
379	443	-1	
377	441	-1	
32	36	1	
242	246	1	
233	239	1	
195	259	-1	
401	405	1	
401	406	1	
161	225	-1	
459	462	-2	
458	463	2	
67	70	-1	
496	503	-1	
384	391	1	
472	476	-2	
476	484	-2	
481	484	-2	
479	487	-1	
58	60	1	
216	222	-1	
89	95	1	
91	155	-1	
89	153	1	
304	308	1	
307	310	-1	
49	113	-1	
451	454	-1	
450	455	-1	
354	356	1	
355	359	2	
291	292	1	
321	324	-1	
267	270	1	
264	269	-1	
251	254	1	
280	284	2	
345	351	1	
467	471	1	
464	471	2	
83	84	2	
82	85	1	
364	372	-2	
340	348	1	
98	102	-1	
105	111	2	
176	182	2	
176	183	-2	
16	20	1	
26	28	1	
74	79	2	
73	78	1	
151	159	1	
369	433	-2	
170	234	1	
234	236	-2	
169	233	1	
410	415	2	
283	287	-2	
421	429	2	
422	430	1	
193	196	1	
193	199	1	
378	442	-1	
376	440	-1	
224	229	-1	
160	224	1	
480	485	-1	
483	487	2	
480	486	-1	
296	303	1	
266	330	1	
330	335	1	
265	329	-1	
491	492	1	
490	493	1	
474	478	1	
475	478	1	
473	479	1	
336	341	2	
90	93	1	
80	86	1	
24	31	1	
241	245	1	
32	37	2	
96	100	-1	
32	96	-1	
42	46	-2	
43	107	-1	
212	220	-1	
219	220	-1	
210	214	-1	
156	164	-1	
162	164	-2	
162	165	-1	
256	260	-1	
258	262	2	
497	501	1	
497	502	-2	
129	134	2	
3	6	-1	
290	354	-1	
354	358	1	
371	372	1	
51	115	-1	
308	316	1	
312	317	1	
232	237	-2	
403	407	1	
467	470	1	
68	76	1	
437	445	2	
240	246	1	
17	20	-1	
328	333	1	
320	326	1	
440	444	-1	
40	47	-1	
57	63	1	
226	228	-2	
34	38	2	
313	377	-1	
133	141	1	
134	142	-1	
0	64	-1	
260	268	-1	
335	343	-1	
17	21	-1	
19	21	-1	
394	399	-1	
299	303	-1	
298	362	2	
169	172	1	
466	470	1	
304	368	-1	
323	324	-1	
320	327	-1	
187	251	-1	
249	252	1	
185	249	-1	
353	357	1	
352	359	1	
218	223	1	
282	285	-1	
200	204	1	
264	271	-1	
289	293	1	
369	375	-1	
371	435	-1	
433	438	-1	
177	183	1	
9	14	-1	
99	103	1	
436	444	1	
26	30	-1	
346	349	-1	
347	351	1	
504	508	1	
339	403	1	
336	400	1	
161	166	-1	
305	309	-1	
311	319	-1	
114	116	1	
272	279	1	
290	294	1	
141	149	1	
143	151	-1	
205	213	1	
206	214	-1	
314	318	1	
35	39	-1	
185	188	-1	
186	191	1	
128	135	1	
361	365	1	
434	498	1	
457	461	1	
72	136	-1	
448	452	1	
230	238	-1	
227	231	-1	
420	428	-1	
Energy:	-1750	
