NumberOfQubits	504	
NumberOfSubgraphs	504	
Serial	388	
PlantedSolution:	
0	1	
1	-1	
2	1	
3	-1	
4	-1	
5	-1	
6	1	
8	1	
9	1	
10	1	
11	1	
12	1	
13	1	
14	-1	
15	-1	
16	-1	
17	-1	
18	-1	
19	-1	
20	1	
21	1	
22	-1	
23	-1	
24	1	
25	-1	
26	-1	
27	-1	
28	-1	
29	-1	
30	1	
31	1	
32	-1	
33	-1	
34	1	
35	1	
36	1	
37	1	
38	1	
39	1	
40	1	
41	-1	
42	1	
43	1	
44	-1	
45	1	
46	1	
47	1	
48	-1	
49	1	
50	1	
51	-1	
52	1	
53	-1	
54	-1	
55	1	
56	1	
57	-1	
58	-1	
59	-1	
60	-1	
61	-1	
62	-1	
63	1	
64	-1	
65	-1	
66	1	
67	-1	
68	-1	
69	1	
70	-1	
71	-1	
72	1	
73	-1	
74	-1	
75	-1	
76	-1	
77	1	
78	1	
79	-1	
80	-1	
81	1	
82	1	
83	1	
84	1	
85	-1	
86	-1	
87	1	
88	-1	
89	-1	
90	-1	
91	-1	
92	1	
93	1	
94	1	
95	-1	
96	-1	
97	1	
98	-1	
99	-1	
100	1	
101	1	
102	-1	
103	-1	
104	-1	
105	-1	
106	1	
107	-1	
108	1	
109	1	
110	-1	
111	1	
112	1	
113	1	
114	1	
115	-1	
116	-1	
117	-1	
118	-1	
119	-1	
120	1	
121	1	
123	1	
124	1	
125	1	
126	-1	
127	1	
128	-1	
129	-1	
130	1	
131	-1	
132	1	
133	-1	
134	1	
135	1	
136	1	
137	1	
138	-1	
139	1	
141	1	
142	1	
143	-1	
144	-1	
145	1	
146	-1	
147	-1	
148	-1	
149	1	
150	1	
151	1	
152	1	
153	-1	
154	-1	
155	1	
156	-1	
157	1	
158	-1	
159	-1	
160	-1	
161	-1	
162	-1	
163	-1	
164	-1	
165	-1	
166	-1	
167	-1	
168	-1	
169	1	
170	-1	
171	1	
172	1	
173	-1	
174	-1	
175	1	
176	1	
177	-1	
178	1	
179	-1	
180	1	
181	1	
182	-1	
183	-1	
184	1	
185	-1	
186	1	
187	-1	
188	1	
189	1	
190	1	
191	1	
192	1	
193	1	
194	1	
195	-1	
196	-1	
197	1	
198	1	
199	-1	
200	-1	
201	1	
202	1	
203	-1	
204	1	
205	1	
206	1	
207	-1	
208	-1	
209	-1	
210	-1	
211	-1	
212	-1	
213	1	
214	-1	
215	-1	
216	-1	
217	-1	
218	1	
219	1	
220	-1	
221	1	
222	-1	
223	-1	
224	1	
225	-1	
226	-1	
227	1	
228	-1	
229	-1	
230	-1	
231	-1	
232	-1	
233	-1	
234	-1	
235	-1	
236	1	
237	-1	
238	1	
239	1	
240	-1	
241	-1	
242	1	
243	1	
244	1	
245	1	
246	-1	
247	1	
248	-1	
249	-1	
250	-1	
251	1	
252	1	
253	-1	
254	1	
255	1	
256	1	
257	-1	
258	-1	
259	-1	
260	-1	
261	-1	
262	1	
263	1	
264	1	
265	1	
266	1	
267	1	
268	1	
269	-1	
270	-1	
271	-1	
272	-1	
273	1	
274	-1	
275	-1	
276	-1	
277	1	
278	-1	
279	-1	
280	-1	
281	1	
282	-1	
283	-1	
284	1	
285	-1	
286	1	
287	1	
288	1	
289	-1	
290	-1	
291	1	
292	1	
293	-1	
294	-1	
295	-1	
296	1	
297	1	
298	1	
299	1	
300	1	
301	1	
302	-1	
303	1	
304	1	
305	-1	
306	1	
307	1	
308	1	
309	-1	
310	-1	
311	1	
312	1	
313	1	
314	1	
315	1	
316	1	
317	1	
318	1	
319	1	
320	1	
321	1	
322	1	
323	-1	
324	1	
325	-1	
326	1	
327	-1	
328	1	
329	-1	
330	1	
331	1	
332	-1	
333	1	
334	1	
335	1	
336	-1	
337	-1	
338	-1	
339	-1	
340	-1	
341	1	
342	-1	
343	-1	
344	1	
345	-1	
346	1	
347	-1	
348	-1	
349	-1	
350	-1	
351	-1	
352	-1	
353	-1	
354	-1	
355	-1	
356	1	
357	-1	
358	-1	
359	1	
361	1	
362	1	
363	-1	
364	1	
365	1	
367	1	
368	-1	
369	-1	
370	-1	
371	-1	
372	-1	
373	1	
374	1	
375	1	
376	1	
377	-1	
378	-1	
379	-1	
380	1	
382	1	
383	1	
384	1	
385	1	
386	1	
387	1	
388	-1	
389	-1	
390	1	
391	1	
392	-1	
393	1	
394	-1	
396	-1	
397	1	
398	1	
399	1	
400	-1	
401	-1	
402	1	
403	1	
404	-1	
405	1	
406	-1	
407	-1	
408	1	
409	1	
410	1	
411	-1	
412	-1	
413	-1	
414	1	
415	-1	
416	-1	
417	1	
418	1	
419	-1	
420	-1	
421	1	
422	1	
424	-1	
425	-1	
426	-1	
427	-1	
428	-1	
429	-1	
430	-1	
431	-1	
432	1	
433	-1	
434	1	
435	1	
436	1	
437	1	
438	1	
439	1	
440	-1	
441	1	
442	-1	
443	1	
444	-1	
445	-1	
446	1	
447	-1	
448	1	
449	1	
450	-1	
451	-1	
452	1	
453	1	
454	1	
455	-1	
456	-1	
457	1	
458	1	
459	-1	
460	1	
461	-1	
462	1	
463	-1	
464	1	
465	1	
466	1	
467	1	
468	1	
469	1	
470	1	
471	-1	
472	-1	
473	1	
474	1	
475	1	
476	1	
477	-1	
478	-1	
479	-1	
480	1	
481	1	
482	1	
483	1	
484	-1	
485	1	
486	-1	
487	-1	
488	1	
489	1	
490	-1	
491	-1	
492	-1	
493	1	
494	1	
495	-1	
496	-1	
497	-1	
498	-1	
499	1	
500	-1	
501	1	
502	1	
503	1	
504	1	
505	1	
506	1	
507	1	
508	1	
509	-1	
510	1	
511	-1	
Js:	
280	285	-2	
283	285	-3	
283	286	2	
281	286	3	
281	287	-2	
280	287	4	
402	404	3	
403	404	4	
403	467	-2	
467	468	-3	
466	468	-1	
402	466	3	
72	76	3	
73	76	2	
73	137	3	
137	143	2	
136	143	2	
72	136	-2	
297	302	1	
299	302	3	
299	363	3	
363	365	3	
361	365	-2	
297	361	3	
385	389	5	
386	389	2	
386	390	1	
384	390	-3	
384	391	-3	
385	391	-3	
432	439	-3	
433	439	4	
433	497	-3	
497	500	-3	
496	500	-3	
432	496	2	
146	148	-2	
147	148	-5	
147	149	-2	
144	149	2	
144	151	3	
146	151	2	
16	20	3	
17	20	3	
17	22	-3	
18	22	-4	
18	21	2	
16	21	3	
328	332	3	
330	332	1	
330	335	-2	
329	335	2	
329	334	-2	
328	334	-2	
179	181	2	
181	189	-2	
184	189	2	
184	191	-3	
183	191	3	
179	183	-2	
24	30	2	
25	30	4	
25	89	-3	
89	95	-2	
88	95	-4	
24	88	3	
344	351	4	
345	351	-4	
345	409	2	
409	414	-3	
408	414	4	
344	408	-1	
1	4	3	
2	4	4	
2	6	-3	
0	6	-2	
0	5	2	
1	5	-5	
336	340	-3	
338	340	-4	
338	343	-2	
337	343	-3	
337	342	-3	
336	342	-3	
288	293	4	
291	293	1	
291	355	-1	
355	358	-1	
352	358	-3	
288	352	1	
90	94	5	
91	94	1	
91	155	2	
155	159	3	
154	159	-3	
90	154	2	
48	53	-3	
50	53	-2	
50	54	4	
51	54	-4	
51	55	2	
48	55	3	
416	421	2	
418	421	-3	
418	482	-4	
482	484	3	
480	484	3	
416	480	3	
98	101	2	
99	101	-4	
99	103	-3	
97	103	3	
97	102	2	
98	102	-4	
305	309	-3	
307	309	1	
307	371	-2	
371	375	2	
369	375	3	
305	369	-2	
64	68	-3	
66	68	-2	
66	69	-4	
65	69	2	
65	71	-3	
64	71	-3	
106	111	-4	
107	111	2	
107	171	-1	
171	174	4	
170	174	-3	
106	170	1	
427	429	-4	
429	437	2	
435	437	2	
435	438	-2	
430	438	1	
427	430	-3	
264	268	-1	
266	268	2	
266	270	3	
265	270	3	
265	269	3	
264	269	4	
218	220	3	
220	228	-2	
227	228	1	
227	229	3	
221	229	2	
218	221	1	
256	261	5	
259	261	-2	
259	323	-3	
323	325	2	
320	325	3	
256	320	-2	
314	316	-4	
315	316	-5	
315	318	-2	
313	318	-2	
313	317	-4	
314	317	2	
393	396	4	
394	396	-4	
394	458	2	
458	461	-3	
457	461	4	
393	457	-1	
272	277	3	
274	277	2	
274	278	1	
273	278	2	
273	279	1	
272	279	-2	
56	63	3	
57	63	2	
57	121	3	
121	126	4	
120	126	3	
56	120	-2	
376	382	-3	
377	382	3	
377	441	2	
441	446	3	
440	446	3	
376	440	1	
442	447	-2	
443	447	3	
443	507	-2	
507	510	-3	
506	510	-3	
442	506	-2	
193	197	-3	
197	205	-3	
200	205	-3	
200	207	-3	
199	207	-3	
193	199	3	
195	196	-4	
196	204	-3	
202	204	-5	
202	206	-3	
198	206	-3	
195	198	3	
243	244	-4	
244	252	-4	
250	252	3	
250	254	4	
246	254	2	
243	246	3	
32	36	3	
35	36	1	
35	39	-4	
33	39	2	
33	37	3	
32	37	2	
8	12	-1	
11	12	4	
11	14	3	
10	14	3	
10	13	-1	
8	13	-3	
346	348	-4	
347	348	-4	
347	411	-1	
411	412	-2	
410	412	4	
346	410	-2	
226	230	2	
230	238	3	
232	238	2	
232	239	3	
231	239	1	
226	231	-2	
490	492	-3	
491	492	-2	
491	493	2	
488	493	-2	
488	494	-2	
490	494	-4	
160	164	-1	
163	164	-4	
163	167	-3	
162	167	4	
162	165	-3	
160	165	-3	
448	452	-2	
450	452	3	
450	454	-4	
451	454	2	
451	455	-3	
448	455	3	
474	476	-3	
475	476	2	
475	478	4	
472	478	-3	
472	477	-2	
474	477	3	
208	212	2	
211	212	-5	
211	213	3	
209	213	3	
209	215	-2	
208	215	-4	
81	84	-3	
83	84	-3	
83	87	-2	
80	87	-3	
80	86	-2	
81	86	4	
257	262	5	
258	262	2	
258	322	-2	
322	327	2	
321	327	2	
257	321	3	
40	45	-2	
42	45	2	
42	47	-4	
43	47	-2	
43	46	-4	
40	46	-2	
129	133	-3	
133	141	2	
139	141	-4	
139	142	-3	
134	142	1	
129	134	4	
113	116	2	
115	116	3	
115	118	-2	
112	118	3	
112	117	4	
113	117	3	
176	182	-1	
178	182	3	
178	242	-3	
242	247	-2	
240	247	3	
176	240	3	
400	405	3	
401	405	3	
401	465	-2	
465	470	-3	
464	470	-1	
400	464	3	
417	422	-3	
419	422	-2	
419	483	2	
483	486	2	
481	486	4	
417	481	-3	
104	108	4	
105	108	2	
105	169	1	
169	172	-2	
168	172	-3	
104	168	-1	
289	292	2	
290	292	3	
290	354	1	
354	359	3	
353	359	3	
289	353	-1	
296	300	-3	
300	308	-2	
306	308	-2	
306	311	-3	
303	311	-2	
296	303	2	
498	501	-2	
501	509	4	
505	509	3	
505	511	4	
503	511	3	
498	503	2	
152	158	-3	
153	158	-3	
153	217	-2	
217	222	-4	
216	222	-3	
152	216	1	
185	188	2	
187	188	3	
187	251	3	
251	253	3	
249	253	-2	
185	249	-3	
130	132	-3	
131	132	4	
131	133	2	
128	133	-3	
128	135	3	
130	135	-3	
424	428	-3	
425	428	-3	
425	429	-3	
426	429	-2	
426	431	2	
424	431	-4	
370	372	-2	
372	380	3	
378	380	3	
378	382	-2	
374	382	-3	
370	374	3	
56	60	3	
59	60	2	
59	61	-4	
58	61	-4	
58	62	-4	
56	62	3	
73	77	3	
75	77	3	
75	78	3	
74	78	3	
74	79	-3	
73	79	1	
234	236	2	
236	244	-1	
241	244	2	
241	245	3	
237	245	-1	
234	237	-2	
19	21	-3	
21	29	4	
26	29	-2	
26	31	3	
23	31	2	
19	23	-2	
392	398	-2	
398	406	4	
403	406	2	
403	407	2	
399	407	2	
392	399	4	
458	460	-3	
459	460	4	
459	462	2	
456	462	3	
456	463	-3	
458	463	-1	
114	116	-1	
116	124	4	
123	124	-3	
123	127	-5	
119	127	3	
114	119	4	
466	469	-4	
469	477	-1	
473	477	4	
473	479	2	
471	479	-2	
466	471	2	
355	356	4	
356	364	-3	
362	364	-3	
362	365	-4	
357	365	3	
355	357	-3	
273	276	2	
275	276	-2	
275	339	-2	
339	341	-2	
337	341	2	
273	337	3	
177	180	1	
180	188	-1	
186	188	-3	
186	190	-3	
182	190	2	
177	182	3	
434	436	-4	
435	436	2	
435	499	-3	
499	502	-2	
498	502	4	
434	498	2	
482	485	-2	
485	493	-2	
489	493	1	
489	495	4	
487	495	-2	
482	487	4	
91	92	1	
92	100	3	
96	100	3	
96	101	2	
93	101	-2	
91	93	4	
160	166	-3	
161	166	-3	
161	225	2	
225	231	-3	
224	231	2	
160	224	3	
298	301	-2	
301	309	1	
304	309	2	
304	310	-3	
302	310	-1	
298	302	3	
145	150	-3	
146	150	4	
146	210	-1	
210	214	-3	
209	214	-4	
145	209	-1	
34	36	-3	
36	44	-2	
41	44	-5	
41	46	3	
38	46	-2	
34	38	-3	
385	388	2	
387	388	3	
387	451	3	
451	453	-2	
449	453	-2	
385	449	-1	
248	255	2	
251	255	-3	
251	315	1	
315	319	-3	
312	319	-2	
248	312	1	
266	271	2	
267	271	2	
267	331	-2	
331	333	-2	
330	333	3	
266	330	-4	
218	223	1	
219	223	2	
219	283	-1	
283	284	3	
282	284	3	
218	282	3	
0	4	3	
3	4	-1	
3	67	-5	
67	70	4	
64	70	-2	
0	64	3	
440	445	-2	
442	445	-2	
506	508	-2	
504	508	-3	
440	504	2	
192	197	-2	
194	197	-3	
194	258	1	
258	260	-3	
256	260	3	
192	256	1	
169	173	3	
171	173	2	
171	235	3	
235	236	-2	
233	236	3	
169	233	3	
377	383	-2	
379	383	4	
379	443	1	
443	444	3	
441	444	2	
363	364	1	
364	372	1	
368	372	-2	
368	375	-3	
367	375	-3	
363	367	3	
152	156	3	
155	156	3	
154	157	3	
152	157	-2	
203	205	2	
203	206	3	
201	206	-2	
201	207	4	
408	413	4	
411	413	-5	
411	415	-5	
409	415	3	
104	109	3	
106	109	-1	
105	111	4	
105	110	-2	
104	110	2	
336	341	3	
341	349	2	
345	349	-2	
345	350	2	
342	350	-2	
10	12	-3	
11	15	2	
9	15	2	
9	14	2	
49	52	-3	
50	52	1	
49	55	-3	
74	76	-2	
76	84	-1	
82	84	-2	
82	85	2	
77	85	1	
74	77	2	
26	28	-3	
27	28	3	
27	30	3	
25	31	3	
288	292	-2	
291	292	-4	
291	295	2	
289	295	3	
289	294	-2	
288	294	3	
257	263	2	
259	263	-3	
323	324	2	
321	324	-2	
394	399	3	
392	397	3	
393	397	-3	
120	125	-5	
121	125	-3	
123	126	-1	
120	127	-1	
320	326	2	
322	326	-2	
322	386	-2	
386	388	3	
384	388	3	
320	384	-2	
304	311	-2	
306	370	2	
370	373	3	
368	373	-2	
304	368	2	
354	418	2	
418	420	2	
417	420	-2	
353	417	2	
168	173	-2	
173	181	2	
176	181	-3	
176	183	2	
175	183	2	
168	175	2	
138	141	-2	
141	149	-3	
145	149	-3	
145	151	-2	
143	151	3	
138	143	-2	
107	109	2	
109	117	-1	
110	118	-2	
107	110	-3	
232	237	-3	
233	237	-2	
233	297	-1	
297	301	-4	
296	301	-2	
232	296	3	
88	92	1	
97	100	-3	
95	103	-2	
208	214	-3	
214	222	-1	
219	222	-1	
215	223	-3	
419	420	-3	
420	428	-2	
426	428	-3	
426	430	-3	
422	430	1	
265	268	-2	
268	276	2	
275	279	2	
271	279	-2	
265	271	1	
249	254	2	
250	314	1	
313	316	-2	
249	313	-1	
234	238	3	
238	246	-1	
241	246	-2	
241	247	2	
239	247	-1	
234	239	2	
161	164	-3	
163	227	2	
225	229	-3	
468	476	-1	
473	476	-2	
473	478	-1	
470	478	2	
467	470	-3	
400	404	-1	
402	406	-1	
401	406	-3	
277	285	2	
281	285	3	
278	286	2	
272	278	-4	
480	485	-3	
483	485	-2	
483	487	-1	
481	487	3	
480	486	2	
128	134	2	
131	134	-2	
131	195	-2	
192	198	-3	
128	192	2	
19	20	3	
19	22	1	
18	23	-3	
16	23	-2	
496	501	3	
504	509	3	
504	510	-3	
502	510	-2	
496	502	2	
186	189	3	
187	189	1	
187	191	2	
185	191	3	
185	190	2	
488	492	-1	
489	492	3	
489	494	-3	
491	494	1	
491	495	-5	
488	495	3	
344	349	4	
346	349	4	
346	350	-1	
347	350	-4	
347	351	-2	
332	340	2	
339	340	-2	
339	343	-3	
335	343	1	
328	335	-3	
35	37	-2	
37	45	-2	
43	45	-3	
39	47	-2	
432	436	-3	
434	438	-3	
433	438	1	
433	437	2	
432	437	1	
500	508	3	
505	508	2	
497	503	4	
83	85	3	
83	86	-2	
81	87	-2	
82	87	-3	
2	5	-1	
3	5	-3	
67	69	1	
2	66	-4	
452	460	-2	
456	460	3	
454	462	-2	
57	60	-5	
58	60	-2	
59	62	1	
57	62	-2	
153	157	4	
157	165	3	
162	166	-2	
158	166	-2	
210	212	-4	
212	220	-1	
216	220	-3	
216	221	2	
213	221	-3	
210	213	-1	
305	308	2	
307	308	-4	
371	374	2	
369	374	2	
461	469	2	
465	469	-2	
465	471	-1	
463	471	-2	
457	463	3	
129	132	-1	
130	194	-3	
194	199	2	
129	193	3	
65	70	-2	
70	78	3	
75	79	-2	
71	79	-3	
32	38	2	
34	98	-3	
96	102	-3	
32	96	-3	
115	119	-3	
115	179	-2	
179	180	3	
178	180	-4	
114	178	1	
137	142	-3	
138	142	3	
138	202	2	
201	204	-1	
137	201	2	
261	269	-2	
264	270	2	
262	270	-1	
256	262	-2	
321	325	2	
325	333	2	
331	334	-4	
326	334	-3	
321	326	-3	
376	380	-1	
379	380	2	
378	383	4	
387	389	2	
389	397	3	
393	398	2	
390	398	-2	
387	390	-3	
44	52	-1	
49	53	3	
45	53	1	
41	45	2	
248	252	2	
248	253	-3	
245	253	2	
243	245	1	
411	475	-1	
475	479	2	
474	479	4	
410	474	-2	
361	367	-4	
362	367	-2	
362	426	1	
425	431	-3	
361	425	1	
290	294	-2	
294	302	2	
298	303	-2	
295	303	3	
290	295	-2	
170	172	3	
170	175	3	
171	175	1	
169	174	1	
144	148	-2	
147	211	-1	
211	214	1	
144	208	-1	
352	356	-2	
353	357	-2	
353	358	-4	
449	452	3	
450	453	3	
448	453	-4	
449	455	4	
24	28	3	
26	90	-2	
88	94	2	
160	167	-2	
162	226	-1	
226	228	-3	
224	228	3	
306	309	2	
309	317	3	
312	317	-2	
312	318	-4	
310	318	-2	
306	310	2	
9	12	-3	
10	15	4	
8	15	4	
9	13	-4	
281	284	-3	
282	287	2	
280	286	3	
25	29	-2	
27	29	-2	
27	91	2	
89	93	3	
442	444	-4	
443	445	-2	
441	445	3	
441	447	2	
235	239	2	
235	299	-1	
299	300	-3	
136	142	-2	
139	203	3	
203	207	2	
136	200	3	
402	405	-2	
405	413	2	
409	413	-1	
407	415	-2	
402	407	3	
1	6	-2	
3	6	3	
67	68	-2	
65	68	-3	
1	65	-2	
419	421	4	
483	484	-3	
40	47	-3	
42	106	-3	
106	108	-2	
40	104	-4	
320	324	-3	
324	332	4	
329	332	1	
327	335	3	
320	327	2	
120	124	2	
117	125	3	
260	268	-1	
267	268	-4	
263	271	2	
258	263	4	
53	61	-3	
59	63	2	
55	63	-3	
176	180	-2	
242	245	-2	
240	245	3	
80	84	1	
83	147	1	
147	150	-1	
144	150	3	
80	144	-1	
273	277	-2	
274	338	1	
338	342	-2	
33	38	2	
35	38	-2	
35	99	3	
99	100	2	
33	97	3	
427	428	1	
427	491	-2	
424	488	2	
460	468	-1	
464	468	-4	
464	471	-1	
459	463	-4	
222	230	-2	
223	231	-2	
217	223	-2	
249	255	-3	
184	248	2	
435	439	-2	
499	503	-3	
129	135	-1	
194	196	1	
193	196	2	
345	348	-2	
75	76	-2	
72	78	-1	
72	77	1	
154	156	-2	
155	158	2	
177	181	-3	
177	183	-2	
386	391	-3	
289	293	-2	
293	301	2	
297	303	-2	
472	476	4	
313	319	-3	
314	319	-2	
314	378	3	
377	380	-3	
313	377	2	
17	21	2	
17	23	3	
16	22	-2	
506	509	-2	
507	511	3	
369	373	3	
368	374	2	
492	500	-2	
499	500	1	
499	501	-3	
493	501	1	
490	493	4	
432	438	-2	
438	446	-3	
440	447	-3	
439	447	2	
80	85	-3	
85	93	2	
87	95	2	
219	220	3	
225	228	2	
219	221	-3	
336	343	-2	
338	341	-3	
164	172	2	
166	174	-1	
163	166	1	
48	52	3	
52	60	-2	
54	62	-2	
48	54	-2	
5	13	3	
6	14	2	
462	470	-1	
458	462	-3	
329	333	4	
265	329	2	
101	109	1	
105	109	2	
103	111	2	
98	103	-3	
34	37	-2	
32	39	-2	
240	246	-1	
241	305	-2	
305	310	-2	
240	304	2	
352	357	-3	
82	86	2	
82	146	-1	
146	149	2	
81	145	-1	
417	421	2	
211	275	-2	
274	279	-3	
210	274	-2	
114	118	-3	
118	126	-2	
121	127	-3	
424	430	-3	
396	404	-2	
394	398	2	
135	143	1	
235	238	-1	
235	237	-3	
449	454	-2	
448	454	-2	
64	69	-1	
315	379	2	
376	383	-4	
312	376	-3	
291	294	3	
290	293	-3	
280	284	1	
282	285	2	
187	190	2	
250	255	2	
186	250	-2	
267	269	2	
264	328	2	
408	412	3	
412	420	-1	
416	420	-2	
416	422	4	
414	422	-1	
348	356	1	
354	356	2	
354	358	-3	
350	358	1	
308	316	-1	
311	319	2	
307	311	-2	
323	326	2	
20	28	2	
24	29	3	
42	44	2	
43	44	-1	
397	405	-2	
401	407	1	
201	205	-2	
90	92	3	
94	102	1	
156	164	-2	
161	167	2	
159	167	-3	
152	159	2	
297	300	-1	
113	119	2	
179	182	-2	
113	177	2	
436	444	-2	
437	445	3	
434	437	-2	
11	75	2	
72	79	3	
8	72	2	
498	500	-2	
494	502	1	
476	484	2	
478	486	-2	
123	125	-1	
123	187	-1	
184	188	-3	
120	184	-1	
322	325	3	
323	387	2	
387	391	-1	
128	132	-2	
195	199	-2	
192	199	2	
22	30	2	
27	31	2	
217	221	-3	
107	108	2	
108	116	-1	
112	116	3	
443	446	-1	
507	508	2	
163	165	2	
227	230	1	
224	230	4	
272	276	1	
270	278	-2	
267	270	1	
371	372	-3	
371	373	2	
370	375	1	
51	52	2	
251	252	2	
248	254	2	
67	71	-2	
242	246	-3	
58	63	-2	
400	407	-2	
464	469	-3	
456	461	-2	
410	415	2	
410	414	-2	
145	148	2	
147	151	-2	
257	260	-3	
259	260	-2	
282	286	-2	
216	280	-1	
467	471	2	
322	324	1	
481	485	-2	
486	494	1	
130	134	-3	
97	101	-1	
352	359	-2	
451	452	2	
384	448	1	
298	362	-2	
185	189	2	
184	190	-3	
496	503	-2	
40	44	1	
41	105	-1	
30	38	-1	
31	39	1	
208	213	-2	
210	215	-1	
227	231	2	
227	291	-1	
225	289	2	
4	12	1	
171	172	-1	
168	232	-2	
427	431	-2	
369	372	-1	
379	382	-1	
274	276	-3	
276	284	2	
283	287	-2	
279	287	2	
91	95	-2	
88	152	-1	
169	175	-2	
170	234	-2	
233	238	-2	
409	412	2	
343	351	-1	
385	390	-1	
506	511	1	
304	308	1	
307	310	2	
81	85	1	
292	300	-1	
298	300	2	
121	124	1	
200	204	2	
203	204	1	
202	205	-2	
89	92	2	
89	153	-1	
247	255	-2	
275	277	3	
339	342	1	
392	456	1	
400	406	-2	
465	468	-2	
266	269	1	
42	46	1	
43	107	2	
69	77	-2	
73	78	2	
66	70	-1	
28	36	1	
33	36	2	
29	37	1	
161	165	-2	
228	236	3	
229	237	-1	
226	229	-3	
484	492	1	
331	332	3	
56	61	1	
139	143	-2	
258	261	2	
264	271	3	
305	311	1	
10	74	1	
361	364	-2	
359	367	2	
355	359	2	
218	222	1	
217	281	1	
18	20	-1	
18	82	2	
17	81	1	
472	479	-3	
50	55	1	
50	114	-2	
49	113	-1	
131	135	2	
11	13	1	
186	191	-1	
426	490	1	
296	302	2	
148	156	-1	
150	158	1	
340	348	1	
209	273	-2	
208	272	-2	
100	108	-1	
102	110	2	
216	223	-2	
242	244	-1	
249	252	1	
24	31	1	
388	396	-1	
393	399	1	
391	399	-2	
418	422	1	
66	71	-1	
323	327	1	
19	83	-1	
16	80	-2	
259	262	2	
257	261	1	
442	446	2	
192	196	2	
194	198	2	
314	318	2	
51	115	-2	
457	460	1	
154	158	1	
155	219	-2	
154	218	1	
243	247	-2	
243	307	-1	
369	433	-1	
433	436	1	
368	432	1	
425	430	-1	
425	489	-1	
68	76	2	
41	47	1	
475	477	-1	
477	485	1	
288	295	2	
339	403	2	
336	400	-1	
354	357	-1	
401	404	2	
497	501	1	
497	502	1	
346	351	1	
344	350	2	
162	164	-2	
466	470	2	
421	429	-1	
112	176	-1	
275	278	1	
203	267	1	
201	265	-1	
450	455	-1	
242	306	1	
505	510	-1	
250	253	-2	
84	92	-2	
89	94	-1	
86	94	2	
106	110	1	
8	14	2	
365	373	2	
172	180	-1	
174	182	-1	
168	174	-2	
234	298	1	
59	123	1	
153	156	-1	
409	473	1	
98	100	2	
48	112	1	
480	487	1	
479	487	1	
136	141	-1	
200	206	-1	
457	462	1	
153	159	-1	
299	303	1	
74	138	1	
331	335	1	
283	347	-1	
280	344	1	
355	419	1	
88	93	-1	
371	435	1	
370	434	-1	
114	117	1	
179	243	1	
504	511	-1	
386	450	1	
170	173	2	
233	239	1	
9	73	1	
226	290	-1	
482	486	1	
352	416	1	
195	197	1	
178	183	-1	
440	444	-1	
394	397	-1	
453	461	1	
337	401	-1	
177	241	-1	
256	263	-1	
299	301	-1	
431	439	-1	
328	333	1	
329	393	1	
392	396	-1	
328	392	1	
193	198	1	
96	103	1	
334	342	1	
232	236	-1	
34	39	-1	
455	463	-1	
315	317	1	
165	173	-1	
Energy:	-2130	
