NumberOfQubits	504	
NumberOfSubgraphs	756	
Serial	346	
PlantedSolution:	
0	1	
1	-1	
2	-1	
3	-1	
4	-1	
5	1	
6	1	
8	-1	
9	1	
10	1	
11	1	
12	-1	
13	-1	
14	1	
15	1	
16	-1	
17	-1	
18	-1	
19	-1	
20	1	
21	1	
22	1	
23	-1	
24	-1	
25	-1	
26	1	
27	-1	
28	1	
29	1	
30	-1	
31	1	
32	-1	
33	-1	
34	1	
35	1	
36	-1	
37	1	
38	-1	
39	1	
40	1	
41	-1	
42	1	
43	-1	
44	-1	
45	1	
46	1	
47	-1	
48	1	
49	-1	
50	1	
51	-1	
52	1	
53	-1	
54	-1	
55	1	
56	-1	
57	-1	
58	-1	
59	-1	
60	-1	
61	1	
62	-1	
63	-1	
64	-1	
65	-1	
66	1	
67	1	
68	1	
69	-1	
70	1	
71	1	
72	1	
73	-1	
74	1	
75	1	
76	1	
77	1	
78	1	
79	1	
80	-1	
81	1	
82	-1	
83	-1	
84	-1	
85	-1	
86	-1	
87	-1	
88	1	
89	-1	
90	-1	
91	1	
92	-1	
93	1	
94	1	
95	1	
96	1	
97	-1	
98	1	
99	-1	
100	1	
101	-1	
102	-1	
103	-1	
104	1	
105	1	
106	1	
107	-1	
108	-1	
109	1	
110	-1	
111	1	
112	1	
113	1	
114	1	
115	1	
116	1	
117	1	
118	1	
119	1	
120	-1	
121	-1	
123	-1	
124	1	
125	-1	
126	1	
127	-1	
128	-1	
129	1	
130	1	
131	1	
132	-1	
133	1	
134	-1	
135	1	
136	1	
137	1	
138	-1	
139	1	
141	1	
142	1	
143	-1	
144	-1	
145	-1	
146	-1	
147	-1	
148	-1	
149	-1	
150	-1	
151	1	
152	1	
153	1	
154	1	
155	-1	
156	1	
157	-1	
158	1	
159	1	
160	-1	
161	-1	
162	1	
163	1	
164	1	
165	-1	
166	-1	
167	-1	
168	1	
169	1	
170	-1	
171	1	
172	1	
173	1	
174	1	
175	-1	
176	-1	
177	1	
178	1	
179	1	
180	-1	
181	1	
182	-1	
183	-1	
184	1	
185	1	
186	-1	
187	1	
188	1	
189	1	
190	-1	
191	-1	
192	1	
193	1	
194	-1	
195	-1	
196	-1	
197	1	
198	1	
199	-1	
200	1	
201	1	
202	-1	
203	-1	
204	1	
205	1	
206	1	
207	1	
208	1	
209	1	
210	-1	
211	1	
212	-1	
213	-1	
214	-1	
215	1	
216	1	
217	-1	
218	-1	
219	1	
220	-1	
221	1	
222	1	
223	-1	
224	-1	
225	1	
226	1	
227	1	
228	1	
229	-1	
230	-1	
231	1	
232	-1	
233	1	
234	-1	
235	-1	
236	-1	
237	-1	
238	1	
239	-1	
240	1	
241	-1	
242	1	
243	1	
244	-1	
245	-1	
246	-1	
247	1	
248	1	
249	1	
250	-1	
251	-1	
252	-1	
253	-1	
254	1	
255	1	
256	1	
257	1	
258	1	
259	-1	
260	1	
261	-1	
262	-1	
263	1	
264	-1	
265	1	
266	1	
267	-1	
268	-1	
269	-1	
270	1	
271	-1	
272	-1	
273	-1	
274	1	
275	-1	
276	1	
277	-1	
278	-1	
279	-1	
280	-1	
281	1	
282	-1	
283	-1	
284	1	
285	-1	
286	1	
287	1	
288	-1	
289	1	
290	1	
291	1	
292	-1	
293	1	
294	1	
295	1	
296	1	
297	1	
298	1	
299	-1	
300	1	
301	1	
302	1	
303	-1	
304	1	
305	1	
306	-1	
307	1	
308	1	
309	-1	
310	1	
311	1	
312	-1	
313	1	
314	1	
315	1	
316	-1	
317	1	
318	-1	
319	-1	
320	-1	
321	1	
322	-1	
323	-1	
324	-1	
325	1	
326	-1	
327	-1	
328	1	
329	-1	
330	-1	
331	-1	
332	-1	
333	-1	
334	-1	
335	1	
336	1	
337	1	
338	-1	
339	1	
340	1	
341	-1	
342	-1	
343	-1	
344	1	
345	-1	
346	1	
347	-1	
348	-1	
349	-1	
350	-1	
351	-1	
352	-1	
353	-1	
354	1	
355	-1	
356	-1	
357	1	
358	1	
359	1	
361	-1	
362	1	
363	-1	
364	1	
365	-1	
367	1	
368	-1	
369	1	
370	-1	
371	-1	
372	-1	
373	-1	
374	-1	
375	-1	
376	-1	
377	-1	
378	-1	
379	1	
380	1	
382	1	
383	1	
384	-1	
385	1	
386	1	
387	1	
388	-1	
389	1	
390	1	
391	1	
392	-1	
393	-1	
394	-1	
396	-1	
397	1	
398	-1	
399	-1	
400	-1	
401	-1	
402	1	
403	-1	
404	-1	
405	1	
406	1	
407	-1	
408	-1	
409	-1	
410	-1	
411	-1	
412	-1	
413	1	
414	-1	
415	1	
416	1	
417	1	
418	-1	
419	-1	
420	1	
421	-1	
422	1	
424	-1	
425	-1	
426	1	
427	-1	
428	-1	
429	-1	
430	-1	
431	1	
432	-1	
433	-1	
434	1	
435	-1	
436	1	
437	1	
438	1	
439	-1	
440	-1	
441	-1	
442	1	
443	1	
444	-1	
445	-1	
446	1	
447	1	
448	1	
449	-1	
450	1	
451	-1	
452	1	
453	1	
454	1	
455	-1	
456	1	
457	-1	
458	-1	
459	1	
460	1	
461	1	
462	1	
463	-1	
464	1	
465	-1	
466	1	
467	1	
468	-1	
469	-1	
470	-1	
471	1	
472	-1	
473	1	
474	-1	
475	1	
476	1	
477	1	
478	1	
479	-1	
480	-1	
481	-1	
482	1	
483	1	
484	-1	
485	-1	
486	-1	
487	1	
488	1	
489	1	
490	-1	
491	1	
492	1	
493	-1	
494	-1	
495	-1	
496	1	
497	-1	
498	-1	
499	-1	
500	-1	
501	-1	
502	-1	
503	1	
504	-1	
505	1	
506	-1	
507	1	
508	1	
509	-1	
510	-1	
511	-1	
Js:	
0	4	4	
1	4	-5	
1	65	-5	
65	69	-6	
64	69	-5	
0	64	-3	
258	261	-5	
261	269	-3	
266	269	4	
266	271	3	
263	271	4	
258	263	-4	
130	134	6	
134	142	5	
139	142	-3	
139	143	5	
135	143	3	
130	135	-3	
281	287	-3	
282	287	3	
282	346	2	
346	350	4	
345	350	-3	
281	345	3	
168	173	-4	
170	173	4	
170	175	-3	
169	175	-5	
169	174	-5	
168	174	-3	
401	404	-3	
402	404	4	
402	406	-5	
400	406	-1	
400	405	4	
401	405	5	
249	253	6	
250	253	-6	
250	254	3	
251	254	5	
251	255	3	
249	255	-4	
440	447	4	
442	447	-3	
442	506	3	
506	511	-4	
504	511	5	
440	504	-2	
160	165	4	
163	165	5	
163	227	-3	
227	231	-3	
224	231	5	
160	224	-3	
154	156	-6	
155	156	3	
155	157	-4	
153	157	5	
153	159	4	
154	159	-3	
432	438	4	
435	438	2	
435	499	-6	
499	501	3	
496	501	4	
432	496	5	
201	205	-5	
203	205	4	
203	206	2	
200	206	-4	
200	207	-3	
201	207	-3	
145	148	-4	
147	148	-5	
147	149	-3	
146	149	-5	
146	150	1	
145	150	-3	
272	277	-5	
275	277	-3	
275	339	2	
339	340	-5	
336	340	-4	
272	336	-2	
344	348	5	
348	356	-5	
352	356	-2	
352	359	4	
351	359	2	
344	351	3	
232	237	-4	
237	245	-2	
243	245	3	
243	247	-3	
239	247	-2	
232	239	-5	
81	84	5	
82	84	1	
82	87	-5	
80	87	-3	
80	85	-3	
81	85	4	
424	429	-3	
425	429	-6	
425	430	-5	
427	430	-2	
427	431	4	
424	431	4	
18	21	5	
21	29	-2	
27	29	4	
27	30	3	
22	30	2	
18	22	4	
296	300	-4	
300	308	-2	
306	308	6	
306	310	4	
302	310	-3	
296	302	5	
474	476	4	
475	476	-5	
475	477	-6	
472	477	5	
472	479	5	
474	479	-4	
488	492	-4	
492	500	2	
497	500	-7	
497	502	-3	
494	502	1	
488	494	3	
89	92	-3	
92	100	2	
97	100	4	
97	103	-6	
95	103	3	
89	95	4	
480	484	-3	
483	484	5	
483	485	3	
482	485	6	
482	487	4	
480	487	2	
466	468	2	
467	468	5	
467	469	4	
464	469	4	
464	470	5	
466	470	-2	
385	390	-6	
390	398	4	
394	398	-6	
394	399	-4	
391	399	-5	
385	391	-4	
32	36	-4	
36	44	-2	
42	44	-2	
42	45	-5	
37	45	-3	
32	37	2	
209	212	4	
210	212	-4	
210	213	-3	
211	213	5	
211	215	-4	
209	215	-4	
264	268	-1	
265	268	5	
265	329	4	
329	334	5	
328	334	3	
264	328	5	
113	117	-3	
117	125	-6	
123	125	-2	
123	126	4	
118	126	-4	
113	118	-2	
66	68	-6	
68	76	-4	
73	76	5	
73	79	4	
71	79	-4	
66	71	4	
40	46	-5	
43	46	5	
43	107	3	
107	109	3	
104	109	-5	
40	104	-4	
176	181	3	
179	181	4	
179	182	2	
178	182	4	
178	183	1	
176	183	-5	
450	453	2	
453	461	-3	
457	461	5	
457	462	5	
454	462	-3	
450	454	-4	
297	301	-5	
301	309	5	
307	309	2	
307	311	-5	
303	311	2	
297	303	-2	
216	221	-4	
218	221	4	
218	223	-3	
219	223	6	
219	222	-2	
216	222	-3	
288	292	-3	
291	292	-5	
291	295	-5	
290	295	-4	
290	293	-3	
288	293	7	
369	374	4	
374	382	3	
376	382	4	
376	383	4	
375	383	2	
369	375	-6	
49	53	-6	
53	61	2	
58	61	5	
58	63	-4	
55	63	2	
49	55	4	
320	324	3	
322	324	-3	
322	327	-5	
323	327	-5	
323	325	3	
320	325	6	
8	14	2	
10	14	-4	
10	74	-4	
74	77	4	
72	77	-3	
8	72	4	
409	412	-3	
410	412	-5	
410	414	-3	
411	414	-5	
411	413	2	
409	413	6	
185	189	2	
187	189	-5	
187	190	3	
184	190	2	
184	191	6	
185	191	4	
192	196	4	
195	196	-3	
195	197	2	
194	197	6	
194	199	-5	
192	199	3	
416	420	-4	
419	420	5	
419	422	4	
418	422	6	
418	421	-4	
416	421	5	
24	28	4	
26	28	-4	
26	90	5	
90	94	-2	
88	94	-4	
24	88	4	
312	316	-4	
314	316	5	
314	319	2	
313	319	5	
313	317	5	
312	317	5	
362	364	-2	
364	372	3	
371	372	4	
371	373	-6	
365	373	-3	
362	365	6	
161	166	-3	
162	166	4	
162	226	-3	
226	228	-5	
225	228	2	
161	225	3	
273	278	-1	
274	278	5	
274	338	2	
338	343	-4	
337	343	4	
273	337	-2	
50	54	3	
51	54	-7	
51	115	2	
115	119	-2	
114	119	-4	
50	114	2	
449	452	5	
452	460	3	
458	460	4	
458	463	-5	
455	463	-3	
449	455	-5	
386	388	4	
388	396	-5	
392	396	-6	
392	397	-3	
389	397	-4	
386	389	-3	
441	444	-3	
443	444	6	
443	507	1	
507	510	6	
505	510	3	
441	505	2	
235	236	-5	
236	244	2	
242	244	5	
242	246	3	
238	246	2	
235	238	3	
34	39	-3	
35	39	-4	
35	99	5	
99	101	-2	
98	101	4	
34	98	-5	
9	12	-4	
12	20	4	
19	20	4	
19	23	-3	
15	23	5	
9	15	-5	
56	60	-5	
57	60	-4	
57	121	3	
121	127	-6	
120	127	-4	
56	120	-2	
2	5	4	
3	5	4	
3	67	6	
67	70	-6	
66	70	-3	
2	66	4	
426	428	5	
428	436	2	
434	436	-3	
434	439	3	
431	439	3	
426	431	4	
353	357	3	
355	357	3	
355	358	3	
354	358	-6	
354	359	-2	
353	359	-3	
106	108	3	
107	108	-3	
107	111	5	
105	111	-4	
105	110	3	
106	110	7	
489	493	4	
493	501	-3	
498	501	-2	
498	503	-5	
495	503	2	
489	495	4	
266	270	-5	
267	270	3	
267	331	-4	
331	332	-3	
330	332	-5	
266	330	3	
313	318	2	
315	318	6	
315	379	-4	
379	380	-4	
377	380	5	
313	377	4	
281	284	-3	
283	284	5	
283	285	-4	
280	285	-5	
280	286	4	
281	286	-5	
128	132	-4	
129	132	4	
129	193	-3	
193	198	-3	
192	198	-4	
128	192	-3	
257	260	-4	
259	260	4	
259	263	5	
256	263	-3	
256	262	6	
257	262	5	
137	141	-4	
138	141	5	
138	202	-6	
202	204	2	
201	204	-3	
137	201	2	
401	407	-3	
403	407	-4	
403	467	-2	
467	471	-2	
465	471	4	
401	465	-2	
298	302	-4	
299	302	3	
299	363	4	
363	367	5	
362	367	-6	
298	362	-3	
384	391	2	
387	391	-4	
387	451	5	
451	454	5	
448	454	3	
384	448	5	
240	246	6	
241	246	-4	
241	305	5	
305	311	-4	
304	311	-3	
240	304	-2	
339	341	2	
341	349	2	
347	349	-3	
347	350	-4	
342	350	-4	
339	342	2	
433	437	3	
437	445	5	
440	445	-3	
440	446	4	
438	446	2	
433	438	5	
25	30	-3	
30	38	-2	
33	38	5	
33	39	2	
31	39	-2	
25	31	5	
48	52	-3	
49	52	3	
49	113	2	
113	116	3	
112	116	-3	
48	112	-2	
75	77	-4	
77	85	3	
83	85	-4	
83	86	-4	
78	86	-3	
75	78	-4	
88	93	-3	
91	93	-4	
91	155	-2	
155	158	5	
152	158	-4	
88	152	-2	
177	180	5	
180	188	4	
186	188	4	
186	191	2	
183	191	-3	
177	183	1	
160	164	-3	
164	172	-5	
171	172	-5	
171	175	3	
167	175	-4	
160	167	-4	
208	212	3	
212	220	3	
217	220	-4	
217	222	5	
214	222	3	
208	214	3	
473	478	-3	
478	486	3	
481	486	-6	
481	487	-4	
479	487	1	
473	479	3	
11	13	4	
13	21	-1	
16	21	4	
16	23	-4	
11	15	-4	
136	142	-4	
142	150	2	
144	150	-5	
144	151	3	
143	151	-2	
136	143	3	
225	230	3	
227	230	5	
227	291	-2	
291	294	-4	
289	294	4	
225	289	-2	
321	326	5	
326	334	-3	
331	334	-5	
331	335	4	
327	335	-3	
321	327	3	
56	62	-3	
59	62	-4	
59	123	-3	
123	124	-5	
120	124	8	
130	133	-3	
131	133	-3	
131	134	2	
129	134	-4	
129	135	-4	
272	276	-3	
273	276	5	
273	279	-6	
275	279	-4	
275	278	-3	
272	278	-5	
400	404	-3	
404	412	5	
408	412	-4	
408	415	6	
407	415	3	
400	407	-6	
369	372	3	
370	372	-3	
370	374	-5	
368	374	-4	
368	373	-5	
369	373	-1	
248	252	5	
250	252	2	
249	254	-1	
248	254	-6	
169	173	-2	
170	234	-2	
234	237	-4	
233	237	3	
169	233	-3	
456	460	-5	
459	463	-4	
459	462	-4	
456	462	-2	
489	492	2	
491	492	-4	
491	493	4	
490	493	-1	
490	495	-3	
328	333	6	
329	333	-2	
329	393	-2	
393	397	6	
328	392	1	
41	44	-7	
44	52	2	
48	55	-3	
47	55	-2	
41	47	-1	
504	508	3	
507	508	-5	
507	509	2	
505	509	6	
505	511	4	
98	100	-3	
98	102	2	
96	102	4	
96	103	-2	
8	12	-5	
17	20	-2	
17	22	7	
14	22	-2	
314	317	-4	
314	378	3	
378	382	5	
312	376	-3	
219	220	3	
220	228	4	
226	229	4	
221	229	4	
219	221	-3	
352	357	-4	
353	417	4	
417	420	-4	
352	416	3	
2	4	-5	
1	5	3	
1	6	-3	
0	6	-5	
299	301	2	
361	367	4	
297	361	3	
112	117	-5	
121	125	-5	
119	127	4	
112	119	-2	
193	197	-3	
197	205	-4	
200	205	-3	
198	206	4	
433	436	3	
436	444	4	
443	445	-2	
307	308	3	
307	310	-2	
304	310	-4	
304	309	5	
306	309	-3	
9	13	3	
10	13	5	
74	79	-2	
9	73	3	
80	84	-5	
83	84	3	
83	87	-3	
82	86	-4	
80	86	-3	
477	485	-1	
482	486	3	
472	478	4	
321	324	4	
322	325	-3	
320	326	-4	
387	388	3	
451	452	3	
450	452	4	
386	450	-4	
156	164	-2	
163	164	-1	
157	165	2	
154	157	2	
40	47	6	
42	47	4	
42	106	-3	
104	108	-4	
176	180	3	
177	241	2	
241	245	-3	
240	245	3	
176	240	2	
184	188	-2	
185	188	-4	
185	190	3	
184	189	-4	
25	29	-3	
26	29	-3	
90	93	3	
89	93	3	
25	89	-4	
58	60	-3	
58	62	-6	
59	61	4	
57	61	4	
34	37	-4	
41	45	5	
41	46	3	
38	46	2	
34	38	4	
464	468	4	
465	468	-3	
465	469	-3	
466	469	5	
282	284	6	
284	292	1	
290	292	3	
290	294	-4	
286	294	2	
282	286	2	
267	268	-5	
267	269	-2	
264	269	-4	
264	271	-3	
265	271	-3	
64	70	4	
67	131	-1	
128	133	5	
64	128	1	
146	151	-4	
145	151	4	
496	500	2	
497	503	-1	
499	503	4	
499	502	-4	
496	502	4	
234	236	-4	
232	238	3	
234	239	3	
338	340	-2	
338	342	-4	
337	342	3	
337	341	4	
336	341	5	
209	213	-3	
210	215	3	
208	215	-4	
209	214	3	
285	293	2	
288	295	2	
287	295	-3	
283	287	2	
344	349	5	
347	411	-4	
408	414	3	
344	408	2	
258	260	-3	
259	262	-2	
256	261	3	
152	159	-4	
153	217	3	
217	223	-3	
216	223	2	
152	216	-4	
427	428	-4	
427	491	3	
491	494	5	
490	494	-5	
426	490	5	
114	116	-4	
115	116	-2	
115	179	-4	
178	181	-4	
114	178	-5	
377	383	4	
378	383	-5	
378	442	3	
441	447	4	
377	441	-3	
196	204	4	
203	204	4	
203	207	3	
199	207	-2	
195	199	-5	
244	252	-4	
248	255	-3	
247	255	-5	
242	247	-3	
410	413	4	
410	474	-2	
473	476	-4	
409	473	-3	
35	36	4	
99	102	-4	
32	96	2	
72	78	-4	
75	139	2	
139	141	-4	
136	141	-3	
72	136	-2	
421	429	2	
422	430	4	
368	375	-3	
371	375	-3	
371	435	-1	
435	439	3	
432	439	-3	
368	432	-2	
384	390	-3	
385	449	4	
448	455	5	
329	332	-2	
330	394	1	
393	399	-4	
346	348	-3	
354	356	3	
350	358	2	
24	31	-3	
27	31	3	
27	91	5	
91	94	-3	
162	164	-5	
171	174	-2	
166	174	6	
419	483	4	
481	484	-3	
417	481	-4	
105	109	-5	
106	111	-2	
104	111	2	
457	460	4	
459	461	-5	
456	461	4	
161	167	4	
225	231	-5	
298	300	-3	
298	303	4	
299	303	-5	
48	53	-4	
51	53	-2	
50	55	-5	
498	500	3	
500	508	3	
506	508	4	
506	510	-4	
502	510	-3	
498	502	-3	
313	316	2	
314	318	-6	
315	319	4	
65	68	5	
64	71	5	
397	405	-2	
403	405	3	
403	406	5	
398	406	3	
393	398	2	
274	276	-3	
274	277	4	
355	356	4	
356	364	2	
361	364	6	
361	365	-4	
357	365	3	
16	20	5	
18	20	2	
19	22	-2	
74	76	-3	
74	138	2	
138	143	-2	
137	143	3	
73	137	4	
84	92	4	
90	92	-4	
90	95	3	
87	95	4	
81	87	3	
116	124	-4	
120	126	3	
114	118	-3	
345	351	-6	
280	344	-2	
330	333	-3	
333	341	2	
336	343	1	
335	343	3	
330	335	5	
372	380	3	
379	382	-4	
5	13	-3	
11	14	-5	
6	14	-2	
3	6	5	
227	229	4	
229	237	-1	
233	238	4	
230	238	2	
25	28	5	
28	36	1	
33	36	-5	
33	37	4	
29	37	-1	
177	181	3	
181	189	-4	
186	189	3	
186	190	-5	
182	190	-5	
177	182	4	
384	389	4	
387	389	-4	
451	453	4	
448	453	-4	
443	446	-4	
434	438	-5	
260	268	3	
266	268	2	
262	270	-2	
424	430	-5	
426	430	-2	
424	488	4	
411	415	4	
411	475	2	
408	472	1	
153	158	-3	
154	158	-3	
154	218	3	
218	222	3	
204	212	2	
211	212	2	
211	214	3	
206	214	2	
202	206	-2	
241	247	2	
243	307	-4	
394	396	-3	
396	404	1	
130	132	5	
130	194	-1	
193	199	3	
81	86	2	
81	145	2	
145	149	-2	
144	149	-4	
80	144	2	
96	100	-4	
99	100	3	
99	103	-2	
97	101	-2	
96	101	-4	
289	293	-5	
289	295	-2	
288	294	3	
187	191	-3	
187	251	3	
251	253	-3	
185	249	-5	
467	470	5	
464	471	-3	
466	471	-5	
168	175	4	
233	239	3	
168	232	3	
43	44	3	
43	47	-4	
257	261	5	
259	261	-4	
259	323	1	
323	324	-5	
257	321	-2	
501	509	-3	
506	509	-3	
503	511	3	
496	503	-3	
417	421	5	
480	486	-3	
416	480	3	
59	63	-3	
57	63	-4	
425	431	3	
425	489	-4	
488	495	3	
298	301	1	
75	76	2	
75	79	-5	
65	71	2	
304	308	-2	
305	308	-3	
305	369	-2	
304	368	2	
218	282	-4	
280	287	-4	
216	280	2	
24	30	-4	
35	38	1	
325	333	3	
322	326	-4	
226	231	-2	
223	231	-2	
483	487	-3	
480	485	-5	
345	348	1	
347	348	-3	
346	349	2	
346	351	3	
144	148	2	
146	148	-5	
146	210	-2	
208	213	4	
144	208	2	
113	119	-5	
115	118	-5	
112	118	4	
161	165	-3	
165	173	3	
442	446	-5	
376	440	-3	
203	267	1	
265	269	4	
201	265	-1	
435	437	3	
441	445	-5	
439	447	3	
264	270	-4	
270	278	3	
274	279	2	
271	279	-2	
385	389	-3	
449	453	3	
240	244	2	
243	244	-3	
242	245	5	
178	180	3	
179	180	2	
179	183	5	
176	182	3	
251	252	-3	
251	315	1	
312	319	-3	
248	312	-1	
93	101	3	
94	102	4	
89	94	-3	
337	340	-2	
339	343	5	
51	52	5	
50	53	3	
131	132	5	
131	195	3	
195	198	3	
355	359	4	
355	419	-3	
354	418	-2	
504	509	-4	
147	150	-5	
150	158	2	
151	159	-4	
147	151	-1	
17	21	2	
19	21	-4	
19	83	-5	
17	81	4	
170	172	3	
171	235	-2	
67	69	1	
69	77	3	
70	78	3	
276	284	-2	
277	285	-4	
138	142	-1	
202	207	6	
136	200	-4	
105	108	4	
107	110	-3	
456	463	5	
403	404	2	
11	12	2	
8	13	-2	
307	371	-2	
370	373	-3	
306	370	-2	
121	126	5	
292	300	3	
296	303	3	
295	303	2	
2	6	3	
0	5	-4	
27	28	3	
91	92	2	
258	322	2	
320	327	2	
256	320	1	
186	250	4	
184	248	-4	
392	399	-3	
386	391	-3	
468	476	3	
475	479	3	
471	479	-2	
133	141	4	
137	142	-5	
434	498	5	
433	497	-4	
363	365	2	
363	427	-2	
362	426	-1	
324	332	-3	
162	167	2	
163	167	3	
289	353	2	
353	358	4	
352	358	3	
288	352	2	
315	317	-2	
448	452	-1	
449	454	-1	
450	455	4	
59	60	-4	
56	63	5	
147	211	3	
145	209	3	
490	492	4	
488	493	4	
408	413	2	
410	415	2	
34	36	2	
32	39	6	
32	38	-4	
152	156	3	
155	159	2	
43	45	-3	
42	46	-4	
18	82	-5	
16	80	-4	
194	196	-3	
200	204	-3	
216	220	3	
224	228	4	
224	230	-3	
222	230	-2	
308	316	-2	
309	317	2	
17	23	-3	
10	15	-3	
432	437	3	
363	364	5	
427	429	-3	
361	425	1	
129	133	-3	
475	478	-2	
474	478	4	
474	477	2	
473	477	-3	
123	127	-4	
392	398	-3	
402	407	2	
402	466	2	
400	464	2	
97	102	3	
91	95	-2	
67	71	-3	
250	255	3	
458	462	4	
107	171	1	
168	172	-3	
104	168	-1	
305	310	-3	
310	318	2	
311	319	2	
328	332	3	
332	340	2	
279	287	3	
483	486	3	
507	511	4	
504	510	-2	
233	236	3	
213	221	2	
215	223	2	
440	444	2	
433	439	-3	
243	246	2	
82	85	-2	
345	349	-3	
349	357	3	
24	29	5	
128	135	4	
131	135	-4	
371	374	-2	
334	342	-1	
329	335	3	
211	275	-1	
275	276	3	
209	273	1	
48	54	4	
49	54	1	
291	355	-1	
290	354	-3	
161	164	2	
163	166	2	
256	260	-4	
35	37	4	
420	428	-2	
424	428	-4	
416	422	-3	
299	300	2	
297	302	-2	
379	383	-3	
379	443	-3	
441	446	-1	
72	79	-3	
405	413	-2	
409	414	-3	
406	414	2	
323	326	-2	
323	387	2	
387	390	-2	
320	384	-2	
283	286	-4	
283	347	-1	
148	156	2	
153	156	-2	
149	157	-4	
66	69	3	
139	203	-4	
106	170	2	
105	169	-2	
88	92	3	
465	470	4	
378	380	2	
385	388	2	
393	396	-3	
193	196	4	
194	258	3	
257	263	-2	
193	257	2	
56	61	3	
225	229	3	
226	230	3	
121	124	1	
353	356	-2	
419	421	-2	
246	254	-3	
74	78	-3	
210	214	4	
210	274	2	
208	272	2	
201	206	-4	
267	271	3	
218	220	-1	
217	281	-2	
484	492	4	
491	495	2	
487	495	4	
89	153	1	
296	301	-5	
442	445	-3	
505	508	-3	
187	188	-4	
160	166	-2	
429	437	-1	
394	458	-3	
392	456	2	
340	348	3	
344	350	-1	
336	342	4	
26	30	4	
26	31	4	
23	31	1	
315	316	3	
321	325	-3	
245	253	-2	
11	75	-3	
50	52	-3	
235	237	-4	
235	239	-2	
234	238	4	
338	341	-3	
339	403	2	
338	402	-3	
376	380	4	
3	4	3	
418	420	3	
418	482	3	
481	485	-1	
113	177	-3	
347	351	3	
346	410	2	
152	157	-1	
265	270	-1	
370	375	-4	
426	429	3	
489	494	2	
194	198	2	
281	285	2	
40	44	2	
394	397	-3	
98	103	3	
72	76	-2	
228	236	2	
232	236	-2	
231	239	-1	
64	68	-2	
67	68	-1	
65	70	2	
289	292	3	
435	436	3	
202	266	1	
200	264	-1	
497	501	3	
99	163	2	
96	160	2	
155	219	-2	
249	252	-2	
384	388	-4	
20	28	1	
368	372	-2	
273	277	-3	
172	180	1	
173	181	-2	
171	173	-5	
120	125	-3	
330	334	-1	
443	447	-2	
234	298	3	
297	300	-4	
233	297	-2	
100	108	2	
103	111	-2	
401	406	2	
106	109	1	
170	174	4	
280	284	1	
459	460	-3	
432	436	3	
159	167	-1	
224	288	-1	
322	386	1	
386	390	-3	
321	385	1	
486	494	-2	
8	15	-3	
46	54	1	
51	55	2	
359	367	-3	
195	259	-2	
101	109	3	
104	110	4	
102	110	-1	
451	455	-1	
73	77	1	
377	382	2	
158	166	1	
258	262	3	
369	433	2	
278	286	1	
343	351	1	
179	243	1	
240	247	-3	
45	53	1	
86	94	2	
9	14	-3	
226	290	-1	
485	493	2	
306	311	2	
85	93	2	
434	437	-3	
57	62	-3	
409	415	-1	
402	405	-2	
337	401	3	
472	476	1	
476	484	-1	
482	484	2	
115	117	-3	
241	244	-2	
312	318	-2	
192	197	3	
73	78	-1	
40	45	-1	
18	23	-2	
128	134	-1	
4	12	-1	
10	12	2	
336	400	-2	
411	412	-1	
458	461	2	
457	463	1	
83	147	-1	
235	299	-2	
272	279	-1	
169	172	1	
219	283	-2	
112	176	2	
305	309	1	
417	422	1	
90	154	1	
98	162	1	
162	165	1	
97	161	-1	
354	357	-2	
331	333	-2	
224	229	2	
470	478	2	
54	62	-2	
108	116	2	
109	117	-1	
269	277	1	
178	242	1	
88	95	-2	
294	302	-1	
192	256	-1	
442	444	-1	
52	60	-2	
393	457	1	
345	409	-2	
82	146	-1	
39	47	-1	
175	183	-1	
268	276	2	
282	285	-1	
217	221	1	
111	119	-1	
33	97	-2	
202	205	-1	
205	213	1	
207	215	-1	
460	468	-1	
461	469	1	
499	500	-1	
232	296	1	
227	228	-1	
370	434	1	
248	253	-1	
291	293	1	
469	477	-1	
242	306	-1	
16	22	-1	
425	428	-1	
Energy:	-3324	
