NumberOfQubits	504	
NumberOfSubgraphs	840	
Serial	187	
PlantedSolution:	
0	1	
1	1	
2	-1	
3	-1	
4	1	
5	1	
6	-1	
8	-1	
9	-1	
10	-1	
11	-1	
12	-1	
13	1	
14	-1	
15	-1	
16	-1	
17	1	
18	-1	
19	-1	
20	-1	
21	1	
22	-1	
23	-1	
24	1	
25	1	
26	-1	
27	-1	
28	1	
29	1	
30	-1	
31	-1	
32	-1	
33	1	
34	1	
35	1	
36	1	
37	-1	
38	-1	
39	1	
40	-1	
41	1	
42	-1	
43	-1	
44	1	
45	-1	
46	1	
47	-1	
48	-1	
49	1	
50	-1	
51	1	
52	1	
53	-1	
54	1	
55	1	
56	1	
57	-1	
58	1	
59	-1	
60	1	
61	1	
62	1	
63	-1	
64	-1	
65	1	
66	-1	
67	-1	
68	1	
69	1	
70	-1	
71	-1	
72	-1	
73	-1	
74	-1	
75	-1	
76	1	
77	-1	
78	-1	
79	1	
80	1	
81	-1	
82	1	
83	1	
84	1	
85	1	
86	1	
87	-1	
88	1	
89	1	
90	-1	
91	-1	
92	-1	
93	-1	
94	1	
95	1	
96	1	
97	-1	
98	1	
99	-1	
100	1	
101	1	
102	1	
103	1	
104	-1	
105	-1	
106	-1	
107	1	
108	-1	
109	-1	
110	-1	
111	1	
112	1	
113	1	
114	-1	
115	1	
116	-1	
117	1	
118	-1	
119	1	
120	1	
121	-1	
123	1	
124	1	
125	1	
126	-1	
127	-1	
128	-1	
129	-1	
130	1	
131	-1	
132	1	
133	-1	
134	1	
135	-1	
136	-1	
137	1	
138	-1	
139	1	
141	1	
142	-1	
143	-1	
144	1	
145	1	
146	1	
147	-1	
148	1	
149	-1	
150	-1	
151	1	
152	-1	
153	-1	
154	-1	
155	1	
156	-1	
157	-1	
158	-1	
159	-1	
160	-1	
161	-1	
162	-1	
163	-1	
164	1	
165	1	
166	-1	
167	1	
168	-1	
169	1	
170	1	
171	1	
172	-1	
173	1	
174	-1	
175	1	
176	-1	
177	-1	
178	1	
179	1	
180	-1	
181	-1	
182	-1	
183	1	
184	1	
185	-1	
186	1	
187	1	
188	-1	
189	-1	
190	1	
191	1	
192	1	
193	-1	
194	-1	
195	-1	
196	-1	
197	1	
198	1	
199	-1	
200	1	
201	1	
202	-1	
203	-1	
204	1	
205	1	
206	-1	
207	1	
208	1	
209	-1	
210	1	
211	1	
212	-1	
213	-1	
214	-1	
215	1	
216	-1	
217	1	
218	1	
219	-1	
220	-1	
221	-1	
222	1	
223	1	
224	1	
225	1	
226	1	
227	1	
228	-1	
229	-1	
230	-1	
231	-1	
232	-1	
233	-1	
234	1	
235	-1	
236	-1	
237	-1	
238	-1	
239	-1	
240	-1	
241	1	
242	1	
243	1	
244	-1	
245	1	
246	-1	
247	-1	
248	1	
249	1	
250	1	
251	1	
252	1	
253	1	
254	1	
255	-1	
256	1	
257	1	
258	-1	
259	-1	
260	1	
261	1	
262	-1	
263	1	
264	1	
265	1	
266	-1	
267	1	
268	-1	
269	1	
270	-1	
271	-1	
272	1	
273	1	
274	-1	
275	-1	
276	-1	
277	1	
278	-1	
279	1	
280	-1	
281	-1	
282	1	
283	-1	
284	-1	
285	-1	
286	1	
287	-1	
288	-1	
289	1	
290	1	
291	1	
292	1	
293	-1	
294	1	
295	1	
296	1	
297	-1	
298	-1	
299	-1	
300	-1	
301	1	
302	-1	
303	-1	
304	1	
305	-1	
306	-1	
307	1	
308	-1	
309	-1	
310	1	
311	-1	
312	-1	
313	-1	
314	1	
315	-1	
316	-1	
317	1	
318	1	
319	1	
320	-1	
321	1	
322	-1	
323	-1	
324	1	
325	1	
326	1	
327	1	
328	1	
329	1	
330	1	
331	-1	
332	-1	
333	-1	
334	-1	
335	1	
336	1	
337	-1	
338	-1	
339	1	
340	1	
341	-1	
342	-1	
343	-1	
344	1	
345	1	
346	1	
347	-1	
348	1	
349	-1	
350	1	
351	-1	
352	1	
353	-1	
354	1	
355	1	
356	1	
357	1	
358	1	
359	1	
361	-1	
362	-1	
363	1	
364	1	
365	1	
367	-1	
368	-1	
369	1	
370	-1	
371	-1	
372	-1	
373	-1	
374	-1	
375	-1	
376	-1	
377	1	
378	1	
379	-1	
380	-1	
382	1	
383	1	
384	-1	
385	-1	
386	-1	
387	1	
388	1	
389	1	
390	-1	
391	1	
392	1	
393	1	
394	-1	
396	-1	
397	-1	
398	-1	
399	1	
400	1	
401	-1	
402	-1	
403	1	
404	-1	
405	-1	
406	1	
407	-1	
408	-1	
409	1	
410	-1	
411	1	
412	-1	
413	-1	
414	-1	
415	1	
416	-1	
417	-1	
418	-1	
419	-1	
420	-1	
421	-1	
422	1	
424	-1	
425	1	
426	1	
427	1	
428	-1	
429	-1	
430	1	
431	-1	
432	-1	
433	-1	
434	-1	
435	1	
436	-1	
437	1	
438	1	
439	-1	
440	1	
441	1	
442	1	
443	-1	
444	1	
445	1	
446	1	
447	1	
448	-1	
449	1	
450	-1	
451	1	
452	-1	
453	1	
454	1	
455	1	
456	1	
457	-1	
458	1	
459	1	
460	1	
461	1	
462	1	
463	-1	
464	-1	
465	1	
466	1	
467	1	
468	-1	
469	1	
470	1	
471	-1	
472	1	
473	-1	
474	1	
475	1	
476	1	
477	1	
478	1	
479	1	
480	-1	
481	-1	
482	1	
483	1	
484	1	
485	1	
486	1	
487	-1	
488	-1	
489	-1	
490	1	
491	-1	
492	-1	
493	-1	
494	1	
495	1	
496	-1	
497	-1	
498	1	
499	1	
500	-1	
501	-1	
502	1	
503	-1	
504	1	
505	1	
506	1	
507	-1	
508	-1	
509	1	
510	1	
511	-1	
Js:	
226	229	4	
227	229	3	
227	291	-3	
291	293	5	
290	293	3	
226	290	-2	
168	173	7	
171	173	-3	
171	175	-6	
170	175	5	
170	174	5	
168	174	-2	
8	12	-5	
9	12	-5	
9	15	-4	
11	15	-6	
11	13	5	
8	13	6	
89	94	-5	
91	94	3	
91	155	3	
155	156	4	
153	156	-6	
89	153	3	
266	268	-6	
268	276	-4	
274	276	-3	
274	278	-5	
270	278	-4	
266	270	4	
289	292	-4	
292	300	3	
297	300	-4	
297	303	-6	
295	303	-2	
289	295	-5	
472	477	-4	
474	477	-4	
474	479	-4	
475	479	-5	
475	478	4	
472	478	-5	
241	244	6	
242	244	5	
242	247	5	
240	247	-4	
240	246	-4	
241	246	5	
82	85	-6	
83	85	-4	
83	86	-5	
80	86	2	
80	87	5	
82	87	5	
272	279	-4	
275	279	1	
275	339	6	
339	340	-3	
336	340	-7	
272	336	3	
305	308	-7	
307	308	2	
307	310	-6	
306	310	4	
306	311	-4	
305	311	-4	
403	404	6	
404	412	-3	
409	412	4	
409	413	5	
405	413	-4	
403	405	3	
88	92	-5	
90	92	-1	
90	154	-4	
154	159	-7	
152	159	-3	
88	152	4	
56	62	-3	
59	62	3	
59	123	2	
123	127	-4	
120	127	7	
56	120	-4	
418	420	-6	
419	420	-4	
419	483	6	
483	486	5	
482	486	-4	
418	482	4	
376	382	7	
377	382	-5	
377	441	-2	
441	446	-5	
440	446	-4	
376	440	-1	
488	493	-3	
493	501	-4	
499	501	-3	
499	503	3	
495	503	3	
488	495	4	
369	372	3	
371	372	-4	
371	375	3	
370	375	-6	
370	374	-7	
369	374	4	
99	100	5	
100	108	2	
104	108	-5	
104	109	-5	
101	109	5	
99	101	4	
256	260	-5	
259	260	4	
259	261	4	
258	261	5	
258	263	2	
256	263	-5	
344	348	-6	
347	348	3	
347	349	-4	
345	349	-4	
345	351	5	
344	351	3	
505	508	6	
506	508	5	
506	509	-5	
507	509	6	
507	511	-5	
505	511	-4	
194	196	-3	
195	196	-6	
195	197	4	
193	197	5	
193	199	-7	
194	199	-5	
72	76	4	
74	76	-4	
74	79	4	
73	79	6	
73	77	-5	
72	77	-5	
432	436	-5	
435	436	6	
435	437	-6	
434	437	3	
434	438	5	
432	438	4	
211	212	4	
212	220	3	
219	220	-5	
219	221	-1	
213	221	-3	
211	213	3	
185	188	-5	
187	188	4	
187	190	4	
186	190	-6	
186	189	4	
185	189	-5	
314	317	-4	
315	317	-3	
315	379	-4	
379	380	-6	
378	380	6	
314	378	-6	
457	460	7	
458	460	2	
458	462	-7	
459	462	-5	
459	461	-4	
457	461	5	
465	468	3	
467	468	6	
467	470	-3	
466	470	2	
466	469	-5	
465	469	-5	
321	324	-3	
322	324	6	
322	325	5	
320	325	-4	
320	326	4	
321	326	-5	
138	143	-4	
139	143	5	
139	203	4	
203	204	5	
202	204	3	
138	202	-4	
17	20	4	
20	28	3	
25	28	-4	
25	30	4	
22	30	-2	
17	22	6	
449	452	-5	
451	452	4	
451	454	-4	
448	454	4	
448	455	2	
449	455	-2	
232	237	-4	
235	237	-4	
235	238	-3	
234	238	5	
234	239	4	
232	239	6	
386	390	-4	
390	398	-6	
392	398	-6	
392	399	-5	
391	399	-6	
386	391	4	
112	119	-2	
115	119	-6	
115	179	-2	
179	183	-6	
176	183	-2	
112	176	4	
352	357	-4	
353	357	6	
353	358	5	
354	358	-6	
354	359	-5	
352	359	4	
128	132	3	
129	132	7	
129	134	5	
130	134	-4	
130	133	4	
128	133	-4	
416	421	-4	
421	429	-2	
426	429	-2	
426	430	-6	
422	430	-1	
416	422	5	
328	332	6	
329	332	5	
329	333	4	
330	333	5	
330	334	-4	
328	334	5	
51	52	-7	
52	60	-3	
58	60	-8	
58	61	-4	
53	61	2	
51	53	-4	
145	148	-5	
147	148	4	
147	151	5	
146	151	-3	
146	149	3	
145	149	4	
42	44	7	
43	44	4	
43	46	3	
41	46	-5	
41	45	7	
42	45	-3	
249	252	-4	
251	252	-6	
251	253	-6	
250	253	-3	
250	255	7	
249	255	-6	
281	284	-3	
282	284	-4	
282	285	6	
283	285	-2	
283	286	5	
281	286	5	
33	36	-5	
35	36	-6	
35	37	5	
32	37	6	
32	39	4	
33	39	-7	
19	21	2	
21	29	2	
27	29	3	
27	31	-5	
23	31	-1	
19	23	-6	
1	6	5	
3	6	-6	
3	67	4	
67	70	-5	
65	70	6	
1	65	-5	
162	164	5	
163	164	4	
163	165	3	
161	165	5	
161	166	4	
162	166	-3	
489	492	-4	
492	500	-1	
496	500	3	
496	502	5	
494	502	-2	
489	494	6	
97	102	4	
102	110	4	
106	110	-4	
106	111	-4	
103	111	-3	
97	103	7	
210	214	3	
214	222	-1	
217	222	-6	
217	223	-2	
215	223	-3	
210	215	-5	
361	365	7	
363	365	-5	
363	427	-3	
427	428	3	
425	428	5	
361	425	3	
136	142	2	
137	142	6	
137	201	-4	
201	206	4	
200	206	3	
136	200	4	
387	388	-4	
388	396	5	
393	396	-5	
393	397	4	
389	397	3	
387	389	-6	
114	116	-3	
116	124	6	
121	124	3	
121	126	-6	
118	126	-6	
114	118	-5	
0	5	-5	
2	5	4	
2	66	4	
66	68	6	
64	68	4	
0	64	5	
401	406	4	
406	414	4	
411	414	4	
411	415	-3	
407	415	-3	
401	407	-5	
288	293	-4	
293	301	-1	
298	301	4	
298	302	-4	
294	302	4	
288	294	4	
49	55	-4	
50	55	3	
50	114	-6	
114	117	-3	
113	117	-3	
49	113	-5	
312	316	-6	
315	316	-5	
315	319	-4	
313	319	6	
313	318	4	
312	318	6	
169	172	5	
172	180	-2	
177	180	-4	
177	181	1	
173	181	1	
169	173	-5	
264	269	-5	
265	269	-5	
265	270	3	
267	270	5	
267	271	6	
264	271	-4	
480	484	-5	
481	484	5	
481	487	-2	
482	487	7	
482	485	-3	
480	485	4	
442	444	-5	
443	444	6	
443	447	2	
441	447	-5	
441	445	-4	
442	445	-8	
331	334	-4	
334	342	2	
338	342	-2	
338	343	-6	
335	343	3	
331	335	7	
225	228	6	
227	228	6	
227	230	4	
224	230	4	
224	231	3	
225	231	-3	
355	356	-6	
356	364	2	
362	364	5	
362	367	-7	
359	367	2	
355	359	-4	
450	453	3	
453	461	-3	
456	461	-2	
456	463	4	
455	463	-6	
450	455	4	
48	54	4	
54	62	-3	
57	62	6	
57	63	-3	
55	63	-2	
48	55	4	
75	76	4	
76	84	-3	
81	84	6	
81	86	7	
78	86	-2	
75	78	-2	
368	373	-6	
369	373	5	
369	433	4	
433	439	-2	
432	439	-3	
368	432	2	
257	262	-4	
259	262	-5	
259	323	-3	
323	327	2	
321	327	-5	
257	321	-2	
240	245	6	
243	245	-6	
243	307	1	
307	309	2	
304	309	5	
240	304	1	
216	221	-4	
218	221	6	
218	282	-4	
282	287	3	
280	287	-5	
216	280	-3	
96	100	-4	
98	100	3	
98	162	2	
162	167	4	
160	167	3	
96	160	2	
337	341	-3	
341	349	-2	
346	349	4	
346	350	-4	
342	350	-2	
337	342	-5	
400	405	5	
402	405	-3	
402	466	5	
466	471	5	
464	471	-3	
400	464	-3	
128	135	-5	
131	135	-5	
131	195	-2	
195	198	-4	
192	198	-6	
128	192	3	
144	149	5	
149	157	-4	
154	157	-3	
154	158	-3	
150	158	2	
144	150	4	
184	191	-6	
187	191	-4	
187	251	-2	
251	254	-4	
248	254	-8	
184	248	3	
208	214	4	
209	214	6	
209	273	2	
273	277	-4	
272	277	-4	
208	272	-2	
34	38	5	
38	46	2	
40	46	5	
40	47	-4	
39	47	3	
34	39	-4	
408	415	5	
409	415	-3	
409	473	4	
473	476	4	
472	476	5	
408	472	2	
497	502	3	
502	510	3	
504	510	-6	
504	511	3	
503	511	-3	
497	503	-4	
10	12	-4	
12	20	-2	
18	20	-4	
18	22	-5	
14	22	2	
10	14	-7	
24	29	-6	
26	29	3	
26	90	2	
90	93	-7	
88	93	3	
24	88	-2	
233	236	-4	
235	236	-7	
235	299	3	
299	303	-4	
233	297	-4	
424	431	-3	
427	431	6	
427	491	-2	
491	492	-5	
488	492	-5	
424	488	-5	
67	68	3	
67	69	3	
65	69	2	
65	71	4	
64	71	-4	
385	388	4	
387	391	4	
384	391	3	
384	389	4	
385	389	3	
137	141	-4	
138	141	-5	
202	207	3	
201	207	-5	
43	45	-4	
43	107	2	
107	111	5	
105	111	4	
41	105	3	
176	181	-5	
178	181	5	
178	182	6	
177	182	-4	
177	183	5	
410	413	-4	
413	421	-1	
417	421	-6	
417	422	-4	
414	422	3	
410	414	-4	
27	30	-7	
27	91	2	
91	95	5	
89	95	-3	
25	89	-2	
203	205	3	
205	213	2	
210	213	5	
207	215	-3	
203	207	-3	
425	429	5	
426	490	-6	
490	494	-4	
425	489	3	
112	117	-4	
117	125	-6	
123	125	-5	
123	126	6	
112	118	-4	
291	292	-3	
296	300	5	
296	302	5	
291	294	2	
368	372	-3	
372	380	2	
376	380	-3	
376	383	5	
375	383	4	
368	375	-2	
392	396	5	
394	396	-2	
394	397	-7	
393	398	3	
16	23	6	
19	83	4	
83	84	-2	
80	84	-5	
16	80	3	
435	499	-4	
499	500	6	
498	500	3	
434	498	-4	
1	4	-4	
2	4	7	
2	6	-3	
3	5	6	
1	5	-4	
256	262	4	
258	262	-3	
258	322	2	
320	324	5	
256	320	3	
152	157	-6	
157	165	1	
163	166	-6	
158	166	-3	
152	158	1	
168	172	-5	
169	174	4	
168	175	3	
504	509	-4	
505	510	-4	
130	132	7	
131	134	2	
131	133	-6	
129	133	-4	
275	278	3	
339	343	4	
274	338	-3	
139	142	5	
142	150	1	
144	151	-6	
143	151	3	
9	13	4	
10	15	-3	
9	14	4	
314	316	5	
313	317	5	
312	319	3	
257	260	-2	
260	268	-1	
267	268	1	
263	271	4	
257	263	-6	
34	36	-3	
35	38	7	
33	37	3	
280	285	-3	
281	285	-3	
281	345	4	
280	344	2	
352	356	-3	
355	357	3	
352	358	-3	
219	222	4	
222	230	-5	
223	231	2	
219	223	6	
186	188	5	
186	250	-4	
185	249	3	
50	52	4	
49	53	5	
49	54	-4	
50	54	4	
456	460	-4	
460	468	2	
464	468	-5	
464	470	-7	
462	470	-2	
456	462	-5	
192	196	3	
196	204	4	
200	204	-4	
200	205	-5	
197	205	-4	
192	197	5	
347	350	6	
347	411	2	
411	412	3	
410	412	3	
346	410	3	
475	477	-4	
477	485	-3	
480	487	2	
479	487	5	
424	430	6	
430	438	-3	
433	438	4	
431	439	5	
236	244	1	
242	245	-4	
237	245	3	
233	237	-5	
266	269	-2	
266	330	5	
265	329	-5	
401	404	-4	
403	407	4	
402	407	2	
402	406	6	
440	447	6	
440	445	-3	
105	109	-3	
105	110	-5	
99	102	3	
57	60	3	
59	60	5	
59	63	-7	
56	63	5	
56	61	-5	
57	61	6	
306	308	-4	
306	309	-4	
304	311	-2	
66	69	3	
69	77	4	
71	79	-4	
66	71	-5	
232	238	-4	
238	246	-4	
241	247	3	
239	247	-2	
450	452	-5	
450	454	3	
448	453	5	
449	453	-4	
156	164	-2	
161	164	3	
161	167	5	
159	167	2	
155	159	4	
417	420	-3	
481	486	3	
417	481	-7	
361	364	4	
363	367	5	
17	21	-6	
18	21	-3	
18	82	3	
81	85	3	
17	81	2	
113	116	5	
120	124	-6	
119	127	6	
113	119	-2	
147	211	3	
209	212	-3	
145	209	5	
40	44	4	
42	106	1	
106	108	-5	
40	104	-4	
273	276	4	
276	284	-2	
283	284	-5	
283	287	-4	
279	287	6	
273	279	-3	
225	229	4	
290	295	-3	
225	289	3	
179	182	3	
182	190	4	
184	190	-4	
183	191	-4	
72	78	-3	
74	78	-5	
74	138	-3	
136	141	6	
72	136	-5	
332	340	3	
336	341	3	
333	341	-2	
328	333	4	
491	493	-6	
497	501	-4	
491	495	-4	
374	382	4	
379	382	-3	
379	383	4	
393	399	-4	
394	399	3	
394	458	3	
458	463	2	
457	463	2	
393	457	4	
323	326	5	
326	334	3	
327	335	-4	
91	93	-4	
93	101	-2	
97	101	4	
95	103	-3	
386	389	-4	
385	391	5	
385	390	-3	
384	390	-5	
473	478	3	
474	478	-5	
193	196	-4	
194	198	5	
24	28	-3	
26	28	8	
26	31	-5	
25	31	-4	
25	29	-6	
298	300	4	
298	303	-3	
299	301	8	
296	301	-4	
248	253	-4	
249	254	-3	
467	469	-5	
467	471	3	
465	470	-5	
216	220	-4	
217	220	4	
218	222	-2	
354	418	3	
418	422	2	
352	416	2	
32	38	-2	
34	98	-4	
98	102	-6	
96	102	-3	
32	96	4	
178	180	4	
180	188	-3	
184	188	3	
184	189	-4	
181	189	-3	
434	436	-3	
498	502	-5	
432	496	-4	
0	4	-4	
4	12	3	
8	14	-1	
6	14	2	
0	6	4	
314	318	-3	
378	383	-3	
377	383	-4	
313	377	-4	
304	310	3	
307	371	4	
371	373	-5	
304	368	5	
115	117	4	
121	125	6	
121	127	-3	
68	76	-3	
70	78	-5	
83	87	5	
203	206	-4	
206	214	-2	
208	215	-3	
275	277	6	
339	341	5	
273	337	2	
107	108	4	
107	171	-2	
170	173	2	
106	170	2	
160	164	2	
160	166	-3	
153	158	-4	
46	54	-2	
47	55	2	
424	428	-4	
426	428	4	
490	493	2	
442	446	-1	
443	446	6	
443	507	2	
507	508	-3	
442	506	-2	
84	92	2	
88	94	-3	
86	94	-2	
400	404	3	
408	412	-5	
408	414	-3	
400	406	-4	
234	237	3	
243	246	4	
224	228	3	
291	295	-4	
288	295	4	
224	288	2	
452	460	2	
459	460	-3	
459	463	6	
451	455	-6	
283	347	-2	
345	348	3	
261	269	-5	
264	270	2	
262	270	2	
145	150	6	
146	150	3	
146	210	-2	
209	213	-2	
323	324	3	
323	325	4	
320	327	4	
322	327	3	
474	476	-5	
476	484	-2	
480	486	4	
478	486	-2	
128	134	5	
56	60	-3	
59	61	3	
233	239	2	
234	298	3	
297	302	-2	
8	15	-5	
11	75	-4	
75	77	-4	
8	72	-3	
348	356	-3	
355	358	-3	
350	358	3	
344	350	-3	
392	456	-3	
420	428	-1	
418	421	3	
285	293	-5	
290	294	-6	
286	294	1	
282	286	-3	
264	268	4	
272	276	5	
271	279	2	
465	471	4	
401	465	1	
308	316	-4	
312	317	3	
309	317	-3	
305	309	-4	
155	157	4	
155	219	2	
216	223	4	
152	216	3	
483	484	-3	
483	487	-2	
481	485	5	
433	436	-2	
433	497	-4	
24	30	4	
194	258	-2	
256	261	-2	
192	256	1	
176	180	-5	
176	182	3	
174	182	-2	
51	115	3	
115	118	2	
141	149	2	
137	143	-3	
43	47	5	
41	47	2	
123	187	2	
187	189	4	
121	185	-2	
107	109	3	
104	110	-3	
386	450	-3	
449	454	-6	
385	449	3	
16	20	-3	
16	21	5	
370	372	-3	
378	382	-3	
441	505	-3	
440	504	-3	
89	92	6	
92	100	3	
97	100	3	
244	252	1	
250	252	5	
247	255	-2	
338	340	3	
337	343	-3	
336	342	6	
162	226	3	
226	228	-2	
161	225	3	
201	204	-3	
202	206	-4	
202	205	5	
363	364	-4	
361	367	3	
10	13	2	
10	74	-2	
9	73	1	
384	388	3	
387	451	-3	
451	453	-3	
384	448	-5	
48	53	-5	
112	116	4	
48	112	2	
153	159	-2	
154	218	-2	
218	220	3	
153	217	3	
490	492	4	
491	494	3	
489	495	3	
490	495	4	
232	236	-3	
232	296	2	
310	318	-3	
315	318	4	
311	319	4	
411	475	-4	
473	479	3	
267	331	4	
330	335	-4	
96	103	2	
99	103	4	
99	163	-2	
160	165	6	
64	69	6	
349	357	-3	
353	359	2	
351	359	3	
346	351	6	
427	430	-2	
434	439	-4	
83	147	-2	
146	148	-7	
82	146	-2	
403	467	-3	
464	469	2	
280	284	-2	
284	292	4	
287	295	-2	
186	191	-3	
265	268	4	
264	328	-4	
179	243	-2	
243	244	3	
177	241	-4	
258	260	6	
322	326	3	
129	135	-3	
129	193	-2	
208	212	6	
211	275	2	
98	101	-4	
94	102	-2	
90	94	5	
496	501	3	
501	509	2	
496	503	-3	
57	121	2	
120	126	2	
371	435	-1	
433	437	4	
170	172	4	
171	174	6	
458	461	-4	
410	415	6	
224	229	6	
227	231	4	
441	444	1	
443	445	3	
416	420	-4	
419	421	-4	
419	422	5	
377	380	3	
394	398	-4	
278	286	-3	
274	279	4	
500	508	-2	
290	354	4	
288	352	4	
245	253	-2	
246	254	-1	
259	263	3	
131	132	3	
195	199	-3	
130	194	3	
58	62	5	
66	70	-3	
468	476	-1	
475	476	-3	
469	477	-1	
80	85	4	
85	93	3	
90	95	3	
87	95	3	
114	119	3	
304	308	4	
307	311	5	
179	181	5	
216	222	2	
218	223	-3	
27	28	3	
24	31	5	
13	21	-2	
15	23	-2	
41	44	3	
44	52	-1	
50	53	-3	
45	53	-1	
163	167	3	
486	494	-2	
487	495	2	
339	342	1	
426	431	2	
425	431	2	
424	429	2	
233	238	3	
296	303	4	
3	4	-2	
210	274	2	
273	278	5	
32	36	4	
35	39	-2	
386	388	4	
387	390	2	
371	374	-3	
370	373	2	
470	478	-1	
472	479	-2	
471	479	1	
82	84	-2	
105	108	3	
105	169	2	
104	168	-2	
193	198	2	
198	206	3	
199	207	-3	
353	356	4	
362	365	4	
357	365	-2	
329	335	2	
484	492	3	
485	493	1	
75	139	3	
139	141	-3	
288	292	2	
234	236	3	
257	261	-4	
267	269	-3	
438	446	-4	
439	447	3	
134	142	2	
135	143	-4	
91	92	3	
178	242	-3	
217	221	4	
221	229	-2	
226	230	5	
210	212	3	
211	215	-4	
208	213	-5	
248	252	-2	
251	255	2	
123	124	-3	
113	118	-3	
506	510	-5	
408	413	-2	
411	413	4	
425	430	-2	
185	191	3	
107	110	4	
19	20	-4	
19	22	-4	
300	308	-1	
302	310	-2	
321	325	3	
436	444	3	
437	445	2	
201	205	-3	
202	266	1	
201	265	-1	
497	500	-5	
498	503	4	
498	501	4	
355	419	1	
153	157	-2	
35	99	2	
164	172	4	
171	172	2	
167	175	-3	
402	404	-3	
466	468	3	
147	150	-4	
81	145	1	
229	237	-3	
235	239	2	
231	239	-4	
483	485	-4	
368	374	-2	
67	131	-2	
65	129	-1	
240	244	-4	
330	332	-1	
331	332	-2	
329	334	2	
42	47	-4	
40	45	-3	
489	493	-4	
473	477	4	
194	197	2	
397	405	2	
398	406	1	
133	141	2	
120	125	-3	
322	386	1	
321	385	2	
106	109	-4	
79	87	1	
75	79	-3	
432	437	2	
416	480	-5	
51	55	-3	
274	277	3	
338	341	5	
203	267	1	
200	264	-1	
219	283	2	
312	376	-4	
364	372	5	
367	375	-3	
427	429	4	
178	183	-2	
504	508	4	
346	348	-3	
162	165	3	
88	95	-3	
18	23	-5	
248	255	3	
209	215	2	
73	78	-3	
138	142	4	
73	137	3	
145	151	1	
217	281	-3	
155	158	5	
230	238	-1	
226	231	4	
243	247	4	
176	240	1	
290	292	-4	
289	294	-3	
289	293	-2	
337	340	4	
337	401	-3	
400	407	4	
336	400	1	
301	309	2	
305	310	2	
299	302	-3	
67	71	-3	
66	130	1	
488	494	3	
347	351	-3	
507	510	2	
506	511	3	
435	439	3	
499	502	-2	
325	333	4	
26	30	2	
314	319	-3	
185	190	2	
448	452	-4	
11	14	-4	
72	79	2	
136	143	-3	
98	103	-1	
324	332	-3	
291	355	-3	
392	397	2	
379	443	1	
378	442	-2	
272	278	2	
148	156	-2	
152	156	-3	
192	199	2	
339	403	1	
303	311	1	
96	101	3	
48	52	-3	
51	54	-3	
461	469	-2	
463	471	2	
65	68	-4	
344	349	3	
345	409	-2	
344	408	3	
36	44	1	
280	286	3	
250	254	-2	
266	271	-2	
211	214	4	
298	362	-4	
297	361	-3	
193	257	-2	
220	228	-1	
154	156	3	
115	116	3	
340	348	-2	
242	246	2	
37	45	2	
289	353	3	
409	414	-2	
169	175	-2	
305	369	-2	
440	444	-3	
104	111	3	
228	236	-2	
277	285	-1	
482	484	-2	
113	177	-2	
249	253	-3	
343	351	-2	
130	135	3	
144	148	-2	
147	149	2	
401	405	-3	
58	63	-3	
429	437	3	
74	77	-2	
275	276	2	
11	12	1	
505	509	-3	
242	306	1	
241	305	-1	
34	37	4	
33	38	-3	
345	350	2	
160	224	-2	
200	207	-3	
331	333	1	
396	404	-1	
399	407	2	
171	235	-1	
170	234	-2	
299	363	-3	
33	97	2	
354	356	-2	
442	447	-2	
80	144	-1	
165	173	-2	
412	420	-2	
323	387	-1	
42	46	3	
49	52	-2	
370	434	1	
428	436	-3	
166	174	1	
5	13	1	
454	462	-3	
241	245	1	
265	271	-2	
403	406	3	
297	301	1	
225	230	-1	
81	87	-1	
336	343	-2	
151	159	2	
179	180	-2	
306	370	-3	
365	373	-2	
169	233	2	
168	232	1	
64	70	-1	
354	357	-2	
195	259	-1	
410	474	2	
89	93	1	
269	277	-2	
144	208	-2	
338	402	-1	
73	76	2	
299	300	1	
369	375	2	
204	212	-1	
82	86	2	
330	394	-1	
328	392	-1	
16	22	-1	
250	314	-1	
249	313	1	
108	116	-1	
111	119	-1	
175	183	1	
28	36	1	
30	38	-1	
Energy:	-3766	
