NumberOfQubits	504	
NumberOfSubgraphs	588	
Serial	34	
PlantedSolution:	
0	1	
1	-1	
2	1	
3	-1	
4	1	
5	-1	
6	-1	
8	-1	
9	-1	
10	-1	
11	1	
12	1	
13	-1	
14	-1	
15	-1	
16	-1	
17	1	
18	1	
19	1	
20	-1	
21	-1	
22	-1	
23	1	
24	1	
25	1	
26	1	
27	-1	
28	-1	
29	-1	
30	-1	
31	-1	
32	-1	
33	-1	
34	1	
35	1	
36	-1	
37	-1	
38	1	
39	-1	
40	-1	
41	1	
42	1	
43	-1	
44	1	
45	-1	
46	-1	
47	-1	
48	1	
49	1	
50	1	
51	1	
52	-1	
53	1	
54	-1	
55	-1	
56	-1	
57	-1	
58	-1	
59	-1	
60	-1	
61	-1	
62	1	
63	-1	
64	1	
65	-1	
66	1	
67	1	
68	-1	
69	1	
70	1	
71	1	
72	-1	
73	-1	
74	-1	
75	1	
76	1	
77	1	
78	-1	
79	-1	
80	1	
81	1	
82	-1	
83	1	
84	1	
85	1	
86	1	
87	1	
88	1	
89	1	
90	-1	
91	1	
92	1	
93	-1	
94	-1	
95	-1	
96	-1	
97	1	
98	1	
99	1	
100	1	
101	1	
102	1	
103	1	
104	1	
105	-1	
106	1	
107	1	
108	1	
109	1	
110	1	
111	-1	
112	-1	
113	1	
114	-1	
115	-1	
116	-1	
117	1	
118	1	
119	1	
120	1	
121	-1	
123	-1	
124	-1	
125	1	
126	-1	
127	1	
128	-1	
129	-1	
130	-1	
131	1	
132	1	
133	-1	
134	-1	
135	-1	
136	-1	
137	-1	
138	-1	
139	-1	
141	-1	
142	-1	
143	-1	
144	1	
145	1	
146	-1	
147	-1	
148	1	
149	-1	
150	1	
151	1	
152	-1	
153	1	
154	-1	
155	-1	
156	-1	
157	1	
158	-1	
159	-1	
160	-1	
161	-1	
162	-1	
163	1	
164	-1	
165	1	
166	1	
167	1	
168	-1	
169	-1	
170	1	
171	1	
172	1	
173	1	
174	-1	
175	-1	
176	1	
177	-1	
178	1	
179	-1	
180	1	
181	1	
182	-1	
183	1	
184	1	
185	-1	
186	1	
187	-1	
188	-1	
189	1	
190	1	
191	1	
192	1	
193	1	
194	-1	
195	1	
196	1	
197	1	
198	-1	
199	1	
200	-1	
201	1	
202	1	
203	-1	
204	-1	
205	-1	
206	1	
207	1	
208	-1	
209	1	
210	-1	
211	-1	
212	1	
213	-1	
214	1	
215	-1	
216	-1	
217	1	
218	-1	
219	-1	
220	-1	
221	-1	
222	-1	
223	-1	
224	1	
225	1	
226	1	
227	-1	
228	1	
229	-1	
230	1	
231	-1	
232	-1	
233	-1	
234	1	
235	-1	
236	-1	
237	-1	
238	1	
239	-1	
240	-1	
241	1	
242	1	
243	1	
244	-1	
245	1	
246	1	
247	1	
248	1	
249	1	
250	-1	
251	1	
252	1	
253	1	
254	1	
255	1	
256	1	
257	-1	
258	-1	
259	-1	
260	-1	
261	1	
262	-1	
263	-1	
264	1	
265	1	
266	1	
267	-1	
268	-1	
269	1	
270	-1	
271	-1	
272	1	
273	-1	
274	-1	
275	1	
276	-1	
277	-1	
278	-1	
279	-1	
280	1	
281	-1	
282	-1	
283	-1	
284	-1	
285	1	
286	-1	
287	-1	
288	1	
289	1	
290	1	
291	-1	
292	1	
293	-1	
294	-1	
295	1	
296	-1	
297	-1	
298	-1	
299	-1	
300	1	
301	-1	
302	-1	
303	1	
304	1	
305	1	
306	-1	
307	-1	
308	-1	
309	-1	
310	-1	
311	1	
312	1	
313	1	
314	-1	
315	1	
316	1	
317	1	
318	-1	
319	1	
320	1	
321	1	
322	-1	
323	1	
324	-1	
325	1	
326	-1	
327	1	
328	1	
329	-1	
330	-1	
331	1	
332	1	
333	1	
334	1	
335	-1	
336	-1	
337	1	
338	1	
339	-1	
340	1	
341	-1	
342	-1	
343	1	
344	1	
345	1	
346	1	
347	1	
348	-1	
349	-1	
350	1	
351	1	
352	-1	
353	1	
354	1	
355	-1	
356	-1	
357	-1	
358	-1	
359	-1	
361	1	
362	-1	
363	1	
364	-1	
365	1	
367	1	
368	-1	
369	-1	
370	1	
371	1	
372	1	
373	1	
374	1	
375	1	
376	1	
377	-1	
378	-1	
379	1	
380	1	
382	1	
383	-1	
384	1	
385	1	
386	-1	
387	1	
388	1	
389	-1	
390	-1	
391	-1	
392	1	
393	-1	
394	1	
396	1	
397	1	
398	1	
399	1	
400	-1	
401	-1	
402	-1	
403	1	
404	1	
405	-1	
406	1	
407	1	
408	1	
409	1	
410	1	
411	-1	
412	-1	
413	-1	
414	1	
415	-1	
416	1	
417	1	
418	1	
419	-1	
420	-1	
421	1	
422	-1	
424	1	
425	1	
426	-1	
427	1	
428	-1	
429	1	
430	1	
431	1	
432	-1	
433	-1	
434	1	
435	-1	
436	1	
437	-1	
438	-1	
439	1	
440	-1	
441	1	
442	-1	
443	1	
444	1	
445	1	
446	1	
447	1	
448	-1	
449	1	
450	1	
451	1	
452	-1	
453	-1	
454	1	
455	-1	
456	1	
457	-1	
458	-1	
459	-1	
460	-1	
461	-1	
462	-1	
463	1	
464	-1	
465	-1	
466	-1	
467	1	
468	1	
469	-1	
470	1	
471	-1	
472	1	
473	-1	
474	1	
475	1	
476	-1	
477	1	
478	1	
479	1	
480	1	
481	-1	
482	-1	
483	-1	
484	1	
485	-1	
486	-1	
487	-1	
488	1	
489	-1	
490	-1	
491	-1	
492	1	
493	1	
494	1	
495	1	
496	1	
497	-1	
498	1	
499	1	
500	1	
501	-1	
502	-1	
503	1	
504	-1	
505	-1	
506	-1	
507	-1	
508	1	
509	1	
510	-1	
511	-1	
Js:	
136	142	-4	
142	150	1	
146	150	-3	
146	151	2	
143	151	2	
136	143	-4	
170	175	-2	
171	175	5	
171	235	3	
235	238	3	
234	238	-3	
170	234	-2	
289	293	1	
290	293	6	
290	354	-2	
354	357	-3	
353	357	3	
289	353	-3	
17	20	5	
18	20	3	
18	82	2	
82	86	3	
81	86	-2	
17	81	-3	
258	261	5	
261	269	1	
265	269	-3	
265	270	3	
262	270	-2	
258	262	-3	
250	252	2	
251	252	-3	
251	255	-3	
248	255	2	
248	254	-4	
250	254	4	
280	287	-3	
283	287	-3	
283	347	2	
347	350	-4	
344	350	-3	
280	344	-3	
88	92	-3	
90	92	3	
90	154	-3	
154	158	-4	
152	158	2	
88	152	1	
178	182	-1	
182	190	4	
185	190	4	
185	191	3	
183	191	-5	
178	183	-4	
208	215	-3	
210	215	-2	
210	274	-3	
274	278	-5	
272	278	2	
208	272	4	
384	388	-3	
387	388	-2	
387	390	3	
386	390	4	
386	391	-3	
384	391	4	
218	220	-5	
220	228	1	
227	228	4	
227	229	-1	
221	229	1	
218	221	-3	
65	68	-1	
67	68	3	
67	131	2	
131	133	3	
129	133	-4	
65	129	-2	
402	404	2	
403	404	-4	
403	407	2	
400	407	3	
400	406	5	
402	406	3	
361	364	4	
364	372	3	
368	372	4	
368	373	-2	
365	373	-4	
361	365	-6	
50	52	4	
52	60	-1	
59	60	4	
59	62	4	
54	62	1	
50	54	3	
26	28	3	
28	36	-2	
33	36	-3	
33	38	3	
30	38	1	
26	30	-3	
488	492	-5	
490	492	3	
490	495	4	
489	495	3	
489	493	-3	
488	493	-3	
458	460	-3	
460	468	1	
467	468	4	
467	470	-4	
462	470	1	
458	462	-4	
434	439	-4	
435	439	3	
435	499	3	
499	502	-3	
498	502	2	
434	498	-3	
192	197	-5	
193	197	-4	
193	199	-3	
194	199	5	
194	198	-4	
192	198	-2	
409	413	3	
411	413	3	
411	475	5	
475	478	-2	
473	478	3	
409	473	4	
242	244	2	
243	244	3	
243	245	-3	
241	245	-3	
241	247	-5	
242	247	-4	
9	13	-5	
10	13	4	
10	15	-2	
8	15	-3	
8	14	-3	
9	14	-2	
312	316	-3	
315	316	-4	
315	318	3	
313	318	3	
313	317	-3	
312	317	-3	
320	324	3	
324	332	3	
328	332	-2	
328	333	-4	
325	333	-3	
320	325	-2	
73	76	4	
76	84	-2	
83	84	1	
83	87	-5	
79	87	3	
73	79	-3	
440	446	3	
441	446	-3	
441	505	-2	
505	510	-4	
504	510	-3	
440	504	-1	
232	239	-3	
233	239	-5	
233	297	2	
297	302	-3	
296	302	-1	
232	296	-2	
41	45	5	
42	45	4	
42	106	-2	
106	110	-3	
105	110	4	
41	105	-2	
89	95	4	
91	95	1	
91	155	-3	
155	159	-4	
153	159	3	
89	153	-1	
112	116	-4	
114	116	-2	
114	119	-1	
113	119	-5	
113	117	-2	
112	117	1	
98	100	-3	
99	100	-5	
99	163	-1	
163	166	-4	
162	166	2	
98	162	-1	
145	149	3	
147	149	-3	
147	211	-2	
211	214	-2	
209	214	-2	
145	209	-3	
264	268	5	
268	276	-2	
273	276	-4	
273	279	-3	
271	279	-2	
264	271	-3	
450	453	4	
451	453	3	
451	454	-5	
448	454	2	
448	455	-5	
450	455	-3	
201	204	3	
202	204	2	
202	206	-2	
203	206	3	
203	205	3	
201	205	3	
416	420	3	
420	428	-1	
424	428	3	
424	429	-2	
421	429	1	
416	421	-5	
24	29	3	
29	37	-3	
35	37	3	
35	39	2	
31	39	-2	
24	31	4	
120	124	4	
123	124	-2	
123	125	3	
121	125	4	
121	126	-3	
120	126	-4	
321	326	2	
326	334	4	
329	334	1	
329	335	-5	
327	335	-2	
321	327	-6	
305	308	3	
306	308	-5	
306	310	1	
304	310	4	
304	311	-5	
305	311	-3	
481	484	3	
482	484	-2	
482	485	-3	
483	485	-3	
483	487	-1	
481	487	-3	
96	101	3	
97	101	4	
97	161	2	
161	164	-3	
160	164	-3	
96	160	-2	
456	461	4	
461	469	1	
466	469	-4	
466	471	-3	
463	471	1	
456	463	-4	
2	4	-4	
3	4	4	
3	6	-3	
1	6	-4	
1	5	-4	
2	5	-2	
336	341	-3	
339	341	-2	
339	342	-4	
337	342	-3	
337	343	-4	
336	343	4	
378	380	2	
379	380	-6	
379	383	3	
376	383	4	
376	382	-5	
378	382	4	
40	44	3	
43	44	3	
43	107	3	
107	108	-4	
104	108	3	
40	104	3	
442	444	4	
443	444	-4	
443	507	3	
507	508	-3	
506	508	5	
442	506	-2	
288	294	3	
291	294	-4	
291	355	-3	
355	358	-3	
352	358	-3	
288	352	-2	
51	53	-2	
53	61	1	
56	61	-6	
56	63	-3	
55	63	1	
51	55	5	
66	69	-4	
69	77	-4	
74	77	3	
74	78	-3	
70	78	-1	
66	70	-4	
281	286	-5	
282	286	-2	
282	346	2	
346	351	-4	
345	351	-3	
281	345	3	
177	180	4	
180	188	3	
184	188	2	
184	189	-5	
181	189	-4	
177	181	-2	
392	397	-4	
394	397	-5	
394	398	-3	
393	398	3	
393	399	5	
392	399	-3	
408	412	4	
410	412	2	
410	474	-2	
474	477	2	
472	477	-5	
408	472	-3	
432	437	-2	
433	437	3	
433	497	-3	
497	501	-4	
496	501	3	
432	496	3	
298	300	4	
299	300	2	
299	363	2	
363	367	-6	
362	367	2	
298	362	3	
216	222	-3	
222	230	1	
225	230	-3	
225	231	2	
223	231	1	
216	223	-4	
256	260	2	
257	260	-4	
257	263	-3	
259	263	-4	
259	262	-4	
256	262	3	
425	428	4	
427	428	2	
427	430	-2	
426	430	-2	
426	431	4	
425	431	-3	
169	172	5	
170	172	3	
170	174	4	
168	174	-3	
168	173	4	
169	173	5	
369	373	3	
370	373	-3	
370	374	-4	
371	374	1	
371	375	-5	
369	375	3	
128	132	4	
131	132	3	
131	134	4	
130	134	-4	
130	135	-3	
128	135	-4	
16	21	-3	
18	21	3	
18	22	3	
19	22	4	
19	23	-5	
16	23	4	
417	422	-4	
419	422	-5	
419	483	-4	
483	486	-4	
481	486	-1	
417	481	4	
8	12	4	
11	12	5	
11	75	-2	
75	78	2	
72	78	-3	
8	72	-2	
307	309	-4	
309	317	4	
314	317	4	
314	319	2	
311	319	-3	
307	311	2	
112	118	3	
115	118	4	
115	179	1	
179	181	3	
176	181	-5	
112	176	1	
138	141	-3	
139	141	4	
139	203	-3	
203	207	4	
202	207	-2	
138	202	3	
400	405	-3	
401	405	4	
401	465	-3	
465	470	2	
464	470	2	
400	464	-3	
338	340	-3	
340	348	2	
345	348	3	
345	349	-1	
341	349	-2	
338	341	3	
275	276	-2	
276	284	-3	
280	284	4	
280	285	-2	
277	285	2	
275	277	5	
266	270	3	
267	270	-3	
267	331	4	
331	334	-3	
330	334	5	
266	330	4	
80	85	-3	
85	93	2	
91	93	1	
91	94	2	
86	94	1	
80	86	2	
144	148	-2	
148	156	3	
154	156	-2	
154	157	3	
149	157	-2	
144	149	3	
385	389	-2	
386	389	-2	
386	450	3	
450	452	3	
449	452	4	
385	449	-3	
240	245	4	
245	253	-2	
249	253	-4	
249	254	-2	
246	254	-3	
240	246	3	
0	4	-4	
2	66	-3	
66	71	-1	
64	71	4	
0	64	-3	
293	301	3	
296	301	-4	
296	303	4	
295	303	-3	
290	295	-5	
98	101	-3	
101	109	1	
105	109	4	
105	111	-1	
103	111	2	
98	103	-4	
41	46	2	
46	54	-2	
49	54	-2	
49	55	4	
47	55	-1	
41	47	3	
491	492	2	
492	500	3	
496	500	-2	
496	502	4	
494	502	2	
491	494	3	
224	228	2	
228	236	2	
232	236	-3	
232	237	-3	
229	237	-2	
224	229	5	
499	501	-1	
501	509	2	
505	509	4	
505	511	-4	
503	511	3	
499	503	-4	
472	476	-2	
476	484	2	
480	484	-3	
480	487	2	
479	487	2	
472	479	-3	
200	204	-3	
204	212	3	
211	212	-3	
211	213	-3	
205	213	-3	
200	205	-2	
322	324	2	
323	324	3	
323	327	-3	
321	325	-2	
322	325	4	
457	461	-1	
459	461	4	
459	462	-3	
456	462	2	
457	463	4	
217	223	4	
219	223	3	
219	283	-2	
283	286	-2	
217	281	2	
186	189	-3	
186	191	-3	
187	191	2	
187	190	2	
184	190	2	
162	164	-2	
163	164	4	
163	167	-3	
160	167	3	
160	165	-2	
162	165	4	
377	383	-2	
378	383	-5	
378	442	-1	
442	447	3	
441	447	-4	
377	441	-2	
289	292	-3	
291	292	-5	
355	356	-2	
353	356	2	
34	36	3	
35	36	-2	
32	37	-3	
32	39	-1	
34	39	4	
25	28	4	
27	28	-2	
27	31	-3	
26	31	4	
26	29	3	
25	29	-3	
435	437	-2	
437	445	4	
440	445	4	
438	446	2	
435	438	-3	
406	414	3	
409	414	-2	
409	415	2	
407	415	4	
402	407	3	
192	196	3	
195	196	-4	
195	197	-3	
194	197	1	
192	199	-5	
57	61	-2	
57	63	-4	
58	63	-4	
58	62	3	
56	62	-2	
352	359	-3	
354	359	2	
354	418	-1	
418	421	-4	
352	416	-2	
393	396	2	
394	396	-2	
394	458	3	
457	460	-3	
393	457	2	
113	116	-3	
116	124	-3	
121	124	-3	
121	127	4	
119	127	-3	
88	94	3	
94	102	3	
97	102	-3	
97	103	-2	
95	103	-3	
88	95	1	
72	76	-1	
73	137	-3	
137	142	-4	
72	136	-3	
432	436	4	
433	436	2	
433	438	3	
434	438	1	
432	439	1	
226	230	-2	
230	238	1	
234	239	3	
231	239	-3	
226	231	5	
42	44	-3	
44	52	1	
48	52	3	
48	53	-5	
45	53	-2	
426	429	3	
427	429	-5	
427	491	4	
491	493	2	
490	493	-2	
426	490	-3	
273	278	-3	
274	338	2	
338	343	1	
273	337	1	
259	260	-3	
260	268	-2	
265	268	2	
265	271	-3	
263	271	-3	
315	379	-2	
379	382	-3	
312	376	2	
384	389	3	
387	389	-3	
385	390	2	
385	391	2	
144	150	-4	
145	150	-4	
209	213	-1	
208	213	-3	
144	208	2	
297	300	2	
300	308	2	
306	309	-2	
301	309	2	
297	301	-2	
329	332	3	
331	332	-3	
331	335	3	
328	335	3	
329	333	2	
169	175	-2	
171	174	-2	
473	476	-4	
475	476	2	
475	479	2	
474	479	-3	
474	478	-4	
176	182	3	
179	182	-2	
179	243	-3	
240	244	-4	
176	240	4	
152	157	3	
153	157	-1	
155	158	-2	
336	340	3	
347	348	3	
342	350	-1	
336	342	-2	
133	141	-2	
139	143	-3	
135	143	-1	
129	135	-5	
80	84	-2	
82	84	4	
82	85	-1	
83	85	-4	
80	87	-4	
424	430	-4	
425	430	1	
425	489	3	
489	494	4	
488	494	-2	
424	488	-2	
64	68	3	
67	69	-2	
65	69	2	
65	71	5	
10	14	-3	
14	22	2	
15	23	2	
249	252	-3	
250	255	4	
248	253	-3	
363	364	3	
371	372	-4	
367	375	-3	
448	452	-3	
449	454	-4	
451	455	3	
412	420	-3	
419	420	-2	
414	422	-3	
408	414	-4	
272	277	-3	
282	285	3	
282	287	-3	
279	287	-3	
272	279	3	
504	509	3	
506	509	-2	
506	510	-3	
507	510	-2	
507	511	-3	
504	511	-2	
403	405	2	
403	467	-2	
467	471	2	
465	471	-3	
40	46	3	
43	46	-3	
107	110	-2	
104	110	-3	
305	310	2	
305	369	-3	
369	374	3	
368	374	4	
304	368	2	
219	220	-2	
219	222	-4	
216	221	-3	
9	12	2	
12	20	2	
17	21	-2	
13	21	-2	
114	117	5	
117	125	-3	
120	125	-4	
118	126	3	
114	118	2	
294	302	1	
299	302	-3	
299	303	3	
288	295	-2	
178	180	-3	
178	242	-4	
242	246	2	
241	246	-2	
177	241	3	
200	206	-4	
206	214	-3	
210	214	4	
207	215	3	
200	207	2	
256	261	-4	
258	322	-3	
322	326	-3	
320	326	-2	
256	320	-3	
344	349	5	
346	349	3	
346	410	-3	
410	413	3	
408	413	2	
344	408	1	
92	100	-2	
99	101	1	
93	101	2	
90	93	-1	
3	5	-4	
0	6	2	
314	318	-4	
314	378	-2	
377	380	-4	
313	377	2	
32	38	3	
33	97	1	
96	102	-2	
32	96	-3	
57	60	-3	
59	123	-2	
123	127	4	
57	121	-1	
193	196	-4	
195	198	5	
105	108	3	
107	111	3	
106	111	-3	
106	109	-4	
388	396	-4	
392	396	-3	
389	397	4	
235	236	-4	
233	238	-3	
233	237	-2	
464	468	3	
466	468	-3	
465	469	-4	
464	471	-3	
440	444	1	
441	444	-2	
443	447	2	
443	445	-2	
64	70	-1	
66	130	-1	
130	132	4	
64	128	1	
483	484	-2	
482	486	-2	
480	485	2	
75	77	-4	
75	139	1	
74	138	-3	
161	165	3	
161	167	2	
162	167	4	
160	166	3	
267	268	1	
267	269	4	
266	269	-4	
264	270	2	
497	500	3	
498	500	-2	
498	503	-3	
496	503	2	
354	356	3	
356	364	-1	
357	365	2	
186	188	-3	
187	188	-4	
186	190	-2	
146	148	3	
147	148	-4	
144	151	-3	
25	30	2	
27	30	3	
27	91	3	
91	92	-4	
89	92	-2	
25	89	-3	
225	229	2	
224	230	-4	
350	358	2	
355	359	-3	
351	359	-2	
347	351	-3	
49	52	3	
51	52	2	
51	54	-2	
48	54	4	
49	53	-4	
400	404	2	
404	412	2	
411	412	1	
411	415	-3	
177	183	3	
282	284	-2	
284	292	3	
286	294	-3	
275	278	3	
275	339	1	
339	340	-2	
298	302	-4	
17	23	1	
81	85	-2	
16	80	3	
370	372	-1	
370	434	-2	
434	436	-2	
368	432	2	
249	255	-3	
251	315	-1	
315	319	-2	
313	319	-2	
249	313	1	
394	399	-1	
392	398	4	
209	212	-4	
209	215	2	
201	207	-3	
330	332	2	
323	326	3	
72	79	-3	
418	422	2	
418	482	4	
482	487	-3	
453	461	-2	
454	462	2	
427	431	-2	
491	495	3	
34	37	-3	
50	55	3	
51	115	3	
115	117	4	
50	114	-4	
152	156	-2	
153	156	4	
153	217	-2	
217	220	-3	
216	220	-2	
152	216	-2	
42	46	2	
40	47	-3	
171	172	-2	
168	175	-3	
170	173	-2	
258	260	-3	
257	262	-2	
257	261	-3	
11	15	3	
9	15	-4	
8	13	-2	
305	309	-1	
307	310	-4	
469	477	2	
470	478	-1	
466	470	4	
58	60	-4	
161	166	3	
163	227	-1	
225	228	-3	
161	225	1	
128	134	-5	
485	493	4	
486	494	1	
480	486	5	
108	116	1	
112	119	3	
111	119	1	
104	111	2	
186	250	3	
184	248	-2	
288	292	-2	
292	300	-1	
296	300	3	
288	293	2	
75	76	-4	
81	84	5	
78	86	3	
322	386	-1	
386	388	1	
385	388	-4	
321	385	1	
267	271	-1	
265	329	2	
154	159	-1	
151	159	1	
147	151	4	
208	214	1	
16	20	-2	
20	28	-2	
22	30	-2	
16	22	-2	
337	341	3	
339	343	3	
19	21	-3	
19	83	-2	
82	87	1	
32	36	-2	
35	99	-3	
96	100	2	
429	437	1	
433	439	3	
431	439	-2	
424	431	-3	
193	198	3	
89	94	1	
98	102	-2	
353	359	3	
353	417	-2	
417	420	2	
452	460	-2	
459	460	-4	
459	463	3	
455	463	-2	
217	221	3	
219	221	-2	
218	222	-2	
218	223	1	
499	500	-3	
495	503	-1	
488	495	-2	
234	236	2	
235	239	1	
234	237	4	
3	67	-3	
67	71	-3	
1	65	-3	
307	308	-1	
307	371	2	
371	373	2	
306	370	3	
401	404	-3	
402	405	-4	
401	406	1	
435	436	-3	
436	444	-3	
443	446	-5	
344	348	3	
297	303	2	
298	303	2	
362	365	2	
297	361	1	
264	269	-1	
330	333	-3	
264	328	-2	
113	118	-1	
120	127	-3	
314	316	2	
312	318	3	
312	319	3	
74	79	-3	
138	143	2	
137	143	-2	
185	188	-2	
187	251	2	
251	253	-4	
185	249	3	
172	180	-3	
177	182	2	
174	182	-2	
169	174	-2	
146	210	-1	
210	212	2	
390	398	4	
391	399	2	
387	391	3	
259	323	2	
257	321	2	
413	421	2	
410	414	-1	
283	285	-5	
285	293	2	
287	295	2	
59	63	-2	
56	120	-1	
155	157	3	
157	165	-2	
159	167	-1	
34	38	-3	
38	46	2	
43	47	2	
39	47	-2	
4	12	-1	
11	14	2	
6	14	-2	
2	6	3	
464	469	-3	
471	479	2	
24	28	1	
89	93	-3	
88	93	3	
24	88	-3	
211	215	-3	
211	275	3	
498	501	4	
502	510	-2	
109	117	-1	
110	118	1	
456	460	3	
457	462	-2	
226	228	2	
227	230	3	
226	229	3	
442	445	3	
66	68	3	
67	70	-3	
65	70	3	
451	452	2	
449	453	4	
129	132	3	
352	356	-2	
355	357	-2	
353	358	-1	
202	205	2	
201	206	-2	
244	252	3	
248	252	3	
36	44	2	
41	44	-2	
37	45	-2	
33	37	2	
403	406	-2	
0	5	3	
5	13	-1	
179	183	3	
243	247	-2	
500	508	-1	
497	503	1	
281	284	-2	
289	294	3	
77	85	2	
75	79	1	
310	318	1	
345	350	-3	
346	350	1	
410	415	3	
345	409	-1	
320	327	2	
419	421	2	
416	480	4	
27	29	-1	
24	30	3	
156	164	2	
158	166	1	
153	158	3	
123	187	1	
121	185	-1	
57	62	2	
145	151	-2	
432	438	-2	
497	502	-3	
363	365	-2	
338	342	3	
235	237	-3	
232	238	-2	
227	231	2	
227	291	-3	
291	295	1	
226	290	-1	
176	180	-1	
484	492	-2	
481	485	-3	
274	276	-1	
274	277	-2	
269	277	-1	
96	103	2	
218	282	-2	
18	23	-1	
384	390	1	
448	453	-1	
384	448	3	
299	301	-2	
298	301	1	
396	404	-1	
401	407	1	
399	407	-1	
434	437	2	
440	447	4	
439	447	1	
474	476	3	
472	478	-3	
473	479	-2	
49	113	-3	
48	112	2	
348	356	-2	
349	357	-2	
377	382	2	
241	244	1	
247	255	2	
202	266	-1	
266	271	2	
200	264	1	
163	165	-1	
165	173	-2	
167	175	-1	
130	133	-2	
137	141	-3	
134	142	1	
425	429	-2	
210	213	2	
213	221	-2	
217	222	2	
214	222	2	
308	316	2	
313	316	3	
184	191	1	
90	95	-2	
90	94	-4	
68	76	-2	
64	69	-2	
275	279	2	
83	86	-3	
83	147	-1	
146	149	-2	
82	146	-3	
42	47	3	
465	468	2	
467	469	2	
504	508	-3	
506	511	-2	
35	38	2	
34	98	-1	
10	12	2	
354	358	3	
225	289	-3	
224	288	-3	
408	415	2	
475	477	-3	
212	220	1	
215	223	-1	
306	311	-1	
107	171	-1	
104	168	2	
387	451	1	
250	253	1	
331	333	1	
131	195	-1	
130	194	-2	
487	495	1	
203	267	1	
201	265	-1	
338	402	2	
337	401	2	
362	364	-3	
362	426	-2	
426	428	2	
361	425	-1	
123	126	-4	
33	39	-3	
458	461	-2	
392	456	-1	
243	246	-2	
58	61	-3	
59	61	2	
418	420	3	
138	142	3	
139	142	-1	
428	436	2	
430	438	3	
43	45	-1	
196	204	1	
197	205	-1	
411	414	-1	
332	340	-1	
335	343	-1	
209	273	2	
115	116	-1	
74	76	-1	
72	77	2	
73	78	-2	
259	261	-1	
352	357	-2	
152	159	-2	
155	219	-1	
141	149	-1	
468	476	1	
449	455	-1	
361	367	-2	
490	494	2	
507	509	3	
233	236	-2	
236	244	-1	
238	246	-2	
281	287	-2	
323	387	-2	
320	384	-2	
99	102	-3	
99	103	-1	
304	309	1	
363	427	1	
289	295	1	
150	158	2	
347	411	-1	
194	196	2	
1	4	3	
323	325	-1	
17	22	1	
333	341	1	
334	342	-1	
328	334	-2	
393	397	1	
71	79	-1	
409	412	2	
136	141	-1	
137	201	2	
136	200	-2	
302	310	-2	
376	440	1	
11	13	2	
171	173	-1	
168	232	-1	
97	100	-2	
100	108	2	
258	263	-2	
87	95	1	
339	403	2	
280	286	2	
477	485	1	
21	29	-1	
369	372	2	
370	375	1	
128	133	1	
131	135	1	
273	277	1	
274	279	-1	
355	419	-1	
321	324	1	
347	349	-1	
256	263	2	
164	172	2	
166	174	-1	
441	445	-1	
106	108	-1	
376	380	2	
208	212	1	
266	268	-2	
478	486	1	
23	31	-1	
405	413	1	
304	308	-1	
56	60	-2	
145	148	-2	
81	145	-2	
337	340	-1	
242	245	2	
162	226	-1	
160	224	1	
115	119	-1	
458	463	-2	
107	109	-1	
104	109	1	
9	73	1	
272	276	-2	
187	189	-1	
178	181	-2	
155	156	1	
473	477	-1	
106	170	1	
10	74	-1	
329	393	1	
328	392	-1	
442	446	1	
128	192	1	
450	454	1	
344	351	1	
343	351	-1	
322	327	1	
154	218	-1	
239	247	1	
270	278	1	
251	254	-1	
489	492	-1	
224	231	1	
73	77	1	
359	367	-1	
243	307	1	
240	304	-1	
26	90	-1	
346	348	1	
195	199	1	
102	110	-1	
168	172	-1	
175	183	1	
185	189	-1	
Energy:	-2534	
