NumberOfQubits	504	
NumberOfSubgraphs	504	
Serial	331	
PlantedSolution:	
0	-1	
1	1	
2	1	
3	-1	
4	-1	
5	1	
6	1	
8	1	
9	1	
10	1	
11	-1	
12	-1	
13	-1	
14	1	
15	-1	
16	-1	
17	-1	
18	-1	
19	-1	
20	-1	
21	1	
22	1	
23	-1	
24	1	
25	1	
26	1	
27	-1	
28	-1	
29	1	
30	-1	
31	-1	
32	1	
33	-1	
34	-1	
35	1	
36	1	
37	-1	
38	-1	
39	-1	
40	-1	
41	1	
42	-1	
43	-1	
44	1	
45	1	
46	-1	
47	-1	
48	1	
49	-1	
50	-1	
51	-1	
52	-1	
53	-1	
54	1	
55	-1	
56	-1	
57	1	
58	1	
59	-1	
60	-1	
61	1	
62	-1	
63	1	
64	-1	
65	1	
66	1	
67	-1	
68	1	
69	1	
70	-1	
71	1	
72	1	
73	1	
74	-1	
75	1	
76	-1	
77	-1	
78	1	
79	-1	
80	1	
81	-1	
82	1	
83	-1	
84	1	
85	1	
86	-1	
87	-1	
88	-1	
89	1	
90	-1	
91	1	
92	1	
93	-1	
94	1	
95	-1	
96	-1	
97	1	
98	-1	
99	1	
100	-1	
101	-1	
102	-1	
103	1	
104	-1	
105	1	
106	-1	
107	-1	
108	-1	
109	1	
110	-1	
111	-1	
112	-1	
113	-1	
114	-1	
115	-1	
116	-1	
117	1	
118	-1	
119	1	
120	-1	
121	1	
123	-1	
124	-1	
125	1	
126	-1	
127	1	
128	1	
129	1	
130	-1	
131	1	
132	-1	
133	-1	
134	-1	
135	-1	
136	1	
137	1	
138	1	
139	-1	
141	1	
142	-1	
143	1	
144	1	
145	1	
146	-1	
147	-1	
148	1	
149	-1	
150	1	
151	1	
152	-1	
153	-1	
154	-1	
155	-1	
156	1	
157	1	
158	1	
159	1	
160	1	
161	1	
162	1	
163	-1	
164	-1	
165	1	
166	-1	
167	1	
168	-1	
169	-1	
170	-1	
171	1	
172	-1	
173	-1	
174	-1	
175	-1	
176	1	
177	-1	
178	1	
179	-1	
180	-1	
181	1	
182	1	
183	1	
184	1	
185	-1	
186	1	
187	-1	
188	1	
189	-1	
190	1	
191	1	
192	1	
193	-1	
194	1	
195	-1	
196	1	
197	1	
198	1	
199	1	
200	-1	
201	-1	
202	1	
203	-1	
204	1	
205	1	
206	1	
207	-1	
208	1	
209	-1	
210	1	
211	-1	
212	1	
213	-1	
214	-1	
215	-1	
216	1	
217	1	
218	1	
219	-1	
220	1	
221	-1	
222	1	
223	-1	
224	-1	
225	-1	
226	-1	
227	-1	
228	-1	
229	1	
230	-1	
231	1	
232	-1	
233	-1	
234	1	
235	1	
236	1	
237	-1	
238	-1	
239	1	
240	-1	
241	-1	
242	1	
243	-1	
244	1	
245	1	
246	-1	
247	-1	
248	1	
249	1	
250	-1	
251	1	
252	-1	
253	1	
254	-1	
255	1	
256	-1	
257	-1	
258	-1	
259	-1	
260	-1	
261	-1	
262	-1	
263	1	
264	1	
265	-1	
266	-1	
267	-1	
268	1	
269	-1	
270	1	
271	1	
272	1	
273	1	
274	-1	
275	-1	
276	1	
277	1	
278	1	
279	1	
280	1	
281	1	
282	1	
283	1	
284	-1	
285	1	
286	1	
287	-1	
288	1	
289	-1	
290	-1	
291	1	
292	-1	
293	-1	
294	-1	
295	-1	
296	1	
297	1	
298	1	
299	-1	
300	1	
301	-1	
302	-1	
303	1	
304	1	
305	-1	
306	-1	
307	1	
308	1	
309	-1	
310	-1	
311	1	
312	-1	
313	-1	
314	-1	
315	-1	
316	1	
317	-1	
318	1	
319	1	
320	1	
321	1	
322	-1	
323	1	
324	-1	
325	1	
326	1	
327	-1	
328	-1	
329	1	
330	1	
331	-1	
332	1	
333	1	
334	1	
335	-1	
336	1	
337	1	
338	-1	
339	1	
340	1	
341	1	
342	1	
343	-1	
344	1	
345	-1	
346	1	
347	1	
348	1	
349	-1	
350	1	
351	1	
352	-1	
353	-1	
354	1	
355	1	
356	1	
357	1	
358	1	
359	-1	
361	1	
362	-1	
363	1	
364	-1	
365	-1	
367	-1	
368	-1	
369	-1	
370	1	
371	1	
372	-1	
373	-1	
374	1	
375	-1	
376	-1	
377	1	
378	-1	
379	1	
380	1	
382	1	
383	-1	
384	-1	
385	1	
386	1	
387	-1	
388	-1	
389	-1	
390	-1	
391	-1	
392	1	
393	-1	
394	-1	
396	-1	
397	1	
398	1	
399	1	
400	1	
401	1	
402	-1	
403	-1	
404	-1	
405	1	
406	1	
407	1	
408	1	
409	1	
410	-1	
411	1	
412	1	
413	1	
414	-1	
415	1	
416	1	
417	1	
418	-1	
419	-1	
420	1	
421	-1	
422	1	
424	1	
425	1	
426	1	
427	1	
428	1	
429	-1	
430	-1	
431	-1	
432	-1	
433	1	
434	1	
435	-1	
436	-1	
437	1	
438	-1	
439	-1	
440	1	
441	-1	
442	-1	
443	-1	
444	-1	
445	-1	
446	1	
447	1	
448	-1	
449	-1	
450	-1	
451	1	
452	1	
453	1	
454	1	
455	-1	
456	-1	
457	-1	
458	1	
459	-1	
460	1	
461	-1	
462	1	
463	-1	
464	1	
465	1	
466	-1	
467	-1	
468	-1	
469	1	
470	-1	
471	1	
472	1	
473	-1	
474	1	
475	1	
476	-1	
477	1	
478	1	
479	-1	
480	-1	
481	1	
482	-1	
483	1	
484	-1	
485	1	
486	1	
487	-1	
488	1	
489	1	
490	1	
491	-1	
492	-1	
493	-1	
494	-1	
495	1	
496	-1	
497	-1	
498	1	
499	1	
500	1	
501	-1	
502	-1	
503	-1	
504	-1	
505	-1	
506	-1	
507	1	
508	1	
509	1	
510	1	
511	-1	
Js:	
97	103	3	
99	103	-3	
99	163	1	
163	166	-4	
161	166	2	
97	161	-1	
216	221	-1	
219	221	-4	
219	283	2	
283	286	-3	
280	286	-2	
216	280	-3	
400	404	4	
402	404	-3	
402	466	-3	
466	468	-2	
464	468	3	
400	464	3	
387	388	-4	
388	396	-3	
393	396	2	
393	397	2	
389	397	4	
387	389	-3	
241	245	2	
243	245	3	
243	247	-2	
242	247	-3	
242	246	3	
241	246	-2	
441	445	-2	
442	445	-3	
442	506	-2	
506	510	4	
505	510	2	
441	505	-2	
120	124	-2	
123	124	-2	
123	127	3	
121	127	-3	
121	125	-2	
120	125	-5	
338	342	4	
342	350	-1	
347	350	-2	
347	351	2	
343	351	2	
338	343	-3	
256	260	-1	
259	260	-2	
259	262	3	
258	262	-4	
258	261	-2	
256	261	-4	
65	69	-4	
69	77	4	
73	77	-1	
73	78	-4	
70	78	3	
65	70	2	
281	284	4	
284	292	-3	
288	292	3	
288	295	3	
287	295	-5	
281	287	-1	
265	269	-3	
269	277	4	
275	277	2	
275	279	2	
271	279	-3	
265	271	-4	
178	182	-3	
182	190	1	
185	190	4	
185	191	2	
183	191	-2	
178	183	-2	
82	85	-2	
83	85	1	
83	87	-2	
80	87	3	
80	86	-1	
82	86	2	
128	133	4	
131	133	3	
131	195	-1	
195	199	3	
192	199	-4	
128	192	-1	
88	93	-5	
89	93	1	
89	153	1	
153	157	1	
152	157	4	
88	152	1	
224	228	-3	
227	228	1	
227	229	3	
226	229	4	
226	231	3	
224	231	3	
107	108	-4	
108	116	-2	
112	116	-3	
112	117	2	
109	117	2	
107	109	2	
232	238	-1	
233	238	-3	
233	297	2	
297	301	2	
296	301	2	
232	296	-3	
456	460	3	
457	460	2	
457	461	-4	
459	461	-3	
459	463	-3	
456	463	-2	
435	436	-3	
436	444	-4	
440	444	3	
440	446	-2	
438	446	3	
435	438	2	
353	356	-3	
355	356	-3	
355	357	-3	
354	357	-2	
354	359	3	
353	359	-3	
329	332	-3	
332	340	-2	
336	340	-2	
336	341	-5	
333	341	2	
329	333	-3	
370	372	2	
371	372	4	
371	374	-4	
369	374	-3	
369	373	-3	
370	373	4	
306	309	4	
309	317	-1	
313	317	-2	
313	319	5	
311	319	-1	
306	311	4	
322	325	4	
323	325	-3	
323	326	-2	
321	326	1	
321	327	2	
322	327	-3	
32	36	-4	
34	36	-2	
34	39	-4	
35	39	4	
35	37	3	
32	37	4	
409	412	-3	
410	412	-2	
410	474	2	
474	479	4	
473	479	-3	
409	473	3	
209	212	5	
210	212	-1	
210	214	3	
208	214	4	
208	213	-2	
209	213	-4	
490	492	3	
492	500	1	
496	500	-1	
496	501	-2	
493	501	-2	
490	493	3	
480	484	-2	
481	484	5	
481	485	-2	
482	485	4	
482	486	-1	
480	486	4	
169	172	-3	
171	172	1	
171	175	3	
170	175	-4	
170	173	-2	
169	173	2	
248	253	-3	
251	253	-3	
251	255	2	
249	255	-2	
249	254	1	
248	254	4	
57	61	-1	
58	61	-5	
58	62	3	
59	62	3	
59	63	3	
57	63	-4	
17	20	-2	
20	28	-1	
27	28	-3	
27	29	3	
21	29	-2	
17	21	-3	
10	12	4	
11	12	-3	
11	14	2	
8	14	-4	
8	13	-1	
10	13	2	
40	45	-2	
45	53	1	
49	53	-4	
49	54	2	
46	54	2	
40	46	-2	
424	428	2	
426	428	-3	
426	431	3	
425	431	3	
425	429	2	
424	429	3	
0	4	-4	
1	4	4	
1	5	-4	
3	5	3	
3	6	4	
0	6	4	
401	406	-4	
403	406	2	
403	467	-2	
467	469	2	
465	469	-2	
401	465	-2	
72	76	4	
74	76	-2	
74	138	2	
138	143	-4	
136	143	3	
72	136	-2	
144	148	4	
146	148	1	
146	150	2	
145	150	-4	
145	151	-1	
144	151	-4	
408	415	-3	
411	415	-4	
411	475	-2	
475	477	-4	
472	477	-5	
408	472	1	
200	205	3	
203	205	3	
203	206	4	
201	206	3	
201	207	-4	
200	207	-2	
384	390	-3	
386	390	4	
386	450	3	
450	453	3	
448	453	-3	
384	448	-4	
50	55	-4	
51	55	-3	
51	115	-3	
115	118	-3	
114	118	-1	
50	114	1	
129	135	3	
130	135	-2	
130	194	-1	
194	198	-2	
193	198	4	
129	193	1	
416	420	-4	
417	420	-3	
417	421	2	
419	421	3	
419	422	3	
416	422	-3	
90	95	3	
91	95	2	
91	155	2	
155	159	3	
154	159	3	
90	154	-2	
376	380	3	
377	380	-2	
377	382	-3	
379	382	-4	
379	383	2	
376	383	-3	
299	300	1	
300	308	-3	
304	308	-4	
304	310	-2	
302	310	-3	
299	302	-1	
266	270	2	
267	270	2	
267	331	-4	
331	334	3	
330	334	-4	
266	330	-3	
176	180	3	
180	188	2	
186	188	-3	
186	189	2	
181	189	-1	
176	181	-4	
96	100	-4	
98	100	-4	
98	162	1	
162	164	2	
160	164	4	
96	160	-1	
361	364	4	
362	364	-4	
362	365	3	
363	365	4	
363	367	4	
361	367	3	
19	22	4	
22	30	2	
24	30	3	
24	31	3	
23	31	1	
19	23	-3	
41	47	3	
42	47	-3	
42	106	2	
106	111	-2	
105	111	5	
41	105	-3	
489	494	3	
494	502	-1	
498	502	3	
498	503	3	
495	503	2	
489	495	3	
232	236	3	
234	236	-2	
234	239	-2	
235	239	-2	
235	237	3	
232	237	-3	
280	285	-1	
282	285	-3	
282	346	-1	
346	348	-4	
344	348	-2	
280	344	1	
289	292	-3	
291	292	4	
291	294	3	
290	294	3	
290	293	-2	
289	293	-4	
440	447	-4	
443	447	-1	
443	507	3	
507	511	2	
504	511	-3	
440	504	1	
211	214	-2	
214	222	3	
217	222	-2	
217	223	4	
215	223	-2	
211	215	-3	
73	79	2	
75	79	3	
75	139	2	
139	142	-2	
137	142	3	
73	137	2	
432	437	3	
433	437	-2	
433	438	-3	
434	438	3	
434	439	2	
432	439	-2	
272	276	-3	
273	276	-5	
273	279	-2	
274	279	3	
274	278	-2	
272	278	-4	
450	452	3	
451	452	-3	
451	455	5	
449	455	3	
449	454	3	
450	454	2	
312	316	3	
314	316	4	
314	318	4	
315	318	-4	
315	317	-5	
312	317	-2	
64	68	4	
67	68	2	
67	70	4	
66	70	3	
66	71	-1	
64	71	3	
328	335	-3	
330	335	2	
330	394	-1	
394	399	4	
392	399	-3	
328	392	2	
48	52	4	
52	60	-1	
56	60	-4	
56	62	-3	
54	62	-1	
48	54	-4	
81	84	2	
84	92	-2	
89	92	-3	
89	94	-4	
86	94	3	
81	86	2	
194	196	-3	
196	204	-3	
202	204	4	
202	205	-2	
197	205	-4	
194	197	-2	
113	119	2	
115	119	2	
115	179	-3	
179	183	2	
177	183	-4	
113	177	-3	
33	36	2	
36	44	-2	
43	44	4	
43	46	-4	
38	46	2	
33	38	-3	
99	101	2	
101	109	-2	
104	109	2	
104	110	-1	
102	110	-3	
99	102	3	
458	462	-4	
462	470	3	
466	470	2	
466	471	3	
463	471	3	
458	463	2	
320	324	2	
321	324	3	
321	385	3	
385	391	4	
384	391	-3	
320	384	1	
424	430	3	
427	430	2	
427	491	4	
491	495	2	
488	495	-2	
424	488	-4	
345	349	-4	
349	357	2	
352	357	3	
352	358	2	
350	358	-3	
345	350	-1	
240	244	3	
244	252	-1	
250	252	-4	
250	255	3	
247	255	3	
240	247	-3	
218	220	3	
220	228	2	
225	228	-3	
225	230	-2	
222	230	2	
218	222	-2	
257	260	3	
260	268	3	
264	268	-2	
264	271	-2	
263	271	-2	
257	263	3	
337	343	-3	
339	343	2	
339	403	2	
403	407	4	
401	407	-3	
337	401	-1	
418	421	-2	
419	483	3	
483	487	3	
482	487	-3	
418	482	-3	
400	405	-3	
405	413	-3	
410	413	2	
410	414	-4	
406	414	2	
400	406	-2	
162	165	-3	
165	173	2	
168	173	-3	
168	175	-2	
167	175	3	
162	167	4	
497	500	4	
500	508	-4	
507	508	-3	
507	509	3	
501	509	4	
497	501	-1	
9	14	-2	
14	22	-2	
18	22	4	
18	23	-2	
15	23	-4	
9	15	-4	
304	311	-1	
305	311	2	
305	369	-3	
369	375	1	
368	375	-4	
304	368	3	
139	141	3	
141	149	-1	
147	149	-3	
147	151	2	
143	151	-1	
139	143	3	
120	126	-2	
123	126	-3	
123	187	-2	
187	188	2	
184	188	-3	
120	184	-1	
148	156	-3	
154	156	2	
154	158	3	
150	158	-3	
144	150	-2	
472	476	-4	
473	476	-2	
473	478	3	
475	478	-2	
128	132	2	
130	132	-5	
130	134	-3	
129	134	4	
129	133	2	
235	236	-2	
235	299	-2	
299	303	3	
298	303	-3	
234	298	-3	
25	28	1	
26	28	4	
26	30	2	
27	30	-3	
25	29	4	
307	309	3	
307	371	-2	
370	374	-3	
306	370	2	
378	382	-1	
379	443	2	
443	445	-2	
378	442	-3	
16	21	3	
17	81	-3	
81	85	2	
80	85	-3	
16	80	4	
2	6	-3	
2	66	-4	
66	68	-1	
0	64	1	
390	398	-3	
393	398	3	
393	399	2	
391	399	2	
386	391	1	
105	110	3	
107	110	-2	
107	171	2	
171	174	3	
169	174	2	
105	169	2	
435	437	-3	
435	499	2	
499	503	4	
496	503	-1	
432	496	-4	
249	252	3	
251	252	3	
251	254	3	
249	253	-3	
433	436	-2	
441	444	-1	
441	447	3	
439	447	3	
433	439	3	
113	117	2	
114	117	3	
114	178	3	
178	181	-3	
177	181	2	
218	221	3	
283	285	-2	
218	282	2	
195	259	2	
259	263	3	
256	263	3	
192	256	2	
352	359	-2	
354	418	-2	
418	422	3	
352	416	3	
394	396	2	
394	397	2	
161	164	3	
163	164	-2	
163	227	-1	
225	229	3	
161	225	-1	
264	270	-4	
331	335	-2	
264	328	3	
90	93	-1	
91	94	-3	
88	94	1	
297	300	2	
298	300	-3	
296	303	-2	
296	302	4	
297	302	2	
201	204	2	
202	207	3	
203	207	-2	
272	277	-3	
274	277	4	
274	338	-2	
336	342	-2	
272	336	-2	
489	492	2	
491	493	-2	
491	494	3	
483	484	1	
483	485	-3	
480	485	3	
481	486	2	
467	468	-3	
467	471	1	
465	471	3	
465	470	3	
464	470	1	
449	453	4	
451	454	-4	
448	455	-2	
97	100	1	
98	103	3	
98	102	-1	
96	102	-3	
33	37	3	
33	39	-1	
35	38	2	
32	38	3	
345	348	3	
347	348	-2	
347	411	-1	
409	415	1	
345	409	1	
305	308	3	
308	316	1	
310	318	1	
305	310	-3	
323	327	-2	
320	327	3	
320	326	-4	
322	326	2	
41	44	-2	
43	45	2	
40	47	-3	
209	215	-1	
211	275	1	
275	278	3	
273	278	-2	
209	273	1	
288	293	2	
291	293	-2	
289	294	-1	
289	295	-2	
152	156	-1	
153	156	4	
153	159	3	
155	157	3	
241	244	4	
243	244	-1	
243	246	-2	
242	245	-4	
8	12	3	
10	74	1	
74	79	-3	
72	79	-1	
8	72	-1	
82	84	-1	
83	84	4	
83	147	1	
146	149	-3	
82	146	3	
427	428	-2	
427	429	3	
50	53	4	
53	61	2	
59	61	3	
55	63	2	
187	189	-4	
187	190	-4	
186	191	-5	
363	364	2	
362	367	-4	
361	365	2	
504	508	1	
505	508	3	
505	511	5	
506	511	-2	
504	510	3	
368	372	-3	
372	380	-1	
378	380	5	
378	383	-3	
375	383	-2	
458	460	4	
459	462	3	
456	461	-3	
168	172	-2	
172	180	-2	
179	180	-4	
179	182	-2	
174	182	2	
168	174	-2	
3	4	-2	
3	67	-3	
67	71	2	
65	71	3	
1	65	-2	
116	124	-3	
121	124	3	
121	126	2	
118	126	-3	
112	118	-3	
224	230	-4	
230	238	3	
233	239	3	
231	239	-2	
337	340	-3	
337	341	-2	
404	412	-1	
408	412	-3	
408	413	-4	
402	405	3	
312	319	4	
313	377	1	
376	382	-3	
312	376	-2	
137	141	-3	
138	141	-1	
136	142	2	
265	268	1	
261	269	-3	
257	261	-2	
355	419	1	
419	420	2	
353	417	2	
216	220	-2	
217	220	-2	
217	281	1	
280	284	2	
9	13	4	
11	13	-4	
11	75	-2	
75	78	-2	
9	73	-2	
161	165	-2	
163	165	4	
160	166	-1	
160	167	-4	
161	167	-3	
104	108	-3	
106	108	-2	
106	170	-2	
104	168	2	
57	60	4	
58	60	2	
56	61	-3	
57	62	2	
131	132	-1	
131	135	3	
24	29	-2	
25	30	3	
26	31	4	
16	20	-3	
18	20	-4	
18	82	-1	
82	87	3	
51	52	-2	
51	53	1	
49	55	-2	
48	55	3	
208	212	-2	
210	213	3	
210	215	-4	
208	215	2	
498	500	-1	
499	502	-2	
497	503	-2	
192	196	-2	
195	196	-2	
195	197	3	
193	197	3	
192	198	-3	
474	476	1	
474	478	-5	
472	479	2	
346	349	2	
347	349	2	
344	351	-4	
117	125	-3	
123	125	2	
119	127	3	
114	119	3	
282	286	-2	
286	294	4	
290	295	-2	
282	287	3	
266	269	2	
262	270	2	
392	398	-3	
398	406	-2	
399	407	1	
2	5	-4	
66	69	2	
219	222	2	
226	230	-2	
223	231	1	
219	223	1	
75	76	-1	
74	77	-2	
72	77	3	
42	44	2	
39	47	-2	
370	434	-2	
434	437	-2	
369	433	-1	
250	253	2	
251	315	1	
250	314	-2	
234	237	3	
299	301	-3	
298	301	3	
176	183	-1	
177	241	-1	
176	240	1	
88	92	1	
92	100	1	
96	101	-2	
93	101	2	
329	334	-1	
334	342	-1	
339	342	-3	
335	343	-1	
329	335	-2	
145	149	3	
149	157	2	
154	157	-1	
425	430	2	
425	489	-2	
323	324	2	
323	387	2	
387	391	-2	
461	469	1	
464	469	-2	
464	471	1	
457	463	-1	
13	21	1	
19	21	2	
442	446	2	
443	446	3	
506	509	3	
307	310	2	
200	204	2	
482	484	-1	
480	487	-3	
481	487	-1	
353	357	2	
353	358	2	
355	358	2	
355	359	2	
184	190	-1	
184	191	-3	
103	111	-2	
411	412	-2	
408	414	-1	
409	414	3	
164	172	-3	
169	175	1	
499	501	3	
504	509	2	
502	510	2	
233	237	-1	
237	245	1	
239	247	2	
221	229	1	
460	468	1	
467	470	-2	
4	12	-1	
6	14	1	
392	396	1	
396	404	-2	
397	405	1	
392	397	-3	
43	107	1	
40	104	-2	
193	199	-1	
194	199	-3	
194	258	1	
258	263	1	
193	257	-1	
421	429	-2	
426	429	2	
426	430	1	
422	430	2	
417	422	3	
322	324	2	
324	332	3	
328	332	2	
328	333	2	
325	333	-2	
67	131	1	
128	135	-2	
64	128	2	
17	22	1	
19	83	2	
346	350	-2	
344	350	3	
345	351	2	
364	372	-1	
371	375	2	
367	375	2	
112	119	2	
27	91	1	
91	92	-3	
90	92	-2	
26	90	2	
147	148	3	
151	159	-2	
285	293	-2	
281	285	-3	
478	486	-1	
483	486	-2	
479	487	1	
377	383	2	
377	441	-2	
376	440	1	
428	436	1	
435	439	-1	
431	439	1	
427	431	3	
211	212	3	
211	213	1	
184	189	3	
185	189	-2	
185	249	-1	
248	252	1	
184	248	-1	
488	492	3	
490	494	2	
488	493	2	
385	388	2	
386	388	-1	
386	389	3	
384	389	-1	
385	390	2	
200	206	2	
201	265	-2	
200	264	1	
34	38	-1	
34	98	2	
98	101	-1	
97	101	3	
33	97	3	
313	316	1	
315	316	-3	
266	268	2	
267	268	3	
338	340	1	
339	340	-3	
402	407	2	
338	402	1	
49	52	-3	
113	118	-2	
49	113	1	
240	246	-3	
243	307	2	
307	308	1	
240	304	1	
297	303	-2	
299	363	-2	
297	361	-2	
152	158	3	
153	158	-1	
153	217	2	
216	223	3	
152	216	2	
41	45	-3	
42	45	2	
138	142	2	
171	173	2	
166	174	-2	
162	166	2	
432	438	1	
434	498	-3	
496	502	-2	
83	86	-2	
89	95	2	
87	95	3	
352	356	1	
354	356	-2	
418	420	2	
256	262	-1	
259	323	1	
256	320	1	
465	468	2	
468	476	-1	
475	476	3	
469	477	1	
288	294	-1	
283	287	2	
12	20	-1	
10	15	-2	
29	37	1	
31	39	-1	
25	31	3	
68	76	4	
64	69	2	
233	236	3	
227	291	2	
290	292	1	
226	290	-2	
393	457	2	
392	456	2	
273	337	2	
379	380	-3	
503	511	-2	
448	452	3	
452	460	1	
459	460	1	
454	462	-1	
448	454	2	
50	54	2	
368	373	-3	
411	414	2	
411	413	-1	
146	151	2	
246	254	3	
250	254	-1	
129	132	-2	
128	134	1	
193	196	-2	
120	127	1	
228	236	2	
235	238	2	
267	269	2	
267	271	1	
305	309	1	
301	309	-2	
24	28	4	
28	36	-1	
30	38	-1	
440	445	3	
437	445	2	
106	109	3	
155	156	2	
354	358	-3	
258	260	-3	
258	322	-1	
257	321	1	
466	469	2	
59	60	-1	
58	63	-2	
136	141	-3	
137	201	1	
136	200	-2	
490	495	2	
426	490	-2	
416	421	2	
275	339	2	
283	347	-1	
281	345	-1	
326	334	-3	
327	335	2	
212	220	1	
219	220	2	
213	221	-2	
216	222	-1	
282	284	1	
313	318	1	
185	188	2	
147	211	-2	
144	208	-2	
449	452	2	
100	108	-1	
107	111	-1	
475	479	1	
473	477	1	
176	182	-2	
112	176	-1	
227	231	2	
160	165	-2	
40	44	3	
42	46	1	
248	255	-2	
341	349	-2	
344	349	2	
336	343	1	
410	415	2	
407	415	2	
35	99	-2	
424	431	2	
489	493	2	
113	116	-2	
115	116	-1	
179	181	-1	
307	311	-2	
242	306	-1	
498	501	2	
365	373	-1	
74	78	2	
71	79	3	
85	93	2	
88	95	-2	
139	203	-2	
203	204	1	
138	202	-1	
394	398	1	
265	270	2	
265	329	2	
441	446	2	
170	174	-1	
170	234	2	
232	239	1	
168	232	1	
90	94	2	
25	89	1	
50	52	1	
51	54	1	
11	15	1	
8	15	3	
10	14	-1	
259	261	-1	
296	300	-1	
131	134	3	
331	333	2	
330	333	-1	
198	206	-2	
195	198	-1	
362	426	-1	
425	428	-2	
361	425	-1	
65	68	1	
106	110	-1	
484	492	-2	
488	494	1	
486	494	2	
225	231	-1	
225	289	-2	
224	288	2	
348	356	-2	
401	404	1	
403	404	1	
249	313	2	
248	312	-1	
409	413	1	
81	145	2	
37	45	2	
41	46	1	
275	276	2	
385	449	2	
499	500	-1	
236	244	-2	
238	246	1	
374	382	-1	
370	375	1	
257	262	-2	
56	63	1	
442	444	-1	
443	444	-1	
442	447	-1	
283	284	-2	
281	286	-2	
320	325	-1	
321	325	-2	
171	235	1	
99	100	1	
266	271	2	
133	141	-1	
134	142	-1	
432	436	-2	
433	497	1	
497	502	-2	
199	207	-1	
121	185	-1	
329	393	-1	
387	451	-1	
291	355	-1	
288	352	-1	
146	210	1	
338	341	1	
337	342	-1	
369	372	1	
155	219	1	
314	317	-2	
312	318	2	
314	319	2	
403	405	1	
114	116	-1	
485	493	-1	
75	77	2	
241	247	-1	
240	245	-1	
105	109	-1	
104	111	2	
177	182	2	
17	23	1	
304	309	1	
507	510	-1	
331	332	1	
202	206	1	
96	103	1	
32	96	1	
280	287	1	
73	76	-1	
145	148	1	
145	209	1	
152	159	1	
154	218	1	
218	223	-1	
1	6	-2	
0	5	-1	
27	31	2	
186	190	-2	
298	302	2	
394	458	2	
457	462	1	
303	311	-2	
351	359	1	
346	351	-1	
147	150	-1	
315	379	1	
451	453	1	
453	461	1	
455	463	-1	
227	230	-1	
137	143	-1	
34	37	-1	
43	47	1	
487	495	1	
178	180	-1	
91	93	1	
97	102	1	
94	102	1	
245	253	-1	
19	20	-1	
80	84	-1	
506	508	-1	
170	172	1	
66	130	1	
371	435	1	
412	420	1	
413	421	1	
48	112	-1	
217	221	1	
368	374	1	
157	165	-1	
158	166	-1	
155	158	1	
44	52	-1	
18	21	1	
226	228	1	
229	237	1	
72	78	-1	
202	266	1	
470	478	1	
471	479	1	
401	405	1	
81	87	1	
330	332	1	
57	121	-1	
56	120	-1	
173	181	-1	
476	484	-1	
477	485	-1	
268	276	-1	
274	276	1	
242	244	-1	
35	36	-1	
2	4	-1	
356	364	-1	
359	367	-1	
306	310	1	
175	183	1	
340	348	-1	
450	455	1	
385	389	1	
277	285	-1	
278	286	1	
16	22	1	
16	23	-1	
491	492	1	
371	373	-1	
Energy:	-2128	
