NumberOfQubits	504	
NumberOfSubgraphs	840	
Serial	309	
PlantedSolution:	
0	1	
1	1	
2	1	
3	-1	
4	1	
5	1	
6	1	
8	-1	
9	-1	
10	1	
11	-1	
12	1	
13	-1	
14	1	
15	-1	
16	-1	
17	1	
18	-1	
19	-1	
20	-1	
21	1	
22	1	
23	-1	
24	-1	
25	-1	
26	1	
27	-1	
28	1	
29	-1	
30	-1	
31	-1	
32	-1	
33	1	
34	-1	
35	-1	
36	-1	
37	-1	
38	1	
39	-1	
40	-1	
41	-1	
42	1	
43	-1	
44	1	
45	1	
46	-1	
47	1	
48	1	
49	-1	
50	1	
51	1	
52	1	
53	-1	
54	1	
55	1	
56	-1	
57	1	
58	-1	
59	1	
60	1	
61	1	
62	-1	
63	-1	
64	-1	
65	-1	
66	-1	
67	1	
68	-1	
69	1	
70	-1	
71	1	
72	1	
73	1	
74	-1	
75	1	
76	-1	
77	1	
78	1	
79	-1	
80	-1	
81	-1	
82	1	
83	1	
84	-1	
85	-1	
86	-1	
87	-1	
88	-1	
89	-1	
90	1	
91	-1	
92	1	
93	1	
94	-1	
95	1	
96	-1	
97	1	
98	1	
99	1	
100	1	
101	-1	
102	1	
103	-1	
104	-1	
105	1	
106	-1	
107	1	
108	-1	
109	-1	
110	1	
111	1	
112	1	
113	1	
114	-1	
115	1	
116	-1	
117	1	
118	-1	
119	-1	
120	-1	
121	-1	
123	1	
124	1	
125	-1	
126	-1	
127	-1	
128	1	
129	-1	
130	-1	
131	1	
132	1	
133	1	
134	1	
135	-1	
136	-1	
137	-1	
138	-1	
139	-1	
141	-1	
142	1	
143	-1	
144	1	
145	-1	
146	1	
147	1	
148	-1	
149	1	
150	-1	
151	1	
152	1	
153	1	
154	1	
155	1	
156	1	
157	1	
158	-1	
159	-1	
160	-1	
161	-1	
162	1	
163	1	
164	-1	
165	1	
166	-1	
167	1	
168	1	
169	1	
170	-1	
171	-1	
172	1	
173	1	
174	1	
175	-1	
176	1	
177	-1	
178	1	
179	1	
180	1	
181	1	
182	1	
183	-1	
184	-1	
185	1	
186	-1	
187	-1	
188	-1	
189	1	
190	1	
191	-1	
192	1	
193	-1	
194	-1	
195	1	
196	-1	
197	1	
198	1	
199	-1	
200	-1	
201	1	
202	1	
203	1	
204	-1	
205	1	
206	1	
207	-1	
208	1	
209	-1	
210	-1	
211	1	
212	-1	
213	1	
214	-1	
215	1	
216	-1	
217	1	
218	-1	
219	1	
220	1	
221	-1	
222	1	
223	-1	
224	1	
225	-1	
226	-1	
227	1	
228	-1	
229	-1	
230	1	
231	1	
232	-1	
233	1	
234	-1	
235	-1	
236	1	
237	1	
238	-1	
239	-1	
240	-1	
241	1	
242	-1	
243	1	
244	1	
245	1	
246	-1	
247	-1	
248	1	
249	-1	
250	-1	
251	1	
252	-1	
253	-1	
254	-1	
255	-1	
256	1	
257	1	
258	1	
259	1	
260	-1	
261	-1	
262	-1	
263	1	
264	-1	
265	1	
266	-1	
267	1	
268	-1	
269	-1	
270	1	
271	-1	
272	-1	
273	-1	
274	1	
275	-1	
276	-1	
277	-1	
278	1	
279	-1	
280	-1	
281	-1	
282	-1	
283	-1	
284	1	
285	-1	
286	-1	
287	-1	
288	-1	
289	-1	
290	-1	
291	-1	
292	-1	
293	1	
294	-1	
295	1	
296	-1	
297	-1	
298	1	
299	-1	
300	1	
301	1	
302	-1	
303	-1	
304	1	
305	1	
306	-1	
307	-1	
308	1	
309	-1	
310	1	
311	-1	
312	-1	
313	-1	
314	1	
315	-1	
316	-1	
317	-1	
318	-1	
319	1	
320	-1	
321	1	
322	1	
323	1	
324	-1	
325	1	
326	-1	
327	-1	
328	1	
329	1	
330	-1	
331	-1	
332	1	
333	1	
334	-1	
335	-1	
336	-1	
337	-1	
338	1	
339	-1	
340	-1	
341	-1	
342	-1	
343	-1	
344	1	
345	1	
346	-1	
347	1	
348	1	
349	-1	
350	1	
351	-1	
352	-1	
353	-1	
354	1	
355	1	
356	1	
357	-1	
358	-1	
359	1	
361	1	
362	-1	
363	1	
364	1	
365	1	
367	1	
368	1	
369	-1	
370	-1	
371	-1	
372	1	
373	-1	
374	1	
375	1	
376	1	
377	-1	
378	1	
379	1	
380	-1	
382	-1	
383	1	
384	-1	
385	1	
386	1	
387	-1	
388	-1	
389	-1	
390	-1	
391	1	
392	1	
393	-1	
394	-1	
396	-1	
397	-1	
398	-1	
399	-1	
400	1	
401	1	
402	-1	
403	1	
404	1	
405	-1	
406	1	
407	1	
408	1	
409	1	
410	-1	
411	1	
412	-1	
413	1	
414	1	
415	1	
416	1	
417	-1	
418	-1	
419	1	
420	-1	
421	-1	
422	-1	
424	-1	
425	1	
426	1	
427	-1	
428	1	
429	1	
430	1	
431	-1	
432	-1	
433	1	
434	-1	
435	1	
436	1	
437	1	
438	-1	
439	-1	
440	1	
441	1	
442	1	
443	1	
444	1	
445	1	
446	1	
447	1	
448	-1	
449	1	
450	1	
451	-1	
452	-1	
453	-1	
454	1	
455	1	
456	1	
457	-1	
458	1	
459	1	
460	-1	
461	1	
462	-1	
463	1	
464	-1	
465	1	
466	-1	
467	1	
468	-1	
469	1	
470	-1	
471	1	
472	-1	
473	-1	
474	-1	
475	-1	
476	1	
477	1	
478	1	
479	1	
480	-1	
481	-1	
482	-1	
483	1	
484	-1	
485	1	
486	-1	
487	-1	
488	-1	
489	1	
490	1	
491	-1	
492	-1	
493	1	
494	-1	
495	1	
496	-1	
497	-1	
498	-1	
499	-1	
500	1	
501	1	
502	1	
503	-1	
504	-1	
505	1	
506	1	
507	-1	
508	1	
509	-1	
510	1	
511	-1	
Js:	
115	116	4	
116	124	3	
120	124	8	
120	126	-5	
118	126	-3	
115	118	-4	
336	340	-4	
338	340	-4	
338	343	5	
339	343	-5	
339	341	-4	
336	341	-5	
328	332	3	
329	332	-5	
329	333	-7	
331	333	3	
331	334	-5	
328	334	3	
257	261	4	
261	269	-4	
266	269	-3	
266	271	-5	
263	271	5	
257	263	-3	
416	420	4	
418	420	-6	
418	482	-7	
482	484	-3	
480	484	2	
416	480	5	
424	428	5	
427	428	4	
427	429	4	
426	429	4	
426	431	5	
424	431	-4	
394	396	-3	
396	404	3	
403	404	-5	
403	406	-3	
398	406	-4	
394	398	-4	
218	220	7	
220	228	3	
225	228	-2	
225	230	5	
222	230	-2	
218	222	5	
441	445	-5	
443	445	-3	
443	507	-3	
507	511	-5	
505	511	5	
441	505	-4	
43	45	-4	
45	53	2	
48	53	3	
48	54	-4	
46	54	3	
43	46	-4	
176	181	-6	
179	181	-4	
179	243	-4	
243	245	-4	
240	245	3	
176	240	-3	
384	391	4	
385	391	-4	
385	449	-4	
449	455	-4	
448	455	6	
384	448	-3	
27	29	-2	
29	37	-3	
32	37	-4	
32	38	5	
30	38	2	
27	30	-5	
152	157	-5	
154	157	-3	
154	158	-3	
155	158	3	
155	159	5	
152	159	5	
497	501	5	
498	501	-7	
498	502	3	
499	502	8	
499	503	-3	
497	503	-4	
306	310	6	
307	310	5	
307	371	-3	
371	374	5	
370	374	5	
306	370	-2	
193	196	-5	
195	196	5	
195	197	-3	
192	197	-4	
192	198	-6	
193	198	4	
433	437	-2	
435	437	-4	
435	438	4	
432	438	-5	
432	439	2	
433	439	5	
136	142	5	
138	142	4	
138	202	-4	
202	204	6	
200	204	-7	
136	200	-5	
208	213	-5	
211	213	-4	
211	275	5	
275	278	4	
272	278	6	
208	272	-2	
56	60	5	
57	60	-7	
57	62	2	
58	62	-8	
58	63	6	
56	63	-6	
291	293	6	
293	301	4	
298	301	-2	
298	303	6	
295	303	4	
291	295	6	
408	412	7	
410	412	1	
410	474	-3	
474	479	5	
472	479	6	
408	472	4	
128	132	-5	
130	132	5	
130	133	6	
129	133	6	
129	134	3	
128	134	-5	
10	12	-6	
11	12	4	
11	15	-5	
9	15	-6	
9	13	3	
10	13	6	
249	253	-4	
250	253	-4	
250	314	2	
314	317	-3	
313	317	-4	
249	313	-3	
186	188	-4	
187	188	-4	
187	189	6	
185	189	-4	
185	191	7	
186	191	-5	
322	324	5	
323	324	5	
323	327	5	
321	327	4	
321	326	3	
322	326	-6	
232	236	4	
233	236	-2	
233	237	7	
234	237	4	
234	239	-3	
232	239	-4	
458	460	3	
459	460	5	
459	463	-6	
456	463	4	
456	462	7	
458	462	5	
160	164	-3	
163	164	4	
163	165	-5	
162	165	-4	
162	166	5	
160	166	-7	
80	86	-2	
83	86	5	
83	147	3	
147	151	-3	
144	151	-5	
80	144	3	
65	68	-6	
67	68	-5	
67	69	-5	
64	69	4	
64	70	-7	
65	70	-2	
97	100	-3	
100	108	4	
105	108	3	
105	109	4	
101	109	2	
97	101	6	
352	357	-5	
354	357	4	
354	358	5	
355	358	6	
355	359	-3	
352	359	6	
280	284	6	
281	284	3	
281	345	-3	
345	351	4	
344	351	5	
280	344	5	
489	492	-4	
490	492	5	
490	494	3	
491	494	-4	
491	493	5	
489	493	-4	
465	468	6	
467	468	4	
467	471	-5	
466	471	4	
466	470	-4	
465	470	4	
168	173	-3	
169	173	-2	
169	175	3	
170	175	4	
170	174	4	
168	174	-6	
88	92	5	
90	92	-5	
90	94	3	
91	94	-3	
91	95	5	
88	95	4	
18	21	4	
19	21	5	
19	23	-4	
16	23	-6	
16	22	-4	
18	22	5	
376	380	6	
377	380	-4	
377	383	5	
378	383	-6	
378	382	5	
376	382	3	
72	76	5	
75	76	5	
75	78	-5	
74	78	4	
74	79	-5	
72	79	6	
177	180	-6	
178	180	-2	
178	242	4	
242	246	-3	
241	246	3	
177	241	5	
411	413	-3	
413	421	1	
419	421	3	
419	422	7	
414	422	-1	
411	414	-3	
273	277	-5	
277	285	-5	
283	285	-5	
283	287	1	
279	287	-4	
273	279	-5	
98	102	-7	
102	110	-3	
106	110	3	
106	111	5	
103	111	-3	
98	103	3	
217	221	6	
221	229	-2	
227	229	4	
227	231	-5	
223	231	-3	
217	223	3	
145	150	-5	
146	150	4	
146	210	-3	
210	212	-4	
209	212	-5	
145	209	-1	
201	207	7	
203	207	3	
203	267	1	
267	268	5	
265	268	6	
201	265	-3	
1	4	-5	
2	4	-3	
2	5	-7	
0	5	-5	
0	6	-3	
1	6	-6	
248	252	5	
251	252	5	
251	315	3	
315	316	1	
312	316	-5	
248	312	2	
33	36	4	
36	44	-2	
41	44	4	
41	47	5	
39	47	3	
33	39	5	
362	365	8	
365	373	3	
369	373	-4	
369	375	3	
367	375	5	
362	367	6	
297	300	6	
299	300	3	
299	363	-5	
363	364	-6	
361	364	-8	
297	361	3	
113	117	-5	
117	125	4	
123	125	5	
123	127	3	
119	127	-6	
113	119	-3	
473	477	6	
477	485	-3	
481	485	6	
481	486	3	
478	486	1	
473	478	4	
393	397	-6	
397	405	-4	
400	405	6	
400	407	-5	
399	407	-1	
393	399	-5	
440	446	-5	
442	446	-4	
442	506	3	
506	509	4	
504	509	-6	
440	504	2	
386	389	5	
387	389	-5	
387	451	-4	
451	453	-4	
450	453	9	
386	450	-3	
289	294	-3	
290	294	-5	
290	354	4	
354	356	-3	
353	356	7	
289	353	2	
24	28	-3	
26	28	-4	
26	31	5	
25	31	-7	
25	29	-6	
24	29	-4	
81	84	-4	
82	84	4	
82	87	5	
80	87	-6	
80	85	2	
81	85	-5	
256	260	-5	
259	260	4	
259	262	6	
258	262	2	
258	261	5	
256	261	3	
49	52	-1	
50	52	-4	
50	53	3	
51	53	4	
51	55	-4	
49	55	5	
344	348	-3	
346	348	6	
346	349	5	
347	349	3	
347	350	-3	
344	350	-5	
304	309	4	
305	309	6	
305	369	2	
369	372	4	
368	372	-4	
304	368	-3	
73	77	-4	
75	77	-3	
75	139	4	
139	143	3	
137	143	-5	
73	137	4	
104	111	5	
107	111	-3	
107	171	4	
171	172	4	
168	172	-3	
104	168	-3	
153	156	-5	
156	164	2	
161	164	7	
161	167	3	
159	167	1	
153	159	2	
434	436	3	
436	444	-6	
440	444	-3	
440	447	-6	
439	447	4	
434	439	-4	
475	476	-5	
476	484	3	
483	484	4	
483	487	3	
479	487	1	
475	479	3	
176	182	-3	
182	190	-2	
184	190	6	
184	191	-4	
183	191	2	
176	183	6	
66	71	4	
67	71	-5	
67	131	-3	
131	135	5	
130	135	4	
66	130	-2	
264	270	4	
266	270	5	
266	330	-3	
330	335	3	
328	335	3	
264	328	4	
337	342	-4	
338	342	3	
338	402	3	
402	406	3	
401	406	-3	
337	401	3	
457	460	-6	
460	468	-3	
464	468	3	
464	469	4	
461	469	-4	
457	461	6	
282	284	3	
284	292	3	
288	292	2	
288	294	-6	
286	294	-3	
282	286	-4	
8	12	4	
12	20	4	
17	20	6	
17	22	-3	
14	22	-2	
8	14	4	
488	492	-4	
492	500	2	
496	500	6	
496	503	5	
495	503	3	
488	495	4	
232	238	-4	
235	238	-5	
235	299	3	
299	302	-3	
296	302	-5	
232	296	-6	
201	206	-3	
206	214	3	
209	214	-3	
209	215	5	
207	215	3	
34	38	2	
35	38	5	
35	99	3	
99	102	-3	
34	98	-4	
307	308	2	
308	316	4	
314	316	6	
314	319	-5	
311	319	-4	
307	311	-6	
246	254	-3	
248	254	3	
248	255	4	
247	255	-4	
242	247	-3	
57	61	-4	
59	61	-6	
59	123	-2	
123	126	5	
121	126	-5	
57	121	-1	
417	421	-3	
421	429	4	
425	429	-4	
425	430	-5	
422	430	-3	
417	422	-5	
320	325	4	
321	325	-5	
321	385	-2	
385	390	3	
384	390	-5	
320	384	-3	
89	92	2	
92	100	-3	
96	100	2	
96	101	4	
93	101	1	
89	93	7	
450	452	4	
451	452	-6	
451	455	3	
448	454	-7	
450	454	-3	
48	52	-4	
50	114	5	
114	118	-5	
112	118	4	
48	112	5	
41	45	3	
42	45	-5	
42	46	3	
40	46	-3	
40	47	3	
272	276	-4	
273	276	-4	
274	277	4	
274	279	5	
272	279	3	
224	228	5	
226	228	-3	
226	231	6	
225	231	5	
224	230	3	
152	158	-4	
155	219	-4	
219	223	4	
216	223	-7	
152	216	3	
504	508	5	
506	508	-6	
506	510	-5	
505	510	-3	
505	509	6	
408	413	-3	
410	413	6	
410	414	5	
409	414	-4	
409	415	-5	
408	415	-2	
192	196	4	
194	198	4	
194	199	6	
192	199	2	
137	141	3	
141	149	3	
144	149	-4	
143	151	3	
312	318	-4	
315	318	-3	
315	379	3	
379	380	5	
312	376	3	
386	388	3	
388	396	-5	
392	396	6	
392	399	5	
391	399	-5	
386	391	-5	
240	244	3	
241	244	-3	
241	305	-3	
240	304	5	
202	206	-4	
203	206	-5	
203	205	-6	
200	205	-3	
0	4	-6	
3	4	5	
3	6	6	
2	6	-4	
146	148	7	
147	148	4	
147	149	-5	
145	149	4	
342	350	3	
345	350	-5	
343	351	-3	
337	343	3	
432	436	3	
433	436	-4	
433	497	3	
497	500	5	
432	496	-5	
179	180	-5	
179	183	4	
178	183	5	
178	182	-5	
177	182	6	
169	174	-4	
170	234	-3	
234	238	3	
233	238	3	
169	233	-3	
377	382	-5	
378	442	4	
442	445	-5	
377	441	3	
185	188	5	
187	190	-4	
184	189	4	
288	295	3	
291	355	1	
355	356	-4	
352	356	-3	
288	352	-3	
27	28	5	
27	91	-4	
90	95	-5	
26	90	-2	
154	156	-5	
154	218	-1	
217	220	-4	
153	217	-2	
11	13	-6	
11	14	-4	
9	14	6	
10	15	3	
83	85	4	
82	86	-4	
81	87	-2	
426	430	-4	
426	490	-5	
490	493	4	
425	489	-3	
427	491	-4	
488	494	-4	
424	488	-4	
464	471	4	
463	471	-3	
457	463	-3	
68	76	-3	
71	79	4	
65	71	6	
320	326	-4	
326	334	-4	
330	334	-4	
327	335	-5	
320	327	-3	
257	260	4	
257	262	4	
259	263	-3	
256	263	-4	
300	308	-2	
306	308	-4	
302	310	2	
297	302	-3	
483	485	-4	
480	487	-5	
480	486	-5	
265	269	4	
267	269	4	
267	271	-2	
264	271	-4	
265	270	-2	
32	36	-4	
35	36	-3	
35	37	-6	
33	37	-4	
32	39	-4	
434	437	4	
435	499	3	
499	501	3	
434	498	-5	
250	252	4	
251	255	4	
249	255	-4	
112	116	6	
114	116	-3	
114	117	4	
115	117	-3	
115	119	6	
112	119	2	
18	20	-4	
16	21	5	
17	23	3	
104	108	-3	
107	108	4	
107	110	5	
106	109	-3	
104	109	-4	
392	397	3	
394	397	-3	
394	458	5	
392	456	4	
371	373	-4	
371	375	3	
58	60	3	
59	62	5	
59	63	3	
473	476	4	
474	476	5	
474	478	4	
475	478	4	
475	477	4	
131	132	-6	
129	135	-4	
128	133	-4	
163	166	3	
160	167	5	
162	167	-4	
208	212	5	
210	215	4	
211	215	-3	
211	214	-4	
208	214	3	
404	412	3	
411	412	4	
411	415	5	
407	415	-4	
403	407	-4	
235	236	-3	
236	244	-3	
243	244	-3	
243	247	3	
239	247	-3	
235	239	-5	
216	222	2	
219	222	6	
219	283	1	
283	286	-4	
280	286	-3	
216	280	-1	
69	77	-3	
74	77	5	
70	78	6	
340	348	4	
341	349	-2	
324	332	4	
325	333	3	
323	325	-4	
401	405	3	
402	405	-3	
402	466	3	
401	465	-4	
24	31	-3	
25	89	2	
88	93	2	
24	88	-4	
121	124	2	
123	124	-7	
120	125	3	
120	127	-5	
121	127	-6	
289	293	2	
290	293	4	
353	358	-3	
136	141	-4	
138	141	-5	
138	143	-4	
139	142	5	
389	397	-4	
393	398	-4	
390	398	-6	
387	390	3	
42	44	-5	
44	52	-2	
51	52	6	
51	54	-4	
449	452	7	
449	454	-4	
315	317	-6	
313	318	-3	
313	319	3	
379	383	-3	
379	443	-3	
443	444	-5	
442	444	-2	
505	508	-2	
507	510	-6	
299	303	-3	
362	364	2	
298	362	4	
172	180	-4	
173	181	-3	
171	173	3	
417	420	-5	
482	487	-5	
481	487	-4	
417	481	-2	
370	375	4	
368	374	-5	
194	196	-4	
195	199	6	
193	199	-3	
193	197	4	
194	197	6	
275	277	-3	
282	285	-2	
278	286	-4	
227	228	3	
226	229	-2	
224	229	6	
99	100	-5	
96	102	5	
96	103	4	
97	103	4	
274	276	3	
276	284	3	
281	287	-5	
434	438	-3	
438	446	-5	
296	301	3	
301	309	3	
306	309	-2	
306	311	-4	
303	311	1	
296	303	-3	
355	357	4	
355	419	2	
416	421	5	
352	416	2	
48	55	-4	
49	113	4	
112	117	-2	
339	340	-4	
347	348	-5	
347	351	-3	
82	146	1	
145	148	-3	
81	145	-3	
409	412	5	
409	473	3	
473	479	3	
494	502	-1	
491	495	5	
66	69	5	
131	134	-4	
130	134	4	
258	263	-5	
258	322	-3	
320	324	-4	
256	320	2	
201	205	3	
205	213	-3	
210	213	1	
164	172	2	
169	172	-5	
167	175	4	
25	30	-1	
34	39	-6	
31	39	1	
267	331	2	
329	334	3	
265	329	1	
237	245	-2	
241	245	-2	
241	247	4	
233	239	3	
40	44	4	
43	47	4	
1	5	4	
400	406	-5	
403	467	-4	
467	470	3	
464	470	4	
400	464	3	
155	157	-4	
219	221	4	
216	221	3	
186	250	-3	
250	254	3	
249	254	-5	
185	249	2	
8	15	-7	
9	73	4	
73	79	3	
8	72	3	
361	365	-4	
363	365	-3	
363	427	2	
427	431	-6	
425	431	3	
361	425	2	
106	108	-6	
105	110	-3	
105	111	-3	
225	229	-3	
225	289	-3	
289	292	-5	
224	288	4	
17	21	3	
18	23	-4	
19	22	4	
458	463	2	
458	461	-3	
58	61	3	
57	63	4	
385	388	5	
387	388	4	
387	391	2	
384	389	-4	
385	389	2	
91	92	4	
88	94	3	
89	94	-5	
356	364	-2	
361	367	-3	
359	367	2	
353	359	3	
484	492	-3	
485	493	-3	
482	485	3	
240	246	-5	
243	246	4	
243	307	2	
304	311	4	
234	236	6	
234	298	-1	
298	302	4	
202	205	-2	
200	206	3	
401	404	-5	
402	404	4	
402	407	4	
258	260	4	
259	261	4	
34	36	-5	
98	101	3	
33	97	-2	
322	325	-2	
322	327	3	
323	326	3	
330	332	4	
330	333	3	
331	335	-7	
153	157	-4	
157	165	-2	
158	166	1	
153	158	5	
393	396	-3	
386	390	3	
147	211	2	
211	212	2	
144	208	-4	
441	444	2	
195	198	-4	
50	55	-7	
113	116	4	
73	76	3	
139	141	-3	
64	68	-3	
65	129	2	
128	135	5	
64	128	1	
273	278	3	
274	278	-4	
274	338	-1	
338	341	4	
337	341	4	
273	337	-3	
500	508	-4	
507	508	3	
502	510	-3	
497	502	3	
218	221	-4	
218	282	-2	
282	287	-6	
217	281	-2	
8	13	-2	
85	93	5	
90	93	-2	
86	94	-4	
178	181	-3	
177	183	-2	
411	475	4	
371	435	3	
368	432	-1	
290	292	-2	
292	300	3	
297	301	5	
184	188	5	
186	189	4	
186	190	4	
26	30	6	
26	29	3	
466	468	-4	
467	469	-4	
465	469	-4	
424	430	4	
490	495	1	
170	173	7	
171	174	4	
168	175	4	
275	276	-4	
275	339	1	
339	342	-3	
336	342	-6	
272	336	-3	
242	244	4	
244	252	4	
248	253	5	
245	253	5	
242	245	-4	
280	285	3	
283	347	5	
416	422	4	
419	483	-4	
483	486	5	
305	308	-5	
310	318	5	
305	310	3	
99	103	4	
32	96	-3	
454	462	3	
459	462	3	
455	463	-4	
264	268	-3	
266	268	-3	
267	270	-6	
264	269	4	
428	436	1	
429	437	-1	
424	429	3	
501	509	1	
504	511	-4	
503	511	-2	
498	503	-3	
66	70	4	
229	237	3	
235	237	3	
230	238	3	
227	230	4	
40	45	4	
41	105	-4	
40	104	-4	
52	60	-3	
56	61	5	
53	61	4	
148	156	4	
154	159	5	
151	159	-2	
146	151	-3	
16	20	2	
19	20	-4	
19	83	3	
83	87	3	
16	80	-3	
345	349	4	
346	410	-1	
409	413	-4	
345	409	-1	
214	222	2	
215	223	2	
394	399	-4	
456	461	-1	
312	319	4	
313	377	-3	
376	383	-4	
133	141	2	
134	142	2	
354	418	-1	
353	417	-3	
161	165	3	
163	167	-3	
370	372	5	
371	372	2	
368	375	-3	
368	373	-4	
370	373	-3	
440	445	-2	
441	446	-4	
441	447	-2	
448	453	-4	
472	477	5	
251	254	6	
291	292	-3	
290	295	-2	
121	125	-8	
3	5	4	
344	349	-1	
349	357	-3	
351	359	3	
80	84	-6	
144	150	2	
47	55	1	
129	132	4	
136	143	-5	
379	382	-6	
187	251	2	
184	248	1	
268	276	2	
271	279	-2	
498	500	2	
496	502	2	
201	204	2	
204	212	-3	
209	213	4	
430	438	2	
433	438	3	
431	439	2	
339	403	3	
195	259	-2	
193	257	-3	
294	302	1	
238	246	-2	
20	28	2	
23	31	-2	
168	232	-1	
242	306	-2	
91	155	3	
155	156	1	
89	153	2	
256	262	4	
262	270	-2	
265	271	4	
299	301	3	
331	332	3	
329	335	-1	
105	169	-3	
113	118	3	
210	214	-5	
210	274	3	
179	182	2	
437	445	-5	
432	437	4	
507	509	-3	
504	510	3	
74	76	-1	
72	77	4	
489	494	4	
489	495	-5	
90	154	3	
88	152	2	
420	428	3	
425	428	-3	
309	317	-3	
162	226	3	
226	230	3	
160	224	1	
21	29	-2	
22	30	2	
345	348	-3	
469	477	1	
470	478	3	
357	365	2	
249	252	-2	
418	422	2	
482	486	-2	
149	157	-2	
150	158	-4	
147	150	5	
2	66	4	
66	68	-3	
0	64	4	
212	220	1	
216	220	4	
213	221	3	
82	85	3	
89	95	2	
87	95	2	
54	62	-2	
50	54	-1	
135	143	-2	
43	44	3	
43	107	-3	
107	109	3	
406	414	4	
410	415	4	
296	300	3	
321	324	-2	
257	321	-2	
163	227	-2	
161	225	-2	
282	346	3	
75	79	2	
272	277	-2	
336	343	-3	
137	142	-4	
139	203	3	
137	201	2	
443	446	-2	
443	447	-4	
435	439	3	
10	14	3	
251	253	2	
250	255	-4	
37	45	2	
41	46	-4	
38	46	3	
171	175	-4	
171	235	-1	
49	54	6	
217	222	-3	
27	31	2	
472	476	-1	
481	484	-5	
450	455	-3	
76	84	-3	
78	86	2	
73	78	-2	
3	67	3	
1	65	3	
352	358	3	
145	151	4	
496	501	2	
56	62	-3	
56	120	1	
378	380	4	
419	420	2	
418	421	4	
42	47	-4	
42	106	3	
175	183	1	
17	81	-3	
459	461	-6	
462	470	-2	
347	411	-1	
344	408	-1	
200	207	-1	
202	207	-3	
298	300	-3	
160	165	4	
161	166	2	
233	297	2	
403	405	-1	
369	374	4	
435	436	-3	
369	433	-3	
227	291	2	
55	63	-1	
323	387	2	
314	318	3	
35	39	-3	
98	100	-1	
401	407	2	
442	447	-2	
350	358	3	
346	350	3	
104	110	3	
110	118	3	
111	119	1	
226	290	-3	
281	285	-3	
506	511	4	
74	138	-3	
472	478	4	
364	372	-2	
33	38	-5	
174	182	-2	
322	386	-1	
452	460	-3	
493	501	-2	
315	319	4	
305	311	1	
24	30	4	
426	428	-2	
337	340	-3	
408	414	-3	
185	190	-2	
466	469	3	
376	440	-2	
307	309	-2	
486	494	-4	
196	204	-2	
198	206	-2	
152	156	-3	
25	28	4	
28	36	2	
281	286	-2	
499	500	3	
51	115	-2	
79	87	2	
456	460	2	
457	462	-2	
114	119	2	
170	172	2	
177	181	2	
313	316	4	
129	193	-1	
128	192	2	
10	74	2	
333	341	1	
334	342	1	
392	398	2	
372	380	-1	
375	383	-2	
166	174	-2	
240	247	-3	
13	21	3	
280	287	-2	
260	268	-1	
289	295	-3	
197	205	-3	
199	207	-3	
97	102	-2	
354	359	3	
209	273	-2	
200	264	1	
304	308	-3	
131	133	-2	
283	284	2	
285	293	-2	
393	457	1	
4	12	-1	
9	12	1	
6	14	1	
49	53	-4	
180	188	2	
181	189	-2	
259	323	1	
471	479	-2	
363	367	-4	
162	164	2	
297	303	1	
59	60	-4	
99	101	2	
99	163	-3	
97	161	3	
453	461	-2	
146	149	2	
328	333	3	
329	393	3	
328	392	-2	
95	103	2	
203	204	-2	
480	485	3	
405	413	3	
269	277	-1	
208	215	-3	
77	85	1	
34	37	1	
228	236	4	
384	388	-3	
270	278	1	
81	86	-3	
165	173	-2	
451	454	3	
72	78	-1	
474	477	-1	
192	256	-2	
18	82	3	
288	293	2	
465	471	-2	
370	434	-1	
275	279	1	
11	75	1	
346	351	-2	
312	317	-2	
109	117	2	
187	191	-2	
291	294	2	
287	295	2	
491	492	-2	
488	493	2	
72	136	-1	
374	382	1	
65	69	1	
67	70	1	
336	400	-1	
144	148	2	
231	239	2	
449	453	-1	
353	357	-2	
83	84	2	
64	71	-1	
330	394	1	
194	258	1	
202	266	1	
314	378	-1	
218	223	1	
487	495	-2	
98	162	-2	
96	160	-2	
84	92	-1	
176	180	-1	
332	340	1	
335	343	-1	
224	231	-1	
91	93	-1	
219	220	1	
114	178	1	
112	176	1	
232	237	1	
115	179	-1	
113	177	1	
348	356	1	
15	23	1	
304	310	1	
130	194	-1	
Energy:	-3792	
