NumberOfQubits	504	
NumberOfSubgraphs	756	
Serial	168	
PlantedSolution:	
0	-1	
1	-1	
2	1	
3	1	
4	1	
5	1	
6	1	
8	-1	
9	1	
10	1	
11	-1	
12	-1	
13	1	
14	-1	
15	-1	
16	-1	
17	-1	
18	-1	
19	1	
20	1	
21	-1	
22	-1	
23	-1	
24	1	
25	-1	
26	1	
27	-1	
28	1	
29	-1	
30	1	
31	-1	
32	-1	
33	-1	
34	-1	
35	1	
36	1	
37	1	
38	1	
39	1	
40	-1	
41	-1	
42	-1	
43	-1	
44	1	
45	-1	
46	-1	
47	1	
48	1	
49	-1	
50	-1	
51	1	
52	1	
53	1	
54	1	
55	1	
56	-1	
57	-1	
58	-1	
59	1	
60	1	
61	-1	
62	-1	
63	-1	
64	-1	
65	-1	
66	1	
67	1	
68	-1	
69	-1	
70	-1	
71	-1	
72	1	
73	1	
74	1	
75	1	
76	-1	
77	-1	
78	-1	
79	-1	
80	-1	
81	-1	
82	1	
83	-1	
84	1	
85	-1	
86	1	
87	1	
88	1	
89	1	
90	-1	
91	-1	
92	-1	
93	1	
94	1	
95	-1	
96	-1	
97	-1	
98	-1	
99	1	
100	1	
101	-1	
102	1	
103	1	
104	1	
105	1	
106	1	
107	-1	
108	1	
109	-1	
110	1	
111	1	
112	-1	
113	-1	
114	1	
115	1	
116	1	
117	-1	
118	-1	
119	-1	
120	1	
121	-1	
123	1	
124	-1	
125	-1	
126	1	
127	1	
128	-1	
129	1	
130	-1	
131	1	
132	-1	
133	1	
134	1	
135	1	
136	1	
137	1	
138	-1	
139	1	
141	1	
142	-1	
143	-1	
144	-1	
145	-1	
146	-1	
147	1	
148	-1	
149	-1	
150	-1	
151	-1	
152	-1	
153	-1	
154	1	
155	1	
156	-1	
157	1	
158	-1	
159	1	
160	-1	
161	-1	
162	1	
163	-1	
164	-1	
165	-1	
166	-1	
167	-1	
168	1	
169	1	
170	1	
171	-1	
172	1	
173	-1	
174	1	
175	1	
176	-1	
177	1	
178	-1	
179	1	
180	-1	
181	-1	
182	-1	
183	-1	
184	-1	
185	1	
186	1	
187	1	
188	-1	
189	1	
190	1	
191	1	
192	1	
193	-1	
194	-1	
195	1	
196	-1	
197	-1	
198	1	
199	1	
200	1	
201	-1	
202	-1	
203	1	
204	1	
205	1	
206	1	
207	1	
208	1	
209	-1	
210	1	
211	1	
212	1	
213	1	
214	1	
215	1	
216	1	
217	1	
218	-1	
219	-1	
220	-1	
221	1	
222	1	
223	-1	
224	-1	
225	-1	
226	-1	
227	1	
228	-1	
229	-1	
230	-1	
231	-1	
232	1	
233	1	
234	1	
235	1	
236	1	
237	-1	
238	-1	
239	1	
240	1	
241	1	
242	1	
243	-1	
244	1	
245	-1	
246	-1	
247	1	
248	-1	
249	-1	
250	1	
251	1	
252	-1	
253	-1	
254	1	
255	1	
256	1	
257	-1	
258	-1	
259	-1	
260	-1	
261	1	
262	1	
263	-1	
264	1	
265	-1	
266	1	
267	1	
268	-1	
269	-1	
270	1	
271	1	
272	1	
273	-1	
274	1	
275	1	
276	1	
277	-1	
278	-1	
279	-1	
280	-1	
281	-1	
282	1	
283	1	
284	1	
285	-1	
286	1	
287	1	
288	1	
289	-1	
290	-1	
291	1	
292	1	
293	1	
294	-1	
295	-1	
296	-1	
297	1	
298	-1	
299	1	
300	1	
301	1	
302	1	
303	-1	
304	-1	
305	1	
306	1	
307	1	
308	1	
309	1	
310	1	
311	-1	
312	1	
313	1	
314	1	
315	1	
316	1	
317	1	
318	1	
319	-1	
320	-1	
321	-1	
322	-1	
323	1	
324	1	
325	-1	
326	-1	
327	-1	
328	1	
329	1	
330	1	
331	-1	
332	1	
333	-1	
334	1	
335	-1	
336	-1	
337	1	
338	-1	
339	-1	
340	-1	
341	-1	
342	1	
343	1	
344	1	
345	1	
346	1	
347	1	
348	-1	
349	1	
350	-1	
351	-1	
352	1	
353	-1	
354	1	
355	1	
356	-1	
357	1	
358	1	
359	1	
361	-1	
362	-1	
363	1	
364	1	
365	1	
367	-1	
368	-1	
369	-1	
370	-1	
371	1	
372	-1	
373	1	
374	-1	
375	1	
376	1	
377	-1	
378	1	
379	1	
380	1	
382	-1	
383	1	
384	-1	
385	1	
386	1	
387	-1	
388	-1	
389	1	
390	-1	
391	-1	
392	-1	
393	1	
394	-1	
396	-1	
397	-1	
398	-1	
399	-1	
400	-1	
401	-1	
402	-1	
403	-1	
404	-1	
405	1	
406	-1	
407	-1	
408	-1	
409	1	
410	1	
411	1	
412	1	
413	1	
414	1	
415	1	
416	-1	
417	-1	
418	-1	
419	-1	
420	-1	
421	-1	
422	-1	
424	1	
425	1	
426	-1	
427	1	
428	1	
429	-1	
430	-1	
431	1	
432	-1	
433	-1	
434	1	
435	-1	
436	1	
437	-1	
438	1	
439	-1	
440	1	
441	-1	
442	-1	
443	1	
444	1	
445	-1	
446	1	
447	-1	
448	1	
449	-1	
450	-1	
451	1	
452	1	
453	1	
454	1	
455	-1	
456	1	
457	1	
458	-1	
459	-1	
460	1	
461	-1	
462	-1	
463	-1	
464	-1	
465	1	
466	1	
467	-1	
468	-1	
469	1	
470	-1	
471	1	
472	1	
473	-1	
474	-1	
475	-1	
476	-1	
477	-1	
478	-1	
479	1	
480	-1	
481	-1	
482	-1	
483	1	
484	1	
485	-1	
486	-1	
487	1	
488	-1	
489	-1	
490	-1	
491	1	
492	1	
493	1	
494	1	
495	-1	
496	1	
497	1	
498	-1	
499	1	
500	-1	
501	-1	
502	1	
503	1	
504	1	
505	1	
506	1	
507	-1	
508	-1	
509	-1	
510	-1	
511	-1	
Js:	
210	215	-4	
211	215	-3	
211	275	-2	
275	278	3	
274	278	5	
210	274	1	
265	269	-4	
267	269	-2	
267	271	-5	
266	271	-2	
266	270	-6	
265	270	3	
425	428	-4	
426	428	5	
426	429	3	
424	429	5	
424	431	-4	
425	431	-5	
347	348	5	
348	356	-2	
353	356	3	
353	359	4	
351	359	3	
347	351	4	
217	220	5	
218	220	-5	
218	222	4	
216	222	-5	
216	221	-4	
217	221	4	
403	404	-4	
404	412	-3	
410	412	-5	
410	414	-2	
406	414	3	
403	406	-4	
17	22	-2	
19	22	4	
19	83	-4	
83	84	4	
81	84	4	
17	81	-6	
384	388	-4	
387	388	-3	
387	451	1	
451	455	4	
448	455	6	
384	448	-2	
169	173	5	
173	181	-4	
178	181	-5	
178	183	-4	
175	183	-3	
169	175	-3	
256	260	-4	
257	260	-4	
257	261	6	
258	261	6	
258	263	-6	
256	263	4	
432	436	2	
433	436	-4	
433	437	-4	
434	437	2	
434	439	4	
432	439	-4	
475	478	-5	
478	486	-1	
482	486	-4	
482	487	4	
479	487	1	
475	479	4	
112	116	3	
113	116	2	
113	119	-3	
114	119	-2	
114	117	3	
112	117	-6	
104	108	-2	
105	108	-5	
105	109	-5	
107	109	-4	
107	111	3	
104	111	-6	
225	229	-4	
226	229	-3	
226	231	-5	
224	231	-5	
224	230	-3	
225	230	-5	
440	444	-3	
443	444	-4	
443	445	-5	
441	445	-3	
441	447	-5	
440	447	4	
168	174	-7	
170	174	-4	
170	234	-2	
234	239	-3	
232	239	-5	
168	232	-3	
32	36	5	
34	36	4	
34	38	4	
35	38	-4	
35	39	-5	
32	39	-3	
307	309	-4	
309	317	-4	
312	317	-4	
312	318	-6	
310	318	-3	
307	310	-3	
89	95	3	
90	95	-6	
90	154	-1	
154	158	5	
153	158	-4	
89	153	3	
290	292	5	
291	292	-4	
291	295	3	
289	295	-4	
289	293	4	
290	293	-4	
65	68	-6	
67	68	2	
67	69	5	
64	69	-4	
64	71	-5	
65	71	2	
305	308	-3	
306	308	-6	
306	370	4	
370	373	5	
369	373	-4	
305	369	4	
10	12	3	
12	20	3	
16	20	4	
16	21	-5	
13	21	4	
10	13	-5	
320	325	-6	
325	333	-3	
328	333	-3	
328	335	3	
327	335	-2	
320	327	-5	
193	197	-4	
195	197	3	
195	198	-4	
194	198	4	
194	199	5	
193	199	-3	
200	204	-5	
202	204	7	
202	207	3	
201	207	-4	
201	205	4	
200	205	-2	
240	244	3	
243	244	6	
243	246	-4	
241	246	4	
241	245	3	
240	245	5	
40	45	-4	
45	53	2	
48	53	-3	
48	54	5	
46	54	1	
40	46	-5	
490	492	5	
492	500	1	
498	500	-5	
498	501	-3	
493	501	-3	
490	493	4	
298	301	3	
299	301	-2	
299	363	-4	
363	364	-5	
362	364	4	
298	362	4	
72	79	3	
74	79	3	
74	138	5	
138	142	-4	
136	142	4	
72	136	3	
186	190	5	
187	190	-5	
187	251	-3	
251	253	3	
250	253	3	
186	250	-3	
280	285	-5	
283	285	5	
283	287	-3	
282	287	-2	
282	286	3	
280	286	3	
1	4	6	
2	4	-5	
2	5	-3	
3	5	-6	
3	6	-6	
1	6	5	
51	52	-2	
52	60	-5	
58	60	5	
58	63	-6	
55	63	-4	
51	55	-7	
161	165	-5	
163	165	-4	
163	167	-2	
162	167	4	
162	166	-4	
161	166	-3	
128	132	-3	
131	132	5	
131	134	-5	
129	134	-4	
129	133	-5	
128	133	5	
329	334	-4	
330	334	-4	
330	394	1	
394	398	-6	
393	398	-4	
329	393	-3	
24	28	-4	
25	28	-4	
25	29	-7	
26	29	3	
26	31	7	
24	31	5	
449	452	6	
452	460	-3	
459	460	5	
459	461	-6	
453	461	4	
449	453	7	
56	61	3	
59	61	4	
59	123	-4	
123	127	-2	
120	127	-6	
56	120	2	
465	469	-4	
467	469	4	
467	471	5	
466	471	-2	
466	470	-5	
465	470	4	
336	341	-6	
337	341	3	
337	343	2	
339	343	4	
339	342	6	
336	342	2	
417	420	-4	
419	420	-2	
419	421	-4	
418	421	-4	
418	422	-5	
417	422	-4	
321	326	-4	
322	326	-5	
322	386	-2	
386	389	-2	
385	389	-4	
321	385	3	
98	100	3	
99	100	-4	
99	101	2	
97	101	-5	
97	103	2	
98	103	6	
377	380	5	
379	380	-6	
379	383	-3	
378	383	-5	
378	382	-2	
377	382	-4	
504	509	4	
506	509	5	
506	511	-2	
507	511	-4	
507	510	-6	
504	510	4	
488	494	4	
494	502	-3	
496	502	-6	
496	503	-6	
495	503	-1	
488	495	-6	
144	148	-5	
146	148	-4	
146	150	-5	
145	150	-6	
145	149	-4	
144	149	-6	
473	476	-4	
476	484	-1	
481	484	5	
481	485	-5	
477	485	-1	
473	477	-7	
88	92	3	
91	92	-4	
91	155	3	
155	157	-3	
152	157	3	
88	152	-1	
208	212	-3	
209	212	4	
209	273	2	
273	276	5	
272	276	-5	
208	272	-3	
9	14	5	
11	14	3	
11	75	3	
75	78	2	
73	78	5	
9	73	-2	
346	349	-4	
349	357	3	
354	357	-3	
354	358	-7	
350	358	2	
346	350	4	
401	405	5	
405	413	-2	
409	413	-5	
409	415	-4	
407	415	2	
401	407	2	
184	188	-3	
185	188	3	
185	249	4	
249	255	6	
248	255	-4	
184	248	-4	
368	375	4	
371	375	-4	
371	435	-2	
435	438	2	
432	438	5	
368	432	-2	
233	238	5	
235	238	6	
235	299	-3	
299	300	-4	
297	300	-4	
233	297	1	
177	180	3	
179	180	4	
179	183	3	
176	183	-5	
176	182	-3	
177	182	-4	
80	85	-3	
85	93	4	
88	93	-5	
88	94	-3	
86	94	-2	
80	86	-3	
457	460	-3	
458	460	5	
458	462	-5	
456	462	5	
456	463	5	
457	463	4	
313	316	-5	
315	316	4	
315	319	5	
314	319	4	
314	318	-5	
313	318	-3	
41	44	-5	
42	44	1	
42	47	5	
43	47	5	
43	46	-5	
41	46	-2	
115	117	4	
117	125	4	
121	125	-5	
121	126	5	
118	126	5	
115	118	4	
139	141	-4	
141	149	-1	
147	149	4	
147	151	4	
143	151	-1	
139	143	6	
296	302	4	
302	310	-2	
304	310	4	
304	311	-5	
303	311	2	
296	303	-5	
323	324	-3	
324	332	-3	
331	332	-5	
331	333	-6	
323	325	4	
389	397	4	
392	397	-3	
392	399	-5	
391	399	-4	
386	391	4	
96	101	-3	
101	109	-3	
106	109	4	
106	110	-3	
102	110	2	
96	102	5	
17	23	-5	
18	23	-5	
18	82	4	
82	87	4	
81	87	2	
192	196	5	
195	196	-5	
195	259	2	
259	262	6	
256	262	-3	
192	256	-3	
27	29	-3	
29	37	-3	
33	37	5	
33	38	4	
30	38	-2	
27	30	7	
160	164	-5	
164	172	1	
171	172	5	
171	175	4	
167	175	1	
160	167	3	
355	357	-6	
357	365	-2	
361	365	5	
361	367	-4	
359	367	1	
355	359	3	
400	405	3	
402	405	4	
402	466	2	
466	468	6	
464	468	-3	
400	464	-4	
66	70	5	
67	70	3	
67	131	-1	
131	135	-3	
130	135	5	
66	130	-1	
203	205	-5	
205	213	-3	
211	213	4	
211	214	-5	
206	214	-4	
203	206	-4	
219	220	-3	
220	228	-2	
227	228	5	
227	231	3	
223	231	-3	
219	223	3	
441	446	4	
442	446	3	
442	506	2	
506	508	-6	
505	508	5	
441	505	2	
425	430	4	
427	430	3	
427	491	-4	
491	494	-3	
489	494	4	
425	489	-3	
280	284	2	
281	284	4	
281	345	2	
345	351	4	
344	351	-1	
280	344	3	
50	52	5	
57	60	-4	
57	62	-6	
54	62	3	
50	54	4	
408	412	5	
410	474	5	
474	476	4	
472	476	3	
408	472	4	
264	269	3	
269	277	-3	
275	277	4	
275	279	4	
271	279	-2	
264	271	-4	
242	246	3	
246	254	3	
248	254	4	
247	255	-3	
242	247	-4	
416	420	-7	
419	483	6	
483	484	-4	
480	484	4	
416	480	4	
288	294	5	
289	294	2	
289	353	-3	
353	358	5	
352	358	-3	
288	352	-3	
8	15	-6	
11	15	3	
75	77	5	
72	77	4	
8	72	2	
369	372	-3	
372	380	2	
376	380	3	
376	382	4	
374	382	-5	
369	374	-2	
496	501	4	
499	501	6	
499	502	-3	
497	502	-3	
497	503	-6	
228	236	3	
234	236	-5	
234	237	3	
229	237	-3	
227	229	4	
450	452	3	
450	454	-6	
451	454	-5	
451	453	-3	
336	340	-3	
337	340	5	
338	343	4	
338	341	-4	
154	156	4	
155	156	3	
155	158	3	
152	158	-3	
152	159	4	
154	159	-3	
185	189	-5	
186	189	-3	
187	191	-3	
185	191	-5	
73	76	4	
74	76	5	
138	141	3	
137	141	-5	
73	137	3	
385	388	5	
388	396	3	
394	396	-4	
390	398	-3	
385	390	2	
260	268	3	
267	268	5	
267	270	-3	
262	270	-2	
257	262	6	
116	124	4	
120	124	5	
119	127	5	
112	119	-4	
244	252	4	
249	252	-2	
249	253	-4	
245	253	-4	
0	4	3	
2	66	-5	
66	71	3	
0	64	-5	
49	53	2	
51	53	-4	
51	115	-3	
113	118	-4	
49	113	-5	
411	413	-3	
413	421	3	
417	421	3	
414	422	2	
411	414	-2	
480	485	-3	
485	493	3	
490	495	-4	
487	495	-4	
480	487	3	
437	445	-4	
440	445	5	
440	446	-4	
438	446	-5	
433	438	-2	
147	148	5	
147	150	4	
145	151	3	
144	151	-3	
204	212	-2	
210	212	-5	
210	214	-2	
202	206	3	
370	372	-2	
371	372	4	
371	373	-3	
368	373	3	
370	375	3	
291	293	-2	
293	301	-4	
297	301	-3	
297	302	-4	
294	302	2	
291	294	4	
217	223	3	
219	283	2	
283	286	-5	
281	286	2	
217	281	3	
344	350	4	
345	350	3	
345	409	-4	
408	415	4	
344	408	-2	
80	84	3	
83	86	3	
82	86	-4	
80	87	4	
36	44	-2	
40	44	5	
40	47	1	
39	47	1	
34	39	4	
467	470	-2	
470	478	-3	
472	478	4	
472	479	2	
471	479	-3	
19	20	-6	
19	23	3	
18	22	4	
16	22	-3	
232	237	-4	
233	237	3	
235	239	-4	
160	166	-5	
161	225	3	
160	224	-4	
304	308	-2	
306	309	-3	
305	309	-3	
305	311	3	
25	30	2	
27	91	-3	
91	94	4	
89	94	-5	
25	89	-2	
328	332	-2	
329	332	4	
329	335	3	
330	335	6	
328	334	-5	
361	364	6	
362	365	4	
363	365	-4	
363	367	5	
504	508	4	
505	510	3	
507	509	-5	
168	172	2	
172	180	4	
179	182	4	
174	182	3	
392	396	-3	
396	404	-4	
402	404	-3	
402	407	4	
399	407	-4	
97	100	5	
99	102	-4	
96	103	-4	
208	213	-3	
209	213	3	
273	277	-4	
272	277	4	
456	461	-5	
459	463	-3	
458	463	-6	
379	443	-3	
443	447	4	
442	447	-3	
378	442	4	
129	132	4	
130	132	-4	
130	194	-3	
193	198	-4	
129	193	3	
424	428	-4	
426	430	-4	
427	431	4	
57	63	-2	
59	63	4	
123	125	-4	
57	121	-4	
107	108	4	
107	171	-3	
171	173	-4	
105	169	2	
250	254	-2	
251	254	-5	
251	315	-2	
315	317	-5	
314	317	1	
250	314	-2	
322	324	-4	
323	326	4	
321	327	-4	
322	327	-4	
8	12	3	
9	12	4	
10	14	4	
8	13	3	
128	134	3	
134	142	2	
139	142	4	
135	143	4	
128	135	-4	
282	284	-4	
284	292	-4	
290	295	-4	
287	295	-2	
200	207	-2	
201	265	-4	
265	268	-3	
264	268	3	
200	264	-4	
177	181	5	
178	242	-5	
241	247	-4	
177	241	-4	
153	156	3	
156	164	-4	
162	164	1	
162	165	4	
157	165	3	
153	157	3	
434	436	-3	
435	436	4	
435	499	5	
499	500	-3	
434	498	5	
400	406	4	
401	406	-3	
401	465	3	
464	469	6	
274	279	5	
275	339	-3	
338	342	3	
274	338	3	
42	45	-3	
43	45	-4	
43	107	1	
107	110	3	
42	106	4	
346	348	3	
355	356	5	
1	5	4	
0	6	6	
68	76	-3	
72	76	4	
69	77	-3	
65	69	-3	
384	390	-5	
386	390	5	
386	450	2	
450	455	-5	
312	316	-4	
313	377	-4	
312	376	-2	
26	28	-4	
26	90	4	
90	93	3	
24	88	3	
56	60	4	
59	60	2	
58	61	-5	
58	62	-2	
56	62	-5	
186	188	4	
186	191	-3	
184	189	4	
296	300	4	
298	300	4	
298	303	-2	
297	303	-4	
419	422	-5	
483	486	-4	
418	482	-6	
193	196	-3	
194	196	-2	
192	199	-3	
192	197	3	
218	221	-3	
218	282	3	
282	285	4	
216	280	2	
35	36	-3	
33	39	3	
32	37	-3	
49	52	4	
50	55	2	
48	55	-2	
49	54	3	
259	263	-5	
475	476	-4	
473	479	5	
474	477	-2	
427	429	5	
491	492	-6	
488	492	-1	
424	488	4	
387	389	5	
393	397	-3	
393	399	2	
387	391	-5	
98	101	3	
104	109	2	
103	111	-2	
64	70	-2	
70	78	-4	
74	78	3	
71	79	4	
288	295	4	
290	354	2	
354	356	-3	
352	356	4	
114	116	4	
123	124	4	
123	126	-4	
114	118	4	
266	268	2	
268	276	2	
273	278	2	
270	278	3	
433	439	-4	
498	502	3	
433	497	2	
243	247	4	
137	142	4	
139	203	-3	
201	206	-2	
137	201	4	
131	133	-3	
133	141	-2	
136	141	-3	
136	143	-5	
82	84	-2	
84	92	-2	
89	92	3	
89	93	-2	
82	85	3	
163	164	-4	
159	167	3	
153	159	2	
345	349	-2	
347	349	-3	
347	411	-3	
409	414	-5	
401	404	-3	
403	467	-3	
467	468	-4	
465	468	-2	
9	13	-2	
17	21	-4	
15	23	-3	
9	15	-3	
222	230	3	
226	230	-4	
218	223	1	
457	461	4	
457	462	3	
454	462	-2	
449	454	2	
170	172	-3	
176	180	-4	
170	175	-4	
441	444	3	
443	507	-2	
505	511	6	
332	340	5	
339	340	-3	
334	342	-1	
331	334	4	
484	492	-3	
489	492	4	
489	493	4	
304	309	-3	
307	371	-4	
371	374	3	
368	374	-4	
304	368	-2	
27	31	3	
91	95	-2	
146	149	-2	
146	210	4	
208	215	3	
144	208	3	
320	324	3	
321	324	5	
385	391	-3	
384	391	-2	
320	384	-2	
235	236	-3	
234	298	-2	
352	359	-4	
353	417	1	
352	416	2	
312	319	2	
41	105	2	
105	110	-3	
104	110	-4	
40	104	3	
78	86	-2	
83	87	3	
79	87	1	
75	79	6	
50	53	5	
50	114	2	
48	112	4	
429	437	-1	
435	437	-4	
430	438	2	
155	159	-3	
155	219	-3	
219	222	3	
152	216	4	
66	68	3	
65	70	4	
162	226	4	
226	228	-1	
224	228	-3	
243	245	-2	
248	253	4	
392	398	-3	
393	457	-4	
456	460	-1	
392	456	2	
274	277	-2	
277	285	-1	
281	285	-2	
281	287	5	
279	287	3	
41	45	-4	
42	46	-5	
41	47	5	
338	402	-3	
400	407	-3	
336	400	-3	
169	174	-2	
169	233	3	
233	236	-2	
232	236	-4	
267	331	2	
264	328	-3	
179	181	-2	
181	189	2	
184	190	4	
182	190	1	
202	205	2	
209	215	4	
207	215	1	
20	28	-3	
24	30	2	
22	30	3	
99	163	3	
97	161	1	
469	477	-2	
472	477	5	
464	470	-3	
344	348	4	
411	415	-3	
497	500	5	
500	508	-2	
501	509	-2	
497	501	2	
130	134	2	
130	133	3	
57	61	-2	
120	126	-2	
376	383	-5	
442	444	-5	
376	440	-2	
305	310	-3	
306	310	3	
370	374	-4	
227	291	3	
289	292	2	
225	289	-1	
362	367	-5	
480	486	-4	
486	494	2	
489	495	-3	
11	12	-4	
8	14	-4	
451	452	-3	
448	454	-3	
146	151	-4	
266	269	4	
266	330	3	
265	329	2	
322	325	-2	
323	327	3	
428	436	-2	
431	439	3	
32	38	4	
34	98	-3	
98	102	-2	
32	96	-3	
276	284	-2	
283	284	-2	
278	286	2	
272	278	-3	
49	55	-2	
115	119	3	
106	108	-2	
170	173	3	
106	170	-2	
502	510	2	
504	511	4	
503	511	-2	
187	188	5	
251	252	4	
250	252	4	
3	4	-3	
2	6	3	
394	397	-4	
288	293	-3	
296	301	5	
295	303	-3	
211	212	3	
200	206	-2	
76	84	-1	
81	85	-4	
77	85	-2	
73	77	3	
354	359	-3	
346	351	4	
460	468	-1	
463	471	1	
412	420	1	
416	421	-3	
410	413	4	
31	39	2	
25	31	-3	
307	308	-4	
308	316	2	
314	316	-3	
311	319	-3	
307	311	3	
178	182	-3	
240	246	3	
176	240	3	
313	317	-4	
315	379	-3	
154	218	-2	
153	217	3	
339	403	-2	
403	405	-2	
337	401	2	
18	21	-2	
16	80	-4	
90	92	-3	
88	95	3	
235	237	2	
232	238	2	
258	260	-4	
256	261	-3	
481	487	3	
197	205	4	
203	207	-4	
199	207	-4	
474	479	3	
368	372	-5	
369	375	3	
121	127	3	
137	143	2	
138	143	-2	
242	244	-3	
241	244	-1	
291	355	-2	
352	357	-2	
336	343	3	
402	406	-2	
219	221	2	
106	111	-3	
323	387	1	
387	390	-3	
184	191	3	
432	437	-3	
432	496	-2	
37	45	1	
35	37	-3	
1	65	-3	
64	68	-2	
448	453	-4	
459	462	-4	
194	197	-4	
195	199	-3	
192	198	-3	
75	76	1	
74	77	-1	
344	349	4	
53	61	4	
161	164	-3	
225	228	-4	
19	21	1	
10	15	3	
306	311	-2	
507	508	1	
506	510	3	
328	392	2	
169	172	-3	
168	175	-3	
115	116	-3	
113	117	-3	
145	209	-4	
426	431	2	
83	85	-2	
83	147	2	
80	144	1	
99	103	-2	
163	166	-4	
98	162	1	
364	372	2	
365	373	3	
24	29	4	
237	245	1	
239	247	-1	
330	333	-3	
33	97	-3	
180	188	-3	
183	191	-2	
410	415	-3	
411	475	4	
474	478	-4	
221	229	2	
379	382	3	
377	383	2	
425	429	3	
491	493	-3	
3	67	-3	
67	71	4	
340	348	1	
341	349	2	
202	266	1	
264	270	1	
259	260	-3	
259	261	-1	
258	262	1	
59	62	4	
483	485	3	
482	485	-3	
498	503	2	
209	214	1	
208	214	-3	
436	444	-3	
434	438	-2	
403	407	-3	
154	157	-3	
160	165	-2	
43	44	3	
298	302	3	
299	302	-3	
92	100	3	
96	100	-2	
94	102	-3	
417	481	-4	
108	116	-2	
111	119	-1	
105	111	-1	
424	430	3	
426	490	-3	
490	494	2	
326	334	2	
290	294	-2	
286	294	3	
81	86	2	
27	28	2	
227	230	2	
148	156	-3	
152	156	-3	
151	159	-3	
121	124	-3	
120	125	3	
131	195	-1	
464	471	2	
375	383	-3	
440	504	-2	
337	342	-3	
273	337	3	
4	12	1	
11	13	3	
5	13	-1	
0	5	-4	
34	37	3	
250	255	-4	
234	238	3	
473	478	-1	
138	202	-2	
136	200	-3	
91	93	2	
90	94	-1	
356	364	-1	
448	452	-3	
455	463	1	
342	350	3	
347	350	-2	
343	351	2	
443	446	-2	
149	157	-1	
150	158	-1	
128	192	-1	
100	108	1	
299	303	2	
241	305	-2	
240	304	-2	
313	319	2	
280	287	3	
275	276	-2	
163	227	1	
488	493	-3	
483	487	-3	
386	388	3	
214	222	-3	
216	223	-3	
215	223	3	
171	174	-2	
56	63	-4	
370	434	-2	
369	433	-2	
75	139	-1	
26	30	-2	
411	412	3	
179	243	2	
18	20	3	
203	267	-1	
265	271	2	
505	509	2	
48	52	-2	
35	99	-3	
97	102	-2	
333	341	-3	
329	333	2	
73	79	1	
233	239	-2	
231	239	-1	
394	399	-1	
378	380	-4	
377	441	-3	
355	419	1	
450	453	2	
449	455	-2	
461	469	1	
462	470	-1	
274	276	-2	
272	279	2	
394	458	-2	
144	150	-2	
345	348	3	
161	167	3	
187	189	-2	
248	252	-2	
87	95	2	
212	220	1	
213	221	-3	
210	213	-2	
408	413	1	
408	414	2	
418	420	-3	
263	271	3	
249	254	-4	
384	389	-3	
168	173	2	
335	343	3	
331	335	-1	
66	69	3	
16	23	-2	
198	206	-3	
158	166	2	
177	183	1	
466	469	-1	
465	471	-3	
439	447	-2	
393	396	2	
14	22	-2	
51	54	-2	
300	308	-1	
288	292	-2	
421	429	-1	
422	430	-2	
346	410	1	
104	168	1	
367	375	1	
72	78	2	
28	36	-1	
242	245	3	
353	357	2	
499	503	-1	
230	238	1	
397	405	2	
398	406	-2	
301	309	-1	
363	427	-2	
427	428	-2	
361	425	-1	
468	476	2	
314	378	-3	
224	229	2	
225	231	-1	
251	255	-1	
10	74	1	
185	190	-1	
416	422	-2	
442	445	-1	
201	204	2	
110	118	-1	
273	279	2	
481	486	1	
261	269	-2	
320	326	1	
33	36	3	
82	146	-1	
95	103	2	
285	293	-1	
385	449	-1	
114	178	1	
113	177	-1	
17	20	1	
145	148	-1	
292	300	1	
482	484	1	
258	322	-1	
256	320	1	
196	204	3	
409	412	-1	
115	179	-1	
112	176	1	
282	346	2	
193	257	-1	
315	318	1	
435	439	-1	
362	426	-1	
93	101	2	
496	500	-2	
283	347	1	
176	181	2	
240	247	-2	
491	495	2	
259	323	1	
257	321	1	
226	290	-1	
272	336	1	
203	204	1	
330	332	-1	
129	135	2	
297	361	2	
338	340	-1	
96	160	-1	
44	52	2	
47	55	-1	
321	325	-1	
420	428	-1	
355	358	-1	
147	211	-1	
236	244	1	
238	246	-1	
475	477	-1	
400	404	1	
224	288	1	
409	473	1	
Energy:	-3330	
