NumberOfQubits	504	
NumberOfSubgraphs	672	
Serial	433	
PlantedSolution:	
0	1	
1	1	
2	-1	
3	-1	
4	-1	
5	1	
6	-1	
8	1	
9	-1	
10	-1	
11	1	
12	-1	
13	1	
14	-1	
15	1	
16	-1	
17	1	
18	-1	
19	-1	
20	-1	
21	1	
22	1	
23	-1	
24	-1	
25	1	
26	-1	
27	-1	
28	-1	
29	-1	
30	1	
31	1	
32	1	
33	-1	
34	1	
35	-1	
36	1	
37	1	
38	1	
39	1	
40	-1	
41	1	
42	-1	
43	-1	
44	-1	
45	-1	
46	1	
47	1	
48	1	
49	1	
50	1	
51	1	
52	1	
53	-1	
54	-1	
55	1	
56	-1	
57	1	
58	-1	
59	-1	
60	-1	
61	1	
62	-1	
63	-1	
64	-1	
65	1	
66	-1	
67	-1	
68	1	
69	1	
70	-1	
71	1	
72	-1	
73	-1	
74	1	
75	1	
76	-1	
77	1	
78	1	
79	1	
80	1	
81	1	
82	-1	
83	1	
84	-1	
85	-1	
86	-1	
87	1	
88	-1	
89	-1	
90	-1	
91	-1	
92	1	
93	1	
94	-1	
95	1	
96	-1	
97	1	
98	1	
99	-1	
100	-1	
101	1	
102	-1	
103	1	
104	-1	
105	1	
106	-1	
107	-1	
108	1	
109	1	
110	-1	
111	-1	
112	-1	
113	-1	
114	-1	
115	1	
116	-1	
117	1	
118	-1	
119	-1	
120	1	
121	-1	
123	-1	
124	-1	
125	1	
126	-1	
127	-1	
128	1	
129	-1	
130	1	
131	1	
132	1	
133	-1	
134	1	
135	-1	
136	-1	
137	1	
138	-1	
139	1	
141	1	
142	1	
143	1	
144	1	
145	-1	
146	1	
147	-1	
148	1	
149	-1	
150	-1	
151	-1	
152	-1	
153	-1	
154	1	
155	1	
156	1	
157	-1	
158	1	
159	-1	
160	1	
161	-1	
162	-1	
163	-1	
164	1	
165	-1	
166	-1	
167	-1	
168	-1	
169	1	
170	-1	
171	1	
172	-1	
173	1	
174	1	
175	-1	
176	1	
177	-1	
178	-1	
179	1	
180	1	
181	-1	
182	-1	
183	1	
184	-1	
185	-1	
186	-1	
187	-1	
188	-1	
189	-1	
190	1	
191	-1	
192	-1	
193	1	
194	-1	
195	-1	
196	-1	
197	1	
198	1	
199	-1	
200	-1	
201	1	
202	-1	
203	1	
204	-1	
205	1	
206	1	
207	-1	
208	-1	
209	1	
210	1	
211	1	
212	-1	
213	1	
214	1	
215	1	
216	1	
217	-1	
218	-1	
219	-1	
220	-1	
221	1	
222	-1	
223	1	
224	-1	
225	1	
226	-1	
227	1	
228	-1	
229	-1	
230	-1	
231	-1	
232	1	
233	1	
234	-1	
235	1	
236	1	
237	-1	
238	-1	
239	-1	
240	1	
241	-1	
242	-1	
243	1	
244	1	
245	-1	
246	1	
247	-1	
248	1	
249	-1	
250	-1	
251	1	
252	1	
253	-1	
254	-1	
255	-1	
256	-1	
257	-1	
258	1	
259	-1	
260	-1	
261	-1	
262	-1	
263	-1	
264	-1	
265	1	
266	-1	
267	-1	
268	1	
269	1	
270	-1	
271	1	
272	-1	
273	-1	
274	1	
275	1	
276	-1	
277	1	
278	1	
279	1	
280	1	
281	-1	
282	-1	
283	-1	
284	-1	
285	1	
286	-1	
287	-1	
288	-1	
289	1	
290	1	
291	-1	
292	1	
293	-1	
294	-1	
295	-1	
296	1	
297	-1	
298	1	
299	1	
300	-1	
301	-1	
302	1	
303	1	
304	-1	
305	-1	
306	-1	
307	1	
308	1	
309	1	
310	-1	
311	1	
312	-1	
313	1	
314	1	
315	-1	
316	1	
317	-1	
318	1	
319	1	
320	1	
321	1	
322	1	
323	-1	
324	-1	
325	1	
326	1	
327	-1	
328	1	
329	-1	
330	-1	
331	-1	
332	1	
333	-1	
334	-1	
335	1	
336	-1	
337	1	
338	1	
339	1	
340	-1	
341	1	
342	-1	
343	-1	
344	1	
345	1	
346	-1	
347	1	
348	-1	
349	-1	
350	-1	
351	-1	
352	-1	
353	-1	
354	1	
355	-1	
356	-1	
357	1	
358	1	
359	1	
361	1	
362	-1	
363	-1	
364	1	
365	-1	
367	-1	
368	1	
369	1	
370	1	
371	1	
372	-1	
373	1	
374	-1	
375	1	
376	-1	
377	-1	
378	1	
379	1	
380	1	
382	-1	
383	-1	
384	-1	
385	-1	
386	1	
387	1	
388	1	
389	-1	
390	-1	
391	-1	
392	-1	
393	-1	
394	-1	
396	-1	
397	-1	
398	1	
399	-1	
400	1	
401	1	
402	-1	
403	1	
404	-1	
405	1	
406	-1	
407	1	
408	1	
409	-1	
410	1	
411	1	
412	-1	
413	-1	
414	1	
415	-1	
416	-1	
417	1	
418	1	
419	-1	
420	-1	
421	-1	
422	1	
424	-1	
425	1	
426	1	
427	1	
428	1	
429	1	
430	-1	
431	-1	
432	1	
433	-1	
434	-1	
435	1	
436	-1	
437	1	
438	-1	
439	-1	
440	-1	
441	-1	
442	1	
443	1	
444	-1	
445	1	
446	1	
447	-1	
448	1	
449	1	
450	-1	
451	-1	
452	1	
453	-1	
454	-1	
455	-1	
456	-1	
457	1	
458	-1	
459	-1	
460	-1	
461	1	
462	1	
463	1	
464	1	
465	-1	
466	-1	
467	-1	
468	1	
469	-1	
470	1	
471	1	
472	-1	
473	1	
474	-1	
475	1	
476	-1	
477	-1	
478	1	
479	-1	
480	1	
481	1	
482	1	
483	1	
484	-1	
485	-1	
486	1	
487	-1	
488	1	
489	-1	
490	1	
491	1	
492	-1	
493	1	
494	-1	
495	1	
496	1	
497	-1	
498	-1	
499	1	
500	-1	
501	1	
502	1	
503	1	
504	1	
505	-1	
506	1	
507	1	
508	-1	
509	1	
510	-1	
511	1	
Js:	
16	20	-4	
18	20	-2	
18	23	-4	
19	23	-4	
19	21	4	
16	21	-1	
280	287	6	
283	287	1	
283	347	2	
347	348	5	
344	348	4	
280	344	-1	
226	231	-5	
227	231	3	
227	291	-2	
291	292	4	
290	292	-4	
226	290	2	
433	437	4	
437	445	-3	
443	445	2	
443	447	4	
439	447	-3	
433	439	-3	
57	60	6	
59	60	-5	
59	61	3	
56	61	-4	
56	62	-4	
57	62	4	
153	156	3	
154	156	-2	
154	157	3	
152	157	-5	
152	159	-3	
153	159	-4	
160	164	-4	
163	164	3	
163	167	-7	
161	167	-5	
161	166	-3	
160	166	3	
104	108	5	
108	116	2	
115	116	4	
115	118	5	
110	118	-1	
104	110	2	
416	420	-4	
418	420	2	
418	421	5	
419	421	-5	
419	422	2	
416	422	4	
352	356	-4	
353	356	-3	
353	358	3	
355	358	2	
355	359	5	
352	359	-3	
2	6	-3	
3	6	-5	
3	67	-3	
67	71	2	
66	71	-3	
2	66	-4	
258	260	3	
259	260	-5	
259	261	-3	
256	261	-6	
256	263	-2	
258	263	4	
33	36	-2	
35	36	6	
35	39	4	
34	39	-4	
34	37	-1	
33	37	5	
72	76	-5	
73	76	-3	
73	137	2	
137	143	-4	
136	143	3	
72	136	-3	
240	245	3	
241	245	3	
241	305	-2	
305	308	3	
304	308	3	
240	304	3	
272	277	5	
274	277	-4	
274	278	-5	
275	278	-5	
275	279	5	
272	279	5	
201	207	3	
202	207	3	
202	266	-3	
266	269	4	
265	269	-4	
201	265	-2	
425	431	4	
427	431	3	
427	491	3	
491	492	6	
489	492	-5	
425	489	2	
400	404	4	
403	404	4	
403	467	3	
467	471	3	
464	471	-4	
400	464	2	
376	380	5	
377	380	5	
377	383	3	
379	383	5	
379	382	3	
376	382	-2	
472	476	5	
476	484	-2	
481	484	6	
481	487	3	
479	487	-2	
472	479	-5	
243	244	-2	
244	252	-4	
248	252	-5	
248	254	5	
246	254	4	
243	246	4	
313	317	6	
315	317	2	
315	318	4	
312	318	2	
312	319	4	
313	319	-2	
368	372	5	
371	372	-3	
371	373	-3	
369	373	-5	
369	374	5	
368	374	2	
81	84	4	
83	84	3	
83	147	2	
147	151	-3	
145	151	2	
81	145	1	
336	340	-4	
337	340	5	
337	342	3	
339	342	-2	
339	341	-4	
336	341	2	
456	460	-5	
459	460	-5	
459	462	3	
457	462	-4	
457	463	4	
456	463	4	
440	446	3	
441	446	2	
441	505	-2	
505	508	-3	
504	508	5	
440	504	-1	
232	236	-2	
235	236	-3	
235	239	3	
233	239	3	
233	238	3	
232	238	-2	
128	133	3	
130	133	6	
130	134	-3	
129	134	3	
129	135	5	
128	135	4	
448	452	-3	
450	452	-6	
450	453	-3	
451	453	-5	
451	455	-2	
448	455	4	
385	388	4	
387	388	-4	
387	389	-2	
386	389	5	
386	390	4	
385	390	-3	
74	77	-5	
77	85	2	
80	85	5	
80	87	-6	
79	87	-2	
74	79	2	
41	45	3	
45	53	-2	
48	53	-3	
48	55	-4	
47	55	-2	
41	47	-4	
185	191	-3	
187	191	-4	
187	251	-3	
251	253	5	
249	253	-6	
185	249	-4	
211	214	-4	
214	222	2	
216	222	-3	
216	223	-4	
215	223	-4	
211	215	-1	
401	406	4	
402	406	-4	
402	466	-3	
466	470	5	
465	470	3	
401	465	2	
322	324	3	
323	324	4	
323	326	3	
320	326	-3	
320	325	-5	
322	325	-3	
24	28	-2	
25	28	6	
25	30	3	
26	30	4	
26	31	1	
24	31	4	
171	173	-4	
173	181	2	
178	181	-4	
178	183	5	
175	183	2	
171	175	5	
328	335	-4	
330	335	-2	
330	394	-2	
394	399	-3	
392	399	-4	
328	392	1	
498	501	3	
499	501	-4	
499	503	-4	
496	503	-3	
496	502	-4	
498	502	3	
409	412	-4	
410	412	6	
410	414	1	
411	414	-5	
411	413	3	
409	413	-3	
88	92	4	
89	92	3	
89	95	4	
90	95	-3	
90	93	4	
88	93	6	
193	197	-4	
195	197	4	
195	198	4	
192	198	3	
192	199	-4	
193	199	-3	
96	100	3	
99	100	-5	
99	102	-3	
98	102	3	
98	101	-6	
96	101	4	
424	429	3	
426	429	-3	
426	490	-3	
490	494	4	
488	494	6	
424	488	-2	
296	301	3	
299	301	-2	
299	302	-6	
297	302	1	
297	303	3	
296	303	-3	
9	12	-4	
10	12	-4	
10	13	4	
11	13	-5	
11	15	-6	
9	15	-2	
200	206	4	
203	206	-3	
203	267	1	
267	268	-4	
264	268	5	
200	264	-2	
113	117	4	
117	125	-5	
120	125	-5	
120	127	2	
119	127	-6	
113	119	-3	
208	212	1	
212	220	-3	
217	220	-2	
217	221	4	
213	221	-3	
208	213	7	
40	44	-3	
44	52	3	
49	52	1	
49	54	6	
46	54	3	
40	46	4	
361	364	4	
363	364	6	
363	365	-6	
362	365	-4	
362	367	-5	
361	367	6	
105	109	-3	
106	109	5	
106	170	-2	
170	174	-3	
169	174	-3	
105	169	-3	
473	477	5	
477	485	-2	
482	485	3	
482	486	3	
478	486	-4	
473	478	-2	
281	285	4	
282	285	5	
282	346	-1	
346	350	-5	
345	350	2	
281	345	-2	
177	180	4	
180	188	-2	
184	188	-5	
184	190	2	
182	190	5	
177	182	-2	
224	228	-4	
225	228	2	
225	289	-3	
289	295	3	
288	295	4	
224	288	-3	
0	4	8	
1	4	5	
1	65	-2	
65	69	2	
64	69	3	
0	64	3	
139	141	2	
141	149	3	
144	149	4	
144	150	3	
142	150	2	
139	142	-3	
329	332	3	
331	332	5	
331	333	-4	
330	333	3	
330	334	-3	
329	334	-4	
424	428	4	
428	436	2	
432	436	4	
432	438	2	
430	438	3	
424	430	-3	
306	309	3	
307	309	4	
307	311	-3	
304	311	4	
304	310	-4	
306	310	-3	
506	509	3	
507	509	-4	
507	511	-4	
505	511	5	
505	510	-2	
506	510	4	
242	244	4	
250	252	4	
250	255	-4	
247	255	-4	
242	247	-3	
120	124	4	
121	124	-3	
121	127	-6	
123	127	2	
123	126	-5	
120	126	3	
393	396	-5	
394	396	-1	
394	397	-4	
392	397	-3	
392	398	4	
393	398	-2	
345	349	3	
349	357	3	
354	357	-3	
354	359	-3	
351	359	-1	
345	351	3	
400	405	-3	
405	413	-2	
408	413	4	
408	415	4	
407	415	4	
400	407	-4	
97	100	4	
100	108	3	
107	108	2	
107	111	4	
103	111	3	
97	103	-3	
257	262	-3	
262	270	3	
266	270	-3	
266	271	3	
263	271	4	
257	263	-3	
370	375	5	
371	375	-4	
371	435	-2	
435	437	-2	
434	437	3	
370	434	3	
146	148	-4	
148	156	3	
155	156	-4	
155	158	-2	
150	158	2	
146	150	4	
227	229	1	
229	237	-5	
234	237	-5	
234	238	-3	
230	238	3	
227	230	4	
24	29	4	
27	29	-4	
27	91	-2	
91	94	-4	
88	94	-1	
24	88	-3	
449	453	3	
453	461	2	
458	461	5	
458	462	4	
454	462	3	
449	454	5	
65	68	-2	
68	76	-3	
75	76	2	
75	78	-4	
70	78	3	
65	70	4	
194	196	4	
196	204	-3	
201	204	4	
201	205	-3	
197	205	-4	
194	197	3	
273	276	-4	
276	284	-2	
282	284	-3	
282	286	-4	
278	286	-1	
273	278	2	
8	12	3	
12	20	-4	
17	20	1	
17	22	-3	
14	22	-3	
8	14	3	
320	327	3	
321	327	-3	
321	385	2	
385	391	-4	
384	391	-4	
320	384	1	
162	164	3	
164	172	-3	
168	172	-4	
168	173	3	
165	173	2	
162	165	-5	
50	55	-5	
50	114	4	
114	118	-3	
112	118	2	
48	112	5	
289	292	-3	
292	300	4	
298	300	2	
298	302	-2	
294	302	3	
289	294	-2	
492	500	1	
497	500	-4	
497	501	2	
493	501	-2	
489	493	4	
32	38	-4	
38	46	-1	
43	46	5	
43	47	4	
39	47	-1	
32	39	2	
312	316	5	
314	316	-3	
314	378	-3	
378	380	-3	
312	376	-3	
179	181	2	
181	189	-3	
186	189	5	
186	190	2	
179	182	4	
467	468	2	
468	476	3	
474	476	-3	
474	477	-4	
469	477	2	
467	469	-4	
337	343	3	
338	343	3	
338	342	4	
336	342	3	
483	485	5	
483	486	-5	
480	486	-3	
480	487	4	
482	487	5	
129	132	3	
131	132	-5	
131	134	-3	
128	134	-3	
129	133	-3	
442	444	5	
443	444	-3	
440	447	-4	
442	446	-4	
154	159	4	
155	159	4	
155	219	-3	
219	222	-4	
218	222	-4	
154	218	3	
58	61	5	
58	63	-6	
57	63	3	
209	212	5	
211	212	4	
210	214	-4	
210	215	-5	
209	215	-2	
82	86	-3	
83	86	7	
147	148	3	
82	146	2	
42	44	-4	
51	52	-4	
51	53	3	
42	45	-5	
355	356	-5	
355	419	3	
419	420	-3	
417	420	5	
353	417	3	
136	141	4	
138	141	3	
138	202	-2	
202	206	3	
136	200	-3	
280	285	-1	
285	293	2	
291	293	1	
291	295	-5	
287	295	-2	
2	4	-4	
1	6	4	
1	5	-3	
0	5	-3	
112	117	-2	
114	117	2	
114	178	-1	
176	183	-3	
112	176	1	
491	494	-1	
494	502	2	
498	503	3	
495	503	-3	
491	495	-3	
411	415	3	
411	475	-2	
475	478	-5	
472	478	4	
408	472	2	
305	309	5	
309	317	2	
313	318	-4	
310	318	2	
305	310	4	
225	229	3	
234	239	-3	
231	239	-4	
225	231	-2	
26	29	-4	
27	31	5	
25	31	-5	
66	69	2	
67	69	4	
67	70	-3	
64	70	-4	
64	71	4	
321	324	4	
323	325	4	
322	326	-3	
321	326	-5	
9	13	1	
10	74	2	
74	78	-3	
73	78	2	
9	73	3	
296	300	-4	
300	308	3	
307	308	-2	
303	311	-2	
89	94	-3	
94	102	-3	
96	102	-3	
96	103	2	
95	103	2	
186	188	-4	
186	250	-3	
248	255	4	
184	248	-2	
452	460	2	
459	463	5	
455	463	1	
450	455	-3	
161	165	-3	
162	166	-4	
163	166	-3	
274	276	3	
274	279	-2	
273	277	4	
257	260	-3	
260	268	3	
265	268	-1	
265	270	3	
362	426	2	
426	431	5	
361	425	1	
378	383	4	
378	442	-3	
442	445	-1	
441	445	6	
377	441	-2	
329	333	-3	
333	341	3	
338	341	-3	
335	343	-2	
329	335	4	
17	23	4	
18	82	4	
82	85	-2	
81	85	4	
17	81	-4	
179	180	-4	
179	243	-4	
243	247	-1	
241	247	-4	
177	241	-4	
368	373	-4	
370	374	3	
368	375	-3	
465	468	6	
466	468	2	
466	469	-4	
464	469	-3	
464	470	-4	
433	436	-3	
433	438	-3	
435	438	2	
435	439	-4	
432	439	4	
185	189	-4	
187	189	-2	
251	254	4	
249	254	-3	
401	405	-3	
402	405	-4	
403	406	2	
403	407	-1	
401	407	-3	
192	196	-4	
193	196	3	
194	199	-3	
194	198	2	
170	172	-4	
171	172	2	
168	175	-2	
168	174	5	
506	508	4	
506	511	4	
504	509	-4	
216	220	5	
219	220	-3	
219	223	3	
217	223	-4	
216	221	-3	
416	421	-3	
417	421	3	
417	481	-3	
480	484	3	
416	480	-3	
34	36	2	
35	37	4	
32	37	-3	
34	38	-5	
346	348	-3	
347	351	4	
344	351	3	
344	349	4	
346	349	-3	
410	474	3	
474	479	3	
473	479	2	
409	473	3	
384	388	3	
384	390	-3	
104	109	3	
106	110	-4	
107	110	-3	
104	111	-4	
288	294	-3	
290	294	5	
290	354	1	
354	358	-5	
352	358	4	
288	352	-2	
264	269	3	
267	269	2	
267	331	-3	
328	332	-4	
264	328	2	
8	15	-4	
11	75	1	
75	79	-3	
72	79	3	
8	72	2	
145	149	-4	
145	209	2	
209	213	4	
144	208	1	
51	54	5	
51	115	-3	
113	116	-3	
49	113	-4	
233	236	-4	
235	299	-4	
297	301	-4	
233	297	3	
80	84	3	
84	92	1	
90	92	6	
85	93	-1	
392	396	-4	
393	457	1	
457	461	-4	
456	461	-1	
392	456	-2	
137	142	-3	
139	203	3	
203	204	2	
137	201	-2	
123	124	-5	
121	126	-3	
121	125	5	
315	316	4	
315	379	-4	
378	382	5	
421	429	1	
427	429	-3	
427	430	-4	
422	430	3	
418	422	-4	
256	260	2	
258	262	4	
259	262	-2	
176	180	-4	
178	180	-2	
178	242	-2	
242	245	-3	
176	240	-2	
488	493	-3	
489	495	1	
490	495	4	
281	284	-4	
283	284	-4	
283	286	-3	
280	286	5	
281	287	2	
33	38	3	
34	98	-4	
97	101	3	
33	97	4	
448	453	-3	
451	454	-4	
449	455	4	
152	156	4	
153	158	4	
154	158	-4	
364	372	-1	
365	373	2	
131	133	3	
130	135	2	
226	228	-3	
226	230	-2	
225	230	5	
224	229	-3	
18	21	5	
16	23	-3	
16	22	6	
18	22	-3	
496	500	4	
497	502	-3	
499	502	-3	
40	45	-5	
390	398	-3	
394	398	5	
391	399	-5	
75	77	-2	
75	139	2	
139	143	-4	
138	143	3	
74	138	3	
2	5	-3	
3	5	5	
67	68	3	
66	68	4	
86	94	-2	
91	95	4	
87	95	-2	
82	87	-2	
203	205	-3	
203	207	4	
199	207	-3	
195	199	-3	
146	151	3	
147	211	3	
146	210	2	
334	342	-2	
331	334	-3	
353	357	4	
350	358	-2	
461	469	1	
466	471	4	
463	471	1	
458	463	1	
169	233	-2	
233	237	1	
232	237	-3	
168	232	3	
99	101	-1	
99	163	-1	
160	167	2	
96	160	2	
306	308	3	
308	316	-2	
313	316	2	
311	319	-2	
306	311	4	
401	404	2	
404	412	-3	
411	412	1	
406	414	-3	
434	436	-2	
436	444	-3	
443	446	-4	
438	446	3	
434	438	-3	
243	245	4	
245	253	-2	
48	52	-4	
50	52	-3	
114	119	2	
112	119	-3	
475	477	3	
270	278	2	
271	279	-1	
265	271	-5	
41	44	4	
42	106	-3	
105	110	3	
41	105	2	
298	301	3	
293	301	-2	
289	293	4	
9	14	-4	
505	509	-2	
507	510	6	
504	510	3	
26	28	-5	
27	28	2	
25	29	1	
185	188	-3	
186	191	-2	
187	190	3	
185	190	4	
218	220	-3	
218	221	-2	
219	221	3	
322	327	3	
323	327	-4	
323	387	1	
387	391	4	
386	391	1	
322	386	2	
425	428	-2	
426	428	2	
424	431	-4	
425	429	-5	
393	397	-4	
397	405	1	
399	407	-1	
393	399	-3	
307	310	2	
307	371	-2	
306	370	3	
315	319	4	
376	383	-4	
283	285	4	
345	348	2	
241	244	2	
242	246	4	
240	246	1	
240	247	4	
420	428	2	
427	428	-2	
155	157	-2	
228	236	4	
235	238	3	
224	230	-3	
356	364	2	
363	367	-2	
359	367	2	
471	479	3	
465	471	3	
275	277	-2	
275	339	-1	
339	343	-3	
274	338	-2	
109	117	1	
137	141	-3	
143	151	3	
71	79	-3	
65	71	-4	
170	173	4	
176	181	-3	
170	175	-2	
128	132	-4	
131	135	4	
118	126	-3	
115	119	-2	
5	13	-2	
10	14	-3	
6	14	2	
195	259	-3	
259	263	3	
194	258	4	
272	276	2	
273	337	3	
272	336	-2	
490	492	2	
491	493	-3	
488	495	-4	
434	498	3	
498	500	-4	
433	497	-2	
49	53	2	
50	53	2	
51	55	1	
410	413	3	
410	415	2	
408	414	-3	
409	414	-3	
32	36	-3	
33	39	2	
326	334	-2	
327	335	3	
288	293	-4	
290	293	3	
291	294	-2	
210	212	3	
208	215	4	
98	100	-1	
98	103	-2	
99	103	4	
97	102	3	
251	252	-2	
250	253	-3	
441	444	-3	
442	447	2	
440	445	4	
458	460	-3	
450	454	-1	
80	86	-1	
81	87	-2	
58	60	-2	
59	63	2	
56	63	-4	
58	62	-3	
193	257	3	
257	261	-4	
192	256	-4	
161	164	3	
160	165	4	
298	303	-5	
298	362	2	
361	365	4	
297	361	-1	
105	111	2	
107	171	2	
169	172	3	
369	372	3	
372	380	2	
377	382	-4	
374	382	2	
69	77	-3	
73	77	3	
435	499	-2	
496	501	-2	
432	496	-3	
482	484	2	
483	487	1	
481	485	-4	
24	30	3	
27	30	3	
91	93	-3	
217	222	-2	
218	282	-1	
281	286	2	
217	281	-2	
324	332	1	
330	332	4	
325	333	2	
321	325	-2	
232	239	-3	
296	302	-3	
232	296	-3	
388	396	-4	
389	397	-4	
384	389	-4	
355	357	3	
354	418	-2	
467	470	4	
314	317	4	
314	318	-4	
123	187	-2	
184	191	-5	
120	184	-2	
138	142	-3	
144	151	4	
8	13	4	
13	21	-2	
17	21	-4	
15	23	3	
26	90	-2	
25	89	-1	
267	271	2	
264	270	-3	
227	228	5	
224	231	2	
346	351	-3	
344	350	3	
449	452	-2	
200	204	-3	
202	205	3	
200	207	-3	
0	6	2	
459	461	3	
456	462	4	
43	44	2	
40	47	3	
473	476	2	
475	479	3	
396	404	-2	
402	404	1	
398	406	2	
11	12	1	
19	20	-5	
19	22	1	
11	14	3	
275	276	3	
282	287	-2	
279	287	1	
234	236	-2	
234	298	2	
115	117	-2	
72	78	2	
136	142	3	
331	335	-1	
328	334	4	
193	198	3	
82	84	-3	
163	165	1	
440	444	2	
425	430	2	
499	500	3	
497	503	5	
169	175	4	
59	62	-3	
57	61	-2	
28	36	3	
31	39	3	
153	217	-2	
130	132	-4	
149	157	-2	
152	158	3	
145	150	-4	
314	319	-4	
261	269	2	
320	324	4	
289	353	1	
353	359	2	
179	183	-2	
176	182	3	
336	343	-3	
435	436	2	
73	79	3	
299	300	-1	
104	168	-1	
218	223	3	
251	255	-2	
341	349	-2	
342	350	-2	
226	229	3	
114	116	2	
116	124	-2	
419	483	3	
418	482	-3	
500	508	-2	
501	509	-3	
354	356	-2	
280	284	-2	
91	92	2	
386	450	3	
384	448	3	
394	458	1	
19	83	2	
177	181	-2	
184	189	-2	
183	191	-2	
177	183	2	
3	4	1	
43	45	3	
42	46	2	
42	47	2	
10	15	3	
434	439	2	
304	368	2	
339	340	3	
340	348	-2	
343	351	-2	
166	174	2	
144	148	-3	
151	159	-1	
240	244	-3	
53	61	2	
55	63	-1	
209	214	-2	
408	412	2	
403	405	-3	
105	108	-3	
102	110	-3	
486	494	1	
487	495	1	
29	37	3	
30	38	-3	
328	333	-1	
379	380	-1	
313	377	2	
417	422	2	
133	141	-1	
134	142	-2	
256	262	2	
200	205	1	
198	206	-2	
329	393	1	
272	278	-1	
273	279	2	
502	510	-1	
16	80	-2	
123	125	1	
187	188	-2	
112	116	-3	
451	452	3	
64	68	2	
178	182	-2	
50	54	2	
41	46	3	
83	85	2	
78	86	2	
153	157	1	
157	165	-1	
158	166	1	
346	410	-1	
345	409	2	
432	437	-3	
352	357	3	
464	468	-3	
465	469	2	
507	508	2	
504	511	-3	
369	375	-3	
367	375	-1	
145	148	-3	
146	149	1	
169	173	-1	
171	174	-3	
243	307	1	
488	492	1	
489	494	2	
338	402	3	
402	407	1	
336	400	2	
475	476	3	
474	478	3	
49	55	-3	
385	389	-1	
89	93	3	
90	94	-3	
301	309	2	
480	485	1	
299	303	2	
56	60	2	
107	109	3	
106	111	1	
339	403	-3	
337	401	2	
211	275	-2	
210	274	-2	
163	227	1	
161	225	-1	
236	244	-1	
237	245	-1	
370	372	2	
312	317	2	
448	454	3	
441	447	-1	
457	460	-1	
241	246	1	
362	364	3	
363	427	1	
426	430	1	
352	416	2	
162	226	-1	
160	224	1	
59	123	-3	
56	120	2	
170	234	-1	
209	273	-1	
35	99	-2	
219	283	-2	
302	310	1	
332	340	1	
76	84	2	
483	484	2	
65	129	2	
64	128	-2	
347	411	2	
344	408	-1	
147	149	-2	
43	107	-2	
267	270	2	
371	374	2	
442	506	-1	
32	96	2	
205	213	-2	
206	214	-2	
72	77	1	
284	292	-1	
490	493	-3	
379	443	-3	
376	440	2	
171	235	-2	
258	261	-1	
162	167	1	
347	350	-2	
89	153	-2	
88	152	1	
297	300	-2	
67	131	-1	
66	130	1	
208	272	1	
286	294	-1	
290	295	-1	
400	406	1	
387	390	3	
387	451	2	
266	268	1	
268	276	2	
269	277	-1	
83	87	-2	
135	143	1	
299	363	-1	
40	104	-1	
195	196	-2	
202	204	-2	
201	206	2	
249	252	1	
192	197	1	
66	70	2	
338	340	-1	
385	449	-2	
52	60	-1	
208	214	2	
216	280	-1	
484	492	-1	
485	493	1	
74	76	-1	
347	349	1	
409	415	-1	
249	255	2	
113	118	-2	
266	330	-2	
147	150	1	
101	109	-1	
91	155	-1	
57	121	-1	
80	144	1	
413	421	-1	
414	422	1	
167	175	-1	
265	329	-1	
295	303	1	
97	161	1	
88	95	1	
235	237	1	
369	433	1	
106	108	1	
429	437	-1	
264	271	1	
386	388	-1	
305	311	-1	
305	369	1	
81	86	-1	
221	229	1	
222	230	-1	
93	101	1	
Energy:	-2936	
