NumberOfQubits	504	
NumberOfSubgraphs	840	
Serial	498	
PlantedSolution:	
0	1	
1	-1	
2	-1	
3	-1	
4	1	
5	1	
6	1	
8	-1	
9	-1	
10	-1	
11	1	
12	-1	
13	1	
14	1	
15	-1	
16	1	
17	1	
18	1	
19	-1	
20	-1	
21	1	
22	1	
23	-1	
24	-1	
25	1	
26	-1	
27	-1	
28	1	
29	1	
30	-1	
31	1	
32	1	
33	1	
34	1	
35	-1	
36	1	
37	1	
38	1	
39	-1	
40	1	
41	1	
42	-1	
43	1	
44	-1	
45	-1	
46	-1	
47	1	
48	-1	
49	1	
50	1	
51	-1	
52	1	
53	-1	
54	-1	
55	1	
56	-1	
57	-1	
58	-1	
59	1	
60	-1	
61	-1	
62	1	
63	-1	
64	1	
65	1	
66	-1	
67	1	
68	-1	
69	1	
70	-1	
71	1	
72	-1	
73	1	
74	1	
75	-1	
76	1	
77	1	
78	1	
79	-1	
80	1	
81	1	
82	1	
83	-1	
84	1	
85	1	
86	1	
87	1	
88	-1	
89	-1	
90	1	
91	-1	
92	-1	
93	1	
94	1	
95	1	
96	1	
97	1	
98	-1	
99	1	
100	-1	
101	-1	
102	1	
103	1	
104	1	
105	1	
106	1	
107	1	
108	-1	
109	1	
110	-1	
111	1	
112	1	
113	1	
114	-1	
115	1	
116	-1	
117	1	
118	-1	
119	-1	
120	-1	
121	1	
123	1	
124	1	
125	-1	
126	1	
127	-1	
128	1	
129	-1	
130	1	
131	-1	
132	-1	
133	1	
134	-1	
135	1	
136	-1	
137	-1	
138	1	
139	-1	
141	-1	
142	1	
143	-1	
144	-1	
145	-1	
146	-1	
147	-1	
148	1	
149	-1	
150	-1	
151	-1	
152	1	
153	-1	
154	1	
155	-1	
156	1	
157	-1	
158	-1	
159	1	
160	-1	
161	-1	
162	-1	
163	1	
164	1	
165	-1	
166	-1	
167	1	
168	1	
169	-1	
170	-1	
171	-1	
172	-1	
173	1	
174	-1	
175	1	
176	-1	
177	1	
178	1	
179	1	
180	-1	
181	-1	
182	1	
183	-1	
184	1	
185	-1	
186	1	
187	1	
188	1	
189	-1	
190	-1	
191	1	
192	-1	
193	1	
194	1	
195	1	
196	-1	
197	1	
198	1	
199	1	
200	-1	
201	-1	
202	-1	
203	-1	
204	-1	
205	1	
206	-1	
207	1	
208	-1	
209	1	
210	1	
211	1	
212	1	
213	1	
214	1	
215	1	
216	-1	
217	-1	
218	1	
219	1	
220	1	
221	1	
222	-1	
223	1	
224	1	
225	1	
226	-1	
227	-1	
228	1	
229	1	
230	-1	
231	-1	
232	-1	
233	-1	
234	-1	
235	-1	
236	-1	
237	-1	
238	1	
239	-1	
240	1	
241	1	
242	1	
243	1	
244	1	
245	-1	
246	1	
247	-1	
248	1	
249	-1	
250	1	
251	1	
252	-1	
253	1	
254	-1	
255	1	
256	1	
257	-1	
258	1	
259	1	
260	1	
261	-1	
262	-1	
263	-1	
264	-1	
265	-1	
266	1	
267	1	
268	-1	
269	-1	
270	-1	
271	1	
272	1	
273	-1	
274	-1	
275	1	
276	-1	
277	-1	
278	-1	
279	-1	
280	1	
281	-1	
282	-1	
283	1	
284	-1	
285	1	
286	1	
287	1	
288	1	
289	-1	
290	-1	
291	-1	
292	1	
293	1	
294	-1	
295	-1	
296	1	
297	1	
298	-1	
299	1	
300	-1	
301	1	
302	1	
303	1	
304	-1	
305	-1	
306	-1	
307	-1	
308	-1	
309	-1	
310	1	
311	-1	
312	-1	
313	1	
314	-1	
315	-1	
316	1	
317	1	
318	-1	
319	-1	
320	-1	
321	1	
322	1	
323	-1	
324	1	
325	1	
326	1	
327	-1	
328	1	
329	-1	
330	-1	
331	-1	
332	-1	
333	-1	
334	1	
335	-1	
336	1	
337	-1	
338	1	
339	-1	
340	1	
341	-1	
342	1	
343	-1	
344	-1	
345	1	
346	-1	
347	1	
348	1	
349	-1	
350	-1	
351	-1	
352	-1	
353	1	
354	-1	
355	1	
356	1	
357	-1	
358	1	
359	-1	
361	1	
362	1	
363	1	
364	1	
365	1	
367	-1	
368	-1	
369	1	
370	-1	
371	1	
372	1	
373	1	
374	1	
375	1	
376	1	
377	-1	
378	-1	
379	1	
380	1	
382	-1	
383	1	
384	-1	
385	-1	
386	-1	
387	-1	
388	1	
389	-1	
390	-1	
391	1	
392	1	
393	-1	
394	1	
396	1	
397	-1	
398	-1	
399	-1	
400	-1	
401	-1	
402	-1	
403	-1	
404	-1	
405	-1	
406	-1	
407	1	
408	1	
409	1	
410	-1	
411	-1	
412	1	
413	-1	
414	-1	
415	1	
416	-1	
417	-1	
418	1	
419	-1	
420	-1	
421	1	
422	-1	
424	-1	
425	1	
426	1	
427	-1	
428	-1	
429	1	
430	-1	
431	-1	
432	-1	
433	-1	
434	-1	
435	-1	
436	1	
437	-1	
438	1	
439	-1	
440	1	
441	-1	
442	1	
443	1	
444	1	
445	1	
446	1	
447	-1	
448	-1	
449	1	
450	1	
451	-1	
452	-1	
453	1	
454	1	
455	-1	
456	1	
457	-1	
458	1	
459	1	
460	-1	
461	-1	
462	-1	
463	-1	
464	-1	
465	-1	
466	-1	
467	1	
468	-1	
469	1	
470	-1	
471	1	
472	-1	
473	1	
474	1	
475	1	
476	-1	
477	-1	
478	-1	
479	1	
480	1	
481	1	
482	1	
483	-1	
484	-1	
485	-1	
486	-1	
487	-1	
488	1	
489	1	
490	1	
491	1	
492	-1	
493	1	
494	1	
495	-1	
496	-1	
497	1	
498	1	
499	1	
500	-1	
501	-1	
502	-1	
503	-1	
504	1	
505	-1	
506	-1	
507	-1	
508	-1	
509	1	
510	-1	
511	-1	
Js:	
24	30	4	
27	30	-6	
27	91	-2	
91	93	3	
88	93	6	
24	88	-2	
8	12	-4	
11	12	6	
11	13	-4	
9	13	3	
9	14	6	
8	14	-1	
424	430	-7	
430	438	3	
432	438	5	
432	439	3	
431	439	-5	
424	431	-4	
160	164	3	
164	172	-2	
170	172	-6	
170	173	3	
165	173	4	
160	165	-5	
480	485	5	
485	493	5	
489	493	-6	
489	495	5	
487	495	-4	
480	487	4	
193	196	6	
194	196	4	
194	258	-3	
258	261	4	
257	261	-5	
193	257	-3	
240	245	5	
241	245	6	
241	247	3	
243	247	-3	
243	246	-5	
240	246	-4	
370	372	4	
371	372	-3	
371	373	-5	
368	373	4	
368	375	6	
370	375	6	
320	326	6	
321	326	-4	
321	385	-3	
385	389	-4	
384	389	-4	
320	384	-4	
201	205	3	
203	205	5	
203	267	3	
267	271	-4	
265	271	4	
201	265	-3	
456	461	5	
459	461	4	
459	463	5	
457	463	-4	
457	462	7	
456	462	4	
250	252	4	
251	252	3	
251	255	-5	
249	255	4	
249	254	-5	
250	254	7	
34	37	-5	
35	37	3	
35	38	4	
33	38	-5	
33	39	5	
34	39	3	
328	332	5	
331	332	-5	
331	333	-6	
329	333	2	
329	335	-3	
328	335	4	
410	414	-3	
411	414	-3	
411	475	-3	
475	478	6	
474	478	5	
410	474	5	
224	228	-3	
227	228	4	
227	291	-1	
291	294	-4	
288	294	5	
224	288	1	
344	349	-6	
349	357	-1	
355	357	4	
355	359	-4	
351	359	-2	
344	351	-5	
232	239	-4	
233	239	-6	
233	297	2	
297	302	-3	
296	302	-3	
232	296	4	
112	116	5	
114	116	-4	
114	118	-5	
115	118	4	
115	117	-5	
112	117	-5	
80	86	-5	
83	86	3	
83	147	-5	
147	148	5	
144	148	4	
80	144	3	
42	44	-3	
43	44	4	
43	46	7	
41	46	-3	
41	45	4	
42	45	-3	
377	380	-5	
378	380	6	
378	383	3	
376	383	-6	
376	382	7	
377	382	-5	
1	4	5	
3	4	6	
3	67	4	
67	71	-7	
65	71	4	
1	65	2	
465	468	-4	
467	468	4	
467	469	-4	
464	469	6	
464	470	5	
465	470	-3	
346	348	7	
348	356	-3	
352	356	3	
352	358	5	
350	358	-2	
346	350	-4	
313	317	-4	
314	317	4	
314	318	-4	
315	318	-5	
315	319	3	
313	319	5	
217	220	5	
219	220	-5	
219	223	-5	
218	223	-4	
218	221	-5	
217	221	4	
129	132	-7	
130	132	5	
130	133	-5	
131	133	4	
131	134	-6	
129	134	-5	
48	53	-6	
53	61	-3	
56	61	-3	
56	62	5	
54	62	2	
48	54	-2	
280	284	4	
284	292	4	
290	292	4	
290	293	4	
285	293	-2	
280	285	-6	
434	436	3	
435	436	4	
435	499	3	
499	501	5	
498	501	5	
434	498	-4	
401	404	-3	
403	404	-4	
403	405	-4	
402	405	-3	
402	406	-4	
401	406	-5	
177	181	3	
181	189	-3	
184	189	5	
184	191	-4	
183	191	3	
177	183	3	
440	447	4	
443	447	8	
443	507	3	
507	511	-6	
504	511	4	
440	504	-4	
16	21	-4	
17	21	-4	
17	23	5	
19	23	-3	
19	22	7	
16	22	5	
449	452	7	
450	452	-4	
450	455	4	
448	455	-6	
448	454	6	
449	454	-5	
74	76	-4	
76	84	-2	
81	84	-4	
81	85	-3	
77	85	-3	
74	77	-3	
106	108	6	
107	108	-2	
107	110	3	
104	110	6	
104	111	-2	
106	111	-4	
209	215	-6	
211	215	-4	
211	275	-3	
275	277	5	
273	277	4	
209	273	4	
337	340	8	
339	340	4	
339	341	-5	
336	341	3	
336	343	4	
337	343	4	
137	141	-5	
139	141	3	
139	143	-5	
138	143	4	
138	142	-6	
137	142	6	
25	28	-5	
26	28	5	
26	90	-2	
90	94	-7	
89	94	2	
25	89	2	
120	124	5	
121	124	-4	
121	125	2	
123	125	5	
123	126	4	
120	126	3	
306	308	-5	
307	308	-4	
307	309	-5	
304	309	-2	
304	310	2	
306	310	5	
387	390	-5	
390	398	-5	
394	398	7	
394	399	6	
391	399	-6	
387	391	6	
145	149	-5	
149	157	5	
153	157	-5	
153	159	7	
151	159	5	
145	151	-5	
298	300	-4	
299	300	5	
299	363	3	
363	365	-5	
362	365	-7	
298	362	2	
416	420	5	
419	420	-5	
419	422	-3	
418	422	4	
418	421	-5	
416	421	3	
98	100	-4	
99	100	5	
99	103	2	
96	103	-6	
96	102	-3	
98	102	5	
0	5	-5	
2	5	5	
2	66	4	
66	69	6	
64	69	-2	
0	64	-4	
176	180	-2	
180	188	4	
186	188	-4	
186	190	4	
182	190	4	
176	182	5	
272	278	-4	
278	286	3	
283	286	-5	
283	287	-4	
279	287	3	
272	279	4	
426	428	6	
427	428	-5	
427	491	4	
491	492	3	
490	492	5	
426	490	-5	
162	166	-7	
166	174	-3	
171	174	-4	
171	175	4	
167	175	-5	
162	167	3	
408	415	-4	
409	415	5	
409	473	-4	
473	477	3	
472	477	-6	
408	472	4	
441	445	4	
442	445	-6	
442	506	3	
506	508	-5	
505	508	-5	
441	505	-2	
192	197	5	
195	197	-8	
195	259	-4	
259	260	-6	
256	260	-4	
192	256	4	
49	52	6	
52	60	2	
58	60	-5	
58	63	-7	
55	63	3	
49	55	-3	
226	229	3	
229	237	6	
235	237	-2	
235	238	5	
230	238	-3	
226	230	-4	
202	204	-4	
204	212	3	
210	212	-6	
210	214	-4	
206	214	-1	
202	206	-2	
497	500	5	
499	500	5	
499	502	2	
496	502	5	
496	503	-4	
497	503	4	
152	156	-5	
154	156	-6	
154	218	-2	
218	222	4	
216	222	5	
152	216	2	
72	76	4	
73	76	-5	
73	79	-6	
75	79	-4	
75	78	5	
72	78	5	
386	388	7	
388	396	-5	
392	396	-5	
392	397	-6	
389	397	-4	
386	389	-4	
482	484	3	
483	484	-5	
483	486	-3	
481	486	6	
481	485	2	
482	485	5	
264	268	-2	
267	268	5	
267	270	3	
266	270	6	
266	269	4	
264	269	-5	
322	324	-2	
323	324	7	
323	325	-7	
320	325	3	
320	327	-6	
322	327	6	
336	342	-4	
338	342	-6	
338	402	-2	
402	407	4	
400	407	5	
336	400	4	
234	236	-6	
236	244	2	
242	244	-5	
242	246	-3	
238	246	4	
234	238	3	
354	356	4	
356	364	-5	
361	364	-7	
361	367	5	
359	367	-4	
354	359	-4	
32	36	-6	
36	44	4	
40	44	4	
40	47	-5	
39	47	3	
32	39	2	
10	12	-3	
12	20	-4	
18	20	5	
18	23	6	
15	23	5	
10	15	-3	
104	109	-3	
105	109	6	
105	169	3	
169	173	4	
168	173	-6	
104	168	-2	
458	460	6	
460	468	3	
466	468	-5	
466	471	4	
463	471	3	
458	463	5	
304	311	-5	
305	311	-6	
305	369	2	
369	374	-6	
368	374	-4	
304	368	-3	
192	198	5	
198	206	5	
200	206	-4	
200	207	3	
199	207	-6	
192	199	4	
425	429	6	
429	437	2	
433	437	-4	
433	439	-6	
425	431	4	
248	253	-3	
251	253	-4	
251	315	2	
315	316	4	
312	316	3	
248	312	-1	
82	84	-4	
84	92	4	
91	92	-7	
91	95	-3	
87	95	-4	
82	87	-5	
144	150	-4	
146	150	-3	
146	210	2	
210	213	-3	
208	213	-3	
144	208	-3	
289	293	-2	
293	301	-3	
299	301	-2	
299	303	-3	
295	303	2	
289	295	-5	
97	101	4	
99	101	3	
99	163	1	
163	164	-4	
161	164	6	
97	161	2	
50	52	-4	
50	114	5	
114	119	-2	
113	119	5	
49	113	-3	
121	127	6	
123	127	3	
123	187	-2	
187	191	-4	
185	191	5	
121	185	2	
274	276	-3	
276	284	2	
281	284	-4	
281	286	4	
274	278	-6	
128	134	-5	
134	142	1	
136	142	5	
136	143	-6	
135	143	4	
128	135	-7	
345	351	2	
347	351	7	
347	411	2	
411	412	6	
409	412	-4	
345	409	1	
329	334	4	
330	334	7	
330	394	2	
393	398	-4	
329	393	3	
226	228	4	
227	231	-4	
225	231	4	
225	230	4	
152	157	3	
155	159	3	
155	158	-6	
152	158	4	
179	181	5	
179	183	4	
178	183	4	
178	182	-3	
177	182	-5	
448	452	-3	
450	453	-7	
451	453	6	
451	454	3	
56	60	-4	
57	60	-6	
57	61	-4	
59	61	-6	
59	62	-4	
408	413	4	
413	421	-4	
417	421	4	
417	422	-4	
414	422	-4	
408	414	6	
64	68	4	
65	68	5	
67	70	3	
64	70	6	
256	261	3	
258	262	5	
257	262	2	
257	263	-5	
256	263	4	
473	476	7	
474	476	6	
475	479	-6	
473	479	2	
442	444	-4	
443	444	-4	
443	445	-3	
440	445	-4	
440	446	3	
442	446	-5	
424	428	-4	
490	494	-2	
488	494	-5	
424	488	-3	
24	28	-5	
25	31	-6	
26	31	4	
26	29	5	
24	29	5	
507	508	-3	
507	509	6	
505	509	3	
505	510	-6	
506	510	4	
379	380	-6	
379	383	-5	
378	382	-5	
353	357	4	
355	419	-1	
417	420	-4	
353	417	3	
5	13	-2	
10	13	-4	
10	14	4	
6	14	-1	
2	6	4	
43	45	3	
45	53	-3	
51	53	-4	
51	54	-6	
46	54	-2	
282	285	6	
282	346	-4	
344	348	4	
280	344	-2	
371	374	-5	
371	435	-4	
435	437	-5	
369	433	3	
89	92	-3	
92	100	-3	
98	101	-3	
93	101	-3	
89	93	5	
241	244	-4	
243	244	-3	
242	247	5	
242	245	4	
113	116	5	
113	118	4	
288	292	-3	
291	292	-4	
289	294	-3	
288	295	4	
16	20	4	
17	20	4	
19	21	5	
208	212	6	
212	220	-3	
215	223	3	
208	215	3	
296	301	-5	
301	309	3	
307	311	2	
303	311	3	
296	303	-4	
131	132	-5	
131	195	2	
195	196	-3	
129	193	2	
363	364	-5	
363	427	-2	
427	430	-4	
425	430	3	
361	425	-3	
265	268	-5	
268	276	-3	
275	276	5	
275	279	-4	
271	279	4	
83	87	4	
146	148	4	
82	146	2	
481	484	4	
484	492	3	
491	494	-5	
486	494	4	
338	341	3	
337	342	2	
186	189	5	
186	250	-3	
250	253	-5	
184	248	-2	
73	77	-3	
74	78	-3	
72	79	-2	
105	111	-5	
107	111	-6	
107	171	-1	
169	174	-4	
321	324	-6	
322	325	-4	
322	326	-6	
138	141	4	
138	202	5	
202	207	5	
201	207	3	
137	201	-5	
233	236	3	
234	298	-3	
297	300	5	
393	396	4	
396	404	-3	
397	405	-2	
393	397	-5	
385	388	4	
386	391	4	
385	390	-5	
496	501	-6	
497	501	3	
498	503	4	
498	502	3	
35	36	4	
34	38	6	
32	37	-4	
456	460	5	
458	462	2	
457	461	-5	
162	165	-2	
163	165	5	
163	167	-3	
161	167	-5	
161	166	-3	
281	287	4	
283	347	-3	
347	350	-2	
345	350	7	
281	345	3	
328	333	5	
330	333	2	
331	334	3	
331	335	-4	
436	444	4	
441	444	5	
441	446	5	
438	446	-4	
434	438	3	
313	316	-4	
314	316	4	
312	317	5	
312	319	-4	
465	469	4	
469	477	3	
472	479	7	
471	479	2	
465	471	4	
94	102	-4	
97	102	-3	
97	103	4	
95	103	-2	
90	95	-4	
209	213	-2	
213	221	-5	
217	222	-3	
214	222	3	
209	214	-4	
224	229	-4	
232	237	-5	
231	239	-4	
224	231	3	
365	373	-1	
370	373	7	
367	375	-1	
362	367	5	
128	133	-6	
130	194	-1	
194	198	5	
128	192	1	
260	268	3	
266	268	4	
262	270	-4	
259	262	3	
155	157	-4	
150	158	-4	
145	150	-5	
172	180	-3	
176	183	3	
175	183	3	
170	175	3	
404	412	3	
410	412	-3	
410	415	6	
407	415	-3	
401	407	4	
139	203	-5	
200	205	5	
136	200	3	
354	358	3	
354	418	2	
418	420	5	
352	416	-2	
42	47	3	
42	106	5	
106	110	3	
40	104	3	
185	190	-4	
187	190	4	
187	251	3	
251	254	3	
185	249	-2	
488	493	-2	
488	495	5	
0	4	-5	
3	5	4	
1	5	4	
1	6	7	
0	6	6	
400	406	-2	
403	406	-5	
403	467	4	
467	470	5	
400	464	-4	
272	276	6	
273	276	3	
273	278	-4	
274	277	-4	
272	277	2	
304	308	-5	
305	310	4	
80	84	2	
82	86	-3	
81	86	-5	
80	85	-6	
123	124	-5	
121	126	-7	
120	127	-5	
504	509	-6	
506	509	3	
507	510	-2	
65	69	-5	
66	70	-5	
58	61	-4	
59	63	4	
57	63	-2	
57	62	5	
58	62	4	
451	452	-5	
448	453	3	
449	455	5	
8	15	4	
11	15	3	
11	75	3	
75	77	4	
72	77	4	
8	72	-5	
27	29	4	
25	30	5	
51	52	4	
48	55	5	
50	55	-5	
88	94	-2	
90	154	-3	
88	152	4	
329	332	-4	
393	399	-3	
392	399	2	
328	392	-1	
240	244	-2	
244	252	4	
248	252	6	
248	255	-5	
247	255	4	
240	247	3	
313	318	4	
315	379	3	
377	383	4	
313	377	3	
115	119	5	
115	179	-1	
179	180	-4	
178	180	4	
114	178	2	
200	204	-3	
202	266	-2	
200	264	-2	
96	100	3	
100	108	-3	
105	108	2	
101	109	4	
96	101	3	
435	438	-4	
496	500	-2	
432	496	-3	
226	290	-2	
289	292	3	
225	289	-2	
482	486	3	
482	487	-3	
481	487	5	
193	197	-2	
259	263	5	
216	221	4	
218	282	2	
216	280	5	
459	460	4	
168	175	-3	
171	235	-5	
232	238	2	
168	232	-3	
426	429	-5	
489	492	3	
425	489	-2	
341	349	-4	
347	349	3	
343	351	3	
339	343	-3	
321	327	3	
384	390	-3	
147	151	3	
147	211	3	
145	209	2	
410	413	-2	
472	476	-2	
9	12	-2	
9	15	-5	
38	46	3	
41	47	-4	
353	356	-2	
353	358	-4	
355	358	-4	
352	359	-4	
368	372	2	
371	375	-4	
184	188	-5	
187	188	-2	
187	189	3	
186	191	-4	
131	135	3	
129	135	2	
298	302	5	
299	302	-4	
161	165	-3	
160	167	5	
160	166	-3	
194	197	-2	
197	205	-3	
203	207	3	
194	199	-3	
117	125	4	
120	125	-7	
119	127	4	
112	119	4	
228	236	3	
234	237	-5	
176	181	-5	
179	243	-5	
176	240	-5	
453	461	-2	
459	462	5	
454	462	2	
450	454	-4	
13	21	-3	
14	22	-4	
400	405	-4	
345	349	-3	
291	293	4	
290	295	-3	
267	269	3	
269	277	-3	
168	172	3	
170	174	-4	
282	284	2	
282	287	4	
153	158	2	
144	151	-3	
102	110	2	
103	111	-3	
98	103	3	
498	500	4	
500	508	-3	
504	508	4	
501	509	2	
409	413	4	
409	414	2	
178	242	-5	
177	241	3	
324	332	3	
325	333	2	
88	95	2	
89	95	5	
491	495	3	
34	36	-4	
37	45	-4	
314	378	-2	
312	376	-4	
67	68	6	
68	76	-3	
74	79	5	
71	79	2	
305	308	3	
307	310	5	
306	309	-5	
305	309	-3	
432	436	5	
433	436	2	
434	439	-5	
434	437	-3	
432	437	-3	
216	220	2	
217	223	5	
384	388	-4	
387	389	-4	
384	391	3	
473	478	4	
470	478	-2	
398	406	-2	
399	407	3	
73	78	-3	
75	139	-2	
139	142	-3	
73	137	1	
211	213	-5	
211	214	-5	
208	214	-3	
83	85	-4	
81	87	-3	
497	502	6	
502	510	-4	
505	511	-4	
503	511	3	
326	334	-2	
330	335	-3	
327	335	3	
27	31	5	
24	31	4	
49	54	4	
296	300	-2	
297	303	-4	
297	301	-5	
3	6	4	
258	263	-2	
256	262	4	
249	252	-3	
369	372	-5	
372	380	-4	
374	382	2	
196	204	-6	
201	204	-3	
201	206	-5	
116	124	-4	
118	126	4	
148	156	-4	
154	157	4	
146	149	-5	
411	415	2	
35	39	-5	
35	99	-4	
32	96	-5	
66	130	2	
65	129	2	
393	457	-3	
456	463	2	
392	456	-4	
352	357	-2	
489	494	4	
274	338	-2	
338	340	-4	
273	337	-2	
227	230	-3	
235	239	-3	
425	428	-2	
427	429	4	
426	431	2	
467	471	-3	
466	469	-3	
185	188	3	
185	189	-4	
184	190	-4	
314	319	-5	
312	318	-3	
264	270	-3	
265	269	2	
162	164	4	
40	46	3	
42	46	-4	
104	108	4	
440	444	3	
133	141	3	
136	141	-6	
8	13	4	
18	21	-3	
17	22	-4	
416	422	-5	
419	483	-8	
480	484	4	
416	480	5	
43	47	-3	
43	107	-3	
107	109	-5	
41	105	-3	
32	38	-3	
33	97	-5	
225	228	-6	
233	237	-2	
225	229	-3	
2	4	5	
275	339	2	
272	336	-2	
56	63	4	
59	123	-3	
56	120	-2	
394	396	-3	
394	458	1	
458	461	4	
193	199	-4	
88	92	-2	
91	155	2	
290	294	2	
294	302	3	
298	303	4	
50	54	4	
51	115	4	
114	117	-2	
375	383	-2	
26	30	-4	
218	220	3	
173	181	2	
323	387	-1	
387	388	2	
281	285	-3	
280	287	-2	
280	286	-3	
265	270	-2	
266	330	-3	
265	329	-4	
306	311	-3	
400	404	1	
78	86	-2	
504	510	-2	
490	493	-3	
145	148	3	
144	149	3	
344	350	-3	
177	180	5	
433	438	-1	
18	82	-4	
17	81	-3	
49	53	4	
48	112	-4	
40	45	3	
322	386	2	
386	390	2	
169	172	-3	
171	172	-5	
169	233	-4	
362	364	-3	
361	365	-4	
10	74	4	
9	73	4	
162	226	3	
226	231	-4	
160	224	4	
90	93	-1	
332	340	2	
335	343	-3	
291	355	4	
289	353	5	
419	421	3	
483	487	-3	
417	481	-5	
243	245	3	
245	253	2	
246	254	-2	
442	447	-2	
67	69	-2	
273	279	-3	
208	272	2	
130	134	-3	
130	135	-4	
499	503	5	
306	370	2	
155	156	2	
457	460	-1	
401	405	-3	
402	466	-3	
466	470	-5	
401	465	3	
264	271	5	
263	271	2	
108	116	-3	
110	118	1	
411	413	-4	
475	476	3	
315	317	3	
379	382	3	
33	36	-2	
75	76	2	
168	174	3	
170	234	-4	
333	341	-3	
334	342	2	
328	334	-2	
394	397	3	
219	222	4	
219	283	-3	
283	284	4	
288	293	-3	
290	354	3	
288	352	4	
153	156	2	
89	153	3	
163	227	4	
161	225	-1	
250	255	-2	
20	28	-2	
27	28	3	
21	29	-3	
408	412	-4	
474	477	4	
477	485	-2	
480	486	2	
478	486	-2	
51	55	-2	
47	55	-2	
64	71	-4	
65	70	2	
11	14	-4	
178	181	2	
106	109	2	
105	110	3	
258	260	4	
261	269	-3	
321	325	2	
464	471	4	
418	482	-6	
195	199	-1	
308	316	3	
310	318	-4	
19	83	2	
203	206	-3	
428	436	2	
424	429	2	
468	476	1	
44	52	1	
354	357	-4	
506	511	-3	
141	149	-1	
142	150	-1	
99	102	-3	
286	294	-3	
154	158	3	
154	159	-2	
488	492	5	
491	493	3	
249	253	-6	
369	373	-3	
370	374	3	
163	166	3	
257	260	3	
259	261	-3	
59	60	3	
355	356	-3	
363	367	5	
33	37	-3	
345	348	-4	
232	236	2	
227	229	-4	
241	305	2	
240	304	-1	
16	80	-3	
109	117	-2	
264	328	3	
292	300	2	
174	182	-2	
379	443	-1	
441	447	-3	
377	441	-1	
339	342	4	
338	343	3	
362	426	-3	
277	285	2	
274	279	2	
48	52	3	
320	324	2	
41	44	-4	
291	295	-3	
378	442	2	
376	440	-2	
392	398	-2	
113	117	-2	
202	205	-2	
248	254	3	
19	20	1	
309	317	-2	
195	198	-2	
193	198	3	
210	215	-4	
210	274	3	
152	159	-2	
368	432	-1	
235	299	-1	
224	230	5	
451	455	-4	
402	404	-4	
69	77	-3	
70	78	-2	
233	238	3	
179	182	-1	
220	228	-2	
223	231	1	
97	100	-2	
298	301	-2	
302	310	-2	
91	94	3	
205	213	-2	
83	84	2	
147	150	-3	
81	145	-2	
357	365	-3	
340	348	1	
346	349	-3	
337	341	-2	
287	295	3	
323	326	2	
323	327	-2	
443	446	-3	
420	428	-1	
422	430	2	
300	308	-2	
82	85	-2	
479	487	-1	
203	204	1	
266	271	-1	
405	413	-2	
241	246	-2	
57	121	1	
339	403	2	
449	453	2	
235	236	-4	
112	118	2	
66	68	-2	
66	71	-1	
490	495	3	
483	485	1	
311	319	-3	
437	445	3	
267	331	-2	
16	23	2	
155	219	3	
153	217	1	
346	351	-1	
346	410	-1	
74	138	1	
427	431	-3	
275	278	1	
25	29	-2	
146	151	-4	
376	380	1	
336	340	-3	
475	477	2	
472	478	1	
433	497	2	
406	414	2	
385	449	3	
384	448	-2	
169	175	2	
307	371	-1	
18	22	-2	
250	314	-1	
330	332	-3	
85	93	2	
80	87	-1	
387	451	-2	
386	450	-1	
342	350	2	
211	212	-2	
156	164	1	
158	166	-1	
257	321	2	
256	320	-1	
217	281	-2	
23	31	-1	
192	196	1	
129	133	2	
171	173	-1	
353	359	-2	
426	430	-1	
90	92	-1	
86	94	-2	
137	143	3	
270	278	-2	
34	98	2	
439	447	1	
147	149	1	
259	323	1	
258	322	-2	
385	391	1	
282	286	2	
347	348	-3	
216	223	2	
79	87	1	
128	132	3	
29	37	1	
31	39	2	
337	401	-2	
452	460	1	
455	463	-1	
476	484	1	
239	247	-2	
4	12	1	
474	479	2	
219	221	2	
464	468	1	
243	307	1	
297	361	-1	
50	53	2	
369	375	1	
113	177	1	
98	162	-1	
234	239	-1	
403	407	-1	
30	38	1	
222	230	1	
492	500	1	
493	501	1	
283	285	1	
157	165	1	
159	167	-1	
115	116	1	
421	429	-1	
Energy:	-3746	
