NumberOfQubits	504	
NumberOfSubgraphs	840	
Serial	152	
PlantedSolution:	
0	-1	
1	-1	
2	-1	
3	1	
4	1	
5	-1	
6	1	
8	-1	
9	1	
10	-1	
11	-1	
12	-1	
13	1	
14	1	
15	1	
16	1	
17	-1	
18	1	
19	1	
20	-1	
21	1	
22	1	
23	-1	
24	-1	
25	-1	
26	1	
27	1	
28	1	
29	-1	
30	-1	
31	1	
32	1	
33	-1	
34	-1	
35	-1	
36	-1	
37	-1	
38	1	
39	1	
40	1	
41	-1	
42	1	
43	-1	
44	-1	
45	-1	
46	1	
47	-1	
48	-1	
49	-1	
50	1	
51	-1	
52	1	
53	1	
54	1	
55	-1	
56	-1	
57	-1	
58	-1	
59	-1	
60	-1	
61	1	
62	-1	
63	1	
64	-1	
65	1	
66	1	
67	-1	
68	-1	
69	1	
70	1	
71	-1	
72	-1	
73	1	
74	1	
75	1	
76	1	
77	-1	
78	-1	
79	-1	
80	1	
81	-1	
82	-1	
83	-1	
84	-1	
85	1	
86	1	
87	1	
88	1	
89	1	
90	-1	
91	-1	
92	1	
93	-1	
94	-1	
95	1	
96	1	
97	-1	
98	-1	
99	1	
100	1	
101	1	
102	1	
103	-1	
104	-1	
105	-1	
106	-1	
107	1	
108	-1	
109	-1	
110	-1	
111	1	
112	1	
113	-1	
114	-1	
115	-1	
116	1	
117	-1	
118	-1	
119	-1	
120	1	
121	1	
123	-1	
124	1	
125	-1	
126	1	
127	1	
128	1	
129	-1	
130	1	
131	1	
132	1	
133	-1	
134	1	
135	-1	
136	1	
137	1	
138	-1	
139	1	
141	-1	
142	-1	
143	1	
144	-1	
145	1	
146	1	
147	1	
148	1	
149	1	
150	-1	
151	1	
152	1	
153	-1	
154	-1	
155	1	
156	1	
157	1	
158	1	
159	-1	
160	1	
161	1	
162	-1	
163	1	
164	1	
165	1	
166	1	
167	-1	
168	-1	
169	-1	
170	1	
171	1	
172	-1	
173	1	
174	-1	
175	-1	
176	-1	
177	1	
178	-1	
179	-1	
180	-1	
181	1	
182	1	
183	1	
184	1	
185	-1	
186	-1	
187	-1	
188	1	
189	-1	
190	-1	
191	1	
192	1	
193	1	
194	-1	
195	1	
196	1	
197	1	
198	-1	
199	1	
200	1	
201	1	
202	-1	
203	1	
204	1	
205	-1	
206	-1	
207	-1	
208	1	
209	-1	
210	1	
211	-1	
212	1	
213	1	
214	-1	
215	1	
216	1	
217	-1	
218	1	
219	1	
220	1	
221	-1	
222	1	
223	-1	
224	1	
225	-1	
226	-1	
227	-1	
228	1	
229	-1	
230	1	
231	-1	
232	-1	
233	-1	
234	1	
235	1	
236	1	
237	-1	
238	-1	
239	1	
240	-1	
241	1	
242	-1	
243	1	
244	1	
245	1	
246	-1	
247	1	
248	1	
249	1	
250	-1	
251	-1	
252	1	
253	1	
254	-1	
255	1	
256	-1	
257	-1	
258	1	
259	-1	
260	-1	
261	-1	
262	1	
263	1	
264	1	
265	-1	
266	1	
267	1	
268	-1	
269	-1	
270	-1	
271	-1	
272	-1	
273	-1	
274	-1	
275	1	
276	-1	
277	-1	
278	-1	
279	1	
280	1	
281	1	
282	1	
283	1	
284	1	
285	1	
286	-1	
287	-1	
288	1	
289	-1	
290	1	
291	-1	
292	-1	
293	-1	
294	1	
295	1	
296	-1	
297	-1	
298	-1	
299	-1	
300	-1	
301	1	
302	-1	
303	-1	
304	1	
305	-1	
306	-1	
307	-1	
308	-1	
309	1	
310	-1	
311	1	
312	1	
313	-1	
314	1	
315	-1	
316	-1	
317	-1	
318	-1	
319	1	
320	1	
321	1	
322	-1	
323	1	
324	-1	
325	-1	
326	1	
327	-1	
328	1	
329	-1	
330	-1	
331	-1	
332	-1	
333	1	
334	-1	
335	-1	
336	1	
337	-1	
338	1	
339	-1	
340	1	
341	-1	
342	-1	
343	-1	
344	-1	
345	-1	
346	-1	
347	-1	
348	-1	
349	-1	
350	1	
351	1	
352	1	
353	-1	
354	1	
355	-1	
356	-1	
357	1	
358	1	
359	-1	
361	1	
362	-1	
363	-1	
364	-1	
365	1	
367	-1	
368	1	
369	1	
370	1	
371	-1	
372	-1	
373	-1	
374	1	
375	1	
376	-1	
377	-1	
378	-1	
379	-1	
380	-1	
382	1	
383	1	
384	1	
385	-1	
386	1	
387	-1	
388	-1	
389	-1	
390	-1	
391	-1	
392	-1	
393	-1	
394	-1	
396	-1	
397	1	
398	1	
399	1	
400	1	
401	-1	
402	-1	
403	1	
404	1	
405	1	
406	-1	
407	1	
408	-1	
409	-1	
410	-1	
411	1	
412	-1	
413	-1	
414	1	
415	-1	
416	1	
417	1	
418	-1	
419	-1	
420	1	
421	-1	
422	-1	
424	-1	
425	1	
426	-1	
427	-1	
428	1	
429	-1	
430	1	
431	-1	
432	1	
433	-1	
434	-1	
435	1	
436	-1	
437	-1	
438	-1	
439	-1	
440	-1	
441	-1	
442	1	
443	-1	
444	-1	
445	1	
446	1	
447	-1	
448	-1	
449	-1	
450	-1	
451	1	
452	1	
453	-1	
454	1	
455	-1	
456	-1	
457	-1	
458	-1	
459	-1	
460	-1	
461	1	
462	1	
463	1	
464	-1	
465	-1	
466	-1	
467	-1	
468	1	
469	1	
470	-1	
471	1	
472	-1	
473	-1	
474	1	
475	-1	
476	-1	
477	-1	
478	1	
479	-1	
480	-1	
481	1	
482	-1	
483	1	
484	-1	
485	-1	
486	-1	
487	-1	
488	-1	
489	-1	
490	-1	
491	-1	
492	1	
493	-1	
494	-1	
495	1	
496	1	
497	1	
498	1	
499	1	
500	1	
501	1	
502	-1	
503	1	
504	1	
505	1	
506	1	
507	1	
508	1	
509	1	
510	1	
511	1	
Js:	
307	308	-3	
308	316	4	
315	316	-4	
315	318	-4	
310	318	-4	
307	310	-5	
41	44	-5	
44	52	3	
51	52	4	
51	54	4	
46	54	-3	
41	46	3	
184	188	2	
186	188	6	
186	190	-5	
185	190	-6	
185	189	-2	
184	189	7	
82	84	-4	
84	92	-3	
91	92	4	
91	94	-6	
86	94	3	
82	86	5	
353	356	-4	
354	356	5	
354	358	-9	
355	358	6	
355	359	-3	
353	359	-4	
416	420	-6	
418	420	7	
418	422	-2	
419	422	-5	
419	421	7	
416	421	2	
467	468	5	
468	476	2	
473	476	-6	
473	478	3	
470	478	2	
467	470	5	
194	197	6	
195	197	-5	
195	259	3	
259	263	-4	
258	263	-6	
194	258	3	
289	292	-8	
291	292	-4	
291	295	-6	
288	295	-5	
288	293	5	
289	293	-4	
160	165	-4	
161	165	-7	
161	225	3	
225	229	-4	
224	229	3	
160	224	-3	
480	484	-6	
481	484	4	
481	485	5	
482	485	-5	
482	487	-2	
480	487	-4	
27	29	5	
29	37	-3	
34	37	-5	
34	39	5	
31	39	-2	
27	31	5	
337	341	-5	
338	341	5	
338	402	-2	
402	404	3	
401	404	4	
337	401	-5	
202	204	6	
203	204	2	
203	206	6	
201	206	5	
201	205	4	
202	205	-4	
280	286	4	
283	286	3	
283	347	3	
347	348	-5	
344	348	-6	
280	344	5	
98	101	4	
101	109	-3	
104	109	-4	
104	110	-5	
102	110	3	
98	102	5	
442	446	-4	
443	446	5	
443	507	2	
507	510	-5	
506	510	3	
442	506	-5	
363	364	-4	
364	372	3	
370	372	3	
370	373	5	
365	373	5	
363	365	8	
57	60	-7	
58	60	-3	
58	62	-7	
59	62	-5	
59	63	3	
57	63	-7	
114	116	4	
115	116	-3	
115	118	-5	
112	118	3	
112	119	3	
114	119	-6	
250	252	4	
251	252	-5	
251	255	4	
248	255	-4	
248	253	-4	
250	253	4	
168	172	-3	
170	172	3	
170	175	7	
169	175	-3	
169	173	-4	
168	173	8	
72	76	6	
73	76	3	
73	137	-3	
137	141	4	
136	141	6	
72	136	2	
66	69	-7	
67	69	4	
67	71	-5	
65	71	4	
65	70	-2	
66	70	-5	
432	438	-2	
435	438	5	
435	499	-4	
499	501	-5	
496	501	-6	
432	496	-4	
489	492	6	
491	492	-3	
491	493	-3	
488	493	-6	
488	494	-4	
489	494	-3	
456	460	-6	
459	460	-7	
459	461	-2	
458	461	6	
458	463	4	
456	463	3	
152	156	-3	
155	156	-5	
155	159	-4	
153	159	-5	
153	158	3	
152	158	-3	
408	413	-4	
410	413	-5	
410	474	3	
474	477	4	
472	477	5	
408	472	-4	
10	13	3	
13	21	5	
17	21	4	
17	23	-3	
15	23	3	
10	15	8	
376	380	-6	
377	380	-5	
377	382	5	
378	382	7	
378	383	5	
376	383	5	
323	324	6	
324	332	-5	
328	332	4	
328	334	4	
326	334	-5	
323	326	-3	
128	132	-5	
130	132	-6	
130	135	5	
131	135	4	
131	134	-5	
128	134	-4	
209	214	-4	
214	222	3	
218	222	-6	
218	223	4	
215	223	3	
209	215	-4	
298	300	-6	
299	300	-6	
299	303	4	
297	303	-6	
297	302	-5	
298	302	-2	
322	325	-5	
325	333	4	
330	333	-4	
330	335	-5	
327	335	-6	
322	327	-5	
234	236	-3	
235	236	-5	
235	238	5	
233	238	-4	
233	237	8	
234	237	4	
176	180	-6	
179	180	-5	
179	182	4	
177	182	-5	
177	183	-4	
176	183	4	
448	452	-3	
449	452	4	
449	453	-5	
451	453	3	
451	454	-5	
448	454	4	
1	4	7	
2	4	-5	
2	5	-4	
0	5	-10	
0	6	3	
1	6	6	
208	212	-3	
211	212	6	
211	275	3	
275	278	-3	
272	278	-2	
208	272	4	
9	12	5	
12	20	-3	
19	20	5	
19	22	-4	
14	22	-3	
9	14	-5	
145	149	-6	
146	149	3	
146	150	5	
144	150	-6	
144	151	6	
145	151	-3	
384	389	2	
389	397	6	
394	397	3	
394	398	3	
390	398	5	
384	390	5	
265	268	-4	
266	268	3	
266	269	-3	
267	269	5	
267	270	3	
265	270	-4	
240	244	4	
243	244	-6	
243	246	7	
242	246	-4	
242	247	4	
240	247	6	
96	100	5	
100	108	3	
105	108	-8	
105	111	5	
103	111	5	
96	103	5	
192	199	-4	
193	199	-3	
193	257	3	
257	261	-5	
256	261	-3	
192	256	-3	
304	309	-6	
309	317	3	
313	317	-4	
313	319	2	
311	319	-5	
304	311	-4	
281	285	-6	
282	285	-4	
282	346	4	
346	350	5	
345	350	-4	
281	345	2	
425	428	-4	
427	428	5	
427	429	-3	
424	429	-7	
424	431	-4	
425	431	4	
24	28	4	
25	28	3	
25	89	-3	
89	93	7	
88	93	3	
24	88	3	
74	77	5	
77	85	2	
80	85	-6	
80	87	-5	
79	87	3	
74	79	3	
121	125	5	
123	125	-4	
123	126	5	
120	126	-2	
120	127	-5	
121	127	-6	
162	167	-5	
163	167	6	
163	227	2	
227	228	4	
226	228	6	
162	226	-2	
433	439	-3	
434	439	-5	
434	498	4	
498	500	-5	
497	500	-2	
433	497	-6	
440	445	6	
441	445	6	
441	505	-3	
505	509	-6	
504	509	-4	
440	504	4	
386	388	7	
388	396	-5	
393	396	-5	
393	399	-4	
391	399	4	
386	391	3	
403	406	4	
406	414	5	
411	414	-5	
411	415	3	
407	415	4	
403	407	-3	
40	45	6	
45	53	1	
49	53	4	
49	55	-5	
47	55	3	
40	47	4	
272	276	-4	
273	276	-6	
273	279	3	
274	279	6	
274	277	-5	
272	277	4	
369	372	6	
371	372	-4	
371	374	6	
368	374	-5	
368	375	-5	
369	375	2	
465	468	4	
466	468	-4	
466	469	3	
464	469	6	
464	471	4	
465	471	6	
336	340	-6	
338	340	-4	
338	342	4	
339	342	-3	
339	343	-5	
336	343	-4	
26	28	-6	
28	36	-3	
35	36	-6	
35	38	4	
30	38	4	
26	30	4	
216	220	-4	
219	220	-3	
219	222	3	
217	222	3	
217	221	-4	
216	221	5	
74	78	6	
75	78	4	
75	139	3	
139	142	5	
138	142	-6	
74	138	4	
361	367	5	
362	367	-6	
362	426	-3	
426	430	4	
425	430	2	
361	425	-3	
42	45	4	
43	45	5	
43	107	5	
107	109	5	
106	109	-3	
42	106	4	
227	230	-4	
230	238	2	
232	238	-4	
232	239	4	
231	239	4	
227	231	-6	
475	478	4	
478	486	4	
483	486	5	
483	487	4	
479	487	3	
475	479	-3	
81	85	4	
83	85	-3	
83	147	2	
147	148	-5	
145	148	-4	
81	145	3	
347	349	-4	
349	357	4	
352	357	-6	
352	359	-2	
351	359	6	
347	351	4	
241	245	-7	
242	245	3	
242	306	3	
306	308	-4	
305	308	-6	
241	305	3	
490	494	-7	
494	502	-1	
498	502	6	
498	503	-4	
495	503	1	
490	495	5	
161	164	-4	
164	172	3	
171	172	5	
171	174	4	
166	174	2	
161	166	4	
178	181	4	
181	189	5	
187	189	-4	
187	191	4	
183	191	4	
178	183	4	
200	207	4	
203	207	3	
203	267	1	
267	271	2	
264	271	5	
200	264	-2	
290	293	4	
293	301	3	
296	301	5	
296	302	-6	
294	302	4	
290	294	-6	
450	454	5	
454	462	-3	
457	462	6	
457	463	4	
455	463	4	
450	455	-3	
89	95	-3	
90	95	6	
90	154	1	
154	157	4	
153	157	3	
89	153	3	
400	404	-6	
404	412	-4	
409	412	-4	
409	413	-5	
405	413	3	
400	405	-6	
64	68	-5	
65	68	-5	
65	129	3	
129	133	-5	
128	133	5	
64	128	2	
32	37	4	
33	37	-5	
33	97	-5	
97	100	3	
32	96	-3	
50	55	-3	
50	114	3	
114	117	-3	
113	117	-3	
49	113	-5	
249	254	5	
250	254	-5	
250	314	-3	
314	316	3	
313	316	-4	
249	313	4	
321	327	4	
323	327	3	
323	387	2	
387	391	-3	
385	391	-6	
321	385	3	
432	436	4	
436	444	-5	
442	444	4	
442	447	4	
439	447	-6	
432	439	-3	
56	61	7	
59	61	4	
59	123	-2	
123	124	6	
120	124	-5	
56	120	2	
8	13	3	
11	13	5	
11	14	3	
10	14	4	
8	15	4	
256	262	7	
258	262	-2	
258	322	-3	
320	325	5	
256	320	3	
280	284	-5	
282	284	-4	
282	287	4	
281	287	4	
280	285	3	
16	20	4	
17	20	3	
17	22	6	
18	22	-6	
18	23	4	
16	23	6	
329	332	-3	
329	333	5	
331	333	3	
331	335	1	
328	335	4	
193	196	-7	
194	196	6	
192	197	4	
192	198	6	
193	198	5	
504	508	-4	
506	508	-5	
506	509	-3	
507	509	-5	
507	511	-5	
504	511	-7	
209	212	5	
211	213	3	
210	213	-5	
210	214	4	
312	317	4	
315	317	-3	
315	379	2	
379	383	5	
312	376	5	
426	428	-3	
428	436	2	
434	436	-4	
434	437	-2	
429	437	-3	
426	429	-4	
417	421	3	
418	421	-5	
418	482	-4	
417	481	-4	
392	398	5	
398	406	2	
401	406	-3	
401	407	3	
399	407	4	
392	399	4	
48	53	6	
51	53	4	
51	115	-4	
115	119	2	
48	112	4	
136	143	-4	
137	143	-6	
137	201	-5	
200	206	4	
136	200	-4	
99	101	-5	
99	163	-3	
98	162	-3	
259	260	-4	
260	268	-5	
266	271	5	
263	271	4	
0	4	5	
3	4	5	
3	6	-6	
2	6	7	
41	47	-7	
43	47	-4	
107	111	5	
41	105	-3	
219	221	3	
221	229	-3	
225	231	1	
223	231	-2	
219	223	5	
440	444	3	
443	444	-3	
443	447	-5	
441	447	-3	
237	245	1	
241	247	-4	
239	247	-1	
233	239	3	
25	29	-7	
26	29	2	
26	31	-5	
24	31	3	
24	30	-7	
25	30	-3	
306	311	6	
306	370	2	
370	375	-3	
304	368	4	
11	12	-5	
11	75	3	
75	77	7	
73	77	-3	
9	73	-3	
353	357	6	
353	417	4	
417	422	5	
416	422	6	
352	416	3	
488	492	5	
491	495	8	
490	493	-3	
144	148	4	
147	151	-3	
146	151	3	
409	415	-5	
410	415	-7	
473	477	-3	
409	473	-3	
273	277	-3	
275	277	5	
275	339	3	
339	340	2	
337	340	-4	
273	337	-1	
299	363	-3	
362	364	-6	
298	362	3	
385	389	-5	
387	389	4	
387	451	5	
451	452	-5	
385	449	-2	
185	188	5	
187	188	-6	
187	190	-2	
184	190	3	
184	191	-5	
185	191	2	
497	501	-3	
497	503	-4	
499	503	-3	
499	502	-2	
496	502	4	
88	92	-4	
90	94	5	
88	95	-5	
32	36	4	
33	36	-3	
33	39	4	
34	38	-5	
32	38	-4	
305	310	-4	
307	371	-4	
371	373	3	
369	373	6	
305	369	4	
244	252	-4	
248	252	-5	
248	254	3	
246	254	4	
104	108	-4	
106	108	-4	
106	170	-2	
168	175	-2	
104	168	-5	
392	397	5	
393	397	3	
393	457	3	
456	462	4	
392	456	-1	
290	292	4	
290	295	-5	
291	294	4	
289	294	3	
173	181	-2	
176	181	3	
176	182	2	
174	182	2	
169	174	-6	
408	414	6	
411	475	-4	
472	479	-5	
129	132	3	
130	133	4	
131	133	3	
129	134	-5	
57	61	2	
58	63	5	
56	62	-4	
68	76	5	
72	78	2	
70	78	3	
64	70	6	
465	469	5	
466	471	3	
464	470	-6	
465	470	-2	
205	213	2	
208	213	-4	
208	215	-3	
207	215	4	
202	207	4	
345	348	-2	
346	349	-4	
344	349	-1	
261	269	-5	
265	269	-4	
262	270	6	
257	262	-2	
155	158	-5	
154	158	3	
154	159	-3	
152	159	5	
16	21	-4	
18	21	-3	
18	82	2	
80	84	4	
16	80	-2	
386	390	4	
386	450	5	
450	453	2	
448	453	-6	
384	448	2	
274	278	-4	
278	286	-6	
283	287	-6	
279	287	4	
40	44	4	
48	52	4	
48	54	2	
40	46	-4	
113	116	5	
116	124	-5	
121	124	2	
117	125	-5	
160	166	4	
162	166	3	
224	228	-3	
379	380	-4	
379	382	3	
377	383	5	
138	141	-4	
139	141	3	
139	143	-5	
136	142	4	
320	324	3	
331	332	-4	
331	334	-6	
320	326	-4	
427	430	3	
430	438	3	
435	439	3	
431	439	-2	
427	431	-6	
336	341	3	
339	341	-4	
339	403	-3	
403	405	-3	
336	400	-2	
232	236	5	
234	298	2	
298	301	3	
232	296	-4	
419	420	2	
419	483	3	
483	484	-3	
416	480	3	
352	356	5	
355	356	-4	
354	359	5	
352	358	3	
249	253	-4	
314	318	4	
313	318	-3	
217	220	6	
217	281	-2	
281	284	-4	
216	280	-1	
64	71	-3	
195	196	-3	
195	198	-3	
194	199	3	
500	508	-4	
505	508	-4	
505	510	-5	
502	510	4	
19	21	-4	
19	83	-2	
83	86	4	
81	86	5	
17	81	-2	
329	335	-3	
330	394	-3	
394	396	-5	
329	393	-2	
35	37	1	
35	99	4	
99	102	-4	
97	102	4	
458	460	3	
459	462	5	
457	461	3	
178	180	-3	
179	181	3	
177	181	-5	
363	367	-5	
297	361	2	
251	315	-2	
315	319	5	
312	319	-2	
248	312	-3	
118	126	6	
121	126	-5	
119	127	6	
153	156	-2	
156	164	-2	
157	165	-3	
433	437	-3	
437	445	-3	
440	446	4	
438	446	4	
433	438	-4	
337	342	-2	
342	350	5	
344	350	-3	
344	351	3	
343	351	2	
337	343	-3	
200	204	-5	
202	266	-2	
266	270	3	
264	270	4	
85	93	3	
87	95	-3	
147	149	-7	
147	211	2	
211	215	4	
210	215	-4	
146	210	-2	
3	5	5	
474	476	5	
476	484	-1	
474	478	-5	
171	175	-4	
171	235	-4	
234	238	4	
170	234	-3	
402	405	3	
403	467	5	
466	470	-4	
402	466	-6	
387	388	2	
451	455	2	
50	52	-3	
52	60	3	
59	60	-6	
54	62	2	
50	54	-6	
224	230	4	
225	230	7	
225	289	-4	
288	292	3	
224	288	-4	
8	14	-5	
73	79	5	
72	79	-5	
8	72	-3	
425	429	1	
425	489	4	
489	495	-3	
488	495	2	
424	488	-3	
257	260	-5	
259	323	3	
321	324	2	
257	321	5	
106	110	-4	
106	111	3	
99	103	-3	
306	309	2	
240	304	1	
186	191	5	
216	223	3	
272	279	4	
370	374	-4	
370	434	-3	
432	437	4	
368	432	-3	
131	132	-6	
129	135	-6	
130	134	-3	
411	412	4	
42	44	4	
42	46	-7	
43	46	3	
27	28	-4	
356	364	1	
361	364	6	
361	365	-4	
357	365	-1	
355	357	2	
245	253	-4	
251	253	4	
251	254	-3	
241	246	2	
150	158	3	
151	159	3	
232	237	-3	
233	297	-2	
297	301	4	
90	92	-2	
92	100	-3	
97	101	4	
93	101	2	
90	93	-3	
328	333	-3	
333	341	-1	
334	342	-3	
456	461	4	
461	469	-1	
467	469	2	
467	471	3	
463	471	1	
18	20	5	
19	23	-3	
16	22	-2	
196	204	2	
201	204	-3	
198	206	-2	
417	420	-4	
321	326	-5	
385	388	-2	
384	388	4	
320	384	-3	
346	351	1	
345	351	-4	
258	260	2	
265	271	-3	
107	110	3	
107	171	-1	
171	173	2	
291	293	-3	
307	309	3	
314	317	4	
314	319	4	
307	311	4	
477	485	-2	
481	487	6	
473	479	-5	
81	84	-3	
83	84	-5	
83	87	4	
82	87	-2	
34	36	-3	
35	39	5	
32	39	-3	
210	212	-2	
208	214	5	
209	213	-4	
50	53	5	
275	276	4	
276	284	5	
282	286	2	
379	443	4	
378	442	3	
66	68	1	
492	500	-3	
499	500	-4	
493	501	3	
489	493	4	
197	205	3	
203	205	4	
199	207	3	
195	199	-5	
396	404	-1	
400	406	3	
169	172	-4	
172	180	-2	
177	180	-3	
58	61	5	
56	63	4	
362	365	2	
371	375	4	
367	375	4	
427	491	-3	
491	494	-3	
426	490	-2	
8	12	-5	
10	12	2	
11	15	2	
115	117	-4	
120	125	-4	
133	141	-3	
135	143	2	
128	135	-3	
228	236	2	
235	239	-2	
312	316	5	
312	318	3	
88	94	3	
91	155	2	
155	157	-3	
152	157	-4	
88	152	2	
448	455	5	
449	455	-4	
160	164	-4	
162	164	4	
163	166	-4	
160	167	-3	
435	436	2	
441	444	3	
441	446	3	
397	405	-3	
402	407	3	
249	252	2	
249	255	-4	
247	255	-4	
264	269	3	
496	500	-2	
506	511	-2	
503	511	4	
496	503	-4	
372	380	-2	
376	382	-3	
374	382	-2	
369	374	-3	
96	101	-2	
105	109	-1	
460	468	-1	
464	468	4	
462	470	1	
220	228	2	
226	229	-5	
408	412	-5	
475	476	-4	
472	476	-4	
40	104	2	
148	156	-5	
154	156	-3	
149	157	-3	
123	187	-2	
120	184	-2	
179	243	2	
240	246	2	
176	240	-3	
482	484	4	
483	485	5	
480	486	-5	
218	220	-1	
219	283	-3	
218	282	-2	
48	55	-4	
387	390	-4	
384	391	4	
24	29	-3	
25	31	4	
27	30	3	
75	76	-2	
296	300	-3	
298	303	-4	
267	331	6	
329	334	3	
265	329	-4	
345	349	-5	
346	410	1	
345	409	-3	
453	461	4	
433	436	-3	
186	189	-2	
443	445	3	
377	441	-2	
285	293	1	
286	294	-1	
281	286	4	
94	102	1	
98	103	-3	
95	103	2	
123	127	3	
469	477	3	
471	479	3	
9	15	-3	
304	308	2	
306	310	3	
304	310	3	
81	87	3	
259	261	-3	
234	239	-4	
202	206	1	
264	268	4	
268	276	1	
271	279	1	
194	198	-2	
250	255	4	
138	143	3	
137	142	2	
369	433	1	
67	70	-4	
67	131	1	
66	130	-2	
170	174	2	
481	486	-1	
486	494	-2	
487	495	1	
216	222	-4	
386	389	-3	
393	398	3	
322	324	-4	
323	325	3	
320	327	-2	
107	108	-1	
291	355	-2	
353	358	1	
289	353	1	
402	406	-3	
410	414	-4	
74	76	-3	
71	79	-3	
330	332	-3	
394	399	4	
328	392	-1	
283	285	-3	
241	244	-2	
177	241	2	
49	52	3	
112	116	-3	
82	85	-4	
82	146	3	
146	148	-4	
80	144	2	
64	69	2	
65	69	-4	
452	460	3	
314	378	2	
378	380	3	
226	231	-4	
368	372	-2	
475	477	-3	
288	294	-2	
299	302	-2	
295	303	4	
121	185	2	
98	100	-3	
99	100	-3	
163	164	-3	
401	405	2	
401	465	3	
109	117	-2	
114	118	3	
110	118	-2	
154	218	4	
153	217	-2	
347	350	2	
350	358	1	
178	242	-3	
240	245	4	
187	251	-2	
186	250	-2	
300	308	-1	
305	309	2	
301	309	-4	
299	301	-1	
200	205	3	
435	437	5	
210	274	3	
273	278	-5	
209	273	-2	
55	63	1	
51	55	-4	
97	161	2	
96	160	-2	
420	428	-2	
424	428	2	
424	430	-4	
422	430	4	
266	330	4	
142	150	-2	
143	151	2	
484	492	2	
490	492	3	
485	493	1	
480	485	-2	
1	5	-3	
394	458	-2	
338	343	3	
335	343	-1	
27	91	3	
26	90	3	
72	77	-2	
73	78	3	
408	415	1	
167	175	-4	
482	486	-5	
321	325	-3	
450	452	5	
212	220	-2	
213	221	2	
242	244	3	
243	245	3	
292	300	-3	
297	300	1	
226	230	2	
193	197	2	
257	263	2	
53	61	-2	
112	117	-3	
78	86	2	
507	508	-3	
504	510	1	
274	276	-2	
152	216	3	
67	68	-2	
66	71	3	
400	464	2	
497	502	3	
105	169	-2	
179	183	4	
96	102	-3	
340	348	3	
346	348	-3	
336	342	3	
288	352	1	
229	237	-2	
227	229	-3	
392	396	-4	
158	166	-3	
57	121	2	
134	142	3	
313	377	-3	
192	196	-2	
259	262	3	
3	67	4	
2	66	4	
322	326	3	
211	214	2	
283	284	-2	
113	118	-3	
113	119	-3	
111	119	2	
459	463	4	
162	165	3	
165	173	1	
170	173	-3	
138	202	-3	
91	93	-2	
348	356	1	
410	412	-2	
474	479	3	
22	30	-1	
23	31	1	
225	228	3	
256	260	-2	
440	447	2	
178	182	5	
182	190	2	
275	279	-2	
233	236	2	
235	237	2	
37	45	-2	
41	45	-2	
39	47	-1	
347	411	2	
168	174	-4	
305	311	1	
206	214	-2	
201	207	2	
180	188	1	
69	77	1	
264	328	-4	
258	261	4	
224	231	3	
145	150	3	
355	419	-3	
354	418	2	
163	165	-2	
161	167	2	
49	54	3	
267	268	-3	
139	203	4	
434	438	-2	
91	95	1	
36	44	1	
38	46	-2	
0	64	-2	
235	299	-2	
9	13	-4	
280	287	2	
376	440	-1	
426	431	-4	
458	462	3	
1	65	2	
449	454	3	
302	310	1	
89	92	-2	
341	349	-2	
501	509	-2	
75	79	-1	
56	60	-3	
421	429	-2	
256	263	4	
204	212	-2	
97	103	-2	
400	407	-3	
218	221	3	
115	179	-2	
114	178	-1	
385	390	2	
34	98	2	
505	511	-2	
113	177	-1	
112	176	2	
411	413	2	
57	62	2	
457	460	-2	
277	285	3	
105	110	-1	
131	195	-1	
128	192	-1	
403	404	-2	
33	38	-1	
43	44	-3	
80	86	-1	
498	501	1	
145	209	1	
217	223	-3	
184	248	1	
243	247	1	
332	340	-1	
472	478	-2	
185	249	-1	
303	311	-2	
272	336	2	
169	233	-1	
144	149	1	
144	208	1	
412	420	-1	
413	421	-1	
368	373	1	
371	435	1	
236	244	1	
238	246	-1	
442	445	-2	
89	94	2	
147	150	-1	
155	219	-1	
10	74	-1	
330	334	-1	
201	265	1	
354	357	-1	
243	307	1	
42	47	1	
76	84	-1	
222	230	1	
227	291	-1	
226	290	-1	
Energy:	-3794	
