NumberOfQubits	504	
NumberOfSubgraphs	840	
Serial	386	
PlantedSolution:	
0	1	
1	1	
2	1	
3	-1	
4	1	
5	-1	
6	1	
8	-1	
9	-1	
10	-1	
11	-1	
12	-1	
13	-1	
14	1	
15	1	
16	-1	
17	-1	
18	-1	
19	1	
20	1	
21	-1	
22	1	
23	-1	
24	1	
25	-1	
26	-1	
27	-1	
28	1	
29	1	
30	-1	
31	-1	
32	-1	
33	-1	
34	1	
35	1	
36	1	
37	-1	
38	-1	
39	-1	
40	1	
41	-1	
42	1	
43	1	
44	-1	
45	1	
46	-1	
47	1	
48	1	
49	1	
50	-1	
51	1	
52	1	
53	1	
54	1	
55	1	
56	-1	
57	1	
58	1	
59	-1	
60	1	
61	-1	
62	-1	
63	-1	
64	-1	
65	-1	
66	1	
67	1	
68	-1	
69	1	
70	-1	
71	1	
72	-1	
73	-1	
74	1	
75	-1	
76	1	
77	1	
78	-1	
79	1	
80	1	
81	1	
82	1	
83	-1	
84	1	
85	1	
86	-1	
87	-1	
88	-1	
89	-1	
90	-1	
91	1	
92	1	
93	1	
94	-1	
95	1	
96	1	
97	-1	
98	-1	
99	1	
100	-1	
101	1	
102	1	
103	1	
104	-1	
105	1	
106	1	
107	1	
108	-1	
109	1	
110	-1	
111	-1	
112	1	
113	-1	
114	1	
115	-1	
116	-1	
117	-1	
118	-1	
119	1	
120	-1	
121	1	
123	1	
124	1	
125	1	
126	1	
127	1	
128	1	
129	1	
130	1	
131	1	
132	1	
133	1	
134	-1	
135	-1	
136	1	
137	-1	
138	1	
139	1	
141	-1	
142	-1	
143	1	
144	1	
145	-1	
146	-1	
147	-1	
148	-1	
149	1	
150	1	
151	-1	
152	-1	
153	-1	
154	-1	
155	1	
156	-1	
157	-1	
158	1	
159	1	
160	-1	
161	1	
162	1	
163	-1	
164	1	
165	1	
166	-1	
167	-1	
168	-1	
169	-1	
170	-1	
171	-1	
172	1	
173	-1	
174	-1	
175	1	
176	1	
177	-1	
178	-1	
179	1	
180	-1	
181	1	
182	-1	
183	-1	
184	-1	
185	-1	
186	-1	
187	-1	
188	1	
189	1	
190	-1	
191	1	
192	-1	
193	1	
194	1	
195	1	
196	1	
197	-1	
198	1	
199	1	
200	-1	
201	1	
202	1	
203	1	
204	1	
205	1	
206	-1	
207	-1	
208	-1	
209	-1	
210	1	
211	1	
212	-1	
213	-1	
214	-1	
215	-1	
216	1	
217	1	
218	1	
219	1	
220	1	
221	1	
222	-1	
223	1	
224	-1	
225	1	
226	-1	
227	1	
228	-1	
229	1	
230	1	
231	1	
232	1	
233	-1	
234	-1	
235	1	
236	1	
237	1	
238	-1	
239	1	
240	1	
241	-1	
242	-1	
243	1	
244	-1	
245	1	
246	1	
247	-1	
248	1	
249	-1	
250	1	
251	-1	
252	1	
253	-1	
254	-1	
255	1	
256	1	
257	1	
258	-1	
259	1	
260	-1	
261	-1	
262	1	
263	1	
264	-1	
265	1	
266	1	
267	-1	
268	1	
269	-1	
270	1	
271	-1	
272	1	
273	1	
274	-1	
275	-1	
276	1	
277	1	
278	1	
279	-1	
280	-1	
281	-1	
282	-1	
283	1	
284	-1	
285	-1	
286	-1	
287	1	
288	1	
289	-1	
290	-1	
291	1	
292	1	
293	-1	
294	1	
295	-1	
296	-1	
297	-1	
298	1	
299	1	
300	1	
301	1	
302	1	
303	-1	
304	-1	
305	-1	
306	1	
307	-1	
308	-1	
309	1	
310	-1	
311	1	
312	1	
313	1	
314	1	
315	-1	
316	1	
317	1	
318	-1	
319	1	
320	-1	
321	1	
322	-1	
323	1	
324	-1	
325	-1	
326	-1	
327	1	
328	-1	
329	-1	
330	1	
331	-1	
332	1	
333	1	
334	1	
335	-1	
336	-1	
337	1	
338	-1	
339	-1	
340	1	
341	-1	
342	1	
343	-1	
344	1	
345	1	
346	-1	
347	1	
348	1	
349	-1	
350	-1	
351	-1	
352	1	
353	1	
354	1	
355	1	
356	-1	
357	-1	
358	1	
359	1	
361	-1	
362	-1	
363	-1	
364	1	
365	1	
367	-1	
368	1	
369	1	
370	1	
371	1	
372	-1	
373	1	
374	1	
375	1	
376	-1	
377	1	
378	-1	
379	1	
380	1	
382	-1	
383	-1	
384	1	
385	1	
386	-1	
387	1	
388	-1	
389	1	
390	-1	
391	-1	
392	1	
393	1	
394	1	
396	-1	
397	-1	
398	-1	
399	1	
400	1	
401	-1	
402	1	
403	-1	
404	1	
405	1	
406	-1	
407	-1	
408	1	
409	-1	
410	1	
411	-1	
412	-1	
413	-1	
414	1	
415	1	
416	-1	
417	1	
418	1	
419	-1	
420	-1	
421	1	
422	-1	
424	1	
425	1	
426	1	
427	-1	
428	-1	
429	1	
430	-1	
431	-1	
432	1	
433	-1	
434	-1	
435	-1	
436	-1	
437	-1	
438	-1	
439	-1	
440	-1	
441	-1	
442	1	
443	-1	
444	1	
445	1	
446	-1	
447	-1	
448	-1	
449	1	
450	1	
451	1	
452	1	
453	-1	
454	1	
455	1	
456	-1	
457	-1	
458	1	
459	1	
460	-1	
461	-1	
462	1	
463	1	
464	1	
465	-1	
466	1	
467	-1	
468	1	
469	-1	
470	1	
471	1	
472	-1	
473	1	
474	-1	
475	1	
476	-1	
477	-1	
478	1	
479	-1	
480	-1	
481	1	
482	1	
483	-1	
484	-1	
485	1	
486	1	
487	1	
488	-1	
489	1	
490	1	
491	1	
492	1	
493	1	
494	-1	
495	1	
496	-1	
497	1	
498	1	
499	-1	
500	-1	
501	1	
502	1	
503	-1	
504	1	
505	1	
506	1	
507	-1	
508	-1	
509	1	
510	-1	
511	-1	
Js:	
328	332	4	
329	332	5	
329	335	-6	
330	335	3	
330	333	-5	
328	333	-5	
289	295	-4	
290	295	-5	
290	354	-2	
354	357	3	
353	357	5	
289	353	3	
480	484	-5	
484	492	3	
491	492	-7	
491	494	2	
486	494	3	
480	486	-4	
97	101	6	
98	101	3	
98	103	4	
96	103	-5	
96	102	-4	
97	102	-3	
56	61	3	
57	61	6	
57	121	-2	
121	126	-4	
120	126	5	
56	120	-3	
384	388	5	
387	388	4	
387	389	5	
385	389	-3	
385	391	3	
384	391	3	
201	204	3	
204	212	4	
209	212	-4	
209	214	-5	
206	214	-5	
201	206	5	
472	477	-4	
475	477	6	
475	479	-3	
473	479	5	
473	478	-3	
472	478	6	
26	28	4	
28	36	-2	
35	36	2	
35	37	3	
29	37	2	
26	29	4	
361	364	4	
364	372	-3	
368	372	4	
368	373	-4	
365	373	-3	
361	365	4	
154	157	-5	
155	157	5	
155	219	-2	
219	220	-5	
218	220	3	
154	218	3	
177	180	-7	
179	180	6	
179	182	3	
176	182	7	
176	181	3	
177	181	3	
448	452	5	
450	452	-3	
450	453	5	
451	453	-5	
451	454	-3	
448	454	6	
272	277	-6	
274	277	3	
274	279	-7	
275	279	-3	
275	278	-3	
272	278	-4	
458	461	6	
461	469	3	
465	469	-5	
465	470	4	
462	470	-2	
458	462	-3	
410	412	5	
411	412	-5	
411	415	-4	
408	415	-4	
408	413	5	
410	413	4	
243	246	-5	
246	254	5	
250	254	3	
250	255	-5	
247	255	4	
243	247	6	
72	77	3	
77	85	-2	
80	85	-7	
80	87	6	
79	87	-2	
72	79	5	
185	188	5	
186	188	8	
186	189	3	
184	189	5	
184	191	6	
185	191	6	
145	148	-2	
148	156	-3	
153	156	-4	
153	158	3	
150	158	4	
145	150	4	
1	5	5	
5	13	-3	
9	13	-5	
9	14	-3	
6	14	-2	
1	6	-8	
296	300	6	
298	300	-4	
298	303	-4	
299	303	6	
299	301	-5	
296	301	5	
314	317	-5	
315	317	4	
315	319	4	
313	319	-6	
313	318	4	
314	318	-2	
43	46	-2	
46	54	1	
49	54	-3	
49	55	-7	
47	55	-1	
43	47	-6	
163	164	4	
164	172	-7	
168	172	5	
168	175	8	
167	175	3	
163	167	-5	
440	444	6	
443	444	3	
443	446	-6	
442	446	4	
442	447	5	
440	447	2	
225	228	2	
228	236	3	
233	236	6	
233	237	5	
229	237	3	
225	229	-4	
433	436	-5	
435	436	-3	
435	438	4	
432	438	4	
432	439	4	
433	439	-2	
75	76	4	
76	84	1	
82	84	-6	
82	86	6	
78	86	-3	
75	78	-4	
425	428	4	
427	428	-3	
427	430	2	
426	430	6	
426	429	-2	
425	429	-4	
257	260	6	
260	268	4	
264	268	3	
264	271	-4	
263	271	4	
257	263	-5	
337	340	-3	
338	340	-2	
338	402	4	
402	404	-5	
401	404	4	
337	401	4	
192	196	-2	
193	196	-5	
193	198	-5	
195	198	-3	
195	199	-4	
192	199	6	
393	398	5	
398	406	-3	
403	406	-1	
403	407	-6	
399	407	3	
393	399	2	
113	117	-2	
114	117	6	
114	118	5	
112	118	2	
112	119	-6	
113	119	5	
345	348	-4	
346	348	5	
346	350	-5	
344	350	4	
344	351	-4	
345	351	5	
320	324	-5	
322	324	-5	
322	326	-6	
323	326	3	
323	325	5	
320	325	2	
139	141	6	
141	149	2	
146	149	4	
146	151	-4	
143	151	-1	
139	143	-2	
496	501	4	
497	501	-5	
497	502	6	
498	502	-7	
498	503	3	
496	503	-7	
65	68	-5	
66	68	4	
66	71	-4	
67	71	-5	
67	70	4	
65	70	4	
256	261	6	
261	269	4	
265	269	6	
265	270	-4	
262	270	-4	
256	262	-5	
240	245	-4	
241	245	4	
241	305	-3	
305	308	-4	
304	308	-6	
240	304	4	
104	109	5	
107	109	-5	
107	111	4	
105	111	4	
105	110	5	
104	110	-6	
18	22	3	
22	30	3	
25	30	4	
25	31	-5	
23	31	-3	
18	23	-5	
224	230	-3	
227	230	-3	
227	291	-5	
291	292	-5	
288	292	-4	
224	288	5	
506	508	2	
507	508	-5	
507	510	-3	
505	510	-4	
505	511	7	
506	511	5	
281	284	-4	
282	284	-5	
282	287	7	
283	287	-4	
283	286	2	
281	286	-7	
162	165	-6	
165	173	3	
171	173	-4	
171	174	-5	
166	174	3	
162	166	6	
89	93	6	
91	93	-2	
91	94	4	
90	94	-5	
90	95	3	
89	95	-3	
130	133	-5	
131	133	-6	
131	134	3	
128	134	6	
128	135	4	
130	135	6	
40	44	4	
44	52	1	
51	52	-7	
51	53	-4	
45	53	1	
40	45	-6	
369	374	-4	
374	382	4	
377	382	3	
377	383	4	
375	383	-3	
369	375	-6	
352	358	-5	
355	358	-4	
355	419	-3	
419	421	3	
416	421	6	
352	416	4	
481	485	-3	
485	493	4	
488	493	3	
488	495	5	
487	495	-4	
481	487	-4	
203	205	-4	
205	213	3	
208	213	-6	
208	215	3	
207	215	-2	
203	207	7	
456	460	-5	
460	468	-2	
464	468	-3	
464	471	-5	
463	471	-3	
456	463	4	
249	252	3	
251	252	7	
251	253	-2	
248	253	4	
248	254	-2	
249	254	-6	
152	159	3	
153	159	5	
153	217	3	
217	221	-5	
216	221	-4	
152	216	-2	
10	12	-5	
11	12	-5	
11	13	-3	
8	13	-4	
8	15	5	
10	15	5	
226	230	3	
230	238	3	
232	238	-4	
232	239	-6	
231	239	-1	
226	231	6	
73	79	-2	
74	79	-3	
74	138	-2	
138	142	4	
137	142	-4	
73	137	-3	
58	60	-5	
59	60	5	
59	62	-5	
56	62	-7	
56	63	-5	
58	63	6	
306	310	3	
307	310	-4	
307	371	-2	
371	372	6	
370	372	4	
306	370	-3	
16	20	4	
17	20	4	
17	21	4	
19	21	3	
19	22	-7	
16	22	3	
336	341	-2	
339	341	-5	
339	403	-3	
403	405	6	
400	405	-4	
336	400	-1	
0	4	-8	
3	4	7	
3	67	5	
67	69	-6	
64	69	-4	
0	64	6	
312	316	-3	
315	316	4	
315	379	-3	
379	380	-3	
376	380	5	
312	376	4	
409	412	-4	
412	420	-2	
418	420	6	
418	422	-3	
414	422	1	
409	414	5	
32	37	-4	
34	37	5	
34	39	4	
33	39	3	
33	38	-4	
32	38	-6	
115	116	2	
116	124	6	
123	124	-4	
123	127	-4	
119	127	-4	
115	119	5	
392	396	5	
393	396	7	
394	398	4	
394	397	5	
392	397	5	
385	390	5	
386	390	-6	
386	450	2	
450	455	-5	
449	455	8	
385	449	-4	
266	268	-4	
267	268	5	
267	331	-3	
331	334	5	
330	334	-5	
266	330	2	
194	197	-2	
195	197	4	
195	259	-2	
259	263	-4	
258	263	3	
194	258	5	
354	356	-4	
356	364	3	
363	364	6	
363	367	-3	
359	367	3	
354	359	-6	
41	46	3	
42	46	7	
42	106	-3	
106	108	5	
105	108	3	
41	105	5	
289	293	4	
293	301	4	
297	301	3	
297	302	5	
294	302	-3	
289	294	4	
176	183	5	
178	183	-4	
178	242	-3	
242	244	-6	
240	244	3	
176	240	2	
434	437	-3	
437	445	5	
441	445	-3	
441	447	-5	
439	447	-4	
434	439	-4	
24	28	-5	
27	28	4	
27	91	-4	
91	92	-5	
88	92	3	
24	88	3	
273	276	-6	
276	284	1	
280	284	3	
280	285	-6	
277	285	2	
273	277	-3	
499	500	-4	
500	508	4	
504	508	4	
504	509	-5	
501	509	-3	
499	501	5	
170	174	-4	
171	235	6	
235	239	-3	
234	239	5	
170	234	-4	
424	431	4	
425	431	3	
425	489	-6	
489	495	-4	
424	488	-5	
81	84	-3	
83	84	4	
83	147	-1	
147	151	-3	
145	151	4	
81	145	2	
96	100	5	
99	100	4	
99	163	3	
160	167	-6	
96	160	3	
466	468	-4	
468	476	2	
474	476	-7	
474	478	3	
470	478	-2	
466	470	-6	
210	214	2	
214	222	-2	
216	222	-2	
216	223	-5	
215	223	2	
210	215	5	
338	341	-3	
341	349	-4	
347	349	5	
347	351	-4	
343	351	-2	
338	343	-6	
136	143	-6	
138	143	-6	
138	202	-3	
202	204	-4	
200	204	6	
136	200	4	
120	125	2	
123	125	-5	
123	187	1	
187	190	7	
184	190	-3	
120	184	-1	
456	461	-4	
459	461	5	
459	462	-7	
457	462	6	
457	463	5	
482	484	3	
482	486	-4	
483	486	5	
483	485	3	
480	485	4	
321	325	6	
322	325	-4	
320	326	-7	
320	327	-3	
321	327	-7	
49	53	-4	
50	53	5	
50	54	4	
48	54	-4	
48	55	-4	
307	308	-5	
307	309	5	
306	309	-4	
306	311	-4	
304	311	4	
128	132	-3	
129	132	-6	
129	134	5	
130	134	-2	
144	148	7	
147	148	-4	
147	211	4	
211	213	-3	
144	208	4	
161	164	-4	
169	172	5	
169	173	-5	
161	165	-4	
313	317	-3	
314	378	3	
378	380	6	
377	380	-5	
313	377	-4	
336	340	4	
340	348	-4	
344	348	-3	
342	350	2	
336	342	5	
352	359	-3	
353	359	1	
353	417	-2	
417	422	5	
416	422	-3	
362	365	5	
363	365	6	
363	427	-2	
427	431	-6	
426	431	-3	
362	426	3	
2	6	6	
2	66	-4	
1	65	3	
489	492	1	
490	494	8	
490	493	-4	
489	493	-4	
467	469	-4	
469	477	-2	
473	477	5	
471	479	-2	
467	471	4	
400	404	-3	
402	406	5	
401	406	-5	
401	405	-2	
12	20	5	
17	23	-4	
15	23	-4	
297	300	6	
299	300	-3	
298	302	-4	
440	445	2	
442	445	-4	
442	506	1	
506	510	5	
504	510	7	
440	504	3	
232	236	-2	
236	244	2	
241	244	-7	
241	246	2	
238	246	3	
370	373	-5	
371	373	-3	
371	374	-6	
368	374	3	
368	375	-3	
370	375	-4	
32	36	4	
33	36	6	
35	39	7	
35	38	4	
57	60	-5	
58	62	4	
59	61	-4	
435	499	-4	
499	503	-4	
432	496	2	
160	166	2	
162	226	3	
224	231	5	
160	224	-2	
192	197	-5	
193	197	4	
194	198	-4	
194	199	-4	
201	207	4	
203	267	4	
267	270	-3	
201	265	-3	
97	100	-3	
99	102	-5	
98	102	3	
97	103	4	
274	278	-5	
278	286	2	
279	287	1	
115	117	-5	
115	179	3	
179	181	-5	
178	181	-5	
114	178	3	
74	77	5	
80	86	1	
74	78	4	
41	44	-4	
42	44	6	
42	45	-3	
40	47	-3	
41	47	5	
187	188	2	
187	189	5	
185	189	5	
185	190	-2	
186	190	-6	
258	260	-4	
258	261	-2	
257	262	-3	
24	29	-4	
25	29	5	
27	31	-3	
27	30	-5	
24	30	-3	
387	391	6	
387	451	-2	
448	453	-5	
384	448	2	
420	428	-3	
424	428	-2	
424	429	-6	
421	429	-3	
418	421	-4	
152	156	-7	
154	156	-2	
154	158	6	
155	158	-3	
152	157	2	
411	413	-3	
409	415	3	
410	414	-2	
434	436	-4	
434	498	4	
433	497	4	
242	245	4	
245	253	4	
250	253	-5	
242	247	-2	
290	292	3	
291	295	4	
291	294	-2	
288	294	3	
88	93	2	
89	94	2	
88	95	6	
218	221	-4	
219	221	-4	
219	223	-3	
217	223	-4	
217	222	5	
218	222	4	
136	141	4	
146	150	5	
142	150	-1	
136	142	4	
331	332	4	
329	334	-2	
328	335	-2	
106	110	4	
106	170	3	
170	175	4	
104	168	1	
441	444	5	
443	507	-2	
507	511	-5	
441	505	4	
200	205	-3	
202	205	-3	
202	266	-3	
266	271	4	
200	264	-4	
275	276	6	
275	339	-2	
339	342	-3	
337	342	-4	
273	337	-2	
18	21	-4	
19	83	3	
83	87	-4	
82	87	-2	
18	82	5	
386	388	-3	
388	396	-4	
394	396	-1	
389	397	5	
386	389	2	
113	116	-4	
121	124	-5	
118	126	-6	
113	118	-4	
305	310	-4	
310	318	-4	
312	318	5	
312	319	-4	
311	319	4	
305	311	4	
281	285	-4	
282	285	-1	
282	346	-4	
346	349	-1	
345	349	-2	
281	345	2	
11	14	8	
11	75	-3	
73	76	3	
9	73	-5	
0	5	4	
3	5	-4	
449	452	-3	
452	460	2	
457	460	-3	
455	463	-2	
419	422	-4	
419	483	-6	
483	487	3	
417	481	-6	
227	228	5	
234	236	5	
234	237	4	
227	229	-5	
379	382	6	
378	382	2	
378	383	-5	
376	383	-3	
210	212	5	
211	215	3	
211	214	5	
107	108	-5	
104	111	-4	
106	111	3	
185	249	2	
248	252	-5	
184	248	4	
408	414	-3	
410	474	-4	
472	476	-2	
408	472	4	
321	324	2	
323	327	-4	
349	357	-3	
355	357	4	
350	358	4	
347	350	3	
130	132	-5	
131	135	-4	
129	135	4	
177	183	-3	
48	52	-4	
50	52	2	
51	54	5	
361	367	-8	
362	367	-4	
425	430	4	
361	425	-1	
400	407	3	
403	467	-4	
464	469	3	
400	464	6	
235	238	5	
233	238	-3	
169	233	4	
330	394	-1	
394	399	-6	
392	399	-4	
328	392	3	
137	143	5	
139	203	2	
203	206	1	
137	201	3	
2	4	-4	
66	70	4	
64	70	-4	
112	117	3	
117	125	4	
121	125	-7	
121	127	4	
99	101	-3	
161	167	-3	
97	161	3	
285	293	-3	
290	293	-3	
290	294	6	
286	294	4	
280	286	-3	
16	21	-6	
17	81	5	
81	87	4	
16	80	3	
9	15	5	
73	78	-3	
72	78	2	
8	72	-5	
453	461	-2	
454	462	2	
37	45	2	
43	45	-5	
39	47	-2	
242	246	1	
243	307	3	
242	306	-4	
435	437	-4	
440	446	-4	
438	446	-5	
26	30	-6	
90	92	3	
26	90	-3	
216	220	-5	
220	228	-2	
225	231	-4	
223	231	-3	
496	500	-5	
507	509	5	
465	468	6	
467	468	3	
466	471	-4	
259	261	4	
265	271	4	
251	315	-2	
248	312	-2	
272	276	-4	
339	343	3	
336	343	-4	
272	336	2	
155	156	-3	
155	159	-4	
151	159	4	
144	151	4	
482	485	-3	
490	495	-2	
482	487	-4	
384	389	-5	
386	391	-5	
384	390	-3	
355	356	4	
357	365	-2	
379	383	5	
195	196	-5	
192	198	4	
475	476	-5	
475	478	-3	
472	479	-4	
474	479	-4	
232	237	-4	
235	237	-3	
235	299	1	
232	296	2	
59	63	-3	
57	63	4	
58	61	5	
68	76	6	
72	76	3	
71	79	4	
65	71	5	
338	342	3	
51	115	2	
112	116	5	
48	112	-2	
259	262	-4	
259	323	-3	
256	320	-3	
88	94	3	
94	102	5	
95	103	-2	
128	133	-5	
133	141	2	
139	142	7	
134	142	2	
266	269	-3	
269	277	2	
270	278	-3	
266	270	-4	
417	420	2	
419	420	4	
483	484	-3	
481	484	4	
280	287	3	
346	351	-4	
280	344	3	
352	356	3	
353	356	4	
353	358	-5	
354	358	-2	
2	5	6	
180	188	4	
181	189	-4	
490	492	-3	
492	500	2	
499	502	3	
494	502	-1	
451	452	-7	
451	455	-3	
449	454	-4	
450	454	-5	
157	165	-2	
158	166	1	
249	255	4	
250	314	-2	
314	319	-2	
249	313	-2	
428	436	-3	
429	437	-2	
427	429	3	
34	36	-4	
36	44	-2	
38	46	-2	
34	38	3	
81	86	4	
82	146	-1	
145	149	6	
221	229	2	
225	230	-5	
222	230	3	
291	293	3	
288	295	3	
18	20	3	
19	23	2	
16	23	-2	
443	447	-2	
441	446	1	
347	348	-2	
347	411	-1	
345	409	3	
169	175	2	
233	239	3	
505	509	-2	
393	397	2	
393	457	2	
392	456	3	
298	362	4	
297	361	3	
296	302	3	
302	310	3	
303	311	-3	
296	303	-4	
84	92	3	
89	92	3	
85	93	-4	
83	85	3	
418	482	-6	
416	480	-4	
208	212	-1	
25	28	-4	
26	31	-3	
24	31	5	
243	244	3	
243	245	-3	
240	247	5	
241	247	3	
98	100	-3	
100	108	-4	
101	109	-4	
369	373	5	
369	433	1	
368	432	-5	
50	55	4	
50	114	3	
49	113	-3	
324	332	-2	
327	335	3	
178	182	-3	
182	190	-2	
187	191	2	
183	191	4	
59	123	-3	
123	126	-3	
198	206	2	
202	206	4	
202	207	3	
199	207	4	
168	174	-2	
161	166	4	
209	215	-5	
210	274	-3	
273	279	4	
209	273	2	
328	334	3	
264	328	-3	
308	316	4	
313	316	-3	
309	317	4	
304	309	3	
405	413	-3	
407	415	3	
390	398	-4	
387	390	2	
8	12	-4	
10	74	5	
219	283	-4	
283	284	3	
218	282	3	
427	491	4	
488	492	4	
194	196	-3	
193	257	-2	
147	150	4	
152	158	3	
67	131	-1	
131	132	-4	
65	129	1	
43	44	-3	
43	107	-4	
250	252	-4	
251	254	-4	
248	255	-3	
458	460	4	
459	460	4	
458	463	-4	
224	228	-3	
226	229	-2	
466	469	3	
370	374	-3	
120	124	5	
120	127	6	
498	500	3	
497	503	3	
332	340	-3	
337	341	-3	
333	341	3	
331	333	3	
32	39	-3	
33	37	-4	
1	4	-2	
137	141	-3	
138	141	5	
401	465	-3	
66	69	-4	
69	77	-4	
75	77	2	
75	79	4	
156	164	1	
160	164	-3	
159	167	2	
41	45	3	
40	104	-2	
144	150	-2	
208	214	1	
424	430	3	
489	494	5	
488	494	-3	
54	62	3	
55	63	-2	
378	442	4	
377	441	-2	
287	295	-3	
281	287	2	
397	405	3	
402	405	2	
402	407	3	
409	413	2	
411	475	3	
409	473	5	
433	438	-4	
212	220	-3	
213	221	1	
210	213	3	
81	85	2	
170	172	1	
171	172	2	
169	174	-5	
170	173	4	
108	116	-1	
111	119	-1	
259	260	-3	
256	263	-4	
323	324	4	
321	326	-2	
176	180	-1	
13	21	-2	
284	292	4	
163	165	3	
129	133	2	
449	453	3	
19	20	-5	
14	22	-3	
8	14	2	
264	269	-4	
90	93	4	
90	154	2	
153	157	-3	
89	153	-4	
275	277	4	
272	279	3	
408	412	3	
376	382	-5	
379	443	3	
376	440	3	
335	343	-3	
249	253	-3	
426	428	5	
432	436	3	
431	439	-2	
305	309	3	
315	318	-3	
52	60	-3	
53	61	-2	
48	53	-4	
344	349	-5	
64	68	-4	
74	76	-3	
70	78	-4	
40	46	5	
115	118	-3	
217	220	-2	
219	222	4	
396	404	3	
392	398	-2	
225	289	3	
146	148	-4	
144	149	-3	
35	99	4	
34	98	4	
432	437	2	
3	6	4	
91	155	-3	
88	152	-3	
73	77	4	
75	139	3	
491	495	-4	
480	487	-3	
274	338	-2	
326	334	2	
322	327	3	
171	175	-2	
168	232	2	
187	251	-3	
283	347	-3	
467	470	5	
201	205	-2	
209	213	-2	
17	22	3	
422	430	-4	
163	166	-4	
163	227	1	
394	458	3	
135	143	2	
258	262	-4	
264	270	2	
443	445	4	
355	359	-4	
177	182	-4	
411	414	4	
410	415	-4	
65	69	2	
98	162	-3	
160	165	4	
30	38	-1	
31	39	-1	
265	268	-1	
267	269	-3	
436	444	4	
435	439	-4	
10	14	-2	
211	212	3	
146	210	-2	
459	463	-4	
493	501	2	
495	503	1	
251	255	-2	
314	316	-6	
91	95	-2	
505	508	3	
506	509	-5	
42	47	-3	
339	340	4	
401	407	-2	
216	280	2	
300	308	1	
301	309	1	
362	364	4	
474	477	-2	
177	241	1	
200	206	3	
83	86	-5	
239	247	2	
57	62	3	
226	228	-3	
226	290	-3	
273	278	-3	
184	188	1	
433	437	4	
218	223	-3	
80	84	-3	
406	414	3	
400	406	3	
105	109	-2	
102	110	2	
299	302	-2	
145	209	-2	
197	205	5	
391	399	3	
64	71	-2	
345	350	2	
426	490	3	
49	52	-3	
27	29	4	
154	159	2	
464	470	3	
256	260	1	
257	261	2	
240	246	2	
312	317	-4	
456	462	2	
289	292	-2	
288	352	-2	
323	387	-1	
321	385	1	
86	94	-1	
87	95	-2	
224	229	2	
129	193	2	
128	192	2	
268	276	-3	
271	279	2	
267	271	-2	
11	15	1	
235	236	-2	
147	149	-4	
297	303	-2	
402	466	-3	
503	511	-2	
481	486	-3	
178	180	-2	
72	136	-2	
416	420	3	
131	195	2	
130	194	-2	
404	412	-1	
434	438	2	
298	301	4	
299	363	3	
25	89	-2	
106	109	2	
96	101	-2	
334	342	-3	
291	355	-1	
498	501	-3	
491	493	-3	
371	435	1	
186	250	1	
233	297	1	
283	285	4	
51	55	-2	
9	12	2	
168	173	-2	
173	181	2	
175	183	1	
348	356	2	
442	444	-2	
369	372	2	
367	375	2	
502	510	1	
288	293	3	
417	421	-3	
179	183	-3	
103	111	-4	
331	335	3	
114	116	2	
306	308	2	
305	369	2	
10	13	-3	
457	461	2	
465	471	2	
265	329	2	
329	333	3	
161	225	-2	
304	310	-2	
192	256	1	
385	388	4	
352	357	3	
186	191	2	
82	85	-2	
107	171	1	
329	393	2	
234	238	-2	
371	375	-2	
196	204	-3	
162	164	1	
208	272	3	
337	343	2	
344	408	-1	
149	157	3	
92	100	-1	
113	177	2	
112	176	-2	
476	484	-2	
478	486	-3	
370	434	3	
403	404	-2	
193	199	2	
448	455	2	
20	28	-1	
496	502	-2	
330	332	-2	
99	103	-1	
372	380	-1	
295	303	1	
21	29	-1	
244	252	1	
211	275	2	
174	182	-1	
473	476	2	
354	418	-1	
104	108	-2	
33	97	1	
32	96	1	
477	485	3	
479	487	2	
497	500	2	
105	169	1	
346	410	1	
4	12	-1	
504	511	-1	
93	101	-2	
258	322	-2	
257	321	-2	
56	60	-2	
307	311	1	
0	6	-2	
67	68	-1	
227	231	1	
430	438	1	
413	421	1	
237	245	1	
282	286	2	
217	281	1	
203	204	2	
304	368	-1	
351	359	1	
325	333	1	
162	167	1	
107	110	-1	
114	119	-1	
Energy:	-3746	
