NumberOfQubits	504	
NumberOfSubgraphs	756	
Serial	193	
PlantedSolution:	
0	1	
1	-1	
2	-1	
3	1	
4	1	
5	1	
6	-1	
8	1	
9	-1	
10	-1	
11	1	
12	-1	
13	-1	
14	-1	
15	1	
16	1	
17	1	
18	-1	
19	-1	
20	-1	
21	-1	
22	1	
23	1	
24	1	
25	1	
26	1	
27	-1	
28	-1	
29	-1	
30	1	
31	1	
32	1	
33	1	
34	-1	
35	1	
36	1	
37	-1	
38	1	
39	1	
40	1	
41	-1	
42	1	
43	1	
44	-1	
45	-1	
46	1	
47	-1	
48	1	
49	1	
50	-1	
51	1	
52	-1	
53	-1	
54	-1	
55	1	
56	-1	
57	1	
58	-1	
59	-1	
60	-1	
61	1	
62	-1	
63	-1	
64	-1	
65	1	
66	-1	
67	-1	
68	-1	
69	1	
70	-1	
71	1	
72	-1	
73	1	
74	-1	
75	1	
76	1	
77	1	
78	-1	
79	1	
80	1	
81	-1	
82	-1	
83	-1	
84	1	
85	1	
86	1	
87	1	
88	1	
89	-1	
90	-1	
91	1	
92	1	
93	1	
94	-1	
95	-1	
96	1	
97	1	
98	-1	
99	1	
100	-1	
101	1	
102	-1	
103	-1	
104	1	
105	-1	
106	1	
107	-1	
108	-1	
109	1	
110	-1	
111	1	
112	-1	
113	-1	
114	1	
115	-1	
116	1	
117	-1	
118	1	
119	-1	
120	1	
121	-1	
123	-1	
124	1	
125	1	
126	-1	
127	1	
128	1	
129	1	
130	-1	
131	1	
132	1	
133	1	
134	1	
135	1	
136	-1	
137	1	
138	-1	
139	-1	
141	-1	
142	-1	
143	1	
144	-1	
145	1	
146	1	
147	-1	
148	-1	
149	1	
150	1	
151	-1	
152	-1	
153	-1	
154	1	
155	1	
156	-1	
157	1	
158	-1	
159	-1	
160	-1	
161	1	
162	1	
163	-1	
164	1	
165	1	
166	1	
167	-1	
168	1	
169	-1	
170	-1	
171	-1	
172	-1	
173	-1	
174	1	
175	-1	
176	1	
177	1	
178	1	
179	-1	
180	-1	
181	-1	
182	1	
183	-1	
184	1	
185	-1	
186	1	
187	1	
188	-1	
189	-1	
190	-1	
191	-1	
192	1	
193	-1	
194	1	
195	1	
196	-1	
197	-1	
198	1	
199	1	
200	1	
201	1	
202	1	
203	1	
204	1	
205	1	
206	-1	
207	-1	
208	1	
209	-1	
210	1	
211	-1	
212	-1	
213	1	
214	1	
215	-1	
216	-1	
217	-1	
218	-1	
219	1	
220	1	
221	-1	
222	-1	
223	-1	
224	1	
225	1	
226	1	
227	1	
228	-1	
229	1	
230	1	
231	-1	
232	1	
233	-1	
234	-1	
235	1	
236	-1	
237	-1	
238	1	
239	1	
240	1	
241	1	
242	-1	
243	-1	
244	-1	
245	-1	
246	-1	
247	1	
248	1	
249	1	
250	1	
251	-1	
252	1	
253	1	
254	1	
255	1	
256	1	
257	-1	
258	1	
259	1	
260	1	
261	-1	
262	1	
263	1	
264	-1	
265	1	
266	-1	
267	1	
268	1	
269	1	
270	-1	
271	-1	
272	1	
273	1	
274	1	
275	-1	
276	1	
277	1	
278	1	
279	-1	
280	1	
281	-1	
282	-1	
283	-1	
284	-1	
285	1	
286	1	
287	-1	
288	1	
289	-1	
290	-1	
291	-1	
292	1	
293	1	
294	1	
295	-1	
296	1	
297	-1	
298	1	
299	-1	
300	-1	
301	-1	
302	-1	
303	1	
304	-1	
305	-1	
306	-1	
307	1	
308	-1	
309	1	
310	-1	
311	1	
312	-1	
313	-1	
314	-1	
315	1	
316	-1	
317	1	
318	-1	
319	1	
320	1	
321	1	
322	1	
323	-1	
324	1	
325	1	
326	-1	
327	-1	
328	-1	
329	-1	
330	1	
331	1	
332	-1	
333	-1	
334	1	
335	-1	
336	1	
337	1	
338	1	
339	1	
340	-1	
341	-1	
342	-1	
343	-1	
344	1	
345	1	
346	-1	
347	-1	
348	1	
349	-1	
350	1	
351	-1	
352	1	
353	1	
354	1	
355	-1	
356	1	
357	1	
358	1	
359	-1	
361	-1	
362	1	
363	1	
364	1	
365	1	
367	1	
368	1	
369	-1	
370	1	
371	-1	
372	1	
373	1	
374	1	
375	1	
376	1	
377	-1	
378	-1	
379	1	
380	-1	
382	-1	
383	1	
384	1	
385	-1	
386	1	
387	1	
388	1	
389	1	
390	-1	
391	1	
392	-1	
393	-1	
394	1	
396	-1	
397	1	
398	-1	
399	1	
400	-1	
401	-1	
402	1	
403	1	
404	-1	
405	1	
406	1	
407	-1	
408	-1	
409	-1	
410	-1	
411	-1	
412	-1	
413	-1	
414	1	
415	-1	
416	-1	
417	-1	
418	-1	
419	-1	
420	-1	
421	1	
422	1	
424	-1	
425	1	
426	1	
427	-1	
428	-1	
429	1	
430	1	
431	1	
432	1	
433	-1	
434	-1	
435	1	
436	-1	
437	1	
438	1	
439	1	
440	-1	
441	-1	
442	-1	
443	1	
444	-1	
445	-1	
446	1	
447	-1	
448	1	
449	1	
450	-1	
451	1	
452	-1	
453	-1	
454	-1	
455	1	
456	-1	
457	-1	
458	1	
459	-1	
460	-1	
461	-1	
462	-1	
463	1	
464	-1	
465	-1	
466	-1	
467	1	
468	-1	
469	1	
470	-1	
471	1	
472	-1	
473	1	
474	1	
475	1	
476	-1	
477	-1	
478	-1	
479	1	
480	1	
481	-1	
482	1	
483	1	
484	-1	
485	1	
486	-1	
487	-1	
488	-1	
489	-1	
490	1	
491	1	
492	-1	
493	-1	
494	1	
495	1	
496	1	
497	-1	
498	-1	
499	-1	
500	1	
501	1	
502	-1	
503	-1	
504	1	
505	1	
506	-1	
507	1	
508	-1	
509	1	
510	-1	
511	1	
Js:	
106	110	6	
110	118	1	
113	118	4	
113	119	-4	
111	119	2	
106	111	1	
65	68	-4	
66	68	-5	
66	71	7	
67	71	3	
67	70	-6	
65	70	6	
432	436	4	
433	436	3	
433	437	4	
435	437	-3	
435	439	-3	
432	439	-5	
275	278	5	
278	286	-3	
280	286	-3	
280	287	3	
279	287	-3	
275	279	-4	
195	196	5	
196	204	3	
203	204	2	
203	207	3	
199	207	2	
195	199	-4	
312	316	-5	
314	316	-6	
314	317	4	
315	317	2	
315	318	6	
312	318	-4	
24	28	5	
25	28	5	
25	31	-3	
27	31	5	
27	29	-4	
24	29	-2	
144	148	-4	
146	148	3	
146	150	-3	
145	150	-5	
145	151	2	
144	151	-4	
424	428	-3	
425	428	3	
425	431	-4	
426	431	-4	
426	430	-5	
424	430	5	
170	172	-5	
171	172	-2	
171	174	6	
169	174	3	
169	175	-3	
170	175	4	
330	332	4	
332	340	2	
336	340	3	
336	341	4	
333	341	-2	
330	333	3	
162	164	-6	
163	164	5	
163	167	-3	
160	167	-6	
160	166	5	
162	166	-4	
496	501	-5	
499	501	4	
499	503	-4	
498	503	-4	
498	502	-6	
496	502	3	
40	45	4	
45	53	-4	
50	53	-3	
50	55	3	
47	55	3	
40	47	4	
400	404	-4	
401	404	-3	
401	407	-3	
403	407	-4	
403	406	-3	
400	406	4	
248	252	-5	
250	252	-6	
250	254	3	
249	254	-4	
249	255	-5	
248	255	-5	
384	388	-3	
387	388	-5	
387	390	3	
386	390	7	
386	391	-3	
384	391	-5	
128	133	-5	
130	133	3	
130	134	-4	
129	134	-6	
129	135	-5	
128	135	-5	
234	239	5	
235	239	-2	
235	299	-2	
299	302	-3	
298	302	6	
234	298	1	
353	357	4	
354	357	-3	
354	418	3	
418	422	3	
417	422	5	
353	417	3	
217	220	5	
218	220	4	
218	221	-3	
216	221	-5	
216	223	-4	
217	223	-4	
346	348	5	
347	348	3	
347	351	3	
345	351	3	
345	350	-6	
346	350	2	
376	383	-3	
378	383	5	
378	442	-3	
442	444	-5	
440	444	5	
376	440	4	
480	484	4	
482	484	1	
482	485	-3	
481	485	5	
481	486	3	
480	486	2	
32	36	-3	
33	36	-4	
33	37	3	
35	37	5	
35	39	-2	
32	39	-5	
240	244	5	
243	244	-4	
243	247	-3	
241	247	-3	
241	245	3	
240	245	2	
17	20	3	
18	20	-4	
18	21	-3	
16	21	5	
16	23	-2	
17	23	-4	
459	462	-3	
462	470	-2	
466	470	-6	
466	471	4	
463	471	2	
459	463	5	
201	205	-4	
205	213	-2	
209	213	4	
209	214	-3	
206	214	2	
201	206	4	
408	415	-4	
409	415	-4	
409	473	-4	
473	479	-3	
472	479	6	
408	472	-5	
8	14	4	
11	14	4	
11	75	2	
75	79	-6	
72	79	4	
8	72	2	
257	261	-4	
258	261	5	
258	263	-6	
256	263	-6	
256	262	3	
257	262	5	
393	398	-3	
394	398	4	
394	458	-2	
458	460	5	
457	460	3	
393	457	-5	
288	292	-3	
290	292	7	
290	294	3	
291	294	5	
291	293	3	
288	293	-3	
112	117	-6	
114	117	2	
114	178	2	
178	180	3	
176	180	4	
112	176	3	
82	84	5	
84	92	-3	
88	92	-2	
88	94	6	
86	94	3	
82	86	-4	
56	61	-2	
59	61	5	
59	123	-1	
123	126	-4	
120	126	5	
56	120	1	
186	188	5	
187	188	7	
187	191	-1	
185	191	-4	
185	190	-3	
186	190	5	
506	508	-4	
507	508	-2	
507	510	6	
505	510	5	
505	511	-4	
506	511	4	
43	44	4	
44	52	-2	
48	52	5	
48	54	4	
46	54	1	
43	46	3	
306	310	-4	
307	310	4	
307	371	-2	
371	372	5	
370	372	-3	
306	370	2	
89	93	4	
93	101	5	
99	101	-4	
99	103	5	
95	103	-3	
89	95	-3	
490	492	3	
491	492	2	
491	494	-6	
488	494	4	
488	495	4	
490	495	-5	
224	228	-3	
227	228	5	
227	230	-4	
226	230	-4	
226	229	-4	
224	229	-5	
152	156	-2	
153	156	5	
153	157	4	
155	157	-3	
155	158	3	
152	158	-5	
264	271	-5	
267	271	3	
267	331	-5	
331	335	-3	
328	335	-3	
264	328	-4	
448	452	6	
451	452	3	
451	453	5	
449	453	4	
449	454	4	
448	454	5	
296	300	4	
300	308	-2	
305	308	-3	
305	309	4	
301	309	-1	
296	301	5	
0	4	-7	
3	4	-4	
3	5	-7	
1	5	3	
1	6	-6	
0	6	4	
273	276	-5	
276	284	3	
282	284	-3	
282	285	-2	
277	285	-1	
273	277	-4	
320	324	-4	
322	324	-3	
322	327	4	
323	327	-3	
323	325	5	
320	325	-4	
136	141	-4	
139	141	-5	
139	143	4	
138	143	4	
138	142	3	
136	142	-6	
9	12	-3	
10	12	3	
10	74	-2	
74	78	-5	
73	78	4	
9	73	2	
410	413	-3	
411	413	4	
411	475	4	
475	477	5	
474	477	4	
410	474	3	
352	356	-3	
355	356	2	
355	419	-4	
419	420	-2	
416	420	-4	
352	416	-2	
377	382	-5	
379	382	4	
379	443	-3	
443	445	5	
441	445	-3	
377	441	-2	
363	365	-4	
365	373	-4	
368	373	-4	
368	375	-6	
367	375	3	
363	367	-5	
208	215	4	
210	215	4	
210	274	-2	
274	276	3	
272	276	-3	
208	272	-3	
58	60	-4	
59	60	-3	
59	62	5	
57	62	4	
57	63	4	
58	63	-5	
104	109	-3	
105	109	2	
105	169	3	
169	173	-5	
168	173	6	
104	168	-2	
192	197	5	
194	197	5	
194	199	-3	
193	199	-6	
193	198	5	
192	198	-5	
96	102	4	
97	102	4	
97	161	-2	
161	165	-7	
160	165	-4	
96	160	1	
177	181	2	
178	181	5	
178	183	3	
179	183	2	
179	182	4	
177	182	-3	
338	343	3	
339	343	6	
339	403	1	
403	405	-5	
402	405	-4	
338	402	-2	
464	468	-5	
467	468	5	
467	471	-4	
465	471	2	
465	469	3	
464	469	4	
16	22	-3	
19	22	4	
19	83	-4	
83	87	4	
80	87	-5	
16	80	4	
232	236	3	
234	236	-3	
234	238	3	
233	238	5	
233	237	-5	
232	237	6	
265	268	-4	
266	268	4	
266	270	-3	
267	270	-3	
267	269	-4	
265	269	-4	
115	116	3	
116	124	-5	
121	124	4	
121	125	6	
117	125	-5	
115	117	-3	
385	388	2	
388	396	-4	
392	396	-6	
392	397	2	
389	397	-5	
385	389	5	
297	303	5	
298	303	-4	
298	362	2	
362	364	-3	
361	364	8	
297	361	-2	
26	30	5	
27	30	3	
27	91	6	
91	95	2	
90	95	-4	
26	90	4	
304	308	-3	
308	316	2	
313	316	-3	
313	319	3	
311	319	-5	
304	311	3	
369	374	3	
370	374	5	
370	434	3	
434	438	3	
433	438	4	
369	433	-2	
329	334	4	
334	342	2	
337	342	-3	
337	343	4	
335	343	-2	
329	335	-4	
64	68	-4	
68	76	3	
74	76	3	
74	77	-3	
69	77	-4	
64	69	3	
144	149	3	
147	149	6	
147	211	-4	
211	212	-5	
208	212	2	
144	208	-2	
34	38	-2	
35	38	-5	
35	99	-4	
99	100	3	
98	100	-2	
34	98	-5	
257	260	-4	
259	260	-5	
259	323	3	
323	326	-3	
321	326	4	
257	321	5	
217	222	-3	
219	222	4	
219	283	2	
283	284	-3	
281	284	-3	
217	281	-3	
224	231	4	
225	231	4	
225	289	-3	
289	295	-4	
288	295	5	
224	288	-3	
450	453	-4	
453	461	-2	
456	461	-5	
456	463	3	
455	463	-3	
450	455	4	
489	492	-5	
492	500	2	
497	500	5	
497	501	5	
493	501	-1	
489	493	-5	
242	245	-5	
245	253	3	
251	253	7	
251	254	4	
246	254	-3	
242	246	-4	
344	349	2	
346	349	-2	
346	410	-3	
410	414	3	
408	414	3	
344	408	2	
473	476	6	
476	484	-4	
483	484	3	
483	486	4	
478	486	-5	
473	478	3	
417	420	-2	
420	428	-3	
427	428	3	
427	429	5	
421	429	-3	
417	421	4	
440	447	-5	
441	447	-4	
441	505	2	
505	509	3	
504	509	-5	
440	504	1	
42	47	5	
43	47	4	
43	107	4	
107	108	-4	
106	108	3	
42	106	-4	
120	127	-5	
121	127	-1	
121	185	-2	
185	189	-3	
184	189	4	
120	184	-2	
10	13	-7	
11	13	4	
11	15	-5	
9	15	3	
9	14	-4	
10	14	-3	
352	357	-4	
354	358	-4	
353	358	-3	
353	359	3	
352	359	4	
51	52	2	
51	54	6	
49	54	3	
49	53	-3	
48	53	5	
81	84	3	
83	84	3	
80	85	-3	
81	85	5	
154	156	5	
155	156	3	
155	159	5	
152	159	-5	
152	157	5	
154	157	4	
202	205	-3	
202	207	3	
200	207	3	
200	206	5	
129	132	-3	
130	132	6	
131	134	-5	
131	133	-3	
129	133	-4	
378	380	-4	
379	380	5	
443	446	-5	
442	446	-3	
137	141	2	
141	149	2	
147	151	-3	
143	151	1	
137	143	6	
2	6	6	
2	66	-4	
65	71	-1	
1	65	5	
472	477	-2	
477	485	-3	
483	485	-3	
483	487	4	
479	487	2	
392	399	4	
393	399	3	
457	462	-5	
456	462	-5	
392	456	3	
402	404	3	
404	412	-3	
411	412	-4	
405	413	3	
36	44	-1	
41	44	-4	
41	45	-4	
37	45	-1	
32	37	4	
385	390	-5	
386	450	5	
450	454	-3	
385	449	-2	
304	309	5	
307	309	-3	
371	375	3	
304	368	2	
256	260	-3	
259	263	-2	
258	262	-4	
297	300	4	
299	303	4	
299	301	-3	
226	228	4	
227	231	1	
225	230	3	
210	212	2	
211	213	3	
209	215	-3	
168	172	4	
172	180	-2	
176	183	3	
175	183	-2	
168	175	3	
90	92	3	
91	92	-5	
91	93	-2	
88	93	-4	
90	94	-3	
241	246	4	
242	306	-2	
306	311	3	
305	311	2	
241	305	-3	
266	269	3	
266	271	-4	
264	270	-3	
265	270	4	
273	278	-2	
275	339	3	
339	340	-2	
337	340	4	
273	337	-4	
75	139	2	
139	142	-3	
72	136	-4	
17	22	-3	
22	30	1	
24	30	-3	
24	31	-4	
23	31	-2	
56	60	-6	
57	60	3	
57	61	-5	
58	61	7	
58	62	-2	
56	62	-5	
96	100	5	
100	108	-3	
105	108	-3	
105	111	3	
103	111	-2	
96	103	1	
344	348	-3	
348	356	-3	
355	359	-3	
351	359	3	
344	351	4	
33	39	-4	
34	39	-4	
98	102	-3	
33	97	-5	
281	285	4	
282	286	4	
283	286	5	
283	287	-4	
281	287	-3	
184	188	2	
187	189	-5	
186	189	2	
186	191	4	
184	191	5	
216	220	3	
219	220	-3	
218	222	-3	
218	223	-3	
193	196	-2	
195	197	4	
123	124	4	
118	126	4	
115	118	-4	
499	500	-3	
500	508	3	
504	508	5	
504	511	-3	
503	511	2	
289	292	3	
290	295	2	
291	295	-4	
289	293	3	
467	470	-3	
465	470	-5	
324	332	4	
331	332	3	
331	334	-4	
326	334	5	
322	326	4	
419	421	5	
424	429	-3	
422	430	-4	
419	422	3	
233	236	-4	
236	244	-3	
240	247	-4	
239	247	-3	
233	239	-2	
163	165	4	
163	166	-3	
162	167	4	
161	167	2	
249	253	-3	
251	315	-2	
315	319	-5	
249	313	2	
432	437	-3	
434	437	3	
434	498	-2	
432	496	3	
4	12	1	
8	12	4	
8	13	3	
5	13	-1	
0	5	-3	
64	70	-4	
67	131	-1	
131	132	-5	
128	132	-4	
64	128	1	
82	85	-2	
82	146	2	
81	145	1	
363	364	5	
363	427	2	
427	431	4	
361	425	2	
490	493	-3	
491	493	4	
489	494	3	
489	495	3	
369	372	4	
372	380	-2	
376	380	5	
376	382	4	
374	382	4	
384	389	-5	
387	389	3	
387	451	-4	
384	448	-3	
171	173	4	
173	181	-1	
179	181	-4	
174	182	-1	
272	279	2	
274	279	4	
274	338	3	
338	341	4	
272	336	-4	
401	406	4	
406	414	2	
409	414	5	
407	415	-4	
250	314	1	
314	318	-1	
248	312	-1	
49	55	-3	
50	114	5	
114	119	3	
49	113	-3	
20	28	-1	
25	29	4	
21	29	2	
435	436	3	
436	444	-2	
441	444	-3	
441	446	4	
438	446	5	
435	438	-4	
329	333	-2	
330	394	-1	
394	399	-4	
329	393	1	
40	46	-4	
107	109	6	
40	104	-3	
416	421	3	
418	421	-4	
418	482	5	
482	487	6	
480	487	4	
416	480	5	
506	509	4	
507	509	-4	
507	511	-5	
504	510	-4	
506	510	-2	
474	476	4	
481	484	-4	
474	478	5	
347	349	-5	
345	349	-4	
460	468	-2	
466	468	-1	
466	469	-3	
461	469	2	
458	461	4	
73	76	-4	
74	138	-3	
73	137	-3	
232	238	-2	
235	238	-5	
296	302	3	
232	296	-2	
320	327	-4	
321	327	2	
321	385	1	
385	391	3	
320	384	-1	
200	204	4	
202	204	-3	
203	206	2	
153	159	-5	
153	158	-2	
154	158	5	
362	365	-4	
362	367	-7	
67	69	3	
75	77	-4	
75	78	2	
70	78	-2	
313	317	3	
314	378	-5	
377	383	5	
313	377	4	
437	445	4	
443	447	3	
439	447	3	
433	439	3	
396	404	-4	
398	406	-4	
392	398	-3	
41	47	1	
105	110	-4	
41	105	-3	
120	125	-2	
119	127	4	
112	119	-3	
272	277	-4	
275	277	4	
339	342	3	
336	342	5	
325	333	-4	
328	333	-4	
327	335	-5	
19	21	-3	
83	86	2	
80	86	-4	
244	252	2	
250	255	-3	
247	255	-2	
130	135	3	
130	194	-2	
194	196	5	
192	196	3	
128	192	-1	
260	268	-4	
261	269	3	
259	261	4	
208	213	-4	
213	221	2	
219	221	4	
214	222	-2	
208	214	-3	
170	234	3	
234	237	-3	
168	232	-2	
426	490	-4	
488	493	-4	
424	488	-2	
280	285	-3	
285	293	-5	
286	294	3	
409	412	-2	
475	478	3	
449	452	5	
452	460	-2	
459	460	-6	
449	455	3	
160	164	3	
162	226	1	
160	224	1	
1	4	4	
3	6	4	
2	5	4	
26	28	4	
28	36	3	
32	38	-4	
30	38	-4	
177	180	4	
180	188	2	
187	190	2	
182	190	6	
51	53	2	
53	61	1	
55	63	-1	
51	55	-5	
12	20	-4	
19	20	-2	
19	23	5	
15	23	2	
8	15	-5	
145	148	7	
145	149	-2	
147	150	-4	
144	150	4	
306	308	-5	
307	308	3	
307	311	-3	
305	310	-4	
498	500	5	
355	357	3	
354	359	3	
394	397	-5	
397	405	-2	
399	407	2	
408	412	3	
410	412	-4	
474	479	-2	
267	268	-2	
330	334	-3	
266	330	4	
209	212	-4	
212	220	-2	
215	223	-2	
64	71	4	
65	69	-4	
418	420	5	
419	483	4	
288	294	2	
171	235	4	
169	233	-1	
49	52	4	
50	52	-5	
114	116	-4	
113	116	3	
131	195	1	
195	198	-3	
129	193	2	
371	435	-2	
434	436	-4	
26	29	3	
89	94	-2	
25	89	4	
448	453	1	
454	462	1	
425	429	-5	
138	141	-4	
139	203	4	
203	205	-6	
138	202	4	
59	63	-4	
56	63	-4	
258	322	3	
40	44	3	
42	44	4	
42	45	-2	
41	46	6	
72	76	-3	
76	84	-3	
82	87	3	
79	87	-2	
181	189	-4	
183	191	-4	
341	349	-4	
347	350	4	
342	350	3	
338	342	-2	
161	164	-4	
163	227	2	
225	228	3	
161	225	-2	
273	279	4	
488	492	4	
9	13	-4	
10	15	-3	
386	388	2	
451	455	-3	
432	438	-2	
440	446	1	
505	508	-2	
309	317	-3	
312	317	4	
310	318	2	
304	310	-3	
137	142	4	
137	201	-3	
201	204	-5	
136	200	3	
416	422	4	
417	481	4	
480	485	-3	
24	88	-4	
101	109	-4	
96	101	-5	
73	77	-2	
77	85	-3	
81	86	3	
78	86	-2	
51	115	3	
112	118	3	
48	112	1	
402	466	-4	
401	465	-4	
184	190	-2	
185	249	4	
184	248	-3	
297	301	-4	
265	271	3	
265	329	3	
329	332	2	
328	332	-3	
121	126	-5	
123	127	6	
218	282	-3	
280	284	4	
216	280	-2	
146	151	5	
211	214	4	
210	214	-4	
146	210	1	
340	348	3	
345	348	1	
343	351	-2	
166	174	-3	
170	174	4	
167	175	-4	
369	373	5	
369	375	2	
467	469	-4	
469	477	2	
475	479	-3	
471	479	2	
322	325	-3	
256	320	-3	
269	277	1	
274	277	-4	
274	278	-2	
270	278	2	
390	398	-4	
229	237	1	
232	239	3	
231	239	3	
226	231	4	
179	180	-3	
179	243	2	
243	246	-4	
240	246	2	
176	240	-3	
411	415	-2	
106	109	-3	
107	111	4	
104	111	-4	
104	110	-2	
131	135	-3	
128	134	-2	
34	36	5	
35	36	2	
33	38	-2	
34	37	-2	
498	501	-1	
499	502	-2	
497	502	-5	
16	20	4	
17	21	4	
18	22	-4	
442	445	-4	
426	428	4	
424	431	5	
353	356	-4	
354	356	-3	
352	358	-3	
314	319	3	
459	461	-4	
457	463	4	
458	462	-4	
2	4	2	
242	244	-2	
237	245	1	
400	407	-3	
402	407	2	
464	471	4	
400	464	-4	
281	345	-3	
280	344	-3	
323	324	3	
321	324	4	
391	399	-5	
387	391	-2	
177	183	4	
473	477	2	
298	300	3	
299	300	-4	
299	363	2	
148	156	-3	
149	157	-1	
368	372	-3	
371	374	4	
112	116	2	
202	206	-5	
210	213	-5	
90	93	3	
91	155	2	
90	154	1	
496	500	2	
496	503	5	
495	503	2	
18	23	3	
18	82	-4	
17	81	4	
221	229	2	
223	231	-2	
219	223	-3	
336	343	-1	
97	100	4	
98	103	4	
99	102	3	
114	118	-2	
330	335	3	
328	334	2	
384	390	-1	
448	455	-3	
134	142	1	
135	143	-2	
104	108	4	
38	46	1	
39	47	1	
356	364	-3	
361	365	5	
357	365	1	
434	439	3	
291	292	2	
26	31	-2	
67	68	-2	
393	397	4	
377	380	-2	
379	383	-3	
178	242	-4	
242	247	3	
177	241	-3	
88	95	2	
87	95	-2	
264	268	2	
263	271	-2	
427	491	2	
490	494	-3	
282	287	3	
272	278	-2	
465	468	-4	
464	470	-1	
450	452	2	
451	454	3	
164	172	2	
193	197	-3	
248	254	-4	
331	333	3	
297	302	-2	
302	310	1	
303	311	-2	
113	117	-2	
408	413	-3	
409	413	-2	
410	415	4	
458	463	-3	
176	182	-3	
472	476	-4	
472	478	1	
89	92	4	
92	100	1	
220	228	1	
222	230	3	
216	222	-3	
29	37	-3	
25	30	2	
3	67	3	
14	22	3	
262	270	3	
259	262	-3	
52	60	-2	
54	62	-2	
283	285	3	
289	294	4	
442	506	2	
204	212	3	
207	215	3	
201	207	4	
157	165	-1	
158	166	2	
355	358	5	
425	489	-2	
339	341	3	
107	110	2	
375	383	-2	
370	375	-2	
292	300	1	
293	301	1	
315	316	-2	
313	318	-3	
235	236	-3	
394	396	2	
337	401	2	
401	405	2	
400	405	2	
336	400	1	
0	64	4	
155	219	-2	
152	216	1	
411	414	2	
402	406	-3	
427	430	2	
344	350	-2	
350	358	-3	
393	396	-2	
305	369	2	
72	77	2	
74	79	2	
72	78	-3	
250	253	-3	
243	245	2	
97	103	3	
98	162	2	
162	165	-1	
171	175	2	
482	486	3	
443	444	1	
268	276	2	
115	179	-3	
176	181	2	
491	495	-4	
320	326	2	
211	215	-2	
80	84	1	
83	85	5	
81	87	4	
200	205	-2	
197	205	1	
146	149	-2	
296	303	2	
475	476	-1	
228	236	-2	
257	263	2	
227	229	-3	
227	291	3	
154	218	2	
153	217	-1	
120	124	3	
123	125	3	
102	110	-3	
349	357	3	
133	141	1	
440	445	-2	
371	373	2	
43	45	3	
435	499	3	
165	173	-1	
283	347	-1	
108	116	-1	
338	340	4	
80	144	1	
233	297	1	
31	39	-2	
494	502	-1	
497	503	-1	
94	102	-1	
241	244	2	
240	304	2	
178	182	-1	
291	355	-1	
290	354	-2	
50	54	-2	
224	230	2	
11	12	3	
346	351	-3	
347	411	-2	
321	325	-2	
249	252	-2	
251	252	-1	
248	253	-2	
159	167	1	
243	307	3	
75	76	-2	
71	79	1	
113	177	-2	
294	302	1	
295	303	-1	
147	148	-1	
145	209	-1	
256	261	2	
275	276	2	
271	279	-1	
194	198	-3	
192	199	-3	
281	286	-2	
403	467	2	
501	509	-2	
48	55	3	
235	237	2	
187	251	3	
186	250	-2	
203	267	1	
264	269	3	
200	264	1	
361	367	1	
312	319	2	
412	420	-2	
413	421	1	
42	46	3	
99	163	1	
91	94	-3	
290	293	3	
288	352	-2	
370	373	-3	
368	432	1	
238	246	1	
282	346	1	
470	478	-1	
315	379	-3	
425	430	2	
169	172	-3	
168	174	-1	
481	487	-2	
378	382	1	
312	376	2	
225	229	-3	
73	79	-3	
484	492	-2	
486	494	1	
337	341	-1	
185	188	2	
306	309	-2	
154	159	-1	
442	447	-3	
428	436	-2	
429	437	1	
287	295	-2	
359	367	2	
345	409	1	
217	221	-2	
32	96	2	
136	143	1	
251	255	-1	
433	497	2	
151	159	-1	
115	119	-2	
226	290	1	
66	69	-2	
456	460	-2	
485	493	-1	
142	150	-1	
323	387	1	
322	386	1	
195	259	1	
192	256	-1	
161	166	-1	
298	301	2	
403	404	1	
209	273	1	
502	510	-1	
13	21	-1	
431	439	-1	
198	206	2	
230	238	-2	
368	374	-2	
284	292	-2	
443	507	-1	
426	429	-1	
106	170	1	
289	353	1	
457	461	-1	
89	153	-1	
150	158	-1	
170	173	-1	
468	476	-1	
414	422	-1	
364	372	1	
Energy:	-3350	
