NumberOfQubits	504	
NumberOfSubgraphs	756	
Serial	108	
PlantedSolution:	
0	-1	
1	-1	
2	-1	
3	-1	
4	1	
5	-1	
6	1	
8	-1	
9	-1	
10	1	
11	1	
12	1	
13	-1	
14	1	
15	1	
16	-1	
17	1	
18	1	
19	1	
20	-1	
21	1	
22	1	
23	1	
24	1	
25	1	
26	1	
27	-1	
28	1	
29	1	
30	1	
31	-1	
32	1	
33	1	
34	1	
35	-1	
36	-1	
37	-1	
38	1	
39	-1	
40	-1	
41	-1	
42	-1	
43	-1	
44	1	
45	-1	
46	1	
47	1	
48	1	
49	-1	
50	-1	
51	-1	
52	1	
53	-1	
54	-1	
55	-1	
56	1	
57	-1	
58	1	
59	-1	
60	1	
61	-1	
62	-1	
63	-1	
64	1	
65	1	
66	1	
67	-1	
68	-1	
69	1	
70	-1	
71	-1	
72	1	
73	-1	
74	-1	
75	1	
76	-1	
77	1	
78	-1	
79	1	
80	1	
81	1	
82	1	
83	-1	
84	-1	
85	1	
86	-1	
87	1	
88	-1	
89	-1	
90	-1	
91	-1	
92	-1	
93	-1	
94	-1	
95	-1	
96	1	
97	1	
98	-1	
99	1	
100	-1	
101	-1	
102	-1	
103	-1	
104	-1	
105	-1	
106	1	
107	-1	
108	1	
109	1	
110	1	
111	1	
112	1	
113	1	
114	-1	
115	1	
116	1	
117	1	
118	1	
119	-1	
120	1	
121	1	
123	-1	
124	-1	
125	-1	
126	-1	
127	-1	
128	1	
129	-1	
130	-1	
131	1	
132	1	
133	-1	
134	1	
135	1	
136	-1	
137	1	
138	1	
139	1	
141	-1	
142	-1	
143	1	
144	1	
145	-1	
146	-1	
147	-1	
148	-1	
149	1	
150	1	
151	1	
152	-1	
153	-1	
154	-1	
155	-1	
156	-1	
157	-1	
158	-1	
159	1	
160	-1	
161	-1	
162	-1	
163	-1	
164	1	
165	1	
166	-1	
167	-1	
168	1	
169	-1	
170	1	
171	-1	
172	1	
173	1	
174	-1	
175	1	
176	-1	
177	1	
178	-1	
179	-1	
180	1	
181	1	
182	1	
183	1	
184	-1	
185	-1	
186	-1	
187	-1	
188	-1	
189	1	
190	1	
191	-1	
192	1	
193	-1	
194	1	
195	-1	
196	1	
197	-1	
198	1	
199	1	
200	-1	
201	1	
202	-1	
203	-1	
204	1	
205	-1	
206	1	
207	1	
208	1	
209	-1	
210	-1	
211	1	
212	-1	
213	-1	
214	-1	
215	-1	
216	-1	
217	1	
218	-1	
219	-1	
220	1	
221	-1	
222	-1	
223	1	
224	1	
225	-1	
226	-1	
227	-1	
228	1	
229	-1	
230	-1	
231	-1	
232	1	
233	-1	
234	1	
235	1	
236	-1	
237	-1	
238	-1	
239	1	
240	1	
241	-1	
242	1	
243	-1	
244	-1	
245	-1	
246	-1	
247	1	
248	1	
249	1	
250	1	
251	1	
252	1	
253	1	
254	-1	
255	1	
256	1	
257	1	
258	-1	
259	1	
260	-1	
261	-1	
262	1	
263	-1	
264	1	
265	-1	
266	-1	
267	1	
268	-1	
269	1	
270	-1	
271	1	
272	1	
273	-1	
274	1	
275	1	
276	1	
277	1	
278	-1	
279	1	
280	-1	
281	1	
282	1	
283	-1	
284	-1	
285	1	
286	1	
287	1	
288	-1	
289	-1	
290	1	
291	1	
292	-1	
293	1	
294	-1	
295	1	
296	-1	
297	1	
298	-1	
299	1	
300	1	
301	1	
302	-1	
303	-1	
304	1	
305	1	
306	1	
307	1	
308	1	
309	-1	
310	-1	
311	1	
312	-1	
313	-1	
314	1	
315	-1	
316	1	
317	-1	
318	-1	
319	1	
320	1	
321	-1	
322	1	
323	1	
324	1	
325	-1	
326	1	
327	1	
328	-1	
329	1	
330	1	
331	1	
332	1	
333	1	
334	1	
335	-1	
336	-1	
337	1	
338	1	
339	-1	
340	-1	
341	1	
342	1	
343	-1	
344	1	
345	-1	
346	1	
347	-1	
348	-1	
349	1	
350	-1	
351	1	
352	-1	
353	-1	
354	1	
355	1	
356	-1	
357	-1	
358	-1	
359	-1	
361	1	
362	1	
363	1	
364	-1	
365	1	
367	1	
368	-1	
369	1	
370	-1	
371	-1	
372	1	
373	1	
374	-1	
375	1	
376	-1	
377	1	
378	-1	
379	-1	
380	-1	
382	1	
383	-1	
384	1	
385	1	
386	1	
387	-1	
388	-1	
389	1	
390	-1	
391	-1	
392	-1	
393	1	
394	1	
396	-1	
397	-1	
398	-1	
399	-1	
400	1	
401	1	
402	-1	
403	-1	
404	1	
405	-1	
406	1	
407	-1	
408	-1	
409	1	
410	-1	
411	1	
412	1	
413	-1	
414	1	
415	1	
416	-1	
417	-1	
418	1	
419	-1	
420	1	
421	-1	
422	1	
424	1	
425	1	
426	-1	
427	-1	
428	1	
429	-1	
430	-1	
431	-1	
432	-1	
433	-1	
434	-1	
435	1	
436	1	
437	-1	
438	-1	
439	1	
440	-1	
441	-1	
442	-1	
443	-1	
444	1	
445	-1	
446	1	
447	1	
448	-1	
449	1	
450	-1	
451	1	
452	-1	
453	1	
454	1	
455	-1	
456	1	
457	1	
458	1	
459	1	
460	1	
461	-1	
462	1	
463	-1	
464	1	
465	1	
466	-1	
467	-1	
468	-1	
469	-1	
470	-1	
471	-1	
472	1	
473	-1	
474	1	
475	1	
476	1	
477	-1	
478	1	
479	1	
480	1	
481	1	
482	-1	
483	1	
484	-1	
485	-1	
486	1	
487	-1	
488	-1	
489	1	
490	-1	
491	-1	
492	1	
493	1	
494	1	
495	1	
496	-1	
497	-1	
498	1	
499	1	
500	1	
501	-1	
502	1	
503	-1	
504	-1	
505	-1	
506	1	
507	1	
508	-1	
509	1	
510	-1	
511	-1	
Js:	
216	221	-1	
221	229	-3	
226	229	4	
226	230	-3	
222	230	-3	
216	222	-6	
328	332	4	
329	332	-3	
329	333	-4	
330	333	-6	
330	335	-4	
328	335	-3	
195	196	5	
196	204	-2	
203	204	4	
203	206	7	
198	206	3	
195	198	4	
112	118	-4	
114	118	3	
114	178	6	
178	182	2	
176	182	4	
112	176	4	
427	428	2	
428	436	-4	
433	436	4	
433	439	-5	
431	439	4	
427	431	-7	
80	84	4	
82	84	4	
82	146	2	
146	149	7	
144	149	3	
80	144	-2	
88	93	-5	
91	93	-4	
91	155	1	
155	158	-4	
152	158	-4	
88	152	-2	
1	5	-5	
3	5	-5	
3	67	4	
67	70	-4	
65	70	6	
1	65	3	
297	301	-2	
301	309	4	
305	309	3	
305	310	3	
302	310	-4	
297	302	-8	
169	173	-4	
170	173	-4	
170	175	-4	
168	175	-3	
168	174	4	
169	174	-4	
32	36	4	
36	44	4	
42	44	4	
42	45	-4	
37	45	3	
32	37	4	
451	453	-3	
453	461	4	
456	461	3	
456	462	-3	
454	462	3	
451	454	-4	
209	214	-4	
211	214	4	
211	275	-3	
275	278	-1	
273	278	-5	
209	273	-3	
384	388	4	
385	388	4	
385	390	4	
387	390	-5	
387	391	-5	
384	391	3	
281	285	-3	
282	285	-3	
282	346	-3	
346	349	4	
345	349	3	
281	345	4	
496	502	6	
502	510	4	
506	510	-2	
506	511	6	
503	511	-3	
496	503	-3	
129	132	7	
130	132	3	
130	134	-4	
131	134	-7	
131	133	4	
129	133	-5	
480	485	6	
485	493	5	
488	493	3	
488	494	4	
486	494	-4	
480	486	-5	
256	262	5	
258	262	3	
258	322	5	
322	326	-4	
320	326	-3	
256	320	-4	
233	237	4	
234	237	5	
234	239	-7	
232	239	-1	
232	238	7	
233	238	-5	
466	469	-4	
469	477	2	
475	477	6	
475	479	-5	
471	479	3	
466	471	-2	
74	77	6	
77	85	-4	
81	85	-3	
81	86	4	
78	86	-4	
74	78	4	
288	292	-5	
291	292	3	
291	355	-4	
355	357	4	
352	357	-4	
288	352	4	
99	101	5	
101	109	5	
106	109	-3	
106	111	-4	
103	111	-1	
99	103	3	
440	444	3	
442	444	-4	
442	446	3	
441	446	3	
441	445	-3	
440	445	-4	
8	13	-4	
13	21	2	
18	21	-6	
18	22	-5	
14	22	-3	
8	14	5	
160	164	3	
162	164	5	
162	166	-5	
163	166	-6	
163	165	5	
160	165	4	
416	420	5	
417	420	5	
417	421	-2	
419	421	5	
419	422	3	
416	422	5	
338	341	-2	
339	341	6	
339	403	-3	
403	405	-3	
402	405	3	
338	402	2	
401	404	4	
404	412	-3	
408	412	2	
408	415	4	
407	415	2	
401	407	3	
465	468	4	
468	476	2	
472	476	-4	
472	478	-5	
470	478	-3	
465	470	4	
49	52	-4	
51	52	3	
51	54	-4	
48	54	4	
48	53	3	
49	53	-5	
56	60	-6	
57	60	5	
57	63	-5	
59	63	-4	
59	62	-4	
56	62	-5	
378	380	-5	
379	380	-5	
379	383	-4	
377	383	-3	
377	382	-4	
378	382	4	
312	316	4	
314	316	-4	
314	319	6	
313	319	4	
313	317	-4	
312	317	-3	
248	252	5	
251	252	-2	
251	254	4	
250	254	4	
250	253	-7	
248	253	-6	
266	268	3	
267	268	3	
267	269	-4	
264	269	-4	
264	270	3	
266	270	-6	
9	12	4	
11	12	-4	
11	75	-4	
75	76	5	
73	76	4	
9	73	-3	
369	373	-4	
371	373	4	
371	374	-5	
370	374	-5	
370	375	4	
369	375	-3	
241	245	-4	
242	245	6	
242	247	-4	
240	247	-4	
240	246	4	
241	246	-4	
217	220	-2	
220	228	-3	
224	228	-3	
224	231	6	
223	231	3	
217	223	-4	
113	117	-4	
117	125	6	
123	125	-4	
123	127	-3	
119	127	4	
113	119	2	
186	189	6	
187	189	6	
187	191	2	
184	191	-5	
184	190	5	
186	190	5	
137	142	5	
142	150	2	
147	150	3	
147	151	5	
143	151	1	
137	143	-4	
393	396	3	
394	396	4	
394	458	-3	
458	463	5	
457	463	3	
393	457	-4	
25	29	-5	
26	29	-5	
26	31	5	
24	31	5	
24	30	4	
25	30	-5	
33	39	3	
34	39	-4	
34	98	4	
98	100	-6	
97	100	4	
33	97	-4	
344	348	-2	
348	356	-3	
353	356	-5	
353	358	-5	
350	358	-3	
344	350	5	
434	437	-2	
435	437	4	
435	499	-3	
499	501	4	
498	501	5	
434	498	3	
208	213	4	
210	213	-4	
210	274	3	
274	279	2	
272	279	-2	
208	272	-3	
298	303	-4	
299	303	3	
299	363	-3	
363	364	4	
362	364	5	
298	362	-4	
89	94	-6	
90	94	-4	
90	154	-2	
154	157	-4	
153	157	-4	
89	153	3	
257	260	-1	
259	260	4	
259	323	-5	
323	327	-6	
321	327	4	
257	321	4	
40	47	6	
41	47	4	
41	105	-5	
105	108	2	
104	108	5	
40	104	-2	
481	484	-3	
484	492	5	
490	492	3	
490	495	4	
487	495	4	
481	487	5	
280	286	5	
286	294	3	
289	294	-5	
289	295	5	
287	295	-3	
280	287	-4	
194	197	-3	
197	205	-4	
201	205	2	
201	207	-3	
199	207	-3	
194	199	-5	
0	4	4	
2	4	5	
2	66	4	
66	68	4	
64	68	3	
0	64	5	
425	428	-3	
426	428	4	
426	430	5	
424	430	4	
424	429	7	
425	429	4	
17	20	5	
20	28	2	
27	28	3	
27	31	-3	
23	31	2	
17	23	5	
409	412	-5	
410	412	3	
410	413	3	
411	413	3	
411	414	-5	
409	414	-2	
448	452	-5	
450	452	-5	
450	453	-3	
449	453	-5	
449	455	6	
448	455	-2	
171	172	-4	
172	180	-1	
179	180	4	
179	181	3	
173	181	-3	
171	173	1	
296	300	5	
300	308	-3	
304	308	-2	
304	311	-7	
303	311	3	
296	303	-4	
72	79	-6	
75	79	3	
75	139	-4	
139	141	4	
136	141	-4	
72	136	3	
497	500	4	
500	508	5	
507	508	3	
507	509	-5	
501	509	-2	
497	501	-3	
336	342	5	
337	342	-4	
337	401	2	
401	406	-2	
400	406	-5	
336	400	1	
120	126	5	
121	126	3	
121	185	-2	
185	188	-4	
184	188	-4	
120	184	2	
386	389	-6	
389	397	3	
392	397	-4	
392	399	-3	
391	399	-4	
386	391	-3	
354	357	3	
357	365	3	
361	365	-5	
361	367	-6	
359	367	-2	
354	359	5	
41	46	-3	
43	46	3	
43	107	-4	
107	110	3	
105	110	5	
155	156	3	
156	164	3	
161	164	3	
161	167	-5	
159	167	2	
155	159	5	
283	284	-3	
284	292	-2	
290	292	4	
290	293	4	
285	293	-4	
283	285	5	
16	22	3	
19	22	-3	
19	83	-3	
83	87	2	
80	87	-5	
16	80	3	
32	38	-3	
35	38	4	
35	99	4	
99	102	6	
96	102	-3	
32	96	-4	
339	340	-4	
340	348	-1	
347	348	-6	
347	351	1	
343	351	-3	
339	343	-3	
50	55	-4	
51	55	-4	
51	115	4	
115	116	-5	
114	116	2	
50	114	3	
243	244	-3	
244	252	3	
249	252	-5	
249	255	-4	
247	255	-3	
243	247	-4	
128	135	-4	
129	135	3	
129	193	-2	
193	196	5	
192	196	2	
128	192	-2	
257	261	5	
261	269	-4	
265	269	2	
265	271	1	
263	271	4	
257	263	3	
368	372	-5	
370	372	5	
370	434	-2	
434	438	-6	
432	438	-4	
368	432	-3	
138	141	4	
138	202	6	
202	207	-3	
200	207	5	
136	200	-5	
306	309	2	
309	317	-4	
315	317	-5	
315	318	-3	
310	318	3	
306	310	7	
459	460	-3	
460	468	2	
467	468	-6	
467	469	-5	
461	469	-2	
459	461	6	
211	212	2	
212	220	-2	
219	220	3	
219	223	3	
215	223	3	
211	215	6	
418	421	3	
419	483	6	
483	484	5	
482	484	-2	
418	482	6	
320	324	-5	
324	332	3	
331	332	-5	
331	334	-4	
326	334	-5	
225	228	2	
228	236	2	
235	236	3	
235	237	3	
229	237	1	
225	229	-5	
441	447	5	
443	447	3	
443	507	5	
507	511	3	
505	511	-4	
441	505	-4	
144	148	4	
147	148	-6	
145	150	3	
145	151	3	
144	151	-4	
272	276	-5	
274	276	-4	
274	278	5	
273	277	5	
272	277	-3	
176	181	5	
178	181	5	
178	183	3	
177	183	4	
177	182	-3	
10	12	-5	
10	15	-4	
8	15	4	
9	13	-4	
64	69	-3	
67	69	3	
67	71	-3	
65	71	3	
64	70	2	
89	92	-3	
90	92	-4	
90	95	-3	
88	95	-4	
89	93	-2	
488	492	4	
491	492	4	
491	495	-3	
489	495	-4	
489	494	-3	
57	61	-5	
58	61	4	
58	62	7	
464	470	6	
474	478	-5	
474	479	-4	
464	471	5	
499	500	-6	
504	508	3	
504	510	-5	
499	502	-2	
218	222	-2	
218	282	3	
282	286	-5	
216	280	-3	
393	398	5	
398	406	5	
403	406	4	
403	407	-3	
399	407	-3	
393	399	-3	
116	124	3	
123	124	-5	
123	126	-7	
118	126	3	
115	118	-2	
376	382	5	
379	382	4	
379	443	1	
443	446	3	
440	446	4	
376	440	-3	
408	413	-3	
409	413	3	
409	473	-3	
473	476	6	
408	472	5	
161	166	-3	
163	227	-3	
227	230	3	
225	230	-4	
161	225	-5	
240	244	4	
243	307	2	
307	311	-4	
240	304	-4	
1	4	4	
3	4	3	
3	6	4	
2	6	6	
2	5	-3	
258	263	-3	
259	263	-3	
323	325	3	
322	325	2	
40	44	4	
44	52	-1	
49	54	-4	
46	54	2	
40	46	4	
435	436	-5	
436	444	-3	
442	445	-4	
437	445	-4	
138	143	-6	
202	204	3	
201	204	-6	
137	201	-3	
449	452	-2	
450	455	-4	
450	454	3	
448	454	5	
177	180	-5	
180	188	5	
185	191	-5	
183	191	2	
352	356	-5	
354	356	-1	
354	358	6	
355	358	3	
355	359	4	
352	359	-3	
363	427	-3	
426	431	-3	
362	426	3	
417	481	6	
481	485	-1	
416	480	4	
16	20	-5	
19	20	3	
19	23	-4	
18	23	-3	
16	21	4	
233	297	1	
296	302	-1	
232	296	2	
342	350	4	
344	351	-3	
336	343	-4	
251	253	-3	
251	255	4	
249	254	6	
248	254	3	
104	110	3	
107	171	-5	
168	172	-5	
104	168	4	
131	195	2	
194	198	-3	
130	194	2	
410	415	-3	
411	415	-2	
411	475	-3	
474	477	4	
410	474	3	
456	460	-4	
457	460	-5	
457	462	-3	
459	462	-5	
459	463	2	
456	463	-5	
83	84	-4	
81	87	-3	
82	85	-4	
369	372	-3	
369	374	3	
371	375	3	
368	375	3	
265	268	-4	
266	271	3	
267	271	-6	
267	270	1	
265	270	-5	
315	316	2	
313	318	-4	
328	334	4	
330	334	-3	
330	394	-2	
394	397	-2	
328	392	-2	
152	156	-5	
154	156	3	
154	159	3	
153	159	3	
153	158	-3	
72	76	3	
74	76	-2	
73	78	-4	
73	79	4	
34	36	3	
35	36	-2	
35	37	-3	
33	37	4	
145	149	4	
146	210	-3	
210	212	-3	
209	212	-3	
145	209	2	
386	388	4	
385	389	-3	
384	390	4	
98	102	-4	
96	103	4	
97	103	4	
289	293	4	
290	294	3	
288	294	-2	
288	295	3	
203	205	-3	
205	213	-3	
208	214	-1	
206	214	4	
24	28	-5	
25	28	-4	
27	30	4	
27	29	5	
24	29	2	
242	306	-4	
306	308	-3	
305	308	-4	
241	305	-4	
43	45	-5	
45	53	-1	
48	55	4	
47	55	-2	
43	47	4	
235	239	-4	
235	299	-3	
299	301	-4	
298	301	4	
234	298	2	
321	325	-5	
325	333	5	
331	333	2	
331	335	4	
327	335	3	
120	125	4	
120	127	5	
281	284	4	
283	347	2	
347	349	4	
433	438	-3	
433	497	1	
497	503	-5	
432	496	-3	
160	167	-5	
162	167	-3	
162	226	-4	
226	231	2	
160	224	4	
425	430	3	
426	490	-4	
490	493	5	
489	493	-4	
425	489	-3	
377	380	4	
378	383	-5	
376	383	-4	
400	404	3	
402	404	3	
402	466	-5	
464	469	3	
400	464	-4	
192	199	-5	
193	199	3	
193	257	1	
257	262	-4	
192	256	-2	
105	109	-3	
106	170	-3	
169	175	5	
105	169	-2	
418	422	-5	
483	487	4	
482	487	-3	
58	63	4	
56	61	4	
275	276	-4	
276	284	4	
280	284	-3	
279	287	-3	
275	279	-5	
506	508	4	
505	509	4	
504	509	6	
154	218	-2	
218	221	-4	
217	221	5	
153	217	2	
11	13	3	
11	14	-4	
10	14	5	
9	15	6	
185	190	2	
128	132	-5	
130	133	-4	
130	135	5	
0	6	4	
66	71	5	
64	71	4	
88	92	-4	
91	94	-5	
91	95	-3	
337	340	1	
338	340	5	
338	342	-4	
336	341	-2	
337	341	-6	
365	373	-3	
367	375	-3	
107	108	-1	
108	116	-4	
112	116	-2	
112	119	4	
111	119	3	
107	111	6	
401	405	4	
403	467	4	
467	470	-2	
401	465	-3	
427	429	-2	
427	491	-3	
491	494	5	
424	488	4	
67	68	-4	
68	76	-3	
73	77	2	
69	77	-2	
258	260	-4	
260	268	-5	
264	268	3	
258	261	-2	
136	142	4	
139	142	5	
139	203	2	
203	207	1	
387	388	-3	
388	396	-3	
392	396	-2	
392	398	4	
390	398	-2	
232	236	5	
236	244	-3	
243	246	-5	
238	246	-2	
165	173	-5	
166	174	-3	
473	478	3	
478	486	1	
481	486	-3	
479	487	1	
473	479	2	
83	86	-2	
83	147	-3	
145	148	-3	
81	145	-3	
438	446	3	
442	447	4	
439	447	-4	
434	439	-2	
33	36	3	
42	46	3	
38	46	-3	
33	38	-4	
227	229	-4	
227	291	2	
291	295	-4	
290	295	-2	
226	290	3	
307	308	-3	
308	316	-3	
307	309	4	
121	124	7	
121	127	4	
26	28	-2	
458	461	2	
455	463	1	
451	455	5	
346	348	6	
353	359	1	
351	359	3	
346	351	-2	
210	215	-3	
275	277	-3	
274	277	2	
321	324	3	
329	334	-3	
321	326	4	
114	117	3	
115	117	-3	
115	179	2	
179	183	3	
250	252	1	
498	500	-3	
498	502	3	
98	103	3	
96	101	3	
97	101	3	
219	283	-3	
283	286	-1	
281	286	-2	
217	281	-3	
297	300	-3	
298	302	-2	
48	52	-4	
50	53	-4	
194	196	-4	
195	197	-5	
193	198	5	
411	412	-3	
410	414	5	
409	415	-5	
8	72	2	
208	212	4	
272	278	-3	
82	86	3	
452	460	2	
443	444	3	
440	504	-4	
176	180	-1	
177	181	-2	
179	182	4	
416	421	-3	
421	429	3	
422	430	2	
489	492	-2	
491	493	-3	
59	60	4	
59	61	-5	
186	188	-2	
187	188	-3	
187	190	3	
184	189	-1	
312	318	4	
315	379	-4	
312	376	-3	
393	397	5	
397	405	-4	
400	405	2	
40	45	-2	
42	106	3	
106	108	2	
227	228	4	
233	236	-4	
233	239	3	
231	239	-1	
227	231	-2	
291	294	4	
162	165	-1	
157	165	1	
152	157	-3	
219	221	-3	
219	222	-4	
216	223	-3	
218	223	2	
361	364	4	
364	372	4	
368	373	4	
27	91	3	
25	89	2	
435	439	2	
432	439	1	
432	437	-4	
433	437	-3	
35	39	-5	
34	38	-3	
476	484	1	
483	485	-2	
477	485	-1	
473	477	-4	
133	141	-2	
134	142	2	
259	262	-1	
262	270	3	
1	6	-4	
0	5	-3	
322	324	-3	
322	386	-1	
384	389	3	
320	384	-1	
170	174	-2	
171	174	-3	
171	235	2	
170	234	-2	
337	343	3	
338	343	-3	
314	378	2	
313	377	5	
224	230	5	
144	150	3	
150	158	5	
151	159	-3	
354	418	1	
418	420	-3	
353	417	-2	
289	292	-2	
292	300	2	
299	300	3	
293	301	-2	
396	404	4	
402	407	-4	
394	399	5	
19	21	-5	
21	29	1	
26	30	-3	
22	30	-1	
65	69	-3	
66	69	5	
345	350	-5	
346	350	-2	
385	391	3	
387	451	-4	
385	449	-4	
84	92	-3	
91	92	2	
87	95	3	
466	468	-4	
277	285	3	
282	287	-2	
273	279	4	
106	110	3	
102	110	2	
192	197	4	
200	205	3	
442	506	3	
505	510	-3	
362	367	-4	
363	367	-3	
267	331	-3	
329	335	2	
265	329	4	
408	414	3	
475	476	3	
49	113	-2	
113	118	-6	
48	112	-1	
12	20	2	
16	23	3	
15	23	3	
105	111	3	
368	374	-2	
169	172	2	
250	255	-3	
249	253	-1	
256	260	4	
259	261	5	
457	461	1	
458	462	-4	
210	214	2	
146	151	-2	
128	133	3	
480	484	2	
482	486	4	
482	485	-3	
497	502	3	
120	124	-1	
264	328	4	
51	53	-3	
115	119	2	
114	119	-3	
17	22	-3	
18	82	-3	
81	84	2	
17	81	-3	
472	479	-3	
26	90	3	
90	93	-4	
24	88	-2	
425	431	3	
208	215	-4	
232	237	2	
237	245	-3	
242	246	-2	
341	349	-2	
344	349	-4	
376	380	-3	
377	441	-2	
440	447	2	
386	450	3	
384	448	3	
400	407	3	
307	371	3	
305	369	-3	
299	302	2	
296	301	4	
155	157	-3	
152	159	2	
314	318	4	
182	190	3	
139	143	-3	
224	229	-1	
490	494	-2	
290	354	-2	
289	353	2	
58	60	-3	
57	62	3	
176	183	4	
175	183	2	
266	330	3	
328	333	-1	
96	100	5	
100	108	2	
104	109	3	
11	15	-3	
507	510	-4	
504	511	-2	
288	293	-3	
283	287	4	
39	47	2	
194	258	-1	
412	420	-2	
419	420	2	
413	421	-2	
10	13	3	
10	74	-1	
72	77	-2	
204	212	2	
201	206	-2	
163	164	-1	
443	445	3	
345	351	6	
280	344	3	
355	356	-3	
356	364	-1	
362	365	-2	
323	326	2	
320	325	3	
80	86	3	
86	94	-2	
89	95	2	
218	220	5	
248	255	-4	
251	315	1	
315	319	3	
312	319	3	
248	312	1	
234	236	1	
241	244	-3	
241	247	1	
239	247	2	
113	116	-2	
121	125	-4	
50	52	-4	
50	54	-3	
148	156	-3	
153	156	-3	
465	471	5	
463	471	2	
496	501	4	
488	495	3	
131	132	-3	
128	134	-5	
449	454	-3	
187	251	4	
186	250	-3	
192	198	-3	
282	284	2	
278	286	-2	
83	85	4	
332	340	-3	
336	340	-4	
335	343	-2	
374	382	-3	
375	383	2	
403	404	1	
498	503	4	
306	311	-1	
110	118	2	
269	277	2	
271	279	-2	
164	172	-3	
168	173	1	
75	78	-2	
70	78	-2	
66	70	2	
202	205	-3	
211	213	2	
207	215	1	
347	411	2	
346	410	-1	
458	460	-2	
8	12	-1	
137	141	3	
141	149	-1	
146	150	2	
85	93	-2	
216	220	3	
226	228	4	
424	431	-1	
56	63	2	
235	238	3	
41	44	3	
43	44	-2	
42	47	2	
41	45	-3	
225	231	-4	
200	204	3	
201	265	-2	
200	264	2	
256	263	3	
322	327	-3	
320	327	2	
4	12	2	
5	13	-2	
146	148	-2	
144	208	-2	
480	487	1	
171	175	-3	
417	422	-3	
352	416	-1	
32	39	3	
441	444	3	
505	508	-3	
313	316	3	
25	31	2	
386	390	-1	
131	135	2	
154	158	-2	
179	243	-2	
177	241	2	
202	206	2	
195	199	-2	
186	191	-4	
49	55	-3	
304	310	1	
297	303	3	
169	233	1	
168	232	-1	
112	117	-3	
147	211	1	
420	428	-3	
274	338	-2	
272	336	2	
499	503	3	
448	453	3	
323	324	-2	
92	100	-2	
95	103	-3	
307	310	2	
370	373	1	
306	370	-1	
65	68	2	
363	365	-5	
361	425	-2	
217	222	-2	
281	287	-2	
213	221	-2	
273	276	1	
275	339	-2	
273	337	2	
266	269	2	
234	238	-1	
369	433	-2	
193	197	-2	
107	109	-1	
28	36	-2	
30	38	-1	
353	357	-3	
82	87	2	
79	87	-3	
185	189	-3	
98	101	1	
314	317	2	
347	350	-1	
240	245	2	
392	456	3	
161	165	2	
405	413	-2	
297	361	-1	
53	61	-2	
55	63	3	
174	182	2	
352	358	-1	
435	438	-1	
474	476	2	
466	470	-3	
136	143	2	
178	180	2	
113	177	-2	
76	84	-1	
80	85	-1	
75	77	2	
424	428	-2	
97	102	-3	
149	157	-3	
160	166	1	
304	309	-1	
394	398	2	
88	94	-3	
506	509	-3	
109	117	1	
155	219	-2	
152	216	2	
170	172	-3	
264	271	2	
344	408	1	
74	79	3	
74	138	2	
34	37	4	
209	213	-3	
209	215	1	
135	143	-2	
18	20	-1	
387	389	3	
483	486	-1	
496	500	2	
65	129	-1	
64	128	-1	
167	175	1	
163	167	-2	
427	430	-1	
430	438	-1	
311	319	-2	
73	137	3	
242	244	2	
243	245	-2	
52	60	-2	
475	478	-1	
426	429	1	
298	300	2	
72	78	-2	
93	101	1	
185	249	2	
59	123	1	
56	120	-1	
305	311	-1	
304	368	-1	
451	452	2	
334	342	-1	
465	469	2	
432	436	1	
429	437	1	
104	111	1	
371	372	2	
371	435	1	
434	436	-1	
406	414	-1	
472	477	1	
214	222	-1	
291	293	1	
203	267	-1	
202	266	-1	
31	39	-1	
54	62	-1	
99	163	1	
96	160	-1	
349	357	1	
467	471	1	
294	302	-1	
295	303	1	
71	79	1	
402	406	-1	
245	253	-1	
246	254	-1	
372	380	1	
224	288	-1	
9	14	1	
184	248	1	
99	100	-1	
Energy:	-3332	
