NumberOfQubits	504	
NumberOfSubgraphs	588	
Serial	455	
PlantedSolution:	
0	-1	
1	1	
2	1	
3	-1	
4	-1	
5	1	
6	1	
8	-1	
9	-1	
10	-1	
11	1	
12	-1	
13	-1	
14	-1	
15	-1	
16	1	
17	1	
18	-1	
19	-1	
20	1	
21	-1	
22	1	
23	1	
24	-1	
25	1	
26	1	
27	-1	
28	-1	
29	1	
30	-1	
31	1	
32	1	
33	-1	
34	1	
35	-1	
36	1	
37	-1	
38	1	
39	-1	
40	-1	
41	1	
42	-1	
43	1	
44	1	
45	1	
46	1	
47	1	
48	1	
49	1	
50	1	
51	-1	
52	1	
53	-1	
54	-1	
55	-1	
56	1	
57	-1	
58	-1	
59	1	
60	1	
61	-1	
62	-1	
63	1	
64	1	
65	1	
66	1	
67	1	
68	1	
69	-1	
70	1	
71	-1	
72	1	
73	-1	
74	1	
75	-1	
76	-1	
77	-1	
78	1	
79	1	
80	-1	
81	-1	
82	-1	
83	1	
84	-1	
85	1	
86	1	
87	-1	
88	1	
89	-1	
90	1	
91	1	
92	1	
93	1	
94	1	
95	1	
96	1	
97	-1	
98	1	
99	1	
100	-1	
101	-1	
102	1	
103	-1	
104	-1	
105	1	
106	1	
107	1	
108	-1	
109	-1	
110	1	
111	-1	
112	-1	
113	1	
114	1	
115	-1	
116	-1	
117	1	
118	1	
119	1	
120	-1	
121	1	
123	-1	
124	-1	
125	-1	
126	-1	
127	1	
128	1	
129	1	
130	1	
131	-1	
132	1	
133	-1	
134	-1	
135	-1	
136	-1	
137	-1	
138	1	
139	1	
141	-1	
142	-1	
143	1	
144	-1	
145	-1	
146	1	
147	-1	
148	-1	
149	1	
150	-1	
151	-1	
152	-1	
153	-1	
154	-1	
155	1	
156	1	
157	1	
158	1	
159	-1	
160	-1	
161	-1	
162	-1	
163	-1	
164	-1	
165	1	
166	-1	
167	1	
168	-1	
169	-1	
170	1	
171	1	
172	-1	
173	1	
174	-1	
175	1	
176	-1	
177	1	
178	1	
179	1	
180	1	
181	-1	
182	1	
183	1	
184	-1	
185	1	
186	1	
187	-1	
188	-1	
189	1	
190	1	
191	1	
192	-1	
193	-1	
194	-1	
195	1	
196	1	
197	-1	
198	-1	
199	-1	
200	1	
201	-1	
202	1	
203	1	
204	-1	
205	-1	
206	1	
207	1	
208	-1	
209	-1	
210	1	
211	-1	
212	-1	
213	1	
214	-1	
215	1	
216	-1	
217	1	
218	1	
219	-1	
220	-1	
221	1	
222	-1	
223	-1	
224	-1	
225	1	
226	1	
227	-1	
228	1	
229	-1	
230	1	
231	1	
232	-1	
233	1	
234	1	
235	1	
236	1	
237	-1	
238	1	
239	-1	
240	1	
241	-1	
242	-1	
243	1	
244	-1	
245	-1	
246	-1	
247	1	
248	1	
249	-1	
250	1	
251	-1	
252	1	
253	-1	
254	1	
255	1	
256	1	
257	1	
258	1	
259	1	
260	-1	
261	1	
262	1	
263	-1	
264	1	
265	-1	
266	1	
267	1	
268	1	
269	-1	
270	-1	
271	1	
272	-1	
273	1	
274	-1	
275	1	
276	1	
277	1	
278	-1	
279	-1	
280	-1	
281	-1	
282	-1	
283	1	
284	1	
285	1	
286	-1	
287	-1	
288	1	
289	1	
290	1	
291	-1	
292	1	
293	1	
294	1	
295	-1	
296	-1	
297	-1	
298	1	
299	-1	
300	1	
301	1	
302	1	
303	-1	
304	-1	
305	-1	
306	1	
307	-1	
308	-1	
309	-1	
310	-1	
311	1	
312	1	
313	1	
314	-1	
315	-1	
316	1	
317	1	
318	1	
319	-1	
320	1	
321	1	
322	1	
323	1	
324	-1	
325	-1	
326	-1	
327	1	
328	-1	
329	-1	
330	1	
331	1	
332	1	
333	1	
334	1	
335	-1	
336	-1	
337	-1	
338	-1	
339	-1	
340	-1	
341	-1	
342	-1	
343	-1	
344	1	
345	1	
346	1	
347	1	
348	-1	
349	1	
350	-1	
351	-1	
352	1	
353	-1	
354	-1	
355	1	
356	1	
357	-1	
358	-1	
359	1	
361	1	
362	1	
363	-1	
364	1	
365	1	
367	1	
368	-1	
369	-1	
370	1	
371	-1	
372	1	
373	1	
374	1	
375	-1	
376	1	
377	1	
378	-1	
379	1	
380	-1	
382	1	
383	-1	
384	-1	
385	1	
386	1	
387	-1	
388	1	
389	1	
390	1	
391	1	
392	1	
393	-1	
394	-1	
396	-1	
397	1	
398	-1	
399	-1	
400	-1	
401	1	
402	-1	
403	1	
404	1	
405	1	
406	-1	
407	1	
408	-1	
409	-1	
410	-1	
411	-1	
412	1	
413	1	
414	-1	
415	1	
416	1	
417	-1	
418	1	
419	-1	
420	1	
421	1	
422	-1	
424	1	
425	1	
426	-1	
427	-1	
428	-1	
429	1	
430	-1	
431	1	
432	-1	
433	1	
434	-1	
435	1	
436	-1	
437	1	
438	-1	
439	1	
440	1	
441	-1	
442	1	
443	-1	
444	1	
445	-1	
446	1	
447	1	
448	1	
449	-1	
450	1	
451	1	
452	1	
453	1	
454	1	
455	1	
456	1	
457	1	
458	-1	
459	1	
460	-1	
461	1	
462	1	
463	1	
464	-1	
465	1	
466	1	
467	-1	
468	-1	
469	-1	
470	1	
471	1	
472	-1	
473	1	
474	1	
475	1	
476	1	
477	1	
478	-1	
479	1	
480	1	
481	-1	
482	1	
483	1	
484	-1	
485	-1	
486	1	
487	1	
488	1	
489	-1	
490	-1	
491	-1	
492	-1	
493	-1	
494	-1	
495	1	
496	-1	
497	-1	
498	-1	
499	1	
500	-1	
501	-1	
502	1	
503	-1	
504	1	
505	-1	
506	1	
507	1	
508	-1	
509	-1	
510	-1	
511	1	
Js:	
18	20	3	
20	28	3	
24	28	3	
24	30	-4	
22	30	1	
18	22	2	
416	420	3	
418	420	-3	
418	422	5	
419	422	-4	
419	421	3	
416	421	-5	
344	351	3	
347	351	2	
347	411	-1	
411	415	3	
408	415	4	
344	408	2	
1	6	-3	
2	6	-5	
2	66	-3	
66	68	-5	
65	68	2	
1	65	-4	
169	172	-3	
172	180	-1	
176	180	3	
176	183	3	
175	183	-1	
169	175	3	
448	453	-4	
449	453	3	
449	454	3	
450	454	-2	
450	455	-4	
448	455	-2	
280	285	3	
281	285	2	
281	286	-5	
282	286	-2	
282	287	-3	
280	287	3	
480	485	3	
485	493	-2	
491	493	-2	
491	495	-2	
487	495	-2	
480	487	-4	
272	276	4	
274	276	2	
274	277	3	
275	277	-2	
275	278	-5	
272	278	-2	
313	316	-3	
315	316	4	
315	319	-3	
314	319	-3	
314	318	-3	
313	318	-3	
338	340	-4	
340	348	2	
346	348	3	
346	349	-3	
341	349	4	
338	341	-2	
320	324	5	
321	324	4	
321	326	4	
322	326	-2	
322	325	5	
320	325	3	
456	460	3	
457	460	5	
457	461	-4	
459	461	3	
459	462	-4	
456	462	-3	
224	229	-4	
225	229	-5	
225	289	-1	
289	292	-4	
288	292	-3	
224	288	3	
306	308	4	
307	308	-3	
307	311	5	
305	311	4	
305	310	-3	
306	310	-3	
258	260	3	
260	268	-3	
267	268	-2	
267	271	-3	
263	271	6	
258	263	3	
330	332	-3	
331	332	-3	
331	335	4	
329	335	-2	
329	333	5	
330	333	3	
184	188	-3	
187	188	-2	
187	251	4	
251	255	3	
248	255	-3	
184	248	5	
201	204	-3	
203	204	3	
203	206	-4	
202	206	-1	
202	207	-5	
201	207	-2	
40	44	-2	
44	52	-2	
50	52	-2	
50	53	4	
45	53	1	
40	45	4	
81	84	-2	
83	84	2	
83	147	2	
147	150	-4	
145	150	-4	
81	145	1	
97	101	1	
99	101	4	
99	163	2	
163	165	3	
161	165	3	
97	161	-2	
506	509	-4	
507	509	4	
507	510	4	
505	510	-1	
505	511	4	
506	511	-3	
193	197	-2	
194	197	-3	
194	198	-3	
195	198	4	
195	199	3	
193	199	3	
376	380	2	
377	380	4	
377	383	2	
379	383	4	
379	382	1	
376	382	-2	
136	141	3	
138	141	1	
138	142	5	
137	142	-2	
137	143	4	
136	143	3	
104	108	-3	
108	116	1	
112	116	-5	
112	118	2	
110	118	-2	
104	110	2	
10	12	-2	
11	12	3	
11	75	2	
75	76	3	
74	76	3	
10	74	2	
32	36	-5	
33	36	4	
33	37	-3	
35	37	-4	
35	38	5	
32	38	2	
240	244	5	
241	244	-3	
241	247	3	
242	247	2	
242	245	-4	
240	245	2	
129	132	-2	
131	132	6	
131	135	-3	
128	135	-1	
128	133	4	
129	133	4	
400	404	2	
402	404	3	
402	406	3	
401	406	3	
401	405	-5	
400	405	3	
464	469	3	
465	469	3	
465	470	-2	
467	470	3	
467	471	3	
464	471	5	
291	293	3	
293	301	-2	
299	301	-2	
299	303	-3	
295	303	-3	
291	295	-3	
56	60	-2	
58	60	5	
58	63	3	
57	63	3	
57	62	-4	
56	62	5	
353	357	-3	
357	365	3	
361	365	-3	
361	367	-4	
359	367	1	
353	359	3	
441	444	-3	
442	444	-3	
442	447	-2	
443	447	4	
443	445	-2	
441	445	-4	
496	501	-3	
498	501	3	
498	503	-2	
497	503	-5	
497	502	4	
496	502	3	
368	372	3	
371	372	2	
371	435	2	
435	437	3	
432	437	3	
368	432	-3	
226	230	-3	
230	238	4	
235	238	-3	
235	239	3	
231	239	4	
226	231	-1	
8	13	-2	
9	13	-3	
9	73	-2	
73	77	-2	
72	77	-3	
8	72	2	
208	212	-1	
209	212	-5	
209	213	-2	
211	213	2	
211	215	2	
208	215	4	
393	397	5	
394	397	3	
394	399	-3	
392	399	-3	
392	398	5	
393	398	-3	
217	220	2	
218	220	3	
218	221	-2	
216	221	5	
216	222	1	
217	222	5	
472	476	3	
473	476	-3	
473	479	-4	
474	479	-1	
474	477	-3	
472	477	-4	
80	85	2	
85	93	3	
91	93	-4	
91	95	-4	
87	95	2	
80	87	-2	
152	157	4	
153	157	3	
153	159	-3	
155	159	3	
155	158	2	
152	158	3	
427	428	-1	
428	436	-2	
433	436	3	
433	438	3	
430	438	-2	
427	430	3	
384	389	2	
385	389	-4	
385	391	-3	
387	391	4	
387	390	-4	
384	390	4	
259	261	-3	
261	269	5	
265	269	-3	
265	270	-3	
262	270	-2	
259	262	-4	
232	237	2	
234	237	2	
234	298	-1	
298	300	-2	
296	300	4	
232	296	-2	
49	55	4	
51	55	-4	
51	115	-4	
115	119	-4	
113	119	-4	
49	113	-3	
121	124	3	
123	124	-5	
123	125	1	
120	125	-5	
120	127	2	
121	127	-5	
41	46	-3	
42	46	4	
42	106	4	
106	111	-1	
105	111	5	
41	105	-4	
25	31	4	
26	31	-3	
26	90	-2	
90	92	-3	
89	92	3	
25	89	3	
185	191	-4	
186	191	-3	
186	250	-3	
250	253	3	
249	253	-3	
185	249	2	
0	4	-4	
3	4	-3	
3	67	4	
67	71	4	
64	71	4	
0	64	-3	
424	431	-4	
425	431	-3	
425	489	2	
489	494	3	
488	494	2	
424	488	-4	
96	103	3	
98	103	3	
98	162	1	
162	166	-4	
160	166	-2	
96	160	-3	
171	173	-5	
173	181	1	
179	181	-3	
179	182	-4	
174	182	1	
171	174	4	
288	294	-2	
290	294	-2	
290	354	3	
354	356	-2	
352	356	-1	
288	352	-2	
409	412	4	
411	412	3	
411	413	4	
410	413	-3	
410	414	-5	
409	414	-2	
328	334	3	
334	342	2	
337	342	-3	
337	343	-4	
335	343	2	
328	335	-4	
80	86	3	
82	86	3	
82	146	2	
146	148	3	
144	148	-3	
80	144	1	
482	484	-2	
484	492	-2	
490	492	-2	
490	494	-3	
486	494	2	
482	486	-3	
17	20	-4	
19	20	-3	
19	21	-2	
16	21	4	
16	23	-2	
17	23	-2	
369	373	3	
370	373	-3	
370	375	4	
368	375	-4	
368	374	-2	
369	374	5	
362	364	-4	
363	364	-5	
363	427	-3	
427	429	2	
426	429	4	
362	426	1	
192	196	3	
193	196	3	
193	257	3	
257	262	-4	
256	262	-2	
192	256	-2	
107	109	-3	
109	117	1	
114	117	-2	
114	118	-4	
107	110	-3	
243	244	2	
244	252	3	
250	252	2	
250	254	-3	
246	254	4	
243	246	3	
304	309	1	
309	317	2	
312	317	-4	
312	318	-2	
310	318	3	
304	310	-3	
154	156	6	
155	156	2	
155	219	3	
219	223	-2	
218	223	2	
154	218	2	
440	446	-5	
441	446	-2	
441	505	-2	
505	508	-5	
504	508	3	
440	504	-4	
88	92	-2	
92	100	-4	
97	100	-3	
97	102	4	
94	102	-3	
88	94	-1	
434	439	4	
435	439	-2	
435	499	-4	
499	500	4	
498	500	-4	
434	498	2	
345	350	6	
350	358	-2	
355	358	-2	
355	359	-4	
351	359	2	
345	351	3	
48	53	4	
53	61	-4	
59	61	4	
59	62	-2	
54	62	-1	
48	54	4	
200	205	2	
202	205	2	
202	266	-2	
266	268	-2	
264	268	-2	
200	264	1	
34	37	2	
37	45	3	
43	45	2	
43	47	-3	
39	47	3	
34	39	4	
227	228	4	
228	236	-3	
233	236	-3	
233	239	4	
227	231	3	
336	342	-3	
339	342	-3	
339	403	1	
403	407	-6	
400	407	-2	
336	400	-3	
451	452	-3	
452	460	3	
458	460	-1	
458	463	4	
455	463	4	
451	455	-2	
273	276	-3	
276	284	-3	
283	284	-3	
283	287	4	
279	287	3	
273	279	3	
322	327	-4	
323	327	5	
323	387	1	
387	388	2	
386	388	-4	
322	386	-1	
466	468	2	
468	476	3	
475	476	-2	
475	478	3	
470	478	-2	
466	470	-4	
64	70	-2	
70	78	-4	
73	78	3	
73	79	4	
71	79	2	
178	181	-1	
181	189	4	
185	189	-3	
185	190	-2	
182	190	-2	
178	182	-4	
66	69	2	
67	69	-3	
67	131	2	
131	134	-2	
130	134	4	
66	130	-2	
417	421	-3	
419	483	4	
483	487	-1	
481	487	4	
417	481	-4	
161	164	-2	
164	172	-2	
168	172	-4	
168	175	2	
167	175	2	
161	167	4	
144	151	-3	
146	151	5	
146	210	-2	
210	214	3	
208	214	-5	
144	208	-2	
21	29	2	
27	29	4	
27	31	5	
23	31	2	
19	23	2	
8	12	-3	
10	15	-4	
11	15	-2	
11	14	3	
8	14	-4	
297	300	3	
299	300	4	
299	302	3	
298	302	-2	
298	303	5	
297	303	1	
139	141	4	
141	149	2	
147	149	3	
142	150	1	
139	142	3	
177	180	-3	
178	180	3	
178	242	4	
242	246	-3	
241	246	-3	
177	241	3	
313	317	-3	
314	317	1	
314	378	3	
378	382	6	
377	382	-2	
313	377	-3	
120	126	-4	
123	126	-4	
123	187	1	
120	184	-1	
393	396	-5	
394	396	-4	
168	173	-3	
170	173	-2	
170	234	-3	
234	236	-3	
232	236	4	
168	232	-3	
1	5	-3	
5	13	3	
9	14	-4	
6	14	2	
473	477	-2	
477	485	-1	
482	485	5	
478	486	1	
473	478	3	
203	205	4	
200	207	-3	
224	228	3	
226	228	-2	
225	230	-1	
442	446	3	
442	506	-4	
506	510	3	
504	510	3	
34	36	-1	
34	38	-6	
32	39	4	
33	39	-2	
49	52	-4	
51	52	2	
40	47	2	
42	47	2	
106	109	3	
104	109	-3	
40	104	2	
89	94	4	
90	94	-2	
90	154	2	
154	158	2	
153	158	3	
89	153	2	
195	259	-3	
259	260	2	
194	258	2	
370	372	-3	
371	373	4	
369	375	1	
272	279	-2	
275	279	4	
275	339	3	
339	341	2	
336	341	-2	
272	336	-2	
353	356	3	
355	356	-3	
352	358	5	
352	357	3	
426	428	-3	
434	436	2	
434	437	3	
429	437	-1	
489	492	-2	
491	492	-5	
488	495	-4	
488	493	3	
489	493	-3	
213	221	-4	
217	221	-2	
217	223	3	
215	223	4	
209	215	2	
458	461	3	
459	463	-4	
457	462	2	
344	350	2	
345	409	-1	
409	415	3	
25	28	2	
26	28	4	
26	30	3	
24	29	-2	
25	29	-3	
331	334	-4	
329	334	2	
82	84	-4	
82	87	1	
83	87	2	
83	86	-2	
81	86	3	
384	388	5	
386	450	2	
450	452	-3	
448	452	-2	
384	448	1	
290	292	-1	
291	292	2	
291	294	3	
289	294	-3	
289	293	-1	
290	293	3	
59	60	3	
56	61	1	
56	63	-5	
402	407	-1	
403	467	2	
467	469	-2	
466	469	4	
402	466	3	
432	438	-2	
433	497	3	
432	496	-3	
160	164	-3	
162	164	3	
163	166	-3	
163	167	3	
160	167	3	
264	269	3	
267	270	3	
264	271	-2	
256	261	-3	
257	261	-2	
257	321	-2	
256	320	-2	
243	245	2	
245	253	-2	
251	253	2	
247	255	-3	
243	247	-3	
304	308	-4	
306	309	5	
307	309	-2	
304	311	4	
211	212	-5	
212	220	-2	
219	220	3	
219	222	-4	
214	222	-2	
211	214	-2	
98	100	4	
100	108	-1	
107	108	4	
107	111	2	
103	111	3	
363	367	2	
362	365	-4	
281	284	3	
282	284	3	
282	285	3	
280	286	-2	
72	76	3	
74	138	-2	
138	143	-3	
72	136	2	
410	412	2	
412	420	-1	
417	420	3	
417	422	-1	
414	422	1	
128	132	-2	
130	133	3	
128	134	4	
169	174	-4	
171	235	-3	
235	237	-4	
233	237	4	
169	233	3	
273	278	-2	
274	278	-4	
274	338	-1	
338	343	-3	
273	337	2	
312	319	3	
315	379	-3	
379	380	4	
312	376	-5	
500	508	-2	
507	508	4	
501	509	-3	
499	501	-2	
145	148	-4	
148	156	3	
152	156	1	
152	159	-4	
151	159	-1	
145	151	2	
116	124	-3	
121	125	4	
117	125	4	
112	117	-2	
65	69	4	
69	77	-4	
75	77	-3	
75	78	2	
65	70	-4	
464	468	-2	
475	479	-5	
471	479	-3	
3	6	-2	
2	5	-2	
0	5	3	
385	390	-3	
387	451	2	
451	454	-4	
385	449	3	
177	181	2	
186	189	-2	
183	191	-3	
177	183	4	
396	404	-1	
401	404	-3	
397	405	-1	
46	54	2	
48	55	2	
47	55	-1	
41	47	-3	
93	101	3	
99	103	1	
95	103	-2	
321	325	3	
323	326	5	
297	301	3	
301	309	1	
305	309	-3	
302	310	-1	
297	302	3	
480	484	3	
483	484	4	
483	486	-4	
481	486	-3	
347	348	4	
347	349	-4	
344	349	1	
346	351	3	
432	436	-2	
436	444	4	
443	444	3	
439	447	-4	
432	439	-1	
18	21	-3	
16	22	-3	
17	22	3	
248	252	-2	
249	252	5	
249	254	-3	
248	253	2	
424	429	1	
426	431	2	
425	430	2	
424	430	2	
194	196	-2	
194	199	-3	
195	197	2	
192	197	-4	
312	316	-2	
314	316	3	
378	383	-3	
376	383	4	
41	44	-3	
43	44	-3	
43	107	-2	
105	108	-3	
354	358	-1	
354	418	3	
418	421	2	
352	416	-2	
137	141	-3	
139	203	-3	
201	206	2	
137	201	2	
408	413	3	
410	474	2	
474	478	3	
472	478	-2	
408	472	-2	
179	183	-2	
179	243	-3	
240	247	3	
176	240	2	
118	126	2	
121	126	2	
119	127	3	
114	119	-2	
96	102	-2	
99	102	-3	
160	165	2	
81	85	1	
88	93	-1	
88	95	-4	
81	87	-4	
52	60	-2	
57	60	-2	
57	61	-5	
386	389	-5	
386	391	-3	
384	391	2	
68	76	2	
73	76	2	
66	71	2	
232	238	2	
227	230	4	
264	270	3	
266	270	3	
266	330	-3	
328	333	2	
264	328	3	
273	277	-3	
277	285	-3	
283	285	-3	
283	286	2	
278	286	-1	
29	37	-1	
30	38	1	
27	30	-3	
401	465	-3	
440	445	-1	
442	445	4	
504	511	-3	
154	157	3	
149	157	-2	
144	149	-3	
450	453	-3	
453	461	-3	
456	461	-3	
456	463	-3	
292	300	-1	
296	303	-2	
289	295	-3	
490	493	3	
493	501	-1	
496	503	-3	
495	503	1	
490	495	3	
210	213	-4	
216	223	2	
210	215	-2	
337	340	-1	
337	341	-4	
258	261	-1	
266	269	2	
266	271	2	
369	372	3	
184	190	3	
187	190	2	
251	254	2	
248	254	-2	
14	22	2	
19	22	3	
15	23	3	
8	15	3	
134	142	-1	
135	143	-2	
130	135	2	
171	172	-1	
170	174	2	
392	396	2	
394	458	2	
458	462	2	
392	456	-2	
405	413	-2	
411	414	3	
406	414	-2	
400	406	-4	
356	364	-2	
363	365	2	
379	443	2	
377	441	-1	
424	428	3	
425	428	2	
427	431	4	
433	437	-3	
499	503	3	
265	268	4	
267	331	3	
329	332	4	
265	329	-1	
219	283	1	
217	281	-2	
483	485	3	
418	482	1	
147	211	2	
145	209	-2	
50	54	3	
50	114	-3	
114	116	2	
48	112	2	
259	323	-1	
320	327	-2	
162	165	3	
162	226	3	
226	229	3	
161	225	2	
180	188	3	
186	188	3	
186	190	-3	
42	44	-1	
43	46	-2	
40	46	2	
42	45	3	
336	340	-5	
339	340	-2	
339	343	-3	
338	342	-2	
4	12	3	
9	12	-3	
106	110	-3	
106	170	-1	
170	175	-3	
104	168	1	
288	293	-3	
294	302	-2	
91	94	-2	
91	155	-3	
155	157	-1	
237	245	-1	
241	245	-3	
238	246	1	
67	70	-2	
64	128	2	
197	205	-3	
199	207	-3	
192	199	-2	
34	98	-3	
96	100	3	
32	96	2	
210	274	2	
272	277	2	
208	272	-2	
449	452	3	
448	454	3	
74	77	3	
74	79	-3	
75	79	3	
72	78	-3	
492	500	-2	
498	502	3	
494	502	2	
491	494	2	
308	316	2	
313	319	-2	
311	319	3	
80	84	-2	
83	85	-4	
82	85	3	
24	88	3	
59	123	1	
120	124	-3	
56	120	1	
465	468	4	
465	471	2	
464	470	2	
290	295	3	
291	355	-1	
354	359	3	
481	484	-3	
416	480	-3	
115	117	2	
113	117	-3	
196	204	3	
200	204	2	
200	206	-4	
198	206	-3	
193	198	-2	
403	404	-3	
404	412	2	
407	415	-2	
216	220	-3	
218	282	3	
216	280	-2	
474	476	-3	
472	479	1	
158	166	2	
159	167	2	
434	438	-2	
438	446	3	
441	447	2	
249	255	1	
371	374	-1	
374	382	-3	
375	383	-1	
371	375	-1	
35	36	-1	
35	99	3	
33	97	-2	
234	238	-3	
234	239	2	
3	5	3	
315	317	2	
315	318	3	
389	397	-2	
393	399	3	
391	399	2	
323	324	1	
324	332	3	
328	332	1	
326	334	-1	
98	101	3	
101	109	-2	
105	109	2	
298	362	1	
362	367	-4	
297	361	3	
146	149	-3	
143	151	1	
489	495	2	
27	28	-2	
24	31	2	
459	460	3	
10	13	3	
13	21	-1	
18	23	3	
257	260	2	
258	322	1	
344	348	3	
345	348	-1	
346	350	3	
275	276	-1	
274	279	-2	
130	132	-4	
131	133	2	
129	135	4	
59	63	-4	
58	62	-2	
123	127	-2	
307	371	-2	
305	369	-2	
176	182	-1	
177	182	-2	
443	507	2	
385	388	-1	
388	396	-2	
394	398	-3	
390	398	2	
17	81	3	
16	80	4	
160	224	-1	
296	301	-3	
298	301	-3	
296	302	1	
0	6	2	
64	68	-4	
75	139	1	
73	137	1	
256	260	2	
265	271	1	
256	263	3	
469	477	2	
475	477	-2	
235	236	-1	
10	14	-1	
49	53	-1	
284	292	-1	
286	294	-2	
185	188	3	
187	191	3	
187	189	2	
420	428	3	
426	430	1	
422	430	-2	
192	198	-2	
398	406	-1	
403	406	1	
399	407	1	
150	158	-2	
202	204	3	
409	413	2	
370	434	-1	
349	357	-1	
115	118	3	
112	119	1	
106	108	2	
104	111	-3	
90	93	-3	
451	453	1	
449	455	2	
170	172	3	
171	175	-3	
425	429	-3	
361	425	-2	
330	335	2	
496	500	-2	
497	501	-2	
220	228	1	
225	228	-1	
225	231	-4	
223	231	1	
289	353	2	
460	468	-1	
462	470	-1	
84	92	-1	
86	94	-2	
338	402	-2	
402	405	-2	
251	252	2	
251	315	-1	
250	314	1	
435	438	-2	
440	447	-2	
387	389	-1	
179	180	-1	
267	269	2	
259	263	-1	
146	150	1	
144	150	-2	
58	61	2	
25	30	2	
505	509	-2	
503	511	2	
411	475	2	
325	333	2	
16	20	-1	
19	83	2	
129	134	3	
427	491	-1	
488	492	-1	
355	357	-2	
305	308	-1	
1	4	2	
65	71	2	
88	152	-1	
139	143	-1	
201	205	-3	
36	44	-3	
136	142	2	
102	110	-2	
209	214	-2	
209	273	-1	
437	445	3	
372	380	2	
378	380	2	
467	468	2	
166	174	-2	
224	230	2	
227	291	-2	
250	255	2	
195	196	-3	
454	462	-2	
345	349	-1	
343	351	1	
502	510	-1	
176	181	-3	
218	222	2	
51	53	-2	
51	54	2	
49	54	2	
50	55	2	
321	327	-3	
320	326	2	
426	490	-3	
115	116	2	
392	397	-3	
2	4	2	
11	13	4	
306	370	2	
416	422	1	
480	486	1	
165	173	-2	
169	173	1	
283	347	-1	
280	344	-3	
26	29	-2	
17	21	2	
97	103	-2	
226	290	-2	
288	295	-1	
433	439	-2	
365	373	2	
368	373	2	
367	375	3	
147	148	-1	
147	151	-2	
408	412	2	
409	473	-2	
153	156	-1	
76	84	-1	
77	85	1	
352	359	-1	
353	358	2	
32	37	1	
211	275	1	
184	191	-1	
331	333	2	
482	487	-3	
78	86	-1	
79	87	-1	
178	183	-1	
299	363	-2	
361	364	-2	
243	307	1	
240	304	-2	
410	415	2	
401	407	-2	
282	346	2	
281	345	2	
89	95	2	
168	174	1	
258	262	-2	
163	164	-3	
163	227	2	
208	213	2	
443	446	1	
376	440	1	
133	141	-1	
35	39	1	
33	38	1	
136	200	2	
153	217	2	
330	334	-2	
131	195	1	
130	194	1	
504	509	-1	
91	92	-1	
233	297	1	
48	52	-2	
370	374	-1	
348	356	1	
145	149	1	
257	263	-1	
138	202	-1	
431	439	-1	
227	229	-1	
224	231	1	
18	82	1	
129	193	1	
128	192	-1	
386	390	-1	
499	502	-1	
41	45	1	
105	110	-2	
330	394	-1	
328	392	1	
210	212	-1	
364	372	1	
421	429	-1	
156	164	-1	
154	159	-1	
241	305	-1	
268	276	1	
269	277	1	
74	78	-1	
66	70	2	
113	116	1	
113	177	-2	
112	176	-2	
322	324	-1	
157	165	1	
354	357	-2	
355	419	2	
347	350	-2	
342	350	-1	
232	239	1	
203	267	-1	
201	265	2	
184	189	1	
9	15	-2	
55	63	-1	
435	436	-1	
242	244	-1	
152	216	1	
280	284	1	
419	420	1	
353	417	1	
96	101	1	
113	118	1	
408	414	1	
336	343	1	
38	46	1	
72	79	1	
403	405	-1	
161	166	1	
115	179	1	
114	178	-1	
440	444	-1	
229	237	-1	
219	221	-1	
287	295	-1	
64	69	1	
323	325	1	
466	471	-1	
307	310	-1	
457	463	-1	
203	207	-1	
233	238	1	
99	100	-1	
67	68	-1	
Energy:	-2514	
