NumberOfQubits	504	
NumberOfSubgraphs	504	
Serial	5	
PlantedSolution:	
0	-1	
1	1	
2	1	
3	-1	
4	1	
5	1	
6	1	
8	1	
9	1	
10	-1	
11	1	
12	1	
13	1	
14	1	
15	-1	
16	1	
17	-1	
18	1	
19	1	
20	1	
21	1	
22	-1	
23	-1	
24	1	
25	-1	
26	-1	
27	-1	
28	-1	
29	-1	
30	1	
31	1	
32	-1	
33	-1	
34	-1	
35	1	
36	-1	
37	-1	
38	1	
39	1	
40	1	
41	1	
42	-1	
43	1	
44	-1	
45	-1	
46	-1	
47	-1	
48	-1	
49	-1	
50	-1	
51	1	
52	1	
53	1	
54	-1	
55	1	
56	1	
57	-1	
58	1	
59	-1	
60	-1	
61	-1	
62	-1	
63	-1	
64	-1	
65	-1	
66	1	
67	1	
68	-1	
69	-1	
70	1	
71	-1	
72	1	
73	1	
74	1	
75	1	
76	1	
77	-1	
78	1	
79	-1	
80	1	
81	1	
82	-1	
83	-1	
84	1	
85	1	
86	-1	
87	-1	
88	-1	
89	1	
90	1	
91	1	
92	1	
93	1	
94	-1	
95	1	
96	-1	
97	-1	
98	-1	
99	-1	
100	1	
101	-1	
102	-1	
103	1	
104	-1	
105	-1	
106	-1	
107	-1	
108	1	
109	1	
110	1	
111	1	
112	-1	
113	1	
114	-1	
115	1	
116	-1	
117	1	
118	-1	
119	-1	
120	-1	
121	1	
123	1	
124	1	
125	-1	
126	-1	
127	-1	
128	1	
129	-1	
130	-1	
131	-1	
132	1	
133	-1	
134	-1	
135	-1	
136	-1	
137	-1	
138	-1	
139	1	
141	-1	
142	-1	
143	1	
144	-1	
145	-1	
146	-1	
147	-1	
148	1	
149	-1	
150	-1	
151	-1	
152	1	
153	-1	
154	-1	
155	1	
156	-1	
157	1	
158	1	
159	1	
160	1	
161	-1	
162	1	
163	1	
164	-1	
165	1	
166	1	
167	-1	
168	1	
169	-1	
170	1	
171	-1	
172	-1	
173	1	
174	1	
175	-1	
176	1	
177	-1	
178	1	
179	-1	
180	-1	
181	1	
182	1	
183	1	
184	1	
185	-1	
186	1	
187	-1	
188	1	
189	-1	
190	-1	
191	1	
192	1	
193	-1	
194	-1	
195	1	
196	1	
197	1	
198	-1	
199	1	
200	-1	
201	-1	
202	1	
203	1	
204	1	
205	1	
206	1	
207	-1	
208	1	
209	1	
210	1	
211	1	
212	-1	
213	-1	
214	1	
215	1	
216	-1	
217	1	
218	-1	
219	1	
220	1	
221	1	
222	-1	
223	1	
224	-1	
225	1	
226	-1	
227	1	
228	1	
229	-1	
230	-1	
231	1	
232	-1	
233	-1	
234	1	
235	-1	
236	-1	
237	-1	
238	1	
239	1	
240	1	
241	1	
242	1	
243	1	
244	1	
245	1	
246	1	
247	1	
248	-1	
249	1	
250	-1	
251	-1	
252	1	
253	-1	
254	1	
255	-1	
256	-1	
257	1	
258	1	
259	-1	
260	-1	
261	-1	
262	1	
263	1	
264	-1	
265	-1	
266	1	
267	1	
268	1	
269	1	
270	-1	
271	1	
272	-1	
273	1	
274	1	
275	1	
276	-1	
277	1	
278	-1	
279	-1	
280	1	
281	1	
282	-1	
283	-1	
284	1	
285	1	
286	-1	
287	1	
288	1	
289	1	
290	1	
291	-1	
292	-1	
293	1	
294	1	
295	-1	
296	-1	
297	-1	
298	-1	
299	1	
300	-1	
301	1	
302	1	
303	-1	
304	1	
305	1	
306	-1	
307	-1	
308	1	
309	-1	
310	1	
311	1	
312	1	
313	-1	
314	1	
315	1	
316	-1	
317	1	
318	1	
319	1	
320	1	
321	1	
322	-1	
323	-1	
324	1	
325	1	
326	-1	
327	1	
328	1	
329	1	
330	1	
331	1	
332	-1	
333	-1	
334	-1	
335	1	
336	-1	
337	-1	
338	1	
339	-1	
340	1	
341	-1	
342	1	
343	1	
344	-1	
345	-1	
346	-1	
347	-1	
348	1	
349	-1	
350	1	
351	-1	
352	1	
353	-1	
354	1	
355	-1	
356	-1	
357	-1	
358	-1	
359	1	
361	1	
362	1	
363	-1	
364	1	
365	-1	
367	-1	
368	1	
369	1	
370	-1	
371	-1	
372	-1	
373	1	
374	1	
375	1	
376	1	
377	1	
378	-1	
379	-1	
380	-1	
382	1	
383	-1	
384	-1	
385	-1	
386	1	
387	-1	
388	-1	
389	1	
390	1	
391	-1	
392	-1	
393	1	
394	1	
396	-1	
397	-1	
398	1	
399	1	
400	-1	
401	1	
402	-1	
403	1	
404	1	
405	1	
406	-1	
407	-1	
408	1	
409	1	
410	1	
411	-1	
412	-1	
413	-1	
414	-1	
415	-1	
416	-1	
417	1	
418	1	
419	-1	
420	1	
421	1	
422	1	
424	1	
425	1	
426	1	
427	-1	
428	1	
429	-1	
430	1	
431	-1	
432	-1	
433	1	
434	1	
435	1	
436	1	
437	1	
438	1	
439	-1	
440	1	
441	1	
442	1	
443	1	
444	1	
445	-1	
446	1	
447	1	
448	-1	
449	-1	
450	1	
451	-1	
452	-1	
453	-1	
454	-1	
455	-1	
456	1	
457	1	
458	1	
459	-1	
460	-1	
461	-1	
462	-1	
463	1	
464	-1	
465	1	
466	1	
467	1	
468	-1	
469	1	
470	-1	
471	-1	
472	1	
473	1	
474	-1	
475	-1	
476	-1	
477	1	
478	-1	
479	-1	
480	-1	
481	-1	
482	1	
483	-1	
484	-1	
485	-1	
486	1	
487	-1	
488	1	
489	1	
490	-1	
491	-1	
492	1	
493	-1	
494	-1	
495	-1	
496	-1	
497	-1	
498	1	
499	1	
500	-1	
501	-1	
502	1	
503	1	
504	1	
505	-1	
506	1	
507	-1	
508	-1	
509	-1	
510	1	
511	-1	
Js:	
57	62	-2	
59	62	-2	
59	123	-1	
123	127	4	
121	127	3	
57	121	2	
200	204	4	
203	204	-1	
203	267	-1	
267	268	-2	
264	268	-2	
200	264	-1	
162	165	-3	
163	165	-2	
163	227	-3	
227	231	-2	
226	231	2	
162	226	-2	
152	159	2	
155	159	-3	
155	219	-1	
219	220	-3	
216	220	2	
152	216	2	
456	460	2	
460	468	-2	
467	468	3	
467	470	3	
462	470	1	
456	462	2	
72	78	-2	
78	86	2	
80	86	3	
80	87	2	
79	87	-2	
72	79	-2	
184	188	-3	
187	188	3	
187	190	3	
185	190	-2	
185	191	4	
184	191	-2	
313	317	-3	
314	317	-3	
314	319	-3	
315	319	-4	
315	318	-1	
313	318	3	
297	300	-4	
298	300	-2	
298	303	-2	
299	303	3	
299	301	2	
297	301	2	
328	332	3	
330	332	3	
330	335	-3	
329	335	-3	
329	333	3	
328	333	3	
385	388	-3	
387	388	-3	
387	389	2	
386	389	-4	
386	390	-4	
385	390	-2	
90	93	-1	
93	101	3	
96	101	-2	
96	102	-4	
94	102	1	
90	94	3	
192	197	-2	
195	197	-3	
195	259	2	
259	260	-3	
256	260	-3	
192	256	-2	
418	420	-2	
420	428	-3	
425	428	-2	
425	430	2	
422	430	-2	
418	422	-3	
408	413	1	
409	413	3	
409	473	-2	
473	476	4	
472	476	-3	
408	472	-2	
104	108	3	
106	108	1	
106	111	4	
105	111	-1	
105	109	4	
104	109	2	
369	373	-3	
370	373	3	
370	374	3	
368	374	-2	
368	375	-3	
369	375	2	
282	286	-2	
283	286	-3	
283	347	-2	
347	350	3	
346	350	-4	
282	346	-3	
144	149	2	
146	149	-2	
146	151	-3	
145	151	-3	
145	150	-2	
144	150	-4	
392	398	3	
398	406	1	
402	406	3	
402	407	-4	
399	407	1	
392	399	4	
416	421	2	
419	421	3	
419	483	-3	
483	485	-2	
480	485	2	
416	480	-3	
129	132	3	
131	132	3	
131	133	-3	
130	133	-4	
130	135	2	
129	135	-3	
481	484	-2	
484	492	1	
490	492	-2	
490	494	-4	
486	494	2	
481	486	4	
280	284	-4	
284	292	2	
290	292	-2	
290	293	-4	
285	293	-2	
280	285	-3	
208	212	4	
210	212	3	
210	214	-2	
211	214	3	
211	213	4	
208	213	3	
40	45	1	
41	45	3	
41	46	5	
43	46	2	
43	47	-3	
40	47	3	
2	4	-3	
4	12	-3	
8	12	-3	
8	13	-3	
5	13	-2	
2	5	3	
432	439	-3	
433	439	2	
433	497	-1	
497	502	3	
496	502	1	
432	496	-2	
33	38	5	
35	38	1	
35	99	4	
99	100	2	
97	100	3	
33	97	-3	
10	14	3	
14	22	-2	
17	22	-2	
17	23	-2	
15	23	-2	
10	15	-5	
243	246	-3	
246	254	-1	
251	254	2	
251	255	-4	
247	255	-1	
243	247	-2	
48	52	3	
49	52	2	
49	53	4	
51	53	-2	
51	55	-2	
48	55	-5	
344	349	-1	
349	357	-2	
352	357	3	
352	359	-2	
351	359	2	
344	351	2	
440	445	5	
443	445	2	
443	507	2	
507	510	4	
504	510	-4	
440	504	-2	
169	173	3	
171	173	3	
171	235	-3	
235	236	-2	
233	236	-4	
169	233	1	
160	167	-2	
161	167	-3	
161	225	2	
225	228	-4	
224	228	4	
160	224	1	
112	117	-2	
115	117	-3	
115	179	3	
179	181	4	
176	181	-1	
112	176	3	
66	68	2	
68	76	4	
75	76	-2	
75	77	3	
69	77	2	
66	69	2	
27	29	-3	
29	37	-2	
34	37	-2	
34	39	-4	
31	39	-2	
27	31	3	
336	341	-2	
338	341	4	
338	342	-2	
339	342	3	
339	343	3	
336	343	2	
273	276	3	
274	276	4	
274	277	-2	
272	277	3	
272	278	-4	
273	278	2	
136	141	-4	
137	141	-3	
137	143	-2	
138	143	3	
138	142	-2	
136	142	-2	
257	262	-3	
258	262	-2	
258	322	2	
322	327	1	
321	327	-5	
257	321	2	
449	452	-3	
450	452	4	
450	454	3	
448	454	-4	
448	453	1	
449	453	-3	
434	436	-2	
435	436	-3	
435	499	-2	
499	503	-3	
498	503	3	
434	498	-1	
361	364	-2	
363	364	2	
363	365	-5	
362	365	2	
362	367	-5	
361	367	3	
377	380	4	
378	380	-5	
378	442	3	
442	446	-3	
441	446	3	
377	441	-2	
241	244	-2	
242	244	3	
242	306	3	
306	309	-3	
305	309	2	
241	305	-3	
170	172	4	
172	180	-1	
178	180	3	
178	182	-4	
174	182	-1	
170	174	2	
201	207	-4	
202	207	2	
202	266	1	
266	270	5	
265	270	-1	
201	265	-1	
153	157	3	
154	157	3	
154	218	-1	
218	221	-1	
217	221	-5	
153	217	2	
457	461	-1	
461	469	2	
464	469	3	
464	471	-5	
463	471	1	
457	463	-3	
18	21	-2	
19	21	-5	
19	83	2	
83	85	4	
82	85	2	
18	82	-3	
393	396	-2	
396	404	2	
403	404	-4	
403	405	-1	
397	405	2	
393	397	5	
289	295	3	
291	295	-1	
291	355	-2	
355	358	-3	
353	358	2	
289	353	2	
410	414	1	
411	414	-1	
411	475	-4	
475	478	1	
474	478	-2	
410	474	4	
1	6	-3	
3	6	3	
3	67	4	
67	71	-3	
65	71	-2	
1	65	2	
424	431	1	
427	431	-3	
427	491	-4	
491	495	-3	
488	495	3	
424	488	4	
114	116	-3	
116	124	4	
120	124	3	
120	126	-4	
118	126	5	
114	118	-4	
24	28	-3	
25	28	-3	
25	89	2	
89	92	-4	
88	92	3	
24	88	2	
240	245	-1	
243	245	-4	
243	307	2	
307	310	4	
304	310	-3	
240	304	2	
505	508	-3	
506	508	4	
506	509	3	
504	509	-3	
504	511	3	
505	511	-4	
193	196	2	
194	196	2	
194	199	3	
195	199	-3	
195	198	2	
193	198	-3	
56	60	5	
58	60	2	
58	61	4	
59	61	-4	
59	63	-2	
56	63	5	
248	252	4	
250	252	2	
250	253	-4	
249	253	-1	
249	254	-4	
248	254	1	
233	237	-1	
234	237	3	
234	238	-3	
232	238	3	
232	239	-1	
233	239	3	
320	324	-5	
323	324	-3	
323	326	-3	
322	326	-4	
322	325	3	
320	325	-2	
312	316	2	
315	316	3	
315	379	-2	
379	383	-4	
376	383	3	
312	376	-4	
152	156	1	
156	164	-2	
163	164	2	
163	166	-3	
158	166	2	
152	158	-3	
426	429	2	
429	437	2	
432	437	3	
432	438	2	
430	438	-2	
426	430	-3	
336	340	2	
337	340	2	
337	401	-1	
401	406	3	
400	406	-3	
336	400	-1	
256	261	-1	
261	269	4	
265	269	-3	
265	271	3	
263	271	-3	
256	263	3	
475	477	4	
477	485	4	
482	485	-1	
482	487	3	
479	487	-4	
475	479	-2	
112	119	2	
113	119	3	
113	177	2	
177	183	2	
176	183	-4	
345	348	4	
348	356	2	
354	356	-2	
354	357	1	
345	349	-2	
42	44	-4	
44	52	3	
50	52	-1	
50	54	-4	
46	54	-1	
42	46	-1	
26	30	5	
27	30	3	
27	91	2	
91	95	-1	
90	95	2	
26	90	2	
209	214	-3	
214	222	2	
217	222	2	
217	223	2	
215	223	-2	
209	215	-4	
64	70	2	
66	70	-2	
66	130	2	
130	134	1	
128	134	4	
64	128	3	
275	276	1	
276	284	-2	
281	284	-3	
281	287	-3	
279	287	2	
275	279	3	
489	492	-5	
492	500	2	
497	500	-4	
497	501	-4	
493	501	-2	
489	493	3	
288	294	-4	
294	302	-1	
296	302	-3	
296	303	-1	
295	303	-2	
288	295	3	
384	391	3	
387	391	-2	
387	451	-2	
451	455	-3	
448	455	-2	
384	448	-3	
32	36	-4	
34	36	-2	
34	98	-3	
98	103	2	
96	103	-1	
32	96	-4	
16	20	2	
17	20	3	
17	81	2	
81	84	-3	
80	84	-2	
16	80	-3	
104	110	2	
107	110	3	
107	171	1	
171	175	-3	
168	175	3	
104	168	1	
9	14	-1	
11	14	3	
11	75	-2	
73	77	2	
9	73	-3	
304	311	-2	
307	311	2	
307	371	-2	
371	372	-2	
368	372	2	
304	368	2	
401	407	-2	
402	466	4	
466	470	3	
465	470	2	
401	465	-4	
458	461	-3	
459	461	-3	
459	463	4	
456	463	-4	
458	462	4	
185	188	3	
187	189	-4	
186	189	-2	
186	191	-3	
144	148	2	
145	148	-3	
145	149	-3	
147	149	-3	
147	151	-3	
144	151	-3	
225	230	-3	
226	230	-3	
226	229	-1	
224	229	-2	
331	333	-3	
331	335	-1	
330	334	3	
329	334	3	
139	141	3	
139	203	-2	
203	205	-3	
200	205	3	
136	200	3	
409	412	2	
410	412	3	
410	413	3	
411	413	2	
411	415	-4	
409	415	2	
442	444	-3	
443	444	-2	
443	447	-2	
440	447	-3	
442	445	-2	
300	308	-2	
305	308	-3	
305	310	-2	
302	310	-1	
297	302	3	
194	197	3	
197	205	-1	
202	205	-3	
202	206	-3	
198	206	-2	
194	198	-3	
65	68	-4	
74	76	-3	
74	78	1	
70	78	-3	
65	70	3	
417	421	-2	
418	421	-3	
418	482	-3	
482	486	-2	
417	481	-1	
0	4	2	
0	5	3	
386	388	1	
388	396	-2	
394	396	4	
394	399	-3	
391	399	2	
386	391	-2	
312	318	-3	
313	377	1	
377	382	-4	
376	382	3	
121	124	2	
121	125	4	
117	125	3	
114	117	2	
274	279	2	
275	339	2	
339	340	2	
338	340	3	
274	338	-2	
494	502	-1	
499	502	-3	
495	503	1	
490	495	-4	
146	148	4	
148	156	2	
155	156	3	
155	158	-2	
150	158	-1	
146	150	-2	
19	20	-3	
20	28	3	
25	29	2	
21	29	2	
97	101	1	
101	109	1	
106	109	3	
103	111	-2	
97	103	3	
50	53	2	
53	61	2	
58	62	-4	
54	62	-3	
216	221	3	
219	221	-2	
219	283	3	
283	287	2	
280	287	1	
216	280	2	
91	92	-1	
91	94	5	
88	94	1	
88	93	2	
89	93	-3	
236	244	2	
242	247	-2	
239	247	-3	
235	239	3	
208	215	-2	
209	273	-2	
208	272	-1	
344	348	5	
355	356	-3	
350	358	-2	
344	350	2	
451	454	2	
451	453	-5	
36	44	2	
40	44	2	
39	47	1	
32	39	2	
258	260	2	
260	268	3	
267	271	1	
258	263	-3	
82	84	3	
83	84	3	
81	85	2	
81	86	3	
82	86	-3	
259	261	-3	
266	269	-2	
262	270	2	
259	262	3	
160	164	3	
161	164	-2	
162	167	-2	
162	166	-1	
160	166	-3	
18	22	4	
22	30	1	
26	31	2	
23	31	-2	
18	23	2	
473	478	3	
474	479	-2	
472	479	1	
288	292	1	
291	292	-3	
291	294	3	
290	294	2	
288	293	-2	
64	69	-2	
67	69	3	
67	131	-1	
131	135	-3	
128	135	2	
426	428	-2	
426	431	3	
427	429	1	
425	429	3	
433	436	-4	
436	444	-2	
441	444	-2	
441	447	-2	
439	447	3	
465	468	3	
467	471	2	
465	469	-2	
249	252	-2	
251	252	-1	
251	253	-2	
250	255	-2	
249	255	3	
177	180	-3	
179	182	-1	
177	181	3	
507	508	-2	
505	510	2	
506	511	2	
362	364	-4	
363	367	-3	
361	365	2	
385	389	2	
389	397	2	
393	398	-3	
390	398	-2	
309	317	4	
311	319	-2	
306	311	-4	
369	372	2	
370	372	-3	
371	373	-2	
371	374	2	
369	374	-3	
353	359	2	
353	417	4	
417	420	3	
416	420	1	
352	416	3	
234	298	3	
298	301	4	
296	301	-3	
232	296	-4	
113	118	1	
123	126	2	
119	127	-4	
168	172	2	
170	173	2	
169	174	3	
168	174	-4	
324	332	2	
328	334	-1	
326	334	-2	
320	326	1	
98	100	2	
100	108	1	
105	108	4	
105	110	2	
102	110	2	
98	102	-2	
281	285	-1	
282	285	2	
346	351	-1	
345	351	-2	
281	345	-2	
192	196	-4	
196	204	-2	
201	204	2	
199	207	3	
192	199	4	
218	222	-3	
222	230	-2	
227	230	3	
223	231	-3	
218	223	-2	
9	15	-4	
10	74	1	
74	79	2	
73	79	2	
416	422	3	
419	422	-2	
483	484	-4	
480	484	-2	
404	412	3	
408	412	3	
408	415	2	
407	415	-2	
403	407	3	
498	500	-2	
498	501	2	
52	60	2	
55	63	1	
379	380	2	
378	383	-2	
378	382	1	
138	141	-3	
139	143	-4	
137	142	-3	
33	37	2	
37	45	-3	
38	46	2	
240	244	-3	
242	245	-2	
241	245	-3	
241	246	-2	
240	246	-3	
1	4	-3	
1	5	-2	
2	6	-3	
0	6	2	
186	188	-2	
186	190	3	
184	189	4	
338	343	1	
337	343	3	
337	342	3	
336	342	3	
323	325	2	
321	325	-3	
320	327	-3	
435	438	-2	
434	438	-3	
434	437	-2	
433	437	-2	
392	396	-2	
394	458	-2	
458	460	2	
392	456	-2	
211	212	2	
210	213	2	
153	156	-2	
154	156	2	
155	157	-1	
153	159	3	
130	132	5	
128	133	4	
129	134	3	
424	430	-2	
427	430	1	
491	493	-3	
488	493	3	
400	405	-3	
405	413	2	
409	414	2	
406	414	-3	
51	115	-2	
113	117	2	
49	113	2	
57	63	-4	
120	125	-3	
56	120	-1	
42	45	-3	
43	45	4	
43	107	2	
106	110	-2	
42	106	-2	
308	316	3	
313	316	-3	
165	173	-2	
168	173	-2	
167	175	-2	
163	167	2	
8	14	-2	
72	77	3	
8	72	-2	
474	477	2	
481	485	-3	
481	487	2	
457	460	-2	
459	460	-3	
458	463	-1	
457	462	4	
193	257	1	
257	260	1	
99	101	2	
99	103	2	
95	103	-2	
89	95	-2	
443	446	2	
507	509	-4	
442	506	-1	
16	23	3	
19	23	-1	
83	87	-3	
228	236	2	
232	236	-2	
232	237	-2	
229	237	-2	
225	229	3	
289	292	3	
292	300	1	
299	300	2	
264	270	-1	
267	270	2	
267	331	-3	
264	328	3	
275	277	-2	
277	285	-2	
283	285	-2	
278	286	-2	
275	278	2	
28	36	-1	
35	36	3	
35	37	3	
24	29	3	
384	388	-3	
385	449	-2	
449	455	-4	
354	358	3	
354	359	-2	
347	351	-3	
64	71	-3	
0	64	-3	
212	220	-2	
216	223	2	
210	215	-3	
202	204	2	
203	206	-4	
374	382	-2	
375	383	2	
371	375	3	
176	182	-2	
182	190	3	
183	191	2	
496	500	-4	
498	502	-4	
496	503	4	
185	189	-2	
185	249	1	
184	248	-2	
466	469	-1	
467	469	-3	
464	470	1	
466	471	2	
435	437	2	
499	501	3	
496	501	-1	
394	397	-2	
251	315	-2	
250	314	2	
221	229	1	
227	229	-3	
370	375	-1	
368	373	-2	
170	175	2	
235	237	-3	
170	234	-2	
289	293	-2	
291	293	2	
355	357	-2	
353	357	-3	
258	261	2	
257	263	3	
346	349	-3	
347	349	-3	
347	411	1	
410	415	2	
346	410	1	
476	484	-2	
483	486	-1	
478	486	2	
73	78	-3	
81	87	2	
107	109	-2	
107	111	2	
104	111	3	
265	268	2	
268	276	2	
273	277	-3	
269	277	-2	
112	116	-4	
123	124	-3	
201	206	2	
240	247	3	
241	247	-1	
280	344	1	
24	30	-3	
90	92	1	
164	172	1	
169	172	-3	
166	174	-1	
362	426	-1	
425	431	3	
361	425	-1	
134	142	-2	
139	142	2	
135	143	2	
332	340	2	
335	343	1	
10	12	3	
11	12	-2	
11	13	-2	
9	13	-3	
438	446	-2	
434	439	2	
387	390	3	
450	453	-2	
386	450	-1	
401	405	-2	
402	405	2	
466	468	2	
17	21	1	
16	22	2	
35	39	-1	
99	102	2	
179	180	-2	
178	181	2	
178	183	-2	
304	308	-2	
307	308	1	
306	310	1	
152	157	-3	
154	159	1	
154	158	-2	
424	428	-2	
424	429	3	
421	429	1	
57	60	-2	
59	60	-3	
51	54	3	
115	118	2	
50	114	-2	
224	231	4	
226	290	2	
224	288	1	
98	162	2	
161	165	2	
97	161	1	
323	327	3	
321	326	-2	
299	302	-3	
299	363	2	
297	361	-2	
43	44	1	
41	47	1	
40	46	3	
441	445	2	
441	505	-1	
504	508	2	
67	68	-1	
352	356	1	
354	418	-3	
72	76	-1	
74	138	3	
136	143	-1	
72	136	2	
488	494	1	
489	494	3	
129	133	-1	
131	195	2	
193	197	3	
129	193	2	
408	414	3	
403	406	-1	
218	220	3	
218	282	-2	
333	341	-2	
339	341	-2	
334	342	1	
331	334	2	
25	31	4	
89	94	-1	
147	150	-2	
147	211	1	
209	213	2	
145	209	-1	
248	253	-2	
314	318	-2	
248	312	-1	
480	487	-2	
271	279	1	
264	271	3	
379	443	2	
33	39	2	
32	38	2	
448	452	-2	
452	460	-1	
454	462	-1	
82	87	1	
80	85	-2	
384	390	1	
385	391	-3	
123	125	2	
49	55	-1	
47	55	2	
42	47	-2	
3	5	-2	
453	461	-1	
455	463	-1	
281	286	2	
272	279	-2	
266	271	1	
266	330	-2	
265	329	2	
491	494	1	
487	495	-1	
249	313	1	
141	149	-1	
142	150	-1	
66	71	3	
128	132	1	
465	471	1	
400	464	-1	
356	364	1	
359	367	2	
355	359	2	
92	100	2	
88	95	3	
474	476	-2	
419	420	2	
48	53	2	
113	116	2	
48	112	-2	
18	20	-1	
370	434	-2	
369	433	-2	
91	155	-2	
90	154	3	
242	246	-1	
305	311	-2	
98	101	-1	
208	214	-1	
162	164	2	
13	21	-2	
19	22	1	
187	191	1	
257	261	2	
256	262	2	
393	399	-2	
169	175	-2	
57	61	2	
75	79	3	
74	77	2	
176	180	2	
179	183	2	
192	198	2	
282	284	1	
287	295	-2	
282	287	2	
157	165	-1	
161	166	2	
153	158	2	
499	500	-1	
231	239	1	
298	302	1	
297	303	-2	
379	382	2	
321	324	-2	
211	275	2	
473	477	1	
403	467	1	
437	445	1	
435	439	2	
264	269	2	
267	269	1	
331	332	1	
482	484	-1	
425	489	1	
290	354	-1	
352	358	2	
288	352	1	
243	244	-1	
244	252	1	
245	253	1	
384	389	-2	
364	372	3	
365	373	-2	
312	317	2	
304	309	1	
500	508	-1	
503	511	-1	
450	455	2	
449	454	-2	
26	28	1	
27	28	-1	
9	12	-1	
11	15	-1	
219	222	2	
216	222	-1	
146	210	1	
144	208	-1	
73	76	-2	
131	134	2	
456	461	2	
137	201	-2	
325	333	-2	
327	335	-2	
426	490	1	
432	436	1	
469	477	-1	
472	477	-2	
472	478	-2	
470	478	-2	
195	196	-2	
194	258	-1	
181	189	2	
184	190	-1	
177	182	1	
233	238	2	
230	238	1	
149	157	1	
151	159	2	
160	165	-2	
97	102	1	
286	294	2	
280	286	-1	
341	349	1	
343	351	2	
400	404	2	
417	422	-2	
121	126	1	
115	119	2	
270	278	1	
2	66	-3	
85	93	-2	
87	95	2	
505	509	2	
506	510	-2	
16	21	-2	
314	378	1	
376	380	-1	
250	254	-2	
248	255	-2	
296	300	-1	
480	486	-1	
75	139	1	
392	397	-1	
464	468	2	
337	341	1	
273	337	2	
259	323	-1	
220	228	-2	
138	202	-1	
96	100	2	
238	246	-2	
427	428	1	
497	503	2	
290	295	1	
473	479	2	
471	479	1	
8	15	2	
30	38	-1	
34	38	1	
24	31	-1	
440	444	-1	
377	383	1	
50	55	1	
272	336	2	
217	281	1	
171	174	-1	
328	335	-2	
307	309	-1	
310	318	-1	
200	207	-1	
394	398	1	
322	324	-2	
256	320	1	
345	409	-1	
344	408	1	
6	14	1	
51	52	-1	
56	62	-1	
178	242	-1	
177	241	-1	
475	476	-1	
433	438	1	
107	108	2	
26	29	-2	
353	356	1	
491	492	-1	
147	148	-1	
393	457	-2	
65	69	-1	
3	4	1	
180	188	1	
376	440	-1	
201	205	1	
49	54	-1	
340	348	-1	
171	172	-1	
234	239	1	
41	105	1	
40	104	-1	
88	152	1	
225	289	-2	
274	278	1	
210	274	-1	
329	332	1	
412	420	-1	
413	421	1	
371	435	1	
314	316	1	
312	319	-2	
313	319	1	
75	78	1	
71	79	-1	
367	375	1	
266	268	1	
91	93	-1	
86	94	1	
187	251	-1	
204	212	1	
205	213	1	
345	350	1	
219	223	1	
237	245	-1	
235	238	1	
306	308	1	
301	309	1	
488	492	1	
490	493	-1	
402	404	1	
159	167	-1	
206	214	1	
207	215	1	
203	207	1	
120	127	-1	
114	119	-1	
368	432	1	
84	92	1	
64	68	-1	
96	160	-1	
357	365	1	
330	333	1	
227	291	1	
233	297	-1	
108	116	-1	
112	118	-1	
110	118	1	
25	30	-1	
193	199	-1	
Energy:	-2116	
