NumberOfQubits	504	
NumberOfSubgraphs	504	
Serial	247	
PlantedSolution:	
0	-1	
1	1	
2	1	
3	1	
4	1	
5	1	
6	-1	
8	-1	
9	-1	
10	-1	
11	1	
12	1	
13	1	
14	1	
15	1	
16	-1	
17	1	
18	1	
19	-1	
20	1	
21	1	
22	-1	
23	-1	
24	1	
25	1	
26	1	
27	-1	
28	1	
29	1	
30	-1	
31	1	
32	-1	
33	-1	
34	-1	
35	-1	
36	-1	
37	-1	
38	1	
39	-1	
40	-1	
41	1	
42	1	
43	1	
44	1	
45	1	
46	1	
47	-1	
48	1	
49	-1	
50	-1	
51	1	
52	1	
53	1	
54	-1	
55	1	
56	-1	
57	1	
58	-1	
59	-1	
60	-1	
61	-1	
62	-1	
63	-1	
64	-1	
65	1	
66	1	
67	-1	
68	-1	
69	-1	
70	1	
71	-1	
72	1	
73	-1	
74	-1	
75	-1	
76	1	
77	1	
78	1	
79	-1	
80	-1	
81	-1	
82	-1	
83	-1	
84	1	
85	-1	
86	-1	
87	1	
88	-1	
89	-1	
90	1	
91	-1	
92	-1	
93	1	
94	1	
95	-1	
96	1	
97	1	
98	1	
99	1	
100	-1	
101	1	
102	-1	
103	1	
104	-1	
105	-1	
106	-1	
107	1	
108	1	
109	-1	
110	-1	
111	1	
112	-1	
113	1	
114	1	
115	1	
116	-1	
117	1	
118	-1	
119	1	
120	1	
121	-1	
123	-1	
124	-1	
125	-1	
126	-1	
127	1	
128	-1	
129	1	
130	-1	
131	1	
132	1	
133	-1	
134	1	
135	1	
136	1	
137	-1	
138	-1	
139	-1	
141	-1	
142	-1	
143	-1	
144	-1	
145	1	
146	1	
147	1	
148	1	
149	-1	
150	1	
151	-1	
152	1	
153	-1	
154	1	
155	-1	
156	1	
157	1	
158	-1	
159	-1	
160	-1	
161	-1	
162	1	
163	-1	
164	1	
165	1	
166	1	
167	-1	
168	1	
169	1	
170	-1	
171	1	
172	-1	
173	1	
174	1	
175	1	
176	-1	
177	-1	
178	1	
179	-1	
180	1	
181	1	
182	1	
183	-1	
184	1	
185	1	
186	1	
187	1	
188	1	
189	-1	
190	-1	
191	1	
192	1	
193	-1	
194	1	
195	-1	
196	-1	
197	1	
198	-1	
199	1	
200	-1	
201	1	
202	1	
203	-1	
204	-1	
205	1	
206	1	
207	-1	
208	1	
209	1	
210	-1	
211	-1	
212	-1	
213	-1	
214	-1	
215	-1	
216	-1	
217	-1	
218	1	
219	-1	
220	-1	
221	-1	
222	-1	
223	1	
224	1	
225	1	
226	1	
227	-1	
228	1	
229	-1	
230	-1	
231	1	
232	-1	
233	-1	
234	1	
235	1	
236	1	
237	1	
238	1	
239	1	
240	-1	
241	1	
242	-1	
243	-1	
244	-1	
245	1	
246	1	
247	-1	
248	1	
249	-1	
250	-1	
251	1	
252	-1	
253	1	
254	-1	
255	1	
256	-1	
257	-1	
258	-1	
259	1	
260	-1	
261	1	
262	-1	
263	-1	
264	1	
265	-1	
266	1	
267	-1	
268	-1	
269	-1	
270	-1	
271	1	
272	1	
273	1	
274	-1	
275	-1	
276	1	
277	-1	
278	-1	
279	1	
280	1	
281	1	
282	1	
283	-1	
284	1	
285	-1	
286	1	
287	-1	
288	-1	
289	1	
290	1	
291	-1	
292	1	
293	-1	
294	-1	
295	1	
296	-1	
297	1	
298	-1	
299	1	
300	1	
301	1	
302	-1	
303	-1	
304	-1	
305	-1	
306	-1	
307	-1	
308	1	
309	1	
310	-1	
311	-1	
312	1	
313	-1	
314	-1	
315	1	
316	-1	
317	1	
318	-1	
319	-1	
320	1	
321	1	
322	-1	
323	-1	
324	-1	
325	1	
326	-1	
327	1	
328	-1	
329	-1	
330	-1	
331	-1	
332	1	
333	1	
334	-1	
335	1	
336	-1	
337	-1	
338	-1	
339	1	
340	1	
341	-1	
342	-1	
343	1	
344	1	
345	1	
346	1	
347	1	
348	-1	
349	-1	
350	1	
351	1	
352	1	
353	-1	
354	-1	
355	-1	
356	-1	
357	1	
358	-1	
359	1	
361	1	
362	1	
363	-1	
364	1	
365	-1	
367	-1	
368	1	
369	1	
370	1	
371	1	
372	1	
373	-1	
374	-1	
375	-1	
376	1	
377	-1	
378	-1	
379	-1	
380	-1	
382	1	
383	-1	
384	-1	
385	-1	
386	-1	
387	-1	
388	-1	
389	1	
390	1	
391	-1	
392	1	
393	-1	
394	1	
396	1	
397	1	
398	1	
399	1	
400	1	
401	-1	
402	1	
403	-1	
404	-1	
405	-1	
406	-1	
407	-1	
408	-1	
409	-1	
410	-1	
411	1	
412	1	
413	-1	
414	-1	
415	-1	
416	1	
417	1	
418	-1	
419	-1	
420	1	
421	1	
422	-1	
424	-1	
425	1	
426	-1	
427	-1	
428	1	
429	-1	
430	-1	
431	-1	
432	1	
433	-1	
434	1	
435	-1	
436	1	
437	1	
438	1	
439	-1	
440	1	
441	1	
442	-1	
443	-1	
444	-1	
445	1	
446	1	
447	-1	
448	1	
449	1	
450	-1	
451	-1	
452	1	
453	1	
454	-1	
455	1	
456	1	
457	-1	
458	-1	
459	1	
460	1	
461	-1	
462	1	
463	-1	
464	1	
465	1	
466	1	
467	1	
468	1	
469	1	
470	1	
471	1	
472	1	
473	1	
474	1	
475	1	
476	-1	
477	-1	
478	1	
479	-1	
480	-1	
481	-1	
482	-1	
483	1	
484	-1	
485	-1	
486	-1	
487	1	
488	1	
489	-1	
490	1	
491	-1	
492	1	
493	-1	
494	-1	
495	1	
496	-1	
497	1	
498	1	
499	-1	
500	-1	
501	-1	
502	-1	
503	-1	
504	-1	
505	1	
506	1	
507	-1	
508	-1	
509	1	
510	1	
511	1	
Js:	
401	404	2	
403	404	-4	
403	406	-1	
402	406	3	
402	407	3	
401	407	-2	
81	84	4	
82	84	3	
82	86	-3	
80	86	-2	
80	87	4	
81	87	-2	
488	492	-3	
489	492	3	
489	494	-3	
491	494	-3	
491	495	3	
488	495	-4	
41	44	-4	
42	44	-3	
42	106	1	
106	109	-3	
105	109	3	
41	105	2	
113	117	-2	
115	117	-2	
115	119	2	
114	119	-4	
114	118	2	
113	118	2	
497	500	4	
498	500	3	
498	502	-1	
499	502	-4	
499	503	-1	
497	503	3	
433	437	4	
437	445	-2	
443	445	3	
443	447	2	
439	447	-3	
433	439	-2	
88	92	-3	
92	100	2	
97	100	4	
97	102	3	
94	102	3	
88	94	2	
0	4	3	
2	4	-4	
2	66	-3	
66	70	-3	
64	70	4	
0	64	1	
161	167	-4	
162	167	4	
162	226	-1	
226	230	-2	
225	230	4	
161	225	3	
370	372	-2	
371	372	-2	
371	375	4	
368	375	3	
368	373	3	
370	373	2	
10	12	-5	
11	12	-5	
11	75	1	
75	77	3	
74	77	3	
10	74	-1	
273	277	5	
275	277	-5	
275	279	-2	
274	279	3	
274	278	-3	
273	278	3	
89	93	3	
93	101	-3	
98	101	2	
98	103	-3	
95	103	2	
89	95	-3	
216	220	-3	
219	220	-1	
219	221	-4	
218	221	-3	
218	223	-4	
216	223	2	
296	300	3	
297	300	3	
297	301	-3	
299	301	-3	
299	303	2	
296	303	-4	
282	287	2	
283	287	-4	
283	347	2	
347	351	4	
346	351	-3	
282	346	-3	
345	349	3	
349	357	-4	
353	357	2	
353	358	-3	
350	358	4	
345	350	-3	
257	260	-2	
260	268	-4	
264	268	2	
264	270	2	
262	270	-4	
257	262	2	
169	172	2	
170	172	-3	
170	173	3	
168	173	-3	
168	174	-3	
169	174	-2	
450	454	-4	
454	462	1	
456	462	-3	
456	463	-3	
455	463	3	
450	455	3	
177	180	1	
179	180	3	
179	182	3	
178	182	2	
178	181	-3	
177	181	3	
241	244	-2	
244	252	-2	
248	252	1	
248	255	-4	
247	255	2	
241	247	2	
200	206	1	
206	214	-1	
210	214	-2	
210	215	-4	
207	215	-1	
200	207	-3	
386	388	-4	
387	388	-3	
387	391	-4	
384	391	2	
384	389	4	
386	389	3	
32	36	-3	
33	36	-2	
33	38	2	
35	38	3	
35	39	3	
32	39	-3	
233	237	-3	
234	237	-6	
234	239	-3	
232	239	3	
232	238	2	
233	238	2	
376	380	3	
378	380	-3	
378	383	-2	
379	383	-5	
379	382	3	
376	382	-2	
153	156	-2	
154	156	-2	
154	159	2	
152	159	3	
152	157	-2	
153	157	2	
464	469	-2	
469	477	2	
472	477	3	
472	479	3	
471	479	3	
464	471	1	
312	316	3	
314	316	-3	
314	319	-3	
313	319	-3	
313	318	-3	
312	318	-3	
440	444	2	
441	444	3	
441	505	-2	
505	511	-3	
504	511	-3	
440	504	3	
16	20	2	
20	28	1	
26	28	-3	
26	29	-4	
21	29	-1	
16	21	5	
482	485	-2	
483	485	2	
483	486	3	
481	486	-2	
481	487	-3	
482	487	3	
288	292	4	
289	292	-3	
289	293	-3	
291	293	-3	
291	295	3	
288	295	4	
194	196	3	
195	196	-4	
195	259	-3	
259	263	2	
258	263	-2	
194	258	3	
57	60	3	
58	60	-4	
58	63	3	
59	63	-3	
59	62	-5	
57	62	3	
130	134	4	
134	142	-2	
136	142	4	
136	143	3	
135	143	3	
130	135	3	
265	271	3	
267	271	-1	
267	331	-3	
331	335	4	
329	335	3	
265	329	-2	
146	148	-4	
147	148	-3	
147	150	-3	
144	150	2	
144	149	-3	
146	149	3	
337	340	5	
338	340	3	
338	343	3	
339	343	-4	
339	342	4	
337	342	3	
304	308	3	
307	308	3	
307	311	-2	
305	311	3	
305	310	-2	
304	310	-3	
242	245	2	
245	253	1	
250	253	5	
250	254	-3	
246	254	3	
242	246	4	
361	364	-4	
363	364	2	
363	427	-1	
427	428	-2	
425	428	-3	
361	425	-2	
408	412	4	
412	420	-3	
418	420	3	
418	422	-4	
414	422	-3	
408	414	-3	
186	188	5	
187	188	-1	
187	189	4	
184	189	2	
184	191	-2	
186	191	-3	
321	325	-3	
322	325	2	
322	326	-4	
323	326	4	
323	327	4	
321	327	-3	
48	53	1	
51	53	-4	
51	54	3	
49	54	-2	
49	55	2	
48	55	-4	
203	204	-3	
204	212	-1	
208	212	2	
208	213	3	
205	213	1	
203	205	-3	
8	14	3	
9	14	3	
9	73	-1	
73	76	5	
72	76	-3	
8	72	-1	
392	396	-4	
394	396	3	
394	398	-2	
393	398	2	
393	399	3	
392	399	-2	
40	47	-2	
43	47	4	
43	107	-1	
107	108	-3	
104	108	4	
40	104	2	
65	71	-2	
67	71	-2	
67	131	3	
131	133	3	
129	133	3	
65	129	-4	
120	124	-2	
121	124	-4	
121	125	-3	
123	125	-3	
123	127	4	
120	127	-3	
160	164	4	
163	164	2	
163	227	-3	
227	228	3	
224	228	-2	
160	224	-1	
19	22	4	
22	30	-1	
27	30	-2	
27	31	2	
23	31	1	
19	23	-3	
448	452	2	
452	460	-1	
458	460	5	
458	461	-2	
453	461	3	
448	453	-5	
409	415	-3	
410	415	-2	
410	474	3	
474	476	-2	
473	476	1	
409	473	3	
352	359	1	
355	359	4	
355	419	-2	
419	421	4	
416	421	-4	
352	416	-3	
281	284	2	
283	284	2	
283	285	-2	
280	285	2	
280	286	-2	
281	286	-2	
465	468	-3	
466	468	-2	
466	471	-4	
467	471	3	
467	470	-4	
465	470	-3	
328	332	4	
330	332	3	
330	333	-4	
329	333	2	
329	334	-4	
328	334	-3	
506	508	3	
507	508	-4	
507	509	-3	
504	509	3	
504	510	4	
506	510	-3	
426	429	-2	
427	429	-2	
427	430	3	
424	430	-3	
424	431	-3	
426	431	-4	
432	436	2	
435	436	4	
435	439	-1	
434	439	3	
434	438	-2	
432	438	-3	
192	197	-4	
194	197	2	
194	199	-2	
193	199	4	
193	198	-3	
192	198	3	
137	141	3	
138	141	-4	
138	202	3	
202	204	3	
201	204	1	
137	201	3	
145	151	3	
147	151	2	
147	211	2	
211	214	2	
209	214	3	
145	209	-1	
3	4	-2	
3	5	-4	
1	5	-3	
1	6	2	
0	6	4	
153	158	3	
155	158	-4	
155	219	-3	
219	222	-2	
217	222	-3	
153	217	-2	
185	190	-3	
187	190	3	
187	251	-1	
251	252	3	
249	252	-4	
185	249	1	
297	302	3	
298	302	-4	
298	362	3	
362	365	-2	
361	365	3	
297	361	-1	
289	294	2	
290	294	3	
290	354	2	
354	356	-4	
353	356	-2	
289	353	-1	
171	172	1	
172	180	2	
176	180	4	
176	183	2	
175	183	2	
171	175	-4	
306	309	2	
309	317	-3	
315	317	-2	
315	319	2	
311	319	-2	
306	311	-3	
34	37	-2	
37	45	2	
42	45	-1	
42	46	3	
38	46	-2	
34	38	2	
272	276	-5	
274	276	2	
274	338	-2	
338	341	-4	
336	341	-4	
272	336	2	
400	405	1	
405	413	1	
411	413	3	
411	415	3	
407	415	-2	
400	407	1	
256	261	3	
257	261	2	
257	321	2	
321	324	3	
320	324	2	
256	320	-1	
385	390	3	
387	390	2	
387	451	-3	
451	452	3	
449	452	4	
385	449	3	
475	476	3	
476	484	-2	
480	484	-4	
480	486	-1	
478	486	-3	
475	478	-3	
490	493	2	
493	501	-1	
496	501	3	
496	502	-3	
494	502	-1	
490	494	3	
48	52	-2	
50	52	3	
50	114	2	
114	116	-2	
112	116	-3	
48	112	1	
99	102	2	
102	110	-1	
106	110	3	
106	111	3	
103	111	-3	
99	103	-3	
18	20	-3	
19	20	3	
19	83	-2	
83	85	2	
82	85	-4	
18	82	1	
64	68	-3	
65	68	-4	
129	132	-3	
128	132	5	
64	128	-1	
235	236	-4	
236	244	2	
243	244	-1	
243	247	-2	
239	247	-1	
235	239	-2	
377	382	4	
378	382	-2	
378	442	-2	
442	446	3	
441	446	-3	
377	441	2	
9	13	3	
13	21	-1	
17	21	2	
17	23	4	
15	23	1	
9	15	5	
56	61	-4	
57	61	3	
57	121	1	
121	126	-5	
120	126	3	
56	120	-1	
66	69	4	
69	77	4	
75	78	-3	
70	78	-4	
160	165	2	
161	165	2	
162	166	-3	
160	166	4	
368	372	-2	
369	372	3	
369	374	3	
371	374	3	
371	373	2	
24	28	-2	
26	31	2	
25	31	-4	
25	30	3	
24	30	4	
344	348	2	
347	348	4	
347	350	1	
344	349	3	
221	229	-2	
227	229	-2	
227	231	2	
223	231	-2	
202	207	3	
202	266	-1	
266	269	2	
264	269	-3	
200	264	2	
89	92	-2	
90	92	4	
90	94	-2	
91	94	-3	
91	93	3	
392	397	2	
393	397	4	
393	457	-3	
457	462	2	
392	456	-2	
32	37	-3	
35	37	-2	
35	99	2	
99	101	2	
96	101	-2	
32	96	2	
139	142	-1	
142	150	1	
145	150	4	
143	151	-1	
139	143	-2	
417	421	-2	
417	481	2	
481	484	-2	
416	480	-3	
176	181	2	
178	242	-2	
240	246	2	
176	240	-1	
74	76	-1	
74	79	-5	
72	79	3	
72	78	-2	
73	78	2	
459	461	3	
459	463	3	
448	455	-3	
354	357	1	
357	365	1	
363	365	-4	
363	367	-3	
359	367	3	
354	359	-2	
59	60	-2	
56	63	2	
58	61	-2	
40	44	2	
105	108	2	
251	255	4	
251	315	-1	
315	316	3	
248	312	-1	
272	278	-2	
278	286	3	
281	287	2	
279	287	2	
272	279	-2	
192	196	-1	
195	198	-1	
193	197	2	
505	509	-2	
506	511	-2	
411	412	2	
411	475	-2	
472	478	-2	
408	472	2	
442	444	-2	
443	444	-2	
440	447	4	
440	445	-2	
442	445	2	
11	13	-2	
8	13	4	
10	14	3	
299	300	-3	
300	308	1	
305	308	2	
305	309	3	
301	309	-2	
339	340	-2	
336	342	-3	
337	341	1	
400	406	-4	
401	406	-2	
401	465	4	
464	470	-2	
400	464	-2	
498	503	4	
496	503	-2	
497	501	1	
290	293	3	
288	294	2	
225	228	-3	
225	231	-1	
226	231	-3	
224	230	3	
424	429	-3	
425	429	-1	
425	430	2	
426	430	-3	
232	237	2	
234	298	-1	
298	303	-3	
232	296	-2	
80	85	-2	
81	85	-3	
81	86	1	
83	86	-3	
83	87	3	
434	436	-2	
435	437	-2	
433	438	2	
259	260	2	
266	268	2	
261	269	-3	
259	261	-3	
146	210	-1	
210	213	-3	
144	208	2	
113	116	3	
115	116	4	
112	119	3	
112	118	-3	
33	39	-3	
34	39	-2	
34	98	3	
98	100	-1	
33	97	3	
49	52	3	
50	54	2	
49	53	2	
152	156	-4	
154	157	2	
155	157	3	
152	158	1	
177	182	3	
182	190	2	
185	191	-3	
183	191	2	
177	183	-3	
320	325	-3	
325	333	-2	
330	334	-2	
326	334	-1	
320	326	2	
490	492	4	
491	492	1	
488	493	3	
169	173	-3	
171	173	-1	
171	174	3	
170	174	2	
170	175	3	
169	175	-2	
209	212	-3	
211	212	-3	
211	275	-1	
209	273	-1	
322	324	-4	
324	332	-2	
328	335	2	
327	335	-1	
322	327	1	
385	388	1	
384	390	1	
419	422	-3	
419	483	3	
483	487	-3	
418	482	-2	
409	414	3	
410	414	-1	
474	477	1	
473	477	3	
130	132	-2	
131	134	-4	
128	133	-3	
258	262	-3	
265	270	-2	
263	271	3	
402	405	3	
403	405	-3	
403	467	2	
467	469	-2	
466	469	-4	
402	466	-2	
280	284	-4	
282	284	1	
344	351	-2	
280	344	-2	
240	245	2	
243	245	5	
243	307	-2	
307	310	-2	
240	304	2	
249	253	1	
250	314	-1	
314	318	-2	
249	313	1	
24	29	-2	
27	29	3	
27	91	-3	
91	95	2	
88	95	-3	
24	88	2	
139	141	-3	
139	203	-2	
203	206	3	
201	206	-2	
3	67	2	
67	68	-3	
1	65	-2	
379	380	-2	
377	383	1	
394	397	-3	
394	458	3	
457	460	3	
355	356	-3	
356	364	2	
362	364	2	
362	367	4	
43	45	-3	
45	53	-2	
50	53	2	
50	55	1	
47	55	-2	
451	454	-3	
449	455	-1	
217	220	-3	
217	223	3	
218	222	2	
216	222	-2	
107	109	1	
107	110	2	
104	110	-2	
104	111	-2	
184	188	-4	
186	189	3	
185	189	2	
18	23	2	
18	22	3	
16	22	-2	
123	124	-3	
123	126	-1	
120	125	2	
369	373	3	
370	375	-3	
368	374	4	
232	236	-1	
233	236	4	
235	238	-4	
161	164	1	
163	165	3	
163	166	-2	
352	358	4	
353	417	3	
417	420	4	
416	420	-3	
396	404	3	
403	407	-2	
399	407	2	
394	399	-1	
67	69	-2	
71	79	3	
138	142	-1	
202	205	1	
200	205	3	
136	200	2	
312	317	-3	
310	318	-3	
306	310	-2	
34	36	-3	
98	102	-3	
96	102	2	
192	199	-2	
258	260	-3	
256	260	1	
192	256	2	
179	243	-2	
241	245	-2	
177	241	-1	
275	276	2	
276	284	-2	
277	285	1	
25	29	1	
26	90	-3	
25	89	2	
267	269	-2	
331	332	2	
264	328	2	
1	4	-3	
2	5	-2	
0	5	2	
340	348	1	
343	351	-1	
292	300	-2	
299	302	2	
294	302	-2	
477	485	-1	
481	485	-3	
479	487	2	
473	479	2	
438	446	-2	
440	446	2	
432	439	2	
144	148	3	
211	215	-3	
208	215	-2	
320	327	-3	
323	387	-2	
320	384	3	
426	428	1	
426	490	1	
490	495	-2	
489	495	2	
425	489	-2	
499	501	-2	
501	509	3	
502	510	-1	
459	460	1	
460	468	-1	
464	468	-3	
461	469	1	
114	117	-1	
117	125	-2	
119	127	-2	
250	252	-2	
249	255	2	
249	254	-3	
42	47	4	
43	46	-2	
41	46	-3	
145	149	2	
149	157	2	
153	159	-2	
151	159	-4	
80	84	2	
168	172	2	
400	404	3	
398	406	1	
392	398	-4	
224	229	2	
222	230	1	
409	413	-3	
413	421	2	
130	133	-2	
128	135	2	
56	60	2	
59	61	-2	
8	12	2	
8	15	2	
226	228	-2	
226	290	-3	
225	289	-2	
434	437	-2	
434	498	-2	
433	497	2	
331	333	2	
443	507	-2	
507	510	2	
442	506	-3	
482	484	-3	
482	486	-2	
480	485	-3	
201	205	-2	
203	267	-1	
267	270	-3	
201	265	2	
109	117	3	
112	117	2	
110	118	-2	
105	110	-2	
90	93	1	
91	155	-1	
154	158	3	
90	154	-1	
468	476	2	
472	476	2	
352	357	-3	
344	350	-2	
307	371	3	
369	375	2	
305	369	1	
75	76	2	
75	139	-2	
73	137	-3	
314	378	-1	
377	380	3	
313	377	-2	
179	181	2	
178	183	3	
241	246	-2	
238	246	-1	
96	100	3	
97	101	-2	
96	103	-3	
491	493	-3	
156	164	-2	
162	164	-3	
159	167	1	
323	325	2	
195	197	2	
257	263	-2	
193	257	-2	
184	190	4	
339	341	2	
337	343	3	
410	412	3	
410	413	-3	
408	415	2	
283	286	2	
273	279	1	
25	28	2	
27	28	2	
24	31	-2	
51	52	-2	
51	115	-2	
49	113	-1	
240	247	-3	
242	247	-2	
242	306	-1	
306	308	3	
40	45	3	
40	46	3	
296	301	-2	
64	71	-2	
385	389	-2	
386	450	-2	
449	454	2	
435	499	-3	
499	500	-2	
496	500	-1	
432	496	3	
281	285	-3	
282	285	3	
346	348	2	
345	348	2	
281	345	-3	
48	54	2	
54	62	-2	
58	62	-1	
55	63	2	
459	462	-3	
462	470	-2	
463	471	2	
210	274	-1	
208	272	1	
212	220	-2	
215	223	1	
209	215	1	
424	428	4	
427	431	-2	
2	6	3	
3	6	-2	
16	23	-3	
169	233	1	
168	232	2	
84	92	1	
86	94	-1	
315	379	3	
376	383	4	
312	376	2	
354	418	-2	
131	135	-1	
198	206	4	
201	207	2	
199	207	3	
401	405	2	
465	469	-1	
390	398	-3	
391	399	-2	
226	229	1	
227	291	-1	
291	292	-1	
290	292	-1	
256	262	-2	
266	270	2	
266	271	2	
256	263	-3	
35	36	-2	
33	37	-2	
370	374	3	
448	454	2	
449	453	-2	
163	167	2	
475	477	2	
473	478	-1	
474	478	-2	
10	13	1	
11	14	-2	
11	15	2	
106	108	-1	
107	111	-3	
248	253	-4	
251	254	2	
458	463	-1	
229	237	2	
231	239	2	
224	231	-2	
443	446	2	
267	268	-2	
258	261	1	
214	222	-2	
384	388	-2	
388	396	2	
389	397	-1	
196	204	3	
200	204	-1	
197	205	-2	
291	355	2	
355	357	1	
288	352	1	
313	317	-2	
314	317	2	
17	20	-3	
17	81	1	
68	76	1	
73	77	1	
64	69	1	
420	428	1	
421	429	1	
89	153	-1	
88	152	1	
74	138	-1	
136	141	1	
72	136	2	
348	356	1	
354	358	-1	
346	350	-2	
240	244	-2	
242	244	3	
265	268	-1	
266	330	-1	
330	335	2	
185	188	-1	
187	191	-2	
43	44	-2	
41	45	1	
52	60	1	
497	502	-2	
30	38	2	
31	39	-1	
105	111	-1	
107	171	-2	
105	169	2	
259	323	-1	
99	100	3	
115	118	2	
328	333	1	
333	341	1	
338	342	-1	
334	342	1	
285	293	-1	
286	294	1	
282	286	-2	
488	494	1	
129	135	-1	
429	437	1	
430	438	1	
178	180	-1	
304	311	-1	
304	309	-2	
364	372	-2	
365	373	-2	
82	146	-1	
80	144	-2	
202	206	1	
90	95	1	
161	166	2	
227	230	-1	
53	61	-1	
436	444	-1	
441	447	1	
154	218	-2	
385	391	-3	
10	15	2	
137	143	-2	
18	21	-3	
17	22	2	
209	213	3	
208	214	2	
234	238	-2	
456	461	1	
336	340	-1	
474	479	2	
66	68	1	
66	71	1	
65	70	-1	
164	172	2	
165	173	1	
251	253	1	
248	254	1	
500	508	1	
505	508	3	
298	301	-1	
299	363	2	
108	116	1	
284	292	-1	
287	295	-1	
268	276	1	
271	279	-2	
264	271	1	
241	305	-1	
347	411	-1	
411	414	1	
344	408	1	
451	455	2	
28	36	-2	
425	431	2	
427	491	-2	
489	493	-2	
131	195	-1	
130	194	1	
174	182	1	
179	183	-2	
146	150	-1	
150	158	1	
146	151	2	
370	434	1	
368	432	-1	
458	462	1	
457	461	2	
220	228	-1	
441	445	-1	
435	438	2	
470	478	1	
44	52	-1	
83	84	-2	
57	63	2	
56	62	-3	
504	508	-1	
505	510	-2	
507	511	1	
259	262	1	
216	221	-1	
152	216	-1	
417	422	1	
397	405	2	
315	318	1	
46	54	1	
5	13	-1	
6	14	1	
194	198	1	
361	367	-2	
228	236	-1	
233	239	3	
274	277	1	
273	337	2	
483	484	-1	
173	181	1	
129	134	-1	
321	385	2	
450	452	2	
295	303	-1	
289	295	-1	
75	79	1	
72	77	-1	
210	212	-1	
211	213	-1	
160	167	1	
306	370	1	
329	332	-1	
331	334	-1	
113	119	-1	
114	178	-1	
113	177	-1	
376	440	-1	
29	37	1	
145	148	-1	
147	149	2	
275	339	2	
336	343	-1	
433	436	2	
19	21	2	
386	390	-1	
265	269	-2	
498	501	2	
506	509	1	
503	511	1	
293	301	1	
296	302	-1	
291	294	-2	
104	168	1	
218	282	-1	
280	287	1	
216	280	-1	
346	349	2	
133	141	1	
138	143	-1	
65	69	-1	
416	422	1	
123	187	1	
120	184	1	
225	229	-1	
230	238	1	
82	87	2	
313	316	-1	
312	319	2	
270	278	-1	
442	447	-2	
137	142	1	
51	55	1	
74	78	1	
116	124	-1	
121	127	-1	
372	380	1	
374	382	1	
195	199	1	
168	175	1	
171	235	-1	
432	437	-1	
101	109	1	
104	109	-1	
288	293	-1	
224	288	-2	
362	426	1	
155	156	-1	
162	165	-1	
157	165	-1	
485	493	1	
486	494	-1	
353	359	1	
351	359	-1	
321	326	-1	
322	386	-1	
386	391	-1	
213	221	1	
217	221	-1	
89	94	1	
180	188	1	
176	182	1	
303	311	-1	
297	303	1	
338	402	1	
336	400	1	
450	453	1	
451	453	1	
131	132	-2	
128	134	-1	
32	38	-1	
118	126	-1	
456	460	1	
106	170	-1	
304	368	-1	
81	145	1	
406	414	-1	
379	443	1	
428	436	1	
431	439	-1	
492	500	1	
495	503	1	
181	189	-1	
418	421	-1	
233	297	1	
345	351	-1	
193	196	-1	
148	156	1	
467	468	1	
465	471	-1	
166	174	1	
186	250	1	
184	248	-1	
85	93	1	
88	93	1	
87	95	-1	
424	488	1	
480	487	1	
100	108	-1	
235	237	1	
323	324	1	
Energy:	-2106	
