NumberOfQubits	504	
NumberOfSubgraphs	672	
Serial	79	
PlantedSolution:	
0	1	
1	1	
2	1	
3	-1	
4	-1	
5	-1	
6	1	
8	1	
9	1	
10	-1	
11	-1	
12	-1	
13	-1	
14	-1	
15	1	
16	1	
17	-1	
18	1	
19	1	
20	-1	
21	1	
22	1	
23	1	
24	-1	
25	1	
26	1	
27	-1	
28	1	
29	1	
30	-1	
31	1	
32	1	
33	-1	
34	-1	
35	-1	
36	1	
37	-1	
38	-1	
39	-1	
40	1	
41	1	
42	-1	
43	-1	
44	-1	
45	1	
46	1	
47	-1	
48	1	
49	1	
50	1	
51	1	
52	1	
53	-1	
54	-1	
55	1	
56	1	
57	1	
58	-1	
59	1	
60	-1	
61	1	
62	-1	
63	1	
64	1	
65	-1	
66	1	
67	1	
68	1	
69	-1	
70	-1	
71	1	
72	-1	
73	1	
74	-1	
75	1	
76	1	
77	1	
78	-1	
79	1	
80	-1	
81	-1	
82	-1	
83	-1	
84	-1	
85	1	
86	-1	
87	1	
88	-1	
89	-1	
90	-1	
91	-1	
92	-1	
93	-1	
94	1	
95	-1	
96	1	
97	1	
98	-1	
99	-1	
100	-1	
101	1	
102	1	
103	1	
104	-1	
105	-1	
106	-1	
107	-1	
108	-1	
109	-1	
110	-1	
111	-1	
112	1	
113	1	
114	-1	
115	1	
116	-1	
117	1	
118	1	
119	-1	
120	1	
121	-1	
123	-1	
124	-1	
125	1	
126	-1	
127	-1	
128	-1	
129	1	
130	-1	
131	-1	
132	-1	
133	-1	
134	-1	
135	1	
136	1	
137	-1	
138	-1	
139	1	
141	1	
142	-1	
143	1	
144	-1	
145	1	
146	1	
147	-1	
148	-1	
149	1	
150	1	
151	1	
152	1	
153	1	
154	-1	
155	-1	
156	1	
157	1	
158	-1	
159	1	
160	1	
161	-1	
162	-1	
163	1	
164	-1	
165	-1	
166	1	
167	1	
168	-1	
169	1	
170	1	
171	1	
172	-1	
173	-1	
174	1	
175	1	
176	1	
177	-1	
178	1	
179	-1	
180	1	
181	-1	
182	-1	
183	-1	
184	1	
185	1	
186	1	
187	-1	
188	1	
189	-1	
190	-1	
191	1	
192	1	
193	1	
194	-1	
195	-1	
196	1	
197	1	
198	-1	
199	-1	
200	1	
201	-1	
202	1	
203	1	
204	1	
205	1	
206	1	
207	-1	
208	1	
209	-1	
210	1	
211	-1	
212	1	
213	-1	
214	-1	
215	1	
216	-1	
217	-1	
218	-1	
219	-1	
220	1	
221	-1	
222	1	
223	1	
224	-1	
225	-1	
226	-1	
227	-1	
228	-1	
229	-1	
230	1	
231	-1	
232	-1	
233	1	
234	1	
235	1	
236	1	
237	-1	
238	-1	
239	-1	
240	1	
241	-1	
242	-1	
243	1	
244	1	
245	1	
246	1	
247	-1	
248	1	
249	1	
250	-1	
251	-1	
252	1	
253	-1	
254	1	
255	1	
256	1	
257	1	
258	1	
259	1	
260	-1	
261	-1	
262	-1	
263	-1	
264	1	
265	-1	
266	-1	
267	1	
268	-1	
269	-1	
270	1	
271	-1	
272	-1	
273	1	
274	-1	
275	1	
276	-1	
277	1	
278	1	
279	1	
280	-1	
281	-1	
282	-1	
283	-1	
284	1	
285	-1	
286	1	
287	1	
288	-1	
289	1	
290	1	
291	-1	
292	1	
293	-1	
294	-1	
295	-1	
296	-1	
297	-1	
298	1	
299	-1	
300	-1	
301	1	
302	-1	
303	1	
304	-1	
305	-1	
306	-1	
307	1	
308	1	
309	1	
310	-1	
311	1	
312	1	
313	-1	
314	-1	
315	-1	
316	-1	
317	1	
318	-1	
319	1	
320	-1	
321	1	
322	1	
323	1	
324	-1	
325	1	
326	-1	
327	-1	
328	-1	
329	-1	
330	1	
331	1	
332	-1	
333	-1	
334	-1	
335	-1	
336	1	
337	-1	
338	-1	
339	-1	
340	-1	
341	-1	
342	1	
343	1	
344	1	
345	1	
346	1	
347	-1	
348	-1	
349	1	
350	-1	
351	1	
352	1	
353	-1	
354	1	
355	1	
356	1	
357	-1	
358	-1	
359	-1	
361	1	
362	-1	
363	1	
364	1	
365	1	
367	-1	
368	-1	
369	1	
370	-1	
371	-1	
372	-1	
373	1	
374	1	
375	-1	
376	-1	
377	1	
378	1	
379	1	
380	1	
382	-1	
383	1	
384	1	
385	1	
386	1	
387	1	
388	-1	
389	-1	
390	1	
391	1	
392	1	
393	1	
394	-1	
396	1	
397	1	
398	-1	
399	1	
400	1	
401	1	
402	-1	
403	1	
404	1	
405	-1	
406	1	
407	-1	
408	1	
409	1	
410	-1	
411	1	
412	-1	
413	-1	
414	-1	
415	-1	
416	1	
417	-1	
418	-1	
419	-1	
420	-1	
421	1	
422	-1	
424	1	
425	1	
426	-1	
427	-1	
428	-1	
429	1	
430	-1	
431	-1	
432	1	
433	1	
434	-1	
435	1	
436	1	
437	-1	
438	-1	
439	-1	
440	1	
441	-1	
442	1	
443	-1	
444	1	
445	-1	
446	-1	
447	-1	
448	1	
449	-1	
450	1	
451	-1	
452	-1	
453	1	
454	1	
455	1	
456	-1	
457	-1	
458	1	
459	1	
460	-1	
461	-1	
462	1	
463	-1	
464	-1	
465	1	
466	1	
467	1	
468	1	
469	-1	
470	-1	
471	-1	
472	1	
473	-1	
474	-1	
475	-1	
476	-1	
477	1	
478	1	
479	-1	
480	-1	
481	-1	
482	-1	
483	-1	
484	1	
485	-1	
486	1	
487	-1	
488	-1	
489	1	
490	-1	
491	1	
492	-1	
493	-1	
494	-1	
495	-1	
496	1	
497	1	
498	-1	
499	-1	
500	-1	
501	1	
502	-1	
503	-1	
504	-1	
505	-1	
506	1	
507	1	
508	-1	
509	-1	
510	-1	
511	-1	
Js:	
432	436	-5	
433	436	-4	
433	497	-4	
497	500	-3	
496	500	3	
432	496	-2	
10	12	-5	
12	20	-1	
17	20	-4	
17	21	5	
13	21	2	
10	13	3	
281	285	2	
283	285	-5	
283	286	2	
280	286	6	
280	287	5	
281	287	3	
178	180	-4	
180	188	-2	
186	188	-5	
186	191	-4	
183	191	3	
178	183	5	
458	460	-4	
459	460	2	
459	463	3	
457	463	-3	
457	462	3	
458	462	-2	
489	492	4	
491	492	4	
491	493	4	
488	493	-4	
488	494	-3	
489	494	-4	
43	44	-5	
44	52	-2	
48	52	-5	
48	54	3	
46	54	3	
43	46	3	
329	332	-3	
330	332	4	
330	334	6	
331	334	3	
331	335	3	
329	335	-4	
464	469	-4	
466	469	3	
466	471	4	
465	471	5	
465	470	5	
464	470	5	
440	445	4	
442	445	5	
442	447	4	
443	447	-3	
443	446	-3	
440	446	2	
345	351	2	
347	351	3	
347	411	2	
411	412	4	
409	412	4	
345	409	-1	
321	324	4	
322	324	2	
322	327	5	
320	327	-2	
320	326	-3	
321	326	3	
475	477	3	
477	485	-2	
481	485	-2	
481	486	3	
478	486	-4	
475	478	2	
169	172	3	
171	172	4	
171	235	2	
235	238	3	
233	238	3	
169	233	-2	
232	236	3	
236	244	-4	
243	244	-4	
243	245	-3	
237	245	-2	
232	237	-2	
313	317	3	
314	317	3	
314	318	-3	
315	318	2	
315	319	4	
313	319	5	
505	509	-3	
506	509	4	
506	510	-3	
504	510	-3	
504	511	-3	
505	511	-4	
154	156	-3	
156	164	2	
160	164	2	
160	167	-3	
159	167	-3	
154	159	3	
64	68	-1	
65	68	3	
65	129	2	
129	135	-4	
128	135	4	
64	128	-2	
368	374	7	
374	382	2	
376	382	-4	
376	383	4	
375	383	3	
368	375	-3	
352	356	-4	
356	364	1	
362	364	8	
362	365	4	
357	365	2	
352	357	3	
219	222	-4	
222	230	-3	
225	230	4	
225	231	-3	
223	231	3	
219	223	5	
96	100	4	
99	100	-1	
99	102	4	
98	102	-3	
98	101	4	
96	101	-3	
336	340	2	
337	340	-2	
337	342	-5	
339	342	3	
339	343	6	
336	343	-3	
424	428	4	
426	428	-4	
426	429	4	
425	429	-4	
425	430	-3	
424	430	4	
2	4	4	
3	4	-5	
3	5	4	
1	5	5	
1	6	-4	
2	6	-7	
202	205	-5	
203	205	1	
203	207	5	
200	207	5	
200	206	-3	
202	206	-3	
192	197	-5	
195	197	6	
195	199	-4	
193	199	5	
193	198	-2	
192	198	5	
248	253	2	
251	253	-3	
251	255	-4	
250	255	4	
250	254	5	
248	254	-5	
384	388	3	
386	388	4	
386	391	-3	
385	391	-5	
385	389	4	
384	389	4	
50	55	-4	
51	55	-4	
51	115	-3	
115	118	-3	
114	118	3	
50	114	4	
112	116	2	
116	124	-5	
123	124	-6	
123	127	1	
119	127	-5	
112	119	2	
267	268	3	
268	276	1	
274	276	-5	
274	279	3	
271	279	2	
267	271	5	
16	22	-4	
18	22	-3	
18	82	4	
82	84	-5	
80	84	-5	
16	80	-3	
224	229	-2	
227	229	-4	
227	291	3	
291	293	-4	
288	293	-3	
224	288	-2	
209	212	2	
211	212	4	
211	214	-2	
210	214	-4	
210	213	5	
209	213	-3	
25	30	5	
27	30	-3	
27	91	-3	
91	95	-3	
89	95	-4	
25	89	-2	
56	60	6	
59	60	4	
59	62	-5	
58	62	-6	
58	61	5	
56	61	-5	
298	301	4	
301	309	-3	
305	309	2	
305	310	-5	
302	310	-2	
298	302	3	
33	36	4	
34	36	-4	
34	37	-4	
32	37	4	
32	39	3	
33	39	-3	
256	260	-4	
257	260	3	
257	262	5	
259	262	3	
259	263	4	
256	263	4	
400	404	-2	
403	404	-2	
403	405	2	
401	405	2	
401	406	-3	
400	406	3	
416	420	4	
419	420	-4	
419	421	5	
417	421	5	
417	422	-3	
416	422	-6	
144	149	4	
145	149	4	
145	150	-3	
147	150	3	
147	151	3	
144	151	4	
449	452	-4	
450	452	6	
450	454	-2	
451	454	3	
451	453	-5	
449	453	4	
297	300	-3	
300	308	3	
307	308	-3	
307	311	-3	
303	311	2	
297	303	1	
74	77	-3	
75	77	-4	
75	139	-4	
139	141	-5	
138	141	4	
74	138	-2	
105	108	-4	
106	108	-5	
106	110	-2	
107	110	-6	
107	111	2	
105	111	-3	
472	476	3	
476	484	2	
482	484	6	
482	487	2	
479	487	-4	
472	479	4	
8	15	-5	
9	15	-4	
9	73	-3	
73	76	-2	
72	76	4	
8	72	-1	
266	269	-5	
269	277	2	
272	277	4	
272	278	-4	
270	278	-1	
266	270	3	
344	350	4	
346	350	3	
346	410	1	
410	415	-4	
408	415	5	
344	408	2	
83	85	1	
85	93	-4	
90	93	-2	
90	94	3	
86	94	2	
83	86	-7	
152	158	4	
153	158	3	
153	217	2	
217	220	6	
216	220	4	
152	216	-2	
120	126	-1	
121	126	-5	
121	185	1	
185	190	3	
184	190	5	
120	184	-1	
370	373	3	
371	373	3	
371	435	2	
435	439	6	
434	439	-3	
370	434	-2	
66	71	-3	
67	71	-2	
67	131	2	
131	132	-6	
130	132	2	
66	130	2	
170	173	2	
173	181	-3	
176	181	4	
176	182	2	
174	182	3	
170	174	1	
393	397	-5	
394	397	-2	
394	399	5	
392	399	-3	
392	398	3	
393	398	2	
289	292	-3	
290	292	-1	
290	354	-2	
354	358	5	
353	358	-5	
289	353	-2	
40	45	4	
41	45	-6	
41	47	3	
42	47	-4	
42	46	3	
40	46	-5	
496	501	-3	
498	501	2	
498	502	-5	
499	502	-3	
499	503	3	
496	503	4	
97	103	-2	
99	103	3	
99	163	2	
163	166	-2	
161	166	-2	
97	161	4	
240	244	-3	
242	244	2	
242	246	2	
241	246	4	
241	247	5	
240	247	3	
24	28	5	
26	28	-5	
26	90	3	
90	92	-4	
88	92	-3	
24	88	-4	
136	142	4	
137	142	-4	
137	201	-3	
201	204	4	
200	204	-3	
136	200	-2	
377	380	-7	
379	380	-6	
379	443	3	
443	444	5	
441	444	4	
377	441	-1	
361	367	6	
363	367	5	
363	427	2	
427	431	-5	
425	431	-2	
361	425	-2	
338	340	-4	
340	348	3	
347	348	-1	
347	349	2	
341	349	2	
338	341	-5	
168	175	5	
170	175	-4	
170	234	-3	
234	239	3	
232	239	-3	
168	232	1	
49	53	6	
53	61	2	
57	61	-3	
57	63	-4	
55	63	-2	
49	55	-2	
113	117	-4	
115	117	-2	
115	179	4	
179	181	-1	
177	181	-3	
113	177	-1	
264	268	3	
265	268	-4	
265	329	-4	
329	333	4	
328	333	-3	
264	328	5	
155	156	4	
162	164	-3	
162	165	-4	
157	165	-1	
155	157	5	
11	14	-4	
14	22	1	
19	22	3	
19	23	-4	
15	23	-2	
11	15	5	
194	196	4	
195	196	3	
195	259	1	
259	261	2	
258	261	-4	
194	258	3	
185	189	4	
187	189	-4	
187	251	-2	
251	252	3	
249	252	-6	
185	249	3	
74	78	2	
78	86	-2	
81	86	-3	
81	87	2	
79	87	-3	
74	79	5	
320	325	3	
323	325	3	
323	387	-3	
387	390	-3	
384	390	-4	
320	384	1	
456	460	-4	
460	468	3	
467	468	-4	
467	469	3	
461	469	1	
456	461	-3	
218	221	-5	
219	221	-4	
219	283	1	
283	284	3	
282	284	4	
218	282	-1	
144	148	1	
146	148	3	
146	210	-3	
210	215	-3	
208	215	-4	
144	208	3	
30	38	-2	
35	38	-6	
35	39	-2	
31	39	2	
25	31	2	
304	308	3	
308	316	4	
312	316	3	
312	317	2	
309	317	-4	
304	309	1	
411	413	3	
413	421	1	
418	421	4	
418	422	-4	
414	422	-2	
411	414	-2	
225	228	-4	
226	228	5	
226	290	2	
290	295	4	
289	295	3	
225	289	3	
480	485	-4	
485	493	2	
490	493	-2	
490	495	-4	
487	495	-2	
480	487	-2	
305	311	4	
306	311	3	
306	370	3	
370	372	-5	
369	372	3	
305	369	2	
392	396	-3	
396	404	-2	
402	404	4	
402	407	3	
399	407	3	
288	294	4	
291	294	-2	
291	355	2	
355	359	3	
352	359	4	
288	352	2	
128	133	-4	
133	141	2	
138	143	4	
135	143	-2	
435	436	2	
435	437	1	
433	437	5	
433	438	2	
432	438	5	
101	109	2	
104	109	-5	
104	111	2	
103	111	4	
96	103	-5	
296	300	-3	
299	300	-3	
299	302	-3	
297	302	3	
297	301	5	
296	301	3	
474	476	-2	
475	476	-6	
475	479	-2	
473	479	2	
473	477	3	
474	477	4	
273	277	-4	
273	278	3	
275	278	-2	
275	279	-2	
272	279	5	
505	508	-4	
506	508	-3	
507	509	4	
507	511	2	
448	454	-5	
454	462	4	
456	462	3	
456	463	-2	
455	463	4	
448	455	-4	
66	68	-5	
67	68	4	
67	69	3	
64	69	3	
64	70	5	
66	70	3	
379	383	-2	
378	383	-5	
378	382	5	
377	382	-2	
21	29	3	
27	29	4	
27	31	4	
23	31	-3	
17	23	1	
112	117	-3	
117	125	4	
121	125	3	
118	126	4	
112	118	-3	
0	4	4	
1	4	3	
2	5	-2	
0	6	-3	
418	420	-3	
419	483	-5	
483	484	-1	
418	482	-4	
129	132	3	
131	134	-4	
130	134	4	
130	133	-5	
129	133	4	
172	180	3	
178	182	-2	
169	174	-2	
72	77	-4	
77	85	-1	
80	85	3	
80	87	3	
72	79	2	
267	270	-4	
267	331	2	
331	332	3	
266	330	3	
313	316	-2	
315	316	-4	
312	318	6	
312	319	-3	
163	165	3	
163	227	2	
226	229	-3	
162	226	-3	
336	341	4	
338	342	3	
337	343	4	
40	44	2	
41	44	3	
43	47	-4	
43	45	2	
194	197	1	
258	260	2	
192	256	-1	
205	213	-2	
209	214	-2	
206	214	2	
344	348	2	
346	348	5	
346	351	-2	
345	349	-4	
344	349	-3	
464	468	4	
466	468	-4	
427	428	-2	
426	431	4	
424	429	-2	
153	159	-4	
154	218	-3	
218	220	3	
145	148	3	
147	148	-4	
146	150	-4	
146	149	-2	
323	326	2	
385	390	1	
321	385	-2	
281	284	-4	
282	286	3	
203	204	-3	
204	212	-2	
208	212	-4	
207	215	2	
363	365	-3	
365	373	-5	
369	373	4	
369	375	3	
367	375	-3	
498	500	3	
499	500	-4	
499	501	4	
497	501	-4	
497	503	2	
498	503	-4	
238	246	4	
243	246	-3	
243	247	3	
239	247	-2	
235	239	-4	
450	455	-3	
448	453	-2	
353	356	4	
354	356	-3	
354	357	-2	
355	357	4	
355	358	3	
388	396	-5	
393	396	-3	
389	397	3	
386	389	3	
8	12	4	
11	12	-3	
11	13	-4	
9	13	4	
9	14	-2	
8	14	4	
249	253	-3	
250	253	-5	
248	255	-5	
249	255	-2	
88	95	-2	
91	155	-3	
152	157	-3	
88	152	-3	
51	52	-4	
51	53	2	
49	54	3	
400	405	4	
405	413	-3	
408	413	4	
408	414	3	
406	414	4	
73	78	4	
75	78	3	
139	142	-4	
73	137	2	
104	110	-3	
107	171	2	
171	173	3	
168	173	-2	
104	168	2	
114	116	4	
120	124	4	
120	127	6	
114	119	-3	
488	492	-3	
490	492	-3	
489	495	3	
58	60	-1	
59	63	-2	
56	63	-4	
441	445	2	
441	446	-5	
442	446	3	
440	447	4	
240	245	-4	
242	245	3	
242	306	3	
306	310	-3	
304	310	-4	
240	304	3	
32	36	-5	
33	37	-4	
35	37	-3	
32	38	-2	
184	188	-4	
187	191	3	
187	190	5	
89	92	-2	
92	100	-2	
98	100	-5	
94	102	-3	
89	94	5	
410	412	3	
410	474	-3	
474	478	3	
473	478	3	
409	473	5	
18	20	2	
19	20	3	
19	83	4	
83	84	1	
257	261	2	
261	269	-4	
264	269	3	
264	271	3	
263	271	3	
257	263	3	
216	222	-3	
224	230	3	
224	231	-3	
216	223	3	
322	325	-3	
325	333	3	
328	335	-4	
327	335	-4	
298	303	-4	
299	303	4	
299	363	2	
363	364	-2	
298	362	3	
394	398	-6	
394	458	-2	
458	461	3	
457	461	-4	
393	457	4	
417	420	-3	
417	481	-5	
480	486	-3	
416	480	4	
371	372	-3	
371	374	4	
370	375	-2	
27	28	-2	
24	29	2	
24	31	2	
26	31	-3	
158	166	-2	
160	166	-3	
152	159	-3	
42	45	3	
42	106	1	
106	109	-2	
105	109	-3	
41	105	3	
339	403	3	
403	407	4	
401	407	3	
337	401	3	
192	196	-3	
193	196	4	
194	199	-3	
194	198	-4	
429	437	3	
434	437	-5	
434	438	-3	
430	438	2	
233	236	-4	
234	236	-5	
234	238	2	
232	238	-3	
233	237	-2	
209	215	5	
211	215	-1	
211	275	2	
275	276	6	
273	276	2	
209	273	3	
177	182	-4	
179	182	4	
179	183	-2	
176	183	3	
504	508	-4	
507	508	4	
507	510	3	
505	510	4	
65	69	-2	
65	71	4	
284	292	-3	
288	292	4	
285	293	-3	
314	316	-3	
314	378	4	
312	376	4	
113	116	3	
123	125	5	
136	141	-4	
141	149	-1	
143	151	3	
136	143	-4	
289	294	2	
294	302	-2	
296	302	-3	
296	303	3	
295	303	-2	
97	100	-3	
98	162	-1	
161	164	-3	
403	467	-2	
402	466	3	
361	365	-4	
359	367	-1	
354	359	3	
201	206	3	
203	206	3	
203	267	-1	
265	270	3	
201	265	-2	
4	12	2	
10	14	-4	
6	14	1	
3	6	3	
81	85	2	
88	93	-3	
87	95	4	
436	444	-3	
439	447	-2	
50	52	-3	
52	60	-1	
57	60	4	
50	53	2	
320	324	3	
324	332	-3	
326	334	-4	
491	494	2	
494	502	-2	
496	502	2	
495	503	-2	
491	495	4	
220	228	1	
221	229	-1	
216	221	-3	
243	307	-2	
307	310	2	
241	305	-2	
387	391	-3	
387	451	3	
451	455	3	
449	455	2	
385	449	4	
106	170	3	
169	175	-2	
105	169	-1	
347	350	-4	
411	415	2	
472	478	-4	
483	486	-3	
483	487	-4	
275	277	-4	
34	38	-2	
33	38	-3	
459	461	4	
459	462	-5	
458	463	3	
74	76	4	
75	76	3	
73	77	-2	
73	79	-3	
128	132	-5	
129	134	-2	
16	20	4	
20	28	2	
25	28	-3	
22	30	-2	
258	262	3	
258	263	2	
402	405	-4	
397	405	1	
392	397	3	
161	165	-2	
160	165	4	
96	160	1	
315	379	2	
313	377	2	
234	237	3	
235	237	5	
233	239	2	
419	422	-2	
483	485	-3	
442	506	-2	
440	504	2	
217	221	-3	
218	222	1	
217	223	3	
91	92	-3	
155	158	-2	
154	158	2	
90	154	-2	
177	183	-2	
178	242	2	
177	241	-4	
282	287	3	
282	346	3	
346	349	-2	
281	345	3	
434	498	-2	
497	502	3	
57	62	3	
59	123	2	
123	126	-4	
57	121	2	
48	55	2	
115	119	1	
48	112	-3	
465	469	3	
467	470	3	
464	471	-2	
196	204	-2	
202	204	-2	
197	205	-1	
193	197	-3	
265	271	2	
81	84	-3	
82	146	2	
81	145	3	
409	413	-2	
410	413	-3	
298	300	2	
307	309	-4	
16	21	-2	
16	23	-3	
386	390	-5	
386	450	-3	
448	452	3	
384	448	2	
184	189	2	
186	189	4	
186	250	-1	
184	248	-2	
43	107	-2	
107	109	1	
40	104	2	
68	76	-3	
72	78	-3	
70	78	-2	
67	70	3	
208	213	2	
492	500	-2	
493	501	-2	
0	5	6	
1	65	-4	
64	71	-4	
0	64	-3	
227	228	-2	
227	230	3	
323	327	2	
321	327	1	
355	356	2	
353	359	-3	
425	428	4	
426	430	-2	
427	430	-4	
142	150	2	
137	143	5	
339	340	-2	
336	342	-4	
481	484	4	
368	373	1	
89	93	-1	
93	101	2	
99	101	-4	
166	174	-4	
168	174	4	
167	175	-3	
163	167	-4	
280	285	2	
290	293	3	
290	294	4	
286	294	2	
50	54	-3	
113	118	-3	
49	113	-2	
176	180	-3	
195	198	-3	
198	206	2	
199	207	1	
438	446	-3	
36	44	1	
42	44	-3	
39	47	-2	
34	39	-4	
398	406	2	
400	407	3	
259	260	-4	
260	268	-3	
266	268	-2	
244	252	-3	
245	253	3	
17	22	3	
17	81	-3	
121	127	-4	
56	120	2	
411	475	-3	
408	472	-3	
291	292	3	
292	300	2	
291	295	-2	
134	142	-2	
361	364	-3	
297	361	1	
451	452	-2	
452	460	-1	
104	108	-2	
106	111	-3	
105	110	2	
328	332	-2	
331	333	3	
328	334	-2	
274	277	2	
274	278	4	
273	279	-4	
148	156	3	
153	156	-3	
153	157	-2	
149	157	-2	
147	149	-3	
9	12	3	
306	308	-2	
304	311	4	
504	509	-4	
506	511	4	
185	188	-3	
187	188	2	
184	191	-2	
185	191	-2	
490	494	-3	
489	493	4	
345	348	3	
344	351	-5	
345	350	3	
385	388	-2	
387	388	2	
387	389	2	
3	67	2	
66	69	4	
2	66	1	
401	404	3	
404	412	3	
409	414	3	
138	202	4	
201	205	3	
82	85	3	
251	315	-2	
315	317	4	
250	314	-1	
450	453	-2	
453	461	-1	
115	116	-1	
179	180	2	
112	176	-3	
435	499	2	
262	270	4	
35	99	-2	
34	98	-2	
120	125	-4	
113	119	3	
59	61	-3	
58	63	4	
233	297	3	
232	296	-4	
51	54	3	
48	53	3	
368	372	-2	
369	374	2	
280	284	2	
281	286	3	
248	252	-2	
247	255	-1	
242	247	-2	
482	485	-3	
128	134	-2	
130	194	-1	
128	192	1	
378	442	2	
376	440	2	
163	164	-3	
164	172	-3	
171	175	-3	
256	262	-1	
257	321	-2	
321	325	-4	
256	320	4	
154	157	3	
155	219	1	
432	439	2	
431	439	-2	
210	212	-1	
208	214	2	
83	87	3	
75	79	-2	
400	464	1	
473	476	-3	
224	228	-3	
288	295	-1	
24	30	3	
26	30	1	
394	396	1	
390	398	3	
165	173	-2	
169	173	4	
162	166	3	
311	319	-2	
150	158	1	
151	159	2	
146	151	-2	
179	243	1	
5	13	-1	
443	507	3	
441	505	-3	
131	135	2	
131	195	-1	
129	193	1	
139	203	-3	
289	293	3	
393	399	-2	
457	460	-2	
392	456	4	
426	490	-2	
488	495	3	
424	488	3	
362	367	1	
96	102	-1	
102	110	3	
322	326	4	
330	335	-1	
218	223	3	
217	222	3	
18	23	-3	
18	21	-2	
265	269	-1	
240	246	-2	
33	97	2	
32	96	-2	
69	77	4	
71	79	-1	
178	181	-3	
181	189	-2	
349	357	3	
351	359	-2	
410	414	-2	
409	415	3	
437	445	2	
443	445	-1	
84	92	-2	
91	93	-4	
259	323	-2	
323	324	4	
379	382	-3	
377	383	-4	
332	340	-1	
333	341	1	
427	429	-1	
427	491	2	
425	489	-1	
25	29	-4	
29	37	-1	
229	237	-4	
231	239	-2	
227	231	-2	
211	213	-4	
54	62	-1	
282	285	2	
283	347	-2	
306	309	2	
307	371	2	
8	13	2	
10	15	-2	
391	399	-3	
384	391	-2	
145	151	-2	
310	318	2	
186	190	2	
466	470	2	
401	465	-2	
192	199	3	
412	420	-1	
161	167	1	
147	211	-3	
348	356	-2	
353	357	-2	
235	299	1	
100	108	-1	
107	108	-3	
97	102	-2	
26	29	-4	
28	36	1	
35	36	3	
313	318	3	
49	52	-1	
226	230	-2	
226	231	-3	
210	274	-2	
338	402	-3	
428	436	-1	
144	150	3	
80	144	1	
152	156	-1	
177	180	2	
19	21	-2	
337	341	-2	
336	400	-3	
474	479	-2	
72	136	2	
98	103	1	
95	103	-1	
266	271	-1	
330	333	-2	
368	432	-2	
287	295	2	
424	431	3	
168	172	-2	
500	508	-1	
501	509	1	
467	471	2	
463	471	-1	
299	301	1	
350	358	-1	
193	257	-1	
416	421	1	
82	86	1	
182	190	-1	
109	117	-1	
114	117	2	
111	119	-2	
202	207	2	
161	225	-2	
225	229	2	
160	224	3	
434	436	1	
442	444	-2	
212	220	-1	
214	222	2	
469	477	-2	
472	477	-2	
471	479	-2	
249	254	-3	
251	254	-2	
249	313	1	
88	94	1	
89	153	2	
283	287	3	
338	343	1	
403	406	-3	
402	406	-1	
47	55	2	
40	47	-1	
304	368	-1	
171	174	2	
449	454	2	
130	135	2	
10	74	-2	
37	45	-2	
38	46	1	
364	372	2	
256	261	2	
258	322	-2	
465	468	1	
200	205	2	
219	220	-1	
435	438	-1	
441	447	-3	
272	276	-2	
90	95	-2	
82	87	1	
480	484	1	
484	492	2	
486	494	2	
502	510	-1	
503	511	-1	
170	172	-1	
250	252	2	
343	351	-2	
376	380	2	
440	444	2	
162	167	2	
65	70	-3	
215	223	-1	
121	124	1	
314	319	2	
138	142	-2	
372	380	1	
371	375	2	
241	245	1	
246	254	1	
352	358	2	
481	487	2	
175	183	-1	
200	264	-1	
329	334	-1	
108	116	1	
305	308	-1	
482	486	1	
145	209	-1	
230	238	1	
407	415	2	
370	374	1	
80	86	-1	
97	101	-1	
201	207	1	
408	412	-1	
339	341	-2	
131	133	-1	
433	439	1	
217	281	-1	
216	280	1	
208	272	-1	
420	428	-1	
422	430	-1	
342	350	1	
462	470	1	
155	159	1	
267	269	-1	
264	270	1	
176	240	-1	
45	53	-1	
41	46	-1	
354	418	1	
352	416	-1	
56	62	1	
228	236	1	
235	236	-1	
Energy:	-2946	
