NumberOfQubits	504	
NumberOfSubgraphs	840	
Serial	118	
PlantedSolution:	
0	-1	
1	-1	
2	1	
3	1	
4	-1	
5	1	
6	-1	
8	1	
9	-1	
10	1	
11	1	
12	1	
13	-1	
14	-1	
15	1	
16	-1	
17	1	
18	1	
19	-1	
20	-1	
21	-1	
22	-1	
23	-1	
24	-1	
25	1	
26	-1	
27	1	
28	1	
29	1	
30	-1	
31	1	
32	1	
33	-1	
34	-1	
35	1	
36	1	
37	1	
38	-1	
39	1	
40	1	
41	-1	
42	1	
43	1	
44	1	
45	-1	
46	-1	
47	-1	
48	-1	
49	-1	
50	-1	
51	-1	
52	1	
53	1	
54	-1	
55	-1	
56	-1	
57	-1	
58	-1	
59	-1	
60	-1	
61	-1	
62	1	
63	1	
64	1	
65	1	
66	1	
67	-1	
68	1	
69	1	
70	1	
71	-1	
72	-1	
73	1	
74	-1	
75	-1	
76	1	
77	1	
78	-1	
79	1	
80	1	
81	-1	
82	-1	
83	1	
84	-1	
85	-1	
86	-1	
87	-1	
88	-1	
89	-1	
90	1	
91	-1	
92	-1	
93	-1	
94	1	
95	-1	
96	1	
97	1	
98	1	
99	1	
100	-1	
101	-1	
102	1	
103	1	
104	1	
105	1	
106	1	
107	-1	
108	-1	
109	1	
110	1	
111	-1	
112	-1	
113	-1	
114	1	
115	1	
116	1	
117	1	
118	-1	
119	1	
120	-1	
121	-1	
123	1	
124	1	
125	1	
126	1	
127	1	
128	1	
129	1	
130	1	
131	1	
132	1	
133	1	
134	1	
135	1	
136	1	
137	1	
138	-1	
139	1	
141	1	
142	1	
143	-1	
144	-1	
145	1	
146	1	
147	-1	
148	1	
149	-1	
150	-1	
151	1	
152	1	
153	-1	
154	-1	
155	1	
156	-1	
157	-1	
158	-1	
159	1	
160	1	
161	1	
162	-1	
163	1	
164	-1	
165	-1	
166	-1	
167	-1	
168	-1	
169	1	
170	1	
171	-1	
172	-1	
173	1	
174	-1	
175	1	
176	-1	
177	-1	
178	1	
179	-1	
180	1	
181	1	
182	1	
183	-1	
184	1	
185	-1	
186	-1	
187	-1	
188	-1	
189	-1	
190	1	
191	1	
192	1	
193	-1	
194	1	
195	1	
196	-1	
197	-1	
198	1	
199	-1	
200	-1	
201	1	
202	1	
203	1	
204	1	
205	1	
206	-1	
207	-1	
208	1	
209	1	
210	-1	
211	-1	
212	1	
213	-1	
214	1	
215	-1	
216	-1	
217	-1	
218	-1	
219	-1	
220	1	
221	1	
222	1	
223	-1	
224	1	
225	1	
226	-1	
227	1	
228	-1	
229	-1	
230	-1	
231	1	
232	1	
233	-1	
234	-1	
235	1	
236	1	
237	-1	
238	1	
239	1	
240	-1	
241	1	
242	-1	
243	1	
244	1	
245	-1	
246	1	
247	1	
248	1	
249	1	
250	1	
251	1	
252	-1	
253	1	
254	-1	
255	1	
256	-1	
257	-1	
258	1	
259	-1	
260	1	
261	-1	
262	1	
263	-1	
264	-1	
265	-1	
266	1	
267	1	
268	-1	
269	1	
270	-1	
271	-1	
272	1	
273	1	
274	-1	
275	-1	
276	1	
277	-1	
278	-1	
279	1	
280	-1	
281	1	
282	-1	
283	1	
284	1	
285	1	
286	1	
287	-1	
288	1	
289	1	
290	-1	
291	-1	
292	1	
293	-1	
294	-1	
295	1	
296	-1	
297	-1	
298	1	
299	-1	
300	-1	
301	-1	
302	-1	
303	-1	
304	-1	
305	-1	
306	-1	
307	1	
308	1	
309	-1	
310	-1	
311	-1	
312	1	
313	1	
314	1	
315	1	
316	1	
317	-1	
318	1	
319	1	
320	-1	
321	1	
322	1	
323	-1	
324	1	
325	1	
326	1	
327	1	
328	1	
329	1	
330	-1	
331	1	
332	-1	
333	-1	
334	-1	
335	-1	
336	-1	
337	-1	
338	-1	
339	1	
340	-1	
341	1	
342	1	
343	-1	
344	-1	
345	-1	
346	-1	
347	1	
348	1	
349	-1	
350	1	
351	1	
352	-1	
353	1	
354	1	
355	1	
356	1	
357	-1	
358	1	
359	1	
361	-1	
362	1	
363	-1	
364	1	
365	-1	
367	1	
368	1	
369	1	
370	1	
371	-1	
372	1	
373	1	
374	1	
375	-1	
376	-1	
377	-1	
378	-1	
379	1	
380	-1	
382	-1	
383	-1	
384	-1	
385	-1	
386	-1	
387	1	
388	-1	
389	-1	
390	-1	
391	1	
392	-1	
393	-1	
394	-1	
396	-1	
397	1	
398	-1	
399	-1	
400	-1	
401	-1	
402	1	
403	1	
404	-1	
405	-1	
406	1	
407	1	
408	1	
409	1	
410	1	
411	1	
412	-1	
413	-1	
414	1	
415	1	
416	1	
417	-1	
418	-1	
419	1	
420	-1	
421	-1	
422	-1	
424	-1	
425	-1	
426	-1	
427	1	
428	-1	
429	-1	
430	-1	
431	-1	
432	-1	
433	-1	
434	-1	
435	-1	
436	-1	
437	-1	
438	1	
439	1	
440	-1	
441	-1	
442	1	
443	1	
444	-1	
445	1	
446	1	
447	-1	
448	-1	
449	-1	
450	1	
451	1	
452	-1	
453	-1	
454	1	
455	-1	
456	1	
457	1	
458	1	
459	1	
460	-1	
461	1	
462	-1	
463	1	
464	-1	
465	-1	
466	-1	
467	1	
468	1	
469	1	
470	1	
471	1	
472	-1	
473	1	
474	-1	
475	-1	
476	-1	
477	-1	
478	-1	
479	1	
480	1	
481	-1	
482	-1	
483	-1	
484	-1	
485	-1	
486	1	
487	1	
488	1	
489	1	
490	-1	
491	-1	
492	-1	
493	-1	
494	1	
495	-1	
496	-1	
497	-1	
498	1	
499	1	
500	1	
501	-1	
502	-1	
503	1	
504	1	
505	1	
506	1	
507	1	
508	1	
509	1	
510	-1	
511	1	
Js:	
259	261	4	
261	269	4	
266	269	-6	
266	270	4	
262	270	4	
259	262	5	
305	311	-6	
306	311	-6	
306	370	6	
370	373	-4	
369	373	-5	
305	369	-3	
177	180	7	
178	180	-3	
178	183	5	
176	183	4	
176	181	4	
177	181	3	
482	485	-5	
483	485	-4	
483	487	-4	
481	487	2	
481	486	5	
482	486	7	
1	4	-4	
2	4	-4	
2	66	-4	
66	68	-6	
65	68	-4	
1	65	5	
491	492	-4	
492	500	5	
498	500	-5	
498	501	4	
493	501	-3	
491	493	4	
160	164	2	
163	164	5	
163	166	-1	
162	166	-4	
162	167	-3	
160	167	4	
89	94	4	
94	102	-3	
99	102	-6	
99	103	-3	
95	103	-3	
89	95	-3	
81	87	-3	
83	87	2	
83	147	-2	
147	148	2	
145	148	-6	
81	145	4	
25	29	3	
27	29	-3	
27	30	3	
24	30	-6	
24	31	3	
25	31	-5	
425	430	-3	
430	438	4	
434	438	5	
434	439	3	
431	439	-3	
425	431	-3	
250	255	2	
251	255	-5	
251	315	-2	
315	317	3	
314	317	5	
250	314	-2	
384	389	-5	
385	389	-5	
385	449	-3	
449	454	5	
448	454	3	
384	448	1	
224	229	4	
226	229	-4	
226	290	-3	
290	295	6	
288	295	-3	
224	288	-5	
217	220	1	
218	220	4	
218	282	-2	
282	284	5	
281	284	3	
217	281	5	
296	300	-4	
300	308	4	
304	308	3	
304	309	-5	
301	309	-2	
296	301	6	
114	117	-5	
115	117	-2	
115	119	-7	
112	119	4	
112	118	-2	
114	118	5	
280	285	5	
283	285	-6	
283	347	-4	
347	349	4	
344	349	-5	
280	344	5	
458	460	3	
459	460	6	
459	462	5	
457	462	5	
457	463	-4	
458	463	-3	
339	342	1	
342	350	-4	
345	350	5	
345	351	5	
343	351	3	
339	343	6	
465	468	4	
466	468	3	
466	470	6	
464	470	-2	
464	471	4	
465	471	5	
43	44	-4	
44	52	-3	
51	52	-4	
51	55	-3	
47	55	-5	
43	47	5	
504	508	-5	
505	508	-6	
505	511	-7	
507	511	-3	
507	510	7	
504	510	7	
192	198	-5	
198	206	5	
203	206	7	
203	207	2	
199	207	-5	
192	199	4	
368	372	3	
372	380	4	
378	380	-5	
378	383	-6	
375	383	-4	
368	375	3	
168	175	4	
170	175	-3	
170	234	-2	
234	236	4	
232	236	-5	
168	232	4	
120	126	4	
123	126	-7	
123	187	1	
187	190	5	
184	190	7	
120	184	1	
225	230	4	
227	230	-5	
227	291	5	
291	292	4	
289	292	-6	
225	289	-5	
417	420	-4	
418	420	-6	
418	421	3	
419	421	6	
419	422	3	
417	422	-4	
323	324	5	
324	332	3	
330	332	-4	
330	333	-5	
325	333	-2	
323	325	7	
33	37	4	
35	37	-6	
35	39	-5	
34	39	5	
34	38	4	
33	38	-4	
104	108	3	
107	108	-6	
107	109	4	
106	109	-5	
106	111	4	
104	111	5	
424	428	-6	
426	428	-4	
426	490	-4	
490	495	3	
488	495	4	
424	488	5	
210	212	2	
211	212	8	
211	214	3	
209	214	-5	
209	213	5	
210	213	-5	
400	405	-4	
403	405	4	
403	406	-4	
401	406	-5	
401	407	4	
400	407	4	
353	357	5	
355	357	6	
355	358	-2	
352	358	6	
352	359	4	
353	359	-5	
154	157	-4	
155	157	4	
155	159	-6	
153	159	2	
153	158	-3	
154	158	-5	
130	132	-4	
131	132	4	
131	134	-7	
129	134	-6	
129	135	-5	
130	135	-3	
9	12	4	
11	12	-6	
11	13	-4	
10	13	6	
10	15	-2	
9	15	5	
16	20	-6	
17	20	4	
17	21	3	
19	21	-8	
19	22	-3	
16	22	-5	
73	79	-2	
74	79	3	
74	138	-3	
138	142	-7	
137	142	-3	
73	137	-4	
408	412	-6	
410	412	4	
410	474	3	
474	478	-3	
472	478	-5	
408	472	3	
72	76	5	
76	84	2	
80	84	2	
80	86	4	
78	86	-3	
72	78	5	
409	415	-4	
411	415	-4	
411	475	-4	
475	477	-4	
473	477	5	
409	473	-4	
440	444	-3	
441	444	-3	
441	445	6	
443	445	1	
443	446	-6	
440	446	7	
393	396	-5	
394	396	-3	
394	397	5	
392	397	4	
392	399	-5	
393	399	-4	
233	238	7	
235	238	-3	
235	299	2	
299	302	-3	
297	302	-6	
233	297	-3	
272	276	-3	
273	276	-4	
273	278	4	
274	278	-3	
274	279	5	
272	279	-4	
56	60	-5	
58	60	-4	
58	63	4	
57	63	6	
57	61	3	
56	61	-4	
256	260	5	
260	268	3	
267	268	5	
267	271	6	
263	271	3	
256	263	-2	
240	245	-6	
243	245	5	
243	246	-5	
241	246	-5	
241	247	-4	
240	247	4	
312	319	-6	
313	319	-7	
313	377	4	
377	382	3	
376	382	-5	
312	376	4	
432	436	-3	
433	436	-4	
433	497	-4	
497	503	4	
496	503	4	
432	496	-4	
194	196	6	
196	204	3	
202	204	-5	
202	205	-4	
197	205	-5	
194	197	6	
321	326	4	
326	334	5	
328	334	5	
328	335	3	
327	335	4	
321	327	-7	
386	388	-3	
387	388	8	
387	451	-4	
451	453	3	
450	453	4	
386	450	4	
361	364	7	
363	364	7	
363	367	-4	
362	367	-8	
362	365	4	
361	365	-5	
42	45	-4	
45	53	3	
48	53	5	
48	54	-4	
46	54	-5	
42	46	5	
90	92	4	
92	100	-2	
96	100	5	
96	101	6	
93	101	-2	
90	93	5	
136	141	6	
141	149	4	
144	149	-3	
144	151	6	
143	151	3	
136	143	4	
0	5	-5	
3	5	-4	
3	67	5	
67	69	5	
64	69	-3	
0	64	6	
249	252	6	
250	252	-2	
250	254	7	
248	254	3	
248	253	-5	
249	253	-4	
208	214	-4	
214	222	-3	
219	222	4	
219	223	-4	
215	223	-3	
208	215	5	
169	172	4	
171	172	-3	
171	173	3	
168	173	7	
168	174	4	
169	174	3	
184	188	3	
186	188	-8	
186	191	5	
185	191	5	
185	189	-5	
184	189	3	
113	116	4	
116	124	-6	
121	124	-4	
121	125	6	
117	125	-5	
113	117	2	
337	340	-4	
338	340	-5	
338	343	-3	
336	343	-5	
336	341	4	
337	341	6	
472	476	-5	
476	484	-2	
480	484	-3	
480	487	-6	
479	487	-2	
472	479	2	
97	100	3	
98	100	5	
98	162	3	
162	165	-5	
161	165	2	
97	161	-3	
75	77	2	
77	85	2	
82	85	-4	
82	87	-3	
79	87	3	
75	79	5	
200	206	-3	
201	206	3	
201	265	3	
265	270	-4	
264	270	-4	
200	264	2	
442	447	3	
443	447	6	
443	507	-2	
507	509	2	
506	509	-6	
442	506	-3	
432	437	-4	
435	437	-3	
435	499	-6	
499	502	7	
496	502	-3	
307	308	-6	
308	316	-2	
312	316	-5	
312	318	-3	
310	318	-4	
307	310	4	
88	93	-4	
91	93	-3	
91	155	3	
155	156	-4	
152	156	3	
88	152	2	
40	45	5	
41	45	-6	
41	105	5	
105	110	2	
104	110	-4	
40	104	-5	
456	461	-4	
461	469	-1	
467	469	4	
467	471	-3	
463	471	-3	
456	463	-5	
425	429	-5	
427	429	3	
427	491	6	
491	494	3	
489	494	-3	
425	489	5	
26	28	5	
28	36	2	
32	36	-3	
32	37	-3	
29	37	-4	
26	29	4	
346	348	-3	
348	356	-4	
354	356	-5	
354	359	-5	
351	359	-3	
346	351	4	
8	14	4	
14	22	-3	
18	22	4	
18	23	3	
15	23	-4	
8	15	-4	
178	182	-5	
179	182	3	
179	243	4	
243	244	-2	
242	244	4	
178	242	-3	
226	228	-5	
228	236	4	
232	239	-5	
231	239	-3	
226	231	5	
275	277	-5	
277	285	4	
283	286	-4	
278	286	-2	
275	278	-6	
392	396	-5	
396	404	-3	
402	404	6	
402	406	-3	
398	406	-1	
392	398	-5	
371	372	2	
379	380	4	
379	382	5	
374	382	4	
371	374	-6	
216	221	5	
217	221	5	
281	287	5	
280	287	-3	
216	280	1	
193	197	-3	
194	258	-3	
258	261	5	
257	261	-3	
193	257	-3	
128	133	-7	
131	133	-2	
131	195	-2	
195	198	-5	
128	192	2	
233	237	-4	
234	237	-5	
234	298	3	
298	303	-3	
297	303	-4	
410	413	-1	
413	421	-3	
416	421	4	
416	422	5	
414	422	2	
410	414	-5	
49	52	5	
52	60	4	
59	60	-4	
59	62	6	
54	62	-2	
49	54	-6	
320	327	4	
322	327	-4	
322	386	3	
386	391	4	
384	391	4	
320	384	-4	
139	141	-2	
146	149	4	
146	150	4	
142	150	3	
139	142	-5	
449	452	-6	
450	452	3	
450	455	6	
451	455	-5	
451	454	-6	
329	333	5	
330	334	2	
331	334	6	
331	335	4	
329	335	4	
289	293	3	
293	301	-2	
296	302	-5	
294	302	-2	
289	294	3	
65	69	-3	
67	70	4	
64	70	-7	
64	71	5	
65	71	5	
57	62	-4	
59	123	3	
123	127	-4	
121	127	5	
57	121	-2	
0	4	-5	
3	4	6	
3	6	5	
2	6	5	
2	5	-5	
49	53	2	
50	53	5	
50	114	4	
114	116	3	
49	113	-5	
389	397	5	
394	398	-5	
390	398	4	
385	390	-4	
418	482	4	
417	481	-5	
490	493	-6	
499	501	-1	
494	502	3	
490	494	4	
154	156	-5	
154	218	-3	
216	220	4	
152	216	3	
442	445	-6	
506	508	-4	
441	505	-1	
98	101	-2	
101	109	6	
103	111	5	
98	103	-4	
474	476	-3	
475	476	-3	
475	479	5	
473	479	-3	
474	477	3	
457	460	6	
458	462	4	
456	462	4	
457	461	4	
81	86	-4	
82	86	-5	
82	146	2	
145	150	-5	
264	268	-4	
266	268	4	
265	269	5	
265	271	-3	
264	271	3	
369	374	-2	
371	435	-2	
435	439	4	
433	439	2	
369	433	4	
355	356	-5	
353	358	-4	
354	358	3	
24	28	5	
27	28	-5	
27	91	7	
91	94	4	
88	94	4	
24	88	-2	
19	20	4	
17	23	6	
16	23	-3	
74	76	-1	
138	143	-2	
72	136	3	
179	181	5	
181	189	2	
187	189	-5	
187	191	4	
183	191	3	
179	183	-3	
321	324	-2	
322	324	-5	
322	326	-3	
323	326	6	
321	325	4	
274	276	6	
275	276	2	
275	279	3	
272	277	4	
274	277	-3	
401	405	4	
401	465	-3	
464	468	4	
400	464	-5	
201	205	-3	
205	213	-2	
209	215	2	
207	215	-3	
201	207	4	
153	157	-7	
157	165	-2	
160	165	5	
160	166	5	
158	166	3	
345	348	4	
347	348	-4	
347	411	-1	
345	409	-2	
315	379	3	
379	383	3	
314	378	5	
40	44	-4	
42	44	-7	
42	47	-2	
41	47	-4	
41	46	-2	
40	46	2	
428	436	-2	
434	436	-2	
424	430	5	
248	252	6	
251	253	-4	
248	255	-3	
362	364	-4	
363	365	-6	
361	367	-5	
241	244	-5	
242	247	5	
240	246	3	
336	340	3	
338	342	7	
337	342	4	
193	196	-4	
195	196	-3	
195	259	2	
259	263	-3	
257	263	-6	
306	309	-1	
306	310	-3	
305	310	-5	
304	311	5	
290	293	-6	
291	293	-4	
291	295	2	
288	294	5	
290	294	1	
224	228	2	
225	228	3	
225	231	-4	
227	231	-4	
224	230	6	
128	132	-5	
129	132	-5	
130	133	-5	
8	12	-5	
10	14	6	
33	36	4	
34	36	4	
35	38	3	
172	180	2	
176	180	4	
176	182	5	
174	182	-4	
171	174	-4	
489	492	3	
497	500	-3	
495	503	3	
489	495	5	
403	404	4	
403	467	-3	
467	470	-5	
402	466	-3	
48	55	-5	
51	115	6	
48	112	5	
80	85	3	
83	85	6	
147	151	5	
80	144	2	
26	31	-4	
26	90	3	
89	92	-3	
25	89	6	
97	102	-4	
99	163	-4	
161	164	5	
234	239	3	
235	239	-6	
299	303	-6	
73	78	3	
75	78	3	
75	139	4	
139	143	4	
137	143	5	
105	108	-4	
106	108	4	
106	170	-3	
169	175	-5	
105	169	-3	
282	287	-4	
282	346	-5	
346	349	-5	
419	483	5	
483	484	-4	
416	480	-6	
388	396	-4	
391	399	5	
387	391	-3	
120	124	7	
121	126	5	
123	125	-4	
120	125	5	
219	221	5	
218	222	5	
218	223	3	
216	223	-4	
185	190	4	
371	373	-4	
371	375	-5	
368	374	-6	
370	374	-2	
440	504	2	
203	204	-4	
204	212	1	
206	214	2	
426	429	-6	
429	437	-3	
432	439	5	
426	431	-4	
58	61	-7	
59	61	-3	
59	63	4	
56	63	5	
56	62	3	
58	62	5	
314	316	-4	
315	316	-6	
315	318	-4	
313	318	-4	
314	319	1	
259	260	3	
258	262	4	
256	261	-4	
411	412	4	
411	413	6	
409	413	4	
409	414	-4	
408	414	-3	
264	269	3	
267	269	1	
267	331	-3	
331	332	5	
328	332	2	
264	328	4	
66	70	-3	
448	452	-5	
449	453	-3	
448	455	-4	
237	245	-3	
238	246	-3	
109	117	1	
110	118	2	
107	110	5	
284	292	-5	
291	294	-5	
286	294	4	
281	286	-4	
376	383	-5	
377	383	-4	
377	441	-3	
441	447	-5	
440	447	-3	
376	440	-3	
501	509	-4	
506	511	-4	
503	511	-3	
498	503	-5	
4	12	1	
9	14	-3	
6	14	1	
1	6	-5	
144	148	3	
146	148	4	
146	210	4	
208	213	4	
144	208	3	
307	311	-1	
303	311	-2	
296	303	-5	
465	469	3	
469	477	4	
475	478	-4	
470	478	-3	
465	470	3	
329	332	6	
332	340	-2	
339	340	3	
339	341	-4	
333	341	-2	
424	431	-2	
427	431	6	
488	494	5	
99	101	2	
163	167	5	
96	160	2	
50	52	-3	
50	54	-2	
43	46	5	
73	76	-5	
81	84	-5	
81	85	2	
73	77	-4	
200	204	4	
201	204	-3	
202	207	3	
200	205	3	
25	30	4	
30	38	-3	
32	38	5	
32	39	5	
31	39	-3	
350	358	3	
88	95	-5	
91	95	3	
152	159	-6	
170	172	7	
173	181	-3	
170	173	-2	
321	385	-1	
384	390	-4	
195	199	5	
193	199	3	
129	193	1	
250	253	5	
251	254	5	
249	255	-4	
397	405	2	
403	407	4	
399	407	2	
480	485	3	
485	493	-4	
487	495	2	
448	453	-7	
453	461	3	
459	461	4	
459	463	-5	
455	463	2	
273	277	-3	
273	279	-4	
17	22	5	
225	229	2	
288	292	3	
435	436	-4	
436	444	-5	
442	444	5	
437	445	-3	
120	127	4	
119	127	5	
113	119	4	
412	420	-1	
416	420	3	
408	413	3	
89	93	-3	
90	154	2	
89	153	-3	
364	372	-2	
369	372	-5	
365	373	5	
175	183	1	
98	102	-2	
102	110	-5	
74	77	6	
402	407	-3	
466	469	3	
464	469	5	
297	301	-5	
305	309	-2	
302	310	2	
33	97	4	
32	96	-4	
298	300	6	
299	300	-4	
299	363	-2	
298	362	-4	
473	476	-4	
474	479	6	
219	220	4	
220	228	4	
227	228	2	
222	230	2	
50	55	-4	
40	47	4	
257	260	4	
130	194	-1	
194	199	3	
282	286	-2	
80	87	6	
72	79	2	
433	438	3	
434	498	4	
498	502	2	
497	502	-5	
320	324	-5	
322	325	-4	
320	326	2	
240	244	-4	
242	245	-3	
145	149	1	
147	149	-5	
147	211	4	
209	212	-3	
145	209	-3	
330	335	-5	
330	394	-1	
393	398	-5	
329	393	-1	
425	428	-3	
426	430	-4	
427	430	3	
481	484	-5	
483	486	3	
481	485	-3	
26	30	-4	
67	71	-4	
66	71	-3	
185	188	-3	
187	188	-5	
186	190	-2	
186	189	-5	
452	460	-2	
454	462	3	
450	454	-3	
272	278	-3	
273	337	3	
336	342	2	
272	336	5	
171	235	4	
235	236	4	
377	380	-4	
376	380	-3	
18	21	4	
19	83	4	
83	84	4	
82	84	-3	
18	82	-5	
221	229	3	
223	231	-3	
217	223	-3	
10	12	-3	
11	15	-7	
9	13	-6	
353	356	-3	
354	357	3	
161	166	5	
161	167	-3	
43	107	2	
385	388	-3	
387	390	3	
386	390	-5	
385	391	4	
406	414	-3	
410	415	-6	
407	415	-3	
507	508	4	
504	511	-3	
115	118	2	
370	375	2	
304	368	4	
285	293	-2	
287	295	5	
283	287	3	
267	270	4	
148	156	3	
150	158	-3	
488	492	3	
499	500	-3	
137	141	-4	
137	201	-4	
200	207	-3	
136	200	5	
378	382	-3	
339	403	-3	
338	402	2	
456	460	4	
460	468	-1	
467	468	-5	
192	196	4	
256	262	5	
192	256	2	
146	151	-2	
210	215	4	
0	6	4	
65	70	-4	
344	348	2	
352	356	3	
344	350	3	
91	92	-2	
90	94	3	
90	95	3	
442	446	-2	
131	135	-5	
128	134	-1	
235	237	3	
233	239	-2	
234	238	3	
177	183	-4	
195	197	3	
203	205	-3	
307	309	6	
309	317	-4	
312	317	2	
419	420	4	
418	422	-5	
153	156	-4	
156	164	-1	
159	167	2	
489	493	-2	
496	501	-6	
266	330	3	
265	329	2	
68	76	-3	
69	77	4	
66	69	-3	
289	295	-4	
458	461	-6	
386	389	-3	
136	142	-2	
138	202	6	
504	509	-3	
505	510	3	
344	408	2	
227	229	5	
480	486	-2	
451	452	-4	
99	100	-3	
162	164	-4	
107	171	-2	
171	175	4	
104	168	2	
298	301	-2	
25	28	-2	
24	29	4	
370	372	-4	
370	434	-2	
83	86	2	
112	116	3	
114	119	-2	
112	117	5	
400	406	4	
211	275	-1	
210	274	2	
244	252	4	
247	255	-4	
218	221	3	
473	478	4	
257	262	2	
258	263	4	
97	103	-2	
393	397	-4	
105	111	5	
8	13	4	
10	74	3	
74	78	-4	
8	72	3	
232	237	3	
241	245	-3	
232	238	-3	
338	341	2	
341	349	-2	
347	350	-5	
155	158	2	
34	37	3	
27	31	2	
276	284	-2	
280	284	2	
18	20	4	
16	21	-3	
178	181	-3	
242	246	4	
313	316	-3	
313	317	4	
408	415	-3	
354	418	2	
353	417	-2	
435	438	1	
113	118	-5	
67	68	4	
75	76	4	
71	79	3	
384	388	-2	
387	389	-2	
226	230	2	
193	198	6	
43	45	2	
130	134	-6	
328	333	4	
314	318	-3	
340	348	3	
304	310	2	
368	373	-2	
217	222	3	
352	357	4	
355	419	-2	
352	416	2	
100	108	-2	
105	109	-3	
185	249	3	
249	254	3	
184	248	-3	
477	485	-1	
482	487	2	
84	92	-4	
88	92	-3	
87	95	3	
57	60	-3	
169	173	-3	
177	182	3	
144	150	-3	
152	158	4	
151	159	3	
305	308	2	
139	203	-3	
202	206	2	
394	399	4	
394	458	4	
392	456	3	
490	492	-3	
402	405	3	
51	53	4	
51	54	-3	
379	443	3	
439	447	-3	
129	133	2	
133	141	-2	
135	143	2	
1	5	6	
179	180	-3	
176	240	-2	
163	165	-2	
165	173	2	
167	175	3	
298	302	2	
297	361	-2	
280	286	4	
281	345	2	
177	241	1	
505	509	-3	
409	412	2	
411	414	-3	
468	476	3	
275	339	-3	
106	110	2	
187	251	2	
186	250	2	
432	438	4	
368	432	2	
355	359	-3	
152	157	2	
320	325	3	
164	172	3	
170	174	3	
166	174	-2	
216	222	-3	
283	284	-3	
258	260	-3	
9	73	-2	
34	98	4	
337	343	-3	
401	404	-2	
478	486	1	
22	30	-2	
23	31	3	
424	429	-2	
149	157	-1	
184	191	-3	
246	254	2	
299	301	-3	
118	126	4	
462	470	-1	
128	135	5	
378	442	-1	
306	308	3	
433	437	-3	
337	401	-2	
12	20	1	
472	477	-3	
427	428	3	
219	283	-2	
96	103	-3	
169	233	-2	
315	319	-2	
311	319	2	
496	500	3	
497	501	2	
53	61	3	
440	445	2	
269	277	-1	
270	278	-2	
259	323	-3	
257	321	2	
35	36	-4	
329	334	-2	
210	214	3	
506	510	-3	
449	455	3	
466	471	3	
434	437	-4	
369	375	3	
367	375	3	
55	63	1	
288	293	3	
266	271	3	
482	484	2	
484	492	-2	
16	80	3	
230	238	-1	
123	124	-3	
56	120	1	
400	404	2	
336	400	-1	
345	349	2	
349	357	-2	
212	220	-3	
70	78	2	
290	292	2	
42	106	2	
97	101	4	
147	150	-2	
17	81	2	
192	197	3	
203	267	-1	
265	268	3	
229	237	-2	
115	116	-3	
153	217	-3	
251	252	2	
471	479	-2	
104	109	1	
491	495	-3	
11	14	-3	
346	410	1	
438	446	-3	
243	307	2	
241	305	2	
107	111	1	
417	421	-3	
49	55	2	
258	322	1	
256	320	-2	
268	276	-1	
271	279	2	
211	215	-3	
242	306	1	
240	304	-1	
404	412	-3	
405	413	-3	
233	236	2	
72	77	2	
290	354	2	
289	353	1	
209	273	-2	
208	272	-1	
41	44	1	
33	39	2	
66	130	1	
65	129	-1	
323	327	1	
281	285	1	
282	285	2	
443	444	-2	
393	457	1	
21	29	2	
334	342	2	
138	141	2	
211	213	-3	
488	493	1	
486	494	-2	
344	351	3	
163	227	1	
162	226	-1	
161	225	2	
160	224	-2	
499	503	1	
239	247	1	
86	94	2	
194	198	1	
168	172	1	
154	159	1	
288	352	1	
19	23	-1	
331	333	-2	
85	93	3	
155	219	-1	
64	68	-1	
346	350	2	
180	188	-1	
208	212	-3	
145	151	-1	
347	351	-2	
441	446	2	
236	244	-1	
36	44	1	
38	46	-1	
297	300	-2	
224	231	-1	
108	116	-1	
274	338	1	
243	247	-2	
35	99	-2	
20	28	-1	
363	427	-1	
361	425	-1	
500	508	-1	
420	428	-2	
421	429	1	
307	371	1	
422	430	-1	
114	178	-1	
112	176	1	
48	52	-1	
213	221	-1	
Energy:	-3746	
