NumberOfQubits	504	
NumberOfSubgraphs	420	
Serial	487	
PlantedSolution:	
0	1	
1	1	
2	1	
3	-1	
4	-1	
5	1	
6	-1	
8	1	
9	1	
10	-1	
11	1	
12	1	
13	1	
14	1	
15	1	
16	1	
17	-1	
18	-1	
19	-1	
20	1	
21	-1	
22	1	
23	-1	
24	1	
25	1	
26	1	
27	1	
28	1	
29	-1	
30	1	
31	-1	
32	-1	
33	-1	
34	1	
35	-1	
36	1	
37	1	
38	1	
39	1	
40	-1	
41	1	
42	1	
43	1	
44	-1	
45	-1	
46	1	
47	-1	
48	-1	
49	-1	
50	-1	
51	-1	
52	-1	
53	1	
54	1	
55	1	
56	-1	
57	-1	
58	-1	
59	-1	
60	-1	
61	-1	
62	1	
63	1	
64	1	
65	1	
66	1	
67	-1	
68	1	
69	1	
70	-1	
71	-1	
72	1	
73	-1	
74	-1	
75	-1	
76	-1	
77	1	
78	-1	
79	1	
80	1	
81	1	
82	-1	
83	1	
84	1	
85	1	
86	-1	
87	-1	
88	-1	
89	1	
90	-1	
91	1	
92	-1	
93	-1	
94	1	
95	-1	
96	1	
97	1	
98	1	
99	-1	
100	1	
101	1	
102	1	
103	-1	
104	1	
105	1	
106	1	
107	1	
108	1	
109	1	
110	-1	
111	-1	
112	-1	
113	1	
114	1	
115	1	
116	1	
117	-1	
118	-1	
119	1	
120	1	
121	-1	
123	-1	
124	1	
125	1	
126	1	
127	1	
128	1	
129	-1	
130	-1	
131	-1	
132	1	
133	1	
134	1	
135	-1	
136	1	
137	1	
138	-1	
139	-1	
141	-1	
142	1	
143	-1	
144	-1	
145	-1	
146	1	
147	1	
148	-1	
149	1	
150	1	
151	-1	
152	1	
153	-1	
154	1	
155	-1	
156	-1	
157	1	
158	1	
159	1	
160	1	
161	-1	
162	1	
163	-1	
164	-1	
165	1	
166	-1	
167	1	
168	-1	
169	-1	
170	-1	
171	1	
172	-1	
173	1	
174	-1	
175	-1	
176	-1	
177	-1	
178	1	
179	-1	
180	1	
181	1	
182	-1	
183	1	
184	1	
185	1	
186	1	
187	1	
188	-1	
189	-1	
190	-1	
191	-1	
192	-1	
193	-1	
194	1	
195	1	
196	1	
197	-1	
198	-1	
199	-1	
200	1	
201	1	
202	1	
203	-1	
204	-1	
205	-1	
206	-1	
207	1	
208	1	
209	-1	
210	-1	
211	-1	
212	1	
213	1	
214	1	
215	1	
216	1	
217	1	
218	-1	
219	-1	
220	-1	
221	-1	
222	1	
223	1	
224	-1	
225	-1	
226	-1	
227	1	
228	-1	
229	1	
230	-1	
231	1	
232	1	
233	-1	
234	-1	
235	1	
236	1	
237	1	
238	-1	
239	-1	
240	1	
241	-1	
242	1	
243	-1	
244	-1	
245	1	
246	-1	
247	-1	
248	1	
249	1	
250	1	
251	1	
252	-1	
253	-1	
254	1	
255	-1	
256	-1	
257	-1	
258	1	
259	1	
260	-1	
261	1	
262	1	
263	-1	
264	-1	
265	-1	
266	-1	
267	1	
268	-1	
269	-1	
270	1	
271	1	
272	1	
273	1	
274	-1	
275	1	
276	-1	
277	1	
278	1	
279	1	
280	1	
281	1	
282	-1	
283	-1	
284	1	
285	1	
286	-1	
287	-1	
288	-1	
289	-1	
290	1	
291	1	
292	-1	
293	-1	
294	1	
295	-1	
296	1	
297	-1	
298	-1	
299	1	
300	1	
301	1	
302	-1	
303	-1	
304	1	
305	1	
306	1	
307	1	
308	1	
309	-1	
310	1	
311	1	
312	1	
313	1	
314	1	
315	-1	
316	-1	
317	-1	
318	-1	
319	1	
320	-1	
321	-1	
322	-1	
323	1	
324	1	
325	1	
326	1	
327	-1	
328	1	
329	-1	
330	-1	
331	-1	
332	1	
333	-1	
334	-1	
335	1	
336	-1	
337	-1	
338	1	
339	-1	
340	1	
341	1	
342	-1	
343	-1	
344	-1	
345	-1	
346	-1	
347	-1	
348	1	
349	-1	
350	-1	
351	1	
352	1	
353	-1	
354	-1	
355	1	
356	-1	
357	1	
358	-1	
359	1	
361	-1	
362	1	
363	1	
364	1	
365	-1	
367	1	
368	1	
369	1	
370	1	
371	-1	
372	1	
373	1	
374	-1	
375	-1	
376	1	
377	1	
378	-1	
379	1	
380	1	
382	1	
383	1	
384	-1	
385	-1	
386	1	
387	-1	
388	-1	
389	1	
390	-1	
391	-1	
392	-1	
393	-1	
394	-1	
396	-1	
397	1	
398	-1	
399	-1	
400	1	
401	-1	
402	-1	
403	-1	
404	1	
405	1	
406	1	
407	1	
408	-1	
409	-1	
410	1	
411	-1	
412	1	
413	1	
414	-1	
415	-1	
416	1	
417	1	
418	-1	
419	1	
420	-1	
421	1	
422	1	
424	1	
425	-1	
426	1	
427	1	
428	1	
429	1	
430	-1	
431	-1	
432	1	
433	-1	
434	1	
435	1	
436	1	
437	-1	
438	-1	
439	-1	
440	1	
441	1	
442	-1	
443	-1	
444	1	
445	-1	
446	-1	
447	-1	
448	1	
449	-1	
450	-1	
451	1	
452	1	
453	1	
454	1	
455	-1	
456	1	
457	1	
458	1	
459	1	
460	-1	
461	1	
462	-1	
463	-1	
464	1	
465	-1	
466	1	
467	1	
468	1	
469	-1	
470	1	
471	1	
472	1	
473	1	
474	1	
475	1	
476	1	
477	-1	
478	1	
479	-1	
480	1	
481	-1	
482	1	
483	1	
484	1	
485	-1	
486	-1	
487	1	
488	1	
489	-1	
490	1	
491	1	
492	1	
493	1	
494	1	
495	-1	
496	1	
497	1	
498	-1	
499	-1	
500	1	
501	1	
502	-1	
503	-1	
504	1	
505	-1	
506	1	
507	-1	
508	1	
509	-1	
510	-1	
511	1	
Js:	
353	357	2	
354	357	2	
354	418	1	
418	420	-3	
417	420	3	
353	417	3	
203	204	-2	
204	212	3	
210	212	-1	
210	213	3	
205	213	1	
203	205	-4	
426	429	-3	
427	429	-2	
427	431	3	
424	431	4	
424	430	2	
426	430	3	
451	452	-3	
452	460	-1	
457	460	3	
457	462	3	
454	462	1	
451	454	-3	
73	76	3	
75	76	-2	
75	139	-1	
139	143	-1	
137	143	2	
73	137	2	
8	12	2	
9	12	-3	
9	14	-2	
11	14	-2	
11	13	-4	
8	13	-3	
432	436	-1	
436	444	-3	
443	444	-3	
443	446	-3	
438	446	-4	
432	438	3	
289	293	-3	
291	293	-2	
291	295	3	
290	295	1	
290	294	-2	
289	294	1	
40	44	-2	
41	44	3	
41	46	1	
43	46	-4	
43	45	1	
40	45	-3	
249	252	3	
250	252	3	
250	255	2	
248	255	-2	
248	253	4	
249	253	1	
16	21	2	
21	29	-2	
24	29	3	
24	31	2	
23	31	-1	
16	23	-3	
338	341	2	
339	341	3	
339	343	-2	
337	343	-3	
337	342	-3	
338	342	4	
194	196	-3	
195	196	-2	
195	197	3	
192	197	-3	
192	198	-4	
194	198	-4	
385	388	-3	
386	388	-2	
386	390	2	
384	390	-3	
384	391	-4	
385	391	-2	
169	172	2	
170	172	-4	
170	234	-1	
234	239	-1	
233	239	-3	
169	233	-1	
410	412	-2	
411	412	3	
411	475	2	
475	479	-2	
474	479	2	
410	474	-3	
33	38	2	
34	38	-1	
34	98	-1	
98	102	-1	
97	102	-2	
33	97	-1	
274	276	1	
275	276	2	
275	279	-2	
273	279	-3	
273	277	-2	
274	277	3	
400	404	-2	
401	404	2	
401	406	-2	
403	406	3	
403	407	1	
400	407	-3	
280	284	3	
281	284	-2	
281	287	4	
283	287	-3	
283	285	3	
280	285	-2	
306	308	-3	
308	316	1	
315	316	-3	
315	317	-3	
309	317	-2	
306	309	-1	
408	415	-4	
409	415	-2	
409	473	3	
473	477	-1	
472	477	3	
408	472	2	
328	335	-1	
329	335	-2	
329	393	-1	
393	396	-3	
392	396	-2	
328	392	2	
320	324	4	
323	324	-3	
323	326	-2	
321	326	3	
321	325	3	
320	325	2	
51	52	2	
52	60	-1	
58	60	-3	
58	61	-3	
53	61	1	
51	53	3	
80	84	-3	
83	84	-3	
83	85	-2	
81	85	-2	
81	87	2	
80	87	-1	
178	181	-1	
181	189	2	
186	189	3	
186	190	-2	
182	190	-1	
178	182	3	
153	156	-3	
155	156	-3	
155	158	2	
152	158	-2	
152	159	2	
153	159	2	
105	108	-2	
107	108	2	
107	110	3	
106	110	2	
106	111	2	
105	111	1	
258	261	-3	
261	269	2	
267	269	-3	
267	270	-3	
262	270	-3	
258	262	-1	
225	228	-2	
227	228	2	
227	231	-3	
224	231	2	
224	229	2	
225	229	3	
361	364	4	
364	372	1	
368	372	-4	
368	375	2	
367	375	1	
361	367	3	
67	69	3	
69	77	-3	
72	77	1	
72	78	2	
70	78	-3	
67	70	-2	
144	148	-3	
145	148	-2	
145	149	2	
146	149	-2	
146	151	2	
144	151	1	
480	484	-2	
481	484	2	
481	486	-3	
483	486	-2	
483	485	1	
480	485	2	
344	348	3	
345	348	2	
345	351	4	
346	351	-2	
346	350	-2	
344	350	-3	
241	244	-3	
242	244	1	
242	245	-4	
243	245	2	
243	246	-2	
241	246	3	
377	380	-3	
379	380	1	
379	383	-5	
376	383	-2	
376	382	-4	
377	382	-1	
297	300	3	
299	300	-3	
299	301	-3	
296	301	2	
296	302	2	
297	302	-3	
113	116	-2	
115	116	-3	
115	119	-2	
114	119	1	
114	118	3	
113	118	3	
216	220	3	
217	220	3	
217	222	-3	
218	222	1	
218	223	3	
216	223	1	
490	493	-4	
491	493	1	
491	494	-3	
489	494	3	
489	495	-1	
490	495	2	
89	93	3	
90	93	-2	
90	95	2	
88	95	-1	
88	94	2	
89	94	-4	
64	71	2	
66	71	2	
66	130	1	
130	132	2	
128	132	2	
64	128	-2	
433	439	-2	
435	439	-1	
435	499	2	
499	500	3	
497	500	-2	
433	497	1	
498	502	-2	
502	510	-2	
504	510	2	
504	511	-3	
503	511	2	
498	503	2	
160	165	-2	
161	165	3	
161	166	-2	
163	166	-3	
163	167	-3	
160	167	-4	
464	468	-3	
465	468	2	
465	470	-2	
467	470	-3	
467	469	2	
464	469	3	
136	142	-1	
138	142	3	
138	202	2	
202	207	-2	
200	207	2	
136	200	-3	
0	4	-3	
2	4	5	
2	6	3	
1	6	3	
1	5	-2	
0	5	-3	
121	125	3	
123	125	3	
123	126	1	
120	126	2	
120	127	-3	
121	127	4	
305	310	-4	
310	318	-2	
312	318	4	
312	319	-4	
311	319	-3	
305	311	-1	
18	20	2	
20	28	-2	
25	28	-4	
25	30	-1	
22	30	1	
18	22	2	
441	445	-2	
442	445	-2	
442	506	2	
506	509	4	
505	509	-1	
441	505	2	
168	175	-2	
171	175	2	
171	235	-1	
235	237	-4	
232	237	3	
168	232	1	
256	260	-2	
260	268	1	
264	268	-1	
264	271	5	
263	271	4	
256	263	-1	
352	358	1	
355	358	2	
355	419	-3	
419	421	4	
416	421	-2	
352	416	-1	
448	453	-2	
453	461	-1	
458	461	-3	
458	463	2	
455	463	-1	
448	455	-3	
49	54	4	
54	62	-1	
57	62	-5	
57	63	3	
55	63	-1	
49	55	4	
32	36	3	
35	36	2	
35	99	-2	
99	103	-3	
96	103	-1	
32	96	2	
176	180	3	
180	188	1	
184	188	3	
184	191	-2	
183	191	2	
176	183	2	
329	332	2	
330	332	3	
330	334	-3	
331	334	-2	
331	333	4	
329	333	-2	
369	373	-2	
370	373	-4	
370	375	-1	
371	375	-4	
371	374	-2	
369	374	2	
129	133	-1	
131	133	5	
131	134	2	
130	134	3	
130	135	-3	
129	135	-3	
209	213	2	
211	213	2	
211	215	-2	
208	215	-3	
208	214	-1	
209	214	4	
298	303	-3	
299	303	-2	
299	363	-2	
363	365	3	
362	365	4	
298	362	2	
394	397	-1	
397	405	-2	
402	405	2	
402	406	2	
398	406	2	
394	398	-4	
201	206	3	
202	206	2	
202	266	2	
266	268	-2	
265	268	-4	
201	265	2	
91	92	3	
92	100	1	
99	100	2	
99	101	2	
93	101	1	
91	93	-2	
104	108	-1	
108	116	-1	
112	116	2	
112	117	3	
109	117	2	
104	109	-3	
154	157	-3	
155	157	3	
155	219	-3	
219	221	-2	
218	221	2	
154	218	3	
424	428	-1	
425	428	4	
425	489	-1	
489	492	3	
488	492	-1	
424	488	2	
74	78	-2	
78	86	-1	
82	86	-2	
82	87	-1	
79	87	-1	
74	79	2	
240	247	4	
243	247	-3	
243	307	2	
307	311	1	
304	311	-3	
240	304	-2	
34	37	-3	
37	45	2	
42	45	-1	
42	47	2	
39	47	2	
34	39	-2	
193	199	-3	
195	199	3	
195	259	1	
259	260	2	
257	260	-2	
193	257	-2	
226	228	-2	
228	236	-2	
234	236	2	
234	238	-3	
230	238	-2	
226	230	-4	
272	278	-3	
275	278	-2	
275	339	2	
339	340	2	
336	340	2	
272	336	-1	
185	188	4	
187	188	1	
187	251	-2	
251	254	-2	
249	254	1	
185	249	-2	
282	286	-3	
283	286	1	
283	347	-2	
347	349	-2	
346	349	-1	
282	346	-2	
432	437	-2	
434	437	2	
434	498	2	
498	501	2	
496	501	-3	
432	496	-1	
440	447	3	
443	447	-1	
443	507	1	
507	508	4	
504	508	-1	
440	504	-3	
322	327	-3	
323	327	2	
323	387	-2	
387	389	2	
386	389	-4	
322	386	1	
466	470	2	
470	478	-1	
472	478	-2	
472	479	3	
471	479	1	
466	471	-3	
171	173	-3	
173	181	-1	
179	181	2	
179	182	2	
174	182	-2	
171	174	3	
313	317	1	
314	317	2	
314	378	-3	
378	380	3	
313	377	-3	
137	141	2	
141	149	1	
147	149	1	
147	150	-1	
142	150	-1	
137	142	-3	
288	292	-2	
291	292	2	
291	355	-2	
355	356	1	
352	356	2	
288	352	-2	
56	61	-3	
59	61	-2	
59	123	3	
123	124	2	
120	124	-2	
56	120	3	
10	14	2	
14	22	-2	
17	22	2	
17	23	-3	
15	23	-2	
10	15	3	
411	413	2	
413	421	-1	
418	421	1	
418	422	2	
414	422	-2	
411	414	-3	
3	6	-2	
3	67	-3	
67	68	3	
65	68	-5	
1	65	3	
48	52	-3	
49	52	1	
50	54	2	
50	53	2	
48	53	3	
449	452	-1	
450	454	2	
450	455	-3	
449	455	-2	
26	28	-1	
27	28	-2	
27	31	-2	
25	31	2	
25	29	3	
26	29	3	
482	484	-2	
482	487	-2	
480	487	-2	
480	486	-2	
156	164	-2	
162	164	-4	
162	166	1	
158	166	1	
153	158	2	
456	460	3	
459	460	2	
459	462	2	
457	463	-3	
456	463	2	
468	476	-1	
475	476	-3	
475	477	3	
469	477	1	
392	397	2	
393	397	3	
393	398	1	
394	399	-3	
392	399	-3	
11	12	-1	
12	20	-1	
19	20	4	
19	21	-2	
13	21	-1	
113	117	1	
114	117	3	
114	178	-1	
178	180	-1	
177	180	2	
113	177	-2	
347	350	-1	
350	358	-3	
354	358	-4	
354	359	2	
351	359	-2	
347	351	-3	
338	340	-3	
337	341	3	
336	341	2	
284	292	2	
290	292	3	
286	294	2	
280	286	2	
65	71	2	
65	129	1	
129	134	1	
128	134	3	
192	196	3	
193	196	2	
257	261	-1	
256	261	3	
192	256	-1	
266	269	-2	
267	331	2	
331	335	1	
330	335	2	
266	330	-1	
96	100	-3	
98	100	2	
98	103	2	
97	103	3	
97	101	-2	
96	101	-2	
496	500	-3	
497	502	2	
499	502	2	
499	501	2	
232	238	2	
232	239	-1	
231	239	2	
226	231	2	
297	301	2	
301	309	2	
305	309	2	
302	310	-1	
433	438	-2	
442	446	-2	
442	447	-2	
439	447	-2	
405	413	-3	
409	413	1	
407	415	-2	
402	407	2	
244	252	-2	
250	254	-2	
246	254	2	
210	215	2	
210	274	2	
272	277	-1	
208	272	-1	
165	173	-1	
168	173	2	
167	175	-1	
384	388	-1	
385	389	-2	
387	390	-2	
427	491	-2	
491	492	-3	
490	492	2	
426	490	-1	
40	47	-2	
43	47	2	
43	107	-2	
107	111	2	
104	111	3	
40	104	-2	
307	308	-3	
307	371	2	
371	373	-1	
306	370	-1	
416	420	1	
420	428	2	
425	430	1	
422	430	2	
416	422	-2	
314	318	2	
378	382	3	
312	376	-2	
136	141	2	
139	141	-3	
139	203	2	
200	205	2	
48	55	1	
51	55	-1	
51	115	1	
112	119	3	
48	112	-2	
245	253	2	
251	253	3	
251	255	-2	
247	255	-2	
242	247	2	
505	508	3	
507	509	-3	
506	511	-2	
505	511	-2	
81	86	3	
83	86	2	
83	147	-1	
147	151	2	
145	151	-2	
81	145	-1	
59	60	-1	
59	63	4	
58	62	4	
26	30	-3	
27	30	-3	
27	91	-2	
91	95	4	
26	90	2	
259	262	3	
264	270	3	
259	263	3	
72	76	3	
75	77	-4	
73	77	2	
73	79	1	
72	79	-3	
198	206	-1	
201	207	-2	
199	207	2	
194	199	2	
219	220	1	
216	221	2	
216	222	-2	
185	189	2	
187	189	2	
187	191	3	
186	191	2	
185	190	1	
348	356	2	
353	356	1	
349	357	3	
345	349	-3	
36	44	2	
42	44	-1	
42	46	-3	
38	46	-2	
32	38	2	
435	436	-2	
441	444	-3	
437	445	-1	
435	437	4	
322	325	-3	
320	327	-2	
320	326	2	
403	404	-3	
403	467	1	
467	471	-2	
465	471	2	
401	465	-1	
225	289	-2	
288	293	-1	
224	288	1	
82	84	2	
82	146	2	
146	150	3	
144	150	1	
80	144	2	
482	485	2	
485	493	-1	
488	493	-3	
488	495	2	
487	495	1	
105	109	-2	
106	109	-2	
106	170	2	
105	169	2	
363	364	-2	
362	367	2	
3	4	2	
3	5	3	
0	6	2	
409	412	2	
474	476	-2	
473	476	-3	
273	276	-2	
276	284	1	
279	287	1	
313	316	-3	
315	379	2	
377	383	-2	
89	153	2	
88	152	2	
133	141	-1	
138	141	-1	
138	143	-3	
135	143	-2	
131	135	-1	
34	36	3	
35	39	2	
33	39	3	
33	37	2	
163	164	-1	
162	165	-2	
147	148	-3	
147	211	2	
211	214	2	
145	209	-2	
449	453	3	
450	453	3	
448	454	-2	
449	454	2	
179	180	2	
179	183	2	
177	183	3	
177	181	2	
176	181	-2	
66	69	-2	
66	70	3	
65	70	-1	
298	300	2	
296	303	2	
369	372	-2	
370	374	-1	
368	373	-1	
331	332	1	
328	333	3	
328	334	1	
10	12	3	
8	15	-2	
9	13	2	
233	236	3	
235	236	-2	
234	237	-2	
233	238	-2	
456	461	-4	
459	461	-2	
459	463	2	
458	462	3	
456	462	-1	
17	21	-2	
17	81	-2	
80	85	-2	
16	80	-2	
388	396	-2	
391	399	2	
353	359	3	
355	359	-2	
417	421	-2	
344	351	1	
346	410	1	
410	414	2	
408	414	-2	
344	408	-1	
275	277	-2	
277	285	-1	
282	285	3	
278	286	-1	
219	223	-1	
225	230	-1	
227	230	1	
227	291	-1	
289	295	2	
476	484	-1	
483	484	-3	
478	486	2	
475	478	-2	
129	132	3	
131	132	-3	
131	195	1	
193	197	-3	
129	193	-1	
242	306	-1	
304	308	2	
90	92	-3	
88	92	1	
24	88	2	
19	22	2	
16	22	-1	
18	23	-2	
258	322	-2	
322	324	1	
256	320	-1	
201	204	-2	
202	204	2	
265	269	-1	
184	189	1	
186	250	2	
248	254	-1	
184	248	-2	
100	108	-1	
102	110	2	
96	102	-2	
50	55	2	
50	114	2	
49	113	-1	
434	438	-1	
440	446	1	
434	439	1	
402	466	2	
466	468	-2	
400	464	-2	
496	502	-1	
496	503	2	
488	494	-2	
314	316	3	
312	317	2	
313	319	-1	
200	204	1	
211	212	2	
206	214	-2	
200	206	2	
75	79	2	
73	78	-1	
56	60	-2	
57	61	-1	
336	343	-2	
44	52	-1	
45	53	1	
41	45	2	
168	172	-2	
170	173	-1	
168	174	-3	
116	124	-2	
121	124	-2	
121	126	3	
118	126	4	
115	118	2	
307	310	1	
369	375	1	
305	369	-1	
428	436	1	
429	437	1	
425	429	3	
412	420	1	
248	252	1	
249	255	2	
394	396	-2	
396	404	1	
465	469	-3	
506	508	1	
507	510	-1	
505	510	-2	
387	391	-2	
387	451	2	
448	452	-2	
384	448	-1	
208	212	-2	
212	220	-1	
217	223	-2	
215	223	-3	
281	345	-1	
179	243	1	
243	244	-2	
177	241	-1	
288	294	2	
294	302	1	
297	303	-1	
295	303	1	
288	295	-2	
356	364	2	
361	365	-2	
357	365	1	
352	357	2	
130	194	1	
128	192	1	
2	66	-2	
64	69	-2	
0	64	-2	
103	111	1	
8	14	-2	
10	74	-2	
74	76	-3	
8	72	1	
372	380	-2	
374	382	3	
368	374	-2	
150	158	-1	
154	158	-2	
154	159	-2	
151	159	3	
163	227	2	
160	224	2	
474	477	2	
477	485	-2	
481	485	2	
481	487	2	
479	487	1	
498	500	2	
497	501	-3	
497	503	2	
274	279	1	
209	273	1	
232	236	-3	
235	239	3	
185	191	-1	
187	190	2	
184	190	2	
324	332	-1	
328	332	-3	
325	333	-1	
323	325	-1	
24	28	-1	
24	30	-2	
84	92	2	
87	95	2	
83	87	1	
82	85	2	
85	93	-2	
86	94	2	
379	443	1	
443	445	-1	
440	445	2	
376	440	1	
326	334	1	
329	334	-2	
327	335	1	
321	327	-2	
148	156	-2	
152	156	2	
152	157	-1	
149	157	-2	
144	149	-2	
139	142	-1	
136	143	2	
363	367	-3	
98	101	-3	
98	162	-1	
161	164	-2	
97	161	1	
400	405	-1	
408	413	2	
176	182	-2	
178	242	-1	
240	245	-2	
176	240	-1	
386	450	1	
385	449	-2	
197	205	1	
203	207	2	
354	356	-2	
111	119	1	
282	284	2	
290	293	3	
285	293	-1	
304	309	2	
315	319	-1	
268	276	2	
272	276	2	
270	278	-2	
265	270	1	
220	228	-1	
226	229	-1	
221	229	1	
419	483	-2	
416	480	-2	
56	63	2	
123	127	1	
32	37	2	
35	37	1	
99	102	-1	
430	438	-2	
432	439	2	
431	439	2	
426	431	1	
474	478	-1	
473	478	-2	
473	479	-1	
11	15	-3	
43	44	-1	
40	46	1	
169	175	-3	
169	174	2	
441	447	2	
130	133	2	
337	340	-1	
336	342	-2	
258	260	3	
258	263	-1	
257	263	-1	
257	262	1	
256	262	2	
401	405	1	
401	407	-1	
399	407	1	
393	399	-1	
48	54	-1	
17	20	1	
18	21	1	
418	482	1	
482	486	1	
417	481	-1	
370	372	1	
370	434	-2	
434	436	-2	
433	436	3	
369	433	2	
71	79	3	
219	222	2	
219	283	1	
216	280	-1	
117	125	2	
234	298	-1	
298	302	1	
232	296	-2	
313	318	1	
315	318	1	
489	493	2	
491	495	-3	
134	142	-1	
128	135	1	
241	245	1	
240	246	1	
267	268	2	
265	329	-1	
389	397	-2	
392	398	1	
390	398	-2	
106	108	1	
170	175	-2	
289	292	-1	
289	353	-1	
352	359	-2	
144	208	1	
346	348	2	
280	344	-1	
307	309	1	
304	310	-1	
186	188	1	
427	428	1	
424	429	-1	
347	411	-1	
345	409	-1	
272	279	-2	
273	278	-1	
224	228	-1	
225	231	-1	
224	230	-2	
450	452	1	
451	455	1	
499	503	1	
257	321	-1	
467	468	-2	
466	469	1	
160	164	1	
163	165	1	
160	166	1	
504	509	-1	
290	354	1	
57	60	-1	
213	221	2	
18	82	-1	
88	93	-2	
115	179	1	
41	47	1	
41	105	-1	
105	110	2	
104	110	1	
320	384	-1	
9	73	1	
419	422	1	
483	487	-2	
362	364	1	
91	94	-1	
334	342	1	
335	343	1	
314	319	-1	
371	435	1	
368	432	-1	
507	511	1	
506	510	-1	
410	413	-1	
410	415	-1	
50	52	-2	
51	54	-1	
402	404	1	
464	471	2	
394	458	1	
458	460	-1	
393	457	1	
178	183	1	
259	261	1	
264	269	-1	
97	100	-1	
296	300	-2	
75	78	-1	
64	70	1	
339	403	-1	
337	401	-1	
161	167	1	
227	229	-1	
161	225	-1	
119	127	-2	
30	38	-2	
35	38	1	
31	39	-2	
153	217	-1	
281	286	-1	
287	295	-1	
145	150	1	
146	210	1	
210	214	1	
107	109	-1	
42	106	1	
330	394	1	
344	349	1	
492	500	-1	
495	503	-1	
426	428	1	
417	422	-1	
251	252	-1	
269	277	1	
274	278	1	
378	442	-1	
442	444	-1	
377	441	-1	
385	390	1	
451	453	-1	
120	125	-2	
306	310	-1	
306	311	-1	
64	68	-1	
322	326	2	
250	314	-1	
249	313	-1	
137	201	-1	
493	501	-1	
494	502	1	
490	494	1	
379	382	-1	
375	383	-1	
271	279	-1	
266	271	1	
67	71	-1	
237	245	-1	
242	246	1	
238	246	-1	
362	426	-1	
361	425	1	
218	220	1	
152	216	-1	
298	301	1	
303	311	-1	
209	212	1	
338	402	1	
400	406	-1	
336	400	-1	
162	167	-1	
162	226	-1	
89	95	-1	
90	94	1	
171	172	1	
172	180	1	
409	414	1	
280	287	1	
113	119	1	
217	221	1	
404	412	-1	
408	412	1	
403	405	1	
74	138	-1	
155	159	1	
241	247	1	
305	308	-1	
241	305	1	
273	337	-1	
46	54	-1	
47	55	-1	
19	23	-1	
19	83	1	
376	380	-1	
157	165	1	
32	39	1	
26	31	1	
128	133	-1	
321	324	1	
347	348	1	
345	350	-1	
233	297	1	
500	508	1	
501	509	1	
193	198	1	
359	367	1	
265	271	-1	
411	415	-1	
68	76	-1	
27	29	1	
115	117	1	
Energy:	-1730	
