NumberOfQubits	504	
NumberOfSubgraphs	672	
Serial	210	
PlantedSolution:	
0	1	
1	1	
2	1	
3	-1	
4	1	
5	1	
6	1	
8	-1	
9	-1	
10	1	
11	-1	
12	1	
13	-1	
14	1	
15	-1	
16	-1	
17	1	
18	-1	
19	1	
20	-1	
21	-1	
22	-1	
23	1	
24	1	
25	1	
26	1	
27	1	
28	1	
29	-1	
30	1	
31	1	
32	-1	
33	-1	
34	1	
35	-1	
36	-1	
37	-1	
38	1	
39	1	
40	-1	
41	-1	
42	1	
43	1	
44	1	
45	-1	
46	1	
47	-1	
48	1	
49	1	
50	1	
51	1	
52	1	
53	1	
54	-1	
55	1	
56	1	
57	-1	
58	1	
59	-1	
60	-1	
61	-1	
62	-1	
63	-1	
64	1	
65	-1	
66	1	
67	1	
68	-1	
69	-1	
70	1	
71	-1	
72	1	
73	-1	
74	1	
75	-1	
76	1	
77	1	
78	1	
79	-1	
80	-1	
81	1	
82	1	
83	1	
84	-1	
85	-1	
86	-1	
87	1	
88	1	
89	1	
90	1	
91	-1	
92	1	
93	-1	
94	-1	
95	1	
96	1	
97	-1	
98	-1	
99	-1	
100	1	
101	-1	
102	1	
103	1	
104	-1	
105	-1	
106	1	
107	-1	
108	1	
109	1	
110	1	
111	1	
112	-1	
113	-1	
114	1	
115	-1	
116	-1	
117	-1	
118	1	
119	1	
120	-1	
121	-1	
123	-1	
124	1	
125	-1	
126	-1	
127	-1	
128	1	
129	-1	
130	1	
131	1	
132	1	
133	-1	
134	-1	
135	-1	
136	1	
137	-1	
138	1	
139	1	
141	1	
142	-1	
143	1	
144	-1	
145	1	
146	-1	
147	1	
148	-1	
149	-1	
150	1	
151	-1	
152	1	
153	-1	
154	-1	
155	-1	
156	-1	
157	-1	
158	1	
159	-1	
160	1	
161	1	
162	-1	
163	1	
164	-1	
165	-1	
166	1	
167	1	
168	-1	
169	-1	
170	-1	
171	1	
172	-1	
173	-1	
174	-1	
175	-1	
176	-1	
177	1	
178	-1	
179	1	
180	1	
181	1	
182	1	
183	1	
184	-1	
185	1	
186	1	
187	-1	
188	1	
189	-1	
190	-1	
191	1	
192	-1	
193	1	
194	-1	
195	-1	
196	1	
197	-1	
198	-1	
199	-1	
200	1	
201	-1	
202	-1	
203	-1	
204	-1	
205	1	
206	1	
207	1	
208	1	
209	1	
210	1	
211	-1	
212	-1	
213	1	
214	-1	
215	-1	
216	1	
217	-1	
218	-1	
219	1	
220	1	
221	1	
222	1	
223	-1	
224	-1	
225	-1	
226	1	
227	1	
228	1	
229	1	
230	1	
231	-1	
232	1	
233	1	
234	-1	
235	1	
236	-1	
237	1	
238	1	
239	-1	
240	1	
241	-1	
242	-1	
243	1	
244	-1	
245	-1	
246	1	
247	1	
248	1	
249	1	
250	1	
251	1	
252	-1	
253	1	
254	1	
255	1	
256	-1	
257	1	
258	1	
259	1	
260	-1	
261	-1	
262	-1	
263	-1	
264	1	
265	-1	
266	-1	
267	1	
268	1	
269	1	
270	1	
271	1	
272	1	
273	-1	
274	1	
275	-1	
276	1	
277	1	
278	-1	
279	1	
280	-1	
281	-1	
282	-1	
283	-1	
284	1	
285	-1	
286	1	
287	1	
288	1	
289	1	
290	1	
291	-1	
292	1	
293	-1	
294	1	
295	1	
296	1	
297	1	
298	1	
299	1	
300	1	
301	-1	
302	1	
303	-1	
304	1	
305	-1	
306	1	
307	1	
308	1	
309	1	
310	1	
311	-1	
312	-1	
313	1	
314	-1	
315	1	
316	-1	
317	-1	
318	-1	
319	1	
320	1	
321	1	
322	1	
323	1	
324	-1	
325	-1	
326	-1	
327	1	
328	1	
329	1	
330	1	
331	-1	
332	1	
333	1	
334	1	
335	-1	
336	1	
337	-1	
338	-1	
339	1	
340	1	
341	-1	
342	-1	
343	1	
344	1	
345	1	
346	-1	
347	-1	
348	1	
349	-1	
350	1	
351	1	
352	-1	
353	1	
354	1	
355	1	
356	-1	
357	-1	
358	-1	
359	1	
361	-1	
362	1	
363	1	
364	-1	
365	1	
367	1	
368	1	
369	1	
370	1	
371	1	
372	-1	
373	-1	
374	-1	
375	1	
376	-1	
377	1	
378	1	
379	-1	
380	-1	
382	1	
383	1	
384	-1	
385	-1	
386	1	
387	-1	
388	-1	
389	-1	
390	1	
391	1	
392	-1	
393	1	
394	-1	
396	1	
397	1	
398	1	
399	1	
400	-1	
401	-1	
402	-1	
403	-1	
404	1	
405	1	
406	1	
407	1	
408	1	
409	-1	
410	-1	
411	1	
412	1	
413	1	
414	-1	
415	-1	
416	-1	
417	-1	
418	-1	
419	-1	
420	1	
421	1	
422	-1	
424	1	
425	-1	
426	-1	
427	1	
428	1	
429	-1	
430	-1	
431	-1	
432	-1	
433	-1	
434	-1	
435	-1	
436	1	
437	-1	
438	-1	
439	1	
440	1	
441	1	
442	1	
443	-1	
444	1	
445	-1	
446	-1	
447	-1	
448	1	
449	-1	
450	1	
451	-1	
452	-1	
453	-1	
454	1	
455	1	
456	1	
457	1	
458	-1	
459	1	
460	-1	
461	-1	
462	-1	
463	1	
464	1	
465	1	
466	1	
467	1	
468	-1	
469	-1	
470	1	
471	-1	
472	-1	
473	-1	
474	1	
475	-1	
476	-1	
477	-1	
478	1	
479	1	
480	-1	
481	1	
482	1	
483	-1	
484	1	
485	1	
486	1	
487	1	
488	-1	
489	1	
490	-1	
491	-1	
492	1	
493	-1	
494	1	
495	-1	
496	1	
497	-1	
498	1	
499	-1	
500	1	
501	1	
502	1	
503	-1	
504	-1	
505	1	
506	1	
507	-1	
508	1	
509	1	
510	1	
511	1	
Js:	
211	214	-4	
214	222	-1	
217	222	3	
217	223	-4	
215	223	-2	
211	215	-3	
266	268	-3	
268	276	-2	
273	276	5	
273	277	2	
269	277	-2	
266	269	4	
225	228	4	
228	236	2	
233	236	4	
233	239	2	
231	239	-2	
225	231	-4	
241	244	-6	
242	244	-2	
242	246	4	
240	246	-4	
240	245	3	
241	245	3	
40	44	5	
42	44	-5	
42	47	-2	
41	47	-6	
41	45	-6	
40	45	-3	
288	293	-3	
290	293	4	
290	294	-3	
291	294	2	
291	295	5	
288	295	-5	
449	453	-3	
451	453	-4	
451	454	2	
448	454	4	
448	455	-5	
449	455	2	
65	69	-5	
69	77	4	
75	77	2	
75	78	3	
70	78	-5	
65	70	4	
338	341	-6	
341	349	-2	
344	349	6	
344	350	3	
342	350	1	
338	342	-3	
401	404	4	
404	412	-3	
411	412	-4	
411	415	-1	
407	415	2	
401	407	3	
299	300	-2	
300	308	-3	
305	308	3	
305	311	-6	
303	311	2	
299	303	5	
488	493	-4	
491	493	-5	
491	494	4	
490	494	-1	
490	495	-6	
488	495	-3	
280	285	-6	
282	285	-2	
282	287	4	
283	287	4	
283	286	4	
280	286	4	
185	191	-5	
186	191	-3	
186	250	-3	
250	254	-3	
249	254	-4	
185	249	2	
506	509	-3	
507	509	3	
507	511	4	
505	511	-5	
505	510	3	
506	510	-5	
96	100	-3	
99	100	4	
99	163	3	
163	164	-3	
160	164	5	
96	160	-2	
114	117	2	
115	117	3	
115	118	4	
113	118	3	
113	119	3	
114	119	-3	
49	52	-4	
52	60	2	
56	60	4	
56	63	4	
55	63	3	
49	55	-5	
352	356	-2	
353	356	-4	
353	359	-3	
354	359	-3	
354	357	4	
352	357	-2	
16	22	-4	
18	22	-4	
18	82	4	
82	87	-5	
80	87	2	
16	80	-4	
192	196	3	
194	196	4	
194	197	-5	
195	197	-6	
195	199	1	
192	199	-3	
425	429	2	
427	429	3	
427	431	3	
424	431	3	
424	430	4	
425	430	-2	
394	397	-6	
397	405	-2	
403	405	5	
403	406	4	
398	406	-4	
394	398	4	
464	468	4	
467	468	5	
467	470	4	
465	470	-6	
465	469	6	
464	469	3	
152	157	2	
153	157	-5	
153	158	5	
155	158	3	
155	159	-3	
152	159	2	
473	476	-3	
474	476	5	
474	479	3	
472	479	3	
472	478	4	
473	478	3	
304	309	4	
309	317	3	
312	317	-3	
312	318	-5	
310	318	3	
304	310	-4	
136	142	3	
138	142	2	
138	202	3	
202	204	-4	
200	204	3	
136	200	-5	
256	262	-5	
259	262	6	
259	323	1	
323	325	6	
320	325	1	
256	320	2	
120	124	5	
121	124	3	
121	127	-5	
123	127	2	
123	125	-5	
120	125	-4	
496	500	-2	
499	500	4	
499	503	-3	
498	503	2	
498	502	-6	
496	502	3	
3	4	-4	
4	12	-1	
11	12	1	
11	14	5	
6	14	-1	
3	6	5	
370	372	3	
371	372	5	
371	435	1	
435	437	-3	
434	437	-3	
370	434	-3	
24	30	-5	
25	30	-1	
25	89	4	
89	93	3	
88	93	2	
24	88	-3	
105	110	5	
107	110	4	
107	171	2	
171	175	3	
169	175	-4	
105	169	2	
369	374	3	
374	382	4	
376	382	4	
376	383	-4	
375	383	-3	
369	375	-2	
144	148	-4	
146	148	5	
146	149	-3	
145	149	1	
145	150	-6	
144	150	3	
176	180	3	
178	180	3	
178	183	6	
179	183	-2	
179	182	-4	
176	182	4	
264	270	3	
270	278	2	
275	278	-4	
275	279	3	
271	279	-2	
264	271	-3	
416	420	6	
418	420	4	
418	482	5	
482	487	-4	
480	487	-2	
416	480	-4	
384	388	3	
386	388	3	
386	389	3	
385	389	-4	
385	390	4	
384	390	4	
440	444	-5	
441	444	-5	
441	446	4	
443	446	-5	
443	445	-5	
440	445	3	
66	68	4	
68	76	5	
74	76	-5	
74	79	4	
71	79	2	
66	71	5	
339	340	-2	
340	348	2	
347	348	3	
347	351	4	
343	351	-3	
339	343	-5	
130	132	-4	
131	132	-3	
131	134	2	
129	134	-3	
129	135	4	
130	135	2	
322	324	-2	
324	332	3	
331	332	4	
331	335	-5	
327	335	3	
322	327	-5	
17	21	6	
21	29	-2	
26	29	5	
26	31	-4	
23	31	2	
17	23	-3	
314	319	4	
315	319	-4	
315	379	4	
379	380	-3	
378	380	5	
314	378	3	
32	36	-4	
35	36	-2	
35	37	-5	
34	37	3	
34	38	-5	
32	38	4	
232	237	-3	
234	237	3	
234	298	2	
298	302	-4	
296	302	-4	
232	296	-2	
137	141	3	
139	141	-3	
139	203	3	
203	205	5	
201	205	-4	
137	201	-3	
456	461	5	
459	461	3	
459	462	2	
458	462	-6	
458	463	-3	
456	463	-4	
97	103	5	
98	103	5	
98	162	1	
162	166	6	
161	166	-3	
97	161	2	
104	109	4	
106	109	-5	
106	170	-1	
170	172	-4	
168	172	-3	
104	168	-1	
209	212	-4	
212	220	1	
218	220	4	
218	221	3	
213	221	-2	
209	213	-2	
408	413	-3	
413	421	-2	
419	421	4	
419	422	-3	
414	422	1	
408	414	3	
184	189	-2	
187	189	-5	
187	251	3	
251	252	5	
248	252	4	
184	248	-2	
50	53	-6	
53	61	2	
59	61	-4	
59	62	-6	
54	62	-3	
50	54	3	
361	364	-5	
363	364	4	
363	367	-6	
362	367	-4	
362	365	-6	
361	365	3	
328	334	-3	
329	334	-4	
329	393	-3	
393	396	-3	
392	396	5	
328	392	2	
81	84	6	
84	92	2	
91	92	2	
91	94	-4	
86	94	-3	
81	86	-4	
224	229	-4	
227	229	-5	
227	230	-4	
226	230	-2	
226	231	3	
224	231	-4	
433	436	-5	
435	436	2	
435	439	3	
432	439	3	
432	438	-4	
433	438	-3	
8	13	-4	
9	13	-4	
9	73	-3	
73	77	2	
72	77	-5	
8	72	4	
475	476	-3	
476	484	4	
483	484	4	
483	485	-4	
477	485	4	
475	477	-2	
256	260	-3	
258	260	5	
258	261	6	
257	261	4	
257	263	5	
256	263	-3	
1	4	-3	
2	4	-5	
2	5	-5	
0	5	6	
0	6	-2	
1	6	-5	
83	85	4	
85	93	-3	
90	93	3	
90	95	-2	
87	95	2	
83	87	-4	
450	452	3	
452	460	-3	
457	460	5	
457	462	3	
454	462	3	
450	454	-3	
10	12	-5	
12	20	3	
19	20	5	
19	23	-4	
15	23	2	
10	15	-5	
208	215	3	
210	215	3	
210	274	-3	
274	277	5	
272	277	-3	
208	272	-1	
345	350	-5	
346	350	3	
346	410	-3	
410	415	-2	
409	415	-7	
345	409	3	
400	407	3	
402	407	3	
402	466	-4	
466	471	5	
464	471	3	
400	464	4	
425	428	4	
426	428	4	
426	490	3	
490	492	4	
489	492	-5	
425	489	2	
48	53	1	
51	53	-4	
51	115	2	
115	116	-5	
112	116	-3	
48	112	4	
193	198	-4	
198	206	5	
200	206	-2	
200	207	-3	
199	207	4	
193	199	5	
169	173	-1	
173	181	2	
177	181	-4	
177	182	-3	
174	182	-1	
169	174	-4	
440	447	3	
442	447	3	
442	506	-3	
506	508	-3	
504	508	4	
440	504	3	
321	325	3	
325	333	3	
330	333	-4	
330	334	-3	
326	334	-3	
321	326	5	
242	247	-4	
243	247	-3	
243	307	-3	
307	310	-3	
306	310	-4	
242	306	2	
33	38	2	
38	46	1	
43	46	-4	
43	47	4	
39	47	1	
33	39	5	
281	284	4	
284	292	-2	
289	292	-5	
289	293	-2	
285	293	-2	
281	285	-3	
64	68	2	
67	68	3	
67	131	2	
131	133	5	
128	133	3	
64	128	-1	
233	238	-3	
235	238	-3	
235	299	3	
299	301	3	
297	301	2	
233	297	-3	
147	148	3	
148	156	-3	
154	156	-3	
154	159	-4	
151	159	2	
147	151	4	
313	316	4	
314	316	-4	
378	383	-3	
377	383	-5	
313	377	-3	
387	388	-2	
388	396	5	
392	399	5	
391	399	-6	
387	391	4	
417	422	-5	
418	422	-5	
482	486	-2	
481	486	-5	
417	481	2	
57	63	-6	
57	121	-2	
121	126	-4	
120	126	-3	
56	120	-1	
369	372	-3	
370	374	4	
368	374	4	
368	373	3	
369	373	4	
25	28	-5	
27	28	-5	
27	30	-4	
24	31	-3	
25	31	-5	
99	101	-4	
101	109	2	
104	110	2	
102	110	2	
99	102	2	
264	268	-3	
267	268	-5	
267	270	-5	
265	270	3	
265	269	5	
264	269	-2	
336	340	-4	
337	340	5	
337	343	3	
338	343	3	
336	341	-2	
161	164	3	
161	165	3	
163	165	3	
163	167	4	
160	167	-3	
497	500	4	
498	500	-2	
496	501	-4	
497	501	5	
355	356	4	
355	358	4	
354	358	5	
353	357	4	
245	253	3	
248	253	-3	
248	255	3	
247	255	-2	
240	247	-2	
185	188	-5	
186	188	-3	
186	190	4	
187	190	-3	
185	189	4	
217	221	3	
219	221	-5	
219	222	2	
216	222	-6	
216	223	3	
106	108	-3	
108	116	4	
114	116	3	
111	119	-3	
106	111	-5	
130	134	5	
134	142	-2	
136	143	-2	
135	143	-2	
58	60	3	
58	62	-5	
49	54	2	
481	484	-4	
484	492	-2	
488	492	5	
487	495	-2	
481	487	-4	
171	172	4	
170	175	-4	
170	173	-5	
168	173	3	
297	300	-5	
297	303	2	
403	404	2	
409	412	-3	
409	414	-2	
406	414	3	
201	204	-2	
202	205	2	
203	206	3	
201	206	4	
466	469	3	
467	471	5	
257	260	4	
259	261	-3	
259	263	2	
427	428	-2	
428	436	-2	
430	438	-1	
427	430	3	
387	389	-3	
387	451	-2	
451	452	-4	
449	452	-3	
385	449	-4	
75	76	2	
76	84	3	
78	86	2	
456	460	3	
459	460	4	
459	463	-5	
458	461	-4	
265	271	4	
266	271	3	
266	330	4	
330	335	2	
329	335	3	
265	329	2	
11	13	-4	
13	21	-2	
18	21	3	
14	22	5	
276	284	-1	
280	284	-4	
278	286	2	
273	278	-3	
225	230	5	
227	291	3	
291	292	4	
225	289	-1	
235	237	-4	
235	239	2	
234	239	-5	
234	238	-3	
232	238	-3	
345	348	-4	
344	351	-4	
345	349	3	
144	149	-6	
146	210	2	
210	212	1	
208	212	5	
144	208	-2	
89	92	-4	
90	92	-3	
90	154	2	
154	157	2	
89	153	1	
224	228	3	
226	228	-3	
226	290	3	
288	294	-4	
224	288	3	
66	69	-3	
64	71	5	
64	70	-3	
312	319	4	
376	380	-4	
312	376	2	
419	420	3	
419	483	-3	
480	485	4	
473	477	-4	
474	477	2	
474	478	-3	
475	478	5	
475	479	-3	
473	479	4	
442	444	-3	
442	445	3	
96	101	4	
98	101	-4	
97	102	4	
96	102	-3	
250	253	-2	
251	253	3	
251	254	-3	
249	255	-4	
250	255	-5	
177	180	-1	
179	180	4	
179	243	-4	
243	244	3	
177	241	2	
307	309	-3	
307	371	-2	
371	375	-3	
368	375	-2	
304	368	-3	
193	196	-3	
195	198	-2	
507	508	5	
505	509	-4	
504	509	5	
321	324	4	
323	324	4	
323	327	-3	
320	327	-4	
320	326	3	
34	36	5	
34	39	3	
33	37	-4	
32	37	-3	
41	44	1	
43	44	-3	
42	46	-4	
42	45	-3	
390	398	-2	
394	399	2	
384	391	3	
8	15	-3	
10	74	-1	
72	79	4	
426	429	-3	
429	437	-3	
434	439	2	
431	439	-2	
426	431	-3	
145	151	5	
147	211	2	
209	214	4	
145	209	-2	
88	94	2	
91	155	-2	
155	156	-3	
152	156	5	
88	152	3	
112	117	-4	
117	125	-3	
123	126	-5	
118	126	-2	
112	118	2	
363	365	-2	
361	367	4	
219	220	-3	
219	283	2	
218	282	-3	
336	342	4	
337	342	3	
337	401	-2	
401	405	3	
400	405	2	
336	400	2	
16	20	-2	
19	83	4	
80	85	-5	
182	190	4	
184	190	-5	
184	191	2	
183	191	-3	
176	183	-1	
133	141	2	
138	141	-5	
138	143	-3	
128	135	5	
489	493	3	
493	501	2	
497	502	2	
494	502	-2	
489	494	5	
354	356	2	
355	359	-3	
352	359	4	
352	358	-5	
160	165	2	
162	165	-3	
163	166	-2	
27	29	3	
105	108	2	
107	111	-1	
0	4	-3	
3	5	3	
2	6	-3	
328	332	-4	
329	333	-2	
328	333	-3	
296	300	5	
297	302	-3	
298	301	3	
296	301	5	
448	452	-3	
450	453	3	
451	455	4	
306	308	-4	
308	316	3	
313	317	2	
306	309	-3	
274	276	-2	
275	276	2	
275	277	3	
272	279	2	
274	279	-5	
48	52	-3	
51	52	-3	
51	54	6	
50	55	3	
48	55	-4	
57	61	-1	
58	63	3	
408	412	-4	
412	420	1	
417	420	2	
417	421	6	
113	116	1	
116	124	2	
120	127	-4	
119	127	3	
346	351	3	
347	411	2	
411	413	-4	
410	413	6	
176	181	3	
178	181	3	
178	242	-2	
176	240	4	
435	499	-4	
496	503	4	
432	496	3	
67	70	-3	
129	132	5	
65	129	-1	
393	397	-4	
394	458	-1	
393	457	-2	
377	382	-4	
377	441	1	
441	447	2	
376	440	2	
73	79	-3	
75	79	-3	
75	139	4	
139	143	-3	
137	143	-3	
73	137	-3	
424	429	3	
427	491	3	
424	488	-2	
322	386	-1	
386	391	-3	
320	384	-1	
32	39	-4	
35	39	4	
35	99	-2	
32	96	1	
192	197	-2	
195	259	2	
192	256	2	
287	295	-2	
281	287	2	
466	468	2	
150	158	-1	
205	213	-3	
209	215	3	
207	215	2	
203	207	-1	
168	174	-4	
169	233	-2	
232	236	2	
168	232	3	
184	188	4	
250	252	3	
472	477	-4	
480	486	4	
478	486	-2	
17	20	3	
18	20	-3	
82	86	1	
17	81	-2	
216	221	1	
221	229	-2	
227	231	3	
223	231	-2	
339	341	-3	
339	403	2	
402	405	4	
338	402	-2	
41	46	3	
40	47	3	
507	510	4	
504	510	-3	
315	316	3	
315	318	3	
314	317	-4	
8	12	3	
9	12	5	
11	15	-4	
267	271	2	
267	331	3	
264	328	-3	
88	95	-4	
154	158	3	
152	158	-2	
368	372	-3	
371	373	4	
289	294	-6	
294	302	1	
296	303	2	
295	303	1	
289	295	-1	
24	29	2	
29	37	-3	
35	38	3	
30	38	-3	
177	183	-3	
175	183	-1	
82	84	3	
82	85	1	
77	85	1	
74	77	2	
187	191	3	
249	252	3	
136	141	4	
238	246	-2	
243	246	-2	
239	247	2	
57	60	-4	
59	60	-3	
59	123	1	
123	124	4	
92	100	-3	
98	100	3	
93	101	1	
216	220	-2	
220	228	2	
222	230	-2	
392	398	-4	
387	390	4	
426	430	-4	
425	431	-5	
483	486	-3	
258	322	1	
322	326	4	
257	321	-2	
408	415	4	
344	408	-2	
272	278	4	
275	339	-1	
339	342	3	
272	336	-2	
362	364	4	
128	134	4	
130	194	4	
194	198	-2	
192	198	-3	
128	192	-3	
1	5	-2	
1	65	4	
65	71	-2	
0	64	-3	
457	463	-3	
146	150	1	
147	150	-3	
147	149	3	
49	113	-2	
113	117	-4	
379	383	-3	
379	443	-1	
443	447	-4	
378	442	-2	
43	45	2	
43	107	3	
107	109	-2	
40	104	-3	
434	436	3	
434	498	3	
498	501	-3	
433	497	-2	
468	476	-2	
471	479	1	
162	164	2	
164	172	-2	
171	174	4	
166	174	2	
450	455	-3	
449	454	4	
313	318	-4	
313	319	-3	
311	319	1	
306	311	3	
355	357	-2	
16	23	5	
491	495	-4	
94	102	2	
95	103	-2	
91	95	3	
114	118	-4	
50	114	2	
211	212	-2	
211	213	2	
210	213	-4	
210	214	3	
208	214	2	
235	236	2	
236	244	-2	
237	245	2	
282	286	5	
432	437	1	
437	445	-3	
441	445	2	
438	446	-3	
73	78	3	
139	142	3	
137	142	4	
226	229	-3	
290	292	-4	
17	22	2	
9	14	-2	
3	67	4	
2	66	-3	
346	348	4	
500	508	2	
505	508	-2	
503	511	2	
389	397	3	
393	399	-2	
330	332	-2	
416	422	-2	
201	207	2	
411	414	2	
401	406	-3	
157	165	-3	
161	167	-3	
159	167	2	
153	159	-3	
180	188	-3	
26	28	-2	
28	36	-3	
33	36	-2	
370	375	-3	
469	477	2	
470	478	-1	
258	262	2	
307	308	2	
304	311	3	
272	276	-4	
273	279	2	
274	278	-1	
107	108	4	
105	109	3	
105	111	2	
218	223	-2	
128	132	-2	
129	133	-3	
131	135	3	
298	300	-2	
299	302	-3	
58	61	5	
56	61	4	
249	253	-3	
248	254	-4	
121	125	2	
72	76	-1	
347	350	-3	
482	484	-2	
479	487	-2	
181	189	-4	
323	387	1	
321	385	-1	
10	14	-3	
290	295	-2	
195	196	4	
196	204	2	
200	205	1	
197	205	3	
266	270	1	
282	284	2	
283	285	-2	
370	373	3	
377	380	3	
385	388	-3	
394	396	2	
490	493	-2	
488	494	2	
455	463	2	
234	236	-2	
241	247	3	
363	427	-2	
361	425	3	
421	429	2	
422	430	2	
161	225	-2	
160	224	1	
337	341	-2	
144	151	1	
194	199	-3	
129	193	2	
80	84	-1	
81	85	2	
83	86	2	
80	86	4	
435	438	3	
98	102	3	
48	54	2	
208	213	-3	
115	119	-2	
402	404	3	
400	406	2	
67	71	2	
453	461	-2	
315	317	-2	
158	166	2	
26	90	-2	
90	94	4	
89	94	1	
242	245	2	
501	509	-1	
502	510	-1	
436	444	-2	
443	444	-1	
439	447	4	
104	108	3	
112	119	2	
104	111	3	
259	260	-2	
260	268	2	
262	270	2	
291	293	-2	
298	303	4	
472	476	-1	
19	21	2	
64	69	2	
74	78	-3	
99	103	1	
33	97	1	
56	62	-1	
305	309	3	
305	369	3	
217	220	-2	
281	286	3	
217	281	-3	
403	407	2	
399	407	-1	
202	207	4	
384	389	-3	
386	450	4	
384	448	2	
486	494	-2	
251	255	-2	
169	172	-3	
171	235	-2	
355	419	3	
354	418	-2	
83	147	-1	
82	146	2	
410	414	-3	
411	475	-3	
410	474	3	
243	245	1	
424	428	-4	
433	437	-3	
497	503	-3	
211	275	-3	
154	218	2	
152	216	-2	
44	52	-2	
47	55	2	
356	364	-2	
357	365	3	
331	333	3	
333	341	1	
335	343	2	
461	469	1	
462	470	1	
456	462	3	
27	91	3	
91	93	2	
320	324	-3	
162	167	2	
163	227	-1	
162	226	2	
131	195	1	
9	15	2	
442	446	-2	
409	473	-2	
408	472	2	
346	349	-3	
347	349	-1	
74	138	-3	
379	382	3	
89	95	-3	
229	237	-2	
233	237	-2	
230	238	-2	
224	230	1	
392	397	1	
115	179	2	
113	177	3	
261	269	2	
263	271	2	
258	263	-2	
193	197	-2	
460	468	1	
463	471	1	
289	353	-1	
353	358	1	
288	352	-1	
165	173	-2	
171	173	-1	
16	21	1	
329	332	-4	
332	340	1	
334	342	2	
495	503	-2	
40	46	-2	
218	222	2	
216	280	-2	
307	311	-1	
240	304	-1	
97	100	-3	
97	101	-1	
146	151	1	
203	204	2	
204	212	-3	
50	52	-2	
155	219	-1	
153	217	-1	
73	76	2	
209	273	-1	
312	316	2	
314	318	-1	
202	206	2	
322	325	3	
323	326	-1	
299	363	2	
298	362	-1	
156	164	1	
504	511	1	
26	30	-3	
27	31	1	
482	485	-3	
283	284	-3	
57	62	-3	
170	234	1	
232	239	3	
378	382	-3	
130	133	3	
49	53	3	
466	470	-4	
465	471	-1	
41	105	-2	
11	75	2	
227	228	-2	
257	262	1	
409	413	-1	
292	300	-1	
293	301	-1	
392	456	-1	
364	372	-1	
365	373	-2	
67	69	2	
432	436	2	
499	501	-1	
338	340	2	
167	175	2	
344	348	-1	
348	356	-2	
351	359	-2	
110	118	1	
244	252	1	
246	254	-2	
241	246	2	
149	157	2	
88	92	-2	
265	268	1	
186	189	1	
506	511	2	
441	505	-2	
10	13	2	
8	14	2	
396	404	1	
400	404	3	
393	398	-2	
25	29	-1	
492	500	2	
499	502	2	
142	150	-2	
143	151	3	
401	465	1	
219	223	-3	
434	438	-2	
369	433	1	
187	188	-1	
103	111	-2	
349	357	-1	
350	358	-1	
45	53	2	
46	54	2	
66	70	1	
480	484	2	
483	487	2	
283	347	-1	
281	345	1	
114	178	-2	
155	157	-2	
403	467	1	
464	470	-2	
42	106	-2	
72	136	-2	
240	244	2	
489	495	1	
81	87	-1	
145	148	1	
81	145	-1	
353	417	-1	
352	416	-2	
331	334	-1	
386	390	-2	
256	261	-1	
280	287	2	
273	337	1	
372	380	-1	
267	269	1	
24	28	-1	
448	453	2	
305	310	1	
168	175	-2	
160	166	-1	
96	103	1	
19	22	-1	
433	439	2	
465	468	2	
277	285	1	
279	287	-2	
416	421	-2	
367	375	-1	
330	394	1	
31	39	-1	
297	361	1	
368	432	1	
328	335	-1	
481	485	1	
457	461	1	
467	469	1	
141	149	1	
321	327	-1	
153	156	1	
371	374	1	
385	391	-2	
112	176	1	
359	367	1	
170	174	1	
83	84	1	
202	266	-1	
201	265	-1	
123	187	1	
120	184	-1	
304	308	-1	
302	310	-1	
362	426	1	
410	412	1	
51	55	-1	
Energy:	-2960	
