NumberOfQubits	504	
NumberOfSubgraphs	420	
Serial	67	
PlantedSolution:	
0	-1	
1	1	
2	-1	
3	-1	
4	-1	
5	1	
6	1	
8	-1	
9	-1	
10	-1	
11	-1	
12	-1	
13	-1	
14	1	
15	1	
16	1	
17	1	
18	-1	
19	1	
20	-1	
21	-1	
22	1	
23	1	
24	1	
25	-1	
26	-1	
27	1	
28	-1	
29	1	
30	1	
31	-1	
32	1	
33	-1	
34	1	
35	1	
36	1	
37	1	
38	-1	
39	-1	
40	1	
41	-1	
42	1	
43	-1	
44	1	
45	1	
46	1	
47	1	
48	1	
49	-1	
50	-1	
51	1	
52	-1	
53	-1	
54	-1	
55	-1	
56	1	
57	-1	
58	1	
59	1	
60	1	
61	1	
62	-1	
63	-1	
64	-1	
65	1	
66	-1	
67	-1	
68	-1	
69	-1	
70	1	
71	-1	
72	-1	
73	1	
74	-1	
75	-1	
76	1	
77	-1	
78	-1	
79	1	
80	-1	
81	-1	
82	1	
83	1	
84	-1	
85	1	
86	-1	
87	-1	
88	-1	
89	-1	
90	-1	
91	1	
92	-1	
93	-1	
94	1	
95	1	
96	1	
97	1	
98	-1	
99	-1	
100	1	
101	-1	
102	-1	
103	-1	
104	-1	
105	1	
106	1	
107	-1	
108	1	
109	-1	
110	1	
111	-1	
112	-1	
113	-1	
114	-1	
115	-1	
116	-1	
117	1	
118	-1	
119	-1	
120	1	
121	-1	
123	1	
124	1	
125	-1	
126	1	
127	-1	
128	1	
129	1	
130	-1	
131	1	
132	-1	
133	-1	
134	1	
135	1	
136	-1	
137	-1	
138	1	
139	1	
141	-1	
142	1	
143	-1	
144	1	
145	-1	
146	-1	
147	1	
148	1	
149	-1	
150	-1	
151	1	
152	-1	
153	-1	
154	1	
155	-1	
156	-1	
157	1	
158	1	
159	1	
160	1	
161	-1	
162	1	
163	-1	
164	-1	
165	-1	
166	1	
167	1	
168	-1	
169	1	
170	-1	
171	-1	
172	-1	
173	-1	
174	1	
175	1	
176	1	
177	1	
178	1	
179	1	
180	-1	
181	1	
182	1	
183	-1	
184	1	
185	1	
186	-1	
187	-1	
188	-1	
189	1	
190	-1	
191	1	
192	-1	
193	-1	
194	-1	
195	-1	
196	-1	
197	1	
198	-1	
199	1	
200	1	
201	-1	
202	-1	
203	-1	
204	1	
205	1	
206	1	
207	-1	
208	1	
209	-1	
210	1	
211	-1	
212	1	
213	1	
214	-1	
215	-1	
216	-1	
217	-1	
218	1	
219	-1	
220	-1	
221	-1	
222	1	
223	-1	
224	1	
225	-1	
226	-1	
227	-1	
228	-1	
229	1	
230	-1	
231	-1	
232	-1	
233	1	
234	-1	
235	-1	
236	-1	
237	-1	
238	1	
239	1	
240	-1	
241	1	
242	1	
243	1	
244	1	
245	1	
246	1	
247	-1	
248	-1	
249	1	
250	-1	
251	1	
252	-1	
253	-1	
254	-1	
255	-1	
256	1	
257	1	
258	-1	
259	-1	
260	-1	
261	1	
262	-1	
263	-1	
264	1	
265	-1	
266	-1	
267	1	
268	1	
269	1	
270	-1	
271	-1	
272	-1	
273	1	
274	-1	
275	1	
276	-1	
277	-1	
278	-1	
279	-1	
280	-1	
281	-1	
282	-1	
283	1	
284	-1	
285	1	
286	-1	
287	1	
288	1	
289	-1	
290	-1	
291	1	
292	1	
293	-1	
294	-1	
295	-1	
296	-1	
297	-1	
298	1	
299	-1	
300	1	
301	-1	
302	1	
303	1	
304	1	
305	1	
306	-1	
307	1	
308	1	
309	-1	
310	-1	
311	1	
312	1	
313	1	
314	-1	
315	-1	
316	1	
317	1	
318	-1	
319	-1	
320	1	
321	1	
322	-1	
323	1	
324	1	
325	-1	
326	1	
327	1	
328	1	
329	-1	
330	1	
331	-1	
332	-1	
333	-1	
334	-1	
335	1	
336	-1	
337	1	
338	1	
339	1	
340	1	
341	-1	
342	1	
343	-1	
344	1	
345	-1	
346	1	
347	-1	
348	-1	
349	-1	
350	-1	
351	1	
352	1	
353	1	
354	-1	
355	1	
356	1	
357	1	
358	1	
359	1	
361	-1	
362	-1	
363	-1	
364	-1	
365	-1	
367	-1	
368	-1	
369	-1	
370	-1	
371	1	
372	-1	
373	1	
374	1	
375	-1	
376	-1	
377	-1	
378	-1	
379	1	
380	-1	
382	-1	
383	1	
384	1	
385	-1	
386	1	
387	1	
388	1	
389	1	
390	1	
391	-1	
392	-1	
393	1	
394	-1	
396	-1	
397	1	
398	1	
399	1	
400	-1	
401	-1	
402	-1	
403	-1	
404	-1	
405	-1	
406	-1	
407	-1	
408	1	
409	-1	
410	1	
411	-1	
412	-1	
413	1	
414	1	
415	-1	
416	-1	
417	-1	
418	1	
419	1	
420	-1	
421	-1	
422	-1	
424	1	
425	-1	
426	1	
427	1	
428	-1	
429	-1	
430	-1	
431	-1	
432	-1	
433	-1	
434	-1	
435	-1	
436	1	
437	1	
438	-1	
439	1	
440	1	
441	-1	
442	-1	
443	1	
444	1	
445	-1	
446	-1	
447	1	
448	-1	
449	1	
450	1	
451	-1	
452	-1	
453	-1	
454	1	
455	-1	
456	-1	
457	-1	
458	1	
459	-1	
460	-1	
461	-1	
462	1	
463	1	
464	1	
465	-1	
466	-1	
467	1	
468	-1	
469	-1	
470	-1	
471	1	
472	-1	
473	-1	
474	1	
475	1	
476	1	
477	1	
478	-1	
479	-1	
480	1	
481	1	
482	1	
483	-1	
484	-1	
485	1	
486	-1	
487	1	
488	-1	
489	1	
490	-1	
491	-1	
492	1	
493	-1	
494	1	
495	-1	
496	1	
497	1	
498	1	
499	1	
500	-1	
501	1	
502	1	
503	1	
504	-1	
505	-1	
506	-1	
507	1	
508	-1	
509	1	
510	1	
511	1	
Js:	
320	324	-2	
321	324	-3	
321	385	-1	
385	390	3	
384	390	-3	
320	384	-1	
491	493	-3	
493	501	1	
496	501	2	
496	503	-4	
495	503	1	
491	495	-1	
176	181	-1	
179	181	-3	
179	243	2	
243	247	4	
240	247	-3	
176	240	2	
280	284	-2	
283	284	1	
283	286	3	
282	286	-2	
282	287	-2	
280	287	3	
425	428	-2	
427	428	3	
427	430	3	
424	430	1	
424	429	3	
425	429	1	
72	77	-4	
74	77	-1	
74	78	-3	
75	78	-3	
75	79	2	
72	79	-3	
225	228	-3	
228	236	-1	
235	236	3	
235	239	2	
231	239	1	
225	231	-2	
25	28	-4	
28	36	-1	
34	36	-3	
34	39	3	
31	39	-2	
25	31	-3	
121	126	3	
123	126	-1	
123	187	1	
187	190	-3	
185	190	-3	
121	185	1	
473	476	4	
476	484	-1	
481	484	2	
481	486	3	
478	486	-2	
473	478	-2	
48	52	2	
49	52	-2	
49	113	-2	
113	119	-3	
112	119	-2	
48	112	-1	
130	132	-2	
131	132	3	
131	133	3	
129	133	2	
129	134	-3	
130	134	2	
153	156	-3	
154	156	-2	
154	157	-3	
152	157	3	
152	159	2	
153	159	3	
392	399	-1	
393	399	-3	
393	457	2	
457	460	-1	
456	460	-2	
392	456	-3	
18	21	1	
21	29	1	
26	29	2	
26	30	3	
22	30	-1	
18	22	3	
200	205	-1	
202	205	2	
202	206	2	
201	206	-2	
201	207	-2	
200	207	3	
410	413	-2	
411	413	3	
411	414	3	
408	414	1	
408	415	4	
410	415	2	
192	196	2	
195	196	-1	
195	259	-1	
259	261	3	
256	261	-4	
192	256	1	
96	102	1	
99	102	-2	
99	163	-2	
163	164	-2	
160	164	2	
96	160	2	
307	309	-2	
309	317	2	
315	317	4	
315	318	-3	
310	318	-2	
307	310	4	
210	215	2	
211	215	-2	
211	275	-2	
275	278	2	
274	278	-2	
210	274	3	
226	229	-2	
229	237	2	
233	237	3	
233	238	-4	
230	238	2	
226	230	-2	
432	437	2	
433	437	2	
433	439	-2	
435	439	3	
435	438	-4	
432	438	-3	
218	220	-2	
219	220	-3	
219	222	3	
217	222	2	
217	221	-4	
218	221	3	
400	404	2	
402	404	-2	
402	405	-3	
403	405	-3	
403	406	-3	
400	406	-2	
336	340	3	
338	340	-1	
338	341	3	
337	341	1	
337	342	3	
336	342	3	
344	348	4	
345	348	-4	
345	349	-2	
346	349	1	
346	351	1	
344	351	-2	
9	12	-2	
11	12	-3	
11	13	-4	
8	13	-2	
8	14	3	
9	14	-2	
56	60	-5	
58	60	-2	
58	63	4	
57	63	-2	
57	61	-4	
56	61	-2	
289	293	-3	
290	293	-3	
290	294	-1	
288	294	4	
288	295	2	
289	295	3	
298	303	-3	
299	303	3	
299	363	-2	
363	367	2	
362	367	-4	
298	362	1	
504	508	-3	
507	508	3	
507	509	1	
506	509	3	
506	510	3	
504	510	2	
353	357	1	
354	357	2	
354	358	2	
355	358	-3	
355	359	-3	
353	359	-2	
376	382	-2	
377	382	-3	
377	441	-1	
441	447	2	
440	447	-2	
376	440	-2	
81	87	-2	
83	87	3	
83	147	-1	
147	148	-3	
145	148	3	
81	145	2	
464	469	2	
469	477	1	
474	477	3	
474	479	3	
471	479	2	
464	471	-2	
258	262	2	
262	270	-2	
267	270	3	
267	271	1	
263	271	-1	
258	263	-4	
41	45	3	
43	45	2	
43	47	3	
42	47	-2	
42	46	-3	
41	46	-1	
249	252	5	
251	252	2	
251	255	3	
250	255	1	
250	253	-2	
249	253	3	
137	142	4	
142	150	-3	
144	150	3	
144	151	-3	
143	151	2	
137	143	-3	
88	92	-2	
89	92	-1	
89	95	4	
90	95	3	
90	94	3	
88	94	-2	
369	373	1	
370	373	1	
370	375	-1	
371	375	-3	
371	374	-1	
369	374	2	
168	173	-1	
170	173	-2	
170	175	2	
171	175	3	
171	174	-3	
168	174	3	
65	68	4	
66	68	-2	
66	69	-3	
67	69	-3	
67	71	-3	
65	71	3	
417	420	4	
418	420	2	
418	421	3	
419	421	3	
419	422	1	
417	422	-2	
323	325	3	
325	333	-2	
328	333	3	
328	334	-1	
326	334	3	
323	326	-1	
266	268	-2	
268	276	3	
272	276	-3	
272	277	-2	
269	277	2	
266	269	2	
104	108	3	
106	108	-2	
106	110	-2	
107	110	3	
107	111	-2	
104	111	-4	
448	452	-3	
449	452	-2	
449	454	-3	
451	454	3	
451	453	-2	
448	453	-1	
177	180	4	
178	180	-3	
178	242	-2	
242	244	-2	
241	244	-2	
177	241	-2	
115	116	-1	
116	124	-4	
120	124	-4	
120	125	3	
117	125	3	
115	117	3	
97	101	2	
98	101	-3	
98	162	1	
162	167	-3	
161	167	-1	
97	161	1	
2	4	-3	
3	4	-2	
3	6	2	
1	6	3	
1	5	-3	
2	5	3	
378	380	-2	
379	380	3	
379	443	-2	
443	445	3	
442	445	-3	
378	442	1	
488	492	3	
492	500	1	
499	500	1	
499	502	-4	
494	502	1	
488	494	3	
387	388	-2	
388	396	3	
394	396	-1	
394	397	-4	
389	397	-4	
387	389	-2	
304	308	-2	
308	316	-2	
313	316	-2	
313	319	4	
311	319	2	
304	311	-3	
16	20	2	
17	20	2	
17	81	2	
81	86	-2	
80	86	-3	
16	80	3	
458	460	3	
460	468	-1	
465	468	-4	
465	470	2	
462	470	2	
458	462	-2	
32	36	1	
35	36	-3	
35	38	4	
33	38	-4	
33	37	3	
32	37	-3	
50	53	-2	
51	53	3	
51	54	3	
48	54	3	
48	55	-3	
50	55	-3	
297	300	2	
298	300	-2	
298	302	1	
296	302	2	
296	301	-4	
297	301	-3	
329	332	-2	
330	332	3	
330	335	-2	
331	335	3	
331	334	-3	
329	334	-2	
193	197	3	
194	197	2	
194	198	2	
192	198	-2	
192	199	3	
193	199	1	
136	141	-4	
139	141	3	
139	203	-2	
203	204	1	
200	204	-2	
136	200	2	
450	453	-3	
453	461	-2	
459	461	-2	
459	463	1	
455	463	1	
450	455	3	
208	212	-4	
211	212	-2	
211	214	-2	
209	214	-4	
209	213	2	
208	213	-1	
184	188	3	
186	188	-3	
186	191	4	
187	191	2	
187	189	-2	
184	189	-2	
480	485	-3	
483	485	3	
483	486	-1	
482	486	-2	
482	487	-3	
480	487	-1	
82	84	-1	
84	92	-1	
91	92	2	
91	93	2	
85	93	1	
82	85	-4	
352	356	-3	
356	364	1	
361	364	-5	
361	365	-2	
357	365	-2	
352	357	-2	
155	157	2	
157	165	-1	
160	165	3	
160	166	-1	
158	166	-3	
155	158	2	
433	436	1	
434	436	3	
434	498	2	
498	502	-1	
497	502	3	
433	497	4	
64	70	1	
66	70	3	
66	130	-1	
130	135	4	
128	135	-2	
64	128	-1	
248	254	-3	
250	254	-3	
250	314	-1	
314	316	2	
312	316	-3	
248	312	-2	
322	327	4	
323	327	-2	
323	387	-1	
387	391	2	
386	391	2	
322	386	-1	
401	404	-2	
404	412	-3	
409	412	-2	
409	415	-3	
407	415	1	
401	407	-2	
281	284	-2	
284	292	3	
291	292	-1	
291	293	2	
285	293	-2	
281	285	3	
105	109	3	
106	109	-3	
106	170	1	
170	172	-3	
169	172	3	
105	169	-1	
10	14	4	
14	22	-1	
19	22	-2	
19	23	-3	
15	23	-3	
10	15	-2	
425	431	2	
426	431	4	
426	490	2	
490	495	-3	
489	495	3	
425	489	2	
273	279	2	
275	279	2	
275	339	-2	
339	343	-1	
337	343	1	
273	337	-2	
305	308	-2	
306	308	2	
306	370	-3	
370	372	3	
369	372	-2	
305	369	3	
216	220	-3	
220	228	-1	
227	228	1	
227	231	-1	
223	231	-1	
216	223	-2	
441	444	4	
443	444	-2	
443	507	1	
507	511	-2	
505	511	1	
441	505	-1	
112	118	-2	
114	118	-4	
114	178	1	
178	183	-1	
176	183	2	
112	176	1	
73	76	-4	
74	76	3	
74	138	-1	
138	143	3	
73	137	2	
257	260	3	
260	268	2	
265	268	1	
265	269	-3	
261	269	-1	
257	261	-1	
232	237	1	
237	245	1	
242	245	-2	
242	246	-2	
238	246	-1	
232	238	2	
57	62	-3	
59	62	2	
59	123	-1	
123	127	4	
121	127	2	
57	121	-1	
368	374	2	
374	382	3	
378	382	1	
378	383	2	
375	383	2	
368	375	-3	
475	476	-2	
475	478	4	
472	478	-1	
472	477	3	
473	477	-1	
346	350	3	
347	350	-2	
347	411	1	
410	414	-2	
346	410	-1	
144	149	2	
146	149	-4	
146	210	1	
210	212	-2	
144	208	1	
24	28	3	
27	28	1	
27	31	-2	
25	29	1	
24	29	-3	
41	44	-3	
43	44	3	
40	47	-2	
40	45	-2	
403	467	2	
467	468	2	
466	468	2	
402	466	-2	
97	100	-3	
98	100	-3	
98	103	-1	
96	103	3	
96	101	2	
0	4	-2	
1	4	3	
1	65	-1	
64	71	1	
0	64	-2	
392	398	2	
394	398	-1	
394	458	1	
458	463	-2	
456	463	3	
354	356	2	
354	418	2	
416	421	-3	
352	416	-1	
224	230	2	
227	230	-4	
227	291	-1	
291	294	4	
224	288	-2	
440	446	-2	
442	446	-3	
442	506	-1	
506	508	-1	
440	504	1	
180	188	-1	
185	188	2	
182	190	1	
177	182	-2	
264	271	2	
265	271	-2	
265	329	-3	
329	333	1	
264	328	-2	
234	236	2	
236	244	2	
240	244	1	
239	247	2	
234	239	3	
59	60	-2	
59	63	3	
58	62	3	
56	62	2	
272	278	-2	
278	286	-1	
283	287	-2	
279	287	-1	
272	279	-2	
384	388	-3	
386	388	2	
386	450	-2	
448	455	-2	
384	448	2	
193	196	-2	
196	204	2	
202	204	2	
197	205	1	
10	12	-1	
12	20	-2	
19	20	2	
304	310	2	
307	371	2	
371	373	-3	
368	373	2	
304	368	2	
50	52	-3	
50	54	-1	
51	55	3	
49	55	1	
290	292	2	
292	300	1	
299	300	2	
295	303	1	
290	295	-2	
256	263	3	
258	322	-1	
322	326	-2	
320	326	-2	
256	320	-1	
27	30	-4	
27	91	-1	
91	94	2	
26	90	-1	
216	221	-2	
219	223	2	
163	165	-2	
165	173	-2	
169	173	2	
169	175	2	
167	175	-2	
163	167	2	
336	341	2	
339	341	1	
339	342	-3	
338	342	-2	
338	343	4	
336	343	-2	
345	350	2	
347	351	3	
146	148	-2	
147	150	2	
145	150	-2	
145	149	-2	
107	108	3	
107	109	2	
105	111	3	
424	428	2	
427	491	1	
488	493	-2	
424	488	-1	
480	484	3	
483	484	-2	
483	487	3	
482	485	1	
155	156	-2	
152	158	-2	
248	252	-2	
249	255	3	
248	253	2	
113	116	-3	
114	116	-1	
114	119	1	
115	119	-2	
113	117	2	
75	76	3	
75	77	-3	
73	79	-2	
432	436	3	
434	438	-1	
432	439	-1	
129	132	2	
131	135	1	
128	134	-3	
312	317	-3	
314	318	-2	
314	319	-3	
312	319	-1	
465	469	-2	
467	469	2	
467	471	-2	
464	470	3	
161	164	-2	
162	164	2	
162	226	2	
225	229	2	
161	225	-2	
80	84	-2	
83	84	4	
82	87	-1	
80	85	3	
496	500	2	
498	500	3	
498	501	-2	
499	501	2	
499	503	-1	
34	38	-1	
32	39	3	
385	389	2	
393	397	-1	
393	398	-3	
390	398	3	
353	358	-2	
355	419	-2	
419	420	3	
353	417	1	
181	189	1	
184	191	-2	
183	191	1	
179	183	3	
195	198	-3	
198	206	-1	
203	206	3	
203	207	-2	
199	207	2	
195	199	2	
324	332	-3	
327	335	-2	
321	327	-1	
363	364	-3	
362	365	-4	
241	246	-3	
242	306	1	
306	311	1	
305	311	2	
241	305	-1	
3	5	2	
3	67	-2	
67	70	2	
2	66	1	
451	452	2	
452	460	-1	
459	460	-2	
459	462	3	
454	462	-2	
421	429	2	
426	429	2	
426	430	1	
422	430	-1	
416	422	-4	
171	235	-2	
232	239	2	
168	232	-3	
209	215	-2	
274	277	-3	
273	277	2	
209	273	2	
408	413	-1	
410	474	-3	
472	479	2	
408	472	2	
259	260	-3	
266	270	-1	
259	262	-2	
139	142	2	
138	142	-1	
136	143	-1	
376	380	-2	
379	383	-3	
377	383	2	
89	94	2	
94	102	-1	
99	103	-4	
95	103	1	
42	44	-1	
43	46	-2	
40	46	-2	
42	45	-2	
218	282	-1	
282	285	2	
217	281	-1	
16	21	2	
17	21	2	
17	22	-2	
18	23	2	
16	23	-2	
490	492	2	
491	492	2	
491	494	-1	
489	494	-2	
489	493	2	
490	493	-1	
393	396	3	
396	404	-1	
400	407	-2	
399	407	2	
123	124	-2	
121	125	-3	
11	14	2	
9	15	3	
8	15	1	
504	509	1	
505	509	4	
505	510	3	
506	511	-2	
504	511	3	
301	309	-2	
304	309	-1	
302	310	2	
442	444	2	
442	447	2	
443	447	2	
443	446	2	
441	446	-3	
0	6	-2	
64	69	-4	
457	461	-2	
461	469	2	
466	469	-1	
466	471	2	
463	471	-1	
457	463	2	
25	89	-1	
89	93	-2	
88	93	2	
24	88	1	
234	238	1	
234	298	1	
297	303	2	
233	297	-1	
264	270	3	
267	331	3	
328	335	1	
409	414	-2	
406	414	2	
401	406	-2	
176	182	-2	
179	182	-1	
243	245	-1	
240	245	2	
201	205	3	
205	213	-2	
206	214	1	
68	76	-1	
70	78	2	
65	70	-2	
112	116	-2	
120	126	-2	
118	126	2	
194	196	-3	
194	258	-1	
257	263	2	
193	257	-1	
349	357	1	
355	357	-2	
351	359	1	
345	351	1	
224	228	1	
225	289	-1	
100	108	-1	
104	110	1	
102	110	-1	
97	102	3	
52	60	-1	
53	61	1	
385	391	-2	
387	451	2	
451	455	-1	
449	455	-1	
385	449	2	
154	158	1	
162	166	-3	
159	167	-1	
154	159	-3	
429	437	-2	
435	437	1	
431	439	2	
424	431	1	
273	276	-2	
275	276	1	
339	340	-3	
337	340	-1	
82	86	1	
82	146	1	
146	151	2	
145	151	1	
187	188	-1	
187	251	-1	
251	254	2	
186	250	-2	
481	487	1	
479	487	1	
475	479	1	
34	37	3	
257	262	2	
259	323	-1	
321	325	2	
257	321	-1	
282	346	1	
344	350	1	
280	344	2	
313	318	-1	
172	180	-1	
178	182	-2	
174	182	-2	
170	174	1	
364	372	-1	
371	372	1	
367	375	-2	
361	367	-1	
497	500	1	
498	503	-2	
497	501	-2	
129	135	2	
436	444	-1	
440	444	-1	
440	445	2	
437	445	-1	
434	437	2	
13	21	2	
212	220	1	
215	223	-1	
208	215	1	
77	85	1	
78	86	1	
168	175	1	
232	236	-2	
46	54	1	
47	55	2	
419	483	1	
481	485	-2	
417	481	2	
386	389	-1	
394	399	2	
391	399	2	
274	279	1	
271	279	-2	
266	271	-2	
450	452	2	
449	453	2	
448	454	2	
289	292	2	
290	354	2	
353	356	-2	
289	353	2	
2	6	3	
0	5	2	
185	189	-2	
186	189	1	
184	190	3	
137	141	-1	
141	149	-1	
88	95	2	
91	95	-2	
91	155	1	
88	152	1	
408	412	-1	
411	412	-2	
409	413	2	
332	340	1	
333	341	-1	
330	333	3	
59	61	-4	
489	492	1	
490	494	2	
283	285	2	
280	286	-1	
27	29	-2	
24	30	-1	
24	31	2	
26	31	1	
192	197	1	
195	197	1	
194	199	2	
109	117	2	
115	118	-2	
110	118	2	
243	244	-3	
244	252	2	
247	255	2	
224	229	-2	
227	229	-2	
226	231	-3	
224	231	2	
402	407	-1	
403	407	2	
467	470	2	
466	470	-3	
90	92	-3	
92	100	1	
93	101	-1	
90	93	-2	
296	300	-2	
297	302	3	
299	302	2	
299	301	-1	
363	365	-1	
363	427	2	
427	431	1	
362	426	-1	
401	465	1	
464	468	2	
400	464	1	
241	245	-2	
245	253	2	
246	254	2	
314	378	-2	
313	377	-2	
418	422	2	
418	482	1	
482	484	1	
416	480	2	
392	396	-2	
505	508	1	
507	510	-1	
458	461	-2	
457	462	1	
456	462	2	
472	476	2	
475	477	-2	
433	438	-2	
435	499	2	
322	324	2	
320	325	3	
173	181	3	
177	181	-1	
177	183	1	
175	183	2	
201	204	4	
203	205	-1	
148	156	1	
151	159	-1	
147	151	-1	
76	84	-1	
79	87	1	
40	44	-2	
41	105	2	
40	104	2	
211	213	2	
213	221	-1	
218	222	-1	
214	222	1	
267	269	-2	
49	53	-3	
51	115	2	
341	349	-2	
347	349	-2	
343	351	-2	
264	268	2	
270	278	-1	
307	311	-1	
128	133	2	
133	141	-2	
136	142	-1	
134	142	-1	
156	164	-1	
161	166	-3	
153	158	2	
291	355	-1	
352	358	-2	
288	352	1	
170	234	1	
234	237	-2	
169	233	-2	
428	436	2	
430	438	2	
425	430	-2	
8	12	-2	
9	73	-1	
73	77	1	
8	72	-2	
256	260	1	
258	261	1	
64	68	3	
66	71	-2	
33	36	2	
32	38	2	
33	39	1	
18	20	-2	
16	22	1	
123	125	-1	
120	127	1	
139	143	2	
138	202	2	
114	117	2	
337	401	2	
401	405	-1	
400	405	-1	
336	400	-2	
354	359	2	
305	309	2	
306	309	1	
370	374	2	
500	508	-2	
503	511	2	
411	475	1	
219	283	1	
280	285	1	
216	280	-1	
331	332	-1	
321	326	-2	
340	348	1	
346	348	1	
342	350	-1	
10	74	-1	
74	79	1	
441	445	-1	
147	149	1	
240	246	-2	
386	390	-2	
81	84	1	
83	86	1	
80	87	-1	
235	237	-1	
48	53	1	
49	54	-2	
315	316	1	
315	379	1	
376	383	-1	
312	376	1	
128	132	1	
29	37	-1	
210	213	-2	
484	492	-1	
486	494	1	
480	486	1	
171	173	-2	
178	181	-1	
58	61	1	
56	63	1	
361	425	1	
193	198	-2	
330	394	1	
392	397	1	
328	392	1	
377	380	-2	
417	421	-1	
96	100	1	
98	102	-2	
468	476	1	
465	471	1	
202	266	-1	
201	265	1	
208	214	2	
208	272	-1	
398	406	1	
163	227	1	
160	224	-1	
153	157	-1	
154	218	-1	
218	223	2	
217	223	-2	
153	217	-1	
281	286	1	
286	294	-2	
291	295	1	
287	295	1	
281	287	1	
485	493	1	
487	495	-1	
108	116	-1	
111	119	-1	
501	509	-1	
502	510	-1	
345	409	1	
344	408	-1	
359	367	1	
352	359	-1	
434	439	2	
320	327	-1	
300	308	-1	
303	311	1	
9	13	-2	
19	21	2	
26	28	-1	
179	180	-1	
71	79	-1	
44	52	-1	
369	375	-1	
369	433	1	
368	432	-1	
405	413	2	
138	141	-1	
202	207	-1	
35	39	1	
35	99	-1	
32	96	-1	
282	284	-2	
18	82	-2	
168	172	2	
152	156	1	
155	219	-1	
216	222	1	
152	216	-1	
384	391	2	
131	195	2	
128	192	-1	
119	127	-1	
372	380	-1	
420	428	-1	
251	315	1	
329	335	2	
226	228	1	
474	478	1	
473	479	1	
10	13	-2	
11	15	-1	
488	495	1	
105	110	-1	
161	165	-1	
163	166	1	
160	167	-1	
355	356	1	
307	308	1	
81	85	1	
365	373	1	
283	347	1	
347	348	1	
242	247	1	
72	78	1	
251	253	1	
248	255	1	
387	390	-1	
258	260	1	
288	292	1	
99	100	1	
97	103	1	
144	148	1	
51	52	-1	
25	30	-1	
131	134	1	
129	193	1	
200	206	1	
203	267	1	
200	264	-1	
41	47	-1	
274	276	-1	
275	277	1	
384	389	-1	
330	334	-1	
313	317	-1	
379	382	-1	
19	83	1	
348	356	1	
350	358	1	
164	172	-1	
166	174	-1	
297	361	1	
130	133	1	
135	143	1	
289	294	-1	
35	37	-1	
37	45	-1	
38	46	1	
185	191	-1	
250	252	1	
185	249	-1	
204	212	1	
162	165	-1	
75	139	1	
50	114	1	
Energy:	-1734	
