NumberOfQubits	504	
NumberOfSubgraphs	840	
Serial	326	
PlantedSolution:	
0	-1	
1	1	
2	-1	
3	-1	
4	-1	
5	-1	
6	1	
8	-1	
9	-1	
10	1	
11	-1	
12	1	
13	-1	
14	1	
15	1	
16	-1	
17	1	
18	-1	
19	-1	
20	1	
21	-1	
22	1	
23	1	
24	-1	
25	1	
26	1	
27	1	
28	1	
29	-1	
30	-1	
31	1	
32	-1	
33	-1	
34	1	
35	-1	
36	-1	
37	-1	
38	1	
39	-1	
40	-1	
41	-1	
42	1	
43	-1	
44	-1	
45	1	
46	-1	
47	-1	
48	1	
49	-1	
50	-1	
51	1	
52	1	
53	1	
54	-1	
55	1	
56	1	
57	1	
58	1	
59	1	
60	1	
61	-1	
62	1	
63	-1	
64	-1	
65	1	
66	-1	
67	1	
68	-1	
69	1	
70	1	
71	-1	
72	-1	
73	-1	
74	-1	
75	-1	
76	1	
77	-1	
78	1	
79	-1	
80	1	
81	1	
82	-1	
83	-1	
84	1	
85	-1	
86	-1	
87	-1	
88	1	
89	-1	
90	-1	
91	-1	
92	1	
93	1	
94	-1	
95	1	
96	-1	
97	-1	
98	1	
99	-1	
100	-1	
101	-1	
102	-1	
103	1	
104	1	
105	-1	
106	1	
107	1	
108	1	
109	-1	
110	1	
111	1	
112	1	
113	1	
114	-1	
115	1	
116	-1	
117	1	
118	-1	
119	-1	
120	1	
121	-1	
123	1	
124	-1	
125	-1	
126	1	
127	-1	
128	-1	
129	1	
130	1	
131	1	
132	1	
133	-1	
134	1	
135	1	
136	1	
137	1	
138	1	
139	1	
141	1	
142	-1	
143	-1	
144	1	
145	-1	
146	1	
147	-1	
148	-1	
149	1	
150	-1	
151	1	
152	-1	
153	1	
154	1	
155	-1	
156	-1	
157	-1	
158	1	
159	-1	
160	-1	
161	1	
162	-1	
163	1	
164	-1	
165	-1	
166	-1	
167	-1	
168	-1	
169	-1	
170	-1	
171	1	
172	-1	
173	1	
174	-1	
175	-1	
176	1	
177	1	
178	1	
179	1	
180	1	
181	-1	
182	1	
183	1	
184	1	
185	1	
186	1	
187	1	
188	1	
189	-1	
190	-1	
191	1	
192	1	
193	1	
194	-1	
195	1	
196	1	
197	-1	
198	-1	
199	1	
200	1	
201	-1	
202	-1	
203	1	
204	-1	
205	-1	
206	1	
207	-1	
208	-1	
209	-1	
210	-1	
211	1	
212	1	
213	-1	
214	1	
215	1	
216	1	
217	-1	
218	1	
219	-1	
220	1	
221	1	
222	1	
223	-1	
224	-1	
225	-1	
226	1	
227	1	
228	-1	
229	-1	
230	-1	
231	1	
232	1	
233	1	
234	-1	
235	1	
236	1	
237	-1	
238	-1	
239	1	
240	-1	
241	-1	
242	-1	
243	1	
244	1	
245	-1	
246	1	
247	-1	
248	1	
249	1	
250	1	
251	1	
252	-1	
253	-1	
254	1	
255	1	
256	1	
257	-1	
258	-1	
259	-1	
260	-1	
261	-1	
262	-1	
263	1	
264	-1	
265	-1	
266	1	
267	1	
268	1	
269	-1	
270	1	
271	-1	
272	1	
273	1	
274	-1	
275	1	
276	-1	
277	1	
278	1	
279	-1	
280	-1	
281	-1	
282	1	
283	-1	
284	1	
285	-1	
286	1	
287	-1	
288	1	
289	1	
290	-1	
291	-1	
292	-1	
293	-1	
294	-1	
295	1	
296	-1	
297	1	
298	1	
299	-1	
300	1	
301	-1	
302	-1	
303	1	
304	1	
305	-1	
306	1	
307	-1	
308	-1	
309	-1	
310	-1	
311	-1	
312	-1	
313	-1	
314	-1	
315	1	
316	1	
317	1	
318	-1	
319	-1	
320	1	
321	1	
322	1	
323	-1	
324	-1	
325	1	
326	-1	
327	1	
328	-1	
329	1	
330	-1	
331	-1	
332	1	
333	-1	
334	-1	
335	1	
336	-1	
337	1	
338	-1	
339	-1	
340	1	
341	1	
342	1	
343	1	
344	1	
345	-1	
346	1	
347	-1	
348	-1	
349	-1	
350	-1	
351	1	
352	1	
353	1	
354	1	
355	-1	
356	-1	
357	-1	
358	1	
359	1	
361	1	
362	1	
363	-1	
364	-1	
365	-1	
367	1	
368	1	
369	1	
370	1	
371	1	
372	1	
373	1	
374	1	
375	1	
376	-1	
377	-1	
378	1	
379	-1	
380	-1	
382	1	
383	1	
384	1	
385	-1	
386	-1	
387	-1	
388	-1	
389	1	
390	1	
391	1	
392	-1	
393	1	
394	-1	
396	-1	
397	-1	
398	-1	
399	1	
400	-1	
401	-1	
402	-1	
403	1	
404	-1	
405	1	
406	-1	
407	1	
408	-1	
409	1	
410	1	
411	-1	
412	1	
413	1	
414	-1	
415	-1	
416	-1	
417	1	
418	1	
419	1	
420	1	
421	1	
422	-1	
424	-1	
425	-1	
426	1	
427	-1	
428	1	
429	1	
430	-1	
431	1	
432	1	
433	1	
434	1	
435	-1	
436	1	
437	1	
438	1	
439	1	
440	-1	
441	1	
442	1	
443	-1	
444	-1	
445	-1	
446	1	
447	-1	
448	1	
449	1	
450	1	
451	-1	
452	1	
453	-1	
454	1	
455	1	
456	1	
457	-1	
458	1	
459	-1	
460	1	
461	-1	
462	-1	
463	1	
464	1	
465	-1	
466	1	
467	-1	
468	1	
469	-1	
470	1	
471	-1	
472	1	
473	1	
474	-1	
475	1	
476	1	
477	1	
478	1	
479	-1	
480	1	
481	1	
482	-1	
483	-1	
484	1	
485	1	
486	-1	
487	-1	
488	1	
489	1	
490	1	
491	1	
492	1	
493	-1	
494	1	
495	-1	
496	-1	
497	-1	
498	-1	
499	1	
500	-1	
501	-1	
502	1	
503	-1	
504	1	
505	-1	
506	1	
507	1	
508	1	
509	-1	
510	1	
511	1	
Js:	
121	127	-5	
123	127	6	
123	187	-1	
187	191	2	
185	191	-6	
121	185	1	
273	277	-3	
277	285	4	
281	285	-6	
281	287	-4	
279	287	3	
273	279	4	
33	37	-4	
35	37	-4	
35	99	-4	
99	101	-3	
97	101	-4	
33	97	-4	
128	132	6	
131	132	-3	
131	195	-1	
195	197	6	
192	197	4	
128	192	-1	
425	428	6	
428	436	-3	
435	436	4	
435	439	5	
431	439	-4	
425	431	-2	
304	308	5	
306	308	4	
306	310	5	
305	310	-4	
305	309	-6	
304	309	-2	
345	348	-6	
346	348	-4	
346	349	5	
344	349	3	
344	351	-6	
345	351	3	
168	172	-4	
171	172	3	
171	174	7	
169	174	-3	
169	175	3	
168	175	-4	
178	181	5	
179	181	4	
179	243	-4	
243	246	2	
242	246	5	
178	242	5	
386	389	3	
387	389	6	
387	391	7	
384	391	-4	
384	390	-5	
386	390	-3	
136	141	-8	
141	149	-2	
147	149	3	
147	150	-6	
142	150	2	
136	142	4	
465	469	-2	
466	469	3	
466	471	3	
467	471	-3	
467	470	4	
465	470	4	
72	77	4	
77	85	-3	
83	85	-5	
83	87	-3	
79	87	-3	
72	79	-4	
155	157	-6	
157	165	-2	
162	165	-5	
162	166	-5	
158	166	-3	
155	158	3	
24	28	6	
26	28	-3	
26	30	6	
25	30	4	
25	31	-3	
24	31	5	
394	396	-6	
396	404	3	
401	404	-1	
401	406	-6	
398	406	-4	
394	398	-3	
289	292	5	
290	292	-6	
290	294	-6	
288	294	-3	
288	295	-4	
289	295	-2	
472	476	-7	
474	476	4	
474	478	4	
473	478	-4	
473	477	-4	
472	477	-3	
226	230	4	
230	238	-4	
233	238	5	
233	239	-5	
231	239	2	
226	231	-4	
9	12	-3	
11	12	4	
11	13	-4	
8	13	-5	
8	15	6	
9	15	5	
442	444	3	
443	444	6	
443	447	-5	
441	447	4	
441	446	-4	
442	446	-6	
353	356	-7	
356	364	-3	
363	364	-5	
363	365	-6	
357	365	-4	
353	357	2	
98	100	4	
100	108	5	
107	108	-5	
107	110	-2	
102	110	-4	
98	102	5	
392	397	-3	
393	397	5	
393	457	4	
457	463	6	
456	463	-6	
392	456	-4	
216	220	-5	
219	220	4	
219	223	-6	
218	223	4	
218	221	-5	
216	221	-5	
257	261	4	
259	261	-4	
259	323	-1	
323	326	-5	
321	326	5	
257	321	2	
264	268	6	
267	268	2	
267	270	-5	
266	270	-2	
266	271	4	
264	271	-4	
74	76	-3	
76	84	-2	
82	84	2	
82	86	-1	
78	86	2	
74	78	4	
49	55	7	
51	55	-3	
51	115	-4	
115	116	-4	
113	116	2	
49	113	7	
200	204	4	
204	212	4	
210	212	4	
210	214	4	
206	214	6	
200	206	-4	
89	92	3	
91	92	5	
91	93	2	
90	93	3	
90	95	-4	
89	95	5	
426	430	6	
427	430	-4	
427	491	3	
491	495	-5	
490	495	3	
426	490	-2	
410	412	-3	
411	412	5	
411	415	-3	
409	415	-6	
409	413	-5	
410	413	-4	
0	6	4	
1	6	-6	
1	65	-5	
65	68	5	
64	68	3	
0	64	-7	
504	509	4	
507	509	4	
507	511	-4	
505	511	5	
505	510	5	
504	510	-5	
448	452	-4	
449	452	-3	
449	455	-4	
451	455	3	
451	454	5	
448	454	-5	
483	485	4	
485	493	1	
489	493	5	
489	494	-6	
486	494	1	
483	486	4	
56	60	-2	
59	60	-4	
59	63	4	
58	63	4	
58	62	5	
56	62	-6	
234	236	4	
235	236	-5	
235	299	3	
299	303	4	
298	303	-4	
234	298	-3	
496	500	-3	
498	500	6	
498	502	4	
499	502	-3	
499	503	3	
496	503	-7	
312	318	-4	
313	318	-4	
313	377	-4	
377	380	-6	
376	380	-5	
312	376	4	
40	46	-3	
41	46	-3	
41	105	-6	
105	109	5	
104	109	5	
40	104	4	
17	20	-3	
18	20	7	
18	22	5	
16	22	5	
16	23	6	
17	23	-5	
249	252	-4	
250	252	4	
250	253	3	
251	253	6	
251	255	-4	
249	255	-4	
328	332	5	
329	332	-2	
329	333	5	
331	333	-5	
331	335	-5	
328	335	5	
368	373	-6	
369	373	6	
369	433	-2	
433	437	-3	
432	437	-5	
368	432	-2	
208	213	-3	
211	213	4	
211	275	-3	
275	276	4	
272	276	5	
208	272	-4	
417	420	-6	
419	420	-6	
419	421	1	
418	421	-7	
418	422	5	
417	422	3	
337	340	4	
339	340	4	
339	341	3	
336	341	6	
336	343	4	
337	343	-6	
2	5	-7	
3	5	4	
3	67	6	
67	70	-4	
66	70	5	
2	66	-6	
48	54	4	
50	54	-7	
50	114	-2	
114	119	-4	
112	119	2	
48	112	5	
314	317	3	
315	317	-4	
315	379	4	
379	382	5	
378	382	-4	
314	378	4	
144	148	4	
148	156	-3	
153	156	4	
153	159	4	
151	159	-3	
144	151	-3	
129	134	-5	
130	134	-5	
130	194	2	
194	198	-2	
193	198	7	
129	193	2	
176	182	-4	
177	182	2	
177	241	3	
241	245	-5	
240	245	-4	
176	240	4	
137	143	5	
139	143	6	
139	203	-3	
203	207	-4	
201	207	-3	
137	201	6	
160	164	-5	
161	164	5	
161	225	5	
225	228	1	
224	228	-6	
160	224	-3	
256	260	3	
258	260	4	
258	322	2	
322	327	-3	
320	327	-5	
256	320	-1	
34	36	5	
36	44	-4	
43	44	-4	
43	47	-5	
39	47	3	
34	39	5	
288	293	5	
291	293	-6	
291	355	2	
355	358	4	
352	358	-7	
288	352	-2	
458	460	-7	
460	468	-3	
464	468	-2	
464	469	4	
461	469	-2	
458	461	-4	
480	484	-5	
482	484	6	
482	486	-5	
481	486	5	
481	487	-4	
480	487	6	
400	405	3	
403	405	-4	
403	406	4	
402	406	2	
402	407	3	
400	407	5	
114	117	7	
117	125	6	
120	125	5	
120	126	-5	
118	126	-5	
114	118	-2	
282	284	-5	
283	284	5	
283	285	-2	
280	285	-5	
280	286	-4	
282	286	-6	
361	364	7	
364	372	-1	
370	372	-6	
370	375	-4	
367	375	-3	
361	367	-3	
184	188	-5	
186	188	-5	
186	189	5	
185	189	4	
185	190	4	
184	190	4	
296	300	5	
297	300	-4	
297	301	4	
299	301	-4	
299	302	5	
296	302	-4	
51	52	-6	
52	60	-4	
57	60	-5	
57	61	3	
53	61	4	
51	53	-4	
145	151	4	
146	151	-6	
146	210	5	
210	215	4	
209	215	5	
145	209	3	
106	111	-4	
107	111	-5	
107	171	2	
171	173	-3	
170	173	3	
106	170	2	
27	29	6	
29	37	-2	
32	37	-5	
32	38	-3	
30	38	1	
27	30	3	
385	388	-5	
386	388	-5	
386	450	1	
450	453	3	
449	453	6	
385	449	-3	
273	278	-4	
274	278	6	
274	338	3	
338	342	4	
337	342	-3	
273	337	-1	
96	103	4	
99	103	3	
99	163	3	
163	167	4	
160	167	4	
96	160	-3	
306	311	4	
307	311	-4	
307	371	2	
371	374	-2	
370	374	-5	
306	370	-2	
88	94	-4	
90	94	-3	
90	154	2	
154	158	-5	
152	158	4	
88	152	3	
265	269	-4	
266	269	4	
266	330	-4	
330	334	-3	
329	334	7	
265	329	3	
227	228	4	
228	236	4	
232	236	-4	
232	237	2	
229	237	-4	
227	229	4	
344	350	3	
347	350	-6	
347	411	2	
411	414	-4	
408	414	-2	
344	408	4	
424	429	6	
427	429	-1	
491	492	-5	
488	492	-6	
424	488	2	
497	500	-2	
500	508	4	
506	508	-6	
506	509	4	
501	509	-4	
497	501	-5	
10	13	3	
13	21	-3	
19	21	-7	
19	22	3	
14	22	2	
10	14	-6	
434	437	-2	
437	445	6	
440	445	2	
440	446	5	
438	446	-3	
434	438	-5	
246	254	-4	
248	254	-6	
248	255	-4	
247	255	5	
242	247	-3	
137	142	4	
138	142	4	
138	202	5	
202	205	-6	
201	205	-3	
352	359	-4	
354	359	-4	
354	418	-4	
416	421	5	
352	416	-4	
64	69	5	
69	77	4	
73	77	-1	
73	79	-5	
71	79	-6	
64	71	4	
176	180	-4	
180	188	4	
184	191	-3	
183	191	-6	
176	183	-2	
459	460	3	
466	468	-5	
466	470	-5	
462	470	-2	
459	462	-5	
314	316	-3	
315	316	-6	
315	319	5	
313	319	-2	
314	318	-5	
194	196	7	
196	204	2	
203	204	5	
199	207	3	
194	199	4	
80	84	-4	
83	84	3	
83	86	-4	
81	86	-5	
81	85	2	
80	85	3	
256	261	5	
258	261	-4	
258	262	-6	
259	262	-4	
259	263	6	
256	263	-3	
473	476	-5	
473	479	4	
475	479	5	
475	478	5	
472	478	-3	
217	222	4	
222	230	5	
227	230	2	
227	231	-3	
223	231	-4	
217	223	-3	
321	324	-2	
323	324	-5	
323	325	6	
320	325	-5	
321	327	-6	
42	45	-4	
43	45	5	
40	47	4	
42	46	4	
128	133	-5	
131	133	6	
131	135	-6	
130	135	-5	
128	134	6	
2	4	-3	
4	12	2	
10	12	-6	
6	14	-2	
2	6	4	
392	399	4	
394	399	4	
394	458	2	
458	462	3	
456	462	5	
371	372	-7	
372	380	3	
377	383	-4	
375	383	-4	
371	375	-4	
355	357	-4	
362	365	4	
362	367	-5	
359	367	3	
355	359	3	
241	244	5	
244	252	4	
251	252	4	
245	253	-5	
59	62	-3	
59	123	2	
123	124	4	
120	124	4	
56	120	-4	
72	76	5	
75	76	4	
75	139	3	
139	141	2	
72	136	2	
272	277	-4	
275	277	-2	
275	339	2	
272	336	2	
291	292	-2	
289	293	-5	
289	294	3	
450	452	-5	
451	452	-6	
448	455	-5	
450	455	-7	
162	164	-4	
162	226	-2	
226	229	5	
225	229	-2	
233	237	3	
234	237	6	
234	238	-3	
235	238	4	
235	239	-4	
440	447	-4	
443	507	3	
507	510	-5	
440	504	5	
104	110	3	
110	118	2	
115	118	4	
115	119	5	
111	119	2	
104	111	-4	
80	87	2	
82	87	-6	
82	146	3	
146	149	-2	
144	149	-4	
80	144	-3	
18	21	1	
19	23	3	
484	492	1	
488	495	6	
487	495	-1	
169	172	-6	
172	180	2	
177	180	-6	
177	181	-3	
173	181	2	
169	173	6	
424	428	4	
425	429	-6	
426	429	-3	
426	431	-4	
424	431	5	
218	222	-4	
219	222	5	
219	283	1	
218	282	-1	
88	93	-5	
93	101	4	
97	103	5	
95	103	-3	
88	95	3	
403	404	3	
404	412	3	
408	412	5	
408	413	2	
405	413	-3	
205	213	-3	
209	213	-4	
209	214	2	
202	206	6	
331	332	7	
330	335	4	
328	334	-5	
192	196	4	
195	196	-3	
195	199	-4	
193	199	-3	
193	197	4	
257	260	-5	
260	268	3	
263	271	-2	
257	263	5	
435	438	-5	
435	499	4	
499	501	4	
498	501	-4	
434	498	4	
67	68	-4	
66	69	3	
65	69	-4	
48	53	-4	
49	53	3	
113	117	-2	
112	117	-4	
297	302	3	
302	310	2	
305	311	-3	
303	311	3	
297	303	-4	
384	389	1	
389	397	6	
393	399	-5	
391	399	-5	
33	36	-4	
35	36	-3	
35	38	5	
34	38	6	
33	39	-4	
300	308	-2	
307	308	-5	
307	309	-4	
301	309	-1	
296	301	-4	
347	348	-3	
346	350	-2	
345	349	-4	
154	156	6	
154	159	2	
155	159	-4	
153	157	3	
433	439	-4	
432	439	-3	
25	29	6	
27	91	4	
91	94	-5	
89	94	-3	
25	89	4	
217	221	3	
217	281	-3	
281	286	3	
216	280	3	
170	174	-3	
174	182	2	
178	182	-4	
178	183	3	
175	183	2	
170	175	-5	
441	445	-3	
442	445	5	
442	506	-4	
505	508	4	
441	505	4	
11	15	5	
11	75	-4	
75	78	5	
73	78	5	
9	73	3	
419	483	3	
481	485	-6	
417	481	-4	
41	45	4	
42	106	-4	
106	109	1	
401	407	5	
401	465	-2	
465	471	-5	
464	471	6	
400	464	5	
312	317	3	
378	383	-7	
376	383	4	
270	278	-1	
274	279	-5	
271	279	1	
267	271	5	
186	190	4	
187	190	4	
187	251	-4	
251	254	-2	
250	254	-5	
186	250	3	
145	150	-3	
147	211	3	
211	212	-4	
209	212	4	
490	494	-6	
494	502	2	
496	502	4	
495	503	-2	
54	62	3	
57	62	-5	
57	63	5	
55	63	-3	
50	55	4	
410	414	6	
411	475	3	
475	477	-6	
474	477	6	
410	474	3	
1	4	5	
3	4	-6	
0	5	-5	
387	388	-3	
388	396	-5	
392	396	-4	
392	398	-7	
390	398	4	
387	390	-2	
129	133	-2	
133	141	2	
138	141	-3	
138	143	5	
135	143	2	
129	135	-5	
236	244	1	
243	244	-5	
243	247	3	
239	247	3	
232	239	-4	
96	102	-3	
99	102	-4	
163	166	3	
160	166	-4	
338	340	3	
339	343	4	
336	342	4	
25	28	-3	
26	31	-4	
354	356	5	
353	417	-4	
456	461	-2	
459	461	-6	
459	463	4	
457	462	-3	
121	124	-4	
120	127	4	
121	126	-4	
322	324	5	
320	326	2	
322	326	4	
402	404	-5	
409	412	-3	
407	415	2	
248	252	4	
249	313	3	
313	316	4	
312	316	3	
248	312	1	
261	269	-3	
265	270	7	
262	270	2	
256	262	6	
363	367	6	
363	427	-2	
362	426	-4	
106	108	-3	
106	110	-6	
377	382	5	
379	443	-2	
441	444	4	
377	441	1	
208	212	3	
208	215	4	
207	215	3	
200	207	-5	
152	157	-4	
161	165	4	
161	167	3	
159	167	-3	
152	159	-4	
493	501	-1	
497	502	5	
58	60	-5	
58	61	6	
350	358	3	
353	358	-3	
353	359	-2	
351	359	-2	
347	351	3	
17	81	-3	
81	84	-4	
16	80	4	
179	182	-4	
240	246	3	
304	311	3	
305	369	4	
369	374	-6	
368	374	-4	
304	368	-4	
283	286	4	
286	294	3	
290	295	2	
287	295	3	
283	287	-6	
467	469	-6	
469	477	3	
471	479	2	
114	116	-4	
116	124	-6	
121	125	-6	
65	71	3	
67	71	-2	
67	131	-2	
129	132	-5	
65	129	-1	
385	390	6	
448	453	5	
384	448	-3	
10	15	-3	
10	74	2	
74	77	-5	
8	72	-3	
220	228	-3	
224	229	-3	
221	229	2	
219	221	3	
298	362	-3	
361	365	-4	
297	361	-2	
32	36	-3	
40	44	-4	
40	45	-3	
37	45	4	
273	276	6	
275	278	-5	
275	279	4	
272	279	3	
504	508	2	
145	148	-4	
145	149	6	
144	150	-3	
481	484	1	
482	485	4	
480	485	-5	
168	174	-3	
433	436	-2	
434	439	-2	
181	189	-4	
355	419	4	
416	420	4	
194	197	-3	
195	198	4	
88	92	-3	
92	100	-2	
96	100	-2	
96	101	-5	
330	333	-4	
408	415	-4	
409	473	-3	
408	472	3	
240	244	-1	
242	244	4	
242	306	1	
304	310	4	
240	304	2	
210	213	-4	
201	206	3	
42	44	-4	
44	52	2	
48	52	-3	
46	54	-3	
393	396	2	
386	391	4	
402	405	4	
402	466	2	
464	470	3	
281	284	3	
284	292	-2	
288	292	3	
298	300	-2	
298	301	4	
19	20	4	
19	83	-3	
82	85	-4	
18	82	4	
248	253	-3	
249	253	3	
249	254	-3	
250	255	-3	
258	263	-2	
322	325	-2	
321	325	-3	
282	285	-3	
282	346	-3	
280	344	2	
425	489	1	
488	493	-4	
90	92	4	
139	142	6	
74	138	3	
378	380	-2	
8	12	3	
5	13	-2	
27	28	-3	
26	29	-3	
453	461	-1	
458	463	-2	
455	463	-1	
70	78	-4	
66	71	-3	
108	116	2	
187	188	-4	
187	189	-3	
184	189	4	
156	164	-2	
163	164	4	
432	436	-4	
436	444	3	
403	467	-3	
467	468	4	
465	468	5	
333	341	2	
338	341	4	
334	342	-2	
266	268	-5	
268	276	2	
274	276	-2	
274	277	5	
269	277	-2	
170	234	-2	
168	232	3	
308	316	-4	
309	317	5	
34	98	-3	
98	103	-3	
413	421	-3	
416	422	-4	
414	422	2	
340	348	4	
343	351	-3	
499	500	6	
497	503	-4	
227	291	5	
225	289	3	
385	389	4	
394	397	5	
153	217	3	
217	220	-4	
152	216	3	
354	357	2	
41	47	-3	
43	107	2	
107	109	6	
112	118	5	
113	118	4	
113	177	-3	
112	176	2	
312	319	-5	
376	382	5	
478	486	2	
483	487	-4	
479	487	-2	
474	479	-3	
452	460	-2	
454	462	2	
9	13	-3	
16	21	-3	
9	14	6	
200	205	2	
203	205	3	
203	267	-2	
200	264	-1	
237	245	-2	
241	246	4	
238	246	-2	
506	511	-3	
504	511	-4	
81	87	4	
146	148	-3	
81	145	2	
427	431	5	
490	492	-4	
195	259	2	
259	260	-3	
192	256	-2	
147	151	-2	
211	215	-2	
144	208	3	
56	63	4	
123	126	-6	
369	372	2	
371	373	-4	
370	373	-2	
137	141	3	
35	39	-4	
32	39	-4	
33	38	2	
201	204	-3	
202	204	2	
202	266	1	
201	265	-2	
307	310	-3	
310	318	-4	
314	319	3	
311	319	-5	
3	6	4	
421	429	1	
424	430	-3	
422	430	-2	
119	127	-5	
224	230	-3	
194	258	-2	
257	262	2	
193	257	2	
50	52	2	
75	79	-1	
457	460	-2	
91	95	3	
91	155	3	
155	156	-3	
89	153	2	
384	388	4	
432	438	-2	
432	496	4	
170	172	-3	
104	168	2	
483	484	5	
482	487	-3	
130	132	-4	
8	14	3	
299	300	3	
298	302	4	
210	274	-1	
336	340	4	
338	402	-4	
336	400	2	
225	231	5	
368	375	3	
27	31	-4	
213	221	2	
214	222	1	
211	214	-4	
330	332	3	
136	143	-2	
136	200	-4	
433	497	-4	
450	454	4	
451	453	-5	
97	100	-4	
99	100	3	
186	191	-3	
472	479	-4	
17	21	5	
17	22	-2	
41	44	-4	
43	46	-4	
411	413	3	
410	415	3	
491	493	4	
491	494	-3	
488	494	2	
489	495	3	
339	403	-3	
337	401	3	
379	380	-6	
379	383	3	
264	269	-3	
163	165	4	
165	173	4	
167	175	-4	
280	284	4	
48	55	-2	
112	116	2	
179	180	-2	
0	4	4	
101	109	-3	
103	111	-2	
457	461	-5	
325	333	4	
328	333	-2	
327	335	2	
171	235	1	
429	437	-3	
197	205	-3	
192	199	-4	
503	511	2	
498	503	-2	
149	157	3	
240	247	-4	
305	308	-2	
313	317	5	
59	61	5	
393	398	4	
440	444	-2	
443	445	-2	
224	231	-2	
226	290	3	
224	288	3	
105	108	3	
105	110	3	
84	92	-3	
86	94	-4	
80	86	4	
215	223	-2	
182	190	4	
179	183	4	
346	351	-3	
346	410	-3	
20	28	-4	
24	30	-3	
22	30	-3	
278	286	-2	
470	478	-2	
362	364	4	
425	430	-3	
361	425	4	
123	125	3	
234	239	2	
233	297	-3	
64	70	3	
417	421	3	
418	482	2	
47	55	-1	
42	47	4	
323	387	-1	
322	386	-4	
315	318	1	
193	196	-2	
192	198	5	
130	133	3	
128	135	-2	
400	404	-3	
403	407	-3	
506	510	-3	
502	510	2	
147	148	-4	
150	158	-3	
449	454	-4	
352	356	1	
354	358	-3	
267	269	4	
264	270	3	
11	14	1	
337	341	-3	
338	343	2	
339	342	4	
490	493	5	
368	372	-1	
73	76	4	
73	137	2	
66	68	-4	
232	238	4	
296	303	2	
232	296	3	
320	324	4	
321	385	2	
320	384	-3	
427	428	5	
434	436	-4	
49	52	-3	
113	119	2	
365	373	2	
216	222	-3	
226	228	-2	
291	295	4	
476	484	2	
272	278	2	
98	101	3	
177	183	-3	
202	207	-2	
26	90	4	
146	150	3	
143	151	2	
18	23	-3	
185	188	-2	
306	309	-4	
282	287	2	
280	287	-2	
347	349	2	
349	357	-4	
292	300	2	
293	301	-3	
329	335	-3	
433	438	-3	
430	438	2	
75	77	-3	
265	271	-4	
85	93	1	
89	93	3	
87	95	-2	
419	422	4	
416	480	3	
50	53	3	
161	166	-3	
225	230	-4	
241	247	2	
345	350	3	
342	350	3	
399	407	-2	
250	314	2	
24	29	-2	
507	508	4	
97	102	-3	
152	156	2	
489	492	-5	
323	327	-2	
443	446	-2	
418	420	-2	
67	69	-2	
409	414	-4	
345	409	1	
162	167	-2	
16	20	-2	
218	220	-3	
374	382	-3	
435	437	-1	
335	343	1	
176	181	4	
291	294	-1	
294	302	-2	
295	303	3	
57	121	2	
456	460	-3	
24	88	4	
115	117	-1	
480	486	3	
32	96	3	
104	108	-2	
105	111	-3	
184	248	-2	
198	206	2	
68	76	-2	
324	332	-2	
326	334	-4	
378	442	-1	
376	440	-2	
397	405	-1	
401	405	3	
21	29	-3	
23	31	-4	
426	428	-1	
355	356	-3	
243	307	-2	
241	305	-1	
168	173	4	
45	53	-2	
51	54	3	
290	293	1	
208	214	3	
209	273	2	
235	237	3	
369	375	-2	
505	509	-2	
185	249	-3	
56	61	-4	
154	157	2	
154	218	3	
1	5	2	
38	46	3	
153	158	-4	
341	349	2	
352	357	2	
65	70	2	
267	331	2	
233	236	-2	
74	79	-1	
171	175	4	
289	353	-2	
400	406	-2	
371	435	1	
370	434	1	
290	354	2	
163	227	-2	
264	328	-3	
283	347	-2	
468	476	1	
66	130	1	
496	501	-2	
155	219	1	
216	223	1	
348	356	1	
160	165	-1	
94	102	-1	
251	315	-2	
442	447	3	
83	147	-2	
114	178	1	
169	233	-2	
281	345	-1	
242	245	2	
265	268	-2	
332	340	-1	
115	179	-2	
212	220	-1	
98	162	-2	
439	447	2	
412	420	1	
243	245	2	
203	206	-1	
276	284	1	
463	471	-1	
406	414	-2	
166	174	-2	
134	142	2	
131	134	2	
420	428	1	
178	180	-2	
344	348	2	
164	172	-2	
15	23	1	
28	36	1	
34	37	-1	
475	476	-1	
299	363	1	
331	334	1	
492	500	1	
387	451	-1	
Energy:	-3748	
