NumberOfQubits	504	
NumberOfSubgraphs	672	
Serial	275	
PlantedSolution:	
0	-1	
1	-1	
2	1	
3	1	
4	-1	
5	1	
6	1	
8	-1	
9	1	
10	1	
11	-1	
12	1	
13	1	
14	1	
15	1	
16	1	
17	-1	
18	-1	
19	1	
20	-1	
21	-1	
22	-1	
23	1	
24	-1	
25	1	
26	1	
27	1	
28	1	
29	-1	
30	1	
31	-1	
32	-1	
33	-1	
34	-1	
35	-1	
36	-1	
37	1	
38	1	
39	-1	
40	-1	
41	-1	
42	-1	
43	-1	
44	-1	
45	-1	
46	1	
47	-1	
48	-1	
49	1	
50	-1	
51	1	
52	-1	
53	1	
54	1	
55	-1	
56	-1	
57	-1	
58	1	
59	1	
60	-1	
61	1	
62	1	
63	-1	
64	1	
65	1	
66	1	
67	-1	
68	-1	
69	-1	
70	-1	
71	-1	
72	-1	
73	1	
74	1	
75	-1	
76	1	
77	-1	
78	1	
79	-1	
80	-1	
81	-1	
82	-1	
83	-1	
84	1	
85	1	
86	1	
87	1	
88	-1	
89	1	
90	1	
91	-1	
92	-1	
93	-1	
94	-1	
95	-1	
96	-1	
97	-1	
98	-1	
99	-1	
100	1	
101	1	
102	-1	
103	1	
104	-1	
105	1	
106	1	
107	-1	
108	-1	
109	-1	
110	1	
111	-1	
112	1	
113	1	
114	-1	
115	1	
116	-1	
117	1	
118	-1	
119	1	
120	1	
121	-1	
123	-1	
124	1	
125	-1	
126	-1	
127	-1	
128	1	
129	1	
130	1	
131	1	
132	1	
133	1	
134	-1	
135	1	
136	-1	
137	-1	
138	-1	
139	-1	
141	1	
142	1	
143	-1	
144	-1	
145	1	
146	1	
147	-1	
148	1	
149	-1	
150	1	
151	1	
152	-1	
153	-1	
154	1	
155	1	
156	-1	
157	1	
158	-1	
159	1	
160	1	
161	1	
162	1	
163	-1	
164	1	
165	1	
166	-1	
167	-1	
168	1	
169	-1	
170	-1	
171	1	
172	-1	
173	1	
174	1	
175	-1	
176	1	
177	1	
178	-1	
179	1	
180	1	
181	1	
182	-1	
183	-1	
184	1	
185	1	
186	-1	
187	-1	
188	-1	
189	1	
190	-1	
191	1	
192	1	
193	-1	
194	1	
195	-1	
196	1	
197	1	
198	1	
199	1	
200	1	
201	1	
202	-1	
203	-1	
204	1	
205	1	
206	1	
207	1	
208	1	
209	1	
210	1	
211	1	
212	1	
213	1	
214	-1	
215	-1	
216	-1	
217	-1	
218	1	
219	1	
220	-1	
221	-1	
222	1	
223	1	
224	-1	
225	-1	
226	1	
227	1	
228	1	
229	-1	
230	-1	
231	-1	
232	1	
233	-1	
234	-1	
235	1	
236	-1	
237	1	
238	-1	
239	1	
240	1	
241	-1	
242	1	
243	-1	
244	-1	
245	1	
246	-1	
247	-1	
248	-1	
249	1	
250	-1	
251	1	
252	-1	
253	-1	
254	-1	
255	-1	
256	1	
257	1	
258	1	
259	1	
260	-1	
261	-1	
262	-1	
263	-1	
264	1	
265	-1	
266	-1	
267	1	
268	-1	
269	1	
270	1	
271	-1	
272	-1	
273	-1	
274	-1	
275	-1	
276	-1	
277	-1	
278	1	
279	-1	
280	1	
281	1	
282	1	
283	-1	
284	1	
285	1	
286	-1	
287	-1	
288	-1	
289	-1	
290	1	
291	1	
292	1	
293	1	
294	1	
295	-1	
296	-1	
297	1	
298	1	
299	-1	
300	-1	
301	-1	
302	1	
303	1	
304	1	
305	-1	
306	1	
307	-1	
308	-1	
309	-1	
310	1	
311	1	
312	1	
313	1	
314	-1	
315	-1	
316	1	
317	1	
318	1	
319	-1	
320	-1	
321	-1	
322	-1	
323	1	
324	1	
325	1	
326	1	
327	-1	
328	1	
329	1	
330	1	
331	-1	
332	-1	
333	1	
334	1	
335	-1	
336	-1	
337	1	
338	-1	
339	-1	
340	1	
341	1	
342	1	
343	1	
344	1	
345	1	
346	-1	
347	1	
348	1	
349	1	
350	1	
351	1	
352	1	
353	1	
354	1	
355	1	
356	-1	
357	-1	
358	-1	
359	1	
361	1	
362	1	
363	-1	
364	1	
365	1	
367	-1	
368	1	
369	1	
370	-1	
371	1	
372	1	
373	-1	
374	-1	
375	-1	
376	1	
377	-1	
378	1	
379	1	
380	1	
382	1	
383	-1	
384	1	
385	-1	
386	-1	
387	-1	
388	-1	
389	-1	
390	1	
391	1	
392	1	
393	1	
394	1	
396	-1	
397	-1	
398	-1	
399	1	
400	-1	
401	-1	
402	1	
403	1	
404	1	
405	1	
406	-1	
407	-1	
408	-1	
409	1	
410	-1	
411	-1	
412	1	
413	1	
414	1	
415	-1	
416	1	
417	-1	
418	-1	
419	-1	
420	1	
421	-1	
422	-1	
424	-1	
425	-1	
426	1	
427	-1	
428	1	
429	1	
430	1	
431	1	
432	-1	
433	-1	
434	1	
435	-1	
436	-1	
437	1	
438	1	
439	-1	
440	1	
441	1	
442	-1	
443	1	
444	1	
445	1	
446	1	
447	-1	
448	-1	
449	1	
450	-1	
451	-1	
452	1	
453	-1	
454	1	
455	1	
456	-1	
457	-1	
458	1	
459	1	
460	-1	
461	1	
462	-1	
463	1	
464	1	
465	1	
466	-1	
467	-1	
468	-1	
469	-1	
470	1	
471	1	
472	-1	
473	1	
474	-1	
475	-1	
476	-1	
477	1	
478	-1	
479	-1	
480	-1	
481	-1	
482	1	
483	-1	
484	-1	
485	1	
486	-1	
487	1	
488	-1	
489	-1	
490	1	
491	-1	
492	1	
493	-1	
494	1	
495	-1	
496	-1	
497	1	
498	-1	
499	1	
500	-1	
501	1	
502	-1	
503	-1	
504	-1	
505	-1	
506	1	
507	-1	
508	-1	
509	1	
510	-1	
511	1	
Js:	
289	292	3	
290	292	-4	
290	295	4	
291	295	3	
291	293	-5	
289	293	-3	
344	348	4	
347	348	-3	
347	349	-4	
346	349	3	
346	351	2	
344	351	-6	
481	484	-4	
482	484	2	
482	485	-4	
480	485	4	
480	486	3	
481	486	-3	
99	101	3	
101	109	3	
106	109	6	
106	111	4	
103	111	3	
99	103	5	
73	76	-2	
76	84	1	
81	84	5	
81	87	1	
79	87	2	
73	79	4	
321	324	4	
323	324	-5	
323	326	-4	
320	326	5	
320	327	-4	
321	327	-3	
48	54	5	
54	62	-1	
56	62	4	
56	63	-4	
55	63	1	
48	55	-3	
160	164	-4	
161	164	1	
161	166	4	
162	166	5	
162	165	-4	
160	165	-5	
280	284	-2	
283	284	3	
283	287	3	
282	287	5	
282	285	-4	
280	285	-5	
25	28	-4	
28	36	3	
33	36	-2	
33	39	-4	
31	39	2	
25	31	5	
425	428	4	
427	428	-4	
427	430	2	
426	430	-4	
426	431	-3	
425	431	4	
216	221	-5	
221	229	-2	
224	229	-4	
224	231	4	
223	231	2	
216	223	5	
18	23	5	
19	23	-3	
19	83	4	
83	86	4	
82	86	-5	
18	82	-3	
235	236	3	
236	244	2	
241	244	-4	
241	247	-2	
239	247	4	
235	239	-3	
441	446	-4	
443	446	-4	
443	507	-2	
507	508	-5	
505	508	-5	
441	505	3	
209	213	-4	
210	213	3	
210	274	3	
274	277	-5	
273	277	-3	
209	273	3	
114	118	-2	
115	118	6	
115	179	-2	
179	180	-5	
178	180	-2	
114	178	-2	
312	319	3	
315	319	-4	
315	379	3	
379	382	-5	
376	382	-5	
312	376	3	
144	148	3	
145	148	-4	
145	151	4	
147	151	5	
147	150	3	
144	150	4	
450	452	-4	
451	452	3	
451	455	2	
449	455	-3	
449	453	3	
450	453	-4	
400	407	-4	
403	407	3	
403	467	4	
467	470	-4	
464	470	-5	
400	464	3	
297	300	5	
299	300	-3	
299	302	4	
296	302	2	
296	303	3	
297	303	-3	
331	332	-2	
332	340	2	
337	340	-7	
337	342	-4	
334	342	-1	
331	334	-5	
26	29	4	
27	29	2	
27	91	5	
91	94	-3	
90	94	3	
26	90	-5	
433	436	-3	
435	436	-6	
435	438	-1	
434	438	-4	
434	439	3	
433	439	-2	
408	412	5	
410	412	-1	
410	474	-5	
474	476	-3	
472	476	-3	
408	472	-4	
265	268	2	
267	268	3	
267	270	-3	
266	270	3	
266	269	5	
265	269	3	
490	493	3	
491	493	-4	
491	495	2	
489	495	-5	
489	494	3	
490	494	-5	
168	173	-5	
170	173	4	
170	174	-4	
169	174	3	
169	175	-3	
168	175	3	
0	4	-3	
3	4	4	
3	67	4	
67	70	-3	
64	70	4	
0	64	-3	
354	357	5	
355	357	4	
355	359	-5	
353	359	-2	
353	358	5	
354	358	4	
152	156	-2	
153	156	-5	
153	157	-1	
154	157	-4	
154	159	-5	
152	159	3	
393	398	3	
394	398	4	
394	458	3	
458	461	-3	
457	461	3	
393	457	1	
201	204	-3	
202	204	3	
202	205	4	
200	205	-2	
200	207	3	
201	207	-3	
72	78	-4	
75	78	4	
75	139	-2	
139	142	6	
136	142	5	
72	136	-2	
304	310	-3	
306	310	-4	
306	370	1	
370	375	-5	
368	375	5	
304	368	1	
120	125	2	
123	125	-6	
123	127	-3	
121	127	-4	
121	126	2	
120	126	4	
41	44	-3	
42	44	-4	
42	47	3	
40	47	-4	
40	45	-3	
41	45	-4	
497	500	-3	
499	500	6	
499	502	5	
496	502	-5	
496	503	-1	
497	503	5	
258	261	4	
259	261	2	
259	263	6	
256	263	-4	
256	262	6	
258	262	4	
211	212	-5	
212	220	4	
219	220	-3	
219	222	-2	
214	222	3	
211	214	3	
385	389	-4	
386	389	-3	
386	391	3	
384	391	-3	
384	390	-3	
385	390	3	
192	197	-5	
193	197	3	
193	199	-4	
194	199	-4	
194	198	-2	
192	198	-5	
411	413	3	
413	421	1	
418	421	-4	
418	422	3	
414	422	2	
411	414	4	
8	12	4	
9	12	-6	
9	14	-4	
10	14	-4	
10	13	-4	
8	13	-3	
185	189	-4	
187	189	4	
187	251	2	
251	252	3	
249	252	-2	
185	249	-2	
128	133	-4	
131	133	-4	
131	134	-3	
130	134	3	
130	135	-3	
128	135	-2	
466	469	-2	
469	477	2	
473	477	-5	
473	479	3	
471	479	-1	
466	471	6	
233	237	5	
237	245	-3	
242	245	-3	
242	246	4	
238	246	-3	
233	238	2	
363	364	4	
364	372	2	
371	372	-3	
371	373	3	
365	373	3	
363	365	4	
272	276	-3	
275	276	-4	
275	339	-4	
339	343	3	
336	343	-5	
272	336	-3	
440	447	3	
442	447	3	
442	506	3	
506	510	5	
504	510	-4	
440	504	2	
392	396	-2	
396	404	2	
402	404	-4	
402	405	-3	
397	405	1	
392	397	4	
51	52	5	
52	60	-1	
57	60	-2	
57	61	5	
53	61	1	
51	53	-3	
307	308	-1	
308	316	4	
313	316	-2	
313	317	-4	
309	317	4	
307	309	2	
32	38	3	
34	38	2	
34	98	-4	
98	100	2	
96	100	-3	
32	96	-3	
184	188	2	
186	188	-3	
186	250	2	
250	254	-3	
248	254	-6	
184	248	2	
112	119	-3	
113	119	-4	
113	177	-2	
177	183	4	
176	183	3	
112	176	-2	
1	5	3	
2	5	-4	
2	66	-5	
66	69	4	
65	69	2	
1	65	-4	
328	332	4	
329	332	-2	
329	335	5	
330	335	4	
330	333	-3	
328	333	-5	
80	85	4	
85	93	-6	
88	93	-3	
88	95	-3	
87	95	2	
80	87	5	
97	100	3	
100	108	3	
104	108	-4	
104	110	4	
102	110	3	
97	102	-3	
16	20	5	
19	20	4	
19	21	3	
17	21	4	
17	22	-5	
16	22	3	
226	228	-3	
227	228	5	
227	231	2	
225	231	-4	
225	230	-3	
226	230	5	
458	460	5	
459	460	3	
459	463	-3	
456	463	4	
456	462	-3	
458	462	3	
297	301	3	
298	301	2	
298	362	-3	
362	367	3	
361	367	-4	
297	361	-2	
73	77	-3	
74	77	4	
74	138	1	
138	143	-3	
137	143	-5	
73	137	1	
416	420	-3	
419	420	4	
419	483	-5	
483	487	-3	
480	487	3	
416	480	3	
313	318	-3	
314	318	-4	
314	378	3	
378	383	3	
377	383	-5	
313	377	3	
305	311	4	
307	311	4	
307	371	-2	
371	374	3	
369	374	6	
305	369	2	
217	222	2	
218	222	5	
218	282	-1	
282	286	3	
281	286	3	
217	281	2	
163	164	-5	
164	172	4	
171	172	2	
171	175	4	
167	175	-2	
163	167	-5	
345	350	-4	
346	350	-4	
346	410	-1	
410	415	-2	
409	415	5	
345	409	-2	
498	501	3	
501	509	-5	
507	509	3	
507	511	3	
503	511	5	
498	503	3	
89	92	3	
91	92	-3	
91	155	-1	
155	158	4	
153	158	-3	
89	153	2	
401	406	-5	
403	406	5	
467	468	-3	
465	468	4	
401	465	3	
200	206	-2	
203	206	3	
203	267	-2	
267	271	3	
264	271	4	
200	264	-2	
384	388	1	
387	388	-4	
387	451	-3	
451	454	4	
448	454	4	
384	448	-3	
432	436	3	
436	444	4	
440	444	-5	
440	445	-1	
437	445	-2	
432	437	2	
257	260	7	
258	260	3	
258	322	2	
322	325	3	
321	325	7	
257	321	-1	
424	429	5	
425	429	2	
425	489	3	
489	492	2	
488	492	5	
424	488	-3	
41	46	4	
43	46	4	
43	107	-3	
107	110	4	
105	110	-3	
41	105	3	
24	29	5	
29	37	2	
35	37	2	
35	38	5	
30	38	-3	
24	30	4	
288	294	4	
290	294	1	
290	354	-3	
354	356	3	
352	356	3	
288	352	3	
129	132	-3	
131	132	-4	
131	195	2	
195	196	4	
193	196	2	
129	193	-1	
144	149	-4	
146	149	3	
146	210	-3	
210	215	3	
208	215	6	
144	208	-2	
272	279	-3	
274	279	-3	
274	338	-3	
338	341	4	
336	341	3	
179	182	5	
182	190	-2	
184	190	4	
184	191	-4	
183	191	-3	
179	183	1	
112	116	5	
116	124	3	
121	124	6	
121	125	-5	
117	125	-3	
112	117	-3	
243	245	2	
245	253	4	
251	253	3	
251	255	5	
247	255	-3	
243	247	-3	
50	52	-4	
49	53	-4	
49	54	-3	
50	54	4	
56	60	-4	
58	60	5	
58	61	-5	
59	61	-2	
59	63	3	
11	13	-2	
13	21	2	
18	21	-3	
15	23	-2	
11	15	7	
65	68	5	
67	68	-2	
67	71	-5	
64	71	5	
65	70	4	
475	477	-3	
475	478	-4	
474	478	-3	
474	479	-4	
232	237	-1	
234	237	5	
234	238	-3	
235	238	4	
232	239	4	
176	181	3	
177	181	-2	
177	241	2	
241	246	-4	
240	246	2	
176	240	-2	
368	372	-5	
372	380	-4	
378	380	-5	
378	382	-4	
374	382	-1	
368	374	2	
1	4	-3	
2	4	4	
0	5	4	
0	6	4	
1	6	4	
136	141	-3	
137	141	4	
139	143	-4	
412	420	1	
417	420	4	
417	422	-3	
408	414	2	
393	397	3	
394	397	4	
392	398	4	
392	399	-3	
393	399	-4	
273	278	4	
275	278	5	
339	340	2	
273	337	2	
209	212	-4	
218	220	3	
218	221	3	
213	221	3	
483	486	-3	
486	494	3	
488	494	2	
488	495	-2	
487	495	2	
8	15	1	
11	75	3	
75	77	-2	
72	77	-4	
8	72	-3	
426	429	-2	
427	429	3	
427	491	-3	
426	490	-3	
432	438	5	
438	446	-2	
443	447	2	
439	447	-4	
432	439	-2	
89	94	3	
94	102	2	
97	103	4	
95	103	1	
89	95	3	
441	445	-3	
442	445	5	
505	510	4	
152	157	3	
157	165	-3	
158	166	-2	
152	158	-4	
314	316	4	
315	316	2	
315	318	4	
312	318	3	
314	319	-3	
457	460	-3	
460	468	-2	
466	468	5	
463	471	-2	
457	463	4	
260	268	-2	
266	268	-3	
262	270	2	
257	262	-1	
248	252	-5	
250	252	-4	
250	253	-2	
249	253	4	
249	254	-4	
288	293	3	
289	353	2	
352	358	3	
106	108	3	
108	116	2	
114	116	-3	
114	117	3	
109	117	1	
280	287	3	
283	347	3	
347	351	-2	
280	344	-3	
187	188	-4	
187	190	-2	
185	190	2	
186	189	4	
168	172	3	
169	172	-3	
169	173	2	
168	174	-2	
26	28	1	
27	28	-3	
27	30	-2	
25	30	-4	
26	31	5	
361	364	-5	
363	367	-6	
362	365	-5	
361	365	-3	
128	132	-4	
130	132	-5	
129	134	4	
129	135	4	
498	500	-2	
499	501	1	
496	501	2	
498	502	-4	
322	326	4	
323	387	3	
387	390	3	
386	390	2	
322	386	-3	
400	405	5	
402	406	3	
401	407	2	
197	205	-3	
203	205	-3	
198	206	-3	
146	148	2	
147	148	2	
147	149	-3	
145	149	2	
145	150	-3	
146	150	-3	
113	118	3	
118	126	-3	
123	126	-5	
119	127	3	
299	301	-3	
301	309	2	
305	309	-2	
305	310	3	
302	310	-1	
291	292	-2	
292	300	2	
298	300	2	
298	303	5	
295	303	3	
43	44	-2	
40	46	3	
448	452	5	
450	455	4	
449	454	-6	
84	92	4	
88	92	-2	
81	85	4	
161	167	5	
163	227	2	
225	228	2	
161	225	2	
32	36	-6	
35	36	-3	
34	37	3	
34	39	-3	
32	39	2	
331	333	3	
331	335	-3	
329	334	-2	
330	334	-4	
261	269	-2	
265	271	-4	
263	271	-2	
459	461	4	
461	469	2	
464	469	3	
462	470	2	
459	462	4	
417	421	-3	
418	482	5	
481	485	3	
417	481	-3	
66	68	3	
68	76	4	
74	76	-5	
74	79	2	
71	79	-2	
66	71	-2	
12	20	-2	
17	20	-2	
14	22	2	
196	204	-2	
202	207	-2	
199	207	-4	
195	199	4	
240	244	3	
242	244	-3	
242	306	-4	
306	308	4	
304	308	4	
240	304	-2	
345	348	1	
348	356	3	
355	356	3	
349	357	2	
345	349	-3	
369	373	4	
370	373	2	
370	434	2	
434	437	-4	
433	437	3	
369	433	3	
155	156	-2	
155	219	-3	
219	223	-3	
217	223	4	
153	217	-3	
274	276	-2	
276	284	4	
281	284	-3	
281	285	1	
277	285	3	
408	415	-2	
411	415	-5	
411	475	3	
472	478	-2	
376	380	-4	
377	380	2	
379	383	-4	
385	388	-2	
388	396	-5	
393	396	-4	
391	399	-4	
385	391	4	
208	213	-3	
210	214	3	
211	215	3	
225	229	-4	
226	231	3	
424	428	2	
427	431	3	
424	430	4	
104	111	-2	
107	111	-2	
107	171	4	
104	168	2	
338	342	2	
342	350	-4	
344	350	1	
343	351	-2	
338	343	5	
176	180	-3	
178	182	-3	
178	181	4	
59	60	4	
59	62	-4	
57	62	-6	
57	63	-3	
58	63	5	
232	236	4	
233	236	-3	
233	297	2	
296	300	4	
232	296	3	
82	84	3	
83	84	2	
83	87	5	
80	86	2	
96	101	4	
98	103	-3	
98	102	-3	
96	102	-2	
48	53	-5	
50	53	2	
49	55	5	
322	324	-1	
323	327	3	
320	325	2	
504	508	-4	
506	511	2	
506	509	-4	
504	509	3	
138	141	4	
138	202	-4	
201	205	-3	
137	201	3	
278	286	3	
279	287	-2	
273	279	3	
2	6	-3	
3	6	-5	
67	69	4	
149	157	3	
151	159	-2	
144	151	-2	
120	124	-5	
121	185	-1	
185	191	-3	
120	184	-2	
352	359	-5	
355	419	-2	
352	416	-1	
401	404	2	
404	412	4	
409	412	-3	
409	413	-2	
405	413	-3	
401	405	2	
105	108	2	
40	104	-3	
264	270	-4	
484	492	2	
491	492	4	
491	494	3	
88	94	-3	
24	88	-3	
441	444	-3	
441	447	2	
435	439	3	
387	389	1	
451	453	-4	
386	450	-3	
130	133	-2	
130	194	3	
128	192	-2	
234	239	-2	
10	15	-5	
74	78	-2	
10	74	-2	
312	317	-2	
311	319	2	
337	341	-2	
333	341	1	
468	476	2	
475	476	-4	
470	478	1	
465	470	-3	
290	293	-2	
291	294	3	
289	294	3	
435	437	3	
435	499	3	
433	497	2	
249	255	4	
248	253	-3	
16	21	3	
9	13	-3	
34	36	-2	
33	37	4	
32	37	-2	
163	166	-2	
160	167	2	
456	461	-3	
457	462	-3	
370	372	2	
370	374	-4	
369	375	-1	
113	116	3	
113	117	3	
115	117	-3	
115	119	-3	
497	501	-4	
504	511	3	
272	277	-4	
171	174	-4	
64	69	3	
69	77	-3	
83	147	-1	
146	151	-3	
82	146	2	
378	442	1	
442	444	-2	
376	440	-1	
22	30	-2	
23	31	1	
17	23	3	
394	396	3	
402	407	4	
399	407	-1	
394	399	-4	
341	349	2	
336	342	2	
472	477	2	
477	485	-3	
482	487	-2	
479	487	3	
472	479	3	
208	212	-1	
209	215	3	
209	214	-1	
208	214	3	
195	259	2	
259	260	3	
193	257	2	
90	92	3	
92	100	-1	
97	101	1	
93	101	2	
90	93	1	
50	55	3	
51	55	3	
51	115	-2	
50	114	-3	
181	189	-2	
187	191	3	
178	183	-4	
235	299	2	
296	301	-4	
357	365	-1	
359	367	2	
354	359	-1	
266	330	3	
265	329	3	
310	318	-2	
134	142	3	
135	143	2	
42	46	-3	
107	109	-3	
42	106	3	
3	5	3	
200	204	-3	
203	204	4	
264	268	4	
56	61	3	
59	123	1	
123	124	2	
56	120	-1	
321	385	-2	
320	384	-2	
416	421	3	
421	429	-2	
422	430	4	
416	422	4	
227	229	3	
224	230	-2	
315	317	2	
154	156	3	
490	495	-2	
488	493	-4	
243	246	-2	
243	307	-4	
306	311	2	
410	413	4	
473	476	3	
409	473	2	
177	180	-3	
180	188	3	
186	190	-4	
177	182	-3	
434	498	-2	
432	496	-3	
400	406	-2	
467	471	-1	
464	471	-3	
72	76	2	
70	78	1	
294	302	-3	
298	302	-3	
288	295	-3	
452	460	1	
456	460	-4	
455	463	1	
448	455	4	
353	356	3	
350	358	2	
347	350	1	
91	95	-2	
25	89	3	
96	103	2	
98	162	1	
96	160	2	
275	279	-4	
362	364	-4	
362	426	1	
361	425	2	
217	220	-3	
219	283	2	
283	286	-3	
389	397	4	
390	398	5	
192	196	-3	
194	196	-3	
194	258	-1	
256	261	3	
192	256	1	
81	145	2	
80	144	1	
40	44	-3	
44	52	-2	
48	52	-3	
45	53	1	
202	206	-3	
201	206	-4	
419	421	-3	
483	484	4	
480	484	-3	
443	445	-5	
234	236	-3	
326	334	-2	
327	335	-3	
33	38	3	
35	99	2	
99	100	4	
33	97	-3	
453	461	1	
454	462	1	
110	118	1	
111	119	2	
105	111	-3	
18	22	2	
409	414	2	
410	414	5	
402	466	2	
465	469	3	
368	373	4	
371	375	3	
129	133	-3	
128	134	-3	
248	255	1	
120	127	-4	
481	487	3	
194	197	-3	
203	207	3	
20	28	2	
24	28	3	
21	29	-1	
440	446	-4	
442	446	-2	
49	52	3	
47	55	-1	
41	47	2	
324	332	4	
325	333	1	
141	149	1	
142	150	-1	
240	245	-4	
240	247	3	
233	239	2	
283	285	2	
216	280	-1	
4	12	2	
5	13	-2	
272	278	2	
337	343	-1	
387	391	-2	
428	436	1	
434	436	1	
429	437	-2	
171	173	1	
206	214	1	
207	215	1	
226	229	2	
227	291	-3	
226	290	-2	
155	157	-2	
160	166	-2	
478	486	-3	
473	478	3	
98	101	3	
305	308	-3	
306	309	-1	
304	309	3	
304	311	-3	
259	262	-3	
257	261	3	
179	181	-2	
496	500	-3	
467	469	-4	
465	471	-3	
186	191	-3	
379	380	-1	
375	383	-3	
314	317	2	
313	319	2	
355	358	-2	
16	23	-2	
16	80	3	
148	156	3	
72	79	-1	
75	79	3	
136	143	-4	
48	112	-2	
449	452	-3	
27	31	4	
90	95	3	
284	292	-2	
288	292	-3	
286	294	2	
430	438	-1	
433	438	-3	
431	439	2	
106	170	1	
170	175	-3	
105	169	3	
216	220	1	
211	213	-2	
384	389	4	
37	45	-3	
43	45	-4	
43	47	-3	
39	47	-3	
400	404	2	
406	414	1	
505	509	-1	
505	511	3	
58	62	-1	
274	278	-2	
339	341	4	
195	198	-2	
131	135	-3	
328	334	-2	
243	244	-4	
244	252	2	
250	255	-3	
220	228	2	
224	228	3	
222	230	2	
475	479	-2	
474	477	-1	
8	14	3	
9	73	-2	
73	78	-4	
99	102	-3	
99	163	1	
97	161	2	
299	303	3	
234	298	1	
312	316	-4	
81	86	2	
267	269	-2	
267	331	3	
88	152	2	
322	327	3	
386	388	-2	
289	295	-4	
225	289	1	
162	164	-3	
170	172	-4	
166	174	1	
185	188	4	
251	254	2	
489	493	-3	
403	405	-2	
307	310	3	
340	348	-2	
346	348	3	
66	70	4	
204	212	1	
205	213	-1	
353	357	-3	
354	418	2	
418	420	2	
353	417	3	
347	411	-1	
51	54	-3	
235	237	-1	
232	238	3	
11	12	-1	
448	453	2	
507	510	-3	
329	333	-3	
329	393	-1	
328	392	1	
377	382	-3	
379	443	-1	
443	444	-2	
377	441	1	
147	211	2	
133	141	-3	
138	142	2	
282	284	-2	
105	109	2	
89	93	2	
184	189	-2	
176	182	3	
293	301	2	
426	428	-3	
490	492	-3	
162	167	2	
159	167	2	
155	159	2	
339	342	3	
193	198	4	
499	503	1	
266	271	-2	
265	270	4	
403	404	-2	
217	221	-2	
219	221	-1	
216	222	2	
24	31	1	
195	197	2	
139	203	-1	
136	200	-2	
281	287	4	
281	345	-3	
345	351	-3	
150	158	-2	
107	108	2	
82	85	-2	
165	173	-1	
163	165	1	
36	44	-2	
38	46	-2	
208	272	1	
424	431	2	
11	14	3	
258	263	2	
506	508	2	
303	311	-1	
392	456	2	
160	224	1	
268	276	2	
269	277	1	
154	218	-2	
152	216	-2	
241	245	-2	
241	305	-2	
408	413	3	
407	415	-2	
371	435	2	
368	432	1	
17	81	-2	
106	110	1	
485	493	-1	
282	346	3	
49	113	-1	
323	325	-3	
35	39	-4	
173	181	1	
175	183	-1	
328	335	1	
249	313	-2	
248	312	1	
458	463	-2	
42	45	-1	
338	340	2	
493	501	1	
495	503	1	
420	428	-2	
251	315	-1	
250	314	-2	
352	357	1	
363	427	-1	
280	286	2	
450	454	1	
139	141	3	
211	275	1	
19	22	2	
297	302	-3	
218	223	-2	
264	269	1	
256	320	1	
91	93	-2	
86	94	2	
500	508	-2	
502	510	-2	
411	412	2	
145	209	-1	
104	109	-1	
376	383	1	
242	247	1	
351	359	-1	
224	288	-2	
330	332	-2	
320	324	-2	
257	263	2	
246	254	-1	
161	165	2	
273	276	1	
123	187	1	
229	237	1	
231	239	1	
64	68	2	
65	129	1	
64	128	-1	
210	212	-1	
10	12	-1	
264	328	1	
483	485	1	
75	76	2	
299	363	-1	
162	226	1	
336	340	1	
153	159	2	
112	118	-1	
356	364	1	
78	86	-1	
82	87	1	
170	234	2	
169	233	-2	
114	119	1	
18	20	1	
482	486	-1	
344	349	-2	
321	326	1	
90	154	-1	
228	236	1	
230	238	-1	
227	230	1	
25	29	2	
179	243	-1	
178	242	1	
271	279	-1	
171	235	-1	
168	232	-1	
367	375	-1	
497	502	2	
26	30	-1	
476	484	-1	
83	85	2	
466	470	1	
285	293	-1	
425	430	-1	
154	158	-1	
256	260	1	
9	15	1	
385	449	1	
137	142	1	
156	164	1	
80	84	1	
287	295	1	
Energy:	-2918	
