NumberOfQubits	504	
NumberOfSubgraphs	672	
Serial	81	
PlantedSolution:	
0	1	
1	1	
2	-1	
3	1	
4	-1	
5	-1	
6	-1	
8	1	
9	-1	
10	-1	
11	1	
12	1	
13	1	
14	-1	
15	-1	
16	1	
17	-1	
18	1	
19	1	
20	-1	
21	-1	
22	-1	
23	-1	
24	1	
25	-1	
26	1	
27	1	
28	1	
29	1	
30	1	
31	-1	
32	-1	
33	1	
34	1	
35	1	
36	-1	
37	-1	
38	1	
39	-1	
40	-1	
41	-1	
42	1	
43	-1	
44	1	
45	1	
46	-1	
47	-1	
48	1	
49	1	
50	-1	
51	-1	
52	1	
53	1	
54	1	
55	1	
56	-1	
57	-1	
58	1	
59	-1	
60	-1	
61	-1	
62	1	
63	1	
64	-1	
65	-1	
66	-1	
67	-1	
68	-1	
69	1	
70	-1	
71	-1	
72	1	
73	1	
74	1	
75	1	
76	-1	
77	-1	
78	-1	
79	-1	
80	1	
81	-1	
82	-1	
83	1	
84	-1	
85	-1	
86	-1	
87	-1	
88	-1	
89	1	
90	1	
91	-1	
92	-1	
93	-1	
94	1	
95	-1	
96	-1	
97	-1	
98	1	
99	-1	
100	-1	
101	1	
102	-1	
103	-1	
104	-1	
105	1	
106	1	
107	-1	
108	-1	
109	1	
110	1	
111	-1	
112	1	
113	-1	
114	-1	
115	1	
116	-1	
117	1	
118	-1	
119	1	
120	-1	
121	1	
123	1	
124	1	
125	-1	
126	1	
127	1	
128	-1	
129	-1	
130	1	
131	1	
132	-1	
133	-1	
134	1	
135	1	
136	1	
137	1	
138	-1	
139	1	
141	1	
142	-1	
143	1	
144	-1	
145	-1	
146	-1	
147	1	
148	1	
149	1	
150	1	
151	-1	
152	1	
153	-1	
154	1	
155	-1	
156	1	
157	-1	
158	-1	
159	1	
160	1	
161	-1	
162	1	
163	1	
164	-1	
165	-1	
166	1	
167	-1	
168	-1	
169	1	
170	1	
171	-1	
172	-1	
173	1	
174	1	
175	-1	
176	1	
177	1	
178	1	
179	1	
180	1	
181	1	
182	1	
183	-1	
184	1	
185	1	
186	-1	
187	-1	
188	1	
189	1	
190	1	
191	-1	
192	-1	
193	1	
194	1	
195	-1	
196	-1	
197	-1	
198	1	
199	-1	
200	-1	
201	-1	
202	-1	
203	-1	
204	-1	
205	-1	
206	-1	
207	-1	
208	-1	
209	1	
210	1	
211	1	
212	-1	
213	1	
214	1	
215	-1	
216	-1	
217	-1	
218	1	
219	1	
220	-1	
221	1	
222	1	
223	1	
224	-1	
225	1	
226	1	
227	1	
228	1	
229	1	
230	1	
231	1	
232	-1	
233	-1	
234	1	
235	-1	
236	-1	
237	-1	
238	1	
239	-1	
240	-1	
241	-1	
242	-1	
243	-1	
244	1	
245	1	
246	-1	
247	1	
248	-1	
249	1	
250	1	
251	-1	
252	1	
253	-1	
254	-1	
255	1	
256	1	
257	-1	
258	1	
259	-1	
260	-1	
261	-1	
262	1	
263	1	
264	-1	
265	-1	
266	-1	
267	1	
268	-1	
269	-1	
270	-1	
271	1	
272	1	
273	1	
274	1	
275	1	
276	1	
277	-1	
278	-1	
279	1	
280	1	
281	1	
282	1	
283	1	
284	1	
285	-1	
286	1	
287	1	
288	1	
289	-1	
290	-1	
291	1	
292	1	
293	-1	
294	1	
295	-1	
296	1	
297	1	
298	-1	
299	1	
300	1	
301	1	
302	-1	
303	1	
304	1	
305	-1	
306	1	
307	1	
308	1	
309	-1	
310	-1	
311	1	
312	-1	
313	-1	
314	-1	
315	1	
316	-1	
317	-1	
318	1	
319	-1	
320	1	
321	1	
322	-1	
323	1	
324	1	
325	1	
326	1	
327	-1	
328	-1	
329	-1	
330	1	
331	1	
332	-1	
333	-1	
334	-1	
335	-1	
336	-1	
337	-1	
338	-1	
339	-1	
340	1	
341	-1	
342	1	
343	1	
344	1	
345	1	
346	1	
347	1	
348	-1	
349	-1	
350	1	
351	1	
352	1	
353	1	
354	-1	
355	-1	
356	-1	
357	-1	
358	1	
359	-1	
361	-1	
362	-1	
363	-1	
364	-1	
365	1	
367	-1	
368	-1	
369	1	
370	-1	
371	-1	
372	1	
373	-1	
374	1	
375	-1	
376	-1	
377	1	
378	1	
379	-1	
380	1	
382	-1	
383	1	
384	1	
385	-1	
386	-1	
387	-1	
388	-1	
389	1	
390	-1	
391	1	
392	1	
393	-1	
394	-1	
396	1	
397	-1	
398	-1	
399	-1	
400	-1	
401	-1	
402	-1	
403	-1	
404	-1	
405	1	
406	-1	
407	-1	
408	1	
409	-1	
410	-1	
411	1	
412	-1	
413	-1	
414	-1	
415	1	
416	-1	
417	1	
418	-1	
419	1	
420	-1	
421	-1	
422	1	
424	-1	
425	1	
426	1	
427	1	
428	1	
429	1	
430	1	
431	1	
432	1	
433	1	
434	-1	
435	-1	
436	1	
437	-1	
438	1	
439	1	
440	1	
441	1	
442	1	
443	-1	
444	-1	
445	1	
446	1	
447	-1	
448	-1	
449	1	
450	1	
451	-1	
452	-1	
453	1	
454	1	
455	1	
456	1	
457	1	
458	-1	
459	-1	
460	-1	
461	-1	
462	1	
463	-1	
464	1	
465	1	
466	1	
467	1	
468	-1	
469	-1	
470	-1	
471	1	
472	1	
473	-1	
474	-1	
475	1	
476	-1	
477	-1	
478	1	
479	1	
480	1	
481	-1	
482	1	
483	-1	
484	-1	
485	1	
486	-1	
487	-1	
488	-1	
489	1	
490	1	
491	1	
492	-1	
493	1	
494	1	
495	-1	
496	-1	
497	1	
498	1	
499	1	
500	-1	
501	-1	
502	-1	
503	-1	
504	-1	
505	-1	
506	1	
507	-1	
508	-1	
509	1	
510	-1	
511	-1	
Js:	
152	157	-1	
154	157	5	
154	158	3	
153	158	-3	
153	159	3	
152	159	-4	
416	420	-5	
420	428	3	
424	428	-3	
424	430	3	
422	430	-2	
416	422	5	
464	469	5	
467	469	3	
467	471	-6	
465	471	-3	
465	470	-5	
464	470	4	
224	229	4	
225	229	-3	
225	231	-4	
226	231	-3	
226	230	-4	
224	230	2	
449	453	-3	
450	453	-4	
450	455	-5	
448	455	-4	
448	454	6	
449	454	-5	
305	310	-5	
306	310	4	
306	370	-2	
370	374	2	
369	374	-6	
305	369	4	
25	31	-4	
27	31	4	
27	91	4	
91	92	-4	
89	92	-3	
25	89	3	
320	325	-4	
322	325	4	
322	386	-4	
386	390	1	
384	390	3	
320	384	-4	
274	276	-2	
276	284	-2	
283	284	-4	
283	285	3	
277	285	-3	
274	277	5	
104	108	-4	
106	108	-3	
106	109	-4	
105	109	-3	
105	110	-4	
104	110	4	
337	340	2	
338	340	4	
338	402	-4	
402	404	3	
401	404	-2	
337	401	-3	
473	478	4	
478	486	4	
482	486	3	
482	487	-3	
479	487	4	
473	479	5	
336	343	2	
339	343	-3	
339	403	-3	
403	406	-4	
400	406	-3	
336	400	-2	
8	12	-3	
9	12	4	
9	13	5	
10	13	3	
10	15	-5	
8	15	5	
115	118	4	
118	126	4	
123	126	3	
123	127	-5	
119	127	-3	
115	119	-3	
362	367	-3	
363	367	-7	
363	427	2	
427	429	-3	
426	429	-3	
362	426	-2	
64	69	2	
67	69	5	
67	131	2	
131	134	5	
128	134	3	
64	128	-1	
496	500	5	
499	500	4	
499	501	4	
497	501	2	
497	502	5	
496	502	-4	
353	358	-3	
354	358	5	
354	418	-1	
418	421	-4	
417	421	5	
353	417	1	
288	293	3	
291	293	4	
291	355	2	
355	357	-3	
352	357	4	
288	352	-4	
256	260	4	
260	268	-2	
265	268	2	
265	269	-4	
261	269	-2	
256	261	4	
329	335	-4	
330	335	4	
330	394	-2	
394	398	-5	
393	398	-5	
329	393	-1	
346	348	2	
347	348	4	
347	411	-2	
411	412	4	
410	412	-3	
346	410	-2	
65	68	-3	
68	76	-5	
72	76	3	
72	79	3	
71	79	-5	
65	71	3	
194	196	2	
195	196	-5	
195	199	-4	
192	199	-4	
192	197	5	
194	197	4	
83	85	-4	
85	93	-5	
90	93	4	
90	94	-2	
86	94	2	
83	86	3	
434	436	-5	
435	436	2	
435	438	5	
432	438	-4	
432	439	-3	
434	439	2	
210	214	-3	
214	222	-4	
217	222	-4	
217	223	2	
215	223	5	
210	215	5	
169	172	4	
170	172	4	
170	174	-2	
171	174	5	
171	173	4	
169	173	2	
506	508	4	
507	508	-4	
507	510	-4	
505	510	6	
505	511	-3	
506	511	4	
385	388	-1	
388	396	5	
392	396	-7	
392	397	4	
389	397	-4	
385	389	4	
457	460	5	
458	460	-2	
458	461	5	
459	461	-4	
459	462	4	
457	462	-4	
18	20	2	
19	20	5	
19	23	-4	
17	23	-3	
17	22	-3	
18	22	4	
240	244	-3	
244	252	-5	
249	252	-3	
249	253	4	
245	253	4	
240	245	3	
40	46	4	
46	54	2	
51	54	3	
51	55	3	
47	55	3	
40	47	-5	
480	484	3	
484	492	-2	
489	492	3	
489	493	-4	
485	493	2	
480	485	-2	
233	237	-3	
235	237	-4	
235	238	-4	
232	238	3	
232	239	-6	
233	239	-5	
176	180	-2	
178	180	-3	
178	182	-3	
177	182	-2	
177	183	3	
176	183	4	
137	141	-5	
139	141	-3	
139	203	3	
203	207	-4	
201	207	4	
137	201	4	
248	255	2	
251	255	4	
251	315	-2	
315	317	2	
312	317	-6	
248	312	-2	
32	36	-4	
35	36	-3	
35	99	3	
99	100	-5	
96	100	-2	
32	96	-3	
145	148	2	
147	148	-4	
147	150	-2	
146	150	-4	
146	151	-2	
145	151	-4	
304	308	-3	
308	316	4	
314	316	-4	
314	319	2	
311	319	3	
304	311	-4	
441	444	4	
442	444	6	
442	446	4	
443	446	3	
443	447	-2	
441	447	2	
257	263	3	
259	263	3	
259	323	1	
323	326	-4	
321	326	-4	
257	321	-1	
200	204	-3	
204	212	-3	
211	212	2	
211	213	5	
205	213	1	
200	205	-4	
296	300	-3	
298	300	5	
298	303	-1	
299	303	-6	
299	302	4	
296	302	5	
161	165	-3	
162	165	-3	
162	167	4	
163	167	3	
163	166	-3	
161	166	4	
185	188	-3	
186	188	3	
186	190	6	
187	190	3	
187	191	3	
185	191	4	
57	61	2	
59	61	-3	
59	62	3	
56	62	5	
56	63	2	
57	63	3	
371	372	4	
372	380	-2	
378	380	-6	
378	383	-3	
375	383	4	
371	375	3	
112	116	4	
116	124	5	
120	124	4	
120	125	-4	
117	125	6	
112	117	-5	
43	44	3	
44	52	-1	
49	52	-4	
49	53	-4	
45	53	-2	
43	45	-6	
33	37	4	
34	37	6	
34	98	-2	
98	102	5	
97	102	2	
33	97	2	
1	4	4	
2	4	-4	
2	6	-4	
3	6	4	
3	5	5	
1	5	-2	
267	270	5	
270	278	-4	
273	278	3	
273	279	-3	
271	279	-1	
267	271	3	
282	286	-3	
286	294	-3	
289	294	4	
289	295	2	
287	295	3	
282	287	-5	
344	351	-2	
345	351	-5	
345	409	1	
409	413	3	
408	413	2	
344	408	-1	
177	181	-4	
179	181	-4	
179	243	-2	
243	246	-2	
241	246	-6	
177	241	2	
16	20	2	
20	28	-2	
26	28	-3	
26	29	-5	
21	29	3	
16	21	4	
474	476	-4	
475	476	4	
475	477	3	
472	477	4	
472	478	-2	
474	478	4	
376	382	-6	
379	382	-3	
379	443	-3	
443	445	4	
440	445	-4	
376	440	3	
328	333	-3	
333	341	-2	
338	341	-3	
338	342	2	
334	342	-4	
328	334	-3	
216	220	-4	
219	220	3	
219	221	-4	
218	221	-2	
218	223	-2	
216	223	-2	
128	132	-4	
130	132	4	
130	133	4	
129	133	-3	
129	135	-3	
128	135	3	
80	84	5	
84	92	2	
88	92	-2	
88	95	-4	
87	95	-3	
80	87	3	
73	78	-5	
74	78	3	
74	138	3	
138	142	-4	
137	142	3	
73	137	-2	
490	493	-3	
491	493	-3	
491	494	-4	
488	494	4	
488	495	4	
490	495	3	
361	364	-5	
364	372	2	
368	372	-3	
368	373	-5	
365	373	2	
361	365	5	
72	77	-1	
75	77	4	
75	139	-3	
139	143	-5	
136	143	-1	
72	136	-2	
98	101	-3	
101	109	-5	
107	109	3	
107	111	-4	
103	111	-4	
98	103	-2	
200	206	-5	
202	206	-4	
202	266	-2	
266	268	3	
264	268	-3	
200	264	-2	
297	301	-5	
301	309	-3	
307	309	4	
307	311	-3	
303	311	-1	
297	303	-3	
155	156	5	
156	164	1	
160	164	5	
160	167	3	
159	167	2	
155	159	-2	
249	254	4	
250	254	4	
250	314	2	
314	318	-3	
313	318	4	
249	313	2	
498	501	4	
501	509	3	
504	509	3	
504	511	-5	
503	511	-3	
498	503	4	
144	149	4	
145	149	4	
145	209	3	
209	214	-2	
208	214	5	
144	208	-3	
323	324	-3	
324	332	4	
331	332	-1	
331	335	4	
327	335	-4	
323	327	2	
451	452	-5	
452	460	-1	
456	460	4	
456	463	-4	
455	463	2	
451	455	2	
24	30	4	
30	38	-1	
33	38	-3	
33	39	3	
31	39	-1	
24	31	3	
168	175	-3	
170	175	4	
170	234	-3	
234	236	5	
232	236	2	
168	232	-3	
425	429	-3	
429	437	-3	
433	437	2	
433	439	-3	
431	439	-3	
425	431	-3	
226	228	2	
227	228	-4	
227	291	-2	
291	292	-1	
290	292	5	
226	290	2	
193	198	3	
194	198	-4	
194	258	-3	
258	262	-4	
257	262	6	
193	257	1	
401	405	3	
405	413	2	
410	413	-4	
410	415	4	
407	415	2	
401	407	-5	
48	52	-2	
50	52	3	
50	114	-5	
114	119	1	
112	119	-4	
48	112	4	
387	389	4	
393	397	-3	
393	399	-2	
391	399	4	
387	391	3	
419	421	6	
419	483	5	
483	484	3	
481	484	-3	
417	481	4	
0	5	-5	
2	5	-3	
2	66	-5	
66	70	-4	
64	70	-5	
0	64	4	
280	285	1	
281	285	4	
281	345	-3	
345	350	-3	
344	350	3	
280	344	-4	
121	124	-3	
121	185	-3	
185	189	-3	
184	189	3	
120	184	3	
10	12	3	
11	15	3	
11	14	-5	
8	14	4	
465	468	3	
466	468	4	
466	469	2	
242	244	-1	
243	244	4	
243	245	4	
240	247	4	
242	247	4	
353	356	5	
355	356	-4	
354	357	-4	
354	359	4	
353	359	4	
81	84	-4	
82	84	-3	
82	87	-3	
83	87	4	
81	85	-4	
41	45	2	
43	46	-2	
42	46	4	
42	47	2	
41	47	-2	
56	60	-3	
57	60	-7	
58	63	-5	
58	61	-5	
56	61	-5	
272	277	-3	
274	279	-5	
275	279	-4	
275	278	3	
272	278	3	
313	317	-3	
313	377	4	
377	380	-5	
376	380	-2	
312	376	-2	
49	54	2	
51	115	4	
115	116	3	
113	116	-3	
49	113	3	
403	404	-3	
404	412	-3	
411	414	6	
406	414	-3	
336	340	5	
340	348	2	
347	349	3	
341	349	3	
336	341	-2	
440	446	-4	
442	506	-2	
506	509	-4	
440	504	2	
146	149	3	
149	157	3	
150	158	3	
320	324	-4	
322	324	3	
386	388	-5	
384	388	-4	
164	172	-4	
168	172	-3	
168	173	4	
165	173	3	
160	165	3	
25	29	4	
25	30	2	
22	30	2	
16	22	-1	
371	374	4	
371	435	-1	
433	438	-4	
369	433	1	
11	13	-3	
11	75	-2	
75	76	-4	
73	76	2	
9	73	2	
264	269	-5	
265	329	-4	
329	332	1	
328	332	-6	
264	328	-2	
176	182	-3	
182	190	-4	
186	191	-3	
183	191	-3	
96	102	4	
102	110	3	
107	110	2	
96	103	-3	
499	503	3	
497	503	3	
144	151	-2	
147	151	5	
147	211	-2	
208	213	2	
229	237	3	
234	237	-3	
234	238	-4	
230	238	-2	
225	230	-3	
477	485	-2	
483	485	4	
483	487	-3	
472	479	-3	
297	302	3	
298	302	-3	
298	362	2	
362	365	5	
297	361	3	
197	205	-3	
203	205	-3	
199	207	-2	
425	430	-5	
427	430	2	
427	491	-2	
491	492	4	
425	489	-3	
66	68	-2	
67	68	-5	
67	71	-2	
65	70	-3	
88	93	2	
89	93	2	
89	94	-5	
91	94	3	
91	95	-3	
218	220	5	
218	282	1	
280	287	-3	
216	280	3	
184	188	2	
187	188	4	
187	251	-3	
251	254	-2	
248	254	-4	
184	248	3	
385	390	4	
387	390	-3	
387	451	-3	
451	454	3	
385	449	2	
129	132	-4	
130	135	-4	
131	135	-3	
129	134	3	
35	38	-5	
34	38	-2	
32	37	-3	
258	260	3	
259	260	-6	
259	262	2	
256	262	-2	
258	261	-3	
457	461	3	
459	463	-3	
456	462	-3	
299	300	-4	
300	308	-2	
307	308	-3	
299	301	-1	
169	174	3	
171	235	-3	
235	236	-3	
233	236	-2	
169	233	3	
368	375	-2	
370	375	-4	
370	434	-1	
434	437	-3	
432	437	2	
368	432	-1	
284	292	2	
290	294	3	
283	286	-4	
114	117	3	
123	125	5	
114	118	-3	
196	204	2	
201	204	-2	
201	206	-2	
198	206	3	
195	198	4	
40	44	3	
41	44	4	
41	105	4	
105	108	-4	
40	104	-3	
418	422	3	
418	482	5	
480	486	4	
416	480	-4	
266	270	-3	
267	331	-5	
331	333	4	
330	333	3	
266	330	3	
242	246	-2	
242	306	-3	
241	305	-2	
18	23	-3	
18	82	4	
82	86	-5	
81	86	-3	
17	81	-3	
273	276	-4	
275	276	-4	
275	339	3	
339	342	3	
337	342	3	
273	337	-2	
426	428	-3	
426	490	-3	
490	494	-4	
424	488	-4	
352	356	-3	
356	364	-2	
363	364	-3	
359	367	-3	
352	359	3	
97	100	-4	
99	163	2	
97	161	3	
153	156	2	
155	219	4	
219	222	-2	
153	217	-4	
136	141	-5	
137	143	-2	
138	143	5	
136	142	-5	
402	406	-1	
409	414	-2	
409	415	4	
402	407	3	
393	396	3	
394	399	-4	
392	399	4	
0	4	3	
1	6	6	
467	468	4	
468	476	-2	
475	479	-4	
471	479	1	
315	318	-5	
315	379	3	
379	383	4	
377	383	-2	
441	445	-4	
443	507	-2	
441	505	2	
224	231	3	
227	231	-3	
291	295	-4	
288	295	4	
224	288	1	
209	212	4	
210	212	-3	
208	215	-2	
209	213	-4	
24	28	-3	
27	29	-2	
27	30	-4	
74	77	5	
75	79	2	
73	79	3	
50	53	4	
51	53	4	
48	55	-5	
48	54	-4	
50	54	4	
326	334	3	
331	334	-2	
321	327	4	
179	180	-3	
180	188	4	
187	189	3	
181	189	-3	
250	252	3	
250	255	-4	
247	255	-3	
243	247	3	
450	452	5	
448	453	3	
344	349	2	
346	349	3	
346	350	-5	
347	350	2	
347	351	-2	
59	60	-3	
59	123	-1	
121	127	-4	
57	121	2	
315	319	4	
378	382	3	
314	378	3	
400	405	3	
402	405	3	
402	466	2	
466	470	3	
400	464	3	
417	420	3	
419	420	2	
483	486	-3	
481	486	3	
289	293	1	
289	353	3	
352	358	-2	
433	436	-2	
436	444	3	
442	447	3	
439	447	3	
131	133	2	
131	195	2	
129	193	2	
202	204	-3	
266	271	4	
264	271	4	
114	116	-3	
114	178	-1	
178	183	3	
113	177	2	
90	154	-2	
154	156	-2	
152	156	-3	
88	152	3	
83	84	2	
83	147	1	
144	148	3	
80	144	2	
58	62	-5	
12	20	2	
19	22	-4	
14	22	-2	
224	228	4	
228	236	4	
234	239	-1	
231	239	1	
494	502	2	
498	502	3	
495	503	2	
100	108	-2	
99	101	3	
216	221	3	
217	221	3	
217	281	-2	
281	284	-3	
280	284	-3	
38	46	2	
39	47	-3	
323	325	-4	
323	387	-2	
384	391	-3	
162	166	-3	
166	174	-2	
171	175	-2	
167	175	-3	
408	412	-3	
409	412	-3	
409	473	-3	
408	472	-4	
304	310	3	
370	373	-4	
304	368	3	
272	279	-3	
337	343	4	
272	336	3	
427	431	3	
426	431	-2	
426	430	-3	
248	252	3	
251	253	-3	
248	253	-4	
74	76	2	
69	77	3	
233	297	-1	
296	301	-3	
232	296	1	
453	461	1	
458	463	-4	
449	455	-3	
504	508	-3	
506	510	2	
505	509	3	
410	414	-2	
411	475	-2	
474	477	-2	
410	474	3	
256	263	-5	
312	316	-3	
309	317	-3	
169	175	4	
170	173	3	
17	21	-4	
18	21	3	
211	214	-3	
219	223	-3	
211	215	3	
400	404	-2	
403	405	3	
400	407	-3	
42	44	3	
42	106	-3	
106	111	2	
104	111	-4	
418	420	-3	
419	422	3	
416	421	-2	
176	181	-4	
178	181	-1	
178	242	3	
240	246	-3	
176	240	-3	
163	165	3	
163	227	-1	
227	229	3	
161	225	2	
386	389	3	
492	500	-2	
496	501	-3	
493	501	2	
377	382	2	
377	441	3	
440	444	1	
25	28	3	
27	28	-4	
281	287	-3	
329	333	-3	
329	334	-3	
66	69	2	
65	69	4	
1	65	4	
269	277	-1	
274	278	-2	
265	270	-4	
113	117	-1	
113	118	-3	
432	436	-3	
434	438	2	
435	437	-4	
357	365	1	
363	365	3	
130	134	-3	
134	142	2	
135	143	3	
296	303	-4	
184	190	-2	
145	150	-3	
152	158	3	
151	159	3	
192	196	-3	
193	196	2	
193	197	4	
194	199	-2	
466	471	-3	
465	469	4	
43	107	-4	
34	36	4	
35	37	1	
35	39	4	
32	39	3	
49	55	-3	
482	484	3	
482	485	-2	
481	485	4	
481	487	-2	
480	487	3	
96	101	3	
97	103	-3	
390	398	-3	
385	391	3	
348	356	-1	
355	358	5	
350	358	1	
201	205	-4	
203	206	-3	
202	207	-4	
9	14	-3	
267	268	4	
263	271	-2	
70	78	-3	
72	78	4	
64	71	-3	
459	460	-3	
289	292	5	
225	289	-1	
321	325	1	
322	326	3	
322	327	-4	
121	126	3	
120	126	4	
146	148	4	
148	156	-3	
155	157	2	
424	431	3	
489	495	3	
26	31	3	
26	90	2	
88	94	4	
24	88	3	
272	276	-4	
339	340	-2	
16	23	4	
19	83	-2	
16	80	-3	
241	245	2	
246	254	2	
305	311	3	
369	373	-2	
212	220	-2	
213	221	-3	
128	133	-4	
133	141	3	
498	500	2	
500	508	-3	
507	511	1	
337	341	-2	
345	349	3	
343	351	-3	
408	415	-5	
472	476	3	
162	164	1	
162	226	-3	
160	224	2	
448	452	-2	
450	454	-2	
290	293	-3	
291	294	-3	
330	332	3	
394	397	-3	
328	392	1	
313	316	-1	
313	319	-4	
59	63	4	
177	180	-3	
179	182	-3	
179	183	3	
232	237	-1	
233	238	2	
235	239	-2	
298	301	3	
362	364	-4	
440	447	-4	
441	446	-3	
435	499	4	
499	502	-1	
433	497	-4	
89	95	-1	
90	95	4	
153	157	-2	
89	153	2	
411	413	3	
242	245	5	
77	85	-1	
80	85	2	
79	87	-1	
74	79	-2	
131	132	2	
193	199	4	
203	204	-3	
138	202	2	
146	210	2	
321	324	-4	
307	310	2	
307	371	-1	
427	428	-4	
424	429	3	
458	462	3	
456	461	3	
258	263	-3	
97	101	2	
51	52	2	
217	220	-1	
64	68	-1	
75	78	1	
26	30	-3	
186	189	2	
186	250	-2	
99	102	-2	
98	162	-2	
417	422	-3	
386	391	3	
34	39	2	
32	38	3	
344	348	4	
345	348	1	
346	351	-2	
40	45	-1	
42	45	-4	
41	46	-2	
268	276	2	
15	23	-1	
168	174	3	
218	222	-2	
398	406	3	
401	406	-2	
399	407	-2	
379	380	3	
376	383	3	
505	508	-2	
507	509	3	
467	470	1	
184	191	3	
185	249	-2	
488	492	-2	
490	492	3	
91	93	-1	
130	194	1	
192	198	2	
128	192	-1	
158	166	-2	
160	166	-2	
312	319	3	
338	343	3	
13	21	-1	
325	333	-3	
320	327	2	
434	498	3	
432	496	3	
200	207	-1	
136	200	3	
3	4	4	
3	67	-3	
273	277	-3	
438	446	-2	
57	62	2	
451	453	3	
106	110	-2	
105	111	1	
259	261	3	
257	261	-4	
370	372	3	
408	414	3	
28	36	-1	
33	36	2	
29	37	1	
24	29	-3	
80	86	1	
306	309	3	
310	318	-2	
282	285	3	
285	293	-2	
290	295	2	
241	244	3	
251	252	-2	
241	247	1	
464	468	2	
473	476	1	
473	477	-3	
469	477	-2	
161	164	-3	
96	160	1	
113	119	4	
321	385	2	
491	495	3	
8	72	-1	
374	382	-2	
369	375	1	
66	71	-3	
216	222	2	
222	230	-2	
223	231	-2	
209	215	2	
425	428	-2	
342	350	-2	
336	342	2	
90	92	2	
396	404	-1	
123	124	2	
299	363	1	
361	367	3	
11	12	-3	
10	74	-1	
443	444	-2	
238	246	1	
239	247	-1	
81	87	2	
155	158	-2	
226	229	-2	
304	309	3	
281	286	1	
280	286	-2	
65	129	-1	
265	271	2	
266	269	-3	
36	44	2	
449	452	3	
163	164	2	
161	167	-1	
288	292	2	
195	259	1	
185	190	1	
54	62	1	
55	63	-2	
371	373	-3	
250	253	-1	
249	255	-3	
17	20	-3	
19	21	1	
394	458	-2	
393	457	2	
208	212	2	
476	484	-2	
293	301	1	
295	303	1	
306	311	-2	
320	326	-2	
92	100	-1	
99	103	-1	
95	103	1	
349	357	2	
355	359	-2	
351	359	2	
154	218	-2	
0	6	4	
8	13	-3	
9	15	-2	
504	510	-3	
56	120	-1	
107	108	-3	
104	109	1	
488	493	-2	
257	260	1	
403	407	-1	
403	467	2	
464	471	2	
73	77	2	
290	354	1	
152	216	2	
138	141	2	
52	60	2	
53	61	1	
496	503	1	
278	286	1	
98	100	2	
172	180	1	
174	182	1	
457	463	-2	
369	372	-2	
368	374	2	
225	228	1	
227	230	-3	
475	478	-1	
470	478	1	
297	300	1	
10	14	-2	
339	341	2	
282	284	-2	
282	346	2	
147	149	-2	
154	159	2	
502	510	1	
489	494	1	
23	31	-1	
397	405	2	
353	357	2	
330	334	-1	
115	117	1	
283	287	-2	
283	347	-3	
314	317	2	
437	445	2	
435	439	2	
210	213	-1	
210	274	-2	
209	273	1	
91	155	1	
82	146	-1	
144	150	2	
112	118	1	
460	468	1	
462	470	2	
157	165	-1	
411	415	-1	
120	127	2	
305	308	2	
306	308	2	
354	356	-1	
288	294	-2	
110	118	1	
111	119	-1	
202	205	1	
332	340	1	
315	316	2	
486	494	1	
487	495	-1	
139	142	2	
328	335	1	
442	445	-2	
220	228	1	
221	229	1	
211	275	-1	
275	277	1	
208	272	2	
292	300	1	
294	302	1	
43	47	-1	
474	479	1	
421	429	1	
401	465	-1	
4	12	-1	
5	13	1	
243	307	1	
497	500	2	
207	215	-1	
267	269	-1	
192	256	1	
384	389	1	
384	448	1	
115	179	1	
463	471	-1	
121	125	1	
312	318	2	
392	456	-2	
428	436	-1	
387	388	1	
206	214	-1	
37	45	1	
58	60	1	
48	53	-1	
67	70	-1	
335	343	1	
430	438	-1	
378	442	-1	
Energy:	-2940	
