NumberOfQubits	504	
NumberOfSubgraphs	420	
Serial	277	
PlantedSolution:	
0	-1	
1	1	
2	1	
3	-1	
4	1	
5	1	
6	1	
8	-1	
9	-1	
10	1	
11	1	
12	-1	
13	-1	
14	1	
15	1	
16	-1	
17	1	
18	1	
19	-1	
20	1	
21	-1	
22	1	
23	1	
24	-1	
25	-1	
26	-1	
27	-1	
28	1	
29	-1	
30	1	
31	-1	
32	-1	
33	1	
34	-1	
35	-1	
36	-1	
37	-1	
38	1	
39	1	
40	1	
41	-1	
42	1	
43	-1	
44	1	
45	1	
46	1	
47	1	
48	-1	
49	-1	
50	-1	
51	1	
52	-1	
53	1	
54	1	
55	-1	
56	1	
57	1	
58	-1	
59	-1	
60	1	
61	1	
62	1	
63	1	
64	1	
65	-1	
66	1	
67	-1	
68	-1	
69	-1	
70	1	
71	-1	
72	1	
73	1	
74	-1	
75	-1	
76	-1	
77	-1	
78	1	
79	-1	
80	-1	
81	1	
82	1	
83	1	
84	-1	
85	1	
86	1	
87	1	
88	1	
89	-1	
90	-1	
91	1	
92	-1	
93	-1	
94	1	
95	1	
96	1	
97	-1	
98	-1	
99	1	
100	1	
101	-1	
102	1	
103	1	
104	1	
105	-1	
106	1	
107	1	
108	-1	
109	1	
110	1	
111	1	
112	-1	
113	-1	
114	-1	
115	1	
116	1	
117	-1	
118	-1	
119	-1	
120	1	
121	1	
123	-1	
124	1	
125	1	
126	-1	
127	1	
128	-1	
129	-1	
130	1	
131	-1	
132	-1	
133	1	
134	-1	
135	-1	
136	-1	
137	1	
138	-1	
139	-1	
141	-1	
142	-1	
143	-1	
144	-1	
145	-1	
146	1	
147	-1	
148	1	
149	-1	
150	-1	
151	1	
152	-1	
153	1	
154	1	
155	-1	
156	1	
157	-1	
158	1	
159	1	
160	-1	
161	1	
162	1	
163	1	
164	-1	
165	1	
166	-1	
167	-1	
168	-1	
169	-1	
170	-1	
171	1	
172	1	
173	-1	
174	-1	
175	1	
176	1	
177	-1	
178	1	
179	1	
180	1	
181	1	
182	1	
183	1	
184	1	
185	1	
186	-1	
187	-1	
188	1	
189	-1	
190	1	
191	-1	
192	-1	
193	1	
194	1	
195	1	
196	-1	
197	-1	
198	-1	
199	-1	
200	-1	
201	1	
202	-1	
203	1	
204	-1	
205	1	
206	1	
207	-1	
208	-1	
209	-1	
210	1	
211	-1	
212	-1	
213	1	
214	1	
215	1	
216	-1	
217	-1	
218	1	
219	1	
220	-1	
221	-1	
222	-1	
223	1	
224	1	
225	1	
226	1	
227	1	
228	-1	
229	-1	
230	1	
231	-1	
232	-1	
233	1	
234	1	
235	-1	
236	-1	
237	1	
238	1	
239	1	
240	-1	
241	-1	
242	1	
243	-1	
244	-1	
245	-1	
246	1	
247	1	
248	1	
249	-1	
250	1	
251	-1	
252	1	
253	1	
254	-1	
255	1	
256	1	
257	1	
258	1	
259	-1	
260	-1	
261	-1	
262	1	
263	1	
264	1	
265	1	
266	-1	
267	-1	
268	-1	
269	1	
270	1	
271	1	
272	1	
273	-1	
274	-1	
275	1	
276	1	
277	-1	
278	1	
279	-1	
280	1	
281	-1	
282	-1	
283	1	
284	-1	
285	1	
286	1	
287	-1	
288	-1	
289	1	
290	1	
291	-1	
292	1	
293	1	
294	1	
295	-1	
296	-1	
297	1	
298	1	
299	1	
300	1	
301	1	
302	1	
303	-1	
304	1	
305	1	
306	-1	
307	-1	
308	-1	
309	1	
310	-1	
311	-1	
312	1	
313	-1	
314	-1	
315	1	
316	-1	
317	-1	
318	1	
319	1	
320	-1	
321	-1	
322	-1	
323	1	
324	1	
325	1	
326	1	
327	1	
328	1	
329	1	
330	1	
331	-1	
332	-1	
333	-1	
334	-1	
335	1	
336	1	
337	1	
338	1	
339	1	
340	-1	
341	-1	
342	-1	
343	-1	
344	1	
345	-1	
346	-1	
347	-1	
348	-1	
349	1	
350	-1	
351	-1	
352	-1	
353	1	
354	-1	
355	-1	
356	1	
357	1	
358	1	
359	1	
361	-1	
362	-1	
363	-1	
364	1	
365	-1	
367	1	
368	1	
369	-1	
370	1	
371	-1	
372	1	
373	1	
374	-1	
375	-1	
376	1	
377	-1	
378	1	
379	1	
380	-1	
382	1	
383	-1	
384	-1	
385	-1	
386	-1	
387	1	
388	1	
389	1	
390	-1	
391	-1	
392	-1	
393	-1	
394	1	
396	1	
397	1	
398	1	
399	1	
400	1	
401	-1	
402	-1	
403	1	
404	-1	
405	1	
406	1	
407	1	
408	-1	
409	-1	
410	1	
411	-1	
412	1	
413	1	
414	1	
415	-1	
416	-1	
417	-1	
418	-1	
419	-1	
420	-1	
421	1	
422	1	
424	1	
425	1	
426	-1	
427	-1	
428	1	
429	1	
430	-1	
431	1	
432	1	
433	1	
434	-1	
435	-1	
436	-1	
437	-1	
438	-1	
439	1	
440	-1	
441	1	
442	1	
443	1	
444	1	
445	1	
446	-1	
447	1	
448	-1	
449	-1	
450	1	
451	1	
452	1	
453	1	
454	1	
455	-1	
456	1	
457	1	
458	-1	
459	1	
460	1	
461	-1	
462	1	
463	-1	
464	1	
465	-1	
466	-1	
467	1	
468	-1	
469	-1	
470	1	
471	1	
472	1	
473	-1	
474	-1	
475	1	
476	-1	
477	-1	
478	-1	
479	1	
480	1	
481	1	
482	1	
483	-1	
484	-1	
485	-1	
486	1	
487	1	
488	-1	
489	1	
490	1	
491	-1	
492	-1	
493	1	
494	1	
495	-1	
496	-1	
497	-1	
498	-1	
499	1	
500	1	
501	-1	
502	-1	
503	-1	
504	-1	
505	1	
506	1	
507	-1	
508	-1	
509	-1	
510	1	
511	-1	
Js:	
384	389	2	
389	397	-2	
393	397	2	
393	399	3	
391	399	3	
384	391	-3	
170	174	-2	
171	174	4	
171	235	-1	
235	237	3	
234	237	-3	
170	234	2	
81	86	-4	
83	86	-2	
83	147	-2	
147	149	-2	
145	149	-4	
81	145	1	
18	20	3	
19	20	2	
19	22	3	
16	22	3	
16	21	-3	
18	21	3	
48	53	4	
50	53	3	
50	55	4	
51	55	4	
51	54	-2	
48	54	2	
280	287	2	
282	287	-2	
282	346	-2	
346	351	-2	
344	351	4	
280	344	-2	
66	69	2	
69	77	-2	
75	77	-2	
75	79	-2	
71	79	-2	
66	71	-2	
88	92	3	
92	100	2	
96	100	-4	
96	102	1	
94	102	-2	
88	94	-2	
456	460	-3	
460	468	2	
467	468	2	
467	469	2	
461	469	1	
456	461	2	
104	110	-2	
110	118	1	
112	118	-2	
112	119	-4	
111	119	-1	
104	111	-1	
249	254	3	
250	254	3	
250	314	1	
314	319	1	
313	319	2	
249	313	-1	
193	196	3	
195	196	2	
195	198	4	
192	198	-2	
192	199	-3	
193	199	3	
321	324	3	
323	324	-3	
323	325	-3	
320	325	2	
320	327	2	
321	327	2	
370	372	-2	
371	372	-3	
371	375	-2	
368	375	2	
368	373	-2	
370	373	-2	
296	300	2	
299	300	-2	
299	301	-3	
298	301	2	
298	303	3	
296	303	-3	
336	341	3	
339	341	3	
339	342	4	
338	342	2	
338	343	2	
336	343	2	
488	492	-2	
489	492	2	
489	493	-3	
490	493	-1	
490	495	2	
488	495	3	
409	412	2	
412	420	-1	
417	420	-3	
417	422	1	
414	422	-1	
409	414	3	
265	268	3	
267	268	-3	
267	271	1	
264	271	-2	
264	270	-3	
265	270	3	
113	116	2	
114	116	1	
114	178	-1	
178	182	-2	
177	182	3	
113	177	-2	
26	28	2	
27	28	2	
27	29	-3	
24	29	-2	
24	31	-2	
26	31	-2	
272	276	-4	
276	284	1	
283	284	4	
283	285	-2	
277	285	2	
272	277	-2	
473	477	-2	
477	485	-3	
481	485	2	
481	487	-2	
479	487	-3	
473	479	-2	
256	260	2	
259	260	-4	
259	261	-4	
258	261	2	
258	263	4	
256	263	-3	
418	421	4	
419	421	-2	
419	483	-4	
483	484	-2	
482	484	3	
418	482	3	
129	134	3	
134	142	-2	
139	142	-1	
139	143	-1	
135	143	-2	
129	135	-4	
152	159	3	
155	159	2	
155	219	2	
219	221	3	
216	221	2	
152	216	-3	
240	244	-3	
242	244	2	
242	246	-2	
241	246	2	
241	247	-2	
240	247	3	
497	501	-2	
499	501	3	
499	502	2	
498	502	2	
498	503	-3	
497	503	-2	
185	189	3	
186	189	-2	
186	190	2	
184	190	-3	
184	191	3	
185	191	4	
355	356	2	
356	364	2	
363	364	3	
363	367	3	
359	367	-2	
355	359	2	
208	212	-2	
211	212	-2	
211	215	2	
210	215	-2	
210	214	-2	
208	214	-2	
224	228	-2	
227	228	2	
227	230	-3	
226	230	-3	
226	229	1	
224	229	2	
97	103	-2	
99	103	-2	
99	163	-2	
163	165	-2	
161	165	-2	
97	161	2	
80	85	2	
82	85	-3	
82	146	-2	
146	151	-3	
144	151	3	
80	144	1	
505	508	2	
506	508	3	
506	509	-2	
504	509	-3	
504	511	-3	
505	511	3	
57	60	-2	
59	60	-2	
59	61	3	
58	61	2	
58	63	3	
57	63	-3	
424	429	-3	
429	437	2	
434	437	-2	
434	438	2	
430	438	-1	
424	430	3	
201	205	-3	
202	205	1	
202	207	1	
200	207	-3	
200	206	3	
201	206	-2	
40	44	-3	
43	44	2	
43	47	2	
41	47	1	
41	46	-4	
40	46	-1	
376	380	3	
378	380	2	
378	442	-3	
442	446	2	
440	446	-3	
376	440	2	
169	173	-4	
173	181	2	
179	181	-2	
179	183	-1	
175	183	1	
169	175	2	
32	36	-1	
34	36	-3	
34	39	2	
33	39	-1	
33	38	2	
32	38	4	
8	12	-4	
9	12	1	
9	13	-3	
10	13	3	
10	14	-3	
8	14	2	
328	333	4	
329	333	2	
329	335	-3	
330	335	2	
330	334	1	
328	334	3	
120	124	2	
123	124	3	
123	127	1	
121	127	-3	
121	126	3	
120	126	2	
288	292	3	
289	292	-2	
289	294	-3	
290	294	-3	
290	293	-3	
288	293	3	
153	156	-1	
154	156	1	
154	218	-3	
218	223	-3	
217	223	2	
153	217	2	
73	76	3	
74	76	-3	
74	138	-2	
138	141	-3	
137	141	2	
73	137	-3	
448	452	4	
451	452	1	
451	455	3	
450	455	3	
450	454	-2	
448	454	2	
304	309	-2	
307	309	3	
307	310	2	
306	310	-1	
306	311	-4	
304	311	2	
0	4	-2	
2	4	-2	
2	6	-3	
1	6	-2	
1	5	-3	
0	5	4	
408	415	2	
410	415	1	
410	474	3	
474	476	-3	
472	476	1	
408	472	2	
400	406	-1	
401	406	3	
401	465	-2	
465	470	-2	
464	470	-3	
400	464	-1	
435	436	-3	
436	444	3	
443	444	-2	
443	447	-2	
439	447	-1	
435	439	-3	
386	388	4	
388	396	2	
394	396	-3	
394	398	-2	
390	398	3	
386	390	-2	
64	68	5	
67	68	-2	
67	131	1	
131	132	-4	
128	132	-3	
64	128	1	
248	255	-5	
251	255	3	
251	315	-1	
315	317	2	
312	317	3	
248	312	-1	
345	349	4	
349	357	-1	
353	357	-2	
353	358	-2	
350	358	2	
345	350	2	
361	365	-2	
362	365	-4	
362	426	1	
426	431	3	
425	431	-3	
361	425	3	
160	164	-3	
161	164	-2	
161	167	2	
162	167	1	
162	166	2	
160	166	-2	
105	108	-2	
107	108	3	
107	109	1	
106	109	-2	
106	111	-1	
105	111	3	
232	236	-2	
233	236	2	
233	238	3	
234	238	-2	
234	239	-1	
232	239	4	
401	404	-2	
403	404	3	
403	407	2	
402	407	4	
402	405	3	
401	405	2	
273	278	1	
278	286	-2	
281	286	4	
281	287	-1	
279	287	-3	
273	279	3	
377	382	-2	
379	382	-2	
379	443	-4	
443	445	-3	
441	445	-2	
377	441	3	
457	461	1	
459	461	2	
459	462	-3	
458	462	3	
458	463	2	
457	463	3	
90	93	-3	
91	93	1	
91	95	-3	
89	95	-1	
89	94	3	
90	94	2	
337	340	3	
340	348	-2	
347	348	-3	
347	351	-1	
343	351	-3	
337	343	-1	
11	12	3	
12	20	1	
17	20	-3	
17	23	-2	
15	23	3	
11	15	-1	
408	413	2	
411	413	3	
411	475	2	
475	478	2	
472	478	-2	
112	117	-1	
115	117	3	
115	179	2	
179	180	-4	
176	180	-1	
112	176	1	
241	245	-3	
243	245	-2	
243	307	-2	
307	308	2	
305	308	1	
241	305	2	
35	37	-2	
37	45	1	
42	45	-3	
42	47	-3	
39	47	-1	
35	39	-2	
128	133	2	
130	133	-4	
130	194	-2	
194	197	-2	
192	197	-2	
128	192	-2	
202	204	-2	
203	204	3	
203	267	-1	
267	269	3	
266	269	2	
202	266	-2	
426	428	2	
427	428	3	
427	491	-2	
491	494	-2	
490	494	-2	
426	490	2	
49	52	-2	
52	60	2	
56	60	-3	
56	62	-3	
54	62	2	
49	54	3	
432	438	2	
433	438	2	
433	497	2	
497	500	-1	
496	500	1	
432	496	2	
65	69	-3	
72	77	3	
72	78	-2	
70	78	2	
65	70	3	
385	391	-4	
387	391	-2	
387	451	-2	
451	453	-2	
449	453	3	
385	449	-2	
225	231	4	
227	231	1	
227	291	1	
291	295	-4	
289	295	-3	
225	289	-2	
257	262	-4	
258	262	-1	
258	322	1	
322	326	3	
321	326	2	
257	321	-1	
147	148	-2	
148	156	-2	
155	156	3	
155	158	2	
150	158	2	
147	150	-3	
416	420	-4	
417	481	2	
481	486	1	
480	486	-4	
416	480	3	
209	212	-2	
212	220	-2	
219	220	1	
213	221	-2	
209	213	2	
369	374	-2	
374	382	2	
378	382	-2	
378	383	2	
375	383	1	
369	375	-3	
186	188	2	
187	188	4	
187	251	-1	
251	252	2	
250	252	-1	
186	250	-1	
98	101	-3	
101	109	2	
105	109	1	
105	110	-2	
102	110	-2	
98	102	3	
275	276	-3	
275	278	-2	
274	278	2	
274	277	-3	
25	28	2	
26	29	-3	
26	30	-1	
25	30	3	
81	84	2	
83	84	-2	
83	85	-2	
82	87	-3	
81	87	-1	
465	469	-3	
466	469	-2	
466	470	1	
467	470	-4	
467	471	1	
465	471	3	
329	332	3	
330	332	3	
331	335	2	
331	334	-3	
329	334	1	
297	301	-3	
299	303	2	
298	302	1	
297	302	-3	
304	308	3	
308	316	-2	
313	316	-1	
313	318	2	
310	318	2	
304	310	-1	
168	172	2	
169	172	4	
169	174	-1	
171	175	2	
168	175	3	
290	292	-1	
290	354	1	
354	358	3	
352	358	-2	
288	352	-1	
507	508	-2	
507	510	3	
505	510	-2	
506	511	2	
152	157	-3	
154	157	2	
218	222	2	
216	222	-2	
393	396	2	
392	398	3	
392	399	3	
1	4	-3	
3	6	2	
3	5	-2	
120	125	-4	
123	125	2	
123	187	-1	
187	189	-2	
184	189	-2	
120	184	-1	
75	78	-2	
75	139	-1	
139	141	-4	
136	141	-2	
72	136	2	
242	245	2	
245	253	2	
248	253	-2	
247	255	1	
242	247	-2	
200	205	3	
205	213	1	
210	213	-2	
207	215	3	
475	476	3	
476	484	1	
482	485	2	
475	477	2	
194	196	2	
195	197	2	
195	199	1	
33	36	2	
35	36	-3	
35	38	2	
32	37	2	
33	37	3	
400	404	3	
400	405	-2	
314	316	-2	
315	316	3	
315	319	3	
312	319	-1	
312	318	-2	
314	318	3	
44	52	2	
48	52	-2	
45	53	-1	
40	45	2	
434	436	-2	
432	439	-2	
432	437	3	
13	21	-1	
18	23	-1	
9	15	3	
491	492	-2	
492	500	2	
498	500	4	
495	503	1	
491	495	-1	
457	460	3	
459	463	3	
456	462	-1	
320	324	2	
322	324	-1	
322	325	3	
323	327	-2	
264	269	-3	
265	269	1	
265	271	-3	
266	271	2	
266	270	3	
345	348	-1	
347	411	-2	
411	412	-2	
345	409	-2	
88	93	3	
93	101	2	
99	101	1	
95	103	-2	
88	95	-2	
336	340	-2	
338	340	3	
235	236	-1	
235	238	2	
233	239	-3	
488	493	3	
493	501	2	
496	501	-3	
496	502	-2	
494	502	-1	
488	494	2	
353	356	-2	
354	356	3	
354	359	-1	
355	357	2	
176	181	1	
178	181	-3	
178	183	-1	
177	183	3	
176	182	-3	
209	214	2	
211	214	3	
211	275	2	
275	279	2	
209	273	-2	
384	390	-3	
386	450	1	
450	452	-2	
384	448	1	
153	157	2	
157	165	3	
162	165	3	
158	166	2	
153	158	-1	
115	116	-3	
116	124	-3	
121	124	-2	
121	125	1	
117	125	3	
131	134	-2	
137	142	2	
137	143	2	
131	135	3	
57	61	-2	
58	62	2	
59	62	-1	
59	63	2	
257	260	-2	
256	261	3	
256	262	-2	
66	68	2	
66	70	-3	
65	71	-3	
64	71	-1	
368	372	-1	
371	373	2	
370	374	2	
368	374	3	
361	364	3	
363	427	2	
427	431	1	
442	445	-3	
442	447	-2	
440	447	2	
441	446	2	
244	252	1	
249	252	3	
246	254	2	
240	246	1	
421	429	1	
422	430	2	
418	422	2	
280	285	-3	
282	285	3	
346	350	2	
344	350	1	
225	229	1	
226	231	3	
224	230	3	
473	478	-4	
478	486	1	
480	487	-1	
144	148	4	
145	148	2	
146	149	2	
49	55	-1	
50	114	-2	
114	118	-2	
113	118	-2	
49	113	-2	
104	108	2	
106	108	2	
106	170	-1	
170	173	-3	
168	173	-2	
104	168	1	
76	84	-2	
80	84	2	
80	87	2	
79	87	2	
74	79	-1	
385	389	-1	
387	389	-3	
449	455	-1	
99	100	1	
163	167	2	
160	167	-1	
96	160	2	
291	292	2	
292	300	-1	
296	302	3	
294	302	-1	
291	294	-1	
22	30	-1	
25	31	-3	
23	31	1	
19	23	-2	
377	380	-1	
379	380	-3	
376	382	-2	
376	383	2	
377	383	-4	
217	222	-2	
219	222	1	
219	283	-2	
281	284	-2	
217	281	1	
89	92	-2	
91	92	-2	
90	95	2	
89	93	-1	
410	413	-1	
410	414	-3	
409	415	-2	
130	132	2	
129	133	3	
305	311	3	
306	370	1	
370	375	2	
305	369	-1	
201	204	-2	
203	206	-2	
352	357	2	
357	365	2	
362	367	3	
352	359	3	
11	14	-2	
10	15	1	
8	15	2	
464	468	2	
466	468	-3	
466	471	2	
464	469	-1	
185	188	-2	
187	190	-2	
41	44	1	
42	44	-2	
43	45	1	
43	46	3	
504	508	-2	
506	510	-2	
331	332	3	
328	335	-2	
330	333	1	
34	37	1	
34	98	-2	
97	101	-2	
33	97	2	
118	126	-4	
119	127	4	
392	397	1	
397	405	-1	
398	406	1	
419	420	1	
483	486	2	
217	220	1	
220	228	-2	
225	228	2	
223	231	2	
453	461	2	
458	461	-2	
454	462	2	
449	454	4	
3	67	-4	
0	64	3	
291	293	2	
293	301	1	
297	303	1	
295	303	-1	
17	21	2	
17	81	-2	
80	86	-1	
16	80	-2	
232	237	1	
237	245	-1	
243	246	2	
238	246	-1	
232	238	1	
72	76	-1	
136	143	-3	
141	149	-1	
145	150	-1	
142	150	-2	
138	142	2	
425	428	-2	
489	494	-2	
425	489	-2	
273	277	-2	
274	338	-1	
273	337	1	
305	309	1	
309	317	1	
314	317	-2	
305	310	2	
170	172	1	
172	180	1	
178	180	-2	
433	436	-2	
440	444	1	
438	446	-3	
283	286	-2	
283	347	1	
347	349	-2	
281	345	-1	
260	268	1	
263	271	-1	
259	263	1	
56	63	-1	
55	63	1	
323	326	1	
323	387	-1	
387	388	-2	
322	386	-1	
156	164	2	
159	167	1	
248	252	-3	
249	253	2	
250	253	-2	
250	255	2	
43	107	2	
107	111	-3	
41	105	-2	
25	29	1	
24	30	2	
410	412	-1	
499	500	-1	
496	503	2	
198	206	-1	
203	207	1	
199	207	-1	
210	274	2	
274	276	1	
208	272	2	
346	348	-2	
348	356	1	
236	244	1	
239	247	-1	
162	164	2	
162	226	-2	
160	224	2	
177	180	1	
216	220	-1	
216	223	1	
215	223	1	
73	78	-3	
73	79	1	
288	295	-1	
307	371	-1	
371	374	-1	
304	368	-1	
313	317	-2	
313	377	-2	
312	376	1	
98	100	1	
91	94	-2	
472	477	1	
483	485	1	
483	487	1	
472	479	-2	
264	268	-1	
266	268	-2	
267	270	1	
83	87	-2	
146	150	1	
331	333	-1	
333	341	-1	
337	341	-2	
337	342	2	
334	342	-1	
417	421	2	
481	484	-1	
194	198	1	
193	197	-2	
392	396	1	
393	457	2	
392	456	2	
320	326	3	
321	385	-1	
320	384	1	
171	172	-2	
168	174	-2	
298	300	2	
299	363	1	
298	362	1	
441	447	-1	
443	507	1	
507	509	2	
505	509	2	
441	505	-1	
280	286	1	
490	492	1	
40	47	-2	
42	106	-2	
104	109	-2	
40	104	-2	
403	406	-2	
402	406	2	
400	407	2	
32	39	2	
34	38	2	
56	61	-2	
53	61	1	
49	53	2	
163	166	-2	
154	158	-2	
257	261	1	
128	134	-2	
182	190	-2	
185	190	-1	
183	191	-2	
176	183	-2	
114	117	3	
120	127	-2	
114	119	-1	
67	69	-3	
2	66	-3	
464	471	-3	
11	13	2	
11	75	2	
74	77	-1	
10	74	-1	
364	372	-1	
369	372	2	
369	373	1	
365	373	-1	
426	429	1	
433	437	1	
433	439	-2	
431	439	1	
16	20	1	
19	21	-1	
448	453	-1	
448	455	-2	
89	153	2	
153	159	-2	
88	152	-1	
420	428	1	
424	428	2	
416	422	2	
497	502	1	
502	510	2	
504	510	1	
503	511	-2	
341	349	1	
344	349	1	
339	343	2	
145	209	-1	
208	213	2	
144	208	1	
228	236	-1	
234	236	1	
229	237	2	
227	229	-2	
306	308	-1	
311	319	1	
324	332	-1	
327	335	-1	
218	282	-2	
216	280	1	
59	123	-2	
57	121	-1	
251	253	2	
251	254	1	
139	203	3	
138	202	2	
394	399	-1	
394	458	2	
456	463	2	
4	12	1	
6	14	-2	
0	6	1	
100	108	1	
103	111	1	
96	103	-2	
474	478	1	
409	473	-1	
24	28	3	
26	90	-2	
24	88	-1	
385	388	2	
385	390	2	
82	84	1	
82	86	-1	
81	85	-2	
435	499	2	
243	244	2	
306	309	2	
242	306	1	
297	300	-2	
51	52	2	
97	102	-1	
9	14	2	
14	22	-1	
17	22	-1	
452	460	-1	
459	460	-2	
136	142	-1	
147	151	1	
143	151	-1	
405	413	-2	
411	415	-3	
407	415	2	
218	221	1	
282	284	-1	
325	333	1	
326	334	-1	
441	444	-3	
202	206	2	
201	265	-1	
3	4	-2	
1	65	2	
230	238	-1	
27	31	-2	
27	30	-1	
57	62	2	
419	422	2	
482	486	1	
123	126	1	
115	118	1	
394	397	-2	
386	389	2	
468	476	-1	
469	477	1	
129	132	-1	
131	133	1	
130	135	-1	
347	350	-1	
346	349	1	
177	181	-1	
312	316	2	
155	157	-1	
372	380	-1	
258	260	1	
272	278	1	
427	429	2	
427	430	-2	
426	430	1	
424	431	-2	
41	45	2	
498	501	1	
491	493	1	
363	365	1	
361	367	2	
75	76	-1	
72	79	-2	
73	77	1	
192	196	-1	
193	198	2	
224	288	1	
233	297	-1	
232	296	2	
281	285	1	
285	293	1	
286	294	-1	
2	5	2	
113	119	-2	
48	112	1	
371	435	-1	
435	437	-1	
368	432	1	
269	277	1	
271	279	1	
403	467	-1	
200	204	-1	
204	212	-2	
209	215	-1	
161	166	1	
90	154	1	
154	159	1	
353	359	-2	
353	417	2	
416	421	-1	
352	416	-2	
450	453	-2	
455	463	1	
240	304	1	
322	327	-1	
267	331	-1	
266	330	1	
184	188	-1	
186	191	-1	
402	404	-1	
404	412	1	
408	412	1	
408	414	2	
406	414	1	
485	493	2	
487	495	2	
442	506	1	
440	504	-1	
78	86	-1	
74	78	2	
106	110	-2	
474	477	-1	
474	479	2	
211	213	1	
217	221	-2	
214	222	1	
393	398	-1	
314	378	-1	
16	23	1	
284	292	1	
287	295	-1	
283	287	-1	
166	174	-1	
170	175	1	
167	175	1	
35	99	-1	
99	102	-1	
27	91	2	
179	243	1	
243	247	1	
178	242	1	
370	434	-1	
434	439	1	
369	433	1	
203	205	2	
137	201	-1	
130	134	-1	
194	199	2	
218	220	-1	
226	228	1	
235	299	2	
234	298	-1	
47	55	-1	
458	460	1	
344	348	-1	
355	358	1	
355	419	-1	
354	418	-1	
275	339	-1	
336	342	-1	
272	336	-1	
440	445	1	
248	254	1	
480	484	2	
484	492	1	
486	494	-1	
65	68	-1	
64	70	-2	
449	452	-2	
451	454	-2	
152	156	1	
152	158	1	
144	150	1	
259	262	1	
77	85	1	
58	60	1	
138	143	-1	
136	200	-2	
5	13	-1	
51	53	-1	
51	115	-1	
18	82	-2	
112	116	1	
442	444	-1	
163	164	1	
163	227	-1	
180	188	1	
181	189	1	
362	364	1	
354	357	1	
97	100	1	
32	96	1	
25	89	1	
107	110	1	
274	279	1	
288	294	1	
315	318	1	
265	329	-1	
264	328	-1	
473	476	1	
475	479	-1	
425	430	1	
131	195	1	
129	193	1	
321	325	-1	
241	244	-1	
171	173	-1	
300	308	-1	
301	309	-1	
500	508	1	
208	215	1	
201	207	1	
346	410	-1	
344	408	1	
235	239	1	
273	276	-1	
457	462	1	
161	225	-1	
28	36	1	
29	37	1	
337	401	1	
336	400	-1	
98	103	1	
194	258	-1	
257	263	-1	
193	257	-1	
219	223	1	
437	445	-1	
18	22	1	
56	120	1	
501	509	-1	
489	495	1	
482	487	1	
463	471	-1	
280	284	-1	
50	54	1	
48	55	-1	
169	233	1	
149	157	-1	
151	159	1	
145	151	1	
249	255	1	
425	429	-1	
84	92	-1	
86	94	1	
9	73	1	
379	383	-1	
Energy:	-1742	
