NumberOfQubits	504	
NumberOfSubgraphs	840	
Serial	435	
PlantedSolution:	
0	1	
1	-1	
2	1	
3	1	
4	1	
5	-1	
6	1	
8	1	
9	1	
10	-1	
11	-1	
12	1	
13	-1	
14	1	
15	-1	
16	1	
17	1	
18	-1	
19	1	
20	-1	
21	-1	
22	-1	
23	-1	
24	1	
25	-1	
26	1	
27	1	
28	1	
29	1	
30	1	
31	-1	
32	1	
33	1	
34	1	
35	1	
36	1	
37	-1	
38	-1	
39	1	
40	-1	
41	-1	
42	1	
43	-1	
44	-1	
45	-1	
46	1	
47	-1	
48	1	
49	-1	
50	1	
51	1	
52	-1	
53	-1	
54	-1	
55	1	
56	-1	
57	-1	
58	1	
59	1	
60	-1	
61	-1	
62	-1	
63	1	
64	-1	
65	1	
66	-1	
67	-1	
68	-1	
69	-1	
70	-1	
71	-1	
72	1	
73	1	
74	-1	
75	1	
76	-1	
77	-1	
78	-1	
79	1	
80	-1	
81	1	
82	1	
83	1	
84	-1	
85	-1	
86	1	
87	-1	
88	-1	
89	1	
90	1	
91	-1	
92	-1	
93	1	
94	1	
95	-1	
96	1	
97	1	
98	-1	
99	-1	
100	1	
101	1	
102	-1	
103	1	
104	-1	
105	1	
106	1	
107	-1	
108	-1	
109	1	
110	-1	
111	1	
112	-1	
113	1	
114	-1	
115	-1	
116	-1	
117	-1	
118	-1	
119	1	
120	1	
121	1	
123	-1	
124	1	
125	-1	
126	1	
127	1	
128	1	
129	-1	
130	1	
131	1	
132	1	
133	-1	
134	-1	
135	-1	
136	1	
137	-1	
138	-1	
139	1	
141	1	
142	1	
143	-1	
144	1	
145	1	
146	1	
147	1	
148	-1	
149	1	
150	1	
151	1	
152	1	
153	1	
154	-1	
155	-1	
156	-1	
157	-1	
158	-1	
159	1	
160	-1	
161	-1	
162	-1	
163	1	
164	1	
165	-1	
166	1	
167	-1	
168	1	
169	-1	
170	-1	
171	1	
172	-1	
173	-1	
174	1	
175	1	
176	-1	
177	-1	
178	1	
179	1	
180	-1	
181	1	
182	1	
183	1	
184	-1	
185	-1	
186	1	
187	1	
188	1	
189	-1	
190	-1	
191	1	
192	-1	
193	-1	
194	-1	
195	-1	
196	1	
197	-1	
198	-1	
199	-1	
200	-1	
201	-1	
202	-1	
203	1	
204	1	
205	1	
206	1	
207	-1	
208	1	
209	-1	
210	-1	
211	-1	
212	1	
213	1	
214	1	
215	-1	
216	1	
217	-1	
218	-1	
219	1	
220	-1	
221	-1	
222	-1	
223	-1	
224	1	
225	1	
226	-1	
227	-1	
228	-1	
229	1	
230	-1	
231	1	
232	1	
233	1	
234	-1	
235	1	
236	1	
237	-1	
238	1	
239	1	
240	1	
241	1	
242	-1	
243	1	
244	-1	
245	-1	
246	1	
247	1	
248	1	
249	1	
250	1	
251	1	
252	-1	
253	-1	
254	-1	
255	1	
256	1	
257	1	
258	-1	
259	1	
260	-1	
261	-1	
262	-1	
263	-1	
264	1	
265	1	
266	1	
267	1	
268	1	
269	-1	
270	1	
271	-1	
272	-1	
273	-1	
274	1	
275	1	
276	-1	
277	1	
278	-1	
279	-1	
280	-1	
281	-1	
282	1	
283	-1	
284	1	
285	-1	
286	1	
287	-1	
288	1	
289	1	
290	1	
291	-1	
292	1	
293	-1	
294	-1	
295	-1	
296	1	
297	-1	
298	1	
299	-1	
300	-1	
301	1	
302	-1	
303	1	
304	-1	
305	-1	
306	1	
307	1	
308	1	
309	1	
310	1	
311	1	
312	1	
313	-1	
314	1	
315	1	
316	-1	
317	-1	
318	-1	
319	-1	
320	1	
321	-1	
322	1	
323	1	
324	-1	
325	-1	
326	-1	
327	-1	
328	-1	
329	-1	
330	1	
331	1	
332	1	
333	1	
334	-1	
335	1	
336	1	
337	1	
338	1	
339	1	
340	-1	
341	1	
342	-1	
343	1	
344	1	
345	1	
346	1	
347	1	
348	-1	
349	-1	
350	-1	
351	-1	
352	1	
353	1	
354	1	
355	1	
356	1	
357	-1	
358	-1	
359	1	
361	-1	
362	1	
363	1	
364	1	
365	-1	
367	-1	
368	1	
369	1	
370	-1	
371	-1	
372	1	
373	-1	
374	1	
375	-1	
376	-1	
377	1	
378	1	
379	-1	
380	1	
382	-1	
383	-1	
384	-1	
385	-1	
386	1	
387	-1	
388	1	
389	-1	
390	-1	
391	1	
392	1	
393	1	
394	1	
396	1	
397	-1	
398	-1	
399	-1	
400	1	
401	1	
402	-1	
403	1	
404	1	
405	-1	
406	1	
407	1	
408	-1	
409	-1	
410	-1	
411	1	
412	-1	
413	-1	
414	1	
415	1	
416	-1	
417	-1	
418	1	
419	1	
420	1	
421	1	
422	-1	
424	1	
425	1	
426	-1	
427	1	
428	-1	
429	-1	
430	-1	
431	1	
432	-1	
433	1	
434	-1	
435	1	
436	1	
437	-1	
438	1	
439	1	
440	1	
441	1	
442	-1	
443	1	
444	1	
445	1	
446	-1	
447	1	
448	1	
449	1	
450	-1	
451	1	
452	1	
453	1	
454	-1	
455	-1	
456	1	
457	1	
458	-1	
459	1	
460	-1	
461	1	
462	1	
463	-1	
464	1	
465	1	
466	-1	
467	1	
468	-1	
469	-1	
470	-1	
471	1	
472	-1	
473	1	
474	1	
475	1	
476	-1	
477	1	
478	-1	
479	-1	
480	1	
481	-1	
482	1	
483	1	
484	1	
485	1	
486	1	
487	1	
488	-1	
489	1	
490	1	
491	-1	
492	1	
493	-1	
494	-1	
495	-1	
496	-1	
497	-1	
498	-1	
499	-1	
500	1	
501	1	
502	-1	
503	-1	
504	1	
505	1	
506	-1	
507	1	
508	1	
509	-1	
510	1	
511	1	
Js:	
424	429	4	
429	437	-2	
434	437	-5	
434	438	4	
430	438	3	
424	430	6	
25	28	5	
26	28	-5	
26	31	7	
27	31	3	
27	29	-6	
25	29	6	
184	189	-3	
186	189	3	
186	190	8	
185	190	-4	
185	191	-4	
184	191	5	
81	87	4	
83	87	7	
83	147	-3	
147	149	5	
145	149	-4	
81	145	-4	
40	44	-5	
41	44	-4	
41	46	7	
42	46	-6	
42	47	5	
40	47	-5	
112	116	4	
115	116	-5	
115	118	-4	
114	118	-4	
114	117	-5	
112	117	-6	
170	172	-7	
171	172	1	
171	173	5	
169	173	3	
169	175	5	
170	175	5	
248	252	6	
250	252	6	
250	314	2	
314	318	4	
312	318	6	
248	312	-1	
96	102	4	
97	102	7	
97	161	-2	
161	167	-3	
160	167	-4	
96	160	3	
498	501	4	
501	509	3	
505	509	4	
505	510	-7	
502	510	3	
498	502	-5	
129	132	7	
130	132	-4	
130	194	2	
194	196	4	
193	196	5	
129	193	2	
104	108	-5	
106	108	4	
106	110	-5	
107	110	-3	
107	111	5	
104	111	3	
48	52	5	
50	52	5	
50	54	-4	
49	54	-4	
49	53	-6	
48	53	6	
353	357	5	
354	357	5	
354	418	2	
418	422	5	
417	422	-5	
353	417	4	
481	485	4	
485	493	-3	
491	493	-5	
491	494	-5	
486	494	1	
481	486	6	
16	21	5	
18	21	-5	
18	23	-2	
19	23	7	
19	22	5	
16	22	-3	
0	6	-7	
3	6	-3	
3	67	6	
67	69	-5	
64	69	-5	
0	64	-4	
265	270	-5	
267	270	-4	
267	331	-4	
331	332	-4	
329	332	6	
265	329	5	
9	12	-3	
10	12	3	
10	13	-3	
8	13	6	
8	15	4	
9	15	-4	
401	404	3	
402	404	4	
402	466	-5	
466	471	3	
465	471	-3	
401	465	-5	
88	95	-4	
89	95	4	
89	153	-2	
153	158	5	
152	158	-6	
88	152	1	
273	277	4	
275	277	-6	
275	339	-2	
339	342	3	
337	342	7	
273	337	-2	
458	460	-5	
459	460	3	
459	462	-6	
456	462	-4	
456	461	5	
458	461	3	
280	284	4	
281	284	4	
281	285	-5	
283	285	-5	
283	287	-4	
280	287	-5	
138	141	4	
139	141	-5	
139	143	5	
137	143	4	
137	142	6	
138	142	7	
298	303	-5	
299	303	3	
299	363	3	
363	367	5	
362	367	5	
298	362	-2	
34	37	-1	
35	37	5	
35	38	3	
32	38	4	
32	39	-4	
34	39	-6	
384	389	-5	
387	389	-3	
387	451	4	
451	454	5	
448	454	-4	
384	448	3	
345	349	3	
346	349	5	
346	351	-2	
344	351	5	
344	350	3	
345	350	4	
321	325	-7	
325	333	4	
330	333	-5	
330	334	5	
326	334	-5	
321	326	3	
80	85	-4	
82	85	3	
82	146	-4	
146	148	4	
144	148	5	
80	144	3	
57	61	-4	
59	61	4	
59	123	-1	
123	127	6	
121	127	-3	
57	121	2	
440	445	-5	
442	445	4	
442	447	5	
441	447	-5	
441	446	5	
440	446	6	
305	308	6	
306	308	-3	
306	310	-3	
307	310	-4	
307	311	-4	
305	311	-3	
368	372	-5	
369	372	-5	
369	375	5	
370	375	-3	
370	374	5	
368	374	-5	
472	476	-8	
475	476	3	
475	477	-6	
474	477	-4	
474	479	5	
472	479	-2	
98	101	4	
99	101	-3	
99	163	2	
163	165	3	
162	165	-5	
98	162	-1	
224	228	6	
227	228	-4	
227	231	4	
225	231	-4	
225	230	5	
224	230	-3	
209	213	4	
210	213	5	
210	214	5	
208	214	-5	
208	215	5	
209	215	-3	
73	76	3	
75	76	4	
75	77	-4	
72	77	3	
72	79	-4	
73	79	-4	
200	204	4	
201	204	-5	
201	206	5	
202	206	2	
202	205	5	
200	205	6	
241	244	4	
242	244	1	
242	246	6	
240	246	-4	
240	245	4	
241	245	3	
408	412	-3	
411	412	5	
411	415	-4	
409	415	3	
409	413	-4	
408	413	2	
232	236	-2	
233	236	-3	
233	238	-6	
234	238	-1	
234	239	6	
232	239	-6	
258	260	-4	
260	268	5	
266	268	-5	
266	271	4	
263	271	-6	
258	263	5	
483	484	4	
484	492	-4	
489	492	-4	
489	495	7	
487	495	2	
483	487	-5	
218	221	-4	
219	221	5	
219	223	-4	
217	223	-3	
217	222	-3	
218	222	-3	
177	180	-4	
178	180	-5	
178	183	-4	
176	183	5	
176	182	5	
177	182	4	
432	436	3	
435	436	-3	
435	499	5	
499	500	-4	
496	500	6	
432	496	-3	
385	388	5	
388	396	-6	
392	396	-4	
392	399	3	
391	399	6	
385	391	-5	
192	197	3	
195	197	-5	
195	259	4	
259	261	4	
256	261	4	
192	256	2	
394	397	5	
397	405	2	
403	405	4	
403	406	-4	
398	406	2	
394	398	5	
288	293	5	
291	293	-4	
291	355	-4	
355	356	-6	
352	356	-4	
288	352	-4	
249	254	7	
251	254	6	
251	315	2	
315	319	3	
313	319	-5	
249	313	3	
1	4	5	
2	4	-4	
2	66	6	
66	68	-2	
65	68	8	
1	65	4	
376	380	3	
379	380	5	
379	383	-5	
378	383	3	
378	382	5	
376	382	-6	
90	94	-4	
91	94	-2	
91	155	-4	
155	157	-5	
154	157	-5	
90	154	3	
290	292	3	
292	300	3	
296	300	5	
296	302	4	
294	302	-3	
290	294	3	
272	276	-2	
274	276	5	
274	338	2	
338	340	8	
336	340	3	
272	336	2	
425	428	5	
427	428	-3	
427	431	-2	
426	431	4	
426	429	-3	
425	429	4	
323	324	5	
324	332	4	
328	332	-4	
328	335	4	
327	335	5	
323	327	5	
506	508	3	
507	508	-5	
507	509	4	
504	509	-5	
504	511	-5	
506	511	5	
51	54	5	
54	62	-3	
58	62	6	
58	63	-4	
55	63	2	
51	55	-7	
128	133	5	
130	133	8	
130	134	4	
131	134	-3	
131	135	8	
128	135	6	
449	452	-6	
450	452	4	
450	455	-6	
448	455	5	
448	453	-8	
449	453	-4	
466	468	-4	
467	468	6	
467	470	4	
464	470	4	
464	469	5	
466	469	5	
361	364	7	
364	372	-3	
371	372	3	
371	373	-6	
365	373	-6	
361	365	-6	
56	60	-8	
57	60	3	
121	125	5	
120	125	6	
56	120	1	
416	421	3	
419	421	-8	
419	483	-4	
483	485	3	
480	485	-4	
416	480	5	
233	237	3	
235	237	2	
235	299	3	
299	301	-5	
297	301	6	
233	297	1	
192	198	3	
198	206	4	
203	206	-4	
203	207	4	
199	207	-3	
192	199	-6	
432	439	-4	
433	439	-5	
433	497	3	
497	503	-5	
496	503	-3	
104	109	4	
105	109	-5	
105	169	2	
169	174	4	
168	174	-5	
104	168	3	
320	324	3	
322	324	5	
322	386	-3	
386	390	3	
384	390	-4	
320	384	-4	
33	36	-2	
36	44	-2	
43	44	-5	
43	45	-4	
37	45	-4	
33	37	6	
10	14	4	
11	14	3	
11	75	2	
75	78	-3	
74	78	-5	
10	74	-6	
243	245	-2	
245	253	-4	
248	253	6	
248	255	-6	
247	255	-5	
243	247	-3	
304	308	4	
308	316	2	
314	316	-6	
314	317	1	
309	317	6	
304	309	3	
282	286	-2	
283	286	2	
283	347	-3	
347	348	6	
346	348	2	
282	346	-6	
225	229	-3	
226	229	5	
226	290	-3	
290	295	5	
289	295	4	
225	289	-2	
409	414	4	
410	414	3	
410	474	3	
474	478	3	
473	478	6	
409	473	4	
179	180	2	
180	188	5	
187	188	-6	
187	189	7	
181	189	5	
179	181	-4	
211	212	6	
212	220	3	
216	220	2	
216	221	5	
213	221	3	
211	213	-6	
17	20	6	
20	28	2	
24	28	-2	
24	30	-5	
22	30	1	
17	22	-4	
257	261	4	
261	269	4	
264	269	4	
264	270	-5	
262	270	3	
257	262	6	
88	92	-4	
92	100	4	
98	100	5	
93	101	-4	
88	93	2	
136	142	-3	
142	150	3	
146	150	-3	
146	151	-4	
143	151	2	
136	143	6	
113	116	-1	
116	124	5	
123	124	5	
119	127	-5	
113	119	-3	
393	396	-5	
393	457	-3	
457	463	5	
456	463	1	
392	456	3	
152	156	4	
156	164	-2	
161	164	3	
159	167	2	
152	159	-5	
336	341	-5	
337	341	-6	
337	401	-1	
401	407	-6	
400	407	-4	
336	400	1	
377	380	-6	
379	443	-1	
443	444	-6	
441	444	-4	
377	441	-2	
80	84	-3	
82	84	2	
82	86	-4	
83	86	-4	
80	87	3	
488	492	5	
490	492	-2	
490	495	-6	
489	494	3	
488	494	-5	
275	276	5	
275	279	4	
272	279	-3	
272	278	-5	
274	278	4	
64	68	-3	
65	71	3	
66	71	-3	
66	70	-5	
64	70	3	
353	356	2	
355	358	3	
354	358	5	
354	359	-3	
353	359	-4	
417	420	4	
418	420	-5	
418	482	-4	
482	486	-4	
417	481	-3	
96	103	-4	
99	103	4	
163	166	-6	
160	166	3	
0	4	-5	
3	4	6	
3	5	5	
1	5	-7	
1	6	4	
340	348	-4	
345	348	3	
345	351	5	
343	351	-3	
338	343	-5	
117	125	-4	
120	126	-3	
118	126	-4	
112	118	-4	
457	461	3	
461	469	2	
464	471	-4	
463	471	3	
257	260	4	
259	263	2	
259	262	6	
32	36	-5	
34	36	5	
34	38	3	
33	38	5	
33	39	-4	
282	284	-4	
284	292	-3	
291	292	2	
291	295	-4	
287	295	-4	
282	287	4	
234	236	5	
235	236	6	
235	238	-6	
232	238	-3	
144	150	-3	
147	150	-2	
147	211	3	
208	212	-6	
144	208	-3	
240	244	4	
243	244	6	
243	307	2	
304	311	3	
240	304	4	
328	333	-4	
330	335	-3	
331	335	-5	
331	334	5	
328	334	-2	
440	444	-4	
443	447	-5	
442	446	-4	
9	13	3	
9	73	-3	
8	72	3	
89	92	2	
91	92	-2	
91	95	5	
90	95	3	
89	94	-4	
201	207	-4	
202	207	4	
202	266	2	
265	268	-2	
201	265	3	
408	414	5	
411	414	4	
411	475	-4	
408	472	-3	
386	389	3	
451	452	-5	
386	450	3	
297	300	-5	
298	301	-6	
296	303	-7	
428	436	5	
434	436	-5	
434	439	3	
431	439	-6	
425	431	-4	
154	156	-3	
155	156	-6	
155	159	3	
153	159	-4	
154	158	2	
315	316	4	
313	316	-6	
49	52	4	
50	53	3	
48	55	-4	
49	55	3	
195	196	-1	
195	198	-5	
194	198	-5	
194	197	-4	
193	197	-5	
42	45	-4	
43	47	-4	
41	47	-4	
362	365	4	
363	365	3	
363	427	5	
427	430	2	
426	430	-4	
362	426	5	
182	190	-3	
186	191	-4	
183	191	-3	
227	229	4	
224	231	-4	
226	230	-5	
505	511	2	
503	511	2	
498	503	-3	
162	164	4	
164	172	3	
170	173	-4	
165	173	-2	
58	60	5	
58	61	-5	
59	63	-6	
56	63	2	
403	404	-5	
404	412	3	
410	412	3	
410	413	-5	
405	413	-4	
217	220	-7	
219	220	-2	
219	222	4	
218	223	-5	
323	325	4	
320	327	2	
320	326	3	
370	373	-6	
371	375	-3	
369	374	-4	
26	29	-2	
27	30	-4	
24	31	4	
285	293	2	
289	293	5	
289	294	3	
286	294	3	
281	286	5	
131	132	-6	
129	133	-4	
74	76	-3	
76	84	-3	
81	84	3	
81	85	5	
77	85	-3	
74	77	3	
11	12	6	
12	20	4	
16	20	3	
16	23	3	
15	23	-3	
11	15	-5	
385	390	-3	
390	398	-5	
394	399	4	
105	108	2	
106	111	-5	
107	109	2	
305	309	3	
312	317	5	
310	318	5	
305	310	4	
203	204	-3	
203	267	-1	
267	269	4	
200	264	-2	
177	181	3	
178	181	-3	
178	242	4	
241	246	2	
177	241	4	
460	468	-1	
462	470	-2	
433	437	6	
435	437	3	
499	501	4	
497	501	-2	
347	349	3	
349	357	-4	
352	357	-2	
352	358	6	
350	358	-3	
347	350	4	
416	420	-5	
419	420	-4	
480	487	-4	
145	151	-4	
146	210	-2	
210	215	-5	
145	209	2	
378	380	-5	
376	383	-5	
377	383	-4	
504	508	-5	
507	511	-4	
506	510	6	
504	510	2	
66	69	-4	
67	71	-4	
64	71	-6	
120	124	-4	
121	124	4	
121	185	3	
185	188	3	
184	188	5	
120	184	4	
488	493	-5	
490	493	3	
491	495	-3	
51	53	-3	
51	115	3	
115	119	5	
114	119	3	
50	114	4	
339	341	-5	
339	343	-5	
336	343	-4	
336	342	5	
137	141	6	
138	143	-4	
162	166	3	
166	174	-3	
171	174	-5	
171	175	-7	
167	175	-4	
162	167	-5	
400	405	5	
403	407	-4	
402	407	-2	
402	406	5	
400	406	-4	
250	255	-3	
251	255	-2	
251	253	6	
451	453	2	
449	454	5	
449	455	3	
97	100	-3	
99	100	4	
99	102	-2	
97	103	-3	
475	478	5	
473	479	6	
272	277	5	
273	279	-4	
275	278	-1	
17	21	4	
18	22	-5	
17	23	3	
356	364	-2	
361	367	-4	
359	367	-3	
352	359	-2	
393	397	4	
394	458	4	
147	148	4	
148	156	-3	
149	157	3	
2	5	5	
5	13	-1	
9	14	-5	
6	14	1	
2	6	-5	
417	421	4	
421	429	2	
422	430	2	
109	117	1	
113	117	4	
113	118	5	
110	118	1	
105	110	5	
344	348	2	
280	344	5	
371	374	4	
371	435	-2	
435	438	-6	
432	438	5	
368	432	4	
482	484	-5	
491	492	4	
482	485	-4	
168	173	4	
170	234	-2	
234	237	-4	
232	237	4	
168	232	3	
197	205	3	
194	199	-3	
306	309	-4	
313	317	-2	
311	319	5	
306	311	-4	
72	76	4	
81	86	-3	
78	86	-2	
72	78	4	
227	291	-2	
291	294	-4	
288	294	4	
224	288	1	
216	222	4	
214	222	4	
211	214	2	
322	326	6	
329	334	-3	
329	335	2	
322	327	-3	
178	182	-3	
179	182	-3	
179	243	-4	
242	247	5	
40	45	-4	
40	46	2	
38	46	-2	
264	271	4	
256	263	6	
27	28	-4	
27	91	3	
91	93	4	
89	93	-4	
25	89	4	
465	468	3	
465	470	4	
441	445	2	
443	445	-4	
498	500	5	
499	503	-5	
496	501	5	
56	61	-5	
57	62	-5	
57	63	6	
300	308	2	
302	310	2	
411	413	2	
408	415	6	
131	133	2	
129	134	-6	
187	191	-4	
177	183	3	
139	203	-5	
137	201	-2	
384	388	2	
387	388	-3	
387	390	-3	
216	223	4	
219	283	4	
280	285	-3	
216	280	2	
65	69	2	
69	77	-2	
70	78	-5	
65	70	3	
368	373	-1	
368	375	3	
367	375	-3	
355	357	3	
355	359	-4	
353	358	3	
267	268	-3	
268	276	-3	
274	279	5	
271	279	-2	
267	271	4	
26	30	-3	
26	90	-3	
90	93	4	
24	88	4	
256	260	4	
257	321	-1	
320	325	6	
256	320	-2	
145	150	-4	
150	158	5	
151	159	-3	
288	292	-5	
289	292	-4	
290	293	4	
288	295	-3	
48	54	3	
400	404	-3	
401	406	-4	
43	107	-5	
104	110	-1	
40	104	4	
186	250	-4	
249	252	2	
185	249	4	
450	454	-4	
454	462	-2	
458	462	4	
458	463	-4	
455	463	-2	
480	484	-3	
237	245	-4	
238	246	-3	
18	20	-2	
18	82	4	
82	87	3	
16	80	4	
225	228	4	
228	236	2	
235	239	-1	
231	239	-4	
341	349	-1	
342	350	-2	
329	333	2	
329	393	2	
392	397	4	
328	392	3	
312	319	-4	
315	379	3	
312	376	4	
209	212	4	
210	212	-1	
209	214	4	
153	157	3	
154	218	-4	
218	220	-3	
153	217	4	
299	302	-4	
297	302	-3	
297	303	4	
168	172	5	
169	172	-3	
108	116	-2	
112	119	2	
111	119	-2	
478	486	3	
481	487	4	
479	487	2	
34	98	5	
98	102	1	
33	97	-3	
192	196	4	
193	198	-3	
195	199	-3	
160	164	3	
163	164	-5	
161	166	6	
161	165	4	
160	165	-5	
8	14	-3	
10	15	4	
123	126	6	
123	187	-1	
258	262	-3	
259	323	1	
258	322	2	
393	399	3	
437	445	3	
438	446	-2	
433	438	-2	
67	68	-4	
505	508	-5	
506	509	-4	
266	270	-1	
330	332	2	
266	330	-4	
277	285	2	
278	286	-5	
273	278	-3	
19	21	2	
21	29	-1	
25	31	-1	
23	31	-2	
314	378	-4	
377	382	3	
313	377	3	
452	460	3	
456	460	5	
453	461	-3	
492	500	-1	
497	500	-4	
497	502	-6	
494	502	-1	
115	179	3	
113	177	4	
362	364	-4	
363	364	-4	
427	429	5	
128	134	5	
134	142	2	
135	143	1	
244	252	3	
241	247	-4	
41	45	-2	
32	37	4	
86	94	-4	
88	94	5	
87	95	-3	
306	370	3	
370	372	-3	
305	369	3	
410	415	-5	
474	476	5	
136	141	-3	
203	205	-3	
136	200	-4	
464	468	4	
467	469	3	
465	469	-3	
96	100	4	
96	101	-2	
73	77	5	
59	60	3	
56	62	2	
83	85	3	
419	422	2	
114	116	-3	
123	125	-3	
426	490	2	
425	489	-4	
283	284	2	
246	254	4	
35	36	-4	
35	99	5	
98	103	4	
202	204	4	
266	269	4	
265	269	3	
442	444	4	
442	506	-2	
440	504	-3	
409	412	-4	
473	477	-3	
19	20	-3	
146	149	3	
39	47	2	
389	397	5	
467	471	-4	
459	463	5	
121	126	-5	
424	428	3	
427	491	3	
424	488	3	
176	180	-3	
185	189	2	
176	181	3	
0	5	2	
258	261	-4	
194	258	2	
153	156	2	
154	159	3	
296	301	-2	
298	302	4	
369	433	-2	
433	436	2	
476	484	1	
482	487	3	
374	382	2	
379	382	-4	
375	383	3	
229	237	-3	
226	231	2	
51	52	2	
50	55	-4	
273	276	-2	
276	284	3	
106	109	-3	
106	170	-1	
434	498	3	
406	414	-3	
407	415	-2	
451	455	4	
25	30	-4	
338	341	-2	
338	342	-3	
187	190	3	
321	327	-5	
8	12	-4	
11	13	-4	
90	92	3	
94	102	-1	
315	317	4	
315	318	4	
304	310	2	
193	199	-3	
193	257	2	
256	262	-2	
171	235	-2	
169	233	3	
41	105	-3	
443	507	3	
441	505	-2	
67	70	-2	
75	79	-5	
71	79	4	
416	422	-5	
352	416	2	
466	470	-3	
200	207	-3	
249	255	-4	
281	287	-1	
281	345	-4	
59	62	4	
481	484	3	
483	486	-4	
499	502	-2	
496	502	-3	
299	300	2	
297	361	-1	
196	204	-4	
457	460	3	
259	260	3	
264	268	-2	
179	183	-4	
114	178	-1	
227	230	-4	
95	103	3	
424	431	4	
323	387	2	
386	388	-4	
355	419	2	
337	340	-2	
307	308	-3	
307	371	-4	
184	190	-2	
250	253	-2	
184	248	1	
215	223	-4	
139	142	-1	
450	453	3	
330	394	1	
392	398	5	
17	81	-3	
80	86	3	
42	106	-2	
65	129	2	
64	128	-1	
49	113	3	
48	112	-2	
28	36	2	
29	37	2	
490	494	5	
313	318	-1	
314	319	3	
475	479	-2	
147	151	-3	
144	149	-4	
84	92	-5	
138	202	-3	
507	510	-2	
43	46	2	
105	111	-3	
403	467	-3	
210	274	-2	
274	277	-2	
208	272	1	
224	229	-4	
344	349	4	
426	428	-2	
265	271	-2	
480	486	-4	
158	166	-1	
402	405	-4	
400	464	3	
211	275	2	
209	273	-3	
387	391	3	
384	391	2	
339	340	5	
304	368	2	
282	285	-3	
218	282	1	
130	135	4	
251	252	-3	
249	253	2	
257	263	3	
173	181	-2	
174	182	-2	
385	389	-4	
393	398	3	
220	228	-3	
222	230	-2	
369	373	-1	
321	324	3	
331	333	-4	
101	109	-5	
102	110	-5	
236	244	2	
243	246	-1	
348	356	3	
354	356	-3	
351	359	4	
347	351	3	
280	286	3	
473	476	1	
472	478	-4	
472	477	-3	
270	278	2	
200	206	3	
457	462	-4	
74	79	3	
120	127	-4	
394	396	1	
386	391	-4	
100	108	-2	
103	111	-2	
176	240	2	
44	52	-3	
45	53	-2	
346	350	4	
152	157	3	
289	353	2	
83	84	-2	
233	239	-4	
250	254	3	
30	38	3	
31	39	-1	
436	444	-2	
14	22	2	
67	131	-1	
307	309	-3	
361	425	2	
298	300	3	
493	501	-2	
495	503	-2	
75	139	-2	
73	137	2	
32	96	-3	
264	328	3	
279	287	-2	
13	21	-3	
323	326	3	
372	380	-1	
211	215	-1	
418	421	-2	
396	404	-2	
399	407	2	
97	101	-2	
337	343	2	
468	476	-2	
471	479	3	
24	29	-3	
162	226	-2	
161	225	2	
459	461	-4	
131	195	2	
128	192	-2	
163	167	2	
232	296	2	
240	247	2	
241	305	1	
500	508	-2	
112	176	2	
425	430	3	
489	493	2	
477	485	-2	
107	108	-3	
145	148	2	
128	132	3	
19	83	-3	
144	151	-2	
321	385	-1	
35	39	-3	
242	245	3	
42	44	3	
46	54	1	
226	228	3	
160	224	2	
432	437	-1	
439	447	-1	
401	405	1	
385	449	2	
223	231	2	
290	354	-2	
73	78	3	
440	447	-4	
469	477	2	
52	60	1	
53	61	-2	
72	136	-2	
230	238	1	
205	213	2	
207	215	-2	
170	174	-1	
217	221	-2	
152	216	3	
242	306	-1	
68	76	3	
85	93	2	
301	309	1	
420	428	2	
239	247	-1	
201	205	1	
448	452	2	
443	446	-3	
303	311	1	
357	365	-1	
470	478	1	
133	141	-1	
217	281	-1	
157	165	-1	
378	442	-1	
234	298	2	
413	421	-1	
414	422	1	
269	277	1	
206	214	-2	
333	341	1	
335	343	-1	
435	439	-1	
163	227	-2	
129	135	-1	
155	219	-1	
345	409	1	
344	408	-1	
141	149	-1	
347	411	-1	
346	410	1	
221	229	1	
172	180	-1	
175	183	-1	
186	188	1	
322	325	1	
155	158	-1	
187	251	-1	
Energy:	-3778	
