NumberOfQubits	504	
NumberOfSubgraphs	840	
Serial	320	
PlantedSolution:	
0	1	
1	-1	
2	-1	
3	1	
4	-1	
5	-1	
6	-1	
8	-1	
9	1	
10	1	
11	1	
12	-1	
13	-1	
14	1	
15	-1	
16	-1	
17	-1	
18	-1	
19	-1	
20	-1	
21	-1	
22	1	
23	1	
24	1	
25	1	
26	-1	
27	1	
28	-1	
29	1	
30	-1	
31	-1	
32	1	
33	1	
34	-1	
35	-1	
36	1	
37	1	
38	1	
39	-1	
40	-1	
41	-1	
42	-1	
43	-1	
44	-1	
45	-1	
46	1	
47	1	
48	-1	
49	1	
50	1	
51	1	
52	-1	
53	1	
54	-1	
55	-1	
56	1	
57	-1	
58	-1	
59	1	
60	-1	
61	-1	
62	1	
63	-1	
64	-1	
65	1	
66	-1	
67	1	
68	-1	
69	-1	
70	-1	
71	1	
72	1	
73	-1	
74	1	
75	-1	
76	-1	
77	-1	
78	1	
79	-1	
80	-1	
81	-1	
82	-1	
83	1	
84	-1	
85	1	
86	-1	
87	1	
88	1	
89	1	
90	1	
91	-1	
92	1	
93	-1	
94	-1	
95	-1	
96	-1	
97	-1	
98	1	
99	1	
100	1	
101	-1	
102	1	
103	1	
104	-1	
105	1	
106	-1	
107	1	
108	1	
109	-1	
110	-1	
111	1	
112	1	
113	-1	
114	1	
115	1	
116	-1	
117	1	
118	1	
119	1	
120	1	
121	-1	
123	-1	
124	-1	
125	1	
126	-1	
127	1	
128	1	
129	1	
130	1	
131	-1	
132	-1	
133	1	
134	1	
135	1	
136	-1	
137	1	
138	1	
139	-1	
141	-1	
142	1	
143	1	
144	1	
145	-1	
146	1	
147	1	
148	1	
149	1	
150	1	
151	-1	
152	-1	
153	1	
154	1	
155	-1	
156	1	
157	1	
158	-1	
159	-1	
160	1	
161	-1	
162	1	
163	-1	
164	1	
165	-1	
166	1	
167	-1	
168	1	
169	1	
170	-1	
171	-1	
172	1	
173	-1	
174	1	
175	-1	
176	-1	
177	-1	
178	1	
179	1	
180	-1	
181	1	
182	1	
183	-1	
184	-1	
185	1	
186	1	
187	1	
188	1	
189	-1	
190	-1	
191	1	
192	-1	
193	-1	
194	1	
195	-1	
196	-1	
197	-1	
198	1	
199	1	
200	1	
201	1	
202	1	
203	-1	
204	-1	
205	1	
206	1	
207	1	
208	1	
209	-1	
210	-1	
211	1	
212	1	
213	-1	
214	1	
215	-1	
216	1	
217	1	
218	1	
219	-1	
220	1	
221	1	
222	-1	
223	-1	
224	1	
225	-1	
226	1	
227	-1	
228	1	
229	1	
230	-1	
231	-1	
232	1	
233	1	
234	1	
235	1	
236	1	
237	1	
238	-1	
239	1	
240	1	
241	1	
242	-1	
243	-1	
244	1	
245	1	
246	-1	
247	1	
248	-1	
249	-1	
250	1	
251	1	
252	1	
253	-1	
254	-1	
255	1	
256	1	
257	1	
258	1	
259	-1	
260	-1	
261	1	
262	-1	
263	-1	
264	-1	
265	1	
266	-1	
267	-1	
268	-1	
269	-1	
270	1	
271	-1	
272	1	
273	-1	
274	-1	
275	-1	
276	-1	
277	-1	
278	-1	
279	-1	
280	-1	
281	1	
282	1	
283	-1	
284	-1	
285	1	
286	1	
287	-1	
288	-1	
289	-1	
290	-1	
291	-1	
292	-1	
293	-1	
294	1	
295	-1	
296	-1	
297	1	
298	-1	
299	1	
300	1	
301	-1	
302	1	
303	-1	
304	1	
305	-1	
306	1	
307	-1	
308	-1	
309	1	
310	1	
311	-1	
312	1	
313	1	
314	1	
315	1	
316	1	
317	1	
318	1	
319	1	
320	-1	
321	-1	
322	1	
323	-1	
324	-1	
325	-1	
326	-1	
327	1	
328	-1	
329	-1	
330	1	
331	-1	
332	-1	
333	1	
334	1	
335	1	
336	1	
337	-1	
338	1	
339	1	
340	-1	
341	-1	
342	1	
343	1	
344	1	
345	1	
346	1	
347	1	
348	1	
349	1	
350	-1	
351	1	
352	-1	
353	1	
354	1	
355	1	
356	-1	
357	-1	
358	1	
359	1	
361	1	
362	-1	
363	-1	
364	-1	
365	-1	
367	-1	
368	1	
369	1	
370	1	
371	-1	
372	1	
373	-1	
374	-1	
375	1	
376	-1	
377	-1	
378	-1	
379	1	
380	1	
382	1	
383	-1	
384	-1	
385	1	
386	-1	
387	1	
388	1	
389	1	
390	-1	
391	1	
392	1	
393	1	
394	1	
396	-1	
397	1	
398	-1	
399	-1	
400	-1	
401	1	
402	-1	
403	-1	
404	-1	
405	-1	
406	-1	
407	-1	
408	1	
409	1	
410	1	
411	-1	
412	1	
413	-1	
414	-1	
415	1	
416	-1	
417	1	
418	1	
419	1	
420	-1	
421	1	
422	-1	
424	-1	
425	-1	
426	-1	
427	1	
428	-1	
429	1	
430	1	
431	1	
432	1	
433	1	
434	-1	
435	1	
436	1	
437	1	
438	-1	
439	1	
440	-1	
441	1	
442	1	
443	-1	
444	1	
445	-1	
446	1	
447	-1	
448	-1	
449	1	
450	1	
451	1	
452	-1	
453	1	
454	1	
455	1	
456	-1	
457	-1	
458	-1	
459	1	
460	-1	
461	-1	
462	1	
463	1	
464	1	
465	1	
466	-1	
467	-1	
468	1	
469	1	
470	-1	
471	-1	
472	-1	
473	1	
474	1	
475	1	
476	1	
477	-1	
478	1	
479	-1	
480	-1	
481	-1	
482	1	
483	-1	
484	-1	
485	1	
486	-1	
487	-1	
488	-1	
489	1	
490	-1	
491	1	
492	-1	
493	1	
494	1	
495	-1	
496	1	
497	1	
498	-1	
499	1	
500	1	
501	-1	
502	-1	
503	1	
504	-1	
505	-1	
506	1	
507	-1	
508	1	
509	-1	
510	1	
511	-1	
Js:	
105	108	-8	
107	108	-3	
107	110	4	
106	110	-6	
106	109	-1	
105	109	-6	
194	199	4	
195	199	4	
195	259	-2	
259	263	-5	
258	263	5	
194	258	-3	
393	396	-4	
394	396	5	
394	458	4	
458	463	5	
457	463	4	
393	457	6	
440	444	4	
441	444	-4	
441	505	3	
505	508	4	
504	508	-3	
440	504	-3	
90	92	-3	
92	100	-1	
96	100	5	
96	103	3	
95	103	-4	
90	95	5	
481	484	-5	
482	484	4	
482	486	4	
480	486	-3	
480	487	-7	
481	487	-3	
400	406	4	
406	414	-3	
410	414	4	
410	415	-5	
407	415	5	
400	407	-5	
226	230	5	
227	230	4	
227	291	-2	
291	292	-5	
290	292	-3	
226	290	4	
233	237	-5	
235	237	-5	
235	299	-2	
299	303	-2	
297	303	4	
233	297	-3	
464	468	3	
468	476	-4	
473	476	-3	
473	479	4	
471	479	-3	
464	471	7	
489	492	6	
491	492	5	
491	494	-3	
490	494	5	
490	495	-5	
489	495	-4	
24	31	3	
27	31	2	
27	91	4	
91	93	-4	
88	93	4	
24	88	-6	
209	212	3	
210	212	-5	
210	213	-6	
211	213	5	
211	214	-5	
209	214	7	
184	191	7	
185	191	-4	
185	249	-1	
249	253	-5	
248	253	-5	
184	248	-2	
282	285	-6	
283	285	3	
283	347	3	
347	348	-3	
346	348	-5	
282	346	-4	
201	205	-4	
203	205	5	
203	207	3	
202	207	3	
202	206	-4	
201	206	-3	
34	38	4	
38	46	-2	
41	46	4	
41	47	4	
39	47	2	
34	39	-4	
496	500	-2	
498	500	4	
498	501	-5	
499	501	4	
499	503	-3	
496	503	4	
369	372	-3	
371	372	7	
371	373	-5	
370	373	4	
370	374	5	
369	374	6	
323	325	-7	
325	333	5	
330	333	-3	
330	335	-5	
327	335	4	
323	327	6	
8	14	5	
14	22	2	
17	22	5	
17	23	6	
15	23	3	
8	15	-5	
385	389	3	
389	397	-6	
392	397	-5	
392	399	6	
391	399	4	
385	391	-6	
449	453	-4	
450	453	-4	
450	455	4	
448	455	5	
448	454	3	
449	454	-5	
418	420	6	
420	428	-1	
426	428	7	
426	430	2	
422	430	2	
418	422	4	
337	340	-2	
338	340	3	
338	342	3	
339	342	-4	
339	343	-2	
337	343	5	
64	70	-4	
66	70	-5	
66	130	2	
130	133	-6	
128	133	-5	
64	128	3	
49	52	3	
51	52	5	
51	55	5	
48	55	-4	
48	54	-6	
49	54	-3	
161	164	6	
164	172	2	
169	172	-4	
169	173	5	
165	173	-2	
161	165	-5	
176	181	4	
177	181	4	
177	182	4	
178	182	-4	
178	183	6	
176	183	-4	
82	86	-5	
83	86	-4	
83	147	-2	
147	150	-4	
146	150	-3	
82	146	3	
152	156	4	
154	156	-2	
154	159	5	
153	159	-4	
153	157	-4	
152	157	6	
56	60	4	
59	60	5	
59	62	-4	
57	62	5	
57	63	-4	
56	63	4	
264	268	-4	
265	268	5	
265	329	-4	
329	332	-6	
328	332	-4	
264	328	-4	
312	318	-4	
315	318	-4	
315	379	-4	
379	380	-5	
376	380	4	
312	376	5	
217	220	-4	
218	220	-6	
218	223	3	
216	223	-2	
216	221	-5	
217	221	-5	
352	356	3	
353	356	4	
353	357	4	
355	357	4	
355	358	-6	
352	358	5	
67	68	5	
68	76	-6	
75	76	3	
75	77	-3	
69	77	-6	
67	69	4	
307	308	-4	
308	316	5	
313	316	-3	
313	319	-3	
311	319	-6	
307	311	-1	
120	125	-6	
121	125	-3	
121	127	4	
123	127	4	
123	126	-4	
120	126	4	
256	260	6	
257	260	6	
257	321	3	
321	324	-4	
320	324	-6	
256	320	3	
434	437	-2	
437	445	4	
443	445	-5	
443	446	5	
438	446	5	
434	438	-6	
408	412	4	
411	412	5	
411	475	5	
475	477	4	
472	477	-2	
408	472	7	
296	301	5	
301	309	4	
305	309	6	
305	310	4	
302	310	-3	
296	302	3	
9	12	3	
10	12	8	
10	74	1	
74	78	-6	
73	78	2	
9	73	3	
114	116	6	
115	116	4	
115	117	-3	
113	117	4	
113	118	5	
114	118	4	
232	236	-4	
236	244	-2	
242	244	5	
242	247	-2	
239	247	-3	
232	239	-7	
401	404	5	
402	404	-6	
402	466	-4	
466	470	-5	
465	470	3	
401	465	-5	
0	4	5	
1	4	-5	
1	6	-5	
3	6	6	
3	5	5	
0	5	7	
272	276	4	
274	276	-4	
274	278	-5	
275	278	2	
275	277	-8	
272	277	4	
131	134	2	
134	142	-4	
139	142	-3	
139	143	4	
135	143	-3	
131	135	6	
224	228	-4	
225	228	4	
225	289	-3	
289	293	-4	
288	293	-6	
224	288	-1	
280	287	-6	
281	287	4	
281	345	2	
345	350	4	
344	350	6	
280	344	3	
361	365	4	
363	365	-6	
363	427	2	
427	431	2	
425	431	5	
361	425	1	
32	36	6	
36	44	2	
43	44	-6	
43	45	-3	
37	45	2	
32	37	-5	
80	84	-5	
81	84	-4	
81	145	2	
145	149	4	
144	149	-5	
80	144	1	
19	20	-5	
20	28	4	
26	28	-2	
26	29	3	
21	29	4	
19	21	-4	
163	166	5	
166	174	4	
170	174	4	
170	175	-6	
167	175	-4	
163	167	-8	
186	188	-6	
187	188	4	
187	251	-3	
251	255	-7	
250	255	-2	
186	250	-2	
459	460	7	
460	468	-1	
467	468	5	
467	469	4	
461	469	2	
459	461	6	
506	509	-4	
507	509	-4	
507	510	4	
504	510	3	
504	511	-5	
506	511	4	
433	439	-6	
435	439	2	
435	499	-5	
499	502	4	
497	502	3	
433	497	-5	
89	93	4	
93	101	-3	
97	101	-7	
97	102	3	
94	102	2	
89	94	4	
72	79	2	
73	79	-6	
73	137	-6	
137	141	7	
136	141	-3	
72	136	5	
264	269	-5	
266	269	-3	
266	270	8	
267	270	4	
267	271	-4	
264	271	-4	
386	388	4	
387	388	-4	
387	390	3	
384	390	-5	
384	391	3	
386	391	2	
128	132	4	
129	132	5	
129	193	-1	
193	196	-4	
192	196	-4	
128	192	3	
234	237	2	
237	245	-3	
240	245	-4	
240	246	3	
238	246	-4	
234	238	6	
354	356	4	
356	364	-4	
362	364	-4	
362	367	-5	
359	367	-4	
354	359	-6	
377	383	-5	
378	383	-5	
378	442	3	
442	447	2	
441	447	5	
377	441	-3	
417	421	-5	
419	421	-5	
419	483	5	
483	485	5	
481	485	-3	
417	481	4	
304	311	3	
306	311	5	
306	370	2	
370	375	-4	
368	375	-6	
304	368	-3	
403	405	-5	
405	413	-3	
409	413	6	
409	414	-2	
403	406	-5	
336	341	5	
341	349	4	
345	349	-3	
345	351	-5	
343	351	-3	
336	343	4	
424	429	4	
427	429	5	
427	491	-3	
491	493	-5	
488	493	5	
424	488	-5	
104	111	5	
107	111	-6	
107	171	2	
171	172	4	
168	172	-5	
104	168	-3	
50	53	-6	
53	61	3	
58	61	-5	
58	63	5	
55	63	-4	
50	55	3	
177	180	5	
179	180	3	
179	243	2	
243	245	3	
241	245	-3	
177	241	4	
322	325	2	
331	333	4	
331	334	-6	
326	334	4	
322	326	7	
208	215	5	
209	215	-4	
209	273	-2	
273	279	-4	
272	279	4	
208	272	2	
154	158	-3	
155	158	-5	
155	219	-4	
219	222	-5	
218	222	4	
154	218	-6	
451	452	5	
452	460	-4	
456	460	-3	
456	462	4	
454	462	-4	
451	454	-4	
290	294	4	
294	302	-4	
298	302	2	
298	303	-4	
295	303	-3	
290	295	-5	
136	142	5	
138	142	-4	
138	202	-5	
202	204	4	
200	204	4	
136	200	3	
34	37	3	
35	37	3	
35	99	4	
99	101	2	
98	101	4	
34	98	-5	
2	5	4	
5	13	-1	
11	13	4	
11	14	-6	
6	14	1	
2	6	-5	
249	252	6	
250	252	-6	
250	314	-2	
314	317	-4	
313	317	3	
249	313	3	
16	20	-5	
18	20	-3	
18	82	-6	
82	87	5	
80	87	-4	
16	80	-4	
112	116	4	
116	124	-6	
123	124	-4	
119	127	-7	
112	119	-5	
160	165	5	
162	165	4	
162	226	-3	
226	229	-3	
224	229	-4	
160	224	1	
25	30	3	
30	38	-3	
33	38	-5	
33	39	4	
31	39	-2	
25	31	6	
259	260	-4	
259	261	6	
257	261	4	
257	262	6	
256	262	3	
282	284	5	
283	284	-4	
283	286	4	
280	286	4	
282	287	-1	
192	197	-3	
193	197	-4	
193	198	6	
194	198	-4	
192	199	5	
432	436	-7	
434	436	5	
434	498	-4	
496	501	6	
432	496	4	
185	189	5	
186	189	5	
186	191	-3	
184	190	4	
185	190	6	
408	415	-3	
410	474	-5	
474	478	5	
472	478	4	
64	68	2	
65	68	3	
65	69	4	
67	71	-4	
64	71	5	
145	148	6	
147	148	-3	
147	151	4	
146	151	5	
146	149	-5	
42	44	-4	
43	47	6	
40	47	3	
40	45	-5	
42	45	4	
377	380	4	
377	382	3	
379	382	-6	
379	383	4	
376	383	-6	
298	300	5	
300	308	3	
305	308	1	
298	301	-3	
416	420	3	
418	482	-6	
416	480	-5	
244	252	-4	
251	252	-3	
251	254	5	
246	254	-4	
242	246	2	
384	389	-3	
392	398	5	
390	398	-6	
216	220	-2	
220	228	-5	
227	228	3	
227	231	-4	
223	231	-5	
74	77	2	
77	85	1	
81	85	-2	
81	86	-3	
78	86	1	
11	12	4	
11	15	4	
9	15	5	
9	13	6	
10	13	-5	
354	358	-5	
353	359	-5	
464	469	4	
469	477	3	
475	478	-3	
470	478	2	
464	470	3	
176	180	-4	
179	183	5	
176	182	4	
267	331	-4	
330	334	-4	
266	330	4	
109	117	3	
114	117	-4	
114	119	-2	
111	119	-2	
105	111	-2	
208	212	-5	
210	214	3	
208	213	5	
235	236	5	
235	238	3	
234	239	-5	
27	28	6	
91	94	-5	
90	94	4	
26	90	5	
297	300	-3	
299	300	-5	
299	363	5	
363	364	-4	
361	364	5	
297	361	-5	
339	340	7	
339	403	-1	
402	405	-3	
338	402	3	
97	100	3	
99	100	-4	
99	163	-1	
161	167	-3	
97	161	-3	
344	348	-4	
346	349	2	
347	349	-3	
347	350	4	
507	508	5	
507	511	-5	
505	509	-5	
336	342	-3	
337	342	4	
337	401	4	
400	404	-3	
336	400	-2	
58	60	-5	
59	61	5	
56	61	5	
56	62	-5	
58	62	3	
76	84	-1	
83	84	5	
83	87	-2	
79	87	1	
75	79	-5	
144	148	-4	
148	156	-5	
153	156	-5	
153	158	4	
150	158	6	
144	150	-3	
448	452	-3	
450	452	-5	
451	453	-4	
451	455	-3	
368	373	4	
371	435	-1	
435	436	-3	
368	432	-3	
65	71	-3	
66	71	3	
130	134	-5	
129	134	-7	
65	129	2	
490	492	-3	
490	493	4	
488	495	-4	
18	21	-4	
19	22	4	
16	22	3	
16	23	4	
18	23	-2	
104	110	-5	
106	170	-2	
168	175	3	
50	52	6	
51	54	4	
49	53	-5	
139	141	-6	
139	203	-3	
203	204	-3	
201	204	-4	
137	201	-3	
442	444	-6	
442	445	3	
443	447	-4	
440	447	-5	
321	326	-4	
322	327	-3	
320	327	5	
96	102	-5	
98	102	-3	
98	162	-3	
162	166	-5	
160	166	-4	
96	160	5	
268	276	-4	
275	276	-3	
275	279	-4	
271	279	3	
265	271	4	
421	429	1	
425	429	3	
425	430	4	
419	422	5	
291	293	-3	
291	295	-3	
288	295	-3	
288	294	-3	
289	294	5	
219	221	4	
221	229	-4	
225	229	3	
225	230	-3	
222	230	4	
312	316	-5	
315	316	5	
315	317	-5	
314	318	-4	
393	399	5	
394	399	-3	
458	462	6	
457	462	4	
195	197	-6	
197	205	4	
200	205	4	
200	206	-2	
198	206	-5	
195	198	4	
273	277	4	
277	285	2	
281	285	-4	
281	286	-5	
278	286	3	
273	278	-5	
24	30	5	
25	89	-3	
89	92	-4	
88	92	3	
476	484	3	
483	484	-4	
483	487	-2	
479	487	-3	
240	247	-4	
243	247	5	
243	307	-6	
307	310	4	
304	310	-5	
240	304	4	
456	461	6	
466	469	3	
466	471	-5	
463	471	1	
456	463	3	
362	365	6	
365	373	-2	
369	373	5	
369	375	-3	
367	375	3	
121	124	-4	
121	126	-5	
118	126	5	
115	118	-5	
429	437	-2	
433	437	5	
431	439	-3	
424	431	6	
131	133	4	
133	141	-3	
138	141	1	
138	143	-7	
41	44	-5	
42	46	5	
40	46	6	
41	45	-5	
497	500	-5	
499	500	-4	
496	502	4	
497	503	-5	
35	36	5	
35	39	-5	
32	38	-3	
184	189	2	
187	189	4	
248	255	5	
329	335	2	
328	334	2	
171	173	-4	
171	174	4	
168	174	-3	
169	175	4	
155	159	-4	
152	159	3	
258	261	3	
261	269	5	
263	271	-2	
2	4	-6	
2	66	3	
65	70	3	
1	65	5	
347	351	5	
347	411	2	
411	413	-2	
345	409	-2	
388	396	4	
393	398	1	
386	390	-5	
370	372	-4	
372	380	3	
378	380	4	
378	382	4	
374	382	3	
112	117	-2	
117	125	-6	
120	127	3	
428	436	3	
430	438	2	
323	326	-2	
323	387	2	
387	391	-5	
321	385	2	
353	358	-2	
353	417	-3	
416	421	-5	
352	416	-3	
401	407	2	
403	407	-5	
403	467	-4	
465	468	-4	
245	253	3	
248	254	-5	
241	246	5	
3	67	-3	
64	69	-3	
0	64	3	
284	292	4	
289	292	-2	
286	294	-2	
485	493	-1	
489	493	3	
489	494	-4	
486	494	4	
483	486	-2	
274	277	4	
274	338	3	
338	341	4	
272	336	-2	
130	132	-4	
130	194	-2	
194	196	4	
100	108	-4	
103	111	3	
99	103	-6	
206	214	-3	
207	215	4	
85	93	4	
89	95	2	
87	95	2	
81	87	6	
217	222	3	
225	231	-4	
217	223	6	
115	179	3	
179	181	-4	
113	177	-1	
185	188	-3	
187	191	-3	
187	190	4	
410	412	-3	
449	452	3	
453	461	-2	
233	239	-3	
296	303	-5	
232	296	-3	
306	308	4	
312	319	-2	
441	446	-2	
442	446	4	
442	506	-2	
506	510	-5	
505	510	4	
54	62	3	
72	76	-4	
74	76	5	
74	79	3	
73	77	-4	
72	77	4	
256	263	4	
258	262	4	
25	28	4	
28	36	2	
33	36	-3	
33	37	4	
29	37	-3	
25	29	-4	
160	164	-5	
149	157	-3	
155	157	2	
151	159	-4	
144	151	4	
396	404	-3	
397	405	3	
394	397	4	
313	318	-5	
369	433	-1	
432	437	-2	
129	135	-3	
322	386	-2	
384	388	4	
320	384	-2	
178	242	-3	
240	244	-4	
176	240	3	
12	20	-2	
16	21	-4	
13	21	-1	
195	196	-4	
196	204	-4	
266	268	-3	
273	276	-4	
270	278	-1	
291	355	5	
352	357	-5	
288	352	3	
280	285	-3	
346	350	4	
440	445	-5	
443	507	2	
455	463	-4	
449	455	-4	
152	216	-4	
163	227	-3	
226	231	-2	
427	428	4	
362	426	-1	
241	247	-3	
307	309	4	
241	305	2	
482	485	3	
480	485	4	
106	108	3	
104	109	-2	
26	31	6	
88	95	4	
170	173	2	
169	174	-4	
57	60	-4	
57	121	-3	
120	124	4	
56	120	-2	
299	302	-3	
492	500	-2	
498	502	-4	
494	502	1	
233	236	-3	
234	236	-5	
408	414	3	
409	473	-3	
472	479	-4	
332	340	-3	
335	343	-2	
328	335	5	
211	212	-3	
211	215	2	
210	215	3	
84	92	5	
91	92	4	
86	94	-3	
80	86	-4	
82	85	3	
83	85	-4	
265	269	3	
267	269	-4	
329	333	4	
281	284	3	
287	295	-2	
398	406	-4	
399	407	-2	
0	6	3	
376	382	-4	
465	469	-4	
467	470	-5	
465	471	2	
40	44	-2	
43	46	-3	
50	114	-3	
49	113	5	
435	438	4	
439	447	4	
348	356	3	
351	359	-2	
419	420	-4	
417	422	2	
203	206	3	
199	207	-3	
193	199	4	
219	220	2	
493	501	2	
497	501	2	
495	503	3	
491	495	4	
8	12	-5	
11	75	2	
75	78	3	
72	78	-3	
8	72	-2	
321	325	-5	
387	389	-4	
27	29	-4	
35	38	3	
27	30	4	
180	188	3	
181	189	4	
57	61	-2	
59	123	-3	
275	339	2	
339	341	4	
337	341	2	
273	337	-1	
48	52	-3	
51	115	-3	
48	112	5	
32	39	3	
98	103	-2	
32	96	3	
306	310	-3	
368	374	4	
364	372	3	
371	375	-4	
361	367	5	
425	489	3	
488	494	3	
146	148	-2	
145	151	3	
67	131	3	
131	132	-7	
312	317	-4	
315	319	-3	
506	508	-5	
472	476	3	
474	476	3	
474	477	3	
473	477	4	
473	478	-4	
410	413	1	
458	460	-4	
457	461	-3	
19	23	-4	
18	22	5	
162	164	2	
163	164	2	
250	253	4	
250	254	4	
448	453	4	
450	454	-4	
137	143	-2	
123	125	3	
123	187	2	
120	184	1	
66	68	-4	
70	78	-5	
376	440	-1	
342	350	2	
42	106	-4	
106	111	-2	
40	104	-4	
213	221	1	
215	223	-2	
173	181	-2	
179	182	-3	
174	182	-3	
52	60	2	
50	54	2	
416	422	-4	
480	484	1	
466	468	-3	
322	324	6	
324	332	-3	
331	332	-2	
267	268	-3	
274	279	-3	
97	103	2	
91	95	-3	
297	302	-3	
298	362	-4	
354	357	2	
349	357	3	
344	349	-5	
90	154	-2	
89	153	-3	
243	246	2	
226	228	-3	
224	231	5	
392	396	4	
402	406	3	
393	397	-2	
435	437	-5	
427	430	-4	
285	293	2	
289	295	4	
283	287	-5	
171	235	3	
235	239	-2	
168	232	1	
288	292	-4	
24	28	2	
24	29	-4	
194	197	3	
192	198	-3	
178	180	4	
296	300	2	
303	311	2	
262	270	4	
51	53	3	
80	85	4	
101	109	-3	
107	109	3	
102	110	4	
417	420	4	
481	486	-5	
336	340	4	
152	158	-2	
216	222	4	
501	509	-3	
504	509	-6	
502	510	4	
425	428	-4	
432	439	-3	
328	333	3	
385	388	4	
387	451	-4	
385	449	-4	
147	211	-4	
145	209	-3	
314	319	-6	
314	378	-2	
200	207	-3	
201	207	-4	
201	265	-2	
200	264	2	
128	135	-3	
272	278	4	
10	14	-3	
280	284	-3	
282	286	-4	
42	47	3	
477	485	4	
474	479	2	
155	156	3	
156	164	-3	
157	165	-3	
182	190	4	
186	190	4	
183	191	3	
177	183	-2	
233	238	4	
249	255	3	
247	255	3	
34	36	2	
98	100	-3	
409	415	-4	
357	365	-2	
363	367	-3	
440	446	4	
459	463	-5	
426	431	4	
426	490	-3	
66	69	-3	
112	118	3	
346	351	-3	
338	343	-4	
105	169	1	
299	301	-3	
304	309	-2	
3	4	4	
291	294	2	
330	394	-2	
329	393	2	
475	476	-4	
475	479	4	
500	508	3	
505	511	-4	
503	511	2	
412	420	4	
414	422	-3	
411	414	-5	
212	220	1	
434	439	2	
17	21	-3	
241	244	-3	
161	166	-2	
162	167	3	
160	167	2	
121	185	-1	
59	63	3	
441	445	3	
154	157	-2	
218	221	-1	
178	181	-2	
171	175	-3	
355	356	2	
352	359	1	
320	326	3	
457	460	-3	
459	462	-2	
265	270	-2	
330	332	2	
227	229	4	
224	230	3	
304	308	3	
424	428	-1	
426	429	3	
424	430	4	
340	348	1	
8	13	-3	
9	14	-3	
46	54	2	
47	55	2	
487	495	2	
371	374	-2	
249	254	2	
108	116	1	
394	398	4	
232	237	-3	
232	238	2	
145	150	-4	
208	214	-2	
33	97	2	
115	119	-2	
112	176	1	
334	342	-2	
331	335	2	
344	351	-2	
400	405	-3	
401	405	3	
400	464	3	
71	79	3	
413	421	3	
408	413	3	
386	450	3	
242	306	4	
168	173	5	
293	301	-3	
136	143	4	
1	5	3	
45	53	1	
49	55	-4	
314	316	-2	
219	223	2	
184	188	4	
488	492	-3	
392	456	2	
443	444	3	
170	172	4	
172	180	-1	
258	260	3	
192	256	2	
137	142	-2	
384	448	-3	
113	119	4	
403	404	2	
266	271	3	
307	371	1	
305	369	2	
484	492	1	
128	134	-2	
26	30	-4	
436	444	-3	
375	383	2	
43	107	2	
41	105	2	
203	267	-1	
276	284	-1	
279	287	2	
210	274	-1	
290	354	4	
99	102	-3	
259	262	-3	
345	348	-4	
297	301	2	
386	389	4	
17	20	-3	
10	15	-3	
242	245	4	
306	309	-2	
228	236	-1	
229	237	2	
147	149	3	
144	208	-3	
482	487	3	
129	133	-2	
411	415	1	
313	377	3	
75	139	-4	
258	322	-2	
305	311	-3	
257	263	2	
259	323	-2	
321	327	-2	
478	486	2	
409	412	-3	
204	212	3	
498	503	3	
48	53	2	
234	298	2	
370	434	-1	
432	438	1	
19	83	3	
264	270	-1	
467	471	-2	
205	213	2	
350	358	-2	
309	317	-4	
219	283	-1	
217	281	2	
320	325	-1	
260	268	1	
130	135	3	
458	461	-1	
113	116	-1	
355	419	1	
146	210	2	
256	261	-2	
433	438	-2	
17	81	-3	
170	234	2	
404	412	1	
418	421	-1	
114	178	-1	
243	244	2	
310	318	-3	
346	410	2	
74	138	-3	
169	233	2	
251	253	-1	
292	300	2	
323	324	1	
290	293	-2	
402	407	1	
96	101	1	
379	443	1	
91	155	-2	
385	390	1	
23	31	-1	
22	30	1	
329	334	2	
88	94	-2	
401	406	1	
44	52	1	
163	165	-1	
161	225	1	
211	275	1	
248	252	-1	
355	359	-2	
289	353	2	
202	205	-1	
202	266	1	
105	110	-1	
230	238	-1	
209	213	-1	
216	280	1	
333	341	-1	
251	315	1	
354	418	-1	
67	70	-1	
193	257	-1	
88	152	1	
104	108	-1	
90	93	1	
433	436	-1	
73	76	1	
Energy:	-3762	
