NumberOfQubits	504	
NumberOfSubgraphs	840	
Serial	111	
PlantedSolution:	
0	-1	
1	1	
2	1	
3	1	
4	-1	
5	-1	
6	-1	
8	-1	
9	-1	
10	1	
11	-1	
12	-1	
13	-1	
14	1	
15	-1	
16	1	
17	1	
18	1	
19	1	
20	-1	
21	1	
22	1	
23	-1	
24	1	
25	-1	
26	-1	
27	-1	
28	-1	
29	1	
30	1	
31	-1	
32	1	
33	1	
34	-1	
35	1	
36	1	
37	-1	
38	-1	
39	-1	
40	1	
41	1	
42	1	
43	-1	
44	1	
45	1	
46	1	
47	-1	
48	1	
49	1	
50	-1	
51	-1	
52	1	
53	1	
54	-1	
55	-1	
56	-1	
57	1	
58	-1	
59	1	
60	-1	
61	-1	
62	-1	
63	-1	
64	-1	
65	-1	
66	1	
67	-1	
68	1	
69	1	
70	-1	
71	1	
72	1	
73	1	
74	-1	
75	-1	
76	-1	
77	-1	
78	1	
79	-1	
80	-1	
81	1	
82	1	
83	-1	
84	1	
85	1	
86	1	
87	1	
88	-1	
89	-1	
90	-1	
91	-1	
92	-1	
93	-1	
94	-1	
95	1	
96	-1	
97	-1	
98	1	
99	-1	
100	-1	
101	-1	
102	1	
103	1	
104	1	
105	1	
106	-1	
107	1	
108	1	
109	-1	
110	1	
111	-1	
112	1	
113	1	
114	1	
115	1	
116	-1	
117	-1	
118	-1	
119	-1	
120	1	
121	1	
123	1	
124	-1	
125	-1	
126	-1	
127	-1	
128	1	
129	1	
130	1	
131	1	
132	-1	
133	1	
134	1	
135	-1	
136	-1	
137	1	
138	-1	
139	1	
141	-1	
142	-1	
143	-1	
144	-1	
145	-1	
146	-1	
147	-1	
148	1	
149	-1	
150	1	
151	1	
152	-1	
153	-1	
154	1	
155	-1	
156	-1	
157	-1	
158	-1	
159	1	
160	1	
161	-1	
162	-1	
163	1	
164	1	
165	-1	
166	1	
167	-1	
168	-1	
169	1	
170	1	
171	-1	
172	1	
173	-1	
174	-1	
175	1	
176	-1	
177	1	
178	1	
179	1	
180	1	
181	1	
182	-1	
183	1	
184	-1	
185	-1	
186	1	
187	1	
188	1	
189	1	
190	1	
191	-1	
192	1	
193	1	
194	1	
195	1	
196	1	
197	1	
198	-1	
199	-1	
200	-1	
201	-1	
202	-1	
203	-1	
204	1	
205	1	
206	1	
207	-1	
208	-1	
209	1	
210	-1	
211	-1	
212	-1	
213	1	
214	-1	
215	1	
216	1	
217	1	
218	-1	
219	1	
220	1	
221	1	
222	1	
223	-1	
224	-1	
225	1	
226	1	
227	1	
228	-1	
229	-1	
230	1	
231	1	
232	-1	
233	-1	
234	-1	
235	1	
236	1	
237	-1	
238	1	
239	-1	
240	-1	
241	1	
242	1	
243	-1	
244	1	
245	1	
246	1	
247	1	
248	1	
249	1	
250	1	
251	1	
252	-1	
253	1	
254	1	
255	1	
256	1	
257	1	
258	1	
259	1	
260	1	
261	1	
262	-1	
263	1	
264	1	
265	1	
266	1	
267	-1	
268	-1	
269	-1	
270	1	
271	-1	
272	1	
273	1	
274	-1	
275	1	
276	1	
277	1	
278	1	
279	1	
280	-1	
281	-1	
282	1	
283	-1	
284	1	
285	1	
286	-1	
287	-1	
288	1	
289	1	
290	1	
291	-1	
292	1	
293	1	
294	1	
295	-1	
296	1	
297	-1	
298	-1	
299	-1	
300	1	
301	-1	
302	-1	
303	1	
304	-1	
305	-1	
306	1	
307	1	
308	-1	
309	-1	
310	1	
311	-1	
312	1	
313	1	
314	-1	
315	-1	
316	-1	
317	1	
318	1	
319	-1	
320	-1	
321	-1	
322	-1	
323	-1	
324	-1	
325	1	
326	1	
327	-1	
328	1	
329	-1	
330	1	
331	1	
332	1	
333	-1	
334	1	
335	-1	
336	1	
337	1	
338	-1	
339	1	
340	-1	
341	1	
342	-1	
343	-1	
344	1	
345	1	
346	1	
347	-1	
348	1	
349	-1	
350	1	
351	1	
352	-1	
353	-1	
354	-1	
355	-1	
356	-1	
357	-1	
358	1	
359	-1	
361	-1	
362	1	
363	1	
364	1	
365	-1	
367	-1	
368	-1	
369	-1	
370	-1	
371	1	
372	-1	
373	1	
374	-1	
375	1	
376	-1	
377	-1	
378	-1	
379	-1	
380	1	
382	-1	
383	1	
384	-1	
385	-1	
386	-1	
387	-1	
388	-1	
389	1	
390	1	
391	1	
392	-1	
393	1	
394	1	
396	-1	
397	1	
398	1	
399	1	
400	-1	
401	1	
402	-1	
403	-1	
404	1	
405	1	
406	-1	
407	-1	
408	1	
409	1	
410	1	
411	-1	
412	1	
413	-1	
414	1	
415	1	
416	-1	
417	1	
418	-1	
419	1	
420	-1	
421	-1	
422	1	
424	-1	
425	-1	
426	1	
427	1	
428	-1	
429	-1	
430	-1	
431	-1	
432	1	
433	-1	
434	-1	
435	1	
436	-1	
437	-1	
438	-1	
439	-1	
440	-1	
441	-1	
442	1	
443	1	
444	-1	
445	-1	
446	-1	
447	1	
448	-1	
449	1	
450	-1	
451	-1	
452	1	
453	-1	
454	1	
455	1	
456	1	
457	1	
458	-1	
459	-1	
460	1	
461	-1	
462	1	
463	-1	
464	-1	
465	1	
466	-1	
467	-1	
468	-1	
469	1	
470	1	
471	-1	
472	1	
473	-1	
474	1	
475	1	
476	1	
477	-1	
478	1	
479	-1	
480	-1	
481	-1	
482	1	
483	-1	
484	-1	
485	-1	
486	-1	
487	1	
488	1	
489	1	
490	1	
491	-1	
492	1	
493	-1	
494	1	
495	1	
496	1	
497	-1	
498	-1	
499	-1	
500	-1	
501	1	
502	-1	
503	-1	
504	1	
505	1	
506	-1	
507	1	
508	-1	
509	1	
510	-1	
511	1	
Js:	
211	212	-3	
212	220	4	
219	220	-4	
219	221	-4	
213	221	3	
211	213	5	
275	277	-6	
277	285	-4	
282	285	-6	
282	287	6	
279	287	-3	
275	279	-6	
331	332	-6	
332	340	2	
338	340	-4	
338	343	3	
335	343	-3	
331	335	4	
88	92	-6	
91	92	-3	
91	155	-2	
155	159	-4	
152	159	4	
88	152	-3	
32	37	5	
34	37	-4	
34	98	-5	
98	102	-2	
96	102	5	
32	96	6	
10	15	4	
11	15	-6	
11	75	-1	
75	78	-3	
74	78	6	
10	74	2	
459	460	3	
460	468	1	
464	468	-4	
464	469	4	
461	469	-2	
459	461	-4	
496	501	-5	
497	501	-3	
497	503	-3	
499	503	-5	
499	502	-4	
496	502	6	
369	372	-4	
370	372	-5	
370	373	7	
371	373	-4	
371	374	4	
369	374	-5	
58	60	-6	
59	60	3	
59	63	5	
56	63	3	
56	62	-6	
58	62	-5	
355	357	-3	
357	365	-2	
363	365	6	
363	367	6	
359	367	-3	
355	359	-5	
482	484	-4	
484	492	2	
488	492	-5	
488	494	-3	
486	494	3	
482	486	2	
18	22	-4	
22	30	-2	
27	30	-5	
27	31	-5	
23	31	-3	
18	23	5	
177	180	-5	
180	188	3	
187	188	-5	
187	190	-5	
182	190	4	
177	182	2	
72	76	3	
76	84	2	
82	84	-7	
82	87	-4	
79	87	3	
72	79	5	
216	222	-4	
217	222	-4	
217	281	4	
281	286	-5	
280	286	-5	
216	280	4	
424	429	-4	
427	429	3	
427	430	5	
426	430	5	
426	431	6	
424	431	-7	
105	108	-4	
107	108	4	
107	109	5	
106	109	-6	
106	110	4	
105	110	-4	
306	309	5	
309	317	5	
312	317	-5	
312	318	-5	
310	318	-3	
306	310	3	
409	412	-5	
412	420	2	
416	420	-4	
416	421	-4	
413	421	-3	
409	413	4	
136	141	-6	
141	149	-3	
145	149	-6	
145	151	4	
143	151	-1	
136	143	-4	
384	388	-3	
386	388	-4	
386	390	5	
387	390	-6	
387	391	4	
384	391	5	
378	382	-4	
379	382	-5	
379	443	5	
443	445	5	
442	445	4	
378	442	4	
153	157	-5	
157	165	-2	
160	165	3	
160	166	-5	
158	166	3	
153	158	3	
506	509	4	
507	509	-6	
507	511	5	
505	511	-3	
505	510	6	
506	510	-5	
265	269	6	
267	269	-6	
267	271	-5	
264	271	3	
264	270	-5	
265	270	2	
8	12	-4	
12	20	2	
17	20	5	
17	21	-5	
13	21	2	
8	13	-7	
408	415	-2	
410	415	-6	
410	474	4	
474	477	3	
472	477	5	
408	472	-4	
393	396	4	
396	404	-3	
400	404	4	
400	406	-3	
398	406	3	
393	398	-4	
258	260	-4	
259	260	-5	
259	323	5	
323	325	4	
322	325	4	
258	322	-4	
208	215	3	
210	215	4	
210	274	-3	
274	276	5	
272	276	-6	
208	272	3	
240	245	5	
245	253	-4	
250	253	-5	
250	254	4	
246	254	-5	
240	246	3	
130	135	2	
131	135	5	
131	195	-3	
195	198	6	
194	198	5	
130	194	4	
448	453	-5	
451	453	-6	
451	454	3	
449	454	-4	
449	455	-6	
448	455	3	
40	44	-5	
42	44	-5	
42	46	-5	
43	46	5	
43	47	2	
40	47	5	
192	196	-6	
193	196	-5	
193	257	-2	
257	261	3	
256	261	-4	
192	256	-2	
65	69	5	
66	69	-5	
66	71	-5	
67	71	5	
67	70	-7	
65	70	-6	
345	348	-6	
347	348	2	
347	351	7	
346	351	-5	
346	350	-3	
345	350	4	
288	293	-6	
289	293	-5	
289	294	-4	
290	294	-5	
290	295	5	
288	295	4	
169	172	-5	
171	172	4	
171	235	-2	
235	238	-4	
233	238	4	
169	233	4	
49	52	-7	
51	52	-1	
51	55	-6	
48	55	3	
48	54	4	
49	54	4	
112	117	2	
115	117	2	
115	118	5	
114	118	6	
114	119	-2	
112	119	5	
120	126	6	
121	126	6	
121	185	2	
185	189	4	
184	189	5	
120	184	-1	
202	205	-4	
203	205	7	
203	206	4	
201	206	7	
201	207	-4	
202	207	-5	
433	436	-4	
434	436	-5	
434	439	-5	
435	439	6	
435	437	4	
433	437	6	
162	164	3	
163	164	-5	
163	227	-2	
227	228	5	
226	228	6	
162	226	3	
297	300	4	
299	300	4	
299	303	-5	
296	303	-4	
296	302	5	
297	302	-5	
0	4	-7	
1	4	4	
1	5	8	
2	5	5	
2	6	7	
0	6	-3	
337	341	-3	
339	341	-8	
339	403	3	
403	405	3	
401	405	-5	
337	401	3	
25	28	-3	
26	28	-5	
26	90	-3	
90	93	-3	
89	93	-6	
25	89	-5	
168	175	4	
170	175	-4	
170	234	3	
234	236	5	
232	236	2	
168	232	3	
456	462	-4	
462	470	-3	
465	470	-6	
465	471	4	
463	471	2	
456	463	4	
33	39	4	
35	39	5	
35	99	3	
99	101	-5	
97	101	-5	
33	97	-4	
305	308	-4	
308	316	-5	
313	316	-1	
313	319	7	
311	319	-3	
305	311	-5	
178	181	-4	
179	181	-2	
179	243	-4	
243	247	4	
242	247	-4	
178	242	-3	
376	380	4	
377	380	7	
377	441	-4	
441	447	-4	
440	447	3	
376	440	-5	
480	485	7	
485	493	-3	
489	493	4	
489	495	-6	
487	495	-2	
480	487	3	
328	334	2	
330	334	-3	
330	394	-2	
394	399	-5	
392	399	5	
328	392	3	
353	356	-5	
354	356	-6	
354	418	1	
418	422	4	
417	422	-5	
353	417	4	
80	85	5	
83	85	-5	
83	147	-3	
147	148	7	
144	148	4	
80	144	-3	
320	324	-3	
322	324	-4	
322	326	-3	
321	326	8	
321	327	-3	
320	327	-8	
64	68	-5	
65	68	3	
65	129	2	
129	133	-5	
128	133	-4	
64	128	1	
224	229	-7	
227	229	3	
227	231	-5	
225	231	-4	
225	230	-7	
224	230	3	
474	476	-5	
475	476	-2	
475	479	4	
473	479	-4	
473	478	-2	
474	478	-4	
248	252	4	
249	252	6	
249	255	-5	
251	255	-4	
251	253	-5	
248	253	-4	
361	364	5	
362	364	6	
362	426	-3	
426	428	3	
425	428	-4	
361	425	-3	
73	77	6	
75	77	-3	
75	139	-4	
139	142	5	
137	142	4	
73	137	-6	
113	116	2	
116	124	-4	
123	124	4	
123	127	7	
119	127	6	
113	119	5	
432	436	2	
436	444	-6	
443	444	-2	
443	446	4	
438	446	-6	
432	438	4	
200	204	5	
202	204	5	
202	266	1	
266	268	5	
264	268	-6	
200	264	1	
41	45	-6	
45	53	-3	
50	53	5	
50	54	-3	
46	54	-1	
41	46	-4	
176	183	4	
177	183	-3	
177	241	-2	
241	244	-5	
240	244	-1	
176	240	-3	
329	333	-4	
333	341	2	
336	341	-3	
336	342	2	
334	342	-3	
329	334	5	
402	407	-6	
403	407	-3	
403	467	-5	
467	470	2	
466	470	5	
402	466	5	
283	284	3	
284	292	-4	
291	292	4	
291	294	5	
286	294	4	
283	286	-4	
81	86	-8	
86	94	-2	
91	94	-4	
91	95	5	
87	95	-4	
81	87	-3	
208	214	-4	
209	214	5	
209	273	1	
273	278	-7	
272	278	-2	
385	389	6	
386	389	3	
386	450	-3	
450	452	4	
449	452	-5	
385	449	3	
498	500	-5	
500	508	3	
504	508	5	
504	511	-5	
503	511	3	
498	503	-5	
304	311	-6	
307	311	3	
307	371	-3	
371	375	4	
368	375	5	
304	368	-2	
344	349	6	
349	357	-4	
352	357	-5	
352	358	7	
350	358	-3	
344	350	-4	
154	156	3	
156	164	2	
161	164	5	
161	167	-5	
159	167	3	
154	159	-4	
98	100	4	
100	108	3	
104	108	-5	
104	111	4	
103	111	5	
98	103	-5	
9	13	-4	
19	21	-3	
19	22	-2	
14	22	1	
9	14	5	
24	28	3	
28	36	-4	
34	36	3	
34	38	-4	
30	38	2	
24	30	-5	
419	422	3	
419	483	5	
483	487	5	
481	487	3	
417	481	5	
234	237	-4	
235	237	6	
235	299	2	
299	301	-5	
298	301	-6	
234	298	-3	
314	318	5	
315	318	4	
315	379	2	
379	383	3	
378	383	6	
314	378	-4	
57	61	3	
59	61	7	
59	123	1	
123	125	7	
121	125	4	
57	121	-3	
393	397	-6	
394	397	-5	
394	458	5	
458	460	6	
457	460	6	
393	457	-5	
138	141	-4	
146	149	-4	
146	150	3	
142	150	-2	
138	142	-4	
161	165	-3	
165	173	-3	
171	173	-3	
171	174	-5	
166	174	3	
161	166	-1	
217	220	-3	
218	221	5	
218	223	-2	
217	223	-4	
489	492	-4	
490	492	4	
490	494	-7	
491	494	5	
491	495	4	
129	132	5	
130	132	5	
194	199	6	
193	199	3	
129	193	-2	
411	412	3	
411	414	4	
410	414	-3	
409	415	-4	
256	262	5	
262	270	4	
266	270	3	
266	271	4	
263	271	4	
256	263	-5	
185	188	2	
186	188	-6	
186	189	-5	
184	191	-5	
185	191	-7	
128	134	-6	
131	134	-3	
195	197	5	
192	197	-5	
128	192	-3	
232	237	-4	
237	245	3	
243	245	4	
239	247	-2	
232	239	-5	
3	4	8	
4	12	-1	
9	12	-7	
6	14	2	
3	6	-6	
26	29	4	
29	37	4	
33	37	3	
31	39	-2	
26	31	4	
16	20	3	
18	20	3	
18	82	-4	
80	84	3	
16	80	4	
51	53	3	
47	55	3	
41	47	5	
442	447	-5	
442	506	3	
441	505	3	
99	102	-3	
102	110	-3	
104	110	-4	
99	103	4	
432	437	4	
433	438	-3	
434	438	-4	
432	439	4	
321	324	-5	
323	324	-5	
323	327	-3	
320	326	-3	
168	172	5	
170	172	-3	
170	173	7	
169	173	4	
169	175	-6	
112	116	4	
114	116	3	
114	178	-1	
176	181	-6	
112	176	4	
448	452	4	
451	452	5	
450	453	-4	
450	454	3	
448	454	-7	
74	77	-2	
72	78	-5	
73	79	3	
336	343	5	
337	343	4	
400	405	5	
336	400	2	
210	214	-3	
211	214	-4	
211	275	-1	
274	279	2	
419	420	4	
420	428	-4	
424	428	-4	
421	429	-3	
419	421	4	
473	476	4	
475	477	2	
472	478	-5	
306	308	4	
304	309	-3	
304	310	-4	
305	310	5	
281	285	2	
283	285	2	
283	347	-4	
345	351	3	
281	345	3	
289	295	2	
291	295	4	
291	355	-3	
355	356	-5	
289	353	4	
312	316	6	
314	316	-4	
314	319	-3	
315	319	-3	
315	317	4	
267	331	-5	
329	332	3	
265	329	7	
148	156	-3	
154	158	4	
150	158	4	
147	150	6	
259	262	-4	
257	262	5	
257	263	-5	
258	263	-3	
251	252	3	
250	255	-4	
249	254	-4	
226	229	-1	
226	230	-3	
224	231	4	
456	461	4	
457	461	3	
457	462	-4	
459	462	8	
459	463	-5	
497	500	-4	
498	501	5	
497	502	-7	
368	373	3	
369	375	4	
388	396	5	
392	396	-4	
392	398	5	
390	398	-5	
384	390	5	
179	182	4	
187	191	-4	
183	191	3	
179	183	-4	
483	484	-4	
483	486	-6	
481	486	-3	
481	485	-5	
482	485	5	
465	468	-4	
467	468	-6	
467	469	4	
464	471	-5	
200	205	3	
201	205	3	
203	207	-5	
200	207	4	
290	293	-2	
290	354	-3	
354	358	4	
288	352	2	
66	68	-5	
67	68	4	
64	71	5	
64	70	-2	
66	70	-3	
298	300	3	
298	362	-2	
362	367	5	
361	367	-3	
297	361	-3	
90	95	4	
88	95	2	
88	94	3	
89	94	-5	
17	23	-2	
19	23	7	
19	83	3	
83	86	2	
17	81	-3	
233	236	5	
236	244	-2	
242	244	-5	
242	246	-3	
238	246	-3	
218	222	3	
218	282	3	
280	287	-2	
57	60	5	
58	61	-5	
56	61	-5	
57	62	-2	
43	44	7	
43	107	5	
42	106	4	
113	117	6	
117	125	-6	
120	125	-3	
118	126	-4	
113	118	2	
377	383	-6	
376	382	-6	
146	151	5	
146	210	-3	
210	212	5	
209	212	4	
145	209	4	
338	342	-5	
339	342	3	
403	404	2	
402	404	4	
338	402	2	
387	389	4	
389	397	-4	
393	399	2	
391	399	-4	
346	349	5	
346	410	3	
408	414	-5	
344	408	-4	
440	446	-3	
443	507	-3	
507	508	4	
440	504	-3	
363	364	-5	
363	427	2	
425	430	-4	
96	100	2	
97	100	-4	
97	161	-2	
160	167	5	
96	160	1	
133	141	2	
139	141	-2	
139	143	4	
135	143	-2	
128	135	6	
3	5	2	
3	67	4	
67	69	-1	
1	65	4	
11	13	-3	
11	14	6	
10	14	-5	
8	15	-6	
275	276	3	
275	278	-3	
273	277	-4	
272	277	-3	
491	493	-5	
488	493	4	
296	301	4	
298	303	3	
297	303	3	
330	333	5	
330	335	2	
328	335	6	
153	156	-4	
155	156	-3	
155	158	-5	
152	158	1	
152	157	-5	
50	52	5	
48	53	-4	
49	55	4	
33	36	-5	
35	36	-3	
35	37	4	
32	38	3	
33	38	4	
24	29	-5	
25	29	3	
25	31	-3	
195	196	-4	
196	204	-2	
200	206	4	
198	206	-2	
219	223	6	
215	223	3	
211	215	4	
405	413	3	
411	413	-4	
406	414	-4	
401	406	5	
73	76	-3	
74	76	-6	
74	138	-4	
138	143	-4	
137	143	5	
98	101	2	
99	163	-3	
98	162	2	
416	422	6	
418	482	5	
416	480	-5	
115	116	5	
120	124	6	
120	127	2	
115	119	3	
435	436	3	
440	444	-3	
440	445	3	
437	445	-5	
258	261	-7	
259	261	-3	
453	461	-3	
458	461	4	
458	463	-5	
455	463	2	
450	455	6	
41	105	-4	
40	104	-5	
337	340	4	
340	348	3	
346	348	-5	
342	350	-2	
337	342	5	
184	188	4	
186	250	-3	
184	248	-2	
282	284	-3	
288	292	-4	
285	293	4	
179	180	-4	
243	246	1	
241	246	-5	
0	5	-6	
362	365	4	
427	431	2	
193	197	-4	
194	197	-4	
192	199	5	
16	21	-5	
228	236	-3	
233	239	-4	
231	239	2	
307	310	-3	
370	374	-2	
306	370	2	
470	478	1	
475	478	-5	
471	479	-4	
466	471	-2	
131	132	6	
130	134	-6	
130	133	-5	
499	500	-5	
501	509	-3	
499	501	3	
251	315	3	
313	317	-3	
249	313	3	
353	359	-3	
353	357	-2	
354	357	-4	
265	268	4	
268	276	2	
274	277	2	
269	277	-1	
171	175	4	
169	174	2	
90	92	-4	
90	154	3	
154	157	3	
59	62	4	
58	63	-4	
57	63	5	
385	388	-5	
387	388	-3	
384	389	3	
144	149	-4	
147	149	1	
144	151	5	
399	407	2	
72	77	5	
136	142	-5	
72	136	2	
320	325	5	
325	333	5	
328	333	-3	
327	335	-3	
451	455	3	
226	290	-3	
225	289	3	
105	109	-3	
107	111	2	
106	111	-4	
50	114	-4	
114	117	4	
49	113	-2	
502	510	-1	
506	511	4	
496	503	-3	
256	260	-4	
260	268	3	
341	349	-1	
347	349	-3	
343	351	2	
339	343	3	
300	308	-1	
307	308	4	
307	309	3	
301	309	-3	
43	45	-1	
42	45	-4	
40	46	-3	
234	238	3	
234	239	2	
417	421	4	
201	204	6	
378	380	2	
376	383	4	
82	85	1	
85	93	3	
91	93	-2	
278	286	1	
283	287	-6	
273	279	-5	
441	446	-5	
439	447	3	
313	318	-3	
312	319	4	
424	430	-2	
425	489	-2	
424	488	3	
123	187	-1	
216	220	-3	
216	223	4	
209	215	4	
242	245	-2	
240	247	5	
241	247	2	
468	476	2	
469	477	-3	
344	348	-2	
345	409	1	
408	412	-5	
15	23	-1	
9	15	-3	
32	36	-4	
35	38	5	
34	39	-4	
32	39	-2	
89	92	-3	
92	100	-3	
94	102	3	
305	369	1	
368	374	-4	
162	165	-6	
163	165	3	
163	166	-4	
162	167	-2	
172	180	-1	
178	180	-5	
178	182	3	
174	182	2	
168	174	-5	
51	54	-5	
51	115	3	
112	118	2	
48	112	-3	
81	84	1	
78	86	-3	
281	284	3	
280	284	5	
27	28	-3	
27	29	3	
24	31	3	
64	69	5	
292	300	-4	
296	300	-4	
295	303	3	
322	386	-2	
386	391	5	
385	391	2	
321	385	-1	
181	189	-2	
186	190	-5	
176	182	-3	
261	269	3	
397	405	-2	
394	398	1	
145	148	2	
209	213	-2	
208	213	5	
144	208	-2	
418	420	-4	
442	444	4	
364	372	3	
368	372	-5	
367	375	3	
427	428	-5	
427	491	3	
490	495	-2	
426	490	-2	
336	340	5	
400	407	-4	
411	475	5	
409	473	5	
218	220	4	
220	228	2	
224	228	-3	
221	229	4	
18	21	-4	
16	22	4	
251	254	-2	
248	255	-4	
324	332	3	
330	332	-3	
504	509	-3	
505	509	-4	
507	510	4	
504	510	4	
101	109	-3	
97	103	-1	
1	6	4	
2	66	-4	
152	156	-5	
153	159	2	
155	157	-3	
466	468	-3	
465	469	-4	
498	502	-2	
56	60	-4	
353	358	4	
121	124	4	
123	126	-2	
129	134	-3	
11	12	2	
267	270	4	
264	328	-3	
371	435	-2	
368	432	-1	
477	485	-2	
480	486	-3	
478	486	3	
298	302	-3	
361	365	-6	
452	460	-2	
456	460	-4	
454	462	-3	
115	179	2	
410	412	-2	
411	415	4	
425	429	-4	
418	421	4	
210	213	2	
75	76	-3	
75	79	-6	
73	78	-1	
202	206	1	
274	278	5	
88	93	-4	
93	101	-2	
96	101	-3	
266	330	-5	
225	229	3	
289	292	-2	
224	288	2	
48	52	4	
49	53	-3	
258	262	-2	
177	181	-5	
187	189	-4	
162	166	4	
403	406	-4	
476	484	-4	
481	484	-4	
479	487	3	
474	479	2	
488	495	-5	
347	350	4	
280	344	-2	
83	84	6	
107	110	-4	
151	159	-3	
441	445	-3	
299	302	-3	
302	310	2	
303	311	2	
38	46	2	
39	47	3	
244	252	-4	
247	255	-3	
227	291	2	
25	30	4	
27	91	-4	
434	498	-3	
432	496	-5	
281	287	3	
197	205	2	
199	207	-2	
147	151	-2	
168	173	2	
184	190	3	
185	190	-3	
315	316	-4	
369	373	-4	
370	375	3	
449	453	2	
491	492	3	
489	494	-2	
323	326	3	
95	103	2	
352	416	1	
356	364	-1	
354	359	-2	
17	22	-5	
81	85	-4	
505	508	-4	
69	77	4	
71	79	-3	
10	13	-3	
467	471	-3	
108	116	2	
110	118	-1	
235	239	5	
232	296	-3	
435	499	3	
433	497	-3	
273	276	-2	
276	284	-2	
280	285	-2	
214	222	2	
219	222	-4	
331	334	-4	
42	47	2	
259	263	-3	
137	141	-3	
0	64	-4	
19	20	5	
20	28	-2	
401	404	-4	
404	412	-3	
407	415	2	
401	407	-3	
410	413	2	
408	413	2	
472	479	-3	
426	429	3	
425	431	-3	
379	380	5	
441	444	-3	
226	231	-2	
227	230	3	
304	308	-2	
305	309	3	
293	301	1	
297	301	3	
294	302	2	
288	294	-2	
194	196	-1	
193	198	4	
96	103	3	
394	396	2	
67	131	1	
129	135	-3	
365	373	2	
24	88	4	
466	469	3	
400	464	-2	
473	477	-5	
80	86	2	
80	87	3	
217	221	-3	
282	286	-1	
232	238	3	
490	493	5	
352	359	4	
16	23	2	
290	292	2	
291	293	2	
248	254	-5	
248	312	1	
160	164	3	
322	327	-3	
321	325	2	
170	174	-3	
146	148	-4	
82	146	1	
264	269	2	
328	332	-3	
270	278	-2	
271	279	1	
506	508	-4	
56	120	-2	
178	183	-4	
10	12	4	
435	438	2	
433	439	-2	
409	414	-1	
90	94	-3	
89	153	2	
113	177	-3	
250	314	1	
314	317	3	
243	307	4	
240	304	-3	
392	397	3	
219	283	-1	
372	380	-2	
374	382	-3	
145	150	3	
54	62	-3	
55	63	3	
99	100	-4	
97	102	4	
443	447	-3	
70	78	-2	
175	183	-2	
257	260	-4	
257	321	-1	
40	45	-4	
105	111	-4	
241	245	-2	
306	311	-3	
348	356	-2	
351	359	3	
2	4	2	
81	145	-1	
329	335	-2	
203	204	1	
52	60	4	
53	61	2	
457	463	2	
417	420	-2	
68	76	3	
225	228	-1	
161	225	2	
480	484	-2	
243	244	3	
241	305	2	
106	108	2	
147	211	-3	
275	339	1	
338	341	3	
274	338	-3	
149	157	-2	
144	150	-2	
492	500	-2	
494	502	2	
313	377	3	
187	251	-3	
320	384	1	
272	279	3	
273	337	-3	
272	336	-3	
229	237	-2	
186	191	-1	
250	252	3	
185	249	2	
387	451	-3	
384	448	3	
208	212	-3	
464	470	3	
331	333	-1	
230	238	-1	
36	44	-1	
369	433	-2	
163	167	-3	
138	202	-4	
136	200	-3	
83	87	1	
82	86	-3	
104	109	3	
50	55	1	
121	127	3	
385	390	1	
287	295	-2	
37	45	2	
422	430	1	
153	217	2	
152	216	2	
326	334	-3	
192	198	1	
249	253	-2	
482	487	-4	
131	133	2	
299	363	1	
493	501	-1	
375	383	-1	
242	306	-1	
8	72	2	
164	172	-2	
167	175	2	
370	434	-1	
222	230	-3	
495	503	1	
265	271	3	
21	29	1	
26	30	2	
195	199	2	
392	456	2	
139	203	3	
442	446	-2	
355	419	2	
233	297	-2	
434	437	-2	
173	181	1	
312	376	-1	
472	476	-3	
496	500	1	
345	349	1	
344	351	-2	
8	14	1	
128	132	2	
216	221	3	
111	119	-1	
154	218	3	
429	437	1	
430	438	-1	
84	92	1	
256	320	2	
414	422	1	
402	405	2	
205	213	1	
206	214	2	
266	269	-2	
223	231	-1	
233	237	-1	
401	465	-2	
371	372	1	
235	236	1	
89	95	-1	
402	406	-1	
5	13	-1	
339	340	-2	
137	201	2	
160	224	1	
355	358	-2	
155	219	-1	
41	44	1	
65	71	-2	
352	356	-1	
204	212	-1	
9	73	-1	
44	52	-1	
105	169	-1	
104	168	1	
282	346	1	
329	393	-1	
Energy:	-3772	
