NumberOfQubits	504	
NumberOfSubgraphs	588	
Serial	153	
PlantedSolution:	
0	1	
1	1	
2	1	
3	-1	
4	-1	
5	-1	
6	-1	
8	-1	
9	-1	
10	1	
11	1	
12	-1	
13	-1	
14	-1	
15	-1	
16	-1	
17	-1	
18	-1	
19	-1	
20	-1	
21	1	
22	1	
23	-1	
24	-1	
25	-1	
26	-1	
27	1	
28	1	
29	-1	
30	-1	
31	1	
32	-1	
33	-1	
34	1	
35	1	
36	-1	
37	1	
38	-1	
39	-1	
40	-1	
41	1	
42	-1	
43	1	
44	1	
45	1	
46	-1	
47	1	
48	-1	
49	-1	
50	1	
51	-1	
52	1	
53	1	
54	-1	
55	1	
56	1	
57	-1	
58	-1	
59	1	
60	1	
61	-1	
62	1	
63	-1	
64	-1	
65	-1	
66	1	
67	-1	
68	1	
69	-1	
70	1	
71	-1	
72	1	
73	1	
74	1	
75	-1	
76	1	
77	-1	
78	1	
79	1	
80	1	
81	1	
82	1	
83	-1	
84	-1	
85	1	
86	1	
87	-1	
88	1	
89	1	
90	-1	
91	1	
92	1	
93	-1	
94	1	
95	-1	
96	1	
97	-1	
98	1	
99	1	
100	1	
101	-1	
102	1	
103	-1	
104	1	
105	-1	
106	-1	
107	1	
108	1	
109	1	
110	1	
111	1	
112	-1	
113	-1	
114	-1	
115	1	
116	-1	
117	1	
118	-1	
119	-1	
120	1	
121	1	
123	-1	
124	-1	
125	1	
126	-1	
127	-1	
128	1	
129	1	
130	-1	
131	-1	
132	-1	
133	-1	
134	-1	
135	1	
136	-1	
137	1	
138	-1	
139	1	
141	1	
142	1	
143	-1	
144	-1	
145	1	
146	1	
147	-1	
148	-1	
149	-1	
150	1	
151	-1	
152	-1	
153	1	
154	-1	
155	1	
156	-1	
157	1	
158	-1	
159	-1	
160	-1	
161	1	
162	-1	
163	-1	
164	1	
165	1	
166	1	
167	-1	
168	1	
169	1	
170	-1	
171	-1	
172	1	
173	-1	
174	-1	
175	1	
176	-1	
177	-1	
178	1	
179	1	
180	1	
181	-1	
182	1	
183	-1	
184	1	
185	-1	
186	1	
187	-1	
188	1	
189	1	
190	1	
191	-1	
192	-1	
193	-1	
194	1	
195	1	
196	1	
197	-1	
198	1	
199	1	
200	-1	
201	-1	
202	1	
203	1	
204	-1	
205	-1	
206	1	
207	-1	
208	-1	
209	-1	
210	-1	
211	-1	
212	-1	
213	-1	
214	-1	
215	1	
216	1	
217	1	
218	-1	
219	1	
220	-1	
221	-1	
222	-1	
223	1	
224	-1	
225	-1	
226	-1	
227	1	
228	1	
229	1	
230	1	
231	-1	
232	1	
233	-1	
234	1	
235	1	
236	-1	
237	-1	
238	1	
239	-1	
240	1	
241	1	
242	-1	
243	1	
244	1	
245	-1	
246	-1	
247	-1	
248	-1	
249	1	
250	1	
251	-1	
252	1	
253	1	
254	-1	
255	-1	
256	-1	
257	-1	
258	-1	
259	-1	
260	1	
261	1	
262	1	
263	-1	
264	-1	
265	-1	
266	-1	
267	1	
268	-1	
269	1	
270	1	
271	-1	
272	-1	
273	1	
274	1	
275	-1	
276	-1	
277	1	
278	-1	
279	1	
280	-1	
281	-1	
282	-1	
283	-1	
284	-1	
285	1	
286	-1	
287	1	
288	1	
289	-1	
290	1	
291	1	
292	-1	
293	-1	
294	1	
295	-1	
296	1	
297	-1	
298	-1	
299	-1	
300	-1	
301	1	
302	-1	
303	1	
304	-1	
305	1	
306	1	
307	-1	
308	1	
309	-1	
310	-1	
311	1	
312	-1	
313	1	
314	-1	
315	1	
316	-1	
317	-1	
318	1	
319	-1	
320	1	
321	1	
322	-1	
323	-1	
324	-1	
325	-1	
326	1	
327	-1	
328	1	
329	-1	
330	1	
331	1	
332	1	
333	-1	
334	-1	
335	-1	
336	-1	
337	1	
338	-1	
339	1	
340	-1	
341	1	
342	1	
343	-1	
344	1	
345	1	
346	-1	
347	-1	
348	-1	
349	1	
350	1	
351	-1	
352	-1	
353	-1	
354	-1	
355	1	
356	1	
357	-1	
358	1	
359	-1	
361	1	
362	1	
363	-1	
364	1	
365	-1	
367	-1	
368	-1	
369	-1	
370	-1	
371	1	
372	1	
373	-1	
374	1	
375	-1	
376	-1	
377	-1	
378	1	
379	-1	
380	1	
382	-1	
383	1	
384	-1	
385	1	
386	-1	
387	-1	
388	1	
389	1	
390	-1	
391	1	
392	-1	
393	-1	
394	-1	
396	1	
397	1	
398	1	
399	1	
400	-1	
401	-1	
402	1	
403	-1	
404	-1	
405	-1	
406	1	
407	1	
408	-1	
409	-1	
410	-1	
411	-1	
412	-1	
413	-1	
414	1	
415	-1	
416	-1	
417	1	
418	-1	
419	1	
420	1	
421	1	
422	1	
424	-1	
425	1	
426	-1	
427	-1	
428	1	
429	1	
430	-1	
431	1	
432	1	
433	-1	
434	1	
435	1	
436	1	
437	1	
438	1	
439	1	
440	-1	
441	-1	
442	-1	
443	-1	
444	-1	
445	-1	
446	1	
447	-1	
448	-1	
449	-1	
450	1	
451	-1	
452	-1	
453	1	
454	-1	
455	-1	
456	-1	
457	-1	
458	1	
459	1	
460	1	
461	1	
462	1	
463	1	
464	1	
465	1	
466	-1	
467	-1	
468	1	
469	1	
470	1	
471	1	
472	1	
473	-1	
474	1	
475	-1	
476	1	
477	-1	
478	1	
479	1	
480	-1	
481	1	
482	-1	
483	-1	
484	1	
485	-1	
486	-1	
487	1	
488	1	
489	-1	
490	-1	
491	1	
492	-1	
493	-1	
494	1	
495	1	
496	-1	
497	-1	
498	-1	
499	1	
500	1	
501	-1	
502	-1	
503	-1	
504	-1	
505	-1	
506	1	
507	-1	
508	-1	
509	1	
510	-1	
511	1	
Js:	
434	436	-2	
435	436	-3	
435	437	-2	
432	437	-3	
432	439	3	
434	439	-2	
208	212	-3	
209	212	-4	
209	215	5	
211	215	3	
211	213	-3	
208	213	-4	
48	52	2	
51	52	3	
51	54	2	
50	54	4	
50	53	-2	
48	53	4	
225	228	3	
227	228	-2	
227	230	-2	
224	230	1	
224	229	-4	
225	229	4	
65	68	2	
67	68	-2	
67	71	-3	
64	71	-1	
64	70	4	
65	70	4	
298	300	-3	
300	308	2	
306	308	-3	
306	311	3	
303	311	-2	
298	303	4	
201	204	-3	
203	204	3	
203	267	-1	
267	271	4	
265	271	2	
201	265	-2	
282	285	3	
283	285	-4	
283	347	-2	
347	348	-4	
346	348	-4	
282	346	-1	
393	397	4	
397	405	4	
401	405	-4	
401	407	2	
399	407	1	
393	399	3	
384	389	4	
387	389	5	
387	451	-3	
451	452	-3	
448	452	-2	
384	448	3	
185	189	2	
187	189	-4	
187	190	3	
184	190	-4	
184	191	2	
185	191	-4	
192	196	3	
194	196	-3	
194	198	-2	
195	198	-4	
195	199	-3	
192	199	3	
176	180	2	
177	180	3	
177	183	-2	
178	183	3	
178	181	4	
176	181	-3	
417	420	-4	
419	420	-3	
419	483	4	
483	486	2	
481	486	4	
417	481	-4	
105	109	3	
109	117	-3	
112	117	2	
112	118	-4	
110	118	2	
105	110	4	
16	20	-3	
18	20	-2	
18	21	5	
19	21	-3	
19	22	4	
16	22	3	
56	60	-5	
57	60	5	
57	61	-5	
59	61	-4	
59	62	-4	
56	62	-5	
314	316	-4	
315	316	-2	
315	317	3	
312	317	-6	
312	319	-2	
314	319	-3	
160	165	3	
161	165	-3	
161	167	2	
163	167	-4	
163	166	3	
160	166	2	
33	36	-3	
35	36	-2	
35	99	-2	
99	100	-2	
97	100	4	
33	97	-2	
9	13	-4	
10	13	3	
10	74	-4	
74	78	4	
73	78	-3	
9	73	2	
152	157	3	
154	157	2	
154	159	-5	
153	159	3	
153	158	3	
152	158	2	
329	333	-3	
333	341	-1	
337	341	-4	
337	342	-3	
334	342	3	
329	334	-4	
41	45	-6	
43	45	-3	
43	47	-4	
40	47	1	
40	46	-3	
41	46	-4	
368	373	-4	
370	373	-3	
370	375	-2	
369	375	-4	
369	374	-3	
368	374	4	
128	132	-4	
131	132	-4	
131	135	3	
129	135	-1	
129	133	4	
128	133	2	
465	468	-4	
466	468	2	
466	470	4	
464	470	-1	
464	469	-5	
465	469	1	
352	356	3	
353	356	2	
353	358	3	
355	358	-4	
355	359	3	
352	359	-2	
424	428	-3	
427	428	5	
427	431	4	
425	431	-1	
425	429	-3	
424	429	3	
233	237	-5	
237	245	2	
242	245	-3	
242	247	-4	
239	247	-2	
233	239	-3	
440	445	-3	
442	445	-3	
442	447	-4	
443	447	-3	
443	446	3	
440	446	-3	
121	125	-4	
123	125	3	
123	126	-2	
120	126	6	
120	127	4	
121	127	-3	
488	492	5	
492	500	-1	
499	500	-4	
499	503	3	
495	503	2	
488	495	-2	
80	84	3	
82	84	-2	
82	85	-4	
81	85	-3	
81	87	3	
80	87	4	
259	260	3	
260	268	3	
266	268	2	
266	270	4	
262	270	-3	
259	262	3	
272	276	-4	
274	276	-1	
274	338	3	
338	343	-2	
336	343	-3	
272	336	-3	
473	476	-3	
475	476	3	
475	479	3	
474	479	-3	
474	477	4	
473	477	-4	
88	92	-5	
91	92	-3	
91	94	-4	
89	94	-4	
89	93	-4	
88	93	2	
138	141	1	
141	149	3	
145	149	3	
145	150	-4	
142	150	1	
138	142	5	
289	292	-4	
290	292	-2	
290	293	2	
288	293	5	
288	294	-3	
289	294	2	
378	380	-5	
379	380	3	
379	382	-4	
377	382	-3	
377	383	3	
378	383	4	
168	172	-4	
169	172	-3	
169	175	-3	
170	175	-4	
170	173	-5	
168	173	5	
385	388	-3	
388	396	-4	
394	396	3	
394	398	3	
390	398	3	
385	390	2	
26	28	5	
27	28	-2	
27	29	4	
24	29	-3	
24	30	-4	
26	30	-3	
216	220	2	
219	220	3	
219	223	-3	
218	223	-2	
218	221	-4	
216	221	3	
280	284	-4	
281	284	-3	
281	345	3	
345	350	-5	
344	350	-3	
280	344	-2	
320	325	4	
321	325	4	
321	327	3	
322	327	-4	
322	326	1	
320	326	3	
240	246	-2	
243	246	5	
243	307	3	
307	309	-4	
304	309	-1	
240	304	5	
408	412	-1	
410	412	4	
410	413	-5	
409	413	-4	
409	415	-3	
408	415	-6	
457	460	3	
458	460	-5	
458	462	-4	
456	462	-3	
456	461	3	
457	461	5	
0	4	3	
1	4	-4	
1	5	4	
3	5	-4	
3	6	-5	
0	6	6	
8	12	-3	
11	12	3	
11	75	3	
75	76	2	
72	76	-6	
8	72	3	
248	252	-2	
251	252	3	
251	253	4	
249	253	-2	
249	254	4	
248	254	-1	
297	301	5	
299	301	3	
299	363	-2	
363	365	-5	
361	365	4	
297	361	-1	
506	509	5	
507	509	4	
507	510	-2	
505	510	-3	
505	511	4	
506	511	-2	
490	493	-2	
493	501	-3	
496	501	-5	
496	502	4	
494	502	2	
490	494	4	
107	108	-4	
108	116	3	
115	116	4	
115	119	5	
111	119	2	
107	111	-4	
416	421	-4	
418	421	2	
418	482	-4	
482	487	3	
480	487	5	
416	480	-2	
32	37	4	
34	37	-3	
34	98	-2	
98	102	-3	
96	102	-3	
32	96	-2	
256	260	2	
257	260	3	
257	261	-2	
258	261	5	
258	263	-2	
256	263	-4	
136	143	-2	
138	143	-2	
138	202	3	
202	207	2	
200	207	-2	
136	200	5	
385	391	-3	
386	391	3	
386	450	-1	
450	453	-4	
449	453	3	
385	449	3	
234	236	-3	
235	236	5	
235	239	1	
232	239	4	
232	238	-4	
234	238	-2	
330	332	-2	
332	340	2	
339	340	3	
339	343	3	
335	343	-2	
330	335	5	
146	151	4	
147	151	-2	
147	211	-1	
211	214	2	
210	214	-3	
146	210	3	
403	404	-3	
404	412	-3	
411	412	-2	
411	414	4	
406	414	-2	
403	406	2	
273	278	-4	
278	286	-3	
282	286	-4	
282	287	1	
279	287	-4	
273	279	-1	
362	364	-5	
364	372	-1	
371	372	-3	
371	375	3	
367	375	1	
362	367	3	
155	156	3	
156	164	2	
162	164	4	
162	167	-3	
159	167	-1	
155	159	-2	
90	93	-4	
93	101	-3	
97	101	-3	
97	103	-2	
95	103	-2	
90	95	-4	
25	30	-4	
30	38	-1	
35	38	3	
35	39	2	
31	39	-4	
25	31	1	
40	44	5	
42	44	4	
42	106	-3	
106	109	-3	
104	109	-4	
40	104	2	
193	197	-3	
197	205	-2	
201	205	-3	
201	206	-1	
198	206	-2	
193	198	3	
426	429	3	
429	437	-2	
433	437	4	
433	438	2	
430	438	2	
426	430	2	
8	14	-2	
14	22	3	
17	22	3	
17	23	2	
15	23	-3	
8	15	-4	
264	269	-1	
267	269	-1	
267	331	-4	
331	333	3	
328	333	2	
264	328	4	
171	173	-1	
173	181	-2	
179	181	-1	
179	182	-5	
174	182	3	
171	174	-4	
249	255	3	
250	255	3	
250	314	1	
314	318	3	
313	318	-4	
249	313	1	
49	55	3	
50	55	-3	
50	114	3	
114	117	3	
113	117	3	
49	113	-4	
217	222	-2	
222	230	3	
226	230	4	
226	231	-3	
223	231	2	
217	223	-3	
80	86	-3	
83	86	3	
83	147	-3	
147	148	-5	
144	148	-2	
80	144	2	
451	454	-3	
454	462	3	
459	462	-3	
459	463	-6	
455	463	3	
451	455	1	
65	69	3	
66	69	2	
66	130	2	
130	134	-4	
129	134	4	
65	129	2	
347	349	-2	
349	357	2	
354	357	-3	
354	359	-4	
351	359	-2	
347	351	-3	
241	244	-4	
243	244	-2	
307	310	1	
305	310	4	
241	305	-2	
440	444	-2	
441	444	3	
441	505	-1	
505	508	-4	
504	508	-5	
440	504	-2	
291	294	-1	
294	302	-2	
296	302	3	
296	303	-2	
295	303	2	
291	295	3	
467	470	3	
470	478	-3	
472	478	-3	
472	479	-3	
471	479	3	
467	471	4	
73	77	4	
75	77	2	
75	139	1	
139	141	-4	
137	141	-3	
73	137	-2	
481	484	-2	
484	492	-1	
491	492	2	
491	493	3	
485	493	-1	
481	485	4	
185	188	5	
187	188	3	
187	191	-2	
186	191	3	
186	189	-3	
400	404	-4	
401	404	-1	
402	405	-3	
402	407	-3	
400	407	3	
273	276	-2	
275	276	-5	
275	278	-1	
274	278	5	
274	277	-2	
273	277	-3	
59	60	-1	
58	61	-4	
58	63	-5	
56	63	3	
322	324	-3	
323	324	-5	
323	326	4	
322	325	-2	
433	436	2	
434	498	3	
498	503	-5	
497	503	2	
433	497	-4	
66	68	-3	
68	76	-4	
72	79	2	
71	79	3	
66	71	3	
418	420	3	
420	428	-1	
425	428	-3	
425	430	5	
422	430	1	
418	422	-3	
328	334	3	
329	393	-2	
393	398	3	
392	398	3	
328	392	-1	
2	4	4	
2	5	4	
121	124	4	
123	124	-5	
120	125	-3	
121	126	2	
313	319	4	
313	377	3	
376	382	-4	
312	376	-3	
482	486	-3	
486	494	-1	
489	494	2	
489	495	4	
487	495	-1	
17	20	-4	
18	23	-4	
16	21	3	
272	277	2	
277	285	-2	
283	287	4	
272	279	3	
42	47	-3	
43	107	-2	
106	111	3	
218	220	-2	
220	228	5	
224	228	3	
221	229	2	
240	247	2	
242	306	2	
304	308	2	
96	100	-2	
98	100	-4	
99	102	4	
99	103	4	
96	103	3	
134	142	1	
139	142	-1	
139	143	4	
135	143	-2	
130	135	5	
88	94	-2	
91	155	-2	
155	157	4	
88	152	1	
186	190	2	
186	250	-3	
248	255	-4	
184	248	3	
49	52	-4	
51	115	2	
113	119	-3	
200	205	-2	
202	205	3	
202	266	-1	
264	270	4	
200	264	-2	
232	236	2	
235	238	-3	
233	238	-3	
232	237	2	
146	148	-2	
210	213	-3	
144	208	-2	
467	468	2	
464	471	3	
466	469	4	
413	421	3	
416	422	2	
414	422	-2	
410	414	2	
369	372	-3	
370	372	3	
370	374	3	
369	373	-3	
435	438	-3	
438	446	-2	
441	446	-2	
441	447	-2	
439	447	3	
435	439	-3	
456	460	-2	
459	461	-4	
456	463	3	
192	197	-3	
193	257	-2	
257	262	-4	
256	262	2	
192	256	-3	
386	388	-5	
387	388	2	
384	390	-5	
386	390	-1	
25	28	2	
26	31	4	
27	31	2	
25	29	-3	
355	356	3	
356	364	-2	
361	364	-4	
357	365	-2	
355	357	1	
497	500	4	
499	501	3	
497	502	-3	
474	476	-4	
476	484	-4	
480	484	-1	
480	485	-4	
477	485	-4	
449	452	-4	
450	452	3	
450	455	4	
448	455	-4	
448	453	3	
74	77	2	
77	85	-2	
82	87	2	
79	87	3	
74	79	-2	
9	12	-3	
11	15	4	
10	15	2	
10	14	4	
9	14	-4	
171	172	4	
172	180	-2	
179	180	-4	
288	292	3	
289	295	-3	
291	293	3	
338	340	-4	
339	342	-1	
336	342	2	
336	341	-3	
338	341	2	
154	156	-3	
161	164	3	
161	166	-3	
158	166	2	
154	158	-2	
442	444	-3	
443	444	-3	
443	507	-2	
442	506	1	
34	36	4	
32	38	-3	
33	38	-3	
409	473	-2	
473	478	3	
408	472	-5	
196	204	2	
203	207	2	
199	207	-2	
194	199	-4	
67	70	2	
67	131	-2	
131	133	-3	
64	128	-2	
296	300	-3	
299	300	-3	
297	302	-3	
162	165	2	
163	165	2	
163	227	3	
227	231	4	
162	226	2	
244	252	-3	
251	254	-3	
246	254	-4	
241	246	2	
261	269	-3	
265	269	5	
263	271	-3	
48	54	-4	
54	62	3	
58	62	2	
55	63	-3	
48	55	1	
104	110	-4	
105	169	2	
168	175	-2	
104	168	2	
324	332	3	
327	335	-2	
323	327	2	
112	116	-3	
114	116	1	
114	178	2	
176	183	-2	
112	176	-3	
305	309	3	
309	317	3	
315	318	-4	
310	318	2	
363	367	-3	
363	427	-2	
426	431	-4	
362	426	2	
392	396	5	
394	397	-2	
392	399	3	
209	214	-2	
214	222	-2	
219	222	3	
215	223	1	
83	84	3	
84	92	2	
89	92	-1	
86	94	-2	
379	383	4	
376	383	-1	
378	382	2	
145	151	1	
143	151	-2	
137	143	-2	
354	356	2	
354	358	2	
352	358	3	
352	357	3	
353	357	-3	
345	348	1	
346	349	3	
346	351	-2	
345	351	3	
506	510	4	
504	511	4	
403	407	3	
402	406	-3	
400	406	-2	
43	44	-2	
424	431	2	
426	490	-2	
488	494	-2	
424	488	3	
2	66	-3	
1	65	3	
152	156	-2	
153	156	3	
153	217	-3	
217	220	-2	
152	216	3	
99	101	-3	
257	263	-2	
259	263	3	
259	323	-2	
321	324	1	
257	321	1	
24	28	2	
28	36	2	
34	39	3	
24	31	2	
265	268	3	
268	276	-3	
275	277	2	
269	277	-3	
113	118	-2	
113	177	1	
177	181	-3	
307	308	4	
308	316	3	
311	319	2	
307	311	2	
468	476	1	
475	478	3	
465	470	-5	
52	60	-2	
53	61	2	
49	53	3	
106	108	2	
107	171	2	
171	175	2	
106	170	-2	
136	142	3	
202	206	-3	
200	206	2	
452	460	-2	
449	454	-2	
245	253	-3	
248	253	2	
247	255	-2	
19	83	-2	
81	84	3	
17	81	2	
235	299	2	
299	303	2	
234	298	2	
432	436	-3	
436	444	3	
441	445	-4	
437	445	2	
331	332	-4	
337	340	2	
331	334	-2	
489	492	3	
489	493	-3	
491	495	-3	
161	225	2	
160	224	-3	
120	124	1	
123	127	-3	
8	13	-2	
72	78	-1	
283	286	2	
286	294	1	
290	294	-3	
290	295	4	
287	295	2	
131	195	1	
192	198	3	
128	192	1	
144	150	-1	
145	209	2	
180	188	-2	
186	188	3	
183	191	-3	
179	183	3	
409	414	2	
371	374	-3	
371	435	3	
370	434	3	
498	501	-3	
499	502	2	
385	389	-1	
387	390	-1	
384	391	-2	
355	419	-1	
419	421	-2	
352	416	-2	
42	45	1	
45	53	-1	
51	53	2	
51	55	3	
47	55	-1	
315	379	2	
376	380	4	
292	300	-2	
297	300	-1	
293	301	2	
289	293	2	
98	101	2	
96	101	3	
97	102	-2	
469	477	1	
473	479	2	
466	471	2	
75	78	3	
78	86	-2	
82	86	-3	
75	79	3	
169	174	3	
170	174	-3	
146	150	-3	
150	158	3	
151	159	-2	
11	13	2	
13	21	-2	
16	23	-3	
339	403	2	
403	405	-2	
400	405	2	
336	400	-2	
282	284	3	
281	286	-2	
281	285	3	
280	285	2	
213	221	1	
216	222	3	
368	372	3	
371	373	4	
427	430	-1	
453	461	2	
114	118	4	
266	330	-2	
328	335	1	
193	196	-4	
195	196	-2	
194	197	4	
26	90	-1	
90	92	2	
24	88	-3	
443	445	2	
507	511	2	
363	364	2	
361	367	-5	
482	484	2	
483	484	4	
483	487	3	
482	485	2	
73	76	-2	
69	77	-2	
67	69	-3	
4	12	-2	
6	14	-1	
2	6	-3	
306	309	-2	
306	310	4	
304	310	-2	
304	311	3	
305	311	-2	
273	337	-3	
256	261	1	
258	322	1	
320	327	3	
256	320	2	
184	189	-4	
185	190	3	
204	212	3	
211	212	-3	
207	215	3	
201	207	-3	
234	237	2	
234	239	3	
394	399	3	
391	399	-4	
33	37	3	
35	37	-3	
32	39	-3	
353	359	-3	
354	418	-2	
417	422	-2	
353	417	1	
105	108	-3	
105	111	3	
27	91	-4	
91	95	3	
89	95	3	
25	89	-2	
153	157	-2	
155	219	-1	
344	351	-3	
344	349	-3	
267	268	2	
271	279	-1	
130	133	-4	
128	135	-3	
128	134	4	
411	415	-3	
411	475	-4	
472	476	-1	
314	378	2	
176	182	2	
177	182	2	
177	241	3	
241	245	3	
240	245	-2	
176	240	2	
434	438	-3	
498	500	-2	
392	397	3	
398	406	-2	
325	333	2	
326	334	1	
321	326	-3	
0	64	2	
139	203	-2	
203	205	3	
137	201	2	
83	85	2	
145	148	4	
81	145	2	
432	438	-2	
442	446	4	
41	44	-1	
44	52	-1	
46	54	-1	
225	231	1	
224	231	-3	
59	63	4	
57	62	2	
298	302	3	
232	296	-2	
249	252	-2	
250	253	-3	
258	260	3	
259	261	3	
491	494	-3	
457	462	1	
448	454	-2	
449	455	2	
464	468	-4	
467	469	3	
19	20	2	
18	22	1	
17	21	1	
507	508	-2	
504	510	-1	
291	292	4	
288	295	2	
3	67	-2	
82	146	1	
146	149	1	
144	149	-4	
226	228	-2	
218	222	-1	
136	141	2	
203	206	-3	
178	180	3	
345	349	-2	
264	268	1	
328	332	-3	
210	215	3	
211	275	-2	
275	279	3	
274	279	2	
210	274	1	
410	474	1	
474	478	2	
312	316	-4	
313	317	1	
160	164	3	
162	166	-2	
160	167	-2	
339	341	-2	
401	406	-3	
337	401	1	
129	132	3	
32	36	-2	
98	103	2	
322	386	-3	
321	385	-2	
501	509	-1	
505	509	2	
503	511	2	
301	309	1	
302	310	-1	
182	190	2	
424	430	-3	
11	14	2	
372	380	-1	
375	383	2	
283	284	-2	
280	287	2	
280	286	-2	
40	45	3	
41	47	-2	
42	46	-3	
195	197	2	
193	199	2	
362	365	3	
290	354	-1	
289	353	-2	
330	333	3	
330	394	-1	
416	420	2	
419	422	-4	
417	421	-3	
250	254	2	
185	249	2	
112	119	-1	
233	236	-2	
236	244	1	
242	244	3	
64	68	3	
72	77	2	
64	69	-2	
408	414	2	
475	477	-1	
472	477	2	
270	278	1	
265	270	2	
12	20	-2	
338	402	1	
402	404	-2	
451	453	2	
435	499	-2	
496	500	2	
432	496	3	
205	213	-3	
208	214	2	
206	214	3	
217	221	2	
217	281	2	
216	280	2	
83	87	-1	
80	85	-2	
393	396	1	
393	457	-3	
457	463	2	
392	456	1	
48	112	1	
305	308	2	
348	356	2	
350	358	-2	
346	350	2	
227	229	-2	
104	111	-1	
490	492	-2	
73	79	1	
74	138	1	
137	142	-3	
403	467	2	
465	471	-1	
401	465	3	
148	156	-1	
147	150	2	
377	441	-2	
376	440	-2	
291	355	2	
288	352	1	
58	60	3	
3	4	-3	
0	5	3	
266	271	-2	
331	335	1	
500	508	-1	
506	508	2	
502	510	-2	
178	242	2	
241	247	-2	
187	251	-2	
479	487	2	
34	38	-2	
38	46	-2	
43	46	1	
39	47	1	
195	259	2	
165	173	1	
167	175	2	
450	454	2	
275	339	1	
336	340	1	
144	151	3	
409	412	-3	
410	415	-2	
427	491	-1	
425	489	2	
219	221	2	
219	283	2	
218	282	-2	
313	316	1	
315	319	-3	
320	324	2	
130	132	1	
194	258	1	
258	262	2	
396	404	1	
374	382	1	
340	348	-2	
347	350	-1	
342	350	-3	
338	342	2	
163	164	-1	
20	28	1	
23	31	1	
19	23	-1	
243	247	2	
147	149	-1	
149	157	2	
155	158	2	
76	84	1	
152	159	-3	
154	218	-1	
216	223	-1	
266	269	1	
50	52	-2	
114	119	-1	
504	509	2	
57	63	1	
170	234	2	
169	233	3	
299	302	-2	
297	303	2	
490	495	2	
488	493	-2	
323	387	-1	
386	389	-1	
88	95	1	
480	486	-2	
478	486	2	
202	204	2	
200	204	-1	
33	39	1	
100	108	-1	
107	110	-1	
102	110	-2	
250	252	-2	
440	447	-2	
9	15	1	
433	439	2	
431	439	-1	
337	343	-1	
329	335	-3	
225	230	3	
402	466	2	
115	117	-1	
117	125	-2	
118	126	2	
115	118	2	
164	172	-1	
281	287	1	
264	271	-2	
314	317	1	
26	29	1	
41	105	-1	
235	237	2	
412	420	1	
16	80	2	
394	458	2	
133	141	1	
116	124	-2	
119	127	-2	
344	348	1	
157	165	1	
498	502	1	
240	244	-1	
18	82	2	
36	44	1	
400	464	1	
92	100	1	
428	436	-1	
387	391	-2	
56	61	-1	
226	229	1	
227	291	1	
226	290	2	
251	255	2	
168	174	1	
175	183	-1	
329	332	-2	
296	301	-2	
298	301	-1	
70	78	-1	
65	71	2	
113	116	1	
411	413	1	
434	437	-1	
90	94	-2	
90	154	-1	
106	110	1	
29	37	1	
238	246	1	
5	13	1	
208	272	-2	
341	349	-2	
343	351	-1	
407	415	2	
389	397	1	
171	235	-1	
27	30	2	
359	367	-2	
181	189	1	
497	501	-1	
459	460	-1	
460	468	-1	
463	471	-1	
229	237	-1	
230	238	-1	
243	245	1	
426	428	1	
427	429	1	
312	318	1	
1	6	1	
59	123	1	
57	121	-1	
104	108	1	
107	109	-1	
66	70	1	
368	375	-2	
10	12	-1	
458	461	-2	
276	284	1	
298	362	1	
377	380	-1	
85	93	1	
87	95	-1	
81	86	-1	
98	162	1	
97	161	1	
330	334	-1	
74	76	-1	
225	289	1	
305	369	1	
304	368	-1	
210	212	-1	
405	413	1	
99	163	1	
96	160	1	
179	243	1	
184	188	1	
228	236	1	
231	239	1	
458	463	-1	
379	443	-1	
378	442	-1	
131	134	1	
208	215	1	
209	273	1	
103	111	1	
284	292	1	
483	485	1	
Energy:	-2508	
