NumberOfQubits	504	
NumberOfSubgraphs	588	
Serial	488	
PlantedSolution:	
0	1	
1	1	
2	-1	
3	1	
4	-1	
5	1	
6	-1	
8	-1	
9	-1	
10	1	
11	-1	
12	1	
13	-1	
14	-1	
15	-1	
16	1	
17	-1	
18	1	
19	-1	
20	-1	
21	1	
22	1	
23	1	
24	-1	
25	1	
26	-1	
27	-1	
28	-1	
29	1	
30	-1	
31	1	
32	-1	
33	1	
34	1	
35	1	
36	1	
37	1	
38	1	
39	1	
40	1	
41	1	
42	1	
43	-1	
44	-1	
45	-1	
46	1	
47	1	
48	1	
49	1	
50	1	
51	-1	
52	1	
53	-1	
54	1	
55	1	
56	1	
57	1	
58	1	
59	-1	
60	1	
61	1	
62	1	
63	-1	
64	-1	
65	-1	
66	1	
67	-1	
68	-1	
69	1	
70	-1	
71	1	
72	1	
73	-1	
74	1	
75	1	
76	-1	
77	1	
78	1	
79	1	
80	-1	
81	-1	
82	-1	
83	1	
84	-1	
85	-1	
86	1	
87	-1	
88	1	
89	1	
90	-1	
91	1	
92	1	
93	-1	
94	-1	
95	1	
96	1	
97	1	
98	1	
99	-1	
100	-1	
101	1	
102	1	
103	-1	
104	1	
105	1	
106	1	
107	1	
108	1	
109	-1	
110	-1	
111	1	
112	1	
113	1	
114	1	
115	1	
116	1	
117	1	
118	-1	
119	-1	
120	1	
121	-1	
123	-1	
124	-1	
125	1	
126	-1	
127	1	
128	1	
129	-1	
130	1	
131	1	
132	-1	
133	-1	
134	1	
135	-1	
136	-1	
137	1	
138	1	
139	-1	
141	1	
142	1	
143	1	
144	1	
145	1	
146	-1	
147	1	
148	-1	
149	-1	
150	1	
151	1	
152	-1	
153	-1	
154	1	
155	1	
156	-1	
157	1	
158	1	
159	1	
160	1	
161	1	
162	1	
163	-1	
164	1	
165	1	
166	-1	
167	1	
168	1	
169	-1	
170	1	
171	-1	
172	1	
173	1	
174	-1	
175	-1	
176	-1	
177	1	
178	-1	
179	1	
180	-1	
181	-1	
182	-1	
183	1	
184	1	
185	1	
186	-1	
187	-1	
188	1	
189	-1	
190	1	
191	1	
192	-1	
193	-1	
194	-1	
195	-1	
196	-1	
197	1	
198	-1	
199	-1	
200	-1	
201	-1	
202	1	
203	1	
204	-1	
205	-1	
206	-1	
207	-1	
208	-1	
209	-1	
210	-1	
211	1	
212	-1	
213	-1	
214	-1	
215	1	
216	-1	
217	1	
218	-1	
219	1	
220	-1	
221	1	
222	-1	
223	-1	
224	-1	
225	-1	
226	1	
227	-1	
228	1	
229	-1	
230	-1	
231	1	
232	1	
233	1	
234	-1	
235	-1	
236	-1	
237	-1	
238	1	
239	-1	
240	1	
241	1	
242	1	
243	-1	
244	-1	
245	1	
246	-1	
247	1	
248	1	
249	1	
250	1	
251	-1	
252	-1	
253	1	
254	1	
255	1	
256	-1	
257	-1	
258	-1	
259	1	
260	1	
261	-1	
262	1	
263	-1	
264	1	
265	1	
266	1	
267	-1	
268	-1	
269	-1	
270	-1	
271	-1	
272	1	
273	-1	
274	-1	
275	-1	
276	1	
277	-1	
278	1	
279	1	
280	1	
281	1	
282	-1	
283	1	
284	-1	
285	1	
286	-1	
287	1	
288	-1	
289	1	
290	1	
291	-1	
292	-1	
293	-1	
294	1	
295	-1	
296	-1	
297	-1	
298	-1	
299	-1	
300	-1	
301	1	
302	-1	
303	1	
304	1	
305	-1	
306	-1	
307	-1	
308	1	
309	-1	
310	1	
311	-1	
312	1	
313	-1	
314	-1	
315	-1	
316	-1	
317	-1	
318	-1	
319	-1	
320	1	
321	1	
322	-1	
323	1	
324	-1	
325	1	
326	-1	
327	1	
328	1	
329	-1	
330	1	
331	1	
332	-1	
333	-1	
334	1	
335	1	
336	-1	
337	-1	
338	-1	
339	-1	
340	1	
341	-1	
342	1	
343	-1	
344	1	
345	1	
346	-1	
347	-1	
348	1	
349	1	
350	1	
351	1	
352	-1	
353	-1	
354	-1	
355	-1	
356	1	
357	-1	
358	1	
359	1	
361	1	
362	1	
363	-1	
364	-1	
365	-1	
367	1	
368	1	
369	1	
370	1	
371	-1	
372	-1	
373	-1	
374	1	
375	1	
376	-1	
377	-1	
378	1	
379	-1	
380	1	
382	-1	
383	-1	
384	1	
385	-1	
386	1	
387	-1	
388	1	
389	-1	
390	-1	
391	-1	
392	-1	
393	1	
394	-1	
396	1	
397	1	
398	-1	
399	1	
400	1	
401	1	
402	-1	
403	-1	
404	-1	
405	-1	
406	1	
407	-1	
408	1	
409	-1	
410	-1	
411	-1	
412	1	
413	1	
414	-1	
415	-1	
416	-1	
417	-1	
418	1	
419	1	
420	-1	
421	-1	
422	1	
424	1	
425	-1	
426	1	
427	-1	
428	1	
429	-1	
430	-1	
431	1	
432	-1	
433	1	
434	-1	
435	-1	
436	-1	
437	-1	
438	1	
439	1	
440	1	
441	-1	
442	-1	
443	-1	
444	1	
445	1	
446	1	
447	-1	
448	1	
449	1	
450	1	
451	1	
452	1	
453	-1	
454	1	
455	-1	
456	-1	
457	-1	
458	-1	
459	1	
460	1	
461	-1	
462	-1	
463	1	
464	-1	
465	1	
466	1	
467	-1	
468	1	
469	-1	
470	1	
471	-1	
472	-1	
473	1	
474	-1	
475	1	
476	1	
477	-1	
478	1	
479	-1	
480	1	
481	-1	
482	-1	
483	-1	
484	-1	
485	1	
486	-1	
487	1	
488	-1	
489	-1	
490	-1	
491	1	
492	1	
493	-1	
494	-1	
495	1	
496	-1	
497	-1	
498	-1	
499	1	
500	1	
501	1	
502	1	
503	-1	
504	-1	
505	1	
506	-1	
507	1	
508	-1	
509	-1	
510	1	
511	-1	
Js:	
26	29	4	
27	29	3	
27	31	5	
24	31	-3	
24	30	-2	
26	30	-3	
90	93	-3	
93	101	2	
99	101	4	
99	103	-4	
95	103	2	
90	95	-4	
337	340	3	
339	340	3	
339	343	-3	
336	343	-4	
336	341	-2	
337	341	1	
201	205	-2	
202	205	4	
202	266	-1	
266	271	-4	
265	271	3	
201	265	2	
80	84	3	
81	84	-4	
81	145	3	
145	149	2	
144	149	3	
80	144	2	
298	300	-3	
299	300	-3	
299	363	-2	
363	367	5	
362	367	-4	
298	362	2	
152	156	-2	
154	156	4	
154	157	-5	
155	157	-3	
155	158	2	
152	158	5	
96	102	4	
97	102	-2	
97	161	-3	
161	166	3	
160	166	2	
96	160	-2	
368	373	3	
370	373	4	
370	434	-2	
434	438	3	
432	438	3	
368	432	1	
288	295	-4	
291	295	-2	
291	355	-2	
355	359	3	
352	359	4	
288	352	-2	
449	452	-3	
452	460	-2	
459	460	2	
459	462	4	
454	462	3	
449	454	-5	
49	54	-2	
50	54	-2	
50	114	-5	
114	118	3	
113	118	4	
49	113	-3	
472	476	2	
473	476	-3	
473	478	-3	
474	478	3	
474	479	-3	
472	479	-3	
8	14	3	
14	22	2	
18	22	-2	
18	23	-4	
15	23	2	
8	15	-1	
42	45	5	
43	45	-3	
43	47	4	
40	47	2	
40	46	-5	
42	46	-3	
225	231	4	
226	231	-4	
226	290	2	
290	292	3	
289	292	4	
225	289	1	
66	70	1	
70	78	4	
74	78	-3	
74	79	-3	
71	79	2	
66	71	-4	
450	453	2	
453	461	-4	
456	461	-3	
456	463	4	
455	463	3	
450	455	5	
232	236	-5	
234	236	-2	
234	239	-2	
233	239	5	
233	237	3	
232	237	2	
320	327	-2	
323	327	-4	
323	387	2	
387	388	3	
384	388	-5	
320	384	-2	
488	494	3	
494	502	1	
497	502	4	
497	503	-4	
495	503	2	
488	495	2	
256	260	3	
260	268	4	
264	268	-1	
264	269	4	
261	269	-2	
256	261	-5	
506	508	-5	
507	508	4	
507	509	5	
505	509	2	
505	511	-5	
506	511	-2	
56	60	-4	
59	60	4	
59	63	-3	
58	63	5	
58	62	3	
56	62	-5	
178	181	-4	
181	189	-4	
187	189	-2	
187	190	-3	
182	190	3	
178	182	-2	
195	196	-3	
196	204	-4	
203	204	3	
203	207	3	
199	207	-3	
195	199	-3	
217	222	2	
219	222	3	
219	283	-2	
283	287	-3	
281	287	-4	
217	281	1	
345	351	-3	
346	351	2	
346	410	-1	
410	414	-4	
409	414	-3	
345	409	-1	
393	396	-2	
396	404	3	
402	404	-5	
402	406	3	
398	406	-1	
393	398	4	
424	428	-3	
427	428	2	
427	430	-2	
425	430	-4	
425	431	3	
424	431	-4	
313	317	-3	
314	317	-3	
314	318	-3	
315	318	-4	
315	319	-4	
313	319	-4	
257	263	-4	
258	263	2	
258	322	-2	
322	324	-3	
321	324	4	
257	321	2	
105	109	-2	
107	109	3	
107	171	1	
171	175	-3	
169	175	-2	
105	169	2	
208	212	-2	
211	212	-4	
211	213	2	
210	213	-3	
210	215	3	
208	215	4	
329	333	-3	
330	333	3	
330	335	-4	
328	335	-3	
328	334	-3	
329	334	4	
272	276	-4	
274	276	4	
274	277	-3	
275	277	-4	
275	279	-3	
272	279	-3	
305	308	4	
306	308	4	
306	310	2	
304	310	-3	
304	309	4	
305	309	2	
72	76	3	
73	76	-5	
73	137	3	
137	141	-3	
136	141	4	
72	136	4	
480	484	3	
482	484	-4	
482	485	-3	
483	485	5	
483	487	2	
480	487	-5	
65	68	-4	
67	68	-2	
67	131	2	
131	133	3	
129	133	2	
65	129	-2	
242	245	-4	
245	253	-3	
248	253	-4	
248	254	3	
246	254	5	
242	246	4	
32	36	3	
35	36	-2	
35	39	-4	
34	39	-3	
34	37	-5	
32	37	-2	
489	492	4	
492	500	1	
496	500	4	
496	501	2	
493	501	2	
489	493	-3	
10	12	-3	
12	20	2	
16	20	2	
16	21	-5	
13	21	2	
10	13	2	
441	444	4	
443	444	-3	
443	447	-5	
440	447	4	
440	446	-2	
441	446	5	
401	405	3	
403	405	-3	
403	467	-3	
467	471	4	
465	471	4	
401	465	-2	
115	116	-4	
116	124	3	
123	124	-3	
123	127	4	
119	127	-4	
115	119	1	
371	372	-3	
372	380	-1	
379	380	5	
379	382	-4	
374	382	2	
371	374	2	
104	108	3	
106	108	-3	
106	170	-2	
170	174	3	
168	174	3	
104	168	-3	
344	348	-4	
348	356	1	
354	356	2	
354	358	3	
350	358	-2	
344	350	-3	
417	420	-4	
418	420	2	
418	421	5	
416	421	-5	
416	422	-2	
417	422	4	
176	180	3	
180	188	3	
185	188	-4	
185	191	-3	
183	191	-4	
176	183	4	
241	244	3	
244	252	-3	
250	252	4	
250	255	3	
247	255	-3	
241	247	-3	
0	4	3	
3	4	3	
3	5	-6	
1	5	-2	
1	6	-3	
0	6	5	
128	132	3	
130	132	4	
130	194	2	
194	197	4	
192	197	-2	
128	192	1	
139	142	3	
142	150	1	
147	150	-6	
147	151	-2	
143	151	-1	
139	143	5	
386	389	4	
389	397	3	
392	397	2	
392	399	6	
391	399	-3	
386	391	6	
216	220	-3	
220	228	1	
224	228	4	
224	229	-4	
221	229	1	
216	221	-5	
465	468	-2	
466	468	-4	
466	470	-4	
464	470	-2	
464	469	-5	
465	469	4	
433	436	3	
435	436	-4	
435	437	-3	
432	437	-4	
432	439	-2	
433	439	-4	
82	85	3	
85	93	-4	
88	93	2	
88	94	5	
86	94	3	
82	86	3	
296	302	-2	
302	310	-1	
307	310	3	
307	311	-4	
303	311	1	
296	303	3	
161	164	-3	
163	164	1	
163	167	-4	
162	167	-3	
162	165	-3	
161	165	-1	
280	284	4	
281	284	-2	
281	285	-3	
282	285	2	
282	286	-2	
280	286	3	
408	412	-3	
409	412	3	
409	413	5	
411	413	2	
411	415	-4	
408	415	3	
312	316	3	
314	316	-4	
314	378	3	
378	383	4	
376	383	2	
312	376	3	
48	53	3	
51	53	-4	
51	115	3	
115	117	2	
112	117	-3	
48	112	-5	
353	356	3	
356	364	2	
361	364	-3	
361	365	6	
357	365	-1	
353	357	-3	
56	61	-2	
57	61	-5	
57	121	3	
121	125	-3	
120	125	-5	
56	120	-2	
89	92	3	
91	92	-4	
91	155	-2	
155	159	-2	
153	159	4	
89	153	3	
291	293	-5	
293	301	1	
297	301	4	
297	302	3	
294	302	3	
291	294	2	
82	87	-1	
83	87	4	
83	147	-2	
147	148	-2	
146	148	-3	
82	146	-1	
193	198	-4	
195	198	-3	
195	259	2	
259	262	2	
257	262	3	
193	257	-2	
64	69	-2	
69	77	-3	
75	77	-4	
75	78	-3	
64	70	-3	
200	206	-3	
203	206	3	
203	267	1	
267	270	-2	
264	270	3	
200	264	-2	
338	341	4	
341	349	3	
347	349	3	
347	350	3	
342	350	-2	
338	342	3	
227	229	-4	
229	237	-2	
235	237	-2	
235	238	3	
230	238	3	
227	230	-3	
426	429	3	
427	429	-4	
427	491	3	
491	494	3	
490	494	-3	
426	490	3	
209	214	-4	
211	214	2	
211	275	2	
275	278	3	
273	278	2	
209	273	1	
25	28	4	
28	36	2	
33	36	-3	
33	38	-5	
30	38	-1	
25	30	3	
440	445	2	
442	445	5	
442	506	-1	
506	510	4	
504	510	3	
440	504	1	
41	44	4	
44	52	-2	
49	52	-4	
49	55	-2	
47	55	-3	
41	47	-2	
475	477	2	
477	485	4	
481	485	-1	
481	486	-4	
478	486	3	
475	478	-2	
168	172	-2	
172	180	1	
179	180	3	
179	181	2	
173	181	1	
168	173	2	
393	397	-2	
394	397	4	
394	458	-2	
458	462	-2	
457	462	4	
393	457	2	
369	374	-4	
377	382	-4	
377	383	-5	
375	383	1	
369	375	2	
385	390	2	
387	390	-3	
387	451	3	
451	452	-4	
385	449	2	
98	100	4	
100	108	2	
104	110	2	
102	110	1	
98	102	-4	
323	324	1	
324	332	-3	
331	332	1	
331	333	3	
325	333	1	
323	325	2	
128	134	-2	
134	142	-2	
138	142	5	
138	143	-1	
135	143	3	
128	135	4	
177	182	3	
179	182	4	
179	243	-3	
243	247	5	
177	241	-3	
184	188	-2	
187	188	3	
187	251	-2	
251	253	6	
184	248	-3	
11	13	-4	
19	21	-3	
19	22	5	
11	14	-3	
219	221	-3	
218	222	-3	
218	223	-5	
216	223	-1	
400	405	-2	
401	407	2	
402	407	-2	
400	406	-5	
498	500	2	
499	500	-4	
499	501	-5	
497	501	-2	
498	503	-4	
186	191	2	
186	250	5	
249	252	-5	
185	249	-2	
9	12	3	
17	20	-3	
17	23	3	
9	15	5	
416	420	-3	
419	422	-5	
419	421	2	
178	183	4	
178	242	2	
240	245	-2	
176	240	4	
256	262	4	
258	262	2	
322	326	-4	
320	326	4	
256	320	-1	
96	101	2	
101	109	1	
107	111	-3	
103	111	2	
96	103	2	
2	5	3	
2	6	3	
113	117	2	
117	125	-3	
123	125	3	
123	126	-3	
118	126	-4	
448	453	6	
458	461	-3	
458	463	-3	
448	455	4	
75	76	2	
75	79	-3	
74	77	-2	
73	77	-2	
288	293	2	
290	293	3	
290	354	1	
354	359	2	
304	311	-2	
307	371	-2	
371	375	4	
368	375	-3	
304	368	-2	
505	508	3	
504	509	-3	
505	510	-4	
33	39	-4	
32	38	5	
434	436	-3	
435	438	5	
433	438	-2	
434	439	-2	
338	340	4	
340	348	-1	
344	351	3	
343	351	2	
338	343	-2	
425	428	3	
426	430	4	
424	429	4	
225	228	3	
225	230	-3	
227	231	2	
224	231	-2	
58	60	-4	
59	61	3	
57	63	4	
265	268	4	
267	268	-2	
267	269	-3	
266	269	2	
266	270	3	
265	270	-3	
26	31	2	
26	90	-4	
90	92	2	
88	92	-2	
24	88	2	
273	277	-2	
277	285	-3	
278	286	3	
194	199	-2	
193	199	-3	
192	198	-3	
386	388	1	
385	391	-3	
385	389	-3	
384	389	2	
483	484	-3	
483	486	-3	
482	486	2	
482	487	3	
328	332	2	
329	332	-4	
331	334	-3	
331	335	-2	
40	44	3	
42	44	-2	
41	45	2	
41	46	-2	
83	86	-4	
91	94	-2	
91	95	-3	
87	95	2	
249	255	-2	
251	255	3	
251	315	3	
249	313	3	
469	477	1	
474	477	-3	
471	479	-1	
464	471	-2	
153	156	-2	
152	157	-1	
152	159	3	
296	300	-3	
300	308	-1	
306	309	-3	
301	309	1	
296	301	4	
144	148	2	
145	148	3	
145	150	-3	
146	150	1	
146	149	4	
208	213	-4	
210	274	-2	
208	272	-1	
48	52	-2	
50	52	-3	
114	116	-2	
112	116	2	
200	205	3	
202	206	4	
201	206	-3	
201	207	-4	
200	207	-2	
162	164	-2	
164	172	-4	
169	172	2	
169	173	-3	
165	173	-4	
67	71	4	
131	134	4	
130	134	-3	
66	130	-1	
403	404	-2	
404	412	2	
410	412	-2	
410	415	-2	
407	415	-2	
403	407	-5	
235	239	-2	
235	299	-2	
299	303	3	
297	303	3	
233	297	-2	
363	364	-4	
362	365	4	
490	492	4	
491	492	1	
491	495	-3	
488	493	-3	
490	493	-2	
166	174	-2	
170	175	3	
167	175	2	
160	167	-2	
442	444	2	
442	447	-1	
443	445	-3	
441	445	2	
209	212	-3	
212	220	-3	
217	220	3	
217	223	5	
215	223	3	
209	215	-1	
236	244	-1	
240	244	3	
240	246	2	
238	246	2	
232	238	-1	
284	292	-1	
289	295	3	
287	295	1	
280	287	3	
408	414	-2	
411	414	-3	
411	475	2	
475	476	-4	
408	472	3	
133	141	3	
139	141	1	
129	135	-5	
392	396	4	
394	396	3	
394	399	-1	
393	399	-3	
392	398	-2	
312	318	2	
315	379	1	
376	380	3	
120	124	4	
121	124	-2	
121	185	1	
185	189	2	
184	189	4	
120	184	1	
346	349	4	
349	357	2	
353	358	-3	
346	350	3	
456	460	3	
460	468	-2	
462	470	-1	
456	462	-2	
16	22	2	
17	22	1	
17	81	-3	
81	85	-2	
80	85	-3	
16	80	2	
257	261	-1	
259	261	2	
259	323	-1	
321	325	-4	
498	501	3	
499	502	-2	
496	502	3	
496	503	-2	
105	108	-3	
106	111	-5	
107	110	-3	
105	110	5	
339	342	4	
336	342	3	
337	343	-3	
97	100	4	
99	102	3	
97	101	-4	
368	372	4	
369	372	3	
370	375	-1	
64	71	3	
65	69	4	
26	28	-1	
25	31	2	
451	453	3	
451	454	-1	
450	454	2	
45	53	2	
51	55	3	
11	12	4	
11	15	-2	
10	15	4	
10	14	4	
9	14	-3	
354	357	-3	
355	357	-2	
355	419	-2	
354	418	3	
259	260	-3	
263	271	-3	
259	263	4	
326	334	-1	
330	334	-3	
327	335	-3	
322	327	3	
120	126	2	
120	127	-2	
114	119	2	
72	79	-2	
74	138	-4	
136	142	3	
283	284	2	
283	347	3	
347	348	2	
345	348	-4	
281	345	-3	
308	316	4	
312	317	3	
309	317	-3	
378	382	2	
378	442	2	
442	446	3	
377	441	2	
18	20	3	
19	20	-3	
19	83	2	
83	84	1	
82	84	-3	
18	82	-3	
177	180	4	
186	188	2	
186	190	3	
408	413	-3	
409	473	-3	
473	479	3	
157	165	1	
163	165	3	
163	166	-4	
158	166	2	
154	158	-2	
1	4	3	
2	4	-4	
2	66	4	
66	69	-3	
1	65	4	
171	174	-2	
171	235	-2	
234	238	4	
170	234	-1	
208	214	2	
214	222	-3	
193	196	-2	
203	205	-2	
197	205	1	
193	197	3	
226	229	2	
290	294	-3	
288	294	2	
224	288	-2	
457	460	3	
467	468	3	
463	471	1	
457	463	3	
243	246	-1	
248	255	-3	
51	54	3	
54	62	-3	
55	63	3	
425	489	-3	
488	492	3	
424	488	3	
89	93	1	
88	95	-1	
89	94	2	
131	132	3	
131	195	-1	
194	198	-2	
234	237	-3	
234	298	-2	
298	301	3	
232	296	2	
386	390	3	
450	452	-4	
386	450	1	
504	508	-2	
506	509	-2	
507	511	-1	
504	511	-5	
337	342	4	
337	401	-1	
401	406	-3	
336	400	1	
429	437	-2	
431	439	-3	
427	431	3	
480	485	-3	
481	487	2	
480	486	-1	
35	37	4	
34	38	-2	
8	13	-3	
11	75	-1	
72	77	-2	
8	72	2	
270	278	2	
272	278	-3	
271	279	2	
146	151	4	
144	150	-3	
138	141	-3	
138	202	-1	
202	204	-2	
201	204	-2	
137	201	3	
273	276	5	
273	279	2	
171	172	2	
171	173	2	
168	175	2	
320	325	-4	
321	385	1	
384	390	4	
297	300	2	
297	361	2	
16	23	-3	
369	373	2	
369	433	-1	
59	123	3	
418	422	-2	
418	482	2	
481	484	-2	
417	481	-3	
98	103	3	
99	163	-2	
98	162	-1	
243	244	-2	
243	307	-2	
305	311	-3	
241	305	-1	
379	443	-2	
440	444	-3	
376	440	2	
250	314	1	
313	316	-1	
46	54	-1	
153	158	3	
153	217	2	
217	221	-1	
152	216	-1	
106	109	2	
109	117	2	
112	119	3	
111	119	-1	
402	405	-4	
397	405	-1	
218	220	1	
219	220	3	
282	287	2	
218	282	-2	
210	212	-1	
209	213	-2	
210	214	-2	
289	294	-2	
299	302	-3	
295	303	2	
410	474	-4	
184	191	1	
148	156	-2	
155	156	4	
151	159	-2	
145	151	2	
27	28	-2	
27	91	1	
25	89	-3	
352	356	2	
355	358	3	
400	407	2	
467	469	-2	
400	464	-3	
491	493	4	
490	495	2	
489	495	-3	
227	228	4	
226	230	-3	
267	331	5	
328	333	3	
264	328	3	
96	100	-1	
160	164	-4	
242	306	-1	
240	304	-2	
64	68	-4	
68	76	1	
73	78	3	
345	349	2	
347	351	3	
192	199	-3	
194	258	-2	
258	261	-4	
192	256	2	
129	132	-4	
130	133	3	
128	133	3	
458	460	4	
459	461	4	
459	463	-2	
497	500	-3	
498	502	3	
468	476	-1	
470	478	1	
113	116	1	
115	179	-1	
113	177	-1	
21	29	-2	
24	29	3	
22	30	2	
0	5	-3	
280	285	-1	
285	293	-2	
286	294	2	
437	445	2	
438	446	3	
251	254	2	
250	254	-1	
419	420	4	
420	428	2	
426	428	3	
422	430	2	
364	372	3	
367	375	-3	
139	203	2	
136	200	2	
385	388	3	
388	396	-2	
332	340	1	
333	341	-1	
43	44	-2	
43	107	5	
41	105	-4	
313	377	1	
52	60	-2	
48	54	3	
81	87	-2	
8	12	3	
9	13	-3	
330	332	-3	
507	510	-2	
410	413	3	
35	99	2	
32	96	3	
257	260	2	
448	454	-3	
228	236	-3	
233	236	2	
231	239	2	
121	126	-3	
50	53	2	
50	55	-2	
42	47	-2	
312	319	2	
248	312	-1	
202	207	2	
394	398	-3	
390	398	2	
339	341	-3	
344	349	-2	
306	311	2	
370	374	-3	
306	370	2	
108	116	-2	
114	117	-2	
104	109	2	
320	324	1	
321	326	1	
323	326	-4	
352	357	3	
352	416	-2	
292	300	2	
290	295	2	
176	181	-1	
177	181	-2	
129	134	3	
466	469	2	
466	471	2	
465	470	-2	
376	382	2	
75	139	3	
137	143	3	
3	6	2	
3	67	3	
67	69	2	
448	452	-1	
449	455	-3	
233	238	-1	
272	277	1	
283	285	-3	
283	286	3	
24	28	-2	
27	30	-3	
216	222	-3	
159	167	-1	
149	157	2	
211	215	-3	
265	269	2	
262	270	3	
432	436	-3	
434	437	2	
92	100	2	
97	103	-1	
169	174	-4	
472	477	-2	
472	478	2	
187	191	4	
184	190	-3	
400	404	1	
401	404	3	
403	406	-1	
34	36	-3	
33	37	-2	
305	310	2	
305	369	-2	
368	374	-1	
275	276	1	
275	339	-1	
273	337	2	
264	271	1	
267	271	-1	
353	359	3	
353	417	-1	
237	245	-2	
243	245	1	
239	247	1	
49	53	-3	
113	119	3	
10	74	-1	
476	484	3	
479	487	2	
475	479	2	
170	172	3	
170	173	-2	
160	165	-2	
0	64	3	
392	456	-2	
227	291	-1	
80	86	2	
280	344	-2	
178	180	2	
176	182	-2	
377	380	2	
378	380	-3	
242	244	2	
249	254	-3	
387	389	2	
384	391	1	
147	149	1	
144	151	-3	
192	196	3	
195	197	2	
406	414	-1	
42	106	2	
104	111	-3	
40	104	-3	
307	308	2	
315	316	2	
310	318	3	
433	437	-1	
213	221	-1	
25	29	-2	
89	95	-2	
274	279	3	
274	338	-1	
272	336	2	
51	52	1	
115	118	-3	
266	268	2	
162	226	-2	
161	225	2	
282	284	-4	
346	348	-2	
282	346	-2	
235	236	-3	
168	232	-2	
34	98	-1	
311	319	-2	
76	84	-2	
79	87	3	
73	79	-1	
121	127	2	
484	492	1	
486	494	1	
443	446	1	
441	447	-3	
330	394	-1	
329	393	1	
186	189	-2	
464	468	2	
43	46	-2	
40	45	1	
371	373	3	
17	21	2	
449	453	1	
67	70	-3	
65	70	1	
355	356	2	
72	78	1	
322	325	1	
417	421	2	
416	480	2	
411	412	-3	
412	420	1	
414	422	1	
66	68	1	
161	167	-2	
336	340	-2	
91	93	2	
48	55	-1	
435	439	2	
147	211	-1	
145	209	-1	
194	196	-2	
218	221	3	
90	94	2	
288	292	-2	
289	293	3	
31	39	1	
58	61	-2	
56	63	-1	
57	62	-2	
362	364	2	
365	373	-2	
269	277	1	
451	455	1	
473	477	-2	
299	301	1	
298	303	2	
146	210	-1	
144	208	-1	
240	247	-1	
329	335	2	
77	85	-1	
80	87	-2	
345	350	1	
379	383	-2	
35	38	-2	
268	276	-1	
359	367	1	
153	157	2	
154	159	-2	
200	204	-2	
467	470	2	
65	71	-1	
266	330	2	
281	286	1	
274	278	1	
241	245	-2	
313	318	-2	
474	476	-1	
289	353	1	
428	436	-1	
258	260	-2	
53	61	2	
361	367	-1	
224	230	-2	
32	39	1	
489	494	-1	
20	28	1	
434	498	-2	
432	496	-1	
321	327	-2	
83	85	-1	
216	280	1	
352	358	-1	
298	302	-2	
74	76	1	
169	233	-1	
232	239	2	
98	101	1	
291	292	2	
4	12	1	
6	14	-1	
162	166	-1	
436	444	2	
424	430	2	
88	152	2	
419	483	-1	
155	219	1	
219	223	2	
23	31	1	
19	23	1	
204	212	-1	
205	213	-2	
307	309	1	
499	503	-1	
81	86	-2	
36	44	1	
37	45	1	
241	246	2	
502	510	-1	
503	511	-1	
179	183	-1	
177	183	-1	
130	135	1	
110	118	-1	
409	415	-1	
363	365	1	
38	46	1	
39	47	-1	
249	253	-1	
433	497	1	
256	263	-1	
426	431	1	
226	228	1	
225	229	-1	
405	413	1	
99	100	-1	
206	214	-1	
304	308	-1	
84	92	1	
242	247	-1	
425	429	1	
136	143	-1	
131	135	1	
439	447	1	
387	391	-1	
322	386	1	
107	108	-1	
351	359	-1	
59	62	-1	
276	284	1	
279	287	1	
112	118	1	
399	407	-1	
64	128	-1	
90	154	1	
Energy:	-2518	
