NumberOfQubits	504	
NumberOfSubgraphs	840	
Serial	236	
PlantedSolution:	
0	1	
1	1	
2	1	
3	1	
4	1	
5	1	
6	1	
8	1	
9	-1	
10	-1	
11	1	
12	1	
13	1	
14	1	
15	-1	
16	-1	
17	1	
18	-1	
19	1	
20	1	
21	1	
22	-1	
23	1	
24	1	
25	-1	
26	1	
27	-1	
28	-1	
29	-1	
30	1	
31	-1	
32	-1	
33	-1	
34	1	
35	1	
36	1	
37	-1	
38	1	
39	-1	
40	1	
41	1	
42	1	
43	-1	
44	-1	
45	-1	
46	1	
47	1	
48	-1	
49	1	
50	-1	
51	-1	
52	-1	
53	-1	
54	-1	
55	-1	
56	1	
57	1	
58	1	
59	1	
60	1	
61	1	
62	1	
63	-1	
64	-1	
65	-1	
66	1	
67	1	
68	-1	
69	1	
70	1	
71	-1	
72	1	
73	1	
74	-1	
75	-1	
76	-1	
77	1	
78	1	
79	1	
80	-1	
81	-1	
82	1	
83	1	
84	-1	
85	-1	
86	1	
87	1	
88	-1	
89	1	
90	-1	
91	1	
92	1	
93	1	
94	-1	
95	-1	
96	-1	
97	-1	
98	-1	
99	-1	
100	-1	
101	-1	
102	-1	
103	-1	
104	-1	
105	1	
106	1	
107	-1	
108	-1	
109	-1	
110	-1	
111	-1	
112	1	
113	1	
114	-1	
115	1	
116	1	
117	-1	
118	-1	
119	1	
120	-1	
121	1	
123	-1	
124	1	
125	-1	
126	1	
127	-1	
128	1	
129	1	
130	-1	
131	-1	
132	1	
133	1	
134	1	
135	-1	
136	-1	
137	-1	
138	1	
139	-1	
141	-1	
142	-1	
143	-1	
144	-1	
145	1	
146	-1	
147	-1	
148	1	
149	-1	
150	1	
151	-1	
152	-1	
153	1	
154	-1	
155	-1	
156	-1	
157	1	
158	-1	
159	1	
160	1	
161	-1	
162	1	
163	1	
164	1	
165	-1	
166	-1	
167	-1	
168	1	
169	-1	
170	-1	
171	1	
172	-1	
173	-1	
174	1	
175	1	
176	1	
177	-1	
178	-1	
179	1	
180	1	
181	-1	
182	1	
183	-1	
184	-1	
185	-1	
186	1	
187	1	
188	1	
189	-1	
190	1	
191	-1	
192	1	
193	-1	
194	1	
195	1	
196	-1	
197	1	
198	1	
199	-1	
200	1	
201	1	
202	-1	
203	1	
204	-1	
205	1	
206	1	
207	-1	
208	-1	
209	-1	
210	-1	
211	-1	
212	-1	
213	-1	
214	1	
215	1	
216	-1	
217	1	
218	-1	
219	-1	
220	1	
221	-1	
222	-1	
223	-1	
224	-1	
225	-1	
226	-1	
227	-1	
228	-1	
229	1	
230	1	
231	-1	
232	1	
233	-1	
234	1	
235	-1	
236	1	
237	1	
238	-1	
239	-1	
240	1	
241	-1	
242	-1	
243	1	
244	-1	
245	1	
246	1	
247	-1	
248	1	
249	-1	
250	1	
251	-1	
252	1	
253	-1	
254	1	
255	1	
256	-1	
257	-1	
258	1	
259	1	
260	-1	
261	1	
262	1	
263	1	
264	1	
265	-1	
266	-1	
267	-1	
268	-1	
269	1	
270	-1	
271	1	
272	-1	
273	-1	
274	1	
275	-1	
276	1	
277	-1	
278	-1	
279	-1	
280	-1	
281	1	
282	1	
283	1	
284	-1	
285	-1	
286	1	
287	-1	
288	-1	
289	-1	
290	1	
291	1	
292	1	
293	1	
294	-1	
295	-1	
296	-1	
297	1	
298	-1	
299	-1	
300	-1	
301	-1	
302	-1	
303	-1	
304	-1	
305	1	
306	1	
307	1	
308	-1	
309	-1	
310	-1	
311	-1	
312	1	
313	-1	
314	-1	
315	1	
316	1	
317	-1	
318	-1	
319	1	
320	1	
321	-1	
322	-1	
323	1	
324	-1	
325	1	
326	1	
327	-1	
328	-1	
329	-1	
330	-1	
331	1	
332	-1	
333	-1	
334	-1	
335	1	
336	-1	
337	1	
338	1	
339	1	
340	1	
341	1	
342	-1	
343	1	
344	-1	
345	1	
346	1	
347	-1	
348	1	
349	1	
350	1	
351	1	
352	-1	
353	1	
354	-1	
355	-1	
356	-1	
357	1	
358	-1	
359	1	
361	1	
362	1	
363	1	
364	1	
365	1	
367	1	
368	1	
369	1	
370	-1	
371	-1	
372	-1	
373	1	
374	1	
375	-1	
376	1	
377	1	
378	-1	
379	1	
380	1	
382	1	
383	-1	
384	-1	
385	1	
386	-1	
387	-1	
388	-1	
389	-1	
390	1	
391	1	
392	1	
393	1	
394	1	
396	-1	
397	1	
398	-1	
399	1	
400	-1	
401	-1	
402	-1	
403	-1	
404	1	
405	1	
406	-1	
407	1	
408	-1	
409	-1	
410	1	
411	-1	
412	-1	
413	1	
414	1	
415	1	
416	-1	
417	1	
418	-1	
419	-1	
420	1	
421	-1	
422	1	
424	1	
425	1	
426	-1	
427	-1	
428	1	
429	1	
430	-1	
431	-1	
432	1	
433	-1	
434	1	
435	-1	
436	1	
437	-1	
438	-1	
439	-1	
440	1	
441	1	
442	1	
443	-1	
444	1	
445	1	
446	-1	
447	1	
448	-1	
449	-1	
450	-1	
451	1	
452	1	
453	-1	
454	1	
455	-1	
456	-1	
457	-1	
458	-1	
459	-1	
460	-1	
461	1	
462	-1	
463	-1	
464	1	
465	1	
466	1	
467	-1	
468	-1	
469	-1	
470	-1	
471	-1	
472	-1	
473	-1	
474	1	
475	-1	
476	1	
477	-1	
478	1	
479	-1	
480	-1	
481	-1	
482	1	
483	-1	
484	-1	
485	1	
486	-1	
487	-1	
488	1	
489	1	
490	1	
491	-1	
492	-1	
493	-1	
494	1	
495	1	
496	-1	
497	-1	
498	-1	
499	-1	
500	-1	
501	1	
502	1	
503	1	
504	-1	
505	1	
506	1	
507	1	
508	-1	
509	1	
510	-1	
511	-1	
Js:	
186	189	4	
187	189	5	
187	190	-6	
184	190	4	
184	191	-4	
186	191	6	
224	231	-3	
227	231	-4	
227	291	3	
291	294	5	
288	294	-4	
224	288	1	
152	157	3	
155	157	5	
155	219	-3	
219	220	-2	
216	220	3	
152	216	-4	
265	268	-4	
267	268	-6	
267	270	6	
264	270	3	
264	269	-5	
265	269	5	
240	245	-6	
243	245	-4	
243	307	-3	
307	310	-5	
304	310	-1	
240	304	6	
170	172	4	
171	172	4	
171	174	-5	
168	174	-5	
168	173	2	
170	173	-5	
232	236	2	
234	236	-6	
234	237	-4	
235	237	3	
235	239	-7	
232	239	5	
177	181	-5	
178	181	4	
178	242	-4	
242	246	5	
241	246	3	
177	241	-5	
248	255	-6	
249	255	5	
249	313	1	
313	316	5	
312	316	-3	
248	312	-3	
8	13	-4	
10	13	4	
10	14	-2	
9	14	5	
9	15	-3	
8	15	7	
99	102	-3	
102	110	-4	
107	110	-6	
107	111	-5	
103	111	-3	
99	103	-5	
475	476	5	
476	484	-2	
482	484	5	
482	486	6	
478	486	2	
475	478	4	
281	287	4	
283	287	4	
283	347	2	
347	349	4	
345	349	-5	
281	345	2	
272	276	5	
276	284	4	
282	284	4	
282	286	-4	
278	286	-4	
272	278	-5	
337	341	-5	
338	341	-6	
338	343	-6	
339	343	-5	
339	342	4	
337	342	4	
370	372	-4	
371	372	-5	
371	375	-3	
368	375	4	
368	373	-6	
370	373	4	
193	196	-3	
194	196	5	
194	198	-4	
192	198	4	
192	199	4	
193	199	-5	
200	204	4	
201	204	3	
201	205	5	
203	205	-4	
203	207	3	
200	207	4	
48	52	-4	
52	60	2	
58	60	-3	
58	63	7	
55	63	3	
48	55	-6	
402	404	-5	
403	404	4	
403	407	3	
401	407	7	
401	405	4	
402	405	5	
41	44	6	
43	44	-4	
43	46	7	
42	46	-5	
42	45	3	
41	45	-4	
73	78	-3	
75	78	3	
75	139	-4	
139	142	-4	
137	142	-2	
73	137	-3	
128	132	-7	
129	132	-5	
129	133	3	
131	133	4	
131	135	-6	
128	135	3	
456	460	-4	
460	468	-3	
464	468	5	
464	470	3	
462	470	-3	
456	462	-6	
297	300	4	
298	300	-4	
298	303	-4	
296	303	-4	
296	301	-6	
297	301	5	
425	430	-2	
427	430	-5	
427	491	-2	
491	492	-7	
489	492	5	
425	489	-4	
26	29	-5	
29	37	-3	
35	37	5	
35	39	6	
31	39	-2	
26	31	3	
321	324	-4	
322	324	-8	
322	325	-4	
320	325	-7	
320	327	4	
321	327	-5	
1	4	-7	
2	4	-4	
2	66	5	
66	70	-6	
65	70	4	
1	65	4	
496	501	2	
497	501	6	
497	503	4	
499	503	9	
499	502	-2	
496	502	5	
138	141	6	
141	149	-2	
147	149	-2	
147	151	-5	
143	151	-2	
138	143	3	
25	30	3	
27	30	4	
27	91	4	
91	95	-3	
89	95	4	
25	89	5	
257	260	-4	
259	260	-5	
259	261	-2	
256	261	5	
256	262	4	
257	262	5	
352	358	-4	
355	358	1	
355	419	-4	
419	421	-4	
416	421	-4	
352	416	-3	
385	389	2	
387	389	5	
387	390	6	
384	390	4	
384	391	6	
385	391	-5	
161	164	4	
163	164	-4	
163	166	5	
160	166	-4	
160	165	4	
161	165	-3	
208	212	-3	
209	212	-6	
209	215	3	
210	215	4	
210	213	-4	
208	213	-5	
353	356	-7	
356	364	4	
361	364	-4	
361	365	-5	
357	365	-3	
353	357	-4	
432	438	3	
438	446	3	
442	446	4	
442	447	-4	
439	447	5	
432	439	5	
441	445	-5	
443	445	-3	
443	507	3	
507	510	4	
505	510	4	
441	505	-3	
74	76	-6	
76	84	-3	
81	84	-5	
81	87	4	
79	87	-2	
74	79	4	
393	397	-7	
394	397	-4	
394	458	-2	
458	461	3	
457	461	6	
393	457	3	
114	116	3	
116	124	-7	
123	124	-4	
123	126	5	
118	126	5	
114	118	-3	
409	412	-5	
411	412	-3	
411	414	-2	
410	414	-4	
410	415	-5	
409	415	4	
328	332	-3	
329	332	-7	
329	335	3	
331	335	-4	
331	333	-3	
328	333	-3	
90	92	-6	
92	100	3	
96	100	-2	
96	101	-7	
93	101	4	
90	93	3	
16	21	3	
17	21	-4	
17	22	-1	
19	22	6	
19	23	-5	
16	23	3	
448	453	-5	
451	453	5	
451	455	6	
450	455	-5	
450	454	7	
448	454	-6	
250	252	-9	
251	252	4	
251	315	3	
315	319	-3	
314	319	3	
250	314	-1	
474	477	6	
477	485	2	
481	485	4	
481	487	-6	
479	487	-2	
474	479	4	
217	221	3	
221	229	4	
225	229	4	
225	230	2	
222	230	3	
217	222	6	
112	117	4	
115	117	3	
115	179	-4	
179	183	5	
176	183	6	
112	176	-4	
378	380	4	
379	380	-8	
379	383	-3	
376	383	4	
376	382	-4	
378	382	4	
424	428	-6	
426	428	-6	
426	490	4	
490	495	-3	
488	495	-6	
424	488	-2	
51	53	-4	
53	61	4	
57	61	5	
57	62	-4	
54	62	3	
51	54	-4	
145	148	-6	
148	156	4	
154	156	-5	
154	158	4	
150	158	2	
145	150	-6	
0	5	-5	
3	5	-8	
3	67	-6	
67	71	5	
64	71	-3	
0	64	3	
433	436	6	
434	436	-5	
434	437	-4	
435	437	-6	
435	438	-7	
433	438	-3	
210	214	4	
211	214	-4	
211	275	-3	
275	277	-4	
274	277	3	
210	274	4	
40	47	-4	
41	47	-6	
41	105	3	
105	109	5	
104	109	-5	
40	104	4	
288	292	4	
290	292	6	
290	295	5	
289	295	-4	
289	293	6	
288	293	5	
344	350	4	
350	358	4	
354	358	-5	
354	359	-3	
351	359	-4	
344	351	7	
392	396	6	
396	404	2	
400	404	2	
400	406	-7	
398	406	1	
392	398	5	
80	85	-5	
82	85	-4	
82	146	4	
146	149	-5	
144	149	-6	
80	144	-3	
304	308	-3	
305	308	-3	
305	309	3	
306	309	7	
306	311	3	
304	311	-3	
113	117	3	
117	125	-6	
120	125	-5	
120	127	-6	
119	127	4	
113	119	2	
32	36	4	
33	36	6	
33	38	-5	
34	38	-6	
34	39	3	
32	39	-6	
465	469	5	
466	469	4	
466	471	3	
467	471	5	
467	470	-3	
465	470	4	
498	500	4	
500	508	-4	
504	508	-4	
504	509	6	
501	509	-4	
498	501	3	
298	302	-5	
299	302	-4	
299	363	2	
363	367	-3	
362	367	5	
298	362	3	
97	101	-1	
98	101	-2	
98	162	-4	
162	167	2	
161	167	-6	
97	161	-3	
258	261	-6	
261	269	4	
266	269	3	
266	271	8	
263	271	-3	
258	263	-4	
336	340	3	
340	348	-2	
346	348	-6	
346	350	3	
342	350	2	
336	342	-6	
408	412	-4	
412	420	1	
418	420	7	
418	422	-2	
414	422	-2	
408	414	4	
168	175	5	
169	175	3	
169	233	-4	
233	238	-3	
232	238	5	
168	232	-2	
83	86	-5	
86	94	3	
88	94	-3	
88	95	4	
87	95	3	
83	87	-4	
130	134	3	
131	134	4	
131	195	4	
195	197	-4	
194	197	3	
130	194	4	
18	20	5	
20	28	3	
24	28	-3	
24	30	-5	
22	30	1	
18	22	-3	
67	68	3	
68	76	-4	
72	76	1	
72	77	2	
69	77	-5	
67	69	-3	
440	444	-5	
442	444	-5	
442	506	2	
506	511	6	
504	511	-2	
440	504	2	
273	277	-4	
277	285	-4	
280	285	-5	
280	287	-3	
279	287	2	
273	279	-4	
323	326	-5	
326	334	3	
330	334	-3	
330	335	-6	
327	335	4	
323	327	5	
218	220	4	
220	228	3	
226	228	-6	
226	231	-5	
223	231	4	
218	223	-5	
178	180	3	
180	188	-6	
185	188	2	
185	190	4	
182	190	2	
178	182	3	
385	388	-3	
386	388	-5	
386	450	-2	
450	452	5	
449	452	7	
385	449	4	
483	485	4	
485	493	3	
491	493	-6	
491	494	-1	
486	494	3	
483	486	-5	
4	12	-2	
11	12	-7	
11	14	-3	
6	14	3	
1	6	-6	
369	374	-3	
374	382	-2	
377	382	-7	
377	383	5	
375	383	-3	
369	375	-4	
136	141	-3	
138	202	4	
202	206	3	
200	206	-4	
136	200	5	
408	413	4	
409	413	-3	
409	473	-3	
473	478	4	
472	478	6	
408	472	-5	
40	44	-3	
42	44	6	
42	106	-4	
106	108	4	
104	108	-5	
241	244	-6	
243	244	4	
240	247	4	
241	247	1	
314	316	-3	
314	318	-5	
315	318	3	
315	317	3	
313	317	-4	
152	156	-5	
155	156	-4	
155	159	-4	
153	159	-6	
153	158	6	
152	158	-5	
427	428	4	
427	429	3	
425	429	-6	
425	431	6	
426	431	-4	
49	52	6	
50	52	-4	
50	55	-4	
48	54	-4	
49	54	4	
458	460	4	
459	460	-7	
459	463	-4	
456	463	-4	
458	462	-6	
248	252	-2	
250	253	3	
251	253	-6	
251	254	-4	
248	254	-2	
56	63	4	
59	63	4	
59	123	4	
123	127	-4	
56	120	-2	
417	421	5	
417	481	5	
480	487	-4	
416	480	5	
394	398	5	
392	399	-4	
393	399	-5	
113	116	-6	
121	124	-5	
121	126	5	
113	118	5	
169	172	-6	
170	234	3	
233	236	6	
218	221	-5	
224	229	-4	
224	230	6	
218	222	-2	
280	284	-4	
283	284	3	
283	285	4	
281	285	-3	
281	286	-4	
280	286	4	
195	199	3	
195	259	-3	
259	263	-4	
257	263	6	
193	257	1	
337	340	-5	
346	349	-4	
341	349	1	
147	148	4	
146	151	-3	
146	150	3	
354	356	-4	
354	357	2	
355	357	6	
355	359	3	
353	359	-3	
370	374	6	
371	374	-3	
371	435	-3	
435	436	1	
370	434	3	
294	302	-3	
299	303	-4	
295	303	3	
291	295	3	
264	268	5	
267	331	4	
331	334	4	
328	334	-5	
264	328	4	
496	500	-6	
497	500	-4	
497	502	4	
496	503	3	
91	92	-4	
98	100	-3	
98	102	-3	
94	102	-5	
91	94	-3	
64	68	-7	
65	68	-3	
66	69	-4	
64	69	3	
10	12	4	
12	20	-3	
17	20	-6	
17	23	-7	
15	23	-2	
10	15	-5	
202	204	-4	
204	212	2	
208	214	4	
206	214	-3	
459	461	4	
461	469	3	
465	471	3	
463	471	-3	
448	452	4	
449	455	-4	
451	454	-5	
387	388	-5	
387	391	-2	
384	389	-3	
386	389	-4	
80	84	-2	
82	84	5	
82	86	-2	
83	85	4	
34	36	-3	
35	38	-3	
33	37	-3	
376	380	-7	
379	443	3	
443	444	5	
376	440	3	
130	133	7	
130	135	-2	
73	77	-5	
75	77	4	
139	143	-3	
137	143	-5	
405	413	-5	
411	413	-3	
411	415	5	
407	415	-3	
266	270	-5	
270	278	-2	
274	278	3	
274	279	5	
271	279	-1	
24	31	6	
25	31	-6	
89	93	-4	
88	93	5	
24	88	5	
153	157	-5	
157	165	2	
163	165	-3	
163	167	3	
159	167	2	
505	508	5	
506	508	4	
506	510	5	
507	511	4	
505	511	5	
473	476	5	
474	476	-3	
472	477	3	
472	479	-3	
473	479	-5	
300	308	-2	
307	308	4	
307	309	3	
301	309	1	
320	326	-5	
321	326	3	
176	180	-5	
186	188	-6	
183	191	3	
402	406	-2	
402	466	5	
466	468	3	
400	464	4	
488	492	3	
489	494	-4	
490	494	-6	
490	493	-5	
488	493	3	
275	276	2	
275	339	3	
336	343	-4	
272	336	-5	
57	60	-5	
59	60	-5	
59	62	-6	
58	62	-3	
58	61	-5	
362	364	-7	
363	364	-5	
363	365	-6	
361	367	-9	
433	437	-3	
437	445	4	
441	447	4	
433	439	-7	
106	109	4	
106	111	5	
105	110	3	
225	228	-6	
226	290	2	
289	292	5	
225	289	-2	
305	310	5	
310	318	-5	
312	318	3	
312	319	-6	
311	319	5	
305	311	5	
205	213	-1	
211	213	-2	
211	215	4	
207	215	2	
171	173	3	
173	181	3	
177	182	3	
174	182	-4	
235	238	-2	
238	246	4	
242	247	-3	
239	247	-4	
419	420	4	
419	483	-3	
483	484	4	
418	482	5	
50	53	-3	
51	115	5	
115	119	-5	
114	119	4	
50	114	-6	
27	28	-5	
27	29	-4	
21	29	-2	
18	21	6	
5	13	-1	
8	14	-4	
0	6	-5	
184	189	-4	
185	189	-4	
185	249	-3	
184	248	-3	
192	196	5	
194	258	1	
258	260	4	
256	260	-4	
192	256	3	
96	103	-3	
97	103	-3	
160	164	-4	
96	160	3	
421	429	4	
424	429	-5	
424	430	-4	
422	430	5	
417	422	-4	
72	78	-6	
74	78	4	
74	138	2	
138	142	-3	
136	142	-6	
72	136	3	
329	333	-2	
330	333	-6	
330	394	2	
394	399	-5	
329	393	-1	
368	372	2	
369	372	6	
369	433	-1	
368	432	-1	
217	220	-3	
219	222	-3	
219	223	-3	
216	223	-4	
345	348	-4	
347	348	-4	
347	351	3	
344	349	4	
40	45	5	
43	45	-5	
42	47	2	
112	116	-2	
121	125	4	
193	197	5	
197	205	-4	
201	206	-2	
198	206	-5	
193	198	4	
162	166	6	
163	227	3	
227	229	4	
226	229	3	
162	226	-1	
9	12	3	
11	75	-2	
75	79	4	
73	79	-3	
9	73	3	
378	442	3	
441	446	6	
377	441	-3	
2	6	-4	
3	6	-4	
66	71	2	
90	94	-4	
95	103	2	
90	95	-4	
282	285	3	
285	293	-1	
287	295	-2	
282	287	5	
388	396	-5	
390	398	6	
49	53	-5	
56	61	-5	
56	62	-4	
309	317	-4	
314	317	-4	
306	310	3	
504	510	4	
502	510	3	
498	502	6	
19	21	-5	
16	22	-6	
18	23	-3	
209	213	-6	
209	273	2	
236	244	1	
240	244	-3	
237	245	-3	
401	406	2	
403	406	-5	
403	467	-5	
467	468	-3	
465	468	4	
401	465	2	
179	180	-2	
187	188	-3	
179	182	-5	
265	271	4	
267	271	-2	
331	332	5	
265	329	-3	
410	413	-4	
411	475	-3	
475	477	-4	
410	474	-3	
480	484	-3	
484	492	-3	
489	495	-4	
487	495	3	
144	148	3	
154	159	-3	
151	159	3	
144	151	-4	
259	262	-6	
259	323	-2	
323	325	-3	
256	320	-1	
450	453	-3	
453	461	3	
457	463	-5	
455	463	3	
249	254	6	
250	255	-3	
26	28	4	
28	36	2	
32	37	-4	
106	170	2	
170	175	3	
104	168	2	
130	132	-4	
128	134	-4	
352	356	1	
352	359	6	
81	86	4	
83	147	-3	
147	150	5	
81	145	2	
338	340	-2	
339	340	-4	
371	373	3	
370	375	-2	
299	301	-3	
297	303	5	
297	302	3	
296	302	-4	
362	365	-4	
363	427	2	
427	431	-4	
362	426	-1	
89	92	2	
322	386	-2	
386	391	4	
321	385	3	
346	410	-2	
344	408	-2	
177	183	1	
178	183	-3	
242	244	-3	
217	223	2	
219	283	4	
281	284	3	
217	281	4	
306	308	4	
308	316	4	
313	319	3	
105	108	-4	
107	108	-2	
107	171	3	
169	173	-5	
105	169	1	
49	113	-3	
112	118	4	
48	112	-2	
432	436	-4	
139	203	4	
203	204	5	
120	126	5	
121	185	2	
185	191	-3	
120	184	-2	
260	268	-3	
266	268	1	
262	270	2	
0	4	7	
290	294	3	
291	293	-3	
154	218	-3	
216	221	-3	
243	246	-4	
243	247	-5	
419	422	3	
482	485	-3	
464	469	2	
467	469	-4	
466	470	-5	
464	471	4	
503	511	-3	
81	85	-3	
77	85	-3	
74	77	1	
227	228	-2	
227	230	4	
225	231	3	
472	476	3	
475	479	4	
451	452	-3	
449	454	1	
400	407	2	
400	405	4	
38	46	-1	
43	47	3	
39	47	-2	
491	495	4	
488	494	-4	
416	420	4	
417	420	-3	
481	486	-2	
480	486	-4	
80	87	3	
82	87	-4	
51	55	2	
328	335	4	
25	28	-3	
195	196	3	
424	431	5	
162	165	4	
160	167	4	
457	460	3	
459	462	-3	
56	60	-5	
57	63	2	
11	13	-3	
9	13	-6	
330	332	2	
332	340	2	
333	341	4	
201	207	-3	
201	265	2	
200	264	-1	
70	78	-4	
72	79	4	
71	79	3	
65	71	-5	
345	351	-3	
347	411	-4	
345	409	2	
129	134	-4	
134	142	5	
135	143	-4	
129	135	-5	
364	372	2	
367	375	2	
179	181	4	
181	189	-3	
187	191	4	
91	155	3	
89	153	-3	
389	397	6	
393	398	-3	
34	98	4	
97	102	-4	
33	97	-3	
378	383	-5	
248	253	4	
312	317	-5	
232	237	-4	
233	237	-5	
233	297	2	
296	300	-4	
232	296	2	
2	5	-5	
36	44	2	
37	45	-1	
168	172	-2	
171	175	-4	
123	125	-3	
112	119	4	
105	111	4	
104	110	2	
256	263	3	
507	508	3	
506	509	-3	
505	509	3	
355	356	-4	
353	358	4	
499	501	5	
498	503	3	
16	20	-3	
304	309	-4	
307	371	3	
304	368	3	
26	90	4	
88	92	2	
302	310	1	
303	311	-2	
394	396	-2	
401	404	4	
399	407	-1	
440	445	-4	
440	446	5	
176	181	-1	
244	252	3	
250	254	2	
246	254	-4	
98	103	-4	
99	163	2	
162	164	-3	
428	436	-2	
431	439	1	
335	343	-1	
219	221	-3	
216	280	-3	
409	414	5	
408	415	-3	
10	74	-3	
8	72	-4	
128	133	-3	
192	197	-4	
128	192	-2	
57	121	-2	
229	237	-1	
231	239	-1	
139	141	-3	
145	149	4	
145	151	-3	
483	487	-4	
291	292	-2	
314	378	-4	
312	376	-2	
154	157	4	
152	159	2	
208	215	5	
272	279	-3	
208	272	1	
474	478	-4	
40	46	-4	
347	350	3	
50	54	-3	
420	428	-1	
426	430	-3	
416	422	4	
323	324	4	
322	326	-2	
448	455	-2	
242	306	-2	
226	230	3	
108	116	-2	
110	118	-2	
35	99	-3	
99	101	-4	
32	96	-2	
275	278	-3	
75	76	-3	
78	86	-2	
234	238	4	
235	299	-2	
299	300	5	
234	298	2	
481	484	-3	
137	141	-5	
202	207	-3	
137	201	5	
313	318	-4	
315	379	-3	
379	382	-3	
313	377	-3	
164	172	3	
165	173	-4	
339	403	-1	
336	400	-1	
354	418	-4	
418	421	-2	
353	417	3	
91	93	-3	
114	178	1	
507	509	-4	
241	245	-2	
245	253	4	
249	253	-3	
13	21	-2	
14	22	3	
369	373	-5	
258	262	3	
195	198	-3	
129	193	2	
458	463	3	
211	212	-4	
73	76	3	
121	127	4	
392	397	-3	
434	439	1	
434	498	4	
432	496	4	
443	447	4	
440	447	-1	
273	276	3	
274	276	-3	
274	338	2	
338	342	3	
273	337	4	
325	333	2	
290	293	-2	
293	301	3	
426	429	2	
97	100	-6	
166	174	-2	
167	175	3	
85	93	1	
80	86	-4	
218	282	1	
196	204	-4	
349	357	-2	
352	357	-3	
187	251	2	
186	250	2	
224	228	3	
228	236	2	
230	238	2	
402	407	4	
480	485	4	
473	477	-3	
11	15	3	
65	129	1	
64	128	-1	
27	31	-3	
120	124	-2	
114	117	-3	
449	453	-4	
113	177	-1	
177	180	3	
67	70	-3	
136	143	-3	
404	412	3	
406	414	3	
241	305	3	
391	399	-3	
100	108	-3	
199	207	-5	
146	148	3	
144	150	4	
83	84	2	
321	325	4	
298	301	-2	
175	183	2	
155	158	-1	
368	374	-4	
348	356	2	
345	350	-4	
44	52	-1	
45	53	-2	
315	316	-5	
328	392	1	
235	236	3	
35	36	-3	
489	493	-3	
273	278	-3	
336	341	-1	
361	425	1	
284	292	2	
286	294	-1	
8	12	-1	
280	344	3	
101	109	-2	
107	109	-3	
96	102	3	
242	245	3	
385	390	-3	
386	390	-3	
26	30	-4	
172	180	1	
3	4	-2	
41	46	-1	
46	54	-2	
47	55	3	
275	279	-5	
410	412	-2	
329	334	-4	
184	188	-3	
186	190	-2	
194	199	3	
393	396	3	
456	461	3	
392	456	-1	
18	82	3	
17	81	2	
247	255	3	
212	220	3	
214	222	-3	
209	214	2	
288	295	-3	
290	354	2	
288	352	-3	
268	276	3	
272	277	-3	
269	277	-2	
25	29	-3	
89	94	2	
387	451	1	
384	448	-3	
160	224	3	
48	53	-2	
34	37	4	
282	346	-3	
149	157	1	
19	20	2	
434	438	3	
307	311	2	
170	174	3	
65	69	3	
64	70	3	
339	341	-3	
19	83	-2	
16	80	-3	
258	322	2	
51	52	3	
115	118	1	
203	206	3	
171	235	3	
210	212	2	
365	373	2	
343	351	-1	
176	182	-3	
176	240	-1	
109	117	-1	
202	205	4	
202	266	-2	
30	38	1	
32	38	4	
216	222	-3	
283	286	-3	
384	388	-2	
320	384	2	
131	132	4	
251	255	1	
297	361	-1	
161	225	-3	
84	92	3	
99	100	-3	
499	500	-2	
338	402	1	
337	401	-1	
24	29	1	
133	141	3	
305	369	1	
153	217	-2	
257	321	-1	
289	294	2	
66	68	-3	
49	55	2	
457	462	-3	
111	119	-1	
425	428	-1	
213	221	2	
324	332	1	
322	327	-2	
306	370	1	
249	252	2	
156	164	2	
158	166	2	
344	348	2	
435	439	1	
432	437	3	
334	342	1	
104	111	-2	
490	492	2	
115	116	-2	
468	476	-2	
470	478	2	
200	205	2	
33	39	-3	
435	499	-2	
106	110	3	
233	239	-2	
469	477	-2	
471	479	-2	
443	446	-2	
442	445	2	
291	355	2	
482	487	-1	
430	438	-1	
169	174	1	
88	152	-1	
257	261	3	
43	107	-1	
215	223	2	
337	343	1	
403	405	2	
372	380	1	
433	497	2	
203	267	1	
292	300	1	
90	154	-1	
147	211	-1	
146	210	-2	
1	5	-3	
161	166	-1	
323	387	1	
436	444	-2	
441	444	-1	
265	270	-2	
234	239	-1	
289	353	-1	
346	351	-2	
264	271	-2	
266	330	-1	
320	324	1	
413	421	1	
59	61	1	
267	269	-1	
359	367	-1	
145	209	-1	
452	460	1	
454	462	1	
Energy:	-3734	
