NumberOfQubits	504	
NumberOfSubgraphs	504	
Serial	147	
PlantedSolution:	
0	1	
1	1	
2	-1	
3	1	
4	-1	
5	-1	
6	-1	
8	1	
9	-1	
10	1	
11	-1	
12	1	
13	-1	
14	-1	
15	-1	
16	1	
17	-1	
18	-1	
19	1	
20	-1	
21	-1	
22	1	
23	-1	
24	1	
25	1	
26	1	
27	-1	
28	-1	
29	-1	
30	-1	
31	1	
32	1	
33	1	
34	-1	
35	-1	
36	-1	
37	-1	
38	-1	
39	1	
40	-1	
41	1	
42	-1	
43	-1	
44	-1	
45	-1	
46	1	
47	1	
48	-1	
49	-1	
50	1	
51	-1	
52	1	
53	1	
54	-1	
55	1	
56	1	
57	1	
58	-1	
59	1	
60	1	
61	1	
62	-1	
63	1	
64	-1	
65	1	
66	-1	
67	1	
68	1	
69	-1	
70	-1	
71	1	
72	-1	
73	-1	
74	-1	
75	-1	
76	-1	
77	1	
78	-1	
79	1	
80	-1	
81	-1	
82	-1	
83	1	
84	-1	
85	-1	
86	-1	
87	1	
88	-1	
89	1	
90	-1	
91	-1	
92	1	
93	1	
94	1	
95	-1	
96	1	
97	-1	
98	1	
99	-1	
100	1	
101	1	
102	-1	
103	-1	
104	1	
105	-1	
106	-1	
107	-1	
108	1	
109	1	
110	-1	
111	-1	
112	1	
113	1	
114	-1	
115	1	
116	1	
117	-1	
118	1	
119	-1	
120	1	
121	-1	
123	-1	
124	1	
125	-1	
126	-1	
127	1	
128	-1	
129	1	
130	1	
131	-1	
132	-1	
133	-1	
134	-1	
135	1	
136	1	
137	1	
138	-1	
139	-1	
141	-1	
142	1	
143	-1	
144	-1	
145	-1	
146	1	
147	-1	
148	-1	
149	-1	
150	-1	
151	-1	
152	-1	
153	-1	
154	1	
155	-1	
156	1	
157	-1	
158	-1	
159	1	
160	-1	
161	-1	
162	-1	
163	1	
164	1	
165	1	
166	1	
167	1	
168	-1	
169	-1	
170	-1	
171	1	
172	1	
173	-1	
174	1	
175	-1	
176	-1	
177	1	
178	-1	
179	1	
180	-1	
181	1	
182	-1	
183	1	
184	-1	
185	-1	
186	1	
187	-1	
188	-1	
189	1	
190	1	
191	-1	
192	1	
193	1	
194	1	
195	-1	
196	-1	
197	1	
198	1	
199	-1	
200	-1	
201	1	
202	-1	
203	-1	
204	1	
205	-1	
206	-1	
207	-1	
208	1	
209	-1	
210	-1	
211	-1	
212	1	
213	-1	
214	-1	
215	-1	
216	-1	
217	-1	
218	1	
219	1	
220	1	
221	1	
222	1	
223	1	
224	1	
225	1	
226	-1	
227	-1	
228	1	
229	-1	
230	-1	
231	1	
232	1	
233	-1	
234	1	
235	-1	
236	1	
237	1	
238	-1	
239	-1	
240	-1	
241	-1	
242	-1	
243	-1	
244	1	
245	1	
246	-1	
247	1	
248	1	
249	-1	
250	-1	
251	-1	
252	-1	
253	1	
254	1	
255	-1	
256	-1	
257	-1	
258	-1	
259	1	
260	-1	
261	-1	
262	-1	
263	-1	
264	-1	
265	1	
266	1	
267	-1	
268	1	
269	-1	
270	1	
271	1	
272	1	
273	-1	
274	-1	
275	-1	
276	-1	
277	1	
278	1	
279	-1	
280	-1	
281	1	
282	1	
283	-1	
284	1	
285	-1	
286	-1	
287	-1	
288	-1	
289	1	
290	-1	
291	1	
292	1	
293	1	
294	-1	
295	-1	
296	-1	
297	1	
298	-1	
299	-1	
300	-1	
301	-1	
302	-1	
303	1	
304	-1	
305	-1	
306	-1	
307	-1	
308	-1	
309	-1	
310	1	
311	1	
312	1	
313	-1	
314	-1	
315	1	
316	-1	
317	1	
318	-1	
319	-1	
320	1	
321	-1	
322	1	
323	1	
324	-1	
325	-1	
326	-1	
327	-1	
328	-1	
329	1	
330	-1	
331	1	
332	-1	
333	1	
334	-1	
335	-1	
336	1	
337	-1	
338	1	
339	-1	
340	1	
341	-1	
342	-1	
343	-1	
344	-1	
345	1	
346	1	
347	-1	
348	-1	
349	-1	
350	1	
351	1	
352	1	
353	1	
354	-1	
355	1	
356	-1	
357	-1	
358	1	
359	-1	
361	-1	
362	-1	
363	-1	
364	-1	
365	-1	
367	1	
368	1	
369	-1	
370	-1	
371	-1	
372	-1	
373	-1	
374	-1	
375	-1	
376	1	
377	-1	
378	-1	
379	-1	
380	1	
382	-1	
383	1	
384	1	
385	-1	
386	-1	
387	1	
388	1	
389	-1	
390	-1	
391	1	
392	-1	
393	1	
394	-1	
396	1	
397	-1	
398	1	
399	-1	
400	-1	
401	-1	
402	-1	
403	-1	
404	1	
405	-1	
406	-1	
407	1	
408	-1	
409	-1	
410	1	
411	-1	
412	-1	
413	-1	
414	-1	
415	1	
416	-1	
417	1	
418	-1	
419	1	
420	1	
421	1	
422	1	
424	-1	
425	-1	
426	-1	
427	1	
428	1	
429	1	
430	1	
431	-1	
432	-1	
433	-1	
434	1	
435	-1	
436	-1	
437	-1	
438	1	
439	-1	
440	1	
441	1	
442	-1	
443	1	
444	-1	
445	1	
446	-1	
447	-1	
448	-1	
449	-1	
450	-1	
451	-1	
452	1	
453	-1	
454	1	
455	-1	
456	1	
457	-1	
458	-1	
459	-1	
460	-1	
461	-1	
462	-1	
463	1	
464	-1	
465	-1	
466	-1	
467	-1	
468	1	
469	1	
470	-1	
471	1	
472	-1	
473	-1	
474	-1	
475	1	
476	-1	
477	-1	
478	1	
479	-1	
480	-1	
481	1	
482	1	
483	1	
484	1	
485	1	
486	1	
487	1	
488	1	
489	-1	
490	1	
491	-1	
492	1	
493	1	
494	-1	
495	1	
496	1	
497	-1	
498	-1	
499	1	
500	-1	
501	-1	
502	-1	
503	-1	
504	-1	
505	1	
506	-1	
507	1	
508	-1	
509	-1	
510	1	
511	1	
Js:	
257	260	-4	
260	268	-2	
265	268	-2	
265	269	3	
261	269	-4	
257	261	-3	
232	236	-3	
235	236	-1	
235	237	2	
233	237	4	
233	239	-2	
232	239	3	
161	164	2	
162	164	4	
162	226	-1	
226	229	1	
225	229	4	
161	225	2	
475	477	-2	
477	485	2	
480	485	1	
480	486	4	
478	486	-1	
475	478	-3	
73	76	-4	
76	84	-2	
81	84	-3	
81	85	1	
77	85	1	
73	77	2	
305	308	3	
306	308	-5	
306	311	2	
304	311	4	
304	310	2	
305	310	2	
489	492	3	
492	500	2	
499	500	-2	
499	501	3	
493	501	3	
489	493	3	
345	348	3	
348	356	-3	
355	356	3	
355	358	-3	
350	358	-3	
345	350	-2	
128	132	-5	
129	132	3	
129	133	3	
130	133	4	
130	135	-3	
128	135	3	
288	292	3	
292	300	2	
297	300	4	
297	303	-2	
295	303	-2	
288	295	-3	
97	100	2	
99	100	2	
99	102	-4	
96	102	3	
96	103	2	
97	103	-2	
168	172	4	
172	180	2	
176	180	2	
176	181	2	
173	181	3	
168	173	-2	
34	36	-4	
35	36	-2	
35	39	3	
33	39	2	
33	38	4	
34	38	-4	
457	460	-4	
460	468	1	
466	468	3	
466	471	4	
463	471	1	
457	463	2	
216	223	-2	
218	223	-3	
218	282	-2	
282	286	2	
280	286	-3	
216	280	-2	
328	332	-3	
332	340	-1	
336	340	-3	
336	343	1	
335	343	-1	
328	335	-4	
105	108	3	
106	108	3	
106	111	1	
104	111	4	
104	110	4	
105	110	-3	
8	12	4	
10	12	-4	
10	15	3	
9	15	-3	
9	13	-3	
8	13	3	
505	508	3	
506	508	-5	
506	511	2	
507	511	3	
507	510	-1	
505	510	-5	
385	390	-2	
386	390	-2	
386	450	2	
450	453	-3	
449	453	-3	
385	449	-1	
16	20	5	
20	28	1	
27	28	-1	
27	30	-3	
22	30	1	
16	22	-3	
51	52	2	
52	60	-2	
59	60	-1	
59	62	-4	
54	62	-3	
51	54	-3	
258	262	2	
259	262	3	
259	323	-1	
323	327	4	
322	327	2	
258	322	1	
248	254	-3	
251	254	4	
251	315	1	
315	318	1	
312	318	3	
248	312	1	
64	68	3	
66	68	3	
66	71	-3	
67	71	-2	
67	70	3	
64	70	-2	
425	428	-3	
426	428	2	
426	430	3	
424	430	3	
424	431	-2	
425	431	-4	
120	124	-3	
121	124	2	
121	185	-1	
185	188	2	
184	188	-4	
120	184	1	
440	444	2	
441	444	5	
441	445	-2	
442	445	4	
442	447	-4	
440	447	5	
139	142	-2	
142	150	2	
144	150	-2	
144	151	-2	
143	151	-2	
139	143	-4	
273	276	-2	
274	276	2	
274	277	2	
272	277	-3	
272	279	2	
273	279	-3	
433	436	-3	
434	436	4	
434	437	3	
432	437	2	
432	439	-3	
433	439	-3	
418	420	1	
419	420	-1	
419	422	-4	
417	422	-1	
417	421	-2	
418	421	-3	
90	95	1	
91	95	-4	
91	155	-2	
155	159	4	
154	159	-4	
90	154	2	
394	396	3	
396	404	-2	
403	404	2	
403	407	4	
399	407	2	
394	399	2	
409	413	-1	
411	413	-4	
411	415	1	
408	415	3	
408	414	-3	
409	414	4	
491	494	-4	
494	502	1	
498	502	-5	
498	503	-3	
495	503	2	
491	495	2	
202	204	3	
204	212	-2	
208	212	-3	
208	215	3	
207	215	2	
202	207	-1	
289	293	1	
293	301	2	
296	301	-4	
296	302	-2	
294	302	-2	
289	294	3	
241	245	4	
243	245	2	
243	247	4	
242	247	-1	
242	246	-4	
241	246	-2	
192	196	3	
193	196	3	
193	198	-2	
195	198	-2	
195	199	-4	
192	199	3	
49	55	2	
50	55	-2	
50	114	4	
114	118	1	
113	118	2	
49	113	3	
266	270	-3	
267	270	3	
267	331	4	
331	333	-2	
330	333	4	
266	330	-2	
473	476	-3	
476	484	1	
481	484	-3	
481	487	-2	
479	487	-2	
473	479	-1	
18	21	-4	
21	29	2	
26	29	2	
26	31	-1	
23	31	2	
18	23	-3	
40	45	-2	
43	45	-3	
43	46	3	
42	46	3	
42	47	4	
40	47	3	
362	364	2	
363	364	-5	
363	365	-5	
361	365	-4	
361	367	4	
362	367	4	
369	372	-3	
371	372	-2	
371	374	-2	
368	374	3	
368	375	2	
369	375	2	
171	174	-2	
174	182	2	
178	182	-3	
178	183	-2	
175	183	3	
171	175	4	
378	380	3	
379	380	4	
379	382	-4	
376	382	3	
376	383	-3	
378	383	3	
72	79	-2	
74	79	3	
74	138	-2	
138	141	-4	
136	141	3	
72	136	2	
456	461	-1	
461	469	2	
467	469	3	
467	470	-2	
462	470	-2	
456	462	4	
145	149	-2	
147	149	-3	
147	211	-1	
211	213	-4	
209	213	3	
145	209	-2	
160	167	4	
163	167	-5	
163	227	-1	
227	230	-3	
224	230	3	
160	224	2	
392	397	-3	
397	405	2	
401	405	-4	
401	406	-2	
398	406	2	
392	398	4	
384	391	-2	
387	391	-2	
387	451	-1	
451	454	2	
448	454	4	
384	448	2	
249	252	-2	
250	252	-3	
250	314	1	
314	319	-3	
313	319	-2	
249	313	-1	
347	349	-4	
349	357	-2	
353	357	-3	
353	359	2	
351	359	2	
347	351	2	
1	4	2	
2	4	-3	
2	5	-3	
0	5	3	
0	6	-2	
1	6	4	
88	94	-2	
89	94	-4	
89	153	1	
153	156	2	
152	156	2	
88	152	-1	
217	222	3	
219	222	-2	
219	283	2	
283	284	-3	
281	284	-2	
217	281	2	
112	117	2	
117	125	3	
123	125	-3	
123	127	4	
119	127	4	
112	119	3	
320	324	2	
321	324	-5	
321	326	-4	
322	326	2	
322	325	-3	
320	325	3	
185	189	4	
186	189	-4	
186	190	1	
187	190	5	
187	191	-2	
185	191	-3	
75	78	-3	
78	86	-2	
83	86	-2	
83	87	-4	
79	87	-1	
75	79	3	
338	340	-3	
339	340	3	
339	342	-3	
337	342	-3	
337	341	-3	
338	341	2	
56	60	-3	
58	60	3	
58	63	-4	
57	63	-1	
57	61	-5	
56	61	-2	
194	197	-2	
197	205	2	
203	205	-3	
203	206	-2	
198	206	3	
194	198	-4	
370	373	-4	
371	373	-3	
371	435	1	
435	438	3	
434	438	-2	
370	434	1	
153	157	-4	
157	165	2	
161	165	4	
161	166	4	
158	166	2	
153	158	2	
256	261	-2	
264	269	-2	
264	271	-2	
263	271	3	
256	263	-3	
240	244	-4	
243	244	2	
243	307	-2	
307	309	-2	
304	309	-2	
240	304	-1	
408	412	-3	
410	412	4	
410	474	2	
474	477	-2	
472	477	-3	
408	472	2	
234	238	-2	
235	238	-4	
235	299	-3	
299	302	-4	
298	302	-3	
234	298	3	
145	148	-3	
146	148	3	
146	210	-1	
210	214	-3	
209	214	-2	
32	36	2	
36	44	2	
41	44	2	
41	45	3	
37	45	-2	
32	37	4	
107	108	2	
108	116	-1	
115	116	-2	
115	117	3	
109	117	-2	
107	109	5	
65	69	1	
67	69	3	
67	131	2	
131	134	2	
129	134	3	
65	129	-2	
88	92	3	
92	100	-2	
98	100	-2	
98	101	-3	
93	101	-1	
88	93	-3	
440	446	1	
443	446	4	
443	507	-1	
507	509	5	
504	509	3	
440	504	3	
11	14	3	
14	22	2	
17	22	4	
17	23	-3	
15	23	-1	
11	15	-3	
400	406	-3	
402	406	-5	
402	466	-2	
464	471	-2	
400	464	-3	
226	228	4	
227	228	2	
227	291	3	
291	293	-1	
290	293	3	
226	290	1	
352	356	2	
354	356	2	
354	418	-1	
418	422	3	
416	422	2	
352	416	3	
329	334	4	
330	334	1	
330	394	-1	
394	397	-1	
393	397	2	
329	393	-1	
275	278	4	
278	286	2	
282	287	2	
279	287	-2	
275	279	-3	
136	142	-2	
137	142	-2	
137	201	-3	
201	205	-1	
200	205	-3	
136	200	3	
451	452	4	
452	460	1	
458	460	-3	
458	463	2	
455	463	-2	
451	455	-3	
424	429	2	
427	429	-3	
427	491	-2	
488	494	3	
424	488	2	
480	484	2	
483	484	-4	
483	485	4	
482	485	-3	
482	487	-2	
480	487	3	
216	220	3	
218	220	-1	
219	223	-4	
219	221	-3	
216	221	-1	
48	53	3	
51	53	4	
49	54	3	
48	55	4	
170	172	3	
179	180	4	
179	183	3	
170	175	-2	
433	497	-3	
497	502	2	
496	502	3	
432	496	2	
308	316	-3	
314	316	-2	
314	317	3	
309	317	2	
306	309	-2	
19	20	3	
19	83	-3	
83	84	2	
80	84	2	
16	80	2	
344	348	-2	
346	348	-1	
346	351	-4	
344	349	-1	
24	29	3	
27	29	-2	
27	31	-3	
25	31	-2	
25	30	2	
24	30	2	
248	252	2	
250	253	-3	
249	253	4	
249	255	-2	
248	255	3	
386	388	2	
387	388	-3	
387	390	2	
384	390	-3	
384	389	3	
386	389	-4	
459	461	-6	
465	469	3	
465	470	-3	
459	462	-2	
169	173	1	
177	181	-2	
177	182	2	
169	174	5	
3	5	-2	
5	13	-2	
9	14	-3	
6	14	-1	
3	6	2	
372	380	2	
377	380	1	
377	383	3	
375	383	2	
118	126	4	
121	126	-5	
121	127	3	
113	119	3	
224	228	-2	
228	236	1	
231	239	1	
224	231	-2	
490	493	2	
499	503	3	
490	495	-3	
80	85	-3	
82	85	-3	
82	146	3	
144	148	-3	
80	144	-3	
272	276	3	
276	284	1	
280	284	1	
280	285	-3	
277	285	-3	
154	156	-3	
155	158	-2	
152	158	-3	
267	271	3	
331	334	2	
328	334	-1	
264	328	-3	
104	109	-2	
106	109	2	
106	110	-3	
107	110	1	
107	111	-3	
91	94	2	
94	102	1	
95	103	2	
74	76	-3	
74	78	2	
75	77	4	
409	415	3	
410	415	-3	
474	478	3	
473	478	-3	
409	473	-1	
362	365	-3	
362	426	-1	
361	425	-2	
291	292	-3	
291	355	-2	
355	357	2	
352	357	2	
288	352	-1	
192	197	-2	
193	197	-4	
193	257	4	
257	262	-2	
256	262	-2	
192	256	4	
241	244	2	
242	245	2	
240	245	1	
377	382	-4	
379	443	-2	
443	444	3	
377	441	2	
313	316	-2	
315	316	-4	
315	317	-2	
312	317	-4	
313	318	-4	
336	341	3	
339	341	-1	
339	403	1	
403	405	-3	
400	405	-2	
336	400	1	
210	213	-3	
211	215	-3	
208	214	4	
65	68	-3	
66	69	-2	
64	69	2	
65	70	3	
296	300	-2	
297	301	4	
298	301	-1	
298	303	3	
296	303	-4	
137	143	3	
139	203	2	
203	207	-4	
201	207	2	
323	326	3	
320	327	-3	
187	188	1	
187	189	3	
186	191	3	
184	191	-2	
33	37	-2	
35	38	-2	
32	39	-2	
56	62	1	
59	123	1	
120	125	4	
56	120	-2	
131	132	-3	
130	134	4	
128	133	-1	
40	44	-3	
43	44	-3	
449	452	2	
450	452	3	
450	454	3	
448	455	2	
449	455	-4	
160	164	4	
162	165	2	
163	165	2	
385	388	3	
388	396	-2	
393	396	-2	
393	399	-2	
391	399	3	
385	391	3	
17	21	3	
18	82	-3	
82	86	-1	
81	86	-2	
17	81	-2	
504	508	1	
506	510	3	
505	511	-2	
504	511	3	
435	437	-2	
437	445	3	
442	446	3	
438	446	3	
229	237	-1	
233	238	-2	
230	238	-1	
225	230	1	
411	412	-2	
412	420	1	
417	420	-5	
413	421	-2	
289	295	-2	
290	295	-2	
290	354	-2	
354	359	-5	
289	353	-1	
194	199	2	
195	259	2	
259	260	-2	
258	260	-3	
194	258	2	
48	52	1	
50	52	3	
114	116	4	
112	116	-1	
48	112	2	
273	278	2	
274	278	3	
274	338	-2	
338	343	4	
337	343	-3	
273	337	-2	
25	28	3	
26	28	4	
26	90	3	
90	93	4	
89	93	-2	
25	89	1	
280	287	1	
281	287	3	
281	345	-2	
344	350	2	
280	344	-2	
200	206	-2	
202	206	-1	
202	266	2	
266	268	-2	
264	268	3	
200	264	1	
465	468	2	
468	476	-2	
475	476	2	
475	479	4	
471	479	2	
465	471	1	
141	149	2	
147	150	-3	
138	142	2	
3	4	4	
400	404	1	
402	404	-4	
401	407	3	
400	407	2	
305	311	1	
305	369	-2	
369	374	-4	
304	368	-3	
97	101	2	
99	101	1	
98	102	-1	
98	103	3	
330	332	-3	
331	332	2	
331	335	2	
329	335	2	
329	333	4	
393	398	-3	
393	457	2	
456	460	-2	
392	456	3	
59	61	-2	
59	63	-2	
58	62	-2	
57	62	2	
251	253	2	
250	254	-1	
250	255	-3	
482	484	-2	
481	485	-2	
481	486	-3	
482	486	-1	
496	500	2	
497	500	-4	
496	503	3	
419	421	-3	
421	429	-1	
427	430	-3	
422	430	1	
11	12	1	
10	14	1	
8	14	2	
306	310	-2	
307	310	3	
307	371	-2	
306	370	-3	
217	220	2	
217	221	2	
218	221	-3	
218	222	-2	
216	222	-2	
426	431	-2	
426	490	3	
490	492	-2	
425	489	-3	
178	181	2	
177	183	-3	
176	182	-3	
170	173	2	
171	173	3	
169	175	-1	
170	174	2	
201	204	-3	
265	270	-3	
201	265	1	
361	364	-2	
283	285	-2	
285	293	1	
290	294	-3	
286	294	1	
283	286	-2	
116	124	-3	
123	124	2	
123	126	2	
115	118	-4	
378	442	2	
376	440	-2	
345	351	-1	
346	410	-3	
410	414	1	
345	409	2	
257	263	1	
451	453	-2	
453	461	-2	
454	462	-1	
19	21	2	
24	31	-2	
19	23	2	
45	53	-1	
51	55	2	
47	55	-1	
41	47	-3	
211	212	3	
211	275	1	
275	276	-2	
208	272	-1	
65	71	3	
131	135	2	
129	135	-1	
82	84	-1	
84	92	-2	
91	92	2	
87	95	2	
82	87	3	
467	468	-3	
464	469	1	
464	470	-3	
466	470	-1	
352	358	-4	
353	358	2	
353	417	-2	
416	420	4	
179	243	1	
240	247	1	
176	240	-3	
322	386	2	
320	384	-2	
105	169	1	
169	172	2	
104	168	2	
312	316	1	
315	319	3	
72	77	2	
72	78	-3	
337	340	1	
339	343	3	
139	141	-2	
147	151	-3	
225	231	-2	
227	231	2	
289	292	-1	
225	289	2	
28	36	1	
30	38	-2	
26	30	2	
486	494	1	
488	495	-2	
487	495	1	
411	414	-3	
411	475	1	
472	479	-2	
186	188	3	
185	190	-1	
184	190	4	
435	436	1	
435	439	-3	
432	438	4	
433	438	1	
506	509	-1	
504	510	2	
394	398	2	
394	458	3	
456	463	-2	
64	71	3	
66	130	1	
64	128	-1	
194	196	3	
196	204	-1	
200	204	2	
221	229	2	
224	229	-3	
222	230	2	
34	39	2	
34	98	1	
33	97	3	
148	156	3	
151	159	-2	
163	164	2	
162	167	1	
162	166	2	
160	166	2	
488	492	-3	
497	501	-2	
488	493	2	
282	284	-3	
282	285	-2	
283	287	-2	
346	349	-1	
346	350	-2	
44	52	2	
50	54	1	
46	54	2	
80	86	-2	
323	325	2	
325	333	2	
326	334	-1	
299	300	-2	
299	303	1	
111	119	-1	
267	268	1	
267	269	-1	
258	261	-2	
232	237	-2	
237	245	-2	
241	247	-2	
239	247	2	
209	212	3	
210	212	1	
210	274	-1	
274	279	-2	
209	273	1	
57	60	-3	
57	121	-1	
120	126	1	
401	404	2	
402	407	1	
474	476	-2	
472	478	-1	
473	477	-2	
448	453	-2	
4	12	1	
1	5	2	
89	92	-3	
90	94	2	
242	244	2	
244	252	1	
251	252	-2	
246	254	-2	
195	197	-2	
199	207	-2	
35	37	-2	
35	99	-1	
96	100	-3	
32	96	3	
427	428	1	
428	436	3	
429	437	2	
262	270	-1	
265	271	-2	
259	263	3	
310	318	-2	
311	319	3	
307	311	2	
364	372	-3	
370	372	-1	
370	375	-2	
367	375	-2	
363	367	1	
324	332	-3	
327	335	-2	
321	327	1	
219	220	-2	
220	228	-2	
226	231	3	
223	231	2	
18	20	-2	
53	61	-2	
58	61	1	
55	63	-3	
42	45	1	
42	106	-2	
41	105	3	
72	76	-2	
73	137	-2	
136	143	2	
344	351	3	
149	157	-1	
152	157	-3	
150	158	2	
145	150	-3	
114	117	-2	
115	179	-1	
178	180	-1	
114	178	1	
419	483	-4	
418	482	4	
187	251	-1	
251	255	2	
184	248	1	
501	509	-2	
503	511	2	
170	234	2	
234	236	-2	
168	232	-2	
272	278	-2	
275	339	-1	
336	342	3	
272	336	1	
305	309	-3	
376	380	-2	
387	389	-2	
389	397	-2	
390	398	1	
288	293	2	
491	493	2	
490	494	2	
489	495	-2	
467	471	2	
24	28	2	
25	29	2	
0	4	2	
3	67	-2	
67	68	-2	
0	64	3	
131	133	3	
128	134	-1	
458	461	1	
459	463	3	
425	429	-1	
427	431	2	
409	412	-1	
410	413	-1	
408	413	-1	
9	12	3	
11	13	-3	
2	6	-3	
2	66	-3	
66	70	2	
1	65	-2	
113	177	-1	
176	183	1	
112	176	-1	
443	445	-2	
171	235	2	
169	233	2	
417	481	2	
416	480	-2	
341	349	-2	
347	350	-2	
342	350	1	
49	52	2	
40	46	2	
307	308	1	
186	250	1	
185	249	-1	
155	156	2	
146	151	3	
498	500	-3	
500	508	1	
502	510	1	
85	93	-1	
86	94	1	
472	476	-2	
449	454	2	
202	205	-3	
200	207	1	
88	95	-2	
312	319	1	
97	102	-2	
99	163	2	
163	166	2	
97	161	-1	
330	335	1	
386	391	2	
379	383	-1	
378	382	-1	
298	300	-2	
353	356	2	
404	412	1	
405	413	1	
268	276	-2	
275	277	3	
269	277	1	
321	325	-2	
320	326	2	
56	63	-2	
178	242	-3	
177	241	-1	
19	22	-2	
424	428	3	
434	439	-1	
431	439	-2	
284	292	-2	
287	295	-2	
233	236	2	
236	244	-1	
240	246	-2	
238	246	-1	
69	77	2	
70	78	-2	
195	196	-2	
259	261	-1	
464	468	3	
368	372	1	
368	373	3	
365	373	1	
160	165	1	
165	173	1	
167	175	1	
49	53	2	
50	53	-2	
113	116	-3	
81	87	2	
83	147	-2	
81	145	-2	
340	348	-1	
345	349	2	
266	269	-1	
266	271	-2	
507	508	2	
201	206	2	
206	214	-2	
210	215	-3	
491	492	2	
384	388	-2	
11	75	-2	
73	79	2	
9	73	-2	
27	91	1	
179	182	1	
182	190	1	
183	191	2	
153	217	-2	
152	216	-2	
133	141	-1	
134	142	2	
243	246	-1	
247	255	2	
322	324	2	
459	460	-1	
457	461	-2	
457	462	-2	
435	499	2	
499	502	2	
115	119	-1	
403	467	-2	
401	465	-1	
354	357	-2	
357	365	1	
359	367	1	
227	229	-1	
291	294	2	
234	239	2	
235	239	2	
96	101	2	
98	162	2	
96	160	1	
474	479	-1	
344	408	2	
48	54	-2	
29	37	1	
31	39	-2	
146	149	2	
144	149	2	
434	498	-1	
12	20	1	
370	374	-1	
374	382	2	
192	198	-1	
193	199	-1	
448	452	-2	
43	107	-1	
40	104	-2	
248	253	-2	
154	157	1	
155	157	-1	
155	219	1	
154	218	1	
258	263	2	
180	188	2	
181	189	-1	
179	181	-2	
171	172	-1	
168	175	1	
168	174	1	
209	215	1	
281	286	2	
283	347	1	
347	348	-2	
392	396	1	
458	462	-1	
138	202	2	
416	421	1	
414	422	1	
291	295	-1	
371	375	-2	
24	88	1	
441	447	-1	
441	505	-1	
496	501	2	
10	13	3	
74	77	1	
10	74	-1	
51	115	-1	
112	118	-1	
161	167	1	
33	36	1	
273	277	2	
234	237	-1	
466	469	2	
225	228	1	
226	230	-2	
483	487	-2	
338	342	1	
489	494	-1	
265	329	-1	
328	333	1	
152	159	-1	
153	159	1	
385	389	-1	
315	379	1	
312	376	2	
16	23	1	
297	302	2	
43	47	-2	
102	110	1	
105	111	-2	
103	111	-1	
99	103	-2	
282	346	-1	
89	95	1	
314	318	-2	
426	429	-1	
450	455	-1	
355	359	2	
135	143	-1	
232	238	2	
8	15	2	
369	373	1	
121	125	-2	
120	127	-1	
441	446	1	
440	445	-1	
68	76	1	
71	79	-1	
497	503	1	
288	294	1	
392	399	-1	
203	204	1	
314	378	1	
313	377	-2	
333	341	1	
334	342	-1	
100	108	-1	
101	109	-1	
323	387	-2	
270	278	-1	
41	46	-1	
38	46	1	
217	223	1	
425	430	1	
470	478	1	
91	93	-1	
177	180	1	
241	305	1	
83	85	-1	
505	509	-1	
281	285	1	
245	253	-1	
106	170	1	
304	308	-2	
34	37	-1	
39	47	-1	
290	292	1	
264	270	-1	
469	477	1	
208	213	1	
213	221	-1	
214	222	1	
154	158	-1	
347	411	-1	
16	21	1	
8	72	1	
432	436	1	
430	438	-1	
313	317	1	
301	309	-1	
302	310	1	
442	506	1	
130	132	1	
130	194	1	
128	192	1	
363	427	-1	
32	38	1	
256	260	1	
Energy:	-2118	
