NumberOfQubits	504	
NumberOfSubgraphs	504	
Serial	277	
PlantedSolution:	
0	1	
1	-1	
2	-1	
3	-1	
4	-1	
5	1	
6	-1	
8	-1	
9	1	
10	-1	
11	1	
12	-1	
13	1	
14	-1	
15	-1	
16	-1	
17	-1	
18	-1	
19	-1	
20	-1	
21	1	
22	1	
23	-1	
24	1	
25	1	
26	-1	
27	1	
28	-1	
29	-1	
30	1	
31	-1	
32	1	
33	-1	
34	-1	
35	1	
36	1	
37	-1	
38	1	
39	1	
40	-1	
41	-1	
42	1	
43	-1	
44	-1	
45	-1	
46	1	
47	-1	
48	1	
49	1	
50	1	
51	1	
52	1	
53	1	
54	-1	
55	-1	
56	1	
57	1	
58	1	
59	-1	
60	-1	
61	-1	
62	1	
63	-1	
64	1	
65	-1	
66	-1	
67	1	
68	1	
69	-1	
70	1	
71	1	
72	1	
73	-1	
74	1	
75	-1	
76	-1	
77	-1	
78	1	
79	-1	
80	1	
81	-1	
82	-1	
83	1	
84	1	
85	-1	
86	1	
87	1	
88	1	
89	1	
90	-1	
91	1	
92	1	
93	1	
94	-1	
95	-1	
96	-1	
97	-1	
98	-1	
99	1	
100	-1	
101	-1	
102	1	
103	1	
104	-1	
105	-1	
106	1	
107	1	
108	-1	
109	-1	
110	-1	
111	-1	
112	1	
113	1	
114	-1	
115	1	
116	-1	
117	-1	
118	1	
119	-1	
120	1	
121	1	
123	1	
124	1	
125	1	
126	-1	
127	-1	
128	1	
129	-1	
130	-1	
131	-1	
132	1	
133	1	
134	-1	
135	-1	
136	1	
137	-1	
138	1	
139	-1	
141	-1	
142	-1	
143	1	
144	-1	
145	-1	
146	-1	
147	-1	
148	-1	
149	-1	
150	1	
151	1	
152	-1	
153	1	
154	-1	
155	-1	
156	-1	
157	-1	
158	-1	
159	1	
160	1	
161	-1	
162	-1	
163	1	
164	1	
165	-1	
166	-1	
167	1	
168	-1	
169	1	
170	-1	
171	1	
172	1	
173	1	
174	1	
175	-1	
176	1	
177	-1	
178	-1	
179	-1	
180	-1	
181	-1	
182	-1	
183	-1	
184	1	
185	1	
186	-1	
187	1	
188	-1	
189	-1	
190	-1	
191	1	
192	-1	
193	-1	
194	1	
195	1	
196	-1	
197	-1	
198	-1	
199	1	
200	-1	
201	-1	
202	1	
203	-1	
204	1	
205	1	
206	1	
207	1	
208	1	
209	1	
210	-1	
211	-1	
212	1	
213	-1	
214	1	
215	-1	
216	-1	
217	-1	
218	1	
219	-1	
220	1	
221	1	
222	1	
223	-1	
224	1	
225	1	
226	1	
227	-1	
228	1	
229	1	
230	1	
231	-1	
232	1	
233	1	
234	1	
235	1	
236	-1	
237	-1	
238	-1	
239	-1	
240	-1	
241	1	
242	1	
243	1	
244	1	
245	1	
246	-1	
247	1	
248	-1	
249	1	
250	1	
251	1	
252	1	
253	1	
254	1	
255	-1	
256	1	
257	1	
258	1	
259	1	
260	1	
261	-1	
262	-1	
263	1	
264	-1	
265	-1	
266	1	
267	-1	
268	-1	
269	-1	
270	-1	
271	-1	
272	1	
273	1	
274	1	
275	-1	
276	1	
277	-1	
278	-1	
279	-1	
280	1	
281	1	
282	-1	
283	1	
284	-1	
285	1	
286	1	
287	1	
288	1	
289	-1	
290	-1	
291	-1	
292	1	
293	-1	
294	-1	
295	-1	
296	1	
297	1	
298	1	
299	1	
300	-1	
301	-1	
302	1	
303	-1	
304	1	
305	-1	
306	-1	
307	1	
308	1	
309	1	
310	1	
311	-1	
312	-1	
313	-1	
314	1	
315	1	
316	-1	
317	1	
318	-1	
319	1	
320	-1	
321	-1	
322	-1	
323	1	
324	1	
325	-1	
326	-1	
327	1	
328	1	
329	-1	
330	1	
331	1	
332	1	
333	-1	
334	1	
335	-1	
336	1	
337	1	
338	-1	
339	1	
340	-1	
341	-1	
342	1	
343	1	
344	1	
345	-1	
346	1	
347	1	
348	1	
349	-1	
350	1	
351	1	
352	1	
353	-1	
354	-1	
355	-1	
356	1	
357	-1	
358	-1	
359	-1	
361	1	
362	-1	
363	-1	
364	1	
365	1	
367	1	
368	1	
369	1	
370	-1	
371	-1	
372	1	
373	1	
374	1	
375	1	
376	-1	
377	1	
378	-1	
379	-1	
380	1	
382	-1	
383	1	
384	-1	
385	-1	
386	-1	
387	-1	
388	-1	
389	-1	
390	-1	
391	-1	
392	-1	
393	1	
394	-1	
396	1	
397	1	
398	-1	
399	-1	
400	1	
401	1	
402	1	
403	1	
404	-1	
405	1	
406	-1	
407	-1	
408	-1	
409	1	
410	1	
411	-1	
412	-1	
413	-1	
414	-1	
415	1	
416	1	
417	1	
418	-1	
419	-1	
420	1	
421	1	
422	-1	
424	-1	
425	-1	
426	1	
427	-1	
428	-1	
429	-1	
430	1	
431	1	
432	-1	
433	1	
434	1	
435	1	
436	-1	
437	-1	
438	-1	
439	-1	
440	-1	
441	1	
442	1	
443	-1	
444	1	
445	1	
446	1	
447	-1	
448	-1	
449	-1	
450	1	
451	-1	
452	1	
453	-1	
454	1	
455	-1	
456	-1	
457	-1	
458	-1	
459	-1	
460	1	
461	1	
462	1	
463	-1	
464	1	
465	-1	
466	1	
467	1	
468	-1	
469	1	
470	1	
471	-1	
472	-1	
473	1	
474	1	
475	1	
476	1	
477	1	
478	1	
479	-1	
480	-1	
481	-1	
482	-1	
483	-1	
484	-1	
485	-1	
486	1	
487	1	
488	1	
489	1	
490	1	
491	1	
492	1	
493	1	
494	-1	
495	1	
496	-1	
497	-1	
498	1	
499	1	
500	-1	
501	1	
502	1	
503	-1	
504	-1	
505	1	
506	1	
507	1	
508	-1	
509	1	
510	-1	
511	1	
Js:	
321	324	3	
322	324	4	
322	325	2	
323	325	2	
323	327	-4	
321	327	3	
272	276	-4	
276	284	-3	
281	284	4	
281	286	-1	
278	286	2	
272	278	1	
408	413	-2	
411	413	-5	
411	415	2	
409	415	-3	
409	414	3	
408	414	-3	
128	132	-4	
130	132	3	
130	135	-4	
129	135	-3	
129	134	3	
128	134	4	
297	303	-2	
299	303	4	
299	363	3	
363	365	2	
361	365	-3	
297	361	-3	
345	348	2	
346	348	-2	
346	351	-3	
344	351	1	
344	349	1	
345	349	-4	
88	93	2	
91	93	-3	
91	95	2	
90	95	-3	
90	94	-3	
88	94	4	
154	156	-3	
156	164	1	
160	164	4	
160	166	3	
158	166	-1	
154	158	-2	
265	271	-2	
267	271	2	
267	331	3	
331	332	-4	
329	332	3	
265	329	-3	
48	53	-1	
53	61	2	
58	61	2	
58	63	3	
55	63	3	
48	55	1	
273	279	2	
275	279	2	
275	339	4	
339	340	4	
337	340	2	
273	337	-4	
8	13	2	
9	13	-3	
9	73	3	
73	79	-3	
72	79	3	
8	72	-1	
34	37	-3	
35	37	3	
35	99	-3	
99	101	3	
98	101	2	
34	98	-3	
192	196	-4	
193	196	3	
193	257	3	
257	262	3	
256	262	1	
192	256	2	
378	383	4	
379	383	2	
379	443	-3	
443	447	-4	
442	447	2	
378	442	2	
226	228	-2	
227	228	5	
227	291	-2	
291	294	-3	
290	294	-3	
226	290	-2	
424	429	-4	
426	429	-1	
426	490	-3	
490	493	-4	
488	493	-3	
424	488	2	
137	141	-4	
138	141	-1	
138	143	-2	
139	143	3	
139	142	-5	
137	142	-1	
368	372	-2	
369	372	-4	
369	375	-2	
370	375	-2	
370	373	2	
368	373	-2	
217	220	6	
219	220	2	
219	221	4	
218	221	3	
218	223	3	
217	223	-5	
114	119	2	
115	119	4	
115	179	1	
179	181	-4	
178	181	-3	
114	178	-1	
393	398	2	
398	406	-3	
400	406	-1	
400	407	3	
399	407	-3	
393	399	3	
80	87	-2	
81	87	4	
81	145	-2	
145	151	2	
144	151	4	
80	144	-1	
200	204	2	
202	204	-2	
202	207	5	
201	207	3	
201	205	3	
200	205	3	
386	390	3	
387	390	-3	
387	451	-1	
451	454	4	
450	454	-2	
386	450	1	
232	236	5	
235	236	5	
235	237	2	
234	237	3	
234	239	3	
232	239	-1	
106	108	3	
107	108	2	
107	109	3	
104	109	-2	
104	110	1	
106	110	2	
464	468	-4	
466	468	2	
466	470	-3	
465	470	3	
465	469	3	
464	469	-2	
184	188	3	
186	188	-5	
186	190	2	
185	190	3	
185	189	4	
184	189	3	
432	439	-3	
434	439	1	
434	498	-1	
498	500	-2	
496	500	-5	
432	496	-2	
168	173	-3	
171	173	-2	
171	174	-2	
170	174	2	
170	175	-3	
168	175	-3	
24	28	3	
25	28	4	
25	29	2	
26	29	-3	
26	30	-2	
24	30	-2	
312	316	-3	
315	316	3	
315	318	2	
313	318	-2	
313	317	2	
312	317	-2	
18	20	-5	
19	20	-3	
19	21	3	
16	21	-3	
16	23	-4	
18	23	-2	
209	213	3	
211	213	-3	
211	214	2	
208	214	-3	
208	215	4	
209	215	3	
240	244	1	
243	244	-3	
243	247	-3	
242	247	2	
242	245	-5	
240	245	4	
288	295	3	
289	295	-3	
289	353	1	
353	356	3	
352	356	-3	
288	352	-1	
481	484	2	
482	484	-2	
482	486	4	
483	486	2	
483	485	-2	
481	485	-1	
2	5	3	
3	5	4	
3	67	2	
67	69	2	
66	69	-2	
2	66	2	
458	460	4	
459	460	3	
459	463	2	
457	463	-2	
457	462	4	
458	462	1	
305	308	3	
307	308	1	
307	311	1	
306	311	-3	
306	309	1	
305	309	5	
394	396	-3	
396	404	1	
402	404	2	
402	405	-3	
397	405	-1	
394	397	1	
41	45	-4	
43	45	-2	
43	46	4	
42	46	-3	
42	47	4	
41	47	-3	
497	501	4	
501	509	1	
504	509	2	
504	511	2	
503	511	3	
497	503	-3	
120	124	-4	
121	124	2	
121	127	3	
123	127	2	
123	126	4	
120	126	1	
416	420	-3	
420	428	1	
425	428	1	
425	430	3	
422	430	1	
416	422	3	
473	476	-4	
474	476	-3	
474	479	-2	
475	479	3	
475	478	-3	
473	478	-3	
10	14	-3	
11	14	3	
11	75	3	
75	76	1	
74	76	3	
10	74	1	
248	252	2	
250	252	3	
250	255	2	
249	255	1	
249	253	-4	
248	253	2	
384	388	-2	
385	388	-4	
385	449	-1	
449	452	4	
448	452	3	
384	448	1	
112	117	3	
113	117	3	
113	177	-2	
177	180	-2	
176	180	3	
112	176	-2	
82	86	4	
83	86	-3	
83	147	-2	
147	148	-3	
146	148	-3	
82	146	-1	
264	268	-1	
266	268	3	
266	330	-3	
330	333	2	
328	333	3	
264	328	-3	
0	6	3	
1	6	-3	
1	65	-2	
65	70	2	
64	70	-3	
0	64	2	
152	157	2	
157	165	-1	
162	165	-5	
162	167	3	
159	167	-1	
152	159	1	
376	382	-3	
377	382	2	
377	441	-1	
441	446	-4	
440	446	-2	
376	440	-2	
194	198	4	
195	198	3	
195	259	-2	
259	263	-3	
258	263	-3	
194	258	1	
32	36	-3	
33	36	3	
33	97	-3	
97	100	-3	
96	100	2	
32	96	3	
49	52	-4	
52	60	2	
57	60	-4	
57	62	-2	
54	62	3	
49	54	2	
354	357	-3	
355	357	-4	
355	419	-2	
419	421	4	
418	421	-1	
354	418	-3	
505	508	3	
507	508	4	
507	510	-3	
506	510	2	
506	509	-4	
505	509	-4	
433	436	3	
436	444	4	
442	444	-1	
442	445	-3	
437	445	-2	
433	437	2	
337	341	2	
338	341	-4	
338	343	4	
336	343	-2	
336	342	-5	
337	342	-4	
274	277	2	
277	285	2	
283	285	-2	
283	287	2	
279	287	1	
274	279	3	
425	431	2	
427	431	3	
427	491	3	
491	494	-2	
489	494	2	
425	489	2	
296	300	2	
299	300	1	
299	302	-3	
298	302	-4	
298	301	-1	
296	301	3	
225	230	-4	
230	238	2	
233	238	3	
233	239	4	
231	239	-2	
225	231	3	
304	310	-3	
310	318	4	
314	318	-2	
314	319	-2	
311	319	3	
304	311	3	
347	350	-3	
350	358	2	
352	358	2	
352	359	3	
351	359	3	
347	351	-2	
27	30	3	
30	38	-1	
32	38	-2	
32	39	-2	
31	39	3	
27	31	1	
99	102	-2	
102	110	2	
105	110	-4	
105	111	1	
103	111	3	
99	103	-2	
408	412	-1	
410	412	3	
410	474	-3	
474	477	-1	
472	477	4	
408	472	3	
177	182	-2	
182	190	2	
187	190	4	
187	191	-3	
183	191	1	
177	183	-4	
89	92	-5	
91	92	1	
91	155	2	
155	159	3	
153	159	-2	
89	153	-2	
401	405	-3	
403	405	-2	
403	467	-4	
467	471	2	
465	471	-2	
401	465	-2	
203	204	2	
204	212	-2	
210	212	2	
210	214	3	
206	214	-2	
203	206	-3	
241	246	4	
246	254	4	
251	254	-2	
251	255	5	
247	255	-1	
241	247	-2	
320	326	-4	
326	334	3	
330	334	-3	
330	335	3	
327	335	3	
320	327	-1	
216	222	3	
218	222	-4	
218	282	-1	
282	285	2	
280	285	-3	
216	280	1	
451	453	-3	
453	461	2	
456	461	2	
456	463	3	
455	463	-2	
451	455	-2	
480	484	-2	
484	492	2	
491	492	-4	
491	495	2	
487	495	-2	
480	487	3	
433	438	4	
435	438	2	
435	499	2	
499	502	-4	
497	502	3	
433	497	1	
362	364	4	
364	372	3	
371	372	2	
371	375	3	
367	375	-2	
362	367	2	
66	71	3	
67	71	-3	
67	131	2	
131	133	4	
130	133	2	
66	130	2	
160	167	-4	
163	167	-3	
163	227	1	
227	229	-1	
224	229	-4	
160	224	-1	
76	84	3	
80	84	3	
80	85	4	
77	85	-2	
74	77	3	
136	141	3	
141	149	-1	
145	149	1	
145	150	2	
142	150	1	
136	142	2	
50	53	-4	
51	53	-3	
51	115	-3	
115	118	2	
114	118	3	
50	114	3	
8	14	-5	
14	22	2	
17	22	4	
17	23	-2	
15	23	2	
8	15	-2	
256	260	-3	
260	268	3	
265	268	-2	
265	269	2	
261	269	-2	
256	261	3	
387	389	-2	
389	397	4	
392	397	3	
392	399	-2	
391	399	2	
387	391	-3	
161	164	2	
164	172	1	
169	172	-2	
169	174	-2	
166	174	1	
161	166	-3	
56	61	-4	
59	61	-4	
59	123	4	
123	125	-2	
120	125	-4	
56	120	-2	
3	4	-3	
4	12	-2	
10	12	2	
10	13	2	
5	13	-1	
193	197	-3	
195	197	3	
195	199	-4	
194	199	-4	
193	198	2	
40	44	-3	
43	44	-4	
41	46	3	
40	45	2	
289	292	2	
290	292	4	
290	295	2	
288	293	4	
289	293	-2	
417	420	-2	
419	420	2	
419	483	-4	
481	486	3	
417	481	-3	
112	116	3	
116	124	4	
119	127	-4	
112	119	1	
307	309	-3	
307	371	2	
371	374	-2	
369	374	-2	
305	369	2	
264	270	-2	
267	270	-1	
331	333	4	
376	380	5	
377	380	3	
377	383	-3	
378	382	-5	
64	68	-2	
65	68	3	
65	129	-1	
64	128	-1	
72	78	-3	
73	78	2	
73	137	-2	
137	143	4	
136	143	-2	
72	136	2	
429	437	-1	
434	437	4	
434	438	3	
430	438	1	
424	430	-3	
148	156	-2	
153	156	4	
153	157	3	
149	157	-3	
146	149	-3	
400	404	-3	
402	406	4	
403	406	2	
403	407	2	
320	324	3	
321	385	2	
385	390	-3	
384	390	-2	
320	384	-3	
228	236	-2	
232	237	1	
229	237	2	
226	229	-3	
459	461	-3	
461	469	-2	
467	469	-2	
467	470	-2	
462	470	-2	
459	462	2	
493	501	1	
498	501	-1	
498	502	-3	
494	502	2	
490	494	2	
178	183	-1	
179	183	-2	
179	243	2	
242	244	2	
178	242	2	
208	212	-2	
211	212	2	
211	215	-2	
210	215	2	
210	213	-3	
208	213	1	
281	287	-2	
282	287	4	
282	346	2	
346	349	2	
281	345	-3	
170	172	2	
171	172	-3	
171	175	3	
170	173	3	
297	300	2	
298	300	4	
296	302	2	
297	301	3	
51	54	2	
56	62	-4	
56	63	2	
51	55	2	
90	93	-1	
93	101	2	
96	101	-3	
96	102	3	
94	102	2	
248	254	2	
251	315	-1	
248	312	1	
440	444	2	
441	444	-4	
441	447	2	
443	445	2	
440	445	-3	
27	28	2	
27	29	2	
26	31	-2	
24	31	3	
500	508	-1	
505	511	-2	
496	503	2	
202	205	-1	
200	207	2	
200	206	3	
201	206	1	
274	278	3	
275	278	-2	
339	341	3	
274	338	4	
82	84	-2	
83	84	-1	
83	87	-1	
81	85	-1	
82	85	-2	
475	476	1	
475	477	-3	
472	479	-2	
473	479	2	
105	108	-3	
106	111	3	
107	111	3	
105	109	-2	
258	260	1	
259	260	-4	
257	263	-2	
258	262	4	
356	364	-1	
363	364	3	
363	367	3	
359	367	-1	
353	359	-2	
185	188	2	
186	189	-2	
184	191	-3	
185	191	-3	
426	428	3	
428	436	1	
435	436	2	
435	439	4	
431	439	1	
426	431	-4	
336	340	3	
340	348	1	
347	348	3	
342	350	-1	
450	452	-2	
450	455	3	
448	455	3	
448	454	4	
449	454	3	
418	422	-4	
418	482	-2	
482	485	-2	
480	485	-4	
416	480	-3	
304	308	-2	
306	308	3	
306	370	3	
370	374	4	
368	374	-3	
304	368	-3	
35	39	-2	
33	39	3	
33	38	-2	
34	38	4	
409	412	2	
410	414	3	
411	414	1	
409	413	2	
216	220	-1	
219	223	-3	
216	221	3	
393	396	-3	
394	458	-2	
457	460	2	
393	457	1	
283	284	2	
284	292	-2	
291	292	2	
286	294	2	
283	286	-3	
92	100	1	
98	100	2	
98	103	4	
95	103	1	
89	95	1	
16	22	2	
18	22	1	
250	253	-4	
250	314	-1	
314	317	-4	
249	313	-1	
233	237	2	
237	245	2	
240	246	1	
238	246	-1	
1	4	-4	
2	4	-3	
0	5	-3	
9	12	3	
11	12	3	
75	77	-4	
73	77	2	
161	165	-4	
162	226	1	
226	231	1	
161	225	-1	
48	52	-3	
49	113	-2	
48	112	2	
323	326	2	
329	334	4	
329	335	1	
268	276	-1	
272	277	4	
269	277	-1	
266	269	2	
144	150	3	
150	158	-3	
154	159	3	
151	159	-4	
131	132	1	
131	195	1	
192	199	2	
128	192	-2	
386	388	-2	
386	391	-3	
384	391	2	
384	389	-2	
385	389	-2	
42	44	2	
42	106	-2	
104	111	2	
40	104	-2	
178	180	2	
178	182	-3	
179	182	-1	
176	181	2	
489	492	-4	
488	495	-3	
489	493	-2	
355	356	2	
354	358	-3	
353	358	3	
442	446	-2	
442	506	-2	
504	510	-4	
440	504	-2	
58	60	3	
58	62	-4	
59	62	1	
57	61	2	
465	468	-2	
466	471	4	
466	469	-2	
70	78	-4	
74	78	-1	
74	79	-3	
71	79	1	
64	71	-2	
298	303	2	
298	362	2	
362	365	4	
155	157	-2	
155	219	-2	
219	222	1	
152	216	-1	
324	332	-2	
325	333	-2	
114	117	-2	
117	125	3	
121	125	1	
121	126	4	
118	126	3	
224	230	-2	
225	289	3	
224	288	3	
312	319	3	
315	319	2	
315	379	3	
379	380	3	
312	376	-1	
138	142	4	
139	203	-2	
203	207	2	
138	202	-2	
417	421	-4	
483	487	3	
481	487	1	
392	398	-3	
401	406	2	
401	407	2	
265	270	-3	
270	278	2	
273	278	2	
271	279	-2	
280	284	2	
345	350	1	
344	350	-3	
280	344	-2	
241	244	-3	
244	252	-3	
250	254	-3	
496	502	1	
17	20	1	
18	82	-3	
81	86	2	
17	81	-2	
169	175	-1	
170	234	2	
169	233	-3	
66	68	3	
67	68	-2	
131	135	-2	
28	36	-1	
25	31	3	
147	151	-1	
147	211	-3	
209	212	-3	
145	209	2	
449	453	-2	
449	455	-2	
99	100	1	
99	163	1	
163	166	3	
97	161	-1	
194	197	2	
192	198	-2	
410	415	-2	
474	478	-3	
409	473	-2	
45	53	-3	
50	55	2	
47	55	-3	
307	310	-2	
371	373	3	
187	189	-2	
235	299	-2	
296	303	-2	
232	296	-3	
11	13	-4	
11	15	-1	
10	15	-4	
328	332	-1	
332	340	2	
339	343	2	
335	343	1	
328	335	4	
257	261	-2	
256	263	-3	
507	511	-3	
51	52	2	
115	116	2	
113	116	2	
424	428	-3	
427	430	3	
65	69	-3	
69	77	1	
75	78	2	
129	133	3	
133	141	2	
139	141	1	
135	143	3	
488	492	1	
489	495	-2	
490	495	-2	
488	494	3	
213	221	1	
214	222	-2	
341	349	1	
343	351	-1	
176	183	2	
177	241	-1	
240	247	3	
176	240	1	
352	416	2	
438	446	3	
280	286	-2	
280	287	2	
394	398	-3	
456	460	2	
392	456	1	
472	476	1	
476	484	3	
477	485	-2	
403	404	2	
464	471	2	
400	464	-3	
35	36	-2	
35	38	2	
32	37	2	
168	174	3	
169	173	-3	
322	326	-3	
323	387	2	
322	386	-3	
72	76	3	
79	87	1	
17	21	3	
21	29	2	
22	30	-2	
203	267	-1	
267	269	-3	
264	269	-2	
200	264	-1	
147	149	2	
144	149	-2	
146	150	2	
162	164	2	
163	165	2	
88	95	3	
155	158	-3	
152	158	2	
88	152	2	
59	63	2	
313	316	-2	
314	316	-2	
314	378	1	
313	377	3	
104	108	3	
107	110	2	
361	367	-4	
363	427	1	
427	429	-1	
425	429	-3	
361	425	1	
499	500	3	
499	501	-3	
498	503	3	
220	228	-2	
227	231	-3	
223	231	2	
451	452	4	
450	453	4	
90	92	2	
90	154	2	
344	348	-3	
347	411	1	
408	415	3	
344	408	2	
249	252	3	
251	253	-2	
248	255	-3	
209	273	-1	
273	276	1	
208	272	-1	
43	47	1	
40	46	2	
478	486	-2	
482	487	2	
479	487	3	
291	293	-3	
291	295	-2	
288	294	1	
0	4	2	
3	6	-3	
2	6	2	
443	507	-1	
506	508	2	
402	466	-1	
388	396	3	
393	397	-3	
411	412	3	
412	420	2	
413	421	2	
369	373	-2	
365	373	-3	
19	23	-2	
19	83	3	
83	85	-2	
16	80	2	
195	196	-1	
196	204	2	
201	204	2	
197	205	2	
234	238	-3	
266	270	-2	
309	317	-3	
273	277	-2	
272	336	-2	
368	375	-1	
370	434	1	
432	437	-3	
368	432	1	
113	118	-2	
113	119	-1	
259	261	1	
259	323	-2	
321	325	-3	
257	321	1	
48	54	3	
243	245	-2	
457	461	1	
456	462	2	
313	319	2	
34	36	2	
97	103	-1	
12	20	-2	
9	15	3	
129	132	-2	
130	134	-2	
131	134	-2	
292	300	-2	
294	302	2	
349	357	-2	
355	359	-2	
345	351	2	
64	69	2	
65	71	-1	
120	127	-1	
275	277	-1	
267	268	-2	
263	271	1	
301	309	1	
304	309	-1	
303	311	-1	
168	172	1	
172	180	3	
176	182	2	
174	182	-2	
440	447	1	
145	148	-3	
194	196	2	
199	207	1	
418	420	2	
414	422	2	
235	239	1	
390	398	-1	
394	399	-2	
385	391	-2	
467	468	2	
8	12	-2	
6	14	1	
504	508	-2	
505	510	2	
152	156	-2	
50	54	3	
114	116	-1	
281	285	-2	
163	164	-2	
162	166	-1	
97	101	-2	
101	109	2	
97	102	2	
401	404	3	
400	405	-2	
242	246	-1	
243	246	1	
435	437	2	
433	439	-2	
491	493	-1	
355	358	-2	
264	271	-3	
346	350	2	
346	410	-1	
427	428	1	
361	364	1	
308	316	2	
312	318	-2	
306	310	-2	
84	92	-2	
89	93	-3	
85	93	1	
100	108	-1	
173	181	-1	
177	181	-1	
175	183	-2	
293	301	-1	
387	388	1	
192	197	2	
198	206	1	
374	382	1	
375	383	-2	
24	29	-2	
29	37	-1	
59	60	-3	
57	121	-2	
458	461	2	
458	463	-1	
226	230	-3	
224	231	-1	
336	341	-2	
258	261	2	
262	270	-2	
19	22	1	
416	421	-1	
187	188	2	
184	190	-1	
186	191	2	
171	235	1	
235	238	1	
432	436	-2	
432	438	1	
68	76	2	
67	70	1	
128	133	-1	
146	151	-1	
490	492	1	
305	311	1	
502	510	1	
275	276	1	
282	284	-1	
282	286	2	
26	28	-2	
27	91	-2	
91	94	2	
26	90	1	
348	356	-1	
354	356	2	
347	349	2	
193	199	-1	
257	260	-1	
249	254	-1	
289	294	1	
295	303	-1	
212	220	1	
217	222	1	
106	109	2	
109	117	1	
110	118	1	
417	422	2	
1	5	3	
161	167	-1	
86	94	1	
87	95	2	
82	87	-2	
472	478	2	
57	63	2	
439	447	-1	
179	180	-2	
232	238	2	
25	30	-2	
107	171	-1	
104	168	-2	
463	471	-2	
372	380	-1	
376	383	-1	
130	194	1	
41	44	-1	
44	52	1	
46	54	-1	
337	343	-2	
146	210	-2	
402	407	-2	
300	308	1	
302	310	1	
216	223	1	
486	494	-1	
496	501	-2	
283	347	-1	
202	206	-2	
203	205	2	
506	511	2	
251	252	-1	
266	271	2	
98	102	1	
96	103	1	
443	444	1	
441	445	-2	
299	301	-1	
33	37	-1	
34	39	2	
352	357	1	
353	357	-2	
354	359	-1	
224	228	-1	
144	148	-1	
144	208	-1	
40	47	-1	
25	89	-1	
469	477	1	
470	478	-1	
452	460	1	
454	462	-1	
330	394	1	
392	396	2	
328	392	1	
137	201	-1	
136	200	-1	
434	436	2	
426	430	-1	
315	317	-1	
241	245	-1	
243	307	-1	
241	305	-1	
334	342	1	
331	334	-1	
75	79	-1	
75	139	-1	
74	138	-1	
81	84	-1	
473	477	-1	
379	382	-1	
443	446	-1	
154	218	-1	
187	251	1	
184	248	2	
460	468	2	
225	229	-1	
234	298	-1	
259	262	-2	
43	107	-1	
41	105	-1	
495	503	-1	
16	20	1	
147	150	-1	
320	325	1	
112	118	-1	
464	470	1	
448	453	1	
507	509	-1	
105	169	1	
287	295	-1	
153	158	1	
221	229	-1	
222	230	-1	
483	484	1	
205	213	-1	
42	45	1	
49	53	-1	
49	55	1	
404	412	-1	
405	413	1	
88	92	1	
181	189	-1	
329	333	-1	
353	417	-1	
497	500	-1	
18	21	1	
290	293	-1	
285	293	1	
239	247	1	
154	157	1	
207	215	1	
485	493	-1	
186	250	-1	
441	505	-1	
36	44	1	
38	46	1	
322	327	1	
258	322	1	
134	142	1	
339	342	-1	
Energy:	-2134	
