NumberOfQubits	504	
NumberOfSubgraphs	756	
Serial	62	
PlantedSolution:	
0	1	
1	1	
2	-1	
3	-1	
4	-1	
5	1	
6	-1	
8	-1	
9	-1	
10	1	
11	-1	
12	1	
13	1	
14	1	
15	1	
16	-1	
17	-1	
18	1	
19	1	
20	-1	
21	1	
22	-1	
23	-1	
24	1	
25	1	
26	1	
27	-1	
28	1	
29	1	
30	1	
31	1	
32	1	
33	1	
34	-1	
35	1	
36	-1	
37	1	
38	1	
39	1	
40	1	
41	-1	
42	-1	
43	-1	
44	1	
45	-1	
46	-1	
47	-1	
48	1	
49	1	
50	-1	
51	-1	
52	-1	
53	1	
54	-1	
55	1	
56	1	
57	-1	
58	1	
59	1	
60	-1	
61	-1	
62	-1	
63	1	
64	1	
65	-1	
66	-1	
67	1	
68	1	
69	1	
70	1	
71	1	
72	-1	
73	1	
74	1	
75	1	
76	1	
77	-1	
78	1	
79	-1	
80	-1	
81	1	
82	-1	
83	-1	
84	-1	
85	1	
86	1	
87	1	
88	1	
89	-1	
90	1	
91	1	
92	1	
93	-1	
94	1	
95	-1	
96	1	
97	1	
98	1	
99	-1	
100	-1	
101	-1	
102	-1	
103	1	
104	-1	
105	-1	
106	-1	
107	1	
108	-1	
109	-1	
110	1	
111	1	
112	1	
113	1	
114	1	
115	1	
116	1	
117	-1	
118	1	
119	1	
120	-1	
121	-1	
123	1	
124	1	
125	1	
126	-1	
127	1	
128	-1	
129	-1	
130	1	
131	1	
132	1	
133	1	
134	-1	
135	1	
136	-1	
137	-1	
138	-1	
139	-1	
141	1	
142	-1	
143	-1	
144	1	
145	1	
146	-1	
147	-1	
148	1	
149	1	
150	-1	
151	1	
152	1	
153	-1	
154	1	
155	1	
156	1	
157	-1	
158	1	
159	1	
160	-1	
161	-1	
162	-1	
163	-1	
164	-1	
165	-1	
166	-1	
167	-1	
168	-1	
169	1	
170	-1	
171	1	
172	-1	
173	-1	
174	1	
175	1	
176	1	
177	1	
178	-1	
179	-1	
180	-1	
181	-1	
182	1	
183	1	
184	-1	
185	-1	
186	-1	
187	-1	
188	1	
189	1	
190	-1	
191	1	
192	-1	
193	-1	
194	-1	
195	-1	
196	1	
197	-1	
198	1	
199	1	
200	-1	
201	1	
202	-1	
203	-1	
204	-1	
205	-1	
206	1	
207	-1	
208	-1	
209	-1	
210	-1	
211	-1	
212	-1	
213	-1	
214	-1	
215	1	
216	-1	
217	1	
218	1	
219	-1	
220	-1	
221	1	
222	1	
223	1	
224	1	
225	1	
226	-1	
227	1	
228	-1	
229	-1	
230	-1	
231	-1	
232	1	
233	-1	
234	-1	
235	1	
236	-1	
237	-1	
238	-1	
239	-1	
240	1	
241	-1	
242	1	
243	1	
244	1	
245	1	
246	-1	
247	1	
248	1	
249	1	
250	1	
251	1	
252	1	
253	-1	
254	-1	
255	-1	
256	1	
257	1	
258	-1	
259	1	
260	-1	
261	1	
262	-1	
263	1	
264	-1	
265	-1	
266	-1	
267	1	
268	1	
269	-1	
270	-1	
271	-1	
272	-1	
273	-1	
274	1	
275	1	
276	-1	
277	1	
278	1	
279	-1	
280	1	
281	1	
282	-1	
283	-1	
284	1	
285	1	
286	-1	
287	1	
288	-1	
289	-1	
290	-1	
291	-1	
292	1	
293	1	
294	-1	
295	1	
296	-1	
297	1	
298	-1	
299	1	
300	1	
301	-1	
302	-1	
303	-1	
304	1	
305	-1	
306	-1	
307	-1	
308	-1	
309	-1	
310	-1	
311	-1	
312	1	
313	-1	
314	-1	
315	1	
316	1	
317	-1	
318	-1	
319	1	
320	-1	
321	1	
322	1	
323	1	
324	-1	
325	-1	
326	-1	
327	1	
328	-1	
329	1	
330	-1	
331	-1	
332	1	
333	-1	
334	-1	
335	1	
336	1	
337	-1	
338	-1	
339	1	
340	1	
341	-1	
342	-1	
343	1	
344	-1	
345	1	
346	-1	
347	1	
348	1	
349	-1	
350	-1	
351	1	
352	-1	
353	1	
354	-1	
355	1	
356	-1	
357	-1	
358	1	
359	1	
361	1	
362	1	
363	1	
364	-1	
365	1	
367	-1	
368	-1	
369	1	
370	1	
371	1	
372	-1	
373	-1	
374	1	
375	-1	
376	-1	
377	-1	
378	-1	
379	1	
380	1	
382	-1	
383	1	
384	-1	
385	1	
386	-1	
387	1	
388	-1	
389	-1	
390	1	
391	-1	
392	1	
393	1	
394	1	
396	-1	
397	-1	
398	1	
399	1	
400	1	
401	-1	
402	1	
403	-1	
404	1	
405	1	
406	1	
407	-1	
408	1	
409	-1	
410	-1	
411	1	
412	-1	
413	-1	
414	1	
415	1	
416	1	
417	-1	
418	-1	
419	-1	
420	1	
421	-1	
422	-1	
424	-1	
425	-1	
426	-1	
427	-1	
428	-1	
429	-1	
430	-1	
431	-1	
432	-1	
433	1	
434	1	
435	-1	
436	1	
437	-1	
438	1	
439	-1	
440	-1	
441	1	
442	-1	
443	-1	
444	-1	
445	1	
446	1	
447	1	
448	1	
449	1	
450	1	
451	-1	
452	1	
453	-1	
454	-1	
455	-1	
456	1	
457	1	
458	1	
459	-1	
460	1	
461	1	
462	-1	
463	-1	
464	1	
465	1	
466	1	
467	1	
468	1	
469	1	
470	-1	
471	1	
472	1	
473	-1	
474	-1	
475	-1	
476	-1	
477	-1	
478	1	
479	1	
480	1	
481	1	
482	-1	
483	-1	
484	1	
485	-1	
486	-1	
487	1	
488	1	
489	1	
490	-1	
491	1	
492	1	
493	-1	
494	1	
495	1	
496	1	
497	1	
498	-1	
499	-1	
500	-1	
501	1	
502	1	
503	1	
504	1	
505	-1	
506	1	
507	1	
508	1	
509	1	
510	-1	
511	-1	
Js:	
18	20	4	
19	20	3	
19	22	3	
16	22	-4	
16	23	-4	
18	23	4	
176	182	-4	
182	190	3	
185	190	-4	
185	191	3	
183	191	4	
176	183	-5	
272	276	-3	
275	276	3	
275	278	-2	
274	278	6	
274	277	-3	
272	277	2	
96	102	2	
97	102	5	
97	161	-2	
161	164	-7	
160	164	-1	
96	160	1	
347	349	4	
349	357	-3	
353	357	8	
353	359	-3	
351	359	-2	
347	351	-4	
419	420	5	
420	428	3	
424	428	-5	
424	429	-4	
421	429	-4	
419	421	-4	
320	324	-4	
323	324	-4	
323	387	-1	
387	389	6	
384	389	-4	
320	384	-2	
193	196	5	
195	196	5	
195	259	-1	
259	261	-4	
257	261	-4	
193	257	1	
219	220	-5	
220	228	-3	
227	228	4	
227	230	-6	
222	230	2	
219	222	3	
168	172	-3	
169	172	5	
169	233	-2	
233	239	-4	
232	239	4	
168	232	3	
201	206	-5	
202	206	4	
202	266	-2	
266	269	-6	
265	269	-2	
201	265	3	
243	244	-6	
244	252	2	
248	252	-7	
248	255	1	
247	255	4	
243	247	-4	
337	340	-4	
339	340	-6	
339	341	5	
338	341	-4	
338	343	4	
337	343	4	
314	317	1	
315	317	4	
315	319	-5	
312	319	-3	
312	318	4	
314	318	-3	
88	93	5	
89	93	3	
89	94	6	
91	94	-2	
91	95	6	
88	95	3	
32	37	-4	
35	37	-5	
35	39	2	
33	39	-4	
33	38	-5	
32	38	-4	
210	212	-4	
211	212	3	
211	215	4	
209	215	3	
209	214	-3	
210	214	-5	
241	245	2	
242	245	-3	
242	306	2	
306	308	4	
305	308	-6	
241	305	-3	
65	68	4	
68	76	-4	
74	76	-3	
74	77	3	
69	77	-6	
65	69	1	
42	47	-5	
43	47	-5	
43	107	4	
107	111	-6	
106	111	4	
42	106	-4	
497	500	5	
499	500	-6	
499	501	3	
498	501	5	
498	503	4	
497	503	-3	
224	231	3	
226	231	-4	
226	290	-3	
290	292	-4	
288	292	4	
224	288	3	
449	452	-4	
452	460	-5	
459	460	5	
459	463	-5	
455	463	-4	
449	455	3	
26	28	-5	
27	28	6	
27	31	3	
25	31	-6	
25	30	-2	
26	30	3	
377	382	-5	
379	382	6	
379	443	3	
443	447	4	
441	447	-6	
377	441	-3	
128	132	4	
130	132	-6	
130	133	-4	
129	133	6	
129	135	4	
128	135	5	
400	404	-3	
403	404	4	
403	407	-4	
402	407	5	
402	405	-2	
400	405	-4	
58	60	4	
59	60	4	
59	61	3	
56	61	5	
56	63	-5	
58	63	-3	
408	413	-4	
411	413	4	
411	475	2	
475	478	5	
472	478	-5	
408	472	-2	
136	141	4	
139	141	4	
139	142	-4	
138	142	-5	
138	143	-4	
136	143	-4	
328	333	-6	
329	333	2	
329	393	2	
393	398	-3	
392	398	-4	
328	392	2	
120	124	3	
123	124	-6	
123	127	-4	
121	127	-2	
121	125	4	
120	125	6	
482	484	5	
484	492	-1	
491	492	-5	
491	495	-4	
487	495	2	
482	487	4	
440	446	4	
442	446	5	
442	506	3	
506	511	3	
504	511	4	
440	504	-2	
152	156	-5	
154	156	-2	
154	158	-5	
153	158	3	
153	159	6	
152	159	1	
280	284	-5	
282	284	5	
282	287	4	
281	287	-4	
281	286	-2	
280	286	4	
40	44	-4	
44	52	2	
48	52	-3	
48	54	1	
46	54	-3	
40	46	3	
186	189	4	
187	189	-3	
187	251	3	
251	254	5	
250	254	4	
186	250	4	
370	372	4	
371	372	-3	
371	374	-4	
369	374	-4	
369	373	6	
370	373	4	
434	436	-6	
435	436	5	
435	437	-4	
433	437	4	
433	438	-3	
434	438	3	
465	468	3	
466	468	-3	
466	469	-4	
467	469	-4	
467	471	-3	
465	471	-6	
298	301	-5	
299	301	3	
299	302	6	
297	302	-3	
297	303	5	
298	303	-5	
82	85	5	
83	85	6	
83	87	2	
81	87	-4	
81	86	-5	
82	86	-3	
144	148	-4	
146	148	4	
146	151	2	
145	151	5	
145	150	5	
144	150	5	
192	198	4	
194	198	7	
194	258	-2	
258	263	6	
256	263	-4	
192	256	2	
10	12	-7	
11	12	3	
11	15	5	
9	15	4	
9	13	4	
10	13	3	
112	116	5	
115	116	-3	
115	117	3	
114	117	6	
114	119	-6	
112	119	-4	
352	356	-4	
354	356	3	
354	418	-6	
418	422	-5	
416	422	4	
352	416	4	
362	364	4	
363	364	7	
363	427	-1	
427	430	-6	
426	430	-1	
362	426	3	
0	4	-3	
2	4	-4	
2	6	-4	
1	6	5	
1	5	-4	
0	5	-4	
450	453	3	
453	461	-3	
456	461	-2	
456	462	6	
454	462	-4	
450	454	4	
483	485	-6	
485	493	-2	
488	493	2	
488	494	5	
486	494	1	
483	486	-3	
200	204	2	
203	204	-5	
203	267	3	
267	271	3	
264	271	-5	
200	264	-4	
321	327	-4	
322	327	-5	
322	386	-2	
386	391	-5	
385	391	2	
321	385	-1	
409	412	-4	
410	412	-5	
410	474	2	
474	477	-4	
473	477	-6	
409	473	-2	
163	165	4	
165	173	-3	
171	173	3	
171	174	-7	
166	174	2	
163	166	-2	
99	100	-4	
100	108	-2	
105	108	6	
105	109	-3	
101	109	-4	
99	101	-2	
67	70	2	
70	78	-4	
73	78	-4	
73	79	4	
71	79	6	
67	71	-4	
240	246	6	
243	246	2	
243	307	2	
307	310	-4	
304	310	4	
240	304	-3	
49	53	-4	
50	53	-4	
50	55	3	
51	55	5	
51	54	-5	
49	54	3	
289	293	-6	
291	293	3	
291	295	5	
290	295	4	
290	294	-2	
289	294	-5	
505	508	5	
507	508	-3	
507	510	4	
506	510	2	
506	509	-4	
505	509	4	
177	180	3	
178	180	-3	
178	183	3	
179	183	4	
179	181	-3	
177	181	6	
346	348	3	
348	356	3	
355	356	4	
355	358	-4	
350	358	4	
346	350	-4	
368	372	-4	
372	380	2	
376	380	6	
376	383	5	
375	383	-2	
368	375	-5	
331	334	-4	
334	342	-3	
336	342	5	
336	343	-3	
335	343	-3	
331	335	-4	
234	236	-3	
235	236	4	
235	237	4	
232	237	2	
232	238	2	
234	238	-3	
208	213	-4	
213	221	3	
216	221	3	
216	223	3	
215	223	4	
208	215	5	
401	406	7	
406	414	4	
411	414	-6	
411	415	-4	
407	415	3	
401	407	-2	
98	103	3	
99	103	5	
99	163	-1	
163	167	-3	
162	167	-3	
98	162	2	
328	332	3	
330	332	5	
330	394	2	
394	399	-4	
392	399	5	
104	110	4	
106	110	6	
106	170	-2	
170	175	5	
168	175	4	
104	168	-2	
17	21	-3	
21	29	-2	
24	29	-5	
24	30	-5	
22	30	3	
17	22	-4	
256	260	3	
260	268	3	
266	268	1	
266	270	-4	
262	270	-5	
256	262	-4	
361	365	-7	
362	365	-5	
426	431	-4	
425	431	-4	
361	425	-2	
194	197	-2	
197	205	6	
200	205	-3	
200	207	-5	
199	207	6	
194	199	1	
432	439	-3	
435	439	1	
435	499	-4	
499	502	4	
496	502	-5	
432	496	3	
8	14	-4	
11	14	4	
11	75	3	
75	76	-3	
72	76	4	
8	72	-2	
80	84	-2	
84	92	5	
90	92	-2	
90	95	1	
87	95	5	
80	87	-4	
248	253	4	
249	253	5	
249	313	-1	
313	316	3	
312	316	-3	
248	312	-2	
147	149	6	
149	157	1	
155	157	-3	
155	159	-4	
151	159	-2	
147	151	4	
34	36	-7	
36	44	3	
41	44	4	
41	45	-6	
37	45	-2	
34	37	3	
273	277	6	
277	285	2	
283	285	5	
283	287	4	
279	287	2	
273	279	-3	
384	388	4	
388	396	-5	
393	396	3	
393	397	6	
389	397	-5	
416	420	-3	
417	420	3	
417	481	3	
481	485	1	
480	485	-3	
416	480	-3	
464	468	-4	
468	476	5	
472	476	4	
470	478	4	
464	470	4	
64	68	-3	
67	68	-3	
67	131	-2	
131	134	5	
128	134	-4	
64	128	-1	
218	221	-3	
221	229	2	
225	229	5	
225	231	4	
223	231	-3	
218	223	-4	
56	62	3	
57	62	-5	
57	121	-3	
121	126	-5	
120	126	-3	
56	120	3	
296	300	5	
300	308	3	
305	309	1	
301	309	-3	
296	301	-5	
490	492	4	
491	493	5	
489	493	3	
489	495	-4	
490	495	4	
448	452	-4	
449	454	4	
451	454	3	
451	453	-5	
448	453	5	
345	349	4	
346	349	3	
346	351	5	
344	351	2	
344	350	-3	
345	350	6	
322	324	-3	
322	326	3	
323	326	4	
323	325	5	
320	325	-4	
104	108	-5	
108	116	-2	
113	116	-4	
113	118	-4	
110	118	-2	
184	188	5	
186	188	2	
186	190	-5	
187	190	-3	
184	189	4	
441	444	4	
442	444	-4	
442	445	2	
443	445	5	
457	461	-4	
458	461	-5	
458	462	5	
456	463	-4	
457	463	5	
469	477	3	
474	479	5	
471	479	2	
3	4	-6	
4	12	-1	
9	12	4	
5	13	-3	
3	5	4	
137	143	-4	
139	143	-4	
139	203	-3	
203	205	-3	
201	205	-2	
137	201	3	
306	311	-4	
307	311	-5	
307	371	4	
371	375	-1	
370	375	2	
306	370	4	
216	222	2	
217	222	-4	
217	281	4	
281	285	-5	
280	285	-2	
216	280	5	
378	380	4	
378	382	-4	
377	383	5	
357	365	3	
361	367	4	
359	367	-3	
65	70	4	
66	70	3	
66	130	1	
129	132	2	
65	129	2	
385	388	4	
387	388	3	
387	391	5	
386	390	-3	
385	390	-5	
264	269	-1	
267	269	-3	
267	270	3	
265	270	-3	
265	271	-2	
234	237	-5	
235	238	5	
233	238	-4	
234	239	4	
257	260	-4	
259	260	5	
258	261	3	
257	263	-3	
72	77	-3	
73	77	4	
73	137	-2	
137	141	6	
72	136	-4	
155	156	-6	
153	157	-6	
152	158	-5	
336	341	4	
337	342	-4	
25	28	-4	
27	91	2	
25	89	2	
96	100	3	
98	100	4	
98	102	4	
97	101	3	
96	101	6	
481	484	-4	
480	487	-4	
480	486	5	
481	486	6	
162	164	-2	
164	172	2	
170	172	-4	
167	175	3	
177	182	-3	
178	182	3	
178	242	4	
242	244	1	
241	244	3	
177	241	4	
250	253	-2	
251	255	6	
249	255	5	
58	61	5	
59	62	4	
57	63	-5	
33	36	3	
34	39	5	
35	38	-4	
17	20	-5	
18	21	-4	
19	21	-5	
19	23	3	
17	23	-3	
288	293	3	
291	294	-3	
288	295	4	
424	430	-4	
430	438	3	
433	439	-5	
431	439	-3	
424	431	-3	
0	6	4	
2	66	5	
66	69	4	
64	69	-3	
0	64	-5	
497	501	-3	
496	503	-4	
497	502	3	
82	84	-4	
81	85	-2	
80	86	4	
147	148	4	
147	150	1	
145	149	-4	
146	149	3	
404	412	2	
408	412	3	
405	413	3	
49	52	4	
50	52	-3	
50	114	4	
113	117	3	
49	113	-4	
209	213	-4	
210	213	-4	
210	274	2	
274	276	5	
273	276	-5	
209	273	2	
43	45	-3	
105	111	2	
41	105	-3	
297	300	-3	
299	300	3	
298	302	-3	
504	509	-4	
507	509	-4	
507	511	5	
505	511	-3	
505	510	-5	
504	510	3	
224	228	3	
226	228	-4	
226	229	-3	
227	229	4	
224	230	4	
195	197	-4	
192	197	-4	
192	199	5	
193	199	4	
436	444	3	
440	444	-4	
440	445	3	
437	445	5	
434	437	-2	
329	332	-4	
331	332	-2	
331	333	-3	
330	333	-2	
330	334	-2	
329	334	1	
48	55	-4	
51	115	3	
115	119	-3	
48	112	-5	
304	309	4	
309	317	-5	
311	319	3	
304	311	3	
354	358	5	
355	419	5	
418	421	2	
26	29	3	
26	90	-2	
90	93	6	
24	88	-2	
208	214	-2	
211	214	4	
211	275	3	
275	279	5	
272	279	-5	
208	272	-3	
160	165	-5	
169	173	4	
169	174	2	
160	166	-4	
402	406	1	
402	466	-4	
466	470	4	
465	470	3	
401	465	2	
218	220	4	
219	283	-3	
283	286	-2	
282	286	-6	
218	282	-2	
176	180	4	
180	188	4	
185	188	4	
185	189	-4	
181	189	3	
176	181	4	
74	78	-4	
75	78	-4	
75	139	-3	
74	138	3	
409	415	3	
410	415	3	
473	479	4	
425	428	-4	
426	428	-5	
426	490	2	
490	494	5	
489	494	-5	
425	489	3	
394	398	-4	
394	458	2	
458	460	-3	
457	460	-4	
393	457	-1	
123	126	4	
368	374	3	
314	316	5	
315	316	-3	
315	318	-2	
313	318	-3	
313	319	4	
314	319	3	
323	327	1	
321	326	4	
320	326	-3	
240	245	-5	
243	245	-3	
241	247	4	
241	246	-2	
41	46	-4	
42	46	4	
40	47	5	
450	452	-1	
451	452	4	
448	455	-2	
450	455	6	
196	204	5	
202	204	-3	
198	206	-3	
193	198	2	
344	348	5	
347	348	5	
347	350	2	
344	349	-4	
130	135	-3	
131	135	-4	
129	134	-4	
10	15	-4	
8	15	5	
9	14	2	
417	421	-3	
427	429	-5	
422	430	1	
417	422	-6	
356	364	-2	
363	367	5	
352	359	3	
378	383	4	
379	383	2	
443	446	3	
378	442	-2	
475	476	2	
184	191	3	
186	191	3	
250	252	4	
184	248	3	
1	4	4	
3	67	5	
65	71	-2	
1	65	5	
394	396	4	
396	404	-1	
403	405	3	
397	405	2	
394	397	4	
115	118	-3	
115	179	1	
177	183	1	
113	177	-1	
80	85	-2	
83	147	-2	
144	149	-2	
80	144	2	
272	278	5	
274	338	2	
338	342	-4	
272	336	2	
305	310	3	
302	310	-1	
296	302	-2	
267	268	-3	
257	262	4	
496	500	2	
500	508	3	
504	508	5	
502	510	4	
52	60	-3	
53	61	3	
48	53	-5	
89	92	2	
92	100	2	
95	103	2	
89	95	-3	
161	166	-4	
161	225	-3	
225	228	4	
160	224	3	
204	212	-2	
208	212	-2	
207	215	1	
216	220	-4	
217	220	2	
281	284	-2	
107	109	4	
107	171	-2	
171	172	2	
105	169	2	
24	31	-2	
23	31	-2	
387	390	-2	
390	398	-4	
391	399	4	
488	495	-3	
483	487	3	
410	413	-2	
409	414	2	
74	79	4	
72	79	1	
332	340	-1	
339	343	2	
330	335	3	
32	36	-3	
33	37	-3	
290	293	3	
117	125	5	
123	125	1	
119	127	-5	
432	437	-3	
432	438	5	
154	157	5	
456	460	-3	
459	461	5	
256	261	-3	
261	269	4	
266	271	-3	
263	271	2	
162	165	-4	
163	227	3	
227	231	1	
162	226	-3	
361	364	4	
362	367	5	
363	365	1	
326	334	4	
328	334	-4	
328	335	2	
327	335	-3	
106	109	2	
102	110	3	
314	378	4	
312	376	4	
138	141	-3	
136	142	-5	
11	13	3	
6	14	2	
3	6	3	
232	236	4	
236	244	4	
240	244	-2	
237	245	-2	
276	284	2	
278	286	2	
273	278	-2	
40	45	5	
202	205	-4	
202	207	-4	
195	199	2	
427	428	1	
90	154	-3	
88	152	-5	
385	449	-5	
448	454	3	
384	448	4	
211	213	-3	
217	221	-4	
214	222	3	
418	420	3	
54	62	-2	
55	63	-2	
49	55	3	
400	406	-5	
464	471	-5	
400	464	1	
306	309	-2	
303	311	1	
299	303	3	
501	509	-2	
503	511	3	
499	503	-1	
19	83	4	
83	86	2	
18	82	3	
480	484	-3	
25	29	-4	
187	191	5	
251	253	4	
185	249	-2	
168	173	-3	
170	173	4	
170	174	2	
171	175	-2	
368	373	-3	
371	373	-3	
369	375	3	
146	150	-6	
146	210	2	
209	212	-5	
145	209	1	
179	182	-3	
66	71	3	
473	476	-5	
475	477	-2	
475	479	5	
472	479	-3	
275	277	-3	
403	467	3	
35	99	3	
96	103	3	
32	96	-3	
488	492	-6	
440	447	3	
346	410	-3	
410	414	3	
408	414	3	
344	408	3	
131	132	-4	
128	133	-4	
386	389	-2	
387	451	3	
451	455	3	
386	450	4	
313	317	4	
315	379	-3	
313	377	-3	
81	84	3	
91	92	-5	
200	206	-3	
265	268	4	
264	268	5	
434	439	3	
434	498	3	
498	500	-3	
433	497	-4	
321	324	4	
324	332	3	
325	333	-4	
321	325	3	
116	124	-4	
121	124	3	
118	126	4	
112	118	-3	
288	294	-3	
289	353	1	
352	357	4	
288	352	-1	
242	246	4	
246	254	-3	
242	247	4	
258	262	-3	
338	340	3	
340	348	-3	
341	349	-2	
219	221	3	
225	230	-2	
2	5	5	
64	70	-3	
8	13	4	
13	21	1	
16	21	3	
15	23	2	
51	52	-3	
57	60	-3	
57	61	2	
51	53	2	
482	486	2	
307	309	-3	
305	311	-2	
145	148	2	
144	151	-3	
457	462	4	
163	164	-5	
160	167	-4	
161	167	-2	
184	190	-3	
107	108	3	
104	109	-3	
104	111	3	
296	303	-3	
506	508	-4	
392	396	5	
345	409	3	
408	415	-3	
212	220	-2	
438	446	3	
59	63	-3	
59	123	-2	
120	127	-5	
12	20	-2	
14	22	1	
10	14	-3	
250	314	2	
333	341	-1	
337	341	2	
489	492	-3	
490	493	-3	
491	494	3	
284	292	-2	
287	295	-3	
50	54	-4	
264	270	2	
259	262	2	
93	101	-1	
99	102	-3	
94	102	1	
90	94	4	
203	206	-2	
195	198	4	
385	389	-1	
384	391	-2	
384	390	2	
42	44	3	
42	45	-2	
32	39	-4	
238	246	1	
370	374	-3	
374	382	2	
426	429	3	
465	469	-4	
353	356	2	
355	359	-3	
416	421	4	
401	404	-1	
402	404	-5	
401	405	4	
322	325	-2	
320	327	3	
114	118	-2	
224	229	2	
229	237	-4	
231	239	-3	
153	156	2	
154	159	-2	
498	502	3	
27	29	3	
474	478	4	
75	79	4	
9	73	-2	
371	435	3	
432	436	2	
368	432	-2	
97	100	3	
103	111	-3	
97	103	-2	
259	263	-3	
245	253	-3	
240	247	-1	
283	347	2	
345	351	3	
281	345	-1	
144	208	2	
227	291	2	
225	289	2	
86	94	-4	
304	308	-3	
308	316	2	
310	318	-4	
377	380	2	
376	440	-2	
187	188	3	
483	484	4	
482	485	-5	
233	236	3	
233	297	4	
232	296	3	
337	401	-2	
336	400	-3	
266	330	2	
329	335	-3	
265	329	4	
458	463	-3	
411	412	3	
258	322	3	
257	321	-4	
10	74	-1	
72	78	2	
130	134	2	
16	20	-3	
17	81	3	
16	80	-4	
91	93	-1	
91	155	-2	
155	158	-2	
162	166	-4	
226	230	1	
34	98	3	
105	110	2	
289	292	3	
292	300	-2	
294	302	-3	
427	431	-4	
427	491	1	
424	488	-2	
179	243	-1	
339	342	1	
217	223	-3	
219	223	3	
443	444	3	
441	445	-3	
26	31	-3	
474	476	-3	
472	477	4	
249	252	-4	
193	197	-2	
400	407	2	
399	407	2	
393	399	3	
425	429	-2	
178	181	-3	
176	240	1	
305	369	3	
304	368	1	
299	363	-2	
298	362	-1	
64	71	-3	
347	411	-1	
409	413	-4	
134	142	-3	
137	142	3	
135	143	2	
312	317	2	
269	277	-2	
271	279	-3	
158	166	-2	
159	167	3	
43	46	-4	
82	87	2	
449	453	2	
230	238	-3	
481	487	-4	
8	12	3	
30	38	3	
31	39	-2	
291	292	3	
291	355	2	
290	354	-2	
206	214	-1	
156	164	1	
157	165	2	
56	60	-2	
58	62	4	
233	237	1	
234	298	-2	
392	397	1	
493	501	3	
496	501	-4	
495	503	3	
467	468	3	
203	207	2	
353	417	3	
66	68	2	
248	254	3	
379	380	-4	
376	382	-1	
85	93	2	
365	373	-2	
367	375	-3	
267	331	3	
179	180	-4	
35	36	2	
130	194	4	
194	196	2	
129	193	2	
398	406	-1	
282	285	-1	
285	293	-3	
286	294	-2	
88	94	-1	
354	359	-2	
419	422	-2	
275	339	-2	
273	337	-2	
433	436	-2	
442	447	2	
439	447	3	
369	372	-2	
492	500	1	
494	502	-1	
168	174	-3	
171	235	-2	
123	187	1	
121	185	1	
192	196	-1	
201	204	1	
201	207	2	
342	350	1	
343	351	-2	
43	44	-2	
264	328	-1	
466	471	-1	
464	469	2	
20	28	1	
113	119	-2	
131	195	2	
128	192	2	
235	299	1	
83	84	-2	
172	180	-2	
175	183	1	
169	175	-3	
289	295	1	
251	252	-1	
441	446	-1	
29	37	-1	
283	284	2	
280	344	1	
67	69	-2	
173	181	-1	
174	182	-2	
148	156	2	
150	158	1	
370	434	-1	
298	300	2	
425	430	-3	
419	483	2	
418	482	-2	
39	47	-1	
467	470	3	
147	211	1	
18	22	-3	
259	323	-3	
256	320	2	
112	117	-1	
336	340	1	
33	97	3	
24	28	2	
88	92	-2	
461	469	-1	
463	471	1	
364	372	1	
352	358	2	
353	358	3	
131	133	-3	
249	254	3	
235	239	2	
258	260	-1	
443	507	-2	
73	76	-2	
76	84	2	
77	85	-1	
345	348	-1	
34	38	2	
98	101	-2	
338	402	-1	
306	310	-2	
154	218	1	
218	222	-2	
153	217	1	
27	30	2	
297	361	-1	
41	47	1	
280	287	1	
459	462	-1	
75	77	1	
297	301	2	
250	255	-2	
339	403	2	
270	278	1	
152	157	-1	
478	486	1	
479	487	1	
441	505	1	
412	420	1	
413	421	1	
138	202	-1	
476	484	-1	
477	485	-1	
386	388	-2	
155	219	-1	
152	216	1	
403	406	-2	
81	145	-1	
268	276	2	
210	215	1	
82	146	-1	
170	234	-1	
251	315	-1	
47	55	-1	
295	303	-1	
392	456	-1	
133	141	-1	
435	438	-1	
40	104	1	
239	247	1	
79	87	-1	
107	110	1	
136	200	-1	
473	478	-1	
Energy:	-3328	
