NumberOfQubits	504	
NumberOfSubgraphs	420	
Serial	231	
PlantedSolution:	
0	1	
1	1	
2	1	
3	-1	
4	1	
5	-1	
6	-1	
8	1	
9	-1	
10	-1	
11	1	
12	1	
13	-1	
14	1	
15	-1	
16	-1	
17	-1	
18	1	
19	1	
20	-1	
21	-1	
22	1	
23	1	
24	-1	
25	-1	
26	-1	
27	1	
28	1	
29	-1	
30	-1	
31	-1	
32	-1	
33	-1	
34	-1	
35	1	
36	1	
37	1	
38	1	
39	1	
40	1	
41	-1	
42	1	
43	-1	
44	-1	
45	1	
46	-1	
47	-1	
48	1	
49	1	
50	1	
51	1	
52	1	
53	-1	
54	1	
55	-1	
56	1	
57	1	
58	-1	
59	1	
60	-1	
61	-1	
62	-1	
63	-1	
64	-1	
65	-1	
66	-1	
67	-1	
68	-1	
69	1	
70	1	
71	-1	
72	-1	
73	-1	
74	-1	
75	1	
76	1	
77	1	
78	1	
79	-1	
80	1	
81	1	
82	-1	
83	1	
84	1	
85	1	
86	-1	
87	1	
88	-1	
89	1	
90	-1	
91	-1	
92	-1	
93	-1	
94	-1	
95	-1	
96	1	
97	-1	
98	1	
99	1	
100	-1	
101	1	
102	1	
103	1	
104	-1	
105	1	
106	-1	
107	1	
108	1	
109	1	
110	1	
111	1	
112	-1	
113	-1	
114	-1	
115	1	
116	1	
117	1	
118	-1	
119	-1	
120	1	
121	1	
123	-1	
124	1	
125	-1	
126	-1	
127	1	
128	-1	
129	1	
130	1	
131	1	
132	-1	
133	1	
134	-1	
135	1	
136	-1	
137	-1	
138	-1	
139	-1	
141	1	
142	-1	
143	1	
144	1	
145	-1	
146	1	
147	1	
148	1	
149	1	
150	-1	
151	1	
152	-1	
153	1	
154	1	
155	-1	
156	-1	
157	-1	
158	-1	
159	-1	
160	-1	
161	1	
162	1	
163	1	
164	1	
165	1	
166	1	
167	1	
168	1	
169	1	
170	-1	
171	-1	
172	1	
173	-1	
174	-1	
175	-1	
176	-1	
177	1	
178	1	
179	-1	
180	1	
181	-1	
182	-1	
183	-1	
184	-1	
185	1	
186	-1	
187	-1	
188	1	
189	-1	
190	1	
191	1	
192	-1	
193	1	
194	1	
195	1	
196	-1	
197	1	
198	-1	
199	1	
200	-1	
201	-1	
202	1	
203	-1	
204	1	
205	1	
206	-1	
207	1	
208	1	
209	1	
210	1	
211	-1	
212	-1	
213	1	
214	-1	
215	1	
216	-1	
217	1	
218	1	
219	1	
220	-1	
221	-1	
222	1	
223	-1	
224	-1	
225	-1	
226	-1	
227	-1	
228	1	
229	-1	
230	1	
231	1	
232	-1	
233	-1	
234	-1	
235	-1	
236	-1	
237	1	
238	1	
239	1	
240	-1	
241	1	
242	1	
243	-1	
244	1	
245	1	
246	-1	
247	-1	
248	-1	
249	1	
250	-1	
251	1	
252	1	
253	1	
254	-1	
255	1	
256	-1	
257	1	
258	1	
259	-1	
260	-1	
261	-1	
262	1	
263	1	
264	-1	
265	1	
266	-1	
267	-1	
268	-1	
269	1	
270	-1	
271	1	
272	-1	
273	1	
274	1	
275	1	
276	-1	
277	-1	
278	1	
279	1	
280	1	
281	-1	
282	-1	
283	1	
284	1	
285	1	
286	-1	
287	-1	
288	-1	
289	-1	
290	-1	
291	1	
292	1	
293	1	
294	1	
295	-1	
296	1	
297	1	
298	-1	
299	-1	
300	-1	
301	-1	
302	-1	
303	1	
304	-1	
305	1	
306	-1	
307	1	
308	-1	
309	1	
310	-1	
311	1	
312	1	
313	1	
314	1	
315	-1	
316	-1	
317	-1	
318	1	
319	-1	
320	1	
321	-1	
322	1	
323	1	
324	-1	
325	-1	
326	1	
327	1	
328	-1	
329	1	
330	1	
331	1	
332	-1	
333	1	
334	-1	
335	-1	
336	1	
337	1	
338	-1	
339	-1	
340	1	
341	1	
342	-1	
343	-1	
344	1	
345	-1	
346	1	
347	1	
348	1	
349	1	
350	1	
351	1	
352	1	
353	-1	
354	-1	
355	-1	
356	-1	
357	1	
358	1	
359	1	
361	1	
362	1	
363	-1	
364	1	
365	-1	
367	-1	
368	-1	
369	-1	
370	-1	
371	1	
372	-1	
373	1	
374	-1	
375	1	
376	1	
377	-1	
378	1	
379	-1	
380	1	
382	-1	
383	1	
384	1	
385	1	
386	1	
387	1	
388	1	
389	-1	
390	1	
391	1	
392	-1	
393	1	
394	-1	
396	1	
397	1	
398	1	
399	1	
400	1	
401	1	
402	-1	
403	1	
404	-1	
405	1	
406	-1	
407	-1	
408	-1	
409	1	
410	-1	
411	-1	
412	1	
413	-1	
414	1	
415	-1	
416	-1	
417	-1	
418	-1	
419	-1	
420	-1	
421	1	
422	-1	
424	1	
425	-1	
426	-1	
427	1	
428	1	
429	1	
430	1	
431	-1	
432	1	
433	-1	
434	-1	
435	1	
436	1	
437	-1	
438	1	
439	1	
440	1	
441	1	
442	1	
443	1	
444	-1	
445	-1	
446	-1	
447	1	
448	1	
449	-1	
450	-1	
451	1	
452	-1	
453	1	
454	1	
455	1	
456	-1	
457	-1	
458	1	
459	-1	
460	-1	
461	-1	
462	-1	
463	-1	
464	-1	
465	-1	
466	1	
467	-1	
468	1	
469	1	
470	1	
471	1	
472	-1	
473	1	
474	1	
475	-1	
476	-1	
477	1	
478	1	
479	1	
480	1	
481	1	
482	1	
483	1	
484	1	
485	-1	
486	-1	
487	1	
488	-1	
489	1	
490	1	
491	-1	
492	-1	
493	1	
494	-1	
495	1	
496	-1	
497	1	
498	-1	
499	1	
500	1	
501	1	
502	1	
503	-1	
504	-1	
505	1	
506	-1	
507	1	
508	-1	
509	-1	
510	-1	
511	1	
Js:	
217	220	-2	
219	220	3	
219	223	2	
218	223	2	
218	221	3	
217	221	2	
337	340	-2	
339	340	-1	
339	403	1	
403	404	2	
401	404	2	
337	401	-2	
104	110	2	
105	110	-2	
105	169	-3	
169	173	3	
168	173	2	
104	168	-1	
9	14	3	
14	22	-2	
19	22	1	
19	23	-5	
15	23	2	
9	15	-3	
385	390	5	
390	398	-2	
393	398	-2	
393	399	-2	
391	399	-2	
385	391	-2	
184	188	4	
185	188	2	
185	190	-2	
186	190	3	
186	189	-1	
184	189	-3	
50	54	-4	
54	62	1	
57	62	3	
57	63	-2	
55	63	-2	
50	55	3	
313	316	2	
315	316	-1	
315	317	-5	
314	317	-2	
314	319	2	
313	319	2	
1	4	-4	
4	12	-2	
10	12	3	
10	13	-1	
5	13	1	
1	5	2	
161	164	-4	
163	164	-3	
163	227	2	
227	229	-3	
225	229	-2	
161	225	-2	
290	293	1	
291	293	-3	
291	294	-4	
289	294	-2	
289	295	-3	
290	295	-4	
200	205	-1	
201	205	1	
201	206	-2	
203	206	-3	
203	207	3	
200	207	2	
322	324	4	
323	324	2	
323	327	-3	
321	327	3	
321	325	-4	
322	325	-3	
472	476	-4	
474	476	3	
474	479	-2	
475	479	4	
475	478	-1	
472	478	2	
112	116	3	
115	116	-3	
115	179	1	
179	183	1	
176	183	-2	
112	176	-2	
259	260	1	
260	268	-2	
267	268	-3	
267	270	-1	
262	270	1	
259	262	3	
80	84	-3	
82	84	2	
82	146	2	
146	148	3	
144	148	-3	
80	144	-1	
280	285	-3	
283	285	-2	
283	347	-1	
347	349	-3	
344	349	-2	
280	344	3	
240	244	4	
241	244	-3	
241	246	1	
242	246	2	
242	245	2	
240	245	2	
481	484	-2	
484	492	-2	
488	492	-3	
488	493	1	
485	493	1	
481	485	3	
345	351	2	
346	351	2	
346	410	1	
410	415	-3	
409	415	4	
345	409	2	
304	308	-3	
305	308	2	
305	369	2	
369	372	-2	
368	372	-3	
304	368	2	
328	332	-3	
331	332	2	
331	333	3	
330	333	-2	
330	335	1	
328	335	-3	
65	69	2	
69	77	-3	
73	77	2	
73	79	-2	
71	79	1	
65	71	-3	
352	356	2	
356	364	2	
363	364	3	
363	367	2	
359	367	3	
352	359	-2	
448	454	-3	
454	462	2	
459	462	-4	
459	463	-2	
455	463	-1	
448	455	-4	
106	109	3	
109	117	1	
113	117	2	
113	119	-2	
111	119	2	
106	111	3	
256	261	-3	
261	269	1	
265	269	3	
265	271	-3	
263	271	-2	
256	263	3	
498	501	2	
501	509	2	
505	509	-1	
505	511	-3	
503	511	3	
498	503	-1	
96	100	3	
98	100	2	
98	101	-3	
97	101	3	
97	103	3	
96	103	2	
32	36	2	
34	36	3	
34	38	3	
35	38	-2	
35	39	1	
32	39	3	
171	172	3	
172	180	-3	
178	180	-3	
178	182	1	
174	182	2	
171	174	-2	
408	413	-4	
413	421	-2	
418	421	4	
418	422	-3	
414	422	2	
408	414	4	
234	239	2	
235	239	2	
235	299	-1	
299	300	-2	
298	300	2	
234	298	-2	
81	86	2	
86	94	-2	
91	94	1	
91	95	-5	
87	95	1	
81	87	-2	
42	44	3	
43	44	-3	
43	45	2	
41	45	3	
41	46	-2	
42	46	2	
464	468	1	
466	468	-4	
466	469	1	
465	469	1	
465	471	2	
464	471	3	
154	156	3	
155	156	1	
155	159	-3	
153	159	3	
153	157	2	
154	157	3	
306	309	3	
307	309	-4	
307	371	-3	
371	375	-2	
370	375	2	
306	370	1	
441	444	1	
442	444	2	
442	446	3	
440	446	-1	
440	445	4	
441	445	1	
136	141	2	
141	149	2	
145	149	3	
145	151	4	
143	151	-2	
136	143	2	
160	165	2	
162	165	-3	
162	226	2	
226	230	-2	
224	230	2	
160	224	-2	
209	215	-3	
210	215	-2	
210	274	-1	
274	278	-2	
273	278	-3	
209	273	1	
425	428	1	
426	428	4	
426	429	-1	
424	429	-4	
424	430	-2	
425	430	3	
433	438	1	
435	438	-3	
435	499	2	
499	502	-4	
497	502	-2	
433	497	2	
128	132	-4	
130	132	3	
130	194	-1	
194	198	-3	
192	198	-2	
128	192	-1	
336	341	-3	
338	341	-1	
338	402	-1	
402	405	2	
400	405	-3	
336	400	-2	
51	52	-2	
52	60	1	
59	60	3	
59	61	3	
53	61	2	
51	53	4	
392	397	-2	
394	397	3	
394	458	2	
458	460	2	
456	460	-3	
392	456	-2	
121	124	-3	
123	124	-3	
123	127	2	
120	127	-4	
120	125	2	
121	125	4	
249	252	-2	
251	252	-3	
251	255	-2	
248	255	-1	
248	253	3	
249	253	-3	
26	29	-2	
27	29	2	
27	31	-2	
24	31	-2	
24	30	-4	
26	30	-2	
378	380	-3	
379	380	3	
379	382	-1	
377	382	3	
377	383	3	
378	383	-2	
386	388	-3	
387	388	-3	
387	451	2	
451	452	3	
450	452	-2	
386	450	2	
64	68	3	
68	76	2	
72	76	3	
72	78	1	
70	78	-2	
64	70	2	
232	237	-2	
233	237	3	
233	297	1	
297	302	1	
296	302	3	
232	296	2	
353	357	2	
355	357	3	
355	419	1	
419	420	-3	
417	420	-4	
353	417	-2	
208	212	2	
211	212	-1	
211	275	-1	
275	277	3	
272	277	-3	
208	272	1	
129	133	-3	
131	133	2	
131	195	-1	
195	196	4	
193	196	1	
129	193	-1	
480	486	3	
486	494	-1	
491	494	-1	
491	495	-3	
487	495	-2	
480	487	-2	
432	437	3	
434	437	2	
434	498	-2	
498	500	3	
496	500	1	
432	496	2	
24	28	1	
25	28	2	
25	89	3	
89	93	1	
88	93	3	
24	88	-2	
2	6	2	
3	6	-3	
3	67	-4	
67	69	2	
66	69	-2	
2	66	3	
506	508	-1	
507	508	-3	
507	509	4	
504	509	-1	
504	510	-2	
506	510	-3	
282	284	2	
283	284	-3	
283	287	2	
281	287	-2	
281	286	-3	
282	286	-2	
16	20	-2	
17	20	-3	
17	21	-3	
18	21	3	
18	23	1	
16	23	4	
74	76	-2	
75	76	-1	
75	139	1	
139	142	-3	
138	142	-2	
74	138	-1	
243	246	-2	
246	254	-1	
250	254	-4	
250	255	3	
247	255	-1	
243	247	-2	
162	166	-2	
166	174	1	
170	174	-3	
170	175	-2	
167	175	-3	
162	167	-2	
433	436	-1	
436	444	3	
443	444	1	
443	447	-2	
439	447	-1	
433	439	3	
320	326	-2	
323	326	-3	
323	387	1	
387	389	2	
384	389	2	
320	384	-2	
152	158	-3	
153	158	2	
153	217	-1	
217	222	-3	
216	222	3	
152	216	2	
200	204	2	
202	204	-3	
202	266	1	
266	270	-2	
264	270	2	
200	264	-1	
345	348	3	
348	356	2	
354	356	2	
354	358	4	
350	358	-2	
345	350	3	
449	452	-4	
452	460	1	
457	460	-3	
457	461	-3	
453	461	2	
449	453	2	
361	365	3	
363	365	-2	
363	427	3	
427	431	1	
425	431	-1	
361	425	-3	
329	334	2	
334	342	-2	
338	342	-2	
338	343	-3	
335	343	2	
329	335	3	
90	92	-3	
92	100	-3	
99	100	1	
99	102	2	
94	102	3	
90	94	-4	
467	469	2	
469	477	-2	
473	477	-2	
473	478	-3	
470	478	-2	
467	470	-3	
306	310	-2	
310	318	-2	
312	318	-2	
312	319	2	
311	319	1	
306	311	2	
177	181	3	
181	189	-2	
187	189	-3	
187	191	3	
183	191	2	
177	183	-2	
82	85	-2	
83	85	-2	
83	147	-1	
147	150	3	
146	150	3	
107	108	-3	
108	116	1	
114	116	1	
114	118	-3	
110	118	2	
107	110	-2	
33	37	2	
37	45	1	
40	45	-3	
40	47	2	
39	47	2	
33	39	1	
224	228	2	
228	236	3	
233	236	-3	
233	238	-2	
230	238	-2	
288	292	2	
292	300	3	
299	303	-4	
295	303	2	
288	295	-3	
402	404	2	
404	412	1	
411	412	3	
411	414	1	
406	414	2	
402	406	-2	
193	199	-3	
194	199	-1	
194	258	1	
258	262	-2	
257	262	-2	
193	257	-2	
131	134	3	
134	142	-1	
137	142	1	
137	143	3	
135	143	-1	
131	135	-3	
273	276	3	
276	284	2	
281	284	-3	
279	287	2	
273	279	-2	
8	13	4	
11	13	1	
11	75	2	
75	79	1	
72	79	-2	
8	72	1	
370	372	-2	
370	373	-1	
369	373	4	
369	374	-1	
368	374	-2	
48	52	2	
49	52	-4	
49	54	-3	
50	53	2	
48	53	4	
489	492	2	
489	495	-3	
490	495	-1	
490	494	3	
488	494	2	
209	213	-2	
213	221	-2	
216	221	-2	
214	222	2	
209	214	2	
416	420	-3	
419	483	3	
483	486	2	
416	480	2	
56	60	3	
57	60	2	
58	63	-3	
58	62	-3	
56	62	2	
297	301	3	
298	301	-3	
298	362	2	
362	365	2	
297	361	-2	
225	228	-1	
227	228	2	
227	231	2	
226	231	2	
226	229	-2	
312	316	3	
314	316	3	
314	378	-3	
378	382	2	
376	382	-1	
312	376	-4	
394	398	1	
398	406	2	
403	406	1	
403	407	2	
399	407	2	
394	399	-2	
120	124	-2	
121	126	2	
123	126	-4	
192	197	3	
197	205	-3	
202	205	-2	
202	206	-1	
198	206	-3	
476	484	2	
482	484	1	
482	487	-2	
479	487	-2	
0	6	3	
67	68	-3	
0	64	4	
384	388	-2	
388	396	-2	
393	396	-2	
393	397	1	
389	397	2	
264	268	-2	
267	331	3	
328	333	1	
264	328	-2	
337	341	-2	
341	349	-2	
347	350	-2	
342	350	-2	
337	342	2	
232	236	1	
236	244	1	
240	247	-1	
239	247	1	
232	239	1	
81	84	2	
83	84	-2	
83	87	-1	
80	87	-3	
80	85	-1	
81	85	-2	
104	108	3	
106	108	-1	
107	109	-1	
107	111	-1	
104	111	2	
43	46	-2	
40	46	3	
42	47	-2	
428	436	-2	
435	436	-1	
435	439	-3	
431	439	3	
426	431	2	
467	468	2	
465	470	2	
466	471	-2	
18	20	2	
20	28	-1	
27	28	-3	
27	30	2	
22	30	1	
18	22	-2	
152	156	-2	
154	158	2	
155	158	-2	
155	157	-3	
152	157	1	
440	447	-2	
443	507	-1	
504	508	-2	
440	504	1	
256	260	3	
257	260	2	
257	261	2	
258	261	1	
258	263	-3	
35	37	-2	
35	99	-3	
99	103	-3	
33	97	-2	
496	501	3	
499	501	-2	
497	503	-3	
496	503	-2	
186	188	1	
186	250	-2	
250	252	1	
248	252	3	
184	248	1	
291	355	1	
355	359	3	
353	359	1	
289	353	-2	
179	180	1	
179	182	2	
177	182	1	
178	181	3	
320	324	2	
322	326	-2	
321	326	2	
320	325	2	
429	437	3	
434	438	2	
430	438	-2	
144	149	1	
147	151	-2	
144	150	2	
210	212	2	
210	213	3	
211	213	1	
211	215	2	
208	215	-1	
450	453	3	
459	461	-1	
450	454	-1	
112	117	1	
114	117	3	
114	119	2	
113	118	-2	
112	118	-1	
137	141	2	
139	141	2	
139	203	-3	
201	207	2	
137	201	-2	
130	133	-3	
129	135	2	
128	135	2	
25	31	-4	
26	31	2	
26	90	-2	
90	95	-1	
89	95	3	
10	15	2	
10	74	-2	
74	77	2	
9	73	-3	
408	412	1	
410	412	-2	
409	413	2	
170	172	2	
171	235	-2	
235	238	4	
234	238	-1	
170	234	-1	
282	285	3	
282	346	2	
346	348	-1	
344	348	-2	
272	276	-2	
274	276	-1	
274	277	2	
275	279	-2	
272	279	2	
160	164	-2	
161	165	-3	
163	165	-2	
163	166	-2	
160	166	3	
266	269	2	
266	330	3	
330	332	1	
329	332	2	
265	329	-2	
352	358	-1	
354	418	1	
416	421	2	
352	416	2	
2	4	-2	
66	71	-3	
1	65	-1	
302	310	-2	
305	310	3	
305	311	-2	
303	311	-2	
296	303	1	
32	38	2	
34	98	-1	
96	101	-2	
32	96	2	
185	191	-2	
187	251	1	
251	253	3	
185	249	-2	
313	317	-2	
315	379	-3	
379	383	2	
313	377	2	
441	446	3	
442	506	2	
505	510	-2	
441	505	-2	
386	390	-1	
450	455	2	
449	455	1	
385	449	1	
336	340	3	
401	407	3	
400	407	2	
417	422	-2	
418	482	2	
482	485	2	
417	481	-3	
304	309	2	
368	375	2	
392	396	2	
393	457	2	
457	463	-2	
456	463	2	
8	12	1	
12	20	2	
13	21	-2	
165	173	2	
168	175	3	
51	55	2	
49	55	-3	
48	54	-1	
290	292	1	
291	292	-2	
288	293	-3	
288	294	2	
290	294	2	
490	492	2	
490	493	-2	
491	493	3	
192	196	1	
195	199	-3	
193	197	-2	
88	92	-2	
89	92	2	
91	93	-3	
243	244	1	
243	245	3	
242	247	3	
241	247	2	
218	220	-1	
220	228	1	
224	231	1	
223	231	1	
475	477	3	
472	479	-1	
58	61	1	
56	63	1	
384	391	-2	
387	391	-1	
451	455	-2	
384	448	-1	
314	318	2	
376	380	-2	
352	357	3	
357	365	1	
362	367	2	
0	5	2	
3	5	-2	
67	70	-2	
275	278	-1	
275	339	2	
339	343	-3	
274	338	-1	
115	117	2	
117	125	1	
118	126	-2	
115	118	2	
11	14	-3	
75	78	-3	
73	78	2	
19	83	-1	
83	86	3	
80	86	-1	
16	80	1	
138	141	2	
138	202	-2	
136	200	-3	
458	461	-2	
461	469	1	
464	469	3	
463	471	2	
458	463	1	
497	500	-3	
500	508	2	
505	508	2	
432	436	-2	
440	444	1	
437	445	1	
145	148	2	
147	148	-2	
147	211	2	
211	214	-3	
145	209	-1	
33	36	2	
35	36	-2	
97	102	1	
219	222	-2	
219	283	1	
283	286	1	
217	281	1	
41	44	-1	
42	106	-2	
105	111	-1	
41	105	2	
347	351	2	
347	411	1	
409	412	-1	
307	308	-3	
371	373	-2	
234	237	2	
296	301	2	
176	182	-2	
182	190	2	
186	191	-3	
266	271	-1	
330	334	3	
361	364	-3	
427	430	-2	
259	323	1	
257	321	-1	
158	166	-1	
160	167	1	
159	167	2	
169	172	-2	
173	181	1	
249	254	2	
251	254	1	
131	132	-1	
128	134	-1	
130	134	3	
25	29	-1	
29	37	2	
32	37	-1	
31	39	2	
394	396	-2	
396	404	2	
400	404	1	
397	405	-2	
483	484	-1	
483	487	-2	
482	486	-1	
481	486	2	
370	374	-3	
374	382	-3	
375	383	-1	
506	509	-2	
507	510	2	
504	511	2	
506	511	2	
98	102	-2	
107	171	2	
169	174	-1	
346	349	-2	
405	413	-1	
26	28	-2	
24	29	-3	
74	78	-1	
78	86	1	
79	87	2	
74	79	-2	
154	218	-2	
116	124	-2	
119	127	1	
112	119	2	
442	445	-1	
443	445	3	
443	446	2	
441	447	-3	
442	447	-2	
240	246	-2	
242	306	-2	
240	304	-1	
194	197	-2	
203	205	1	
229	237	2	
233	239	1	
231	239	3	
392	398	3	
392	399	2	
424	428	-2	
426	490	2	
424	488	1	
325	333	1	
331	334	2	
326	334	1	
146	210	-1	
208	213	-2	
144	208	-2	
290	354	1	
353	358	2	
432	438	-1	
496	502	2	
11	12	2	
6	14	1	
1	6	3	
43	47	-2	
41	47	2	
270	278	1	
272	278	1	
271	279	-1	
264	271	2	
258	260	2	
259	263	1	
259	261	-3	
460	468	2	
462	470	1	
456	462	-2	
187	190	1	
65	68	-2	
72	77	-1	
297	300	2	
293	301	1	
419	422	-2	
416	422	-1	
417	421	-1	
411	415	-3	
411	475	-2	
474	477	-2	
410	474	-2	
451	453	-3	
448	453	-2	
449	454	-2	
196	204	2	
201	204	3	
199	207	2	
268	276	1	
273	277	1	
269	277	1	
267	269	2	
324	332	1	
327	335	1	
322	327	-2	
339	342	-2	
344	350	-1	
344	351	-2	
343	351	1	
48	55	2	
17	22	2	
18	82	2	
17	81	2	
227	230	1	
225	230	3	
59	62	1	
59	123	-1	
120	126	2	
56	120	-2	
315	319	1	
139	143	1	
136	142	3	
149	157	1	
151	159	-1	
425	429	-1	
427	429	-1	
427	491	2	
489	493	-2	
425	489	1	
308	316	-1	
313	318	-2	
304	310	-1	
2	5	3	
64	71	-2	
100	108	-1	
104	109	1	
101	109	-1	
355	356	1	
362	364	-2	
179	181	-3	
179	243	-2	
241	245	2	
177	241	-1	
212	220	2	
215	223	2	
434	439	-2	
402	407	-1	
402	466	2	
466	470	1	
401	465	2	
171	175	-1	
232	238	-1	
168	232	1	
19	21	-1	
8	15	3	
299	302	-3	
340	348	-1	
347	348	-1	
480	484	-2	
480	485	1	
477	485	-1	
472	477	2	
129	132	2	
129	134	2	
128	133	2	
34	37	-2	
33	38	1	
280	287	3	
280	286	-2	
458	462	1	
113	116	2	
371	374	3	
386	389	3	
386	391	1	
58	60	-1	
57	61	-2	
56	61	2	
85	93	1	
88	94	-2	
249	255	-1	
248	254	2	
403	405	-2	
403	467	2	
467	471	-1	
400	464	2	
208	214	2	
226	228	1	
234	236	-2	
93	101	-2	
99	101	-1	
95	103	2	
16	22	2	
10	14	2	
176	180	2	
478	486	-1	
473	479	-3	
75	77	-2	
66	70	2	
123	125	-1	
123	187	-1	
185	189	-1	
121	185	-1	
51	115	-1	
115	119	1	
48	112	1	
315	318	2	
433	437	1	
424	431	1	
493	501	-1	
494	502	-1	
489	494	2	
138	143	1	
275	276	1	
274	279	1	
284	292	-1	
289	292	1	
289	293	1	
285	293	-1	
281	285	1	
194	196	2	
195	198	-1	
193	198	1	
410	413	-1	
329	393	-1	
328	392	1	
102	110	-1	
106	110	1	
103	111	1	
98	103	-1	
298	302	-1	
297	303	-1	
376	383	-2	
379	443	-1	
376	440	-1	
224	229	1	
155	219	-1	
219	221	1	
365	373	2	
368	373	1	
367	375	2	
338	340	2	
336	343	1	
76	84	1	
209	212	1	
216	220	-1	
216	223	-2	
321	324	-1	
153	156	1	
156	164	-1	
161	167	-1	
40	44	1	
43	107	1	
40	104	-1	
434	436	1	
438	446	-1	
266	268	-1	
265	270	1	
264	269	1	
200	206	-1	
0	4	1	
427	428	-1	
491	492	1	
38	46	1	
419	421	-1	
483	485	2	
333	341	1	
170	173	-2	
163	167	-1	
114	178	1	
178	183	1	
113	177	2	
59	63	2	
187	188	1	
184	190	2	
67	71	1	
65	70	2	
499	500	1	
499	503	1	
304	311	1	
235	237	1	
465	468	1	
410	414	1	
408	472	-1	
89	153	1	
88	152	-1	
372	380	2	
145	150	-2	
144	151	-1	
459	460	-1	
456	461	1	
42	45	-1	
105	109	-1	
202	207	-1	
192	199	1	
320	327	-1	
321	385	1	
384	390	-1	
278	286	2	
267	271	-1	
28	36	1	
34	39	1	
349	357	-1	
351	359	-1	
121	127	-1	
51	54	-1	
426	430	1	
488	495	1	
178	242	1	
225	231	1	
9	13	1	
11	15	2	
377	380	2	
409	473	1	
451	454	-2	
168	174	1	
169	175	-1	
265	268	-1	
257	263	-1	
19	20	-2	
401	406	-1	
147	149	-2	
96	102	1	
177	180	1	
296	300	2	
300	308	-1	
301	309	1	
3	4	-1	
226	290	-1	
225	289	-1	
387	390	-1	
385	389	1	
474	478	-1	
464	470	-1	
502	510	-1	
73	76	1	
353	356	-1	
355	358	1	
258	322	1	
256	320	1	
241	305	-1	
369	375	1	
361	367	-1	
332	340	1	
210	214	1	
339	341	1	
272	336	-1	
152	159	1	
30	38	1	
217	223	1	
82	86	1	
82	87	1	
64	69	1	
161	166	-1	
195	259	-1	
105	108	1	
244	252	-1	
245	253	-1	
294	302	2	
371	435	-1	
370	434	-1	
57	121	-1	
27	91	1	
146	149	-1	
280	284	-1	
282	287	1	
8	14	-1	
16	21	-1	
473	476	-1	
50	52	-1	
312	317	1	
371	372	1	
98	162	1	
97	161	1	
Energy:	-1732	
