NumberOfQubits	504	
NumberOfSubgraphs	588	
Serial	152	
PlantedSolution:	
0	1	
1	-1	
2	-1	
3	-1	
4	-1	
5	-1	
6	1	
8	1	
9	-1	
10	-1	
11	1	
12	-1	
13	-1	
14	1	
15	-1	
16	1	
17	-1	
18	1	
19	1	
20	1	
21	-1	
22	1	
23	-1	
24	1	
25	-1	
26	1	
27	1	
28	1	
29	-1	
30	1	
31	-1	
32	-1	
33	-1	
34	-1	
35	-1	
36	-1	
37	-1	
38	1	
39	1	
40	-1	
41	-1	
42	1	
43	1	
44	-1	
45	-1	
46	-1	
47	1	
48	-1	
49	1	
50	-1	
51	-1	
52	1	
53	1	
54	1	
55	1	
56	-1	
57	1	
58	1	
59	-1	
60	1	
61	1	
62	1	
63	1	
64	1	
65	-1	
66	1	
67	1	
68	-1	
69	-1	
70	1	
71	1	
72	1	
73	-1	
74	-1	
75	1	
76	-1	
77	-1	
78	1	
79	-1	
80	-1	
81	-1	
82	-1	
83	-1	
84	-1	
85	-1	
86	-1	
87	1	
88	-1	
89	-1	
90	-1	
91	-1	
92	1	
93	1	
94	1	
95	1	
96	-1	
97	-1	
98	1	
99	-1	
100	-1	
101	-1	
102	-1	
103	1	
104	-1	
105	1	
106	1	
107	1	
108	1	
109	-1	
110	-1	
111	-1	
112	1	
113	-1	
114	-1	
115	1	
116	-1	
117	1	
118	-1	
119	1	
120	1	
121	-1	
123	1	
124	-1	
125	1	
126	-1	
127	-1	
128	-1	
129	1	
130	1	
131	-1	
132	-1	
133	1	
134	-1	
135	1	
136	1	
137	-1	
138	1	
139	-1	
141	-1	
142	-1	
143	-1	
144	1	
145	-1	
146	1	
147	1	
148	-1	
149	1	
150	-1	
151	1	
152	1	
153	-1	
154	1	
155	1	
156	1	
157	-1	
158	-1	
159	1	
160	1	
161	1	
162	-1	
163	-1	
164	-1	
165	1	
166	-1	
167	1	
168	-1	
169	1	
170	-1	
171	1	
172	-1	
173	1	
174	1	
175	1	
176	1	
177	-1	
178	1	
179	-1	
180	-1	
181	1	
182	1	
183	-1	
184	1	
185	-1	
186	1	
187	-1	
188	-1	
189	-1	
190	1	
191	1	
192	1	
193	1	
194	-1	
195	-1	
196	-1	
197	-1	
198	-1	
199	-1	
200	-1	
201	1	
202	-1	
203	-1	
204	1	
205	1	
206	1	
207	-1	
208	-1	
209	1	
210	-1	
211	-1	
212	-1	
213	-1	
214	-1	
215	-1	
216	1	
217	-1	
218	-1	
219	1	
220	1	
221	1	
222	-1	
223	-1	
224	-1	
225	-1	
226	1	
227	-1	
228	1	
229	-1	
230	-1	
231	-1	
232	-1	
233	-1	
234	-1	
235	1	
236	-1	
237	1	
238	-1	
239	-1	
240	-1	
241	1	
242	-1	
243	-1	
244	-1	
245	-1	
246	1	
247	-1	
248	-1	
249	1	
250	-1	
251	-1	
252	-1	
253	-1	
254	1	
255	-1	
256	1	
257	1	
258	-1	
259	-1	
260	1	
261	1	
262	-1	
263	-1	
264	-1	
265	1	
266	-1	
267	1	
268	1	
269	-1	
270	-1	
271	1	
272	-1	
273	-1	
274	1	
275	-1	
276	-1	
277	1	
278	1	
279	1	
280	-1	
281	-1	
282	-1	
283	-1	
284	1	
285	1	
286	-1	
287	-1	
288	-1	
289	1	
290	1	
291	1	
292	1	
293	-1	
294	1	
295	-1	
296	-1	
297	1	
298	1	
299	1	
300	-1	
301	-1	
302	-1	
303	1	
304	-1	
305	-1	
306	-1	
307	-1	
308	1	
309	1	
310	-1	
311	1	
312	1	
313	-1	
314	1	
315	1	
316	1	
317	1	
318	1	
319	1	
320	-1	
321	-1	
322	1	
323	1	
324	-1	
325	-1	
326	1	
327	-1	
328	1	
329	-1	
330	-1	
331	-1	
332	1	
333	1	
334	1	
335	1	
336	-1	
337	1	
338	1	
339	1	
340	1	
341	-1	
342	-1	
343	-1	
344	-1	
345	-1	
346	1	
347	1	
348	1	
349	-1	
350	-1	
351	1	
352	1	
353	-1	
354	1	
355	1	
356	1	
357	1	
358	-1	
359	-1	
361	1	
362	-1	
363	1	
364	-1	
365	-1	
367	1	
368	1	
369	-1	
370	1	
371	1	
372	1	
373	1	
374	-1	
375	1	
376	-1	
377	1	
378	1	
379	1	
380	-1	
382	1	
383	-1	
384	1	
385	-1	
386	1	
387	1	
388	1	
389	-1	
390	-1	
391	1	
392	-1	
393	-1	
394	1	
396	1	
397	1	
398	-1	
399	-1	
400	1	
401	1	
402	1	
403	-1	
404	-1	
405	-1	
406	-1	
407	1	
408	-1	
409	-1	
410	1	
411	-1	
412	-1	
413	-1	
414	-1	
415	-1	
416	-1	
417	-1	
418	1	
419	1	
420	1	
421	1	
422	1	
424	-1	
425	1	
426	1	
427	1	
428	-1	
429	-1	
430	-1	
431	1	
432	1	
433	1	
434	1	
435	1	
436	1	
437	-1	
438	1	
439	-1	
440	1	
441	1	
442	-1	
443	1	
444	1	
445	-1	
446	1	
447	1	
448	-1	
449	-1	
450	-1	
451	1	
452	-1	
453	1	
454	1	
455	1	
456	-1	
457	-1	
458	1	
459	1	
460	1	
461	-1	
462	-1	
463	1	
464	1	
465	-1	
466	1	
467	-1	
468	-1	
469	-1	
470	1	
471	1	
472	-1	
473	-1	
474	1	
475	-1	
476	1	
477	-1	
478	1	
479	1	
480	1	
481	-1	
482	1	
483	1	
484	-1	
485	1	
486	-1	
487	-1	
488	-1	
489	-1	
490	-1	
491	1	
492	-1	
493	1	
494	-1	
495	-1	
496	1	
497	1	
498	1	
499	1	
500	1	
501	1	
502	1	
503	1	
504	-1	
505	1	
506	-1	
507	1	
508	1	
509	1	
510	-1	
511	1	
Js:	
216	220	4	
220	228	-3	
226	228	-4	
226	230	3	
222	230	-4	
216	222	2	
153	156	3	
155	156	-3	
155	158	3	
152	158	4	
152	157	5	
153	157	-3	
96	101	-3	
99	101	-4	
99	102	-3	
98	102	3	
98	103	-5	
96	103	-2	
370	372	-2	
371	372	3	
371	374	4	
368	374	3	
368	375	-3	
370	375	-1	
400	407	-3	
403	407	-5	
403	467	-3	
467	468	-3	
464	468	5	
400	464	-3	
232	236	-4	
233	236	4	
233	297	1	
297	300	3	
296	300	-4	
232	296	-2	
306	308	4	
308	316	-2	
313	316	4	
313	317	5	
309	317	3	
306	309	3	
25	28	2	
26	28	-4	
26	31	3	
27	31	5	
27	30	-3	
25	30	4	
48	52	4	
49	52	-3	
49	54	-3	
51	54	2	
51	53	5	
48	53	3	
322	326	-3	
323	326	4	
323	387	-2	
387	391	-4	
386	391	-3	
322	386	-1	
112	116	-3	
116	124	-4	
121	124	-3	
121	125	3	
117	125	-4	
112	117	-4	
194	196	-4	
196	204	1	
202	204	3	
202	207	-4	
199	207	-1	
194	199	3	
65	68	-3	
66	68	3	
66	71	-2	
67	71	-3	
67	70	-2	
65	70	-2	
10	12	2	
11	12	4	
11	75	-4	
75	78	-3	
74	78	5	
10	74	-3	
130	133	-3	
131	133	5	
131	134	3	
128	134	-3	
128	135	3	
130	135	-5	
448	454	2	
454	462	3	
457	462	-2	
457	463	4	
455	463	-3	
448	455	5	
393	396	4	
394	396	1	
394	397	-5	
392	397	4	
392	399	-3	
393	399	-4	
185	188	4	
186	188	2	
186	189	4	
184	189	4	
184	191	-3	
185	191	3	
145	148	-3	
146	148	4	
146	210	-1	
210	212	-3	
209	212	1	
145	209	3	
432	436	-4	
436	444	4	
440	444	-2	
440	447	-5	
439	447	3	
432	439	1	
346	350	2	
350	358	-3	
355	358	3	
355	359	2	
351	359	2	
346	351	-3	
56	61	4	
59	61	4	
59	62	4	
58	62	4	
58	63	-6	
56	63	3	
248	253	-5	
251	253	-3	
251	255	-4	
250	255	-5	
250	254	3	
248	254	4	
104	109	-4	
107	109	3	
107	171	-1	
171	173	4	
168	173	4	
104	168	-1	
288	292	2	
290	292	-1	
290	293	-3	
291	293	3	
291	294	-3	
288	294	3	
416	420	-4	
420	428	2	
426	428	5	
426	430	4	
422	430	2	
416	422	3	
257	261	-4	
261	269	2	
265	269	2	
265	270	-4	
262	270	-3	
257	262	2	
481	485	2	
485	493	-3	
489	493	4	
489	495	2	
487	495	-3	
481	487	-4	
499	501	-2	
501	509	-3	
506	509	3	
506	511	2	
503	511	-3	
499	503	2	
273	276	-4	
275	276	-3	
275	277	4	
272	277	3	
272	279	3	
273	279	3	
280	284	5	
282	284	-2	
282	286	-4	
283	286	-4	
283	285	4	
280	285	2	
3	5	-3	
5	13	-2	
9	13	-4	
9	14	3	
6	14	2	
3	6	4	
16	20	3	
17	20	5	
17	21	-4	
19	21	4	
19	22	-3	
16	22	-3	
408	412	-4	
409	412	-2	
409	414	-4	
411	414	-3	
411	413	2	
408	413	-5	
88	92	5	
90	92	3	
90	95	2	
89	95	3	
89	94	5	
88	94	3	
163	164	-3	
164	172	1	
170	172	-6	
170	175	4	
167	175	-3	
163	167	5	
240	247	-4	
241	247	4	
241	305	3	
305	311	3	
304	311	2	
240	304	-2	
337	341	-1	
339	341	3	
339	343	3	
336	343	-3	
336	342	-4	
337	342	3	
235	237	-4	
237	245	2	
243	245	-2	
243	246	3	
238	246	2	
235	238	3	
34	36	-3	
35	36	-2	
35	38	5	
33	38	1	
33	37	-5	
34	37	3	
320	324	-3	
321	324	-2	
321	385	-2	
385	390	-2	
384	390	6	
320	384	-1	
329	332	-4	
331	332	2	
331	335	5	
328	335	-3	
328	334	-3	
329	334	3	
81	84	-3	
83	84	-2	
83	86	-3	
80	86	3	
80	85	-3	
81	85	-3	
433	437	2	
437	445	-4	
443	445	3	
443	446	-4	
438	446	-3	
433	438	-3	
474	476	-4	
475	476	4	
475	477	-4	
473	477	-5	
473	479	-3	
474	479	-3	
195	197	-5	
197	205	1	
200	205	2	
200	206	4	
198	206	-1	
195	198	-6	
176	180	4	
179	180	-5	
179	181	-1	
178	181	-5	
178	182	-2	
176	182	-3	
42	45	5	
43	45	4	
43	46	4	
41	46	-3	
41	47	3	
42	47	-4	
490	492	-3	
492	500	2	
498	500	-3	
498	502	3	
494	502	1	
490	494	-5	
138	142	3	
142	150	-2	
147	150	4	
147	151	-3	
143	151	-1	
138	143	3	
312	318	-3	
315	318	-3	
315	379	3	
379	382	-4	
376	382	3	
312	376	4	
217	221	3	
221	229	1	
227	229	-1	
227	231	-5	
223	231	-4	
217	223	2	
418	421	-5	
419	421	1	
419	483	-3	
483	484	4	
482	484	3	
418	482	-3	
354	356	3	
356	364	3	
361	364	3	
361	365	3	
357	365	3	
354	357	-4	
401	406	4	
402	406	2	
402	466	3	
466	470	-2	
465	470	2	
401	465	3	
259	260	3	
260	268	-1	
264	268	2	
264	271	4	
263	271	2	
259	263	5	
115	118	5	
118	126	-3	
120	126	-2	
120	127	4	
119	127	3	
115	119	-4	
72	77	-2	
73	77	-3	
73	137	-3	
137	141	-2	
136	141	5	
72	136	-3	
451	452	4	
452	460	2	
456	460	4	
456	461	-2	
453	461	-2	
451	453	-2	
298	302	4	
299	302	4	
299	363	-2	
363	367	-4	
362	367	4	
298	362	3	
106	108	-4	
107	108	-3	
107	111	-3	
105	111	2	
105	110	3	
106	110	3	
144	149	-4	
147	149	1	
147	211	2	
211	215	-3	
208	215	-3	
144	208	2	
504	508	-4	
507	508	-3	
507	511	-3	
505	511	-4	
505	510	4	
504	510	-2	
160	165	-2	
161	165	-3	
161	225	2	
225	229	4	
224	229	-3	
160	224	3	
344	348	3	
347	348	-2	
347	349	4	
345	349	-4	
345	350	-2	
344	350	2	
424	428	-2	
427	428	2	
427	429	4	
425	429	3	
425	431	5	
424	431	4	
377	383	4	
378	383	-2	
378	442	3	
442	444	3	
441	444	-3	
377	441	-2	
0	4	2	
1	4	-4	
1	65	-4	
65	69	2	
64	69	3	
0	64	-4	
289	293	3	
293	301	-1	
299	301	-2	
299	303	-3	
295	303	2	
289	295	2	
185	190	3	
187	190	5	
187	251	-2	
251	252	1	
249	252	4	
185	249	4	
128	132	-5	
129	132	3	
129	193	-1	
193	196	4	
192	196	-2	
128	192	1	
154	159	4	
155	159	-2	
155	219	-1	
219	221	-3	
218	221	5	
154	218	3	
242	244	-3	
243	244	-1	
243	307	-3	
307	310	-3	
306	310	1	
242	306	-2	
274	278	-3	
275	278	-2	
275	339	2	
339	340	-3	
338	340	-2	
274	338	-1	
162	165	-4	
165	173	-2	
169	173	-3	
169	174	-5	
166	174	2	
162	166	-6	
32	36	-3	
36	44	1	
40	44	-5	
40	47	2	
39	47	-2	
32	39	4	
49	55	-3	
50	55	4	
50	114	-4	
114	119	3	
113	119	1	
49	113	-3	
323	325	4	
325	333	3	
330	333	3	
330	335	3	
327	335	4	
323	327	2	
75	76	2	
76	84	-2	
82	84	-4	
82	87	3	
79	87	-1	
75	79	3	
24	29	4	
27	29	2	
27	91	3	
91	93	3	
88	93	2	
24	88	2	
472	478	4	
478	486	3	
480	486	3	
480	487	4	
479	487	2	
472	479	4	
8	14	2	
14	22	-2	
18	22	-3	
18	23	5	
15	23	-2	
8	15	5	
203	207	-2	
203	267	2	
267	268	-5	
266	268	-3	
202	266	-1	
459	461	-3	
461	469	-2	
464	469	2	
464	471	-1	
463	471	-3	
459	463	-3	
369	373	3	
370	373	-6	
370	434	-2	
434	439	5	
433	439	-2	
369	433	3	
385	389	-5	
386	389	4	
386	450	3	
450	453	3	
449	453	2	
385	449	-3	
352	356	-2	
353	356	3	
353	417	-1	
417	422	3	
352	416	-1	
313	319	2	
314	319	-5	
314	378	-3	
378	380	4	
377	380	4	
313	377	-2	
201	205	-4	
205	213	2	
210	213	-5	
210	214	2	
206	214	3	
201	206	-2	
403	404	-3	
404	412	-1	
410	412	2	
410	415	5	
407	415	2	
57	60	-4	
59	60	4	
59	123	1	
123	126	5	
121	126	-2	
57	121	-3	
397	405	3	
401	405	4	
398	406	-2	
394	398	3	
432	438	-3	
435	438	-2	
435	499	4	
499	500	-3	
496	500	-2	
432	496	-3	
179	183	-2	
177	183	-3	
177	181	2	
176	181	2	
256	262	3	
258	262	-3	
258	322	-1	
322	324	5	
256	320	2	
234	237	-3	
235	239	5	
233	239	-4	
233	238	-1	
234	238	-5	
89	92	2	
92	100	2	
97	100	2	
97	103	2	
95	103	-3	
488	492	-3	
491	494	4	
491	493	-3	
488	493	-1	
281	284	3	
281	285	2	
282	285	-2	
282	287	-4	
280	287	-3	
129	133	-3	
133	141	1	
139	141	-1	
139	142	4	
134	142	-2	
129	134	2	
2	4	-6	
3	4	-4	
0	6	-3	
0	5	-5	
2	5	-3	
496	501	-4	
497	501	-4	
497	502	-5	
498	503	-4	
496	503	-3	
384	388	-2	
388	396	2	
393	398	-5	
390	398	-3	
458	460	-4	
458	462	-1	
451	454	-4	
19	20	-4	
18	21	3	
16	23	4	
465	469	-2	
466	469	4	
466	471	-4	
467	471	-1	
467	470	5	
241	244	2	
244	252	-3	
249	253	2	
245	253	-3	
241	245	-2	
32	37	-2	
35	37	1	
34	38	3	
34	39	2	
192	197	3	
194	198	-3	
192	199	6	
82	85	-3	
82	86	2	
81	86	-5	
81	87	2	
80	87	4	
321	325	-4	
329	333	3	
326	334	-3	
321	326	2	
266	269	-3	
266	271	3	
267	271	-2	
267	270	3	
473	476	2	
475	478	-2	
472	477	-2	
441	446	-3	
443	507	3	
507	509	-2	
505	509	-1	
441	505	-3	
96	102	-2	
97	102	-4	
97	161	2	
161	164	4	
160	164	3	
96	160	-2	
368	372	-3	
372	380	3	
376	380	1	
374	382	3	
41	44	-3	
41	105	-3	
105	109	3	
40	104	-4	
337	340	-5	
340	348	-3	
344	351	4	
343	351	3	
337	343	-4	
154	156	-2	
152	159	-3	
209	214	2	
214	222	-1	
219	222	3	
219	223	2	
215	223	2	
209	215	5	
72	76	3	
73	76	-3	
73	79	-3	
74	79	1	
72	78	-3	
312	316	-4	
315	316	-3	
315	317	1	
314	317	-3	
312	319	-3	
305	308	3	
307	308	-3	
304	310	-4	
225	231	-5	
227	291	-2	
291	292	-3	
289	292	-3	
225	289	2	
362	365	-3	
363	365	4	
363	427	1	
427	430	2	
362	426	1	
64	68	2	
66	69	-2	
67	69	4	
64	70	-3	
53	61	-1	
58	61	-2	
55	63	-3	
51	55	-3	
417	420	3	
419	420	3	
483	486	3	
481	486	-1	
417	481	-4	
184	188	4	
186	250	2	
248	255	1	
184	248	2	
298	300	2	
297	302	3	
297	301	2	
296	301	-2	
272	276	-3	
274	276	-2	
273	278	5	
163	166	1	
171	174	-4	
171	175	-4	
24	28	-5	
26	29	3	
25	29	1	
24	30	-3	
257	260	-3	
258	263	-4	
258	261	2	
113	116	-3	
123	124	3	
123	125	2	
113	117	3	
8	12	-3	
11	15	3	
10	15	-2	
10	13	-2	
8	13	2	
411	415	-4	
410	414	1	
408	414	-2	
145	149	3	
145	151	4	
146	151	-2	
146	150	-4	
144	150	3	
336	341	-3	
338	341	4	
338	402	-1	
402	404	5	
400	404	-3	
336	400	2	
50	52	3	
114	118	-2	
112	118	-1	
48	112	3	
288	295	-2	
290	295	3	
290	354	-3	
354	359	3	
352	359	4	
288	352	3	
442	447	2	
442	506	-3	
506	510	-3	
440	504	-1	
137	143	-3	
139	143	-5	
139	203	-3	
203	204	3	
201	204	1	
137	201	3	
281	287	-2	
283	287	2	
283	347	2	
281	345	-2	
177	182	3	
182	190	3	
187	191	2	
183	191	3	
424	429	-2	
425	489	4	
488	495	-4	
424	488	-3	
168	172	-2	
170	234	-2	
234	239	-2	
232	239	1	
168	232	-3	
371	373	1	
371	435	-2	
435	436	-2	
433	436	-2	
99	100	-4	
93	101	2	
90	93	-5	
387	388	-4	
392	396	5	
391	399	4	
416	421	4	
482	485	-4	
480	485	2	
416	480	2	
211	212	-4	
212	220	2	
218	220	2	
213	221	-1	
211	213	-1	
43	107	-2	
42	106	-3	
56	60	3	
121	127	-3	
56	120	2	
131	132	-3	
130	134	4	
129	135	-2	
227	228	3	
227	230	-3	
224	230	3	
226	229	3	
364	372	2	
369	372	3	
369	375	3	
367	375	-1	
361	367	5	
240	244	-4	
242	246	4	
241	246	-2	
330	332	4	
331	334	-3	
328	333	-2	
449	452	-3	
450	452	3	
450	455	2	
448	453	3	
289	294	-3	
291	355	-1	
353	358	5	
289	353	1	
457	461	-3	
458	461	-2	
458	463	-2	
456	463	1	
456	462	-3	
153	158	-3	
153	217	-2	
217	220	2	
152	216	-2	
2	66	3	
65	71	2	
110	118	1	
111	119	2	
106	111	2	
91	94	3	
94	102	1	
91	95	-2	
376	383	-3	
379	383	3	
379	443	-2	
440	445	4	
376	440	-1	
138	141	4	
138	202	-3	
200	207	-2	
136	200	3	
429	437	-2	
434	437	3	
431	439	2	
427	431	-3	
298	301	4	
301	309	-3	
307	309	2	
307	311	3	
303	311	-3	
298	303	-1	
208	213	-3	
210	274	2	
274	277	-3	
208	272	-3	
405	413	1	
409	413	-3	
406	414	-2	
169	233	2	
29	37	-3	
33	39	-1	
31	39	3	
54	62	-3	
56	62	2	
468	476	2	
474	478	-2	
470	478	1	
464	470	-3	
9	12	-4	
12	20	-1	
13	21	-1	
484	492	-2	
491	492	-1	
486	494	-2	
281	286	-2	
282	346	-1	
346	349	3	
251	254	3	
251	315	-1	
314	318	-3	
250	314	1	
83	85	-3	
77	85	1	
181	189	3	
186	190	-3	
256	261	-3	
257	321	-1	
321	327	-3	
320	327	-3	
497	500	-2	
500	508	-2	
504	509	5	
147	148	-2	
146	149	-3	
355	357	-4	
353	359	-3	
162	164	-2	
163	165	3	
161	167	-4	
264	269	-4	
385	388	-3	
387	390	1	
386	390	2	
339	342	1	
338	342	3	
338	343	1	
40	46	-2	
195	196	-3	
192	198	2	
193	199	4	
304	309	2	
313	318	3	
310	318	2	
394	458	3	
392	456	-2	
280	286	1	
347	351	-1	
280	344	-1	
490	493	3	
490	495	2	
482	487	2	
224	228	3	
226	290	2	
290	294	-2	
224	288	-2	
18	82	2	
16	80	-1	
297	361	-3	
242	245	-4	
469	477	2	
471	479	-1	
465	471	4	
400	405	2	
402	405	4	
69	77	-3	
74	77	-4	
70	78	-2	
33	36	3	
33	97	-2	
97	101	-2	
32	96	-3	
91	155	3	
155	157	2	
154	157	2	
90	154	2	
43	44	2	
44	52	-1	
48	54	2	
46	54	2	
379	380	2	
377	382	-2	
225	230	1	
216	223	3	
200	204	-3	
204	212	3	
211	214	-4	
324	332	2	
328	332	2	
322	327	2	
203	205	3	
419	422	-3	
114	117	-2	
114	178	2	
178	183	3	
176	183	2	
112	176	-2	
169	172	4	
502	510	2	
115	116	-2	
115	179	2	
177	180	-3	
113	177	-2	
368	373	-3	
370	374	3	
371	375	-4	
258	260	3	
256	263	2	
27	28	-1	
25	31	3	
72	79	3	
8	72	-2	
130	132	1	
131	135	-3	
57	61	-3	
17	22	2	
19	83	-2	
17	81	-1	
35	99	-2	
98	100	-2	
34	98	3	
362	364	-3	
352	357	-2	
451	455	-2	
449	455	2	
449	454	4	
450	454	1	
345	348	2	
346	348	-3	
346	410	2	
409	415	-2	
345	409	-3	
277	285	-2	
279	287	2	
275	279	3	
144	148	2	
3	67	3	
64	71	-2	
120	124	2	
123	127	2	
120	125	-3	
442	445	-2	
506	508	3	
311	319	1	
306	311	2	
489	492	-3	
45	53	-2	
50	53	1	
47	55	-1	
265	268	-2	
268	276	1	
270	278	2	
292	300	2	
296	303	3	
291	295	-2	
384	391	2	
235	236	2	
236	244	-1	
239	247	1	
417	421	3	
481	484	3	
480	484	3	
435	437	3	
434	498	-1	
152	156	-2	
156	164	1	
158	166	1	
411	412	-2	
411	475	-3	
410	474	4	
331	333	2	
333	341	1	
334	342	1	
1	5	-3	
1	6	3	
459	460	-2	
460	468	-2	
462	470	1	
459	462	4	
153	159	2	
185	189	2	
187	189	-1	
249	255	3	
194	197	-3	
193	198	-2	
89	93	1	
104	108	1	
105	108	-3	
107	110	2	
104	110	-2	
136	142	2	
265	271	-3	
266	330	-3	
265	329	2	
246	254	3	
283	284	2	
284	292	1	
285	293	2	
409	473	-2	
408	472	-3	
499	502	-3	
384	389	-3	
384	448	2	
123	187	1	
120	184	-1	
219	220	-3	
162	167	-1	
160	166	3	
434	438	-2	
440	446	1	
305	309	1	
305	310	-3	
302	310	-1	
347	350	3	
51	52	2	
51	115	2	
83	147	2	
80	144	2	
427	491	-2	
491	495	-2	
10	14	3	
11	14	-2	
75	77	-1	
269	277	1	
273	277	1	
264	270	1	
315	319	-3	
203	206	-1	
201	207	3	
168	175	2	
168	174	-2	
42	44	2	
41	45	-2	
40	45	1	
232	238	-3	
256	260	-2	
259	261	3	
428	436	-1	
432	437	2	
426	429	3	
353	357	1	
352	358	2	
67	68	2	
68	76	-4	
71	79	-3	
57	63	-1	
17	23	-2	
504	511	-2	
396	404	-2	
210	215	-1	
208	214	2	
178	180	-2	
179	182	2	
128	133	2	
250	252	-4	
247	255	1	
242	247	-1	
403	406	-3	
286	294	2	
287	295	1	
441	447	-2	
148	156	3	
149	157	-2	
393	457	-1	
35	39	2	
387	451	-2	
477	485	2	
473	478	2	
84	92	-4	
88	95	2	
87	95	-2	
9	15	-2	
323	324	2	
320	325	1	
320	326	4	
25	89	-2	
193	197	2	
202	205	2	
240	246	2	
304	308	1	
299	300	2	
296	302	-3	
297	303	-2	
267	269	-2	
267	331	2	
264	328	3	
355	356	-2	
355	419	-2	
418	422	-3	
354	418	-2	
108	116	1	
112	119	-1	
217	281	-3	
216	280	2	
186	191	-3	
465	468	-3	
150	158	-2	
151	159	-3	
336	340	-1	
342	350	-2	
171	235	-1	
433	497	-2	
305	369	-1	
304	368	-1	
387	389	1	
389	397	-1	
394	399	2	
96	100	-2	
99	163	-2	
73	78	1	
136	143	-1	
483	487	1	
66	70	-3	
66	130	-1	
65	129	1	
410	413	2	
472	476	1	
457	460	2	
180	188	-1	
187	188	-3	
259	262	-3	
58	60	-2	
59	63	-1	
466	468	-1	
467	469	-2	
425	428	2	
424	430	-3	
425	430	2	
32	38	2	
329	335	1	
106	109	2	
250	253	-1	
249	254	1	
482	486	2	
216	221	1	
2	6	2	
98	101	1	
141	149	1	
341	349	2	
344	349	-1	
16	21	-3	
402	407	-1	
401	407	-2	
400	406	1	
257	263	1	
505	508	-2	
507	510	1	
217	222	2	
219	283	2	
30	38	2	
49	53	-2	
113	118	-2	
42	46	-2	
161	166	1	
274	279	-3	
488	494	-1	
385	391	1	
497	503	1	
288	293	-2	
80	84	-1	
229	237	2	
233	237	2	
231	239	-1	
102	110	-1	
104	111	-2	
103	111	-1	
348	356	-1	
329	393	1	
328	392	1	
179	243	2	
243	247	-3	
177	241	1	
9	73	1	
375	383	2	
52	60	1	
57	62	-3	
50	54	2	
201	265	1	
476	484	1	
430	438	1	
26	90	1	
90	94	-1	
363	364	3	
365	373	-1	
441	445	-1	
443	447	-2	
208	212	-1	
209	213	-2	
170	173	2	
248	252	2	
48	55	2	
114	116	-1	
314	316	1	
378	382	-2	
137	142	-1	
475	479	1	
300	308	1	
89	153	-1	
193	257	1	
192	256	-2	
435	439	1	
28	36	2	
228	236	1	
345	351	1	
483	485	1	
100	108	2	
101	109	-2	
83	87	2	
498	501	-1	
399	407	1	
160	167	-1	
448	452	-2	
272	336	1	
240	245	1	
218	282	-1	
115	117	1	
202	206	1	
442	446	-1	
218	222	-2	
218	223	1	
209	273	1	
272	278	1	
11	13	1	
38	46	-1	
43	47	-2	
99	103	1	
85	93	1	
294	302	-1	
172	180	1	
174	182	-1	
266	270	1	
344	408	1	
434	436	-1	
368	432	1	
234	236	-2	
386	388	1	
322	325	2	
474	477	-1	
176	240	1	
412	420	1	
413	421	1	
211	275	-2	
135	143	1	
489	494	-1	
26	30	-1	
393	397	-1	
392	398	-1	
276	284	-1	
278	286	1	
495	503	-1	
226	231	1	
173	181	1	
175	183	1	
330	334	-1	
154	158	1	
21	29	-1	
22	30	1	
194	258	1	
145	150	1	
86	94	1	
369	374	1	
75	139	1	
74	138	-1	
162	226	1	
337	401	1	
418	420	-1	
144	151	-1	
354	358	1	
18	20	-1	
19	23	1	
426	490	-1	
232	237	1	
235	299	1	
408	415	-1	
Energy:	-2538	
