NumberOfQubits	504	
NumberOfSubgraphs	672	
Serial	159	
PlantedSolution:	
0	-1	
1	-1	
2	-1	
3	-1	
4	-1	
5	1	
6	1	
8	-1	
9	1	
10	-1	
11	1	
12	1	
13	-1	
14	1	
15	-1	
16	1	
17	1	
18	-1	
19	-1	
20	-1	
21	-1	
22	-1	
23	1	
24	-1	
25	1	
26	-1	
27	-1	
28	1	
29	1	
30	-1	
31	1	
32	-1	
33	-1	
34	1	
35	1	
36	-1	
37	1	
38	-1	
39	-1	
40	1	
41	-1	
42	1	
43	-1	
44	-1	
45	-1	
46	-1	
47	-1	
48	-1	
49	1	
50	1	
51	-1	
52	-1	
53	-1	
54	-1	
55	-1	
56	1	
57	-1	
58	1	
59	1	
60	-1	
61	1	
62	-1	
63	-1	
64	1	
65	-1	
66	-1	
67	1	
68	-1	
69	-1	
70	1	
71	-1	
72	1	
73	1	
74	1	
75	1	
76	-1	
77	-1	
78	-1	
79	-1	
80	-1	
81	-1	
82	-1	
83	1	
84	1	
85	1	
86	1	
87	-1	
88	1	
89	1	
90	1	
91	1	
92	-1	
93	-1	
94	-1	
95	1	
96	-1	
97	-1	
98	1	
99	-1	
100	1	
101	-1	
102	-1	
103	1	
104	-1	
105	-1	
106	1	
107	1	
108	-1	
109	-1	
110	-1	
111	1	
112	1	
113	-1	
114	1	
115	1	
116	1	
117	1	
118	-1	
119	1	
120	1	
121	1	
123	1	
124	1	
125	1	
126	-1	
127	-1	
128	-1	
129	1	
130	-1	
131	1	
132	-1	
133	-1	
134	1	
135	-1	
136	-1	
137	-1	
138	-1	
139	1	
141	-1	
142	1	
143	1	
144	1	
145	1	
146	1	
147	-1	
148	-1	
149	-1	
150	-1	
151	1	
152	-1	
153	-1	
154	-1	
155	-1	
156	1	
157	1	
158	1	
159	-1	
160	-1	
161	1	
162	-1	
163	-1	
164	1	
165	1	
166	-1	
167	-1	
168	-1	
169	-1	
170	1	
171	-1	
172	1	
173	-1	
174	-1	
175	1	
176	1	
177	-1	
178	1	
179	-1	
180	1	
181	-1	
182	1	
183	1	
184	-1	
185	1	
186	-1	
187	1	
188	-1	
189	1	
190	1	
191	-1	
192	1	
193	-1	
194	1	
195	1	
196	1	
197	-1	
198	1	
199	-1	
200	-1	
201	-1	
202	-1	
203	-1	
204	-1	
205	-1	
206	1	
207	1	
208	1	
209	-1	
210	-1	
211	-1	
212	-1	
213	1	
214	1	
215	-1	
216	1	
217	1	
218	-1	
219	1	
220	-1	
221	1	
222	1	
223	1	
224	-1	
225	1	
226	1	
227	1	
228	1	
229	1	
230	1	
231	1	
232	1	
233	-1	
234	1	
235	1	
236	1	
237	-1	
238	1	
239	-1	
240	1	
241	1	
242	1	
243	1	
244	1	
245	1	
246	1	
247	-1	
248	1	
249	1	
250	1	
251	1	
252	-1	
253	1	
254	1	
255	-1	
256	1	
257	-1	
258	1	
259	-1	
260	-1	
261	-1	
262	1	
263	-1	
264	1	
265	-1	
266	1	
267	1	
268	-1	
269	-1	
270	1	
271	-1	
272	-1	
273	-1	
274	1	
275	-1	
276	-1	
277	1	
278	1	
279	-1	
280	-1	
281	-1	
282	1	
283	1	
284	-1	
285	1	
286	-1	
287	1	
288	1	
289	1	
290	-1	
291	1	
292	-1	
293	-1	
294	1	
295	-1	
296	1	
297	-1	
298	-1	
299	1	
300	1	
301	1	
302	-1	
303	1	
304	1	
305	-1	
306	-1	
307	-1	
308	-1	
309	1	
310	-1	
311	-1	
312	1	
313	1	
314	1	
315	-1	
316	-1	
317	-1	
318	1	
319	1	
320	-1	
321	-1	
322	-1	
323	1	
324	-1	
325	1	
326	1	
327	1	
328	1	
329	1	
330	-1	
331	1	
332	1	
333	-1	
334	1	
335	1	
336	-1	
337	1	
338	1	
339	-1	
340	1	
341	1	
342	1	
343	-1	
344	1	
345	1	
346	-1	
347	-1	
348	1	
349	-1	
350	1	
351	1	
352	1	
353	1	
354	-1	
355	1	
356	-1	
357	-1	
358	-1	
359	1	
361	-1	
362	1	
363	-1	
364	1	
365	1	
367	1	
368	1	
369	-1	
370	1	
371	-1	
372	1	
373	1	
374	1	
375	1	
376	1	
377	1	
378	1	
379	1	
380	-1	
382	1	
383	-1	
384	-1	
385	1	
386	1	
387	-1	
388	-1	
389	1	
390	1	
391	-1	
392	1	
393	-1	
394	1	
396	1	
397	1	
398	-1	
399	-1	
400	1	
401	-1	
402	-1	
403	1	
404	-1	
405	-1	
406	1	
407	1	
408	1	
409	-1	
410	-1	
411	1	
412	-1	
413	-1	
414	1	
415	1	
416	-1	
417	-1	
418	-1	
419	-1	
420	1	
421	-1	
422	-1	
424	1	
425	1	
426	1	
427	1	
428	1	
429	1	
430	1	
431	-1	
432	-1	
433	-1	
434	-1	
435	1	
436	-1	
437	1	
438	-1	
439	1	
440	-1	
441	-1	
442	-1	
443	-1	
444	-1	
445	1	
446	-1	
447	-1	
448	1	
449	1	
450	1	
451	-1	
452	-1	
453	-1	
454	1	
455	-1	
456	-1	
457	1	
458	1	
459	1	
460	-1	
461	1	
462	-1	
463	-1	
464	1	
465	-1	
466	1	
467	1	
468	-1	
469	1	
470	-1	
471	-1	
472	1	
473	-1	
474	-1	
475	-1	
476	-1	
477	-1	
478	-1	
479	1	
480	-1	
481	1	
482	-1	
483	-1	
484	1	
485	1	
486	1	
487	-1	
488	-1	
489	-1	
490	1	
491	1	
492	1	
493	-1	
494	1	
495	1	
496	1	
497	-1	
498	-1	
499	-1	
500	-1	
501	-1	
502	-1	
503	-1	
504	-1	
505	1	
506	1	
507	-1	
508	-1	
509	1	
510	1	
511	-1	
Js:	
489	492	4	
490	492	-5	
490	495	-6	
491	495	4	
491	493	6	
489	493	-3	
291	293	4	
293	301	3	
296	301	-3	
296	303	-5	
295	303	4	
291	295	3	
9	13	3	
13	21	3	
16	21	6	
16	23	-3	
15	23	2	
9	15	4	
80	86	2	
86	94	1	
88	94	-3	
88	95	-5	
87	95	4	
80	87	-4	
298	302	3	
299	302	2	
299	363	4	
363	365	4	
362	365	-4	
298	362	3	
441	446	-2	
443	446	-7	
443	507	3	
507	509	4	
505	509	-3	
441	505	1	
400	405	3	
403	405	3	
403	406	-4	
401	406	4	
401	407	-5	
400	407	-3	
97	100	4	
100	108	4	
106	108	4	
106	111	3	
103	111	-3	
97	103	2	
466	470	3	
470	478	-2	
475	478	-3	
475	479	-2	
471	479	1	
466	471	3	
338	341	-2	
341	349	-3	
344	349	4	
344	350	-4	
342	350	-2	
338	342	-3	
113	117	3	
115	117	-5	
115	118	5	
114	118	4	
114	119	-1	
113	119	-2	
32	36	-3	
35	36	2	
35	38	8	
33	38	-3	
33	37	4	
32	37	3	
137	143	3	
139	143	-6	
139	203	-1	
203	205	-5	
201	205	-5	
137	201	-4	
249	252	6	
250	252	-5	
250	255	3	
251	255	4	
251	254	-4	
249	254	-4	
328	333	4	
331	333	2	
331	335	4	
329	335	-4	
329	334	-2	
328	334	-4	
163	166	-4	
166	174	-4	
170	174	5	
170	175	-3	
167	175	3	
163	167	-3	
153	156	2	
155	156	5	
155	157	2	
154	157	4	
154	158	3	
153	158	4	
81	85	3	
83	85	-2	
83	147	2	
147	149	-4	
145	149	2	
81	145	2	
65	68	-4	
67	68	4	
67	71	2	
66	71	-5	
66	70	-2	
65	70	5	
497	502	-4	
502	510	-1	
506	510	-4	
506	511	3	
503	511	-1	
497	503	-3	
456	461	5	
457	461	-4	
457	463	4	
458	463	5	
458	462	3	
456	462	-6	
129	132	5	
130	132	-3	
130	135	-5	
131	135	5	
131	133	3	
129	133	4	
264	268	4	
265	268	-4	
265	270	2	
267	270	3	
267	271	3	
264	271	3	
194	196	-4	
195	196	-5	
195	198	-5	
193	198	4	
193	199	2	
194	199	5	
232	236	-3	
235	236	-5	
235	238	-3	
234	238	-2	
234	237	5	
232	237	4	
25	29	-3	
27	29	5	
27	91	3	
91	93	2	
89	93	5	
25	89	4	
257	260	-3	
259	260	4	
259	262	4	
256	262	-5	
256	261	1	
257	261	-4	
177	180	6	
180	188	-1	
185	188	4	
185	190	-4	
182	190	-3	
177	182	5	
409	412	2	
412	420	2	
417	420	4	
417	422	-3	
414	422	4	
409	414	3	
320	324	-3	
322	324	-2	
322	327	5	
323	327	-3	
323	326	-4	
320	326	-3	
393	397	5	
394	397	-2	
394	398	3	
392	398	4	
392	399	2	
393	399	2	
272	276	-4	
273	276	-3	
273	279	-5	
275	279	-4	
275	277	4	
272	277	-1	
242	247	3	
243	247	3	
243	307	2	
307	311	2	
306	311	-3	
242	306	2	
224	228	4	
226	228	-3	
226	229	-2	
227	229	-2	
227	231	-4	
224	231	3	
385	390	-3	
387	390	3	
387	451	2	
451	454	5	
449	454	-4	
385	449	-3	
50	52	3	
52	60	-3	
57	60	-2	
57	62	-4	
54	62	3	
50	54	3	
10	14	2	
11	14	7	
11	75	-1	
75	77	5	
74	77	4	
10	74	3	
217	220	5	
218	220	2	
218	222	4	
216	222	-5	
216	223	-4	
217	223	-3	
426	429	-4	
429	437	-3	
435	437	-3	
435	438	4	
430	438	3	
426	430	-4	
369	372	4	
372	380	3	
378	380	3	
378	382	5	
374	382	-4	
369	374	3	
282	284	4	
284	292	2	
289	292	4	
289	294	-4	
286	294	1	
282	286	3	
305	308	4	
308	316	-3	
314	316	5	
314	317	2	
309	317	3	
305	309	3	
179	181	-5	
181	189	2	
184	189	3	
184	191	-7	
183	191	-2	
179	183	4	
368	375	-2	
370	375	-4	
370	434	2	
434	439	-2	
432	439	4	
368	432	3	
208	212	-4	
209	212	-4	
209	213	2	
210	213	3	
210	215	-6	
208	215	3	
384	389	3	
386	389	-4	
386	450	-2	
450	455	-3	
448	455	5	
384	448	3	
473	476	-2	
476	484	2	
482	484	4	
482	485	2	
477	485	3	
473	477	-3	
40	45	5	
43	45	-2	
43	47	-4	
41	47	3	
41	46	-4	
40	46	4	
339	340	2	
340	348	-5	
345	348	-5	
345	351	-3	
343	351	2	
339	343	-4	
354	356	-1	
355	356	4	
355	359	-2	
353	359	-4	
353	357	5	
354	357	5	
2	4	-2	
3	4	4	
3	5	5	
1	5	1	
1	6	5	
2	6	6	
48	53	-3	
53	61	4	
56	61	-1	
56	63	4	
55	63	-4	
48	55	4	
96	101	-4	
98	101	-3	
98	162	3	
162	164	5	
160	164	4	
96	160	-3	
120	124	-2	
123	124	-6	
123	127	-5	
121	127	3	
121	126	3	
120	126	5	
136	141	-5	
138	141	-4	
138	202	-2	
202	207	-2	
200	207	5	
136	200	-3	
312	318	-6	
313	318	-3	
313	377	-2	
377	383	3	
376	383	-4	
312	376	-2	
17	20	4	
20	28	2	
26	28	-1	
26	30	-5	
22	30	-3	
17	22	2	
105	110	-5	
107	110	3	
107	171	2	
171	173	-3	
169	173	-3	
105	169	1	
416	421	-5	
419	421	-2	
419	483	-3	
483	486	4	
480	486	-3	
416	480	-7	
346	348	2	
347	348	-2	
347	411	2	
411	415	-7	
410	415	3	
346	410	-3	
72	76	4	
75	76	-3	
75	79	4	
73	79	5	
73	78	5	
72	78	4	
240	244	-4	
241	244	-4	
241	305	2	
305	310	-2	
304	310	3	
240	304	-2	
441	444	-3	
442	444	-5	
442	447	-5	
440	447	-4	
440	445	-3	
441	445	4	
80	84	5	
82	84	1	
82	146	1	
146	148	3	
144	148	3	
80	144	-1	
496	500	5	
500	508	-2	
504	508	-6	
504	509	3	
501	509	2	
496	501	-5	
281	284	-4	
283	284	2	
283	287	2	
280	287	3	
280	285	4	
281	285	6	
424	428	-4	
425	428	-4	
425	489	3	
489	494	3	
488	494	5	
424	488	2	
465	468	3	
467	468	5	
467	471	5	
464	471	3	
464	469	-4	
465	469	4	
112	116	-5	
114	116	-3	
114	178	-2	
178	183	2	
176	183	-5	
112	176	-2	
266	269	3	
269	277	-1	
274	277	-2	
274	278	-6	
270	278	-2	
266	270	-4	
24	29	3	
29	37	-3	
34	37	-3	
34	39	4	
31	39	4	
24	31	-2	
241	245	-4	
245	253	-4	
248	253	-4	
248	254	-4	
246	254	3	
241	246	-2	
64	69	4	
67	69	4	
67	131	-1	
131	134	-4	
128	134	-2	
64	128	1	
233	239	-4	
234	239	4	
234	298	3	
298	300	3	
297	300	-4	
233	297	-3	
402	404	-4	
404	412	-3	
408	412	4	
408	413	3	
405	413	-2	
402	405	-3	
152	157	-1	
157	165	-2	
161	165	-6	
161	167	4	
159	167	-2	
152	159	-3	
361	364	4	
364	372	-3	
371	372	3	
371	373	-4	
365	373	-4	
361	365	3	
192	197	5	
194	197	2	
194	258	-2	
258	263	4	
256	263	4	
192	256	1	
202	204	-5	
204	212	-2	
211	212	-3	
211	214	4	
206	214	-2	
202	206	3	
104	109	-3	
107	109	1	
171	172	4	
168	172	-2	
104	168	-2	
288	295	2	
290	295	-4	
290	354	-2	
354	358	-4	
352	358	3	
288	352	-2	
450	452	5	
452	460	-3	
459	460	5	
459	461	-2	
453	461	2	
450	453	4	
427	428	4	
428	436	2	
433	436	-2	
433	439	3	
431	439	2	
427	431	5	
219	221	-5	
221	229	1	
225	229	-3	
225	230	-2	
222	230	-2	
219	222	-4	
90	92	4	
92	100	1	
99	100	-2	
99	102	-5	
94	102	-2	
90	94	1	
321	324	4	
324	332	3	
330	332	6	
330	333	-4	
325	333	2	
321	325	3	
139	142	-2	
142	150	2	
146	150	4	
146	151	4	
143	151	-2	
314	319	3	
315	319	1	
315	379	3	
379	383	4	
378	383	2	
314	378	-3	
385	388	4	
388	396	-3	
394	396	-4	
394	399	7	
391	399	-4	
385	391	4	
474	477	-4	
481	485	-3	
481	487	4	
479	487	3	
474	479	-4	
8	12	6	
12	20	2	
18	20	-5	
18	21	-3	
8	13	-5	
42	44	4	
44	52	-1	
49	52	2	
49	53	4	
45	53	1	
42	45	2	
186	188	-5	
187	188	4	
187	189	-3	
185	189	-4	
186	190	2	
56	60	2	
59	60	5	
59	123	-2	
123	125	-3	
120	125	-4	
56	120	-3	
499	500	-5	
499	502	-4	
498	502	4	
498	503	-5	
496	503	2	
272	278	3	
273	278	2	
273	337	3	
337	342	3	
336	342	3	
272	336	-2	
51	54	-3	
58	62	4	
58	63	3	
51	55	-3	
419	420	-5	
418	421	-2	
418	422	-4	
464	468	2	
468	476	1	
472	476	4	
472	478	3	
464	470	4	
0	4	-5	
1	4	-5	
1	65	-3	
65	71	-4	
64	71	3	
0	64	-2	
352	356	4	
356	364	-2	
362	364	-6	
362	367	-2	
359	367	-3	
352	359	-3	
19	22	-5	
26	31	3	
23	31	2	
19	23	3	
32	38	-2	
35	99	2	
99	103	-3	
96	103	4	
32	96	-5	
11	12	-2	
9	14	-4	
8	15	-3	
435	436	4	
436	444	-2	
442	445	2	
437	445	3	
81	84	-3	
83	84	-5	
83	86	-4	
82	86	4	
82	87	-4	
81	87	-2	
178	180	3	
178	181	4	
179	182	3	
113	116	2	
115	119	-4	
112	119	-3	
104	111	4	
106	170	-1	
170	173	3	
168	173	-4	
147	148	-5	
147	151	3	
145	151	3	
144	149	3	
193	196	2	
195	259	2	
259	263	-2	
257	263	-2	
193	257	1	
488	493	-4	
490	494	-3	
406	414	-2	
411	414	-2	
407	415	-3	
251	252	2	
248	255	4	
250	253	-4	
283	285	-3	
283	347	-4	
347	349	-3	
280	344	3	
297	301	3	
299	301	-3	
363	367	5	
361	367	5	
297	361	-3	
156	164	-1	
160	166	4	
158	166	1	
155	158	2	
306	309	3	
307	309	4	
307	371	-1	
370	373	-4	
306	370	1	
211	213	4	
211	215	-3	
209	215	-2	
209	214	5	
210	214	3	
392	396	-4	
393	396	2	
393	457	3	
457	462	2	
392	456	-2	
266	268	3	
267	268	2	
267	269	4	
265	269	2	
265	271	-3	
266	271	3	
226	230	-6	
230	238	-3	
233	238	4	
231	239	-3	
226	231	-3	
288	292	4	
290	292	-2	
290	293	-3	
291	294	3	
288	294	-3	
449	452	4	
451	452	-3	
448	454	-3	
448	453	4	
449	453	-3	
203	207	3	
200	206	2	
201	206	4	
483	484	3	
481	486	-2	
482	487	5	
329	332	-3	
330	334	1	
331	334	-5	
323	387	2	
387	389	4	
322	386	3	
97	101	-2	
101	109	-3	
105	109	-4	
102	110	-2	
97	102	5	
424	429	4	
427	429	-3	
427	430	-3	
425	430	-3	
425	431	4	
424	431	4	
313	317	-4	
315	317	-4	
379	380	4	
377	380	5	
153	159	-3	
153	217	-2	
216	220	3	
152	216	3	
296	300	2	
300	308	2	
304	308	5	
304	311	4	
303	311	1	
72	77	3	
74	79	-3	
24	28	4	
25	28	-4	
89	92	1	
88	92	2	
24	88	3	
34	36	4	
36	44	-2	
43	44	-4	
39	47	1	
336	340	3	
337	340	-3	
337	343	5	
339	341	3	
336	341	5	
242	245	1	
243	245	-2	
243	246	-5	
240	246	-2	
240	247	2	
128	133	-4	
129	134	-4	
130	134	4	
128	135	-2	
440	446	-3	
507	508	-2	
440	504	-2	
281	287	4	
282	287	-3	
282	346	3	
346	351	4	
281	345	-2	
433	438	-3	
434	438	-3	
434	498	-3	
498	501	-5	
497	501	-3	
433	497	-4	
403	404	2	
403	467	-3	
467	469	3	
466	469	-4	
402	466	3	
163	165	-1	
163	227	3	
227	228	-3	
225	228	-3	
161	225	-3	
409	413	-5	
410	413	-2	
410	474	-3	
473	479	4	
409	473	-3	
0	5	6	
2	5	4	
2	66	-4	
66	68	-3	
64	68	2	
138	143	-3	
137	142	5	
136	142	3	
57	61	3	
59	61	-3	
121	124	-2	
57	121	-3	
320	325	5	
321	385	-2	
384	391	-3	
320	384	-3	
376	382	-3	
375	383	3	
369	375	3	
168	175	2	
169	175	4	
169	233	3	
233	236	2	
168	232	3	
456	460	-2	
458	460	-5	
459	463	5	
459	462	4	
186	189	4	
187	190	4	
184	190	3	
186	191	-2	
219	220	4	
219	223	-3	
217	221	-4	
218	221	4	
41	45	-4	
42	46	4	
42	47	4	
40	47	-2	
258	260	4	
258	261	-3	
259	261	-3	
257	262	4	
306	310	-5	
310	318	-2	
312	319	-5	
311	319	4	
506	509	4	
507	511	-4	
507	510	3	
505	510	-3	
85	93	4	
90	93	3	
90	95	-4	
83	87	-1	
193	197	-5	
194	198	-3	
192	199	-4	
274	276	3	
275	276	2	
275	339	-4	
338	343	3	
274	338	-3	
353	356	4	
355	358	6	
389	397	-3	
393	398	-3	
390	398	4	
386	390	-2	
416	420	4	
418	420	3	
418	482	-3	
482	486	2	
48	52	-2	
51	52	-5	
49	55	-2	
49	54	5	
48	54	-2	
18	23	3	
16	22	3	
164	172	-3	
171	174	-2	
162	166	-2	
408	414	-3	
411	475	3	
475	476	-4	
408	472	3	
114	117	-2	
117	125	3	
118	126	-5	
3	6	4	
3	67	3	
66	69	4	
228	236	2	
235	237	3	
229	237	2	
224	229	4	
200	204	-3	
202	266	1	
264	269	3	
200	264	-1	
208	213	-2	
211	275	2	
272	279	-2	
208	272	2	
432	436	3	
439	447	2	
68	76	-3	
70	78	-3	
27	28	4	
28	36	1	
33	36	4	
33	39	-3	
27	31	3	
323	324	4	
328	332	2	
326	334	-3	
251	315	2	
315	316	-4	
313	316	2	
249	313	-2	
98	100	-3	
106	109	5	
91	95	-1	
91	155	-2	
155	159	-2	
154	159	-3	
90	154	2	
178	242	-4	
242	244	-3	
176	240	-1	
426	428	-2	
426	490	2	
401	465	-1	
465	471	-4	
400	464	-3	
294	302	3	
296	302	3	
289	295	-3	
280	286	-4	
283	286	4	
347	350	4	
384	388	-2	
387	388	-3	
451	455	-5	
368	372	-3	
371	375	3	
368	373	3	
10	13	-2	
10	15	-4	
11	15	3	
144	150	3	
145	150	5	
145	209	2	
208	214	2	
144	208	-3	
116	124	-4	
119	127	6	
58	61	-5	
59	62	-3	
56	62	4	
128	132	5	
131	132	1	
131	195	-2	
192	198	-2	
128	192	2	
498	500	-1	
499	503	-4	
18	82	3	
82	85	3	
17	81	5	
363	427	2	
426	431	3	
362	426	1	
299	300	-3	
307	308	-2	
301	309	2	
258	322	-1	
322	325	4	
256	320	2	
417	421	-4	
417	481	5	
480	487	1	
338	402	2	
336	400	2	
98	102	2	
162	165	3	
97	161	1	
169	172	2	
172	180	-2	
176	180	-4	
176	181	3	
173	181	1	
376	380	-3	
377	441	4	
441	447	-4	
376	440	4	
130	133	2	
133	141	-3	
137	141	-1	
134	142	-2	
458	461	-2	
186	250	3	
184	248	3	
89	94	4	
89	153	2	
152	158	4	
88	152	2	
30	38	-2	
27	30	1	
203	206	3	
203	267	1	
201	265	1	
473	478	-4	
396	404	3	
398	406	2	
43	46	-3	
43	107	3	
104	110	-3	
40	104	-3	
113	118	-4	
115	179	-2	
113	177	-2	
443	445	2	
438	446	-1	
506	508	3	
505	511	6	
504	511	-2	
484	492	-2	
491	492	2	
485	493	2	
483	485	4	
291	292	2	
291	355	-1	
289	353	1	
218	223	-5	
99	163	-1	
160	167	-2	
244	252	2	
249	253	2	
73	76	3	
74	76	-2	
466	468	-3	
467	470	2	
465	470	-4	
305	369	-1	
368	374	-4	
304	368	1	
268	276	1	
264	270	-2	
148	156	-3	
154	156	2	
149	157	4	
146	149	3	
329	333	2	
328	335	-3	
314	318	-3	
313	319	-3	
41	44	-3	
42	106	2	
105	108	-1	
41	105	-2	
475	477	2	
51	53	-3	
454	462	2	
455	463	-1	
449	455	-2	
494	502	-1	
495	503	1	
488	495	3	
297	302	-2	
288	293	3	
352	357	3	
421	429	1	
424	430	-2	
422	430	1	
346	350	3	
273	277	4	
277	285	2	
279	287	4	
203	204	-3	
210	212	2	
207	215	1	
84	92	-1	
91	92	5	
80	85	2	
121	125	-4	
123	187	-1	
121	185	1	
168	174	1	
171	235	3	
379	382	-4	
138	142	4	
147	150	-2	
321	326	5	
327	335	-2	
321	327	4	
247	255	-3	
10	12	3	
8	14	2	
195	199	2	
19	20	3	
19	83	4	
81	86	3	
35	37	-3	
225	231	-3	
227	230	-1	
224	230	-2	
432	437	2	
433	437	2	
432	438	-2	
58	60	4	
59	63	3	
57	63	2	
25	31	2	
24	30	-2	
256	260	3	
258	262	-2	
65	69	-2	
64	70	-4	
170	172	-3	
175	183	-2	
50	55	3	
50	114	-4	
48	112	3	
72	79	3	
75	139	-2	
139	141	3	
72	136	2	
419	422	-3	
392	397	-4	
349	357	-2	
350	358	-1	
120	127	2	
497	500	-2	
99	101	-3	
105	111	3	
320	327	2	
384	390	-4	
17	21	2	
18	22	2	
202	205	1	
201	207	2	
278	286	-3	
274	279	1	
400	404	2	
402	406	-1	
306	308	-2	
307	310	-3	
152	156	3	
504	510	3	
290	294	-2	
299	303	-3	
235	239	3	
91	94	3	
478	486	2	
160	165	2	
162	167	-2	
338	340	-3	
145	148	2	
144	151	-3	
261	269	-3	
263	271	4	
9	12	-3	
74	78	3	
9	73	-2	
442	446	1	
209	273	-1	
240	245	-3	
241	247	3	
40	44	2	
370	372	-2	
371	374	2	
177	181	1	
107	108	4	
387	391	2	
185	249	-2	
292	300	2	
298	301	-2	
265	329	-2	
264	328	-3	
130	194	-2	
129	193	2	
401	405	-3	
409	415	2	
345	349	3	
171	175	-2	
169	174	-3	
282	285	-2	
371	435	3	
369	433	-2	
69	77	-2	
323	325	-2	
322	326	-1	
146	210	1	
460	468	-2	
463	471	-2	
227	291	-3	
225	289	-2	
32	39	3	
34	98	-3	
98	103	-4	
312	316	-2	
26	29	3	
25	30	3	
361	425	1	
212	220	-1	
213	221	2	
49	113	-3	
112	117	-3	
267	331	-3	
331	332	-2	
266	330	2	
232	238	-3	
297	303	-1	
232	296	-3	
344	351	-4	
410	412	-3	
344	408	2	
179	243	-2	
243	244	-2	
440	444	2	
442	506	2	
355	419	3	
354	418	2	
187	191	-2	
187	251	-2	
251	253	-2	
107	111	-3	
432	496	-2	
135	143	3	
450	454	-2	
386	388	2	
192	196	-2	
196	204	3	
197	205	-2	
162	226	-1	
160	224	-1	
153	157	3	
312	317	-1	
474	478	-2	
472	479	-2	
33	97	-2	
491	494	-3	
115	116	-2	
369	373	3	
370	374	-3	
434	436	-3	
50	53	3	
394	458	-1	
14	22	1	
198	206	2	
199	207	3	
88	93	-1	
347	351	3	
345	350	-2	
226	290	1	
104	108	-3	
210	274	-1	
333	341	-2	
337	341	-1	
335	343	1	
330	335	2	
234	236	-3	
496	502	2	
505	508	3	
242	246	-3	
410	414	-2	
400	406	-3	
304	309	-1	
425	429	1	
434	437	3	
174	182	1	
176	182	1	
451	453	-1	
185	191	3	
353	358	-2	
443	444	-2	
224	288	-2	
339	342	-2	
339	403	1	
403	407	-1	
402	407	3	
480	484	3	
480	485	-2	
235	299	-1	
163	164	2	
472	477	4	
74	138	1	
305	311	-2	
195	197	2	
357	365	1	
354	359	2	
474	476	-3	
165	173	2	
397	405	-2	
200	205	2	
16	80	2	
237	245	-2	
239	247	-2	
276	284	-3	
280	284	1	
435	499	-1	
151	159	3	
67	70	-2	
220	228	-1	
35	39	-1	
443	447	-1	
386	391	3	
37	45	2	
26	90	2	
73	137	-1	
401	404	-2	
399	407	1	
262	270	-3	
161	166	-1	
486	494	1	
489	495	1	
487	495	1	
483	487	-2	
17	23	-3	
106	110	3	
298	303	2	
363	364	-1	
205	213	-1	
377	382	-2	
413	421	-2	
96	100	2	
154	218	-2	
281	286	-1	
499	501	-2	
260	268	-2	
11	13	3	
302	310	-1	
435	439	1	
77	85	2	
78	86	2	
75	78	-1	
336	343	1	
337	401	1	
408	415	-1	
19	21	1	
215	223	1	
488	492	2	
34	38	2	
177	183	-1	
136	143	-1	
457	460	1	
462	470	-1	
345	409	1	
238	246	1	
217	222	-1	
289	293	2	
344	348	1	
184	188	2	
248	252	1	
250	254	-1	
0	6	1	
236	244	-1	
76	84	1	
155	219	-1	
427	491	1	
411	412	-2	
334	342	-1	
161	164	1	
178	182	1	
71	79	-2	
89	95	-2	
461	469	1	
315	318	2	
129	135	-1	
448	452	1	
367	375	-1	
150	158	2	
492	500	1	
493	501	-1	
378	442	1	
219	283	1	
217	281	1	
416	422	-1	
379	443	1	
481	484	-2	
93	101	1	
330	394	-1	
329	393	1	
79	87	-1	
348	356	-1	
218	282	-1	
216	280	1	
177	241	1	
259	323	-1	
123	126	1	
352	416	1	
21	29	1	
346	349	1	
285	293	1	
170	234	1	
38	46	1	
456	463	-1	
Energy:	-2908	
