NumberOfQubits	504	
NumberOfSubgraphs	420	
Serial	415	
PlantedSolution:	
0	-1	
1	-1	
2	-1	
3	-1	
4	1	
5	-1	
6	1	
8	1	
9	1	
10	-1	
11	-1	
12	-1	
13	1	
14	1	
15	-1	
16	1	
17	-1	
18	1	
19	-1	
20	1	
21	-1	
22	1	
23	-1	
24	1	
25	1	
26	1	
27	1	
28	1	
29	-1	
30	1	
31	-1	
32	-1	
33	-1	
34	1	
35	1	
36	1	
37	-1	
38	-1	
39	1	
40	1	
41	1	
42	-1	
43	-1	
44	-1	
45	1	
46	-1	
47	1	
48	-1	
49	1	
50	-1	
51	-1	
52	-1	
53	-1	
54	-1	
55	1	
56	-1	
57	1	
58	1	
59	-1	
60	1	
61	-1	
62	-1	
63	-1	
64	-1	
65	1	
66	-1	
67	-1	
68	1	
69	-1	
70	-1	
71	-1	
72	-1	
73	1	
74	-1	
75	-1	
76	-1	
77	1	
78	-1	
79	1	
80	-1	
81	1	
82	-1	
83	1	
84	1	
85	-1	
86	-1	
87	-1	
88	-1	
89	1	
90	1	
91	-1	
92	-1	
93	1	
94	-1	
95	1	
96	-1	
97	-1	
98	-1	
99	-1	
100	-1	
101	1	
102	1	
103	-1	
104	1	
105	1	
106	-1	
107	1	
108	-1	
109	1	
110	1	
111	1	
112	-1	
113	1	
114	-1	
115	1	
116	1	
117	-1	
118	1	
119	1	
120	-1	
121	1	
123	1	
124	1	
125	-1	
126	-1	
127	-1	
128	-1	
129	-1	
130	-1	
131	1	
132	1	
133	1	
134	-1	
135	-1	
136	1	
137	1	
138	1	
139	-1	
141	-1	
142	-1	
143	-1	
144	-1	
145	-1	
146	-1	
147	-1	
148	1	
149	-1	
150	1	
151	1	
152	-1	
153	1	
154	-1	
155	1	
156	-1	
157	1	
158	-1	
159	-1	
160	-1	
161	-1	
162	-1	
163	-1	
164	-1	
165	-1	
166	1	
167	-1	
168	1	
169	-1	
170	-1	
171	1	
172	-1	
173	1	
174	1	
175	1	
176	-1	
177	-1	
178	-1	
179	1	
180	-1	
181	1	
182	-1	
183	-1	
184	-1	
185	-1	
186	-1	
187	-1	
188	1	
189	1	
190	1	
191	1	
192	1	
193	-1	
194	1	
195	1	
196	-1	
197	1	
198	-1	
199	-1	
200	1	
201	1	
202	-1	
203	-1	
204	1	
205	-1	
206	-1	
207	-1	
208	-1	
209	1	
210	1	
211	-1	
212	1	
213	1	
214	1	
215	1	
216	1	
217	-1	
218	-1	
219	1	
220	-1	
221	1	
222	1	
223	-1	
224	1	
225	-1	
226	1	
227	1	
228	-1	
229	1	
230	1	
231	1	
232	-1	
233	1	
234	1	
235	1	
236	1	
237	1	
238	-1	
239	-1	
240	1	
241	-1	
242	-1	
243	-1	
244	-1	
245	1	
246	1	
247	-1	
248	1	
249	1	
250	-1	
251	1	
252	-1	
253	1	
254	-1	
255	-1	
256	1	
257	1	
258	1	
259	-1	
260	1	
261	-1	
262	-1	
263	-1	
264	1	
265	1	
266	1	
267	-1	
268	1	
269	-1	
270	-1	
271	1	
272	1	
273	-1	
274	-1	
275	-1	
276	-1	
277	1	
278	-1	
279	-1	
280	-1	
281	-1	
282	1	
283	1	
284	-1	
285	-1	
286	-1	
287	-1	
288	-1	
289	1	
290	1	
291	1	
292	1	
293	1	
294	-1	
295	-1	
296	1	
297	-1	
298	1	
299	-1	
300	1	
301	-1	
302	1	
303	1	
304	-1	
305	-1	
306	-1	
307	-1	
308	-1	
309	-1	
310	-1	
311	1	
312	-1	
313	-1	
314	1	
315	1	
316	1	
317	1	
318	-1	
319	1	
320	-1	
321	-1	
322	1	
323	-1	
324	-1	
325	-1	
326	-1	
327	1	
328	-1	
329	-1	
330	1	
331	-1	
332	1	
333	-1	
334	1	
335	1	
336	-1	
337	-1	
338	1	
339	1	
340	1	
341	-1	
342	1	
343	-1	
344	-1	
345	-1	
346	-1	
347	1	
348	1	
349	-1	
350	1	
351	-1	
352	1	
353	1	
354	1	
355	1	
356	-1	
357	-1	
358	-1	
359	1	
361	-1	
362	-1	
363	1	
364	-1	
365	-1	
367	1	
368	-1	
369	-1	
370	-1	
371	-1	
372	-1	
373	1	
374	-1	
375	-1	
376	-1	
377	1	
378	-1	
379	-1	
380	1	
382	1	
383	-1	
384	-1	
385	-1	
386	-1	
387	1	
388	1	
389	-1	
390	1	
391	-1	
392	-1	
393	1	
394	1	
396	-1	
397	-1	
398	1	
399	-1	
400	-1	
401	-1	
402	-1	
403	1	
404	1	
405	1	
406	1	
407	1	
408	-1	
409	-1	
410	1	
411	1	
412	1	
413	1	
414	1	
415	1	
416	1	
417	1	
418	-1	
419	1	
420	-1	
421	-1	
422	-1	
424	1	
425	1	
426	-1	
427	1	
428	1	
429	1	
430	-1	
431	-1	
432	1	
433	-1	
434	1	
435	1	
436	-1	
437	1	
438	-1	
439	-1	
440	1	
441	1	
442	1	
443	-1	
444	-1	
445	-1	
446	1	
447	-1	
448	-1	
449	1	
450	-1	
451	1	
452	1	
453	1	
454	1	
455	-1	
456	1	
457	-1	
458	1	
459	1	
460	1	
461	-1	
462	-1	
463	-1	
464	-1	
465	-1	
466	-1	
467	-1	
468	1	
469	1	
470	-1	
471	-1	
472	-1	
473	1	
474	-1	
475	-1	
476	-1	
477	-1	
478	1	
479	-1	
480	-1	
481	-1	
482	1	
483	1	
484	-1	
485	1	
486	1	
487	-1	
488	1	
489	1	
490	1	
491	1	
492	1	
493	1	
494	-1	
495	-1	
496	1	
497	1	
498	1	
499	-1	
500	1	
501	-1	
502	1	
503	1	
504	1	
505	-1	
506	1	
507	-1	
508	1	
509	-1	
510	-1	
511	1	
Js:	
97	101	2	
99	101	3	
99	163	-1	
163	164	-5	
161	164	1	
97	161	-2	
218	221	3	
221	229	-3	
226	229	-2	
226	230	-3	
222	230	2	
218	222	3	
74	77	-2	
77	85	4	
80	85	-3	
80	87	-2	
79	87	2	
74	79	1	
330	333	3	
331	333	-3	
331	335	1	
329	335	-1	
329	334	2	
330	334	-2	
353	358	3	
355	358	3	
355	419	-3	
419	420	3	
417	420	2	
353	417	2	
145	148	2	
148	156	1	
153	156	5	
153	158	1	
150	158	-2	
145	150	2	
233	236	-3	
236	244	2	
241	244	-2	
241	245	3	
237	245	2	
233	237	-2	
48	55	1	
49	55	-2	
49	113	2	
113	119	-4	
112	119	4	
48	112	-2	
137	141	2	
138	141	3	
138	142	4	
139	142	-3	
139	143	-3	
137	143	-1	
266	269	1	
269	277	1	
272	277	-2	
272	278	2	
270	278	-1	
266	270	-2	
337	343	3	
339	343	2	
339	403	-1	
403	404	-2	
401	404	3	
337	401	-1	
297	301	-3	
299	301	-2	
299	363	3	
363	365	-3	
361	365	-3	
297	361	-3	
184	188	-2	
185	188	2	
185	191	3	
186	191	4	
186	189	2	
184	189	3	
27	30	-2	
30	38	1	
34	38	2	
34	39	-4	
31	39	-1	
27	31	2	
64	68	2	
67	68	4	
67	69	-2	
66	69	4	
66	70	-2	
64	70	-2	
473	478	-3	
478	486	-3	
480	486	2	
480	487	-3	
479	487	-2	
473	479	2	
313	316	3	
314	316	1	
314	317	-4	
312	317	3	
312	319	2	
313	319	2	
442	445	3	
443	445	-2	
443	447	-2	
440	447	-3	
440	446	-3	
442	446	-1	
17	21	-2	
18	21	-2	
18	23	3	
16	23	1	
16	22	-2	
17	22	2	
291	292	-4	
292	300	-2	
296	300	-2	
296	302	-3	
294	302	-2	
291	294	2	
386	388	3	
387	388	2	
387	451	-1	
451	452	-3	
450	452	2	
386	450	-2	
456	460	-4	
460	468	-2	
467	468	1	
467	471	-3	
463	471	1	
456	463	1	
425	428	-3	
426	428	-1	
426	431	-4	
427	431	2	
427	429	-2	
425	429	-2	
0	4	3	
2	4	2	
2	6	3	
3	6	4	
3	5	-3	
0	5	-3	
208	213	-1	
209	213	-4	
209	214	-1	
211	214	3	
211	215	2	
208	215	2	
178	180	-3	
179	180	2	
179	183	-3	
177	183	-4	
177	181	5	
178	181	2	
8	12	2	
11	12	-3	
11	75	-2	
75	76	1	
72	76	-3	
8	72	2	
26	28	-1	
28	36	-1	
32	36	3	
32	37	-2	
29	37	-1	
26	29	-1	
344	348	-1	
345	348	4	
345	409	-1	
409	413	2	
408	413	3	
344	408	-1	
129	132	2	
131	132	-3	
131	135	3	
128	135	-3	
128	133	-3	
129	133	2	
377	380	2	
379	380	3	
379	382	3	
378	382	1	
378	383	-3	
377	383	4	
192	196	3	
193	196	1	
193	199	-3	
195	199	1	
195	198	2	
192	198	2	
106	108	-2	
107	108	1	
107	110	2	
104	110	-2	
104	111	-3	
106	111	3	
88	92	-2	
91	92	-2	
91	94	2	
90	94	2	
90	93	-3	
88	93	3	
488	493	-2	
489	493	-3	
489	495	4	
491	495	-2	
491	494	3	
488	494	3	
433	436	-2	
434	436	3	
434	437	-2	
432	437	-3	
432	438	3	
433	438	2	
168	172	3	
171	172	2	
171	175	3	
169	175	3	
169	173	3	
168	173	-4	
256	262	3	
259	262	-2	
259	323	-1	
323	327	-3	
320	327	2	
256	320	3	
82	86	-2	
83	86	-2	
83	147	2	
147	151	2	
146	151	2	
82	146	-2	
201	204	-4	
203	204	2	
203	205	-3	
202	205	-2	
202	206	-3	
201	206	2	
249	253	-2	
251	253	-2	
251	255	2	
250	255	-3	
250	254	-3	
249	254	-2	
152	159	1	
155	159	2	
155	219	-3	
219	223	1	
216	223	3	
152	216	4	
370	372	-4	
371	372	-1	
371	374	-3	
368	374	3	
368	373	2	
370	373	3	
56	60	3	
57	60	-2	
57	121	1	
121	124	-3	
120	124	4	
56	120	-1	
504	509	4	
507	509	-2	
507	511	3	
506	511	3	
506	510	3	
504	510	3	
282	285	4	
283	285	-2	
283	347	-1	
347	350	-2	
346	350	2	
282	346	2	
336	342	1	
338	342	-3	
338	402	1	
402	407	2	
400	407	4	
336	400	1	
257	261	1	
258	261	2	
258	322	-3	
322	325	3	
321	325	-3	
257	321	-1	
384	391	-3	
385	391	-1	
385	449	2	
449	453	-2	
448	453	-1	
384	448	-1	
497	500	-2	
499	500	1	
499	501	-3	
496	501	3	
496	503	-2	
497	503	2	
232	238	-3	
238	246	1	
242	246	-3	
242	247	-3	
239	247	-1	
232	239	-3	
42	44	1	
43	44	-3	
43	45	2	
40	45	-3	
40	47	-3	
42	47	4	
305	309	-3	
306	309	-3	
306	310	1	
304	310	-2	
304	311	1	
305	311	2	
50	53	-2	
51	53	-3	
51	115	2	
115	118	-1	
114	118	3	
50	114	2	
393	399	2	
394	399	-2	
394	458	-3	
458	462	2	
457	462	-2	
393	457	2	
474	476	-3	
476	484	-2	
482	484	3	
482	485	-2	
477	485	3	
474	477	2	
96	100	-2	
98	100	-4	
98	162	-1	
162	166	2	
160	166	2	
96	160	2	
273	276	-2	
276	284	1	
280	284	-1	
280	287	-1	
279	287	-2	
273	279	-3	
224	228	-2	
225	228	-2	
225	289	4	
289	295	2	
288	295	-2	
224	288	2	
354	356	-3	
356	364	-1	
362	364	-5	
362	367	3	
359	367	-1	
354	359	-2	
257	260	-3	
260	268	-3	
264	268	-3	
264	271	-3	
263	271	3	
257	263	3	
459	461	4	
461	469	-2	
464	469	3	
464	470	-2	
462	470	-1	
459	462	2	
409	412	2	
411	412	-3	
411	415	-3	
410	415	2	
410	414	-3	
409	414	3	
8	13	1	
10	13	2	
10	14	2	
9	14	-4	
9	15	2	
8	15	4	
416	421	5	
421	429	-1	
424	429	-2	
424	430	2	
422	430	-1	
416	422	2	
58	61	2	
59	61	-4	
59	62	2	
57	62	3	
57	63	2	
58	63	4	
392	397	3	
397	405	2	
402	405	2	
402	406	4	
398	406	-2	
392	398	2	
89	94	4	
94	102	1	
97	102	2	
97	103	-1	
95	103	-3	
89	95	-2	
328	332	-1	
332	340	-2	
339	340	-4	
339	341	2	
333	341	-2	
328	333	-2	
170	174	2	
171	174	-2	
171	235	1	
235	237	-2	
234	237	-2	
170	234	2	
184	190	2	
187	190	4	
187	251	-1	
251	252	4	
248	252	2	
184	248	1	
154	157	3	
157	165	3	
161	165	-3	
161	167	-3	
159	167	-2	
154	159	2	
41	44	3	
44	52	1	
48	52	-2	
48	54	-4	
46	54	-2	
41	46	4	
112	117	-2	
117	125	-1	
123	125	3	
123	126	-5	
118	126	2	
112	118	2	
176	182	3	
179	182	1	
179	243	1	
243	245	2	
240	245	-3	
176	240	1	
369	375	-2	
371	375	-2	
371	435	3	
435	439	1	
433	439	-2	
369	433	2	
210	212	-2	
211	212	2	
211	275	-2	
275	279	2	
274	279	-1	
210	274	2	
217	220	-3	
220	228	1	
227	228	4	
227	231	-2	
223	231	2	
217	223	-2	
288	293	-2	
290	293	-2	
290	354	-1	
354	357	2	
352	357	2	
288	352	1	
490	492	-4	
492	500	2	
498	500	-2	
498	502	-2	
494	502	1	
490	494	2	
298	300	-3	
300	308	-1	
307	308	-2	
307	311	2	
303	311	-1	
298	303	-4	
441	444	4	
443	444	-2	
443	507	-2	
507	508	2	
505	508	4	
441	505	3	
194	197	-3	
197	205	-3	
200	205	1	
200	207	2	
199	207	-3	
194	199	1	
73	76	3	
76	84	2	
81	84	3	
81	86	2	
78	86	-2	
73	78	3	
65	71	2	
66	71	-1	
66	130	-1	
130	134	-2	
129	134	-3	
65	129	-1	
280	286	-3	
281	286	-3	
281	345	1	
345	349	-1	
344	349	-2	
280	344	-2	
312	318	-1	
315	318	3	
315	379	-1	
376	380	4	
312	376	-3	
136	141	-2	
141	149	-2	
144	149	-2	
144	151	2	
143	151	2	
136	143	3	
105	108	3	
108	116	2	
115	116	-4	
115	117	2	
109	117	3	
105	109	1	
19	20	2	
20	28	1	
24	28	-3	
24	29	3	
21	29	-1	
19	21	-2	
472	477	-2	
481	485	-2	
481	486	1	
472	478	1	
265	269	3	
267	269	-2	
267	331	2	
331	332	3	
329	332	3	
265	329	1	
320	324	-2	
321	324	-2	
321	326	2	
322	326	1	
320	325	-2	
384	388	2	
386	389	-2	
385	389	-2	
385	390	2	
384	390	-2	
464	468	2	
465	468	3	
465	470	-3	
466	470	-1	
466	471	-1	
464	471	3	
33	36	-1	
34	36	-2	
35	39	-2	
35	37	2	
33	37	-3	
450	453	3	
451	453	1	
451	455	3	
448	455	-3	
448	454	4	
450	454	1	
418	422	-3	
419	422	2	
419	483	-2	
483	484	2	
418	482	-3	
1	4	2	
1	65	3	
65	70	3	
0	64	-2	
113	116	-2	
116	124	-2	
123	124	1	
123	127	3	
119	127	3	
393	396	4	
394	396	-2	
458	463	3	
457	463	-3	
19	22	3	
22	30	-1	
25	30	-3	
25	31	1	
23	31	1	
19	23	-2	
347	349	3	
349	357	-2	
353	357	3	
353	359	1	
351	359	2	
347	351	2	
408	412	2	
411	475	2	
475	476	1	
472	476	-3	
408	472	-2	
233	239	1	
234	239	-1	
234	298	-1	
297	303	2	
233	297	1	
441	445	1	
442	506	-2	
505	511	2	
425	430	-2	
427	430	2	
427	491	-1	
491	493	-2	
425	489	-1	
313	317	2	
314	318	2	
315	319	-4	
72	77	-1	
83	85	1	
83	87	3	
72	79	3	
203	206	-2	
203	267	-2	
267	270	-2	
265	270	3	
201	265	1	
249	252	2	
249	255	-1	
248	254	2	
170	173	1	
173	181	-1	
175	183	1	
170	175	-2	
42	106	-2	
40	104	-2	
306	308	-2	
307	310	-2	
305	310	-3	
162	165	1	
158	166	2	
154	158	-2	
208	212	3	
210	213	2	
209	215	-2	
285	293	1	
289	293	-2	
289	294	3	
286	294	-1	
283	286	2	
41	45	-3	
45	53	1	
50	54	1	
219	221	-2	
225	229	1	
225	230	2	
219	222	-2	
9	12	1	
11	15	-1	
10	15	2	
59	60	2	
58	62	-3	
56	62	-2	
274	276	-3	
274	277	3	
275	277	-1	
275	278	-2	
273	278	-3	
369	372	-2	
368	375	-2	
195	197	-3	
195	259	1	
259	263	2	
258	263	1	
194	258	-1	
400	404	3	
401	405	-1	
403	405	-2	
403	407	-1	
435	436	2	
435	499	2	
499	503	-1	
498	503	-3	
434	498	-2	
91	93	1	
93	101	-3	
96	101	1	
96	103	-3	
91	95	2	
131	133	-3	
130	135	-2	
128	134	-3	
363	364	1	
361	367	3	
243	244	-2	
243	246	2	
241	247	-1	
74	78	-2	
75	78	2	
75	139	-2	
74	138	2	
336	340	-1	
337	340	1	
337	342	3	
338	341	2	
336	341	-2	
438	446	2	
439	447	-2	
432	439	2	
387	389	2	
389	397	-3	
392	399	-2	
391	399	-3	
387	391	2	
417	421	2	
417	481	2	
481	487	-3	
416	480	-1	
185	189	2	
187	189	2	
186	190	2	
82	84	2	
146	148	2	
81	145	1	
172	180	-1	
176	180	-3	
174	182	1	
168	174	-2	
202	207	-3	
202	266	2	
266	271	2	
200	264	-1	
323	326	-2	
326	334	3	
328	334	3	
328	335	3	
327	335	-2	
424	431	3	
426	490	2	
490	495	1	
488	495	2	
424	488	2	
281	284	-2	
284	292	-1	
290	292	-1	
290	295	2	
287	295	-1	
281	287	-3	
235	238	1	
235	299	3	
296	301	2	
232	296	-3	
152	156	-3	
153	217	2	
216	220	-2	
160	164	1	
163	227	1	
224	231	-3	
160	224	2	
497	501	2	
501	509	1	
502	510	1	
497	502	-3	
346	348	3	
348	356	-1	
352	356	2	
352	358	3	
350	358	1	
100	108	-1	
105	110	-2	
102	110	1	
98	102	3	
1	6	3	
3	67	1	
67	71	-3	
26	30	-3	
26	90	-2	
90	92	2	
89	92	-1	
25	89	-3	
449	452	-3	
452	460	1	
456	462	2	
454	462	1	
449	454	-2	
120	125	-3	
121	125	1	
121	127	2	
120	126	-1	
378	380	-3	
377	382	-2	
376	382	2	
410	474	-2	
474	479	-2	
409	473	2	
193	198	2	
193	257	1	
256	260	-1	
192	256	-1	
144	148	1	
147	148	-2	
147	149	-2	
145	149	-3	
144	150	3	
32	39	1	
32	38	1	
33	38	-3	
16	20	-2	
18	20	-2	
18	82	3	
82	85	1	
16	80	2	
49	52	1	
50	52	-2	
50	55	3	
51	55	3	
49	53	-2	
403	406	-2	
403	467	2	
467	469	1	
466	469	3	
402	466	1	
355	359	1	
418	420	-3	
354	418	2	
107	109	-2	
114	117	-1	
110	118	-1	
137	201	-2	
200	204	-2	
136	200	-2	
2	5	-1	
2	66	-2	
64	69	-2	
27	28	-2	
27	91	3	
88	95	-2	
24	88	2	
388	396	2	
393	398	-3	
390	398	-2	
386	390	-1	
453	461	1	
459	463	1	
455	463	1	
450	455	-2	
280	285	3	
346	351	-2	
344	351	-2	
240	244	-1	
242	244	-2	
242	306	-2	
304	309	-3	
240	304	3	
266	268	-2	
267	268	1	
266	330	-1	
160	167	1	
162	167	-2	
162	226	1	
226	231	-2	
155	157	-3	
154	218	1	
410	412	-1	
410	413	-2	
411	413	1	
408	415	1	
291	293	-1	
293	301	2	
297	302	2	
427	428	2	
428	436	1	
432	436	1	
429	437	-2	
475	477	-3	
483	485	-2	
483	487	-2	
475	479	-2	
256	261	-1	
322	324	1	
186	188	1	
186	250	1	
250	253	2	
185	249	1	
489	492	-1	
496	500	-2	
495	503	1	
9	13	-3	
13	21	2	
14	22	2	
234	236	-3	
169	233	1	
442	444	-2	
506	508	-2	
208	214	2	
275	276	-3	
272	276	1	
208	272	-1	
128	132	-1	
130	132	2	
130	194	2	
194	196	3	
128	192	2	
68	76	2	
73	77	3	
69	77	1	
466	468	2	
465	471	-2	
58	60	1	
59	63	-2	
56	61	-3	
99	100	1	
99	103	-3	
96	102	1	
312	316	-1	
315	317	-1	
340	348	-1	
345	351	-1	
343	351	1	
374	382	2	
379	383	1	
375	383	-2	
178	182	-3	
177	182	1	
176	181	1	
43	47	2	
42	46	-3	
259	261	-2	
261	269	2	
262	270	-2	
146	150	2	
155	158	2	
151	159	1	
164	172	-1	
169	172	-2	
169	174	-1	
166	174	-2	
163	166	1	
321	327	2	
323	387	2	
387	390	-1	
321	385	-2	
245	253	2	
248	253	-2	
248	255	3	
247	255	-1	
240	247	2	
272	279	2	
273	337	1	
337	341	-1	
272	336	2	
25	29	3	
88	94	1	
424	428	1	
425	431	1	
426	430	-2	
209	212	-1	
212	220	2	
217	221	1	
213	221	1	
434	439	1	
433	497	-1	
227	291	-2	
289	292	1	
473	476	-1	
483	486	-2	
418	421	1	
417	422	2	
491	492	-2	
490	493	1	
235	239	2	
299	302	2	
304	308	-2	
305	308	-1	
305	369	-1	
369	374	-1	
304	368	-1	
330	335	-2	
330	394	1	
394	398	-1	
328	392	-1	
3	4	2	
4	12	1	
10	12	-2	
5	13	-1	
353	356	1	
355	357	-1	
131	195	-2	
193	197	1	
129	193	2	
440	445	-1	
440	504	-1	
282	284	3	
283	284	-2	
283	287	2	
282	286	1	
364	372	-3	
365	373	2	
362	365	2	
75	79	2	
72	136	-1	
19	83	-1	
49	54	1	
104	109	-1	
107	171	1	
171	173	-1	
104	168	-1	
206	214	-1	
210	214	-1	
210	215	-2	
207	215	1	
137	142	2	
73	137	1	
35	38	2	
35	99	-2	
33	97	-2	
114	116	2	
115	179	-1	
178	183	-1	
114	178	-1	
120	127	2	
121	185	1	
185	190	1	
120	184	-1	
400	405	-2	
401	406	2	
401	407	2	
458	460	-2	
457	461	-3	
456	461	-2	
26	31	-3	
323	324	1	
324	332	2	
51	52	-2	
52	60	2	
55	63	-1	
288	292	3	
295	303	-2	
384	389	-1	
241	246	2	
243	307	-3	
241	305	2	
259	260	2	
229	237	1	
233	238	2	
230	238	2	
435	438	-1	
432	496	-1	
17	23	-2	
17	81	2	
341	349	-1	
342	350	1	
36	44	-1	
40	44	1	
37	45	1	
313	318	-2	
314	378	3	
313	377	-1	
187	188	2	
187	191	1	
196	204	2	
203	207	1	
192	199	2	
80	86	-2	
80	144	-1	
467	470	-3	
401	465	1	
129	135	-2	
104	108	1	
106	110	-2	
121	126	2	
472	479	-2	
162	164	-1	
163	165	1	
440	444	1	
442	447	2	
441	447	1	
441	446	-2	
11	13	1	
11	14	-1	
8	14	-1	
273	277	-2	
482	486	-2	
504	511	-1	
505	510	2	
363	367	-2	
363	427	-1	
361	425	1	
198	206	-2	
308	316	2	
315	316	1	
311	319	-2	
306	311	2	
71	79	2	
64	71	-2	
258	262	2	
411	414	-1	
475	478	-2	
38	46	1	
43	46	-1	
39	47	-1	
235	236	-1	
232	237	-1	
234	238	1	
226	290	-2	
290	294	-2	
218	220	1	
214	222	-2	
369	373	2	
371	373	1	
435	437	-1	
433	437	1	
334	342	-1	
335	343	1	
459	460	-3	
48	53	1	
53	61	-1	
54	62	-2	
113	117	-1	
113	118	-1	
114	119	1	
281	285	-1	
344	350	-2	
345	350	2	
243	247	2	
307	309	-1	
153	159	2	
152	158	-1	
139	141	2	
136	142	2	
138	143	1	
146	149	-1	
146	210	1	
145	209	1	
179	181	-2	
176	183	-2	
35	36	-2	
32	96	-1	
499	502	-1	
496	502	-2	
24	31	2	
1	5	2	
352	416	-1	
267	271	1	
264	269	1	
448	452	-1	
451	454	-2	
170	172	1	
370	375	1	
367	375	1	
16	21	1	
274	278	-2	
274	338	1	
338	343	2	
336	343	1	
404	412	1	
407	415	-2	
298	301	1	
244	252	-1	
251	254	1	
246	254	2	
75	77	1	
10	74	-2	
426	429	1	
434	438	-1	
430	438	-1	
329	333	1	
325	333	-1	
43	107	2	
107	111	-2	
105	111	-2	
41	105	2	
355	356	2	
224	229	1	
218	223	-1	
394	397	1	
465	469	-1	
161	166	1	
167	175	1	
474	478	1	
201	205	1	
379	443	-2	
376	440	1	
57	61	2	
92	100	1	
98	101	1	
257	262	-1	
265	271	-1	
81	85	1	
500	508	-1	
503	511	-1	
180	188	-1	
182	190	1	
106	109	-1	
480	484	-1	
481	484	-2	
480	485	1	
130	133	-1	
66	68	2	
12	20	-1	
17	20	2	
15	23	-1	
488	492	-1	
405	413	1	
408	414	1	
406	414	-2	
160	165	-2	
352	359	1	
33	39	1	
34	98	-1	
216	222	1	
215	223	1	
310	318	2	
436	444	-1	
277	285	1	
282	287	1	
299	300	1	
80	84	2	
83	84	1	
82	87	-2	
40	46	1	
184	191	-1	
219	283	-1	
218	282	1	
505	509	-1	
506	509	2	
507	510	1	
265	268	-1	
437	445	-1	
392	396	-1	
392	456	1	
67	70	-2	
70	78	-1	
195	196	-1	
27	29	1	
322	327	-1	
322	386	1	
386	391	1	
320	384	-1	
34	37	-1	
156	164	1	
163	167	-1	
225	231	1	
90	95	-1	
346	349	-1	
147	150	1	
147	211	-1	
144	208	1	
258	260	-1	
256	263	-1	
498	501	1	
250	252	1	
370	374	1	
370	434	1	
449	455	-1	
396	404	1	
393	397	1	
338	340	-1	
339	342	-1	
297	300	-1	
298	302	-1	
412	420	1	
416	420	-1	
413	421	1	
489	494	1	
145	151	1	
152	157	1	
219	220	1	
97	100	-1	
74	76	-1	
228	236	-1	
227	230	-1	
323	325	-1	
385	388	1	
81	87	-1	
377	441	-1	
65	69	1	
181	189	-1	
183	191	1	
291	295	1	
504	508	-1	
209	273	-1	
56	63	-1	
299	303	-1	
330	332	1	
331	334	1	
399	407	-1	
133	141	1	
134	142	1	
131	134	1	
Energy:	-1730	
