NumberOfQubits	504	
NumberOfSubgraphs	504	
Serial	134	
PlantedSolution:	
0	1	
1	-1	
2	1	
3	1	
4	1	
5	1	
6	-1	
8	1	
9	1	
10	-1	
11	-1	
12	1	
13	-1	
14	-1	
15	1	
16	1	
17	1	
18	1	
19	-1	
20	1	
21	1	
22	1	
23	1	
24	1	
25	-1	
26	-1	
27	1	
28	1	
29	-1	
30	-1	
31	1	
32	1	
33	-1	
34	1	
35	1	
36	1	
37	-1	
38	1	
39	-1	
40	1	
41	-1	
42	-1	
43	-1	
44	-1	
45	1	
46	-1	
47	-1	
48	1	
49	-1	
50	1	
51	1	
52	-1	
53	-1	
54	1	
55	-1	
56	-1	
57	1	
58	-1	
59	1	
60	-1	
61	1	
62	-1	
63	1	
64	-1	
65	1	
66	1	
67	1	
68	1	
69	-1	
70	1	
71	-1	
72	-1	
73	1	
74	1	
75	-1	
76	1	
77	1	
78	-1	
79	-1	
80	1	
81	1	
82	-1	
83	1	
84	-1	
85	1	
86	-1	
87	1	
88	1	
89	1	
90	1	
91	-1	
92	1	
93	-1	
94	-1	
95	-1	
96	-1	
97	1	
98	-1	
99	-1	
100	1	
101	-1	
102	-1	
103	1	
104	1	
105	-1	
106	-1	
107	-1	
108	1	
109	1	
110	-1	
111	1	
112	1	
113	-1	
114	1	
115	-1	
116	-1	
117	-1	
118	-1	
119	-1	
120	-1	
121	1	
123	1	
124	-1	
125	-1	
126	1	
127	-1	
128	-1	
129	1	
130	1	
131	-1	
132	1	
133	-1	
134	1	
135	-1	
136	1	
137	-1	
138	1	
139	-1	
141	-1	
142	-1	
143	1	
144	1	
145	-1	
146	-1	
147	-1	
148	1	
149	1	
150	-1	
151	-1	
152	1	
153	-1	
154	1	
155	1	
156	1	
157	1	
158	1	
159	1	
160	1	
161	-1	
162	1	
163	-1	
164	-1	
165	1	
166	-1	
167	-1	
168	1	
169	-1	
170	-1	
171	1	
172	-1	
173	1	
174	1	
175	-1	
176	-1	
177	1	
178	-1	
179	-1	
180	-1	
181	1	
182	1	
183	-1	
184	1	
185	1	
186	1	
187	1	
188	-1	
189	1	
190	1	
191	1	
192	1	
193	1	
194	1	
195	1	
196	-1	
197	-1	
198	-1	
199	1	
200	-1	
201	-1	
202	-1	
203	-1	
204	1	
205	1	
206	-1	
207	-1	
208	1	
209	-1	
210	1	
211	1	
212	1	
213	1	
214	-1	
215	1	
216	1	
217	1	
218	1	
219	1	
220	1	
221	-1	
222	1	
223	1	
224	1	
225	1	
226	1	
227	-1	
228	1	
229	-1	
230	1	
231	1	
232	1	
233	-1	
234	1	
235	1	
236	1	
237	1	
238	1	
239	-1	
240	1	
241	1	
242	1	
243	-1	
244	-1	
245	-1	
246	-1	
247	1	
248	-1	
249	-1	
250	-1	
251	-1	
252	-1	
253	-1	
254	-1	
255	1	
256	1	
257	-1	
258	1	
259	-1	
260	-1	
261	1	
262	1	
263	1	
264	-1	
265	1	
266	-1	
267	-1	
268	1	
269	1	
270	-1	
271	-1	
272	1	
273	1	
274	-1	
275	1	
276	1	
277	1	
278	1	
279	-1	
280	1	
281	-1	
282	1	
283	-1	
284	1	
285	1	
286	-1	
287	1	
288	1	
289	-1	
290	1	
291	1	
292	-1	
293	-1	
294	-1	
295	1	
296	1	
297	-1	
298	-1	
299	1	
300	1	
301	-1	
302	1	
303	1	
304	1	
305	-1	
306	-1	
307	-1	
308	1	
309	1	
310	1	
311	1	
312	-1	
313	-1	
314	1	
315	-1	
316	-1	
317	1	
318	-1	
319	-1	
320	-1	
321	-1	
322	1	
323	-1	
324	1	
325	1	
326	-1	
327	-1	
328	-1	
329	1	
330	-1	
331	1	
332	-1	
333	-1	
334	1	
335	1	
336	1	
337	-1	
338	-1	
339	1	
340	-1	
341	-1	
342	1	
343	1	
344	1	
345	-1	
346	1	
347	1	
348	-1	
349	-1	
350	1	
351	1	
352	1	
353	1	
354	-1	
355	-1	
356	1	
357	1	
358	1	
359	-1	
361	1	
362	1	
363	-1	
364	1	
365	1	
367	-1	
368	1	
369	1	
370	-1	
371	-1	
372	-1	
373	-1	
374	-1	
375	1	
376	-1	
377	1	
378	1	
379	-1	
380	-1	
382	-1	
383	-1	
384	1	
385	-1	
386	1	
387	1	
388	-1	
389	-1	
390	-1	
391	1	
392	-1	
393	1	
394	1	
396	1	
397	-1	
398	1	
399	1	
400	1	
401	1	
402	1	
403	-1	
404	-1	
405	1	
406	1	
407	-1	
408	1	
409	-1	
410	-1	
411	-1	
412	-1	
413	-1	
414	-1	
415	1	
416	-1	
417	-1	
418	-1	
419	1	
420	1	
421	1	
422	-1	
424	-1	
425	-1	
426	-1	
427	1	
428	-1	
429	1	
430	1	
431	1	
432	1	
433	1	
434	-1	
435	-1	
436	-1	
437	1	
438	-1	
439	-1	
440	1	
441	-1	
442	-1	
443	1	
444	-1	
445	1	
446	1	
447	1	
448	-1	
449	-1	
450	-1	
451	-1	
452	1	
453	1	
454	1	
455	1	
456	-1	
457	-1	
458	-1	
459	-1	
460	-1	
461	-1	
462	1	
463	-1	
464	-1	
465	-1	
466	-1	
467	-1	
468	1	
469	-1	
470	1	
471	1	
472	1	
473	1	
474	1	
475	1	
476	1	
477	-1	
478	1	
479	-1	
480	1	
481	-1	
482	-1	
483	1	
484	1	
485	-1	
486	-1	
487	1	
488	1	
489	1	
490	1	
491	-1	
492	-1	
493	-1	
494	1	
495	1	
496	1	
497	-1	
498	1	
499	1	
500	-1	
501	-1	
502	-1	
503	1	
504	1	
505	1	
506	-1	
507	1	
508	1	
509	-1	
510	-1	
511	1	
Js:	
480	484	1	
484	492	2	
488	492	1	
488	495	-3	
487	495	-2	
480	487	-3	
354	356	-3	
356	364	-1	
363	364	5	
363	365	2	
357	365	-3	
354	357	3	
145	148	6	
146	148	1	
146	210	1	
210	215	-2	
209	215	4	
145	209	3	
216	220	-3	
219	220	-3	
219	221	-3	
218	221	3	
218	222	-4	
216	222	-4	
192	196	4	
193	196	-2	
193	198	3	
194	198	4	
194	197	2	
192	197	2	
289	292	-3	
292	300	1	
297	300	2	
297	301	4	
293	301	-1	
289	293	-4	
241	244	3	
244	252	-2	
250	252	-4	
250	254	-5	
246	254	-3	
241	246	-4	
73	77	-1	
77	85	-1	
80	85	-4	
80	87	2	
79	87	1	
73	79	4	
498	500	2	
500	508	2	
506	508	-4	
506	511	3	
503	511	-2	
498	503	-3	
8	12	1	
12	20	-2	
16	20	-4	
16	22	-3	
14	22	2	
8	14	4	
178	182	2	
182	190	-2	
186	190	3	
186	191	-3	
183	191	2	
178	183	-3	
33	37	-2	
37	45	1	
42	45	3	
42	47	-2	
39	47	1	
33	39	-4	
320	324	3	
323	324	3	
323	327	-2	
321	327	-3	
321	326	-3	
320	326	2	
432	436	3	
435	436	-3	
435	439	-2	
434	439	-2	
434	438	3	
432	438	2	
161	164	-3	
163	164	-3	
163	227	-3	
227	229	-3	
225	229	-1	
161	225	3	
456	460	-4	
457	460	-2	
457	462	-2	
459	462	3	
459	463	-4	
456	463	-2	
305	308	1	
308	316	-2	
312	316	-2	
312	318	-2	
310	318	2	
305	310	3	
330	333	-5	
333	341	-2	
339	341	3	
339	342	2	
334	342	-2	
330	334	2	
344	351	-3	
347	351	1	
347	411	2	
411	414	-2	
408	414	3	
344	408	-1	
169	173	4	
171	173	1	
171	235	-2	
235	236	-3	
233	236	3	
169	233	-1	
257	260	1	
260	268	5	
266	268	3	
266	270	-2	
262	270	3	
257	262	2	
96	100	3	
98	100	4	
98	162	-2	
162	165	-3	
160	165	-4	
96	160	2	
51	52	2	
52	60	2	
56	60	-6	
56	61	2	
53	61	3	
51	53	3	
24	29	2	
27	29	3	
27	30	3	
25	30	-3	
25	31	4	
24	31	-3	
425	428	-2	
427	428	5	
427	430	-4	
424	430	-1	
424	431	5	
425	431	2	
232	237	-2	
237	245	3	
242	245	-1	
242	247	-4	
239	247	2	
232	239	2	
401	404	3	
403	404	-3	
403	467	-2	
467	468	-1	
465	468	4	
401	465	3	
66	71	-1	
67	71	3	
67	131	3	
131	132	5	
130	132	-1	
66	130	-2	
440	445	-3	
443	445	-4	
443	446	-2	
442	446	4	
442	447	3	
440	447	-2	
88	93	-2	
89	93	4	
89	94	3	
90	94	2	
90	95	2	
88	95	3	
273	276	-3	
276	284	1	
282	284	-3	
282	285	-2	
277	285	-2	
273	277	-3	
368	373	4	
371	373	-3	
371	375	-1	
369	375	-4	
369	374	4	
368	374	3	
466	469	-3	
469	477	-1	
472	477	3	
472	478	-5	
470	478	-2	
466	470	-3	
136	143	-3	
139	143	2	
139	203	2	
203	206	-3	
200	206	-2	
136	200	5	
384	388	4	
386	388	3	
386	390	3	
387	390	-2	
387	391	-3	
384	391	-4	
264	271	-2	
267	271	-2	
267	331	3	
331	332	3	
328	332	-4	
264	328	-4	
64	68	1	
68	76	-4	
74	76	-2	
74	78	2	
70	78	3	
64	70	-2	
115	116	-1	
116	124	3	
120	124	-3	
120	125	-3	
117	125	-2	
115	117	-4	
409	415	3	
410	415	4	
410	474	3	
474	479	5	
473	479	2	
409	473	4	
392	396	4	
393	396	-2	
393	397	3	
394	397	3	
394	399	2	
392	399	3	
177	180	5	
180	188	1	
184	188	4	
184	189	-4	
181	189	-1	
177	181	-3	
104	108	-1	
105	108	5	
105	109	2	
106	109	5	
106	111	2	
104	111	4	
448	452	3	
450	452	4	
450	455	2	
449	455	5	
449	453	1	
448	453	-2	
416	420	3	
419	420	-3	
419	421	4	
418	421	1	
418	422	-4	
416	422	-2	
290	294	3	
294	302	1	
296	302	-1	
296	303	3	
295	303	-1	
290	295	-3	
1	4	3	
2	4	-5	
2	6	4	
0	6	3	
0	5	-4	
1	5	3	
152	156	-3	
153	156	1	
153	159	3	
154	159	2	
154	157	-3	
152	157	-2	
50	54	-3	
54	62	3	
59	62	3	
59	63	-5	
55	63	-2	
50	55	2	
137	142	-2	
138	142	3	
138	202	-3	
202	204	4	
201	204	2	
137	201	-2	
10	13	-3	
13	21	2	
19	21	2	
19	23	4	
15	23	2	
10	15	1	
144	150	4	
147	150	-3	
147	211	1	
211	213	1	
208	213	-3	
144	208	-3	
378	380	2	
379	380	-4	
379	382	-4	
376	382	4	
376	383	-3	
378	383	2	
32	36	-4	
36	44	-1	
41	44	-3	
41	46	-2	
38	46	1	
32	38	-3	
483	485	3	
485	493	1	
490	493	3	
490	494	-4	
486	494	1	
483	486	4	
336	343	-4	
338	343	2	
338	402	3	
402	406	-3	
400	406	-3	
336	400	1	
307	309	2	
309	317	-2	
313	317	2	
313	319	2	
311	319	2	
307	311	3	
497	501	-2	
501	509	-1	
507	509	2	
507	510	5	
502	510	-1	
497	502	2	
114	118	3	
118	126	2	
123	126	-3	
123	127	-3	
119	127	-1	
114	119	3	
275	278	-2	
278	286	2	
283	286	-3	
283	287	2	
279	287	-1	
275	279	3	
81	84	4	
82	84	-2	
82	87	2	
83	87	2	
83	86	4	
81	86	4	
346	350	-3	
350	358	-2	
353	358	-3	
353	359	-2	
351	359	2	
346	351	-3	
97	101	3	
99	101	-4	
99	102	-3	
96	102	-4	
96	103	2	
97	103	4	
168	172	2	
170	172	-4	
170	234	1	
234	238	-3	
232	238	-3	
168	232	2	
258	261	-3	
259	261	3	
259	323	-2	
323	325	2	
322	325	1	
258	322	-2	
225	228	-4	
226	228	-2	
226	230	-4	
224	230	-2	
224	231	2	
225	231	-2	
185	191	-2	
187	191	-3	
187	251	-3	
251	255	2	
249	255	4	
185	249	3	
129	133	-3	
131	133	-2	
131	134	2	
128	134	1	
128	135	-4	
129	135	3	
361	367	3	
362	367	3	
362	426	1	
426	429	-3	
425	429	2	
361	425	2	
337	340	-3	
340	348	-2	
345	348	-2	
345	349	4	
341	349	-2	
337	341	-2	
162	166	3	
166	174	-1	
171	174	-3	
171	175	4	
167	175	-1	
162	167	2	
288	294	2	
291	294	3	
291	355	2	
355	357	-1	
352	357	-3	
288	352	-2	
48	55	2	
49	55	-2	
49	113	-3	
113	116	-3	
112	116	3	
48	112	3	
176	182	2	
179	182	2	
179	243	-4	
243	244	-1	
240	244	2	
176	240	-4	
451	453	3	
453	461	3	
458	461	2	
458	462	3	
454	462	-3	
451	454	4	
153	158	3	
155	158	-3	
155	219	-2	
219	223	-3	
217	223	2	
153	217	2	
440	444	3	
441	444	-2	
441	505	4	
505	510	-4	
504	510	2	
440	504	-3	
195	197	3	
197	205	-1	
201	205	1	
201	207	-3	
199	207	4	
195	199	-2	
264	269	4	
265	269	1	
265	329	-3	
329	335	-3	
328	335	1	
40	46	-3	
43	46	-3	
43	107	-4	
107	110	-3	
104	110	2	
40	104	-2	
304	311	-2	
306	311	1	
306	370	2	
370	372	-4	
368	372	3	
304	368	-2	
26	28	3	
27	28	-4	
27	91	-1	
91	92	3	
90	92	-2	
26	90	3	
464	468	-3	
468	476	-2	
475	476	-2	
475	479	2	
471	479	1	
464	471	5	
404	412	-1	
408	412	3	
408	413	-1	
405	413	2	
401	405	-2	
432	437	3	
435	437	1	
435	499	3	
499	500	1	
496	500	4	
432	496	-2	
65	69	-1	
69	77	3	
75	77	2	
75	78	-3	
65	70	-3	
385	389	3	
389	397	-2	
393	398	-3	
390	398	3	
385	390	-1	
248	253	-4	
251	253	-2	
251	315	-1	
315	319	3	
312	319	-4	
248	312	-1	
137	141	-3	
141	149	2	
147	149	3	
147	151	-4	
143	151	1	
137	143	-2	
208	212	-3	
210	212	-2	
210	274	-1	
274	278	2	
272	278	-3	
208	272	-2	
417	422	-2	
418	482	2	
482	485	-3	
481	485	-2	
417	481	-4	
8	13	1	
9	13	-3	
9	15	-3	
11	15	3	
11	14	-2	
34	37	-2	
34	38	-3	
35	38	-1	
35	39	3	
489	492	3	
491	492	4	
491	495	4	
488	493	3	
489	493	2	
217	220	-3	
217	281	2	
281	285	2	
280	285	-3	
216	280	1	
256	261	-2	
259	262	3	
258	262	-2	
258	263	3	
256	263	-4	
298	302	3	
299	302	-3	
299	363	3	
362	364	-3	
298	362	2	
57	63	-3	
59	123	-1	
123	125	3	
121	125	2	
57	121	2	
17	22	-3	
18	22	-3	
18	82	4	
82	85	3	
81	85	-2	
17	81	-2	
314	317	-3	
314	378	-3	
377	383	3	
313	377	-3	
428	436	-2	
433	436	-2	
433	437	-2	
429	437	-2	
427	429	-2	
58	60	4	
58	62	-3	
57	62	2	
57	61	-3	
3	6	-2	
3	5	-3	
392	398	2	
398	406	-3	
403	406	2	
403	407	2	
399	407	3	
209	214	-2	
211	214	3	
211	275	2	
273	279	2	
209	273	1	
67	68	1	
72	76	1	
72	79	-2	
71	79	-2	
224	228	-4	
226	290	-1	
288	295	1	
224	288	-3	
266	269	1	
267	269	3	
331	333	-1	
266	330	-2	
49	52	-2	
50	52	3	
50	114	-2	
113	119	2	
344	348	3	
347	348	2	
347	350	-4	
345	350	3	
344	349	3	
80	84	3	
84	92	1	
89	92	-2	
86	94	-2	
80	86	-1	
441	446	1	
442	506	-2	
506	509	-3	
505	509	-1	
17	21	-3	
21	29	1	
25	29	2	
23	31	-1	
17	23	-3	
155	156	-3	
156	164	1	
161	167	-2	
159	167	-2	
155	159	-1	
386	389	3	
386	450	2	
449	452	2	
385	449	-3	
41	45	2	
43	45	2	
107	108	-3	
41	105	-2	
370	373	-2	
371	374	2	
370	375	3	
300	308	-2	
304	308	-3	
304	309	-2	
301	309	3	
196	204	1	
203	204	-2	
203	207	-3	
192	199	-2	
176	181	2	
178	181	3	
178	242	2	
240	247	-3	
472	476	-2	
476	484	-2	
483	484	-3	
478	486	-2	
139	141	-2	
146	149	2	
146	150	-3	
142	150	1	
139	142	-4	
101	109	2	
103	111	-2	
99	103	-1	
248	252	-2	
249	254	-2	
248	255	-2	
64	69	-2	
66	69	-3	
130	135	3	
64	128	-2	
457	461	-3	
461	469	1	
467	469	-3	
467	471	3	
463	471	1	
457	463	-3	
433	438	2	
434	498	3	
497	503	4	
433	497	2	
280	284	-2	
281	284	2	
281	287	3	
280	286	-2	
409	412	-4	
411	412	-2	
411	475	4	
475	477	-3	
473	477	3	
339	340	3	
336	342	-4	
337	343	2	
169	172	4	
170	174	2	
168	174	-1	
168	173	-3	
352	356	-2	
353	356	-4	
355	358	4	
355	359	-2	
352	359	-2	
322	324	-3	
322	327	2	
321	325	3	
320	325	3	
187	188	2	
187	190	-4	
185	190	1	
185	189	-3	
234	236	-2	
234	239	2	
235	239	1	
235	238	-1	
233	238	-3	
157	165	-2	
160	166	-2	
158	166	1	
154	158	-2	
221	229	-3	
227	230	2	
222	230	1	
179	180	-3	
243	246	-2	
177	241	-2	
400	405	-2	
410	413	-2	
407	415	-1	
400	407	4	
256	260	3	
265	268	-2	
265	271	-2	
263	271	2	
48	54	-3	
51	54	-2	
51	115	2	
112	117	2	
387	388	2	
387	451	2	
448	454	-3	
384	448	3	
417	420	2	
481	487	2	
416	480	-3	
443	444	-4	
443	507	-3	
507	511	-1	
504	511	-3	
129	134	-3	
130	134	3	
130	194	-3	
129	193	-3	
306	308	2	
314	316	3	
314	318	2	
306	310	3	
24	30	2	
26	30	-2	
24	88	-3	
136	141	1	
138	141	3	
202	205	4	
200	205	2	
377	380	4	
34	36	-2	
35	36	3	
35	99	3	
99	100	1	
34	98	3	
426	431	4	
426	490	3	
488	494	3	
424	488	2	
121	124	2	
121	126	-4	
120	127	-3	
9	12	-3	
10	12	2	
10	74	2	
74	79	-1	
9	73	-3	
394	396	-3	
394	458	3	
458	460	2	
392	456	-1	
19	20	3	
18	23	1	
497	500	-2	
499	502	4	
499	501	2	
496	501	4	
42	44	-5	
40	45	-3	
40	47	3	
41	47	3	
144	148	-4	
209	212	1	
326	334	2	
329	334	-2	
327	335	2	
320	327	-3	
274	276	2	
274	277	4	
272	277	1	
272	279	2	
291	292	-3	
291	295	-3	
290	293	3	
465	469	-3	
466	471	2	
464	470	-2	
465	470	2	
296	300	-4	
299	300	-3	
298	303	3	
361	365	-2	
359	367	-2	
354	359	2	
91	93	-1	
93	101	2	
97	102	1	
94	102	-2	
91	94	-2	
8	15	3	
11	75	-2	
72	78	-3	
8	72	3	
434	437	2	
437	445	-2	
441	445	2	
441	447	3	
439	447	3	
305	311	3	
307	371	-3	
371	372	-2	
369	372	1	
305	369	-1	
411	413	-3	
413	421	1	
419	422	2	
414	422	-2	
210	213	-4	
213	221	-1	
218	223	-2	
215	223	-1	
425	430	-3	
427	491	2	
489	495	-2	
425	489	3	
108	116	1	
112	118	2	
110	118	-2	
149	157	3	
152	159	-2	
151	159	2	
146	151	-3	
193	197	2	
195	259	2	
259	263	-2	
257	263	1	
193	257	2	
168	175	3	
235	237	-2	
3	4	-3	
2	5	-1	
176	183	-2	
204	212	-2	
211	212	-3	
206	214	-2	
282	287	-2	
282	346	-3	
345	351	2	
281	345	-2	
243	245	-2	
245	253	-3	
249	253	1	
247	255	-2	
243	247	3	
474	476	-2	
482	484	3	
482	487	3	
479	487	-1	
67	70	-2	
129	132	1	
65	129	-1	
338	340	-2	
402	404	-2	
337	401	1	
161	165	2	
163	165	-1	
227	231	3	
385	391	2	
448	455	-1	
264	270	-1	
265	270	-1	
329	332	2	
49	53	1	
58	61	3	
49	54	2	
28	36	-1	
32	39	1	
31	39	1	
27	31	1	
315	318	-3	
315	379	-2	
378	382	3	
83	84	2	
83	85	-2	
81	87	-2	
504	508	-1	
505	508	-2	
504	509	3	
455	463	-2	
451	455	2	
106	170	-3	
105	169	-1	
409	414	1	
410	414	-2	
408	415	-3	
283	285	2	
283	347	-2	
344	350	-1	
280	344	-3	
436	444	-1	
438	446	2	
128	133	-2	
131	195	-2	
195	196	3	
128	192	2	
113	118	-2	
115	118	-1	
115	179	-1	
113	177	-1	
272	276	-3	
275	276	-3	
275	277	1	
138	143	-2	
402	405	-2	
403	405	2	
467	470	3	
402	466	2	
33	38	2	
98	103	2	
33	97	3	
11	12	3	
10	14	-4	
57	60	2	
121	127	3	
56	120	-1	
228	236	-1	
233	239	-3	
231	239	2	
160	164	2	
163	167	-2	
416	421	3	
417	421	3	
481	486	-3	
480	486	3	
362	365	-3	
365	373	-2	
368	375	-1	
367	375	1	
66	68	-2	
75	76	3	
498	502	3	
496	503	1	
323	387	2	
322	386	-2	
313	316	-2	
376	380	-1	
312	376	-2	
241	245	3	
248	254	-2	
288	292	2	
289	353	-1	
152	158	2	
217	222	-2	
152	216	-1	
261	269	-2	
267	270	-3	
256	262	2	
393	457	2	
338	341	2	
338	342	1	
25	28	-2	
26	29	-2	
51	55	3	
48	53	2	
50	53	2	
145	151	2	
43	44	-3	
491	493	-1	
489	494	-2	
186	188	3	
251	252	-2	
186	250	3	
88	92	-3	
91	95	-3	
89	95	2	
418	420	3	
419	483	-1	
242	244	2	
242	306	1	
304	310	2	
240	304	-1	
226	229	3	
229	237	2	
234	237	-2	
230	238	-3	
18	21	-2	
19	83	-2	
82	86	-1	
297	303	2	
299	303	2	
361	364	-4	
297	361	1	
198	206	-2	
201	206	-3	
194	199	-2	
473	476	-2	
474	478	-1	
475	478	-1	
258	260	3	
266	271	-3	
354	358	-1	
290	354	1	
154	156	-2	
154	218	1	
424	428	-3	
393	399	-2	
305	309	2	
315	317	2	
452	460	2	
456	461	2	
450	453	3	
111	119	2	
173	181	-3	
175	183	3	
442	445	-1	
433	439	3	
332	340	-1	
339	343	2	
335	343	-1	
331	335	-3	
32	37	-3	
35	37	2	
32	96	1	
1	6	-3	
1	65	3	
65	71	2	
64	71	2	
0	64	3	
130	133	2	
133	141	-3	
134	142	3	
282	286	2	
346	348	2	
121	185	1	
120	184	1	
385	388	-2	
386	391	-1	
387	389	1	
234	298	2	
298	301	-2	
296	301	2	
232	296	2	
17	20	-1	
19	22	-1	
16	23	-1	
257	261	-2	
257	321	-2	
401	407	2	
400	464	1	
307	308	2	
210	214	2	
208	215	-3	
59	61	-3	
56	63	2	
73	76	-2	
74	77	2	
72	77	3	
219	283	-1	
283	284	2	
426	430	-1	
430	438	1	
435	438	-2	
431	439	1	
123	124	2	
113	117	-1	
336	341	1	
343	351	-1	
135	143	-2	
177	182	1	
174	182	-3	
169	174	2	
477	485	-1	
324	332	-1	
328	334	2	
322	326	2	
225	289	-2	
288	293	2	
97	100	-1	
100	108	-2	
105	111	1	
459	460	-4	
4	12	1	
11	13	-2	
5	13	1	
396	404	2	
397	405	2	
392	397	-2	
179	183	-2	
194	196	2	
192	198	-1	
269	277	1	
274	279	-1	
271	279	-3	
48	52	-2	
92	100	-1	
98	101	-1	
90	93	3	
144	149	1	
410	412	1	
42	46	-2	
325	333	-1	
329	333	2	
186	189	2	
187	189	-2	
184	190	-2	
184	191	-2	
442	444	-2	
313	318	-3	
491	494	-1	
249	252	-2	
162	164	3	
163	166	3	
91	155	2	
88	152	-2	
200	204	-1	
203	205	2	
200	207	-2	
284	292	2	
287	295	-3	
434	436	1	
267	268	1	
348	356	-1	
128	132	3	
24	28	-2	
73	78	1	
216	221	-1	
226	231	-1	
223	231	-2	
216	223	-2	
273	337	-2	
337	342	2	
272	336	-1	
106	110	-2	
107	171	-1	
171	172	1	
314	319	1	
388	396	1	
391	399	-2	
236	244	-2	
302	310	-2	
297	302	2	
58	63	2	
2	66	2	
65	68	-2	
104	109	-2	
109	117	1	
115	119	-3	
481	484	-1	
480	485	2	
363	427	1	
18	20	2	
16	80	-2	
456	462	3	
148	156	-2	
145	149	1	
212	220	1	
218	220	-2	
214	222	1	
75	139	-2	
74	138	1	
490	492	-1	
492	500	-1	
493	501	-2	
95	103	-1	
285	293	-1	
286	294	-2	
339	403	-1	
114	117	2	
114	178	1	
178	180	-1	
176	180	1	
112	176	1	
424	429	1	
153	157	1	
160	167	1	
45	53	1	
47	55	-1	
242	246	-2	
29	37	-2	
30	38	2	
458	463	2	
355	356	1	
355	419	2	
354	418	-2	
270	278	-2	
193	199	2	
466	468	2	
3	67	-2	
67	69	-1	
449	454	1	
330	335	2	
331	334	-2	
211	215	-2	
209	213	-1	
185	188	-2	
505	511	-1	
312	317	3	
347	349	-1	
346	349	1	
372	380	-1	
379	383	2	
375	383	2	
202	266	1	
201	265	1	
411	415	1	
66	70	-2	
321	385	1	
170	173	1	
490	495	-1	
26	31	-2	
232	236	-1	
235	299	-1	
273	278	1	
217	221	1	
102	110	2	
400	404	-1	
306	309	1	
161	166	-2	
147	148	-1	
353	357	-1	
352	358	-2	
73	137	-1	
499	503	-2	
496	502	-1	
363	367	1	
233	297	-1	
205	213	2	
34	39	2	
280	287	-1	
90	154	-2	
89	153	2	
384	390	-1	
369	373	-1	
369	433	-1	
432	439	1	
368	432	-1	
412	420	-1	
483	487	-3	
474	477	-1	
473	478	-1	
507	508	-1	
323	326	1	
409	413	1	
345	409	-1	
16	21	-2	
451	452	1	
450	454	1	
315	316	-1	
233	237	1	
75	79	-2	
371	435	-1	
370	434	-1	
498	501	1	
494	502	1	
0	4	-2	
87	95	-1	
33	36	1	
459	461	-1	
275	339	-1	
274	338	-2	
281	286	-1	
289	294	1	
289	295	1	
349	357	1	
120	126	1	
330	332	-1	
56	62	-1	
303	311	1	
401	406	1	
170	175	-1	
104	168	1	
384	389	1	
320	384	-1	
482	486	1	
88	94	1	
440	446	-1	
374	382	-1	
136	142	1	
227	228	1	
352	416	1	
264	268	-1	
172	180	-1	
155	157	-1	
150	158	1	
394	398	1	
114	116	1	
112	119	-1	
184	248	1	
464	469	1	
105	110	-1	
40	44	1	
107	111	1	
328	333	1	
290	292	-1	
291	293	1	
472	479	1	
408	472	1	
353	417	1	
443	447	-1	
336	340	1	
342	350	1	
162	226	1	
160	224	-1	
238	246	1	
44	52	-1	
46	54	1	
194	258	-1	
192	256	-1	
364	372	1	
25	89	1	
Energy:	-2094	
