NumberOfQubits	504	
NumberOfSubgraphs	420	
Serial	338	
PlantedSolution:	
0	1	
1	-1	
2	-1	
3	-1	
4	1	
5	1	
6	-1	
8	-1	
9	-1	
10	1	
11	-1	
12	1	
13	-1	
14	-1	
15	-1	
16	1	
17	1	
18	-1	
19	1	
20	1	
21	-1	
22	-1	
23	-1	
24	1	
25	-1	
26	1	
27	1	
28	1	
29	-1	
30	-1	
31	1	
32	-1	
33	1	
34	1	
35	1	
36	-1	
37	1	
38	-1	
39	-1	
40	1	
41	-1	
42	-1	
43	-1	
44	1	
45	-1	
46	-1	
47	-1	
48	-1	
49	-1	
50	-1	
51	1	
52	-1	
53	1	
54	1	
55	-1	
56	-1	
57	-1	
58	1	
59	1	
60	-1	
61	-1	
62	1	
63	-1	
64	1	
65	-1	
66	1	
67	-1	
68	1	
69	1	
70	1	
71	-1	
72	-1	
73	1	
74	1	
75	-1	
76	1	
77	1	
78	1	
79	-1	
80	-1	
81	-1	
82	1	
83	1	
84	-1	
85	-1	
86	-1	
87	1	
88	1	
89	1	
90	1	
91	1	
92	1	
93	1	
94	-1	
95	-1	
96	-1	
97	1	
98	1	
99	1	
100	-1	
101	-1	
102	1	
103	-1	
104	-1	
105	1	
106	1	
107	-1	
108	-1	
109	1	
110	1	
111	-1	
112	-1	
113	-1	
114	1	
115	1	
116	1	
117	1	
118	1	
119	-1	
120	1	
121	1	
123	-1	
124	-1	
125	1	
126	-1	
127	-1	
128	1	
129	1	
130	1	
131	-1	
132	-1	
133	-1	
134	1	
135	1	
136	1	
137	-1	
138	-1	
139	-1	
141	1	
142	-1	
143	1	
144	-1	
145	-1	
146	-1	
147	-1	
148	-1	
149	-1	
150	1	
151	1	
152	1	
153	-1	
154	-1	
155	1	
156	-1	
157	-1	
158	1	
159	1	
160	-1	
161	-1	
162	1	
163	1	
164	1	
165	-1	
166	-1	
167	-1	
168	1	
169	1	
170	1	
171	1	
172	1	
173	1	
174	1	
175	1	
176	1	
177	-1	
178	1	
179	1	
180	1	
181	-1	
182	-1	
183	1	
184	1	
185	-1	
186	1	
187	1	
188	-1	
189	1	
190	1	
191	-1	
192	1	
193	-1	
194	-1	
195	-1	
196	1	
197	1	
198	-1	
199	1	
200	-1	
201	-1	
202	-1	
203	1	
204	1	
205	1	
206	-1	
207	-1	
208	1	
209	1	
210	1	
211	1	
212	1	
213	1	
214	1	
215	-1	
216	-1	
217	1	
218	1	
219	1	
220	-1	
221	-1	
222	1	
223	1	
224	-1	
225	-1	
226	1	
227	1	
228	1	
229	1	
230	-1	
231	-1	
232	1	
233	1	
234	-1	
235	-1	
236	-1	
237	-1	
238	1	
239	1	
240	1	
241	1	
242	1	
243	-1	
244	1	
245	-1	
246	1	
247	1	
248	-1	
249	-1	
250	-1	
251	-1	
252	1	
253	-1	
254	1	
255	1	
256	1	
257	1	
258	-1	
259	-1	
260	1	
261	-1	
262	-1	
263	1	
264	-1	
265	1	
266	-1	
267	-1	
268	1	
269	-1	
270	-1	
271	-1	
272	1	
273	1	
274	-1	
275	1	
276	1	
277	-1	
278	-1	
279	-1	
280	1	
281	-1	
282	1	
283	1	
284	-1	
285	1	
286	-1	
287	-1	
288	1	
289	1	
290	-1	
291	-1	
292	1	
293	-1	
294	-1	
295	-1	
296	1	
297	1	
298	-1	
299	1	
300	1	
301	-1	
302	1	
303	-1	
304	1	
305	-1	
306	-1	
307	-1	
308	1	
309	1	
310	1	
311	1	
312	1	
313	1	
314	1	
315	1	
316	1	
317	-1	
318	-1	
319	-1	
320	-1	
321	-1	
322	-1	
323	1	
324	1	
325	-1	
326	1	
327	-1	
328	-1	
329	1	
330	-1	
331	-1	
332	-1	
333	1	
334	1	
335	-1	
336	-1	
337	1	
338	1	
339	1	
340	1	
341	-1	
342	1	
343	1	
344	-1	
345	-1	
346	-1	
347	-1	
348	-1	
349	1	
350	-1	
351	1	
352	1	
353	1	
354	1	
355	-1	
356	1	
357	-1	
358	1	
359	1	
361	1	
362	1	
363	1	
364	-1	
365	1	
367	1	
368	1	
369	1	
370	1	
371	-1	
372	1	
373	1	
374	-1	
375	1	
376	-1	
377	1	
378	1	
379	-1	
380	-1	
382	1	
383	-1	
384	1	
385	-1	
386	-1	
387	1	
388	-1	
389	1	
390	1	
391	1	
392	1	
393	1	
394	1	
396	-1	
397	1	
398	1	
399	-1	
400	-1	
401	1	
402	1	
403	-1	
404	-1	
405	-1	
406	-1	
407	-1	
408	1	
409	1	
410	-1	
411	-1	
412	1	
413	1	
414	-1	
415	1	
416	1	
417	-1	
418	1	
419	1	
420	-1	
421	1	
422	1	
424	1	
425	1	
426	1	
427	-1	
428	-1	
429	-1	
430	1	
431	1	
432	1	
433	1	
434	1	
435	-1	
436	1	
437	-1	
438	1	
439	-1	
440	-1	
441	-1	
442	1	
443	-1	
444	-1	
445	-1	
446	-1	
447	1	
448	-1	
449	-1	
450	-1	
451	1	
452	1	
453	-1	
454	1	
455	1	
456	1	
457	1	
458	1	
459	1	
460	-1	
461	-1	
462	1	
463	1	
464	1	
465	-1	
466	1	
467	1	
468	-1	
469	1	
470	-1	
471	-1	
472	-1	
473	1	
474	1	
475	-1	
476	-1	
477	-1	
478	-1	
479	1	
480	1	
481	1	
482	-1	
483	1	
484	1	
485	1	
486	1	
487	1	
488	-1	
489	1	
490	-1	
491	-1	
492	-1	
493	1	
494	-1	
495	-1	
496	1	
497	-1	
498	-1	
499	-1	
500	-1	
501	-1	
502	-1	
503	-1	
504	1	
505	1	
506	1	
507	1	
508	1	
509	-1	
510	1	
511	1	
Js:	
56	60	-3	
59	60	-2	
59	62	-5	
57	62	2	
57	61	-2	
56	61	-2	
417	422	4	
419	422	1	
419	483	-4	
483	484	-2	
481	484	-4	
417	481	1	
170	172	-2	
172	180	-2	
178	180	-4	
178	182	-2	
174	182	3	
170	174	-3	
104	108	2	
107	108	-2	
107	111	-1	
106	111	3	
106	110	-1	
104	110	3	
200	205	1	
202	205	3	
202	207	-1	
201	207	-3	
201	206	-3	
200	206	2	
449	452	3	
451	452	2	
451	453	3	
450	453	-3	
450	454	3	
449	454	3	
72	76	3	
76	84	-2	
80	84	-3	
80	85	-4	
77	85	2	
72	77	2	
368	374	3	
371	374	1	
371	435	-1	
435	437	-2	
432	437	2	
368	432	-1	
235	238	-1	
238	246	-3	
241	246	-2	
241	247	-2	
239	247	-1	
235	239	3	
272	278	2	
278	286	2	
281	286	-2	
281	287	-2	
279	287	-2	
272	279	3	
401	405	-1	
402	405	1	
402	407	3	
403	407	-2	
403	406	-2	
401	406	3	
304	309	-3	
309	317	2	
314	317	-1	
314	318	3	
310	318	2	
304	310	-3	
322	324	-2	
324	332	3	
330	332	-1	
330	334	4	
326	334	-2	
322	326	5	
112	119	2	
113	119	-1	
113	177	-3	
177	181	-3	
176	181	3	
112	176	2	
35	36	3	
36	44	1	
41	44	2	
41	47	-1	
39	47	1	
35	39	3	
298	303	3	
299	303	4	
299	363	-3	
363	364	2	
362	364	4	
298	362	2	
488	493	2	
493	501	2	
497	501	-2	
497	502	3	
494	502	-1	
488	494	-2	
289	292	-3	
290	292	2	
290	295	-2	
288	295	2	
288	294	-2	
289	294	2	
25	28	2	
26	28	-2	
26	31	-1	
24	31	2	
24	29	1	
25	29	-2	
386	389	-1	
389	397	-2	
394	397	-3	
394	399	3	
391	399	3	
386	391	4	
464	468	2	
467	468	2	
467	469	-2	
466	469	-3	
466	471	2	
464	471	3	
161	164	2	
163	164	-4	
163	165	2	
162	165	3	
162	166	4	
161	166	1	
408	412	-1	
409	412	-4	
409	413	-2	
411	413	2	
411	414	2	
408	414	1	
131	134	2	
134	142	3	
136	142	-2	
136	143	-2	
135	143	-2	
131	135	3	
440	445	-3	
442	445	4	
442	506	-2	
506	511	-3	
504	511	2	
440	504	2	
264	268	-3	
265	268	-3	
265	270	3	
266	270	-2	
266	269	-2	
264	269	-3	
224	228	2	
227	228	-3	
227	229	-4	
226	229	-3	
226	231	3	
224	231	-3	
152	159	-2	
155	159	-3	
155	219	-3	
219	223	1	
216	223	2	
152	216	3	
457	461	3	
459	461	3	
459	462	-2	
456	462	-4	
456	463	1	
457	463	-3	
194	198	-3	
195	198	-2	
195	259	-3	
259	262	-3	
258	262	-2	
194	258	3	
91	92	-2	
92	100	2	
97	100	3	
97	101	2	
93	101	4	
91	93	1	
145	148	-2	
146	148	-4	
146	210	2	
210	212	-2	
209	212	-2	
145	209	2	
377	380	2	
378	380	-2	
378	382	-3	
379	382	1	
379	383	-3	
377	383	4	
1	4	4	
3	4	-2	
3	6	-3	
2	6	-3	
2	5	3	
1	5	3	
64	68	-4	
65	68	-2	
65	129	2	
129	133	4	
128	133	2	
64	128	-2	
185	188	-4	
186	188	2	
186	190	-2	
184	190	-3	
184	189	-3	
185	189	-4	
249	252	-3	
250	252	4	
250	254	1	
251	254	2	
251	255	3	
249	255	1	
353	356	-2	
354	356	-2	
354	358	-3	
355	358	4	
355	359	2	
353	359	-4	
49	52	-2	
51	52	2	
51	55	4	
48	55	2	
48	54	1	
49	54	4	
336	340	-2	
337	340	-2	
337	343	-3	
338	343	-1	
338	342	-1	
336	342	4	
433	438	-2	
438	446	3	
443	446	-2	
443	447	2	
439	447	-2	
433	439	2	
16	20	-3	
17	20	-2	
17	21	-2	
19	21	2	
19	23	2	
16	23	2	
120	125	2	
121	125	-4	
121	126	2	
123	126	-4	
123	127	-2	
120	127	4	
83	86	3	
86	94	-1	
88	94	3	
88	95	2	
87	95	-1	
83	87	-3	
344	349	2	
345	349	2	
345	350	-4	
347	350	-4	
347	351	2	
344	351	3	
8	13	-3	
9	13	-2	
9	14	-3	
11	14	-3	
11	15	3	
8	15	-1	
472	476	-2	
475	476	-2	
475	478	-3	
474	478	3	
474	477	-1	
472	477	-4	
424	429	3	
425	429	2	
425	431	-2	
426	431	-4	
426	430	-2	
424	430	1	
489	492	4	
492	500	-2	
498	500	-4	
498	503	-1	
495	503	-1	
489	495	-1	
153	158	2	
154	158	2	
154	218	2	
218	222	-3	
217	222	2	
153	217	2	
144	151	-1	
147	151	2	
147	211	2	
211	215	5	
208	215	1	
144	208	2	
320	327	-2	
321	327	-4	
321	385	-2	
385	390	3	
384	390	1	
320	384	3	
192	199	-2	
193	199	4	
193	257	3	
257	263	2	
256	263	-2	
192	256	-3	
305	308	2	
308	316	-2	
312	316	-3	
312	319	2	
311	319	2	
305	311	2	
34	37	-3	
37	45	1	
40	45	4	
40	46	2	
38	46	1	
34	38	2	
416	420	4	
418	420	-2	
418	482	3	
482	485	3	
480	485	-2	
416	480	-2	
74	79	2	
75	79	-4	
75	139	-2	
139	141	2	
138	141	2	
74	138	2	
168	175	-1	
169	175	-2	
169	233	-2	
233	236	3	
232	236	-1	
168	232	-3	
274	276	2	
276	284	1	
282	284	3	
282	285	-3	
277	285	-1	
274	277	-2	
328	333	3	
329	333	-4	
329	393	-2	
393	398	1	
392	398	-3	
328	392	2	
361	365	-4	
365	373	-1	
370	373	1	
370	375	-3	
367	375	-3	
361	367	-3	
66	69	-3	
67	69	3	
67	70	2	
65	70	3	
65	71	-2	
66	71	-2	
291	293	3	
293	301	-3	
297	301	3	
297	302	-2	
294	302	2	
291	294	-1	
112	116	2	
114	116	-2	
114	117	-3	
115	117	-3	
115	118	2	
112	118	2	
441	444	-4	
443	444	-1	
443	507	2	
507	508	-3	
505	508	-3	
441	505	-2	
242	244	-3	
243	244	4	
243	245	-1	
240	245	-3	
240	247	-3	
242	247	-3	
98	100	3	
99	100	2	
99	102	3	
96	102	3	
96	103	-3	
98	103	2	
179	182	1	
182	190	1	
187	190	-3	
187	191	-2	
183	191	2	
179	183	-4	
192	196	1	
196	204	-3	
203	204	-3	
203	205	-2	
197	205	-2	
192	197	-2	
427	428	-1	
428	436	-1	
434	436	-3	
434	437	3	
429	437	-1	
427	429	-2	
346	348	-3	
348	356	-1	
352	356	-4	
352	357	1	
349	357	1	
346	349	3	
266	271	-3	
267	271	-3	
267	331	-2	
331	335	-1	
330	335	-3	
266	330	2	
320	325	-4	
323	325	3	
323	387	-2	
387	388	-1	
384	388	3	
473	478	-1	
478	486	2	
482	486	2	
482	487	3	
479	487	-2	
473	479	-3	
273	279	4	
275	279	1	
275	339	-3	
339	341	2	
337	341	2	
273	337	1	
105	109	-2	
107	109	3	
107	171	-1	
171	173	-1	
169	173	-3	
105	169	-1	
17	22	2	
18	22	-1	
18	82	4	
82	85	2	
81	85	2	
17	81	3	
448	452	-2	
452	460	2	
458	460	2	
458	463	-4	
455	463	-1	
448	455	3	
400	404	-2	
401	404	3	
401	465	1	
465	470	-2	
464	470	2	
400	464	-1	
232	237	3	
234	237	-2	
234	298	-3	
298	300	1	
296	300	2	
232	296	-2	
160	167	-3	
161	167	-1	
161	225	-1	
225	230	-4	
224	230	-3	
160	224	2	
50	53	2	
53	61	-1	
58	61	3	
58	63	3	
55	63	-1	
50	55	-1	
9	12	2	
10	12	-2	
10	74	-1	
74	78	-3	
73	78	-4	
9	73	-1	
25	30	-2	
26	30	-2	
26	90	-4	
90	92	-3	
89	92	-2	
25	89	3	
208	213	-3	
213	221	2	
219	221	2	
219	222	1	
214	222	-2	
208	214	-1	
499	501	-2	
501	509	-2	
507	509	1	
507	510	-2	
502	510	-2	
499	502	-2	
144	149	-2	
149	157	-2	
154	157	-3	
150	158	1	
144	150	4	
248	253	-4	
251	253	-2	
251	315	1	
315	319	3	
248	312	-2	
306	308	4	
307	308	3	
307	371	-2	
371	372	2	
370	372	-4	
306	370	-1	
27	28	-1	
28	36	1	
32	36	-2	
32	38	4	
30	38	-1	
27	30	2	
216	220	-2	
219	220	2	
219	283	1	
283	286	4	
280	286	2	
216	280	1	
256	260	-2	
260	268	-2	
267	268	1	
267	269	-3	
261	269	-1	
256	261	-2	
128	132	-4	
130	132	3	
130	135	-2	
129	135	-2	
409	415	-2	
410	415	2	
410	474	3	
474	479	1	
409	473	-2	
42	44	2	
43	44	-3	
43	47	-2	
40	47	2	
42	45	-3	
427	431	2	
427	491	2	
491	493	2	
490	493	2	
426	490	2	
369	372	-2	
372	380	1	
376	380	-3	
376	382	3	
374	382	2	
369	374	-3	
120	124	5	
123	124	-3	
137	141	2	
139	203	2	
203	206	2	
137	201	2	
152	156	-2	
156	164	2	
163	167	3	
159	167	2	
418	421	-4	
417	421	2	
416	422	-2	
393	396	-1	
392	396	2	
27	29	3	
29	37	-2	
33	37	-2	
33	39	2	
31	39	2	
27	31	-2	
0	4	-3	
2	4	-1	
3	5	2	
0	5	-2	
432	438	-2	
435	438	2	
435	499	3	
499	503	-2	
496	503	3	
432	496	-3	
313	316	-1	
314	316	-3	
315	318	-1	
315	317	2	
313	317	3	
48	52	-4	
50	52	-3	
50	54	3	
51	54	1	
51	53	-3	
48	53	2	
176	180	-2	
180	188	2	
181	189	1	
305	309	2	
306	309	2	
306	311	2	
304	311	3	
305	310	3	
225	228	3	
227	231	-3	
226	230	1	
104	109	-1	
109	117	-3	
114	119	2	
111	119	-2	
104	111	-3	
57	60	-3	
57	63	-3	
59	63	1	
56	62	-1	
11	12	2	
8	14	2	
10	13	3	
194	196	3	
195	196	2	
195	197	2	
193	197	1	
194	199	-1	
200	204	1	
204	212	-1	
211	212	-2	
207	215	1	
200	207	-3	
209	214	-1	
210	214	2	
210	274	2	
273	276	-1	
209	273	-1	
146	151	2	
147	149	-4	
145	149	2	
340	348	2	
347	348	-2	
343	351	-1	
336	343	2	
331	332	-3	
331	334	1	
410	412	2	
411	412	1	
408	413	-2	
408	415	4	
440	444	1	
441	446	-4	
442	446	1	
448	453	-2	
450	455	-2	
451	455	-4	
451	454	-1	
448	454	2	
257	261	3	
258	261	3	
258	263	3	
259	263	3	
257	262	3	
90	93	-1	
96	101	-1	
95	103	2	
90	95	2	
488	492	-2	
490	492	-3	
490	494	-2	
491	494	2	
491	495	-3	
488	495	-3	
64	69	-1	
67	71	-4	
64	70	-2	
296	301	2	
297	303	1	
299	302	1	
296	302	-3	
385	389	2	
387	389	-3	
387	390	-2	
386	390	-1	
385	391	1	
284	292	1	
287	295	1	
282	287	2	
402	406	-1	
403	467	2	
402	466	-2	
353	357	-3	
354	357	2	
233	237	2	
237	245	1	
241	245	2	
233	238	-3	
75	76	2	
81	84	-1	
81	87	1	
79	87	2	
248	252	-1	
250	253	-2	
249	253	-2	
249	254	2	
248	254	3	
170	175	-2	
171	175	-2	
171	235	3	
235	236	-2	
234	236	-2	
170	234	-2	
506	508	-2	
506	510	-1	
504	510	-3	
504	509	1	
505	509	-2	
456	460	1	
459	460	3	
458	461	-1	
458	462	-3	
476	484	2	
481	485	2	
477	485	2	
113	116	2	
115	116	-3	
115	179	-1	
177	183	-1	
363	367	1	
362	365	-2	
72	78	-2	
73	137	2	
137	143	1	
72	136	2	
18	21	-3	
19	83	2	
82	86	3	
165	173	1	
168	173	2	
168	174	-2	
166	174	1	
41	46	-2	
42	46	-1	
42	106	-2	
106	108	3	
105	108	1	
41	105	3	
280	285	-3	
281	285	-2	
281	345	-2	
344	350	-3	
280	344	2	
433	436	2	
434	498	3	
497	500	-1	
433	497	3	
397	405	-1	
400	405	-4	
400	407	-1	
399	407	-1	
89	94	-2	
91	94	2	
91	155	-1	
155	157	1	
153	157	-3	
89	153	1	
272	277	2	
275	277	3	
339	342	-2	
272	336	-1	
217	220	2	
218	220	1	
218	221	-3	
216	221	-1	
217	223	-1	
416	421	-1	
419	421	-4	
483	487	3	
480	487	-3	
34	36	2	
35	99	-1	
98	102	-2	
34	98	-1	
288	293	2	
291	355	-2	
352	358	-1	
288	352	-1	
243	246	-2	
240	246	-2	
267	270	-1	
264	271	-2	
376	383	-1	
378	383	3	
378	442	-1	
442	447	-2	
440	447	-2	
376	440	-2	
467	470	3	
465	471	2	
130	134	-2	
138	142	-2	
138	143	3	
368	372	1	
369	375	-2	
369	373	-3	
368	373	-3	
14	22	-2	
16	22	3	
15	23	-2	
9	15	2	
321	324	2	
323	324	2	
424	428	2	
425	428	2	
425	489	1	
489	493	-2	
424	488	3	
186	189	-1	
187	189	-1	
184	191	-1	
186	191	4	
315	379	2	
379	380	-2	
313	377	2	
338	340	-3	
341	349	1	
338	341	-2	
385	388	-2	
388	396	-2	
390	398	1	
33	38	2	
33	97	-1	
97	102	-2	
32	96	-1	
67	68	1	
67	131	-1	
131	132	-3	
19	20	-1	
20	28	-2	
24	28	-2	
23	31	2	
259	260	2	
258	260	1	
74	77	1	
80	87	2	
410	414	-3	
411	475	-3	
160	164	1	
160	166	-3	
158	166	1	
152	158	-3	
123	125	3	
121	127	-2	
43	46	-3	
43	107	-2	
107	110	-1	
105	110	-2	
0	6	3	
50	114	-1	
114	118	-2	
113	118	1	
49	113	-2	
229	237	1	
235	237	-1	
231	239	1	
496	501	-2	
506	509	2	
503	511	2	
273	278	1	
283	287	1	
457	460	1	
457	462	-2	
454	462	1	
292	300	-2	
297	300	2	
289	293	1	
427	430	2	
430	438	1	
432	439	2	
431	439	1	
146	150	-2	
210	213	-2	
404	412	-1	
405	413	2	
307	309	-1	
371	373	2	
304	368	-1	
201	205	1	
202	206	-2	
480	486	-2	
481	486	-3	
58	60	2	
59	61	2	
187	251	2	
250	255	4	
186	250	1	
334	342	2	
337	342	-1	
335	343	3	
88	93	-3	
98	101	2	
153	156	1	
155	156	1	
154	159	2	
394	396	3	
396	404	-2	
398	406	2	
394	398	3	
224	229	1	
226	290	1	
290	294	-3	
224	288	1	
417	420	-2	
420	428	1	
425	430	-2	
422	430	-2	
249	313	1	
313	318	2	
312	318	2	
81	86	-3	
173	181	2	
179	181	-1	
175	183	-1	
281	284	-1	
283	284	2	
283	347	-1	
300	308	-1	
306	310	1	
302	310	-1	
133	141	1	
136	141	-3	
129	134	-2	
110	118	-1	
386	388	2	
386	450	-1	
384	448	1	
356	364	1	
361	364	-1	
359	367	-1	
352	359	-2	
499	500	-1	
45	53	2	
47	55	-2	
42	47	-2	
209	215	2	
504	508	-2	
507	511	-2	
505	511	1	
505	510	-2	
465	468	-2	
468	476	-2	
473	476	2	
473	477	-2	
469	477	2	
465	469	1	
328	332	-3	
331	333	1	
329	335	2	
328	335	1	
8	12	3	
11	75	-1	
8	72	1	
24	30	2	
24	88	-3	
393	397	-3	
393	399	2	
387	391	2	
282	346	1	
346	351	-2	
491	492	-1	
490	495	1	
489	494	2	
228	236	1	
230	238	-1	
379	443	-2	
443	445	-1	
441	445	-1	
377	441	-1	
322	325	-1	
323	327	1	
321	326	-1	
265	269	1	
264	270	1	
26	29	-3	
27	91	-2	
274	278	-3	
275	278	2	
274	338	1	
99	163	-1	
161	165	2	
97	161	1	
69	77	-2	
73	77	-2	
70	78	1	
66	70	-2	
241	244	2	
243	307	-1	
307	311	3	
241	305	1	
108	116	2	
106	109	1	
363	365	-3	
35	37	-1	
32	39	-2	
212	220	-1	
217	221	2	
209	213	-2	
466	470	2	
375	383	1	
456	461	-3	
289	295	2	
291	295	-2	
355	357	-1	
289	353	-2	
496	502	2	
139	143	1	
202	204	-1	
138	202	-1	
19	22	1	
83	84	2	
16	80	1	
168	172	-2	
171	172	-2	
232	239	1	
178	242	-2	
242	245	1	
176	240	-2	
483	485	1	
411	415	2	
475	479	1	
472	479	2	
408	472	2	
3	67	-1	
1	65	-2	
211	214	-1	
218	223	-2	
215	223	-1	
131	195	1	
130	194	1	
40	44	1	
44	52	1	
121	124	1	
121	185	-1	
184	188	2	
120	184	-1	
10	15	2	
56	63	2	
426	428	-1	
248	255	2	
449	453	-2	
162	164	1	
314	319	-2	
435	436	2	
436	444	2	
272	276	3	
275	276	-3	
273	277	2	
144	148	-1	
145	151	-2	
145	150	2	
259	261	-1	
256	262	1	
46	54	-1	
49	55	-2	
198	206	2	
192	198	2	
2	66	-1	
66	68	-1	
0	64	-2	
118	126	2	
119	127	-2	
115	119	1	
460	468	-1	
463	471	1	
459	463	-2	
296	303	1	
474	476	-2	
21	29	-1	
16	21	1	
177	241	1	
32	37	-1	
412	420	1	
414	422	-1	
409	414	2	
136	200	1	
333	341	-1	
339	403	2	
403	405	1	
336	400	-1	
299	300	-2	
297	361	-1	
99	101	-1	
99	103	2	
496	500	2	
498	501	-2	
497	503	1	
280	284	2	
283	285	1	
257	260	-1	
266	268	1	
262	270	1	
222	230	-1	
223	231	1	
74	76	1	
169	172	2	
170	173	-1	
155	158	1	
157	165	1	
162	167	1	
153	159	1	
236	244	1	
185	191	-1	
321	325	-1	
384	389	2	
90	94	2	
91	95	2	
89	95	-1	
128	134	-1	
314	378	1	
312	376	1	
105	111	1	
82	87	1	
345	348	2	
347	349	1	
288	292	-2	
437	445	-1	
434	439	1	
371	375	2	
368	375	-1	
22	30	1	
17	23	1	
323	326	-2	
322	386	-1	
208	212	-2	
208	272	1	
264	328	1	
48	112	1	
392	397	-1	
393	457	-1	
392	456	-1	
464	469	2	
467	471	1	
421	429	-1	
426	429	1	
147	148	-2	
148	156	1	
154	156	-1	
178	183	-2	
179	243	1	
243	247	-1	
364	372	2	
362	367	2	
73	79	1	
139	142	1	
137	142	-1	
1	6	-1	
58	62	-2	
226	228	-1	
225	231	-1	
410	413	2	
193	196	1	
203	207	1	
199	207	-1	
486	494	1	
487	495	-1	
338	402	-2	
401	407	1	
337	401	1	
18	20	-1	
290	293	1	
265	271	2	
329	334	-1	
265	329	-1	
88	92	1	
355	419	1	
354	418	1	
117	125	1	
218	282	-1	
217	281	1	
177	182	-2	
66	130	-1	
130	133	-1	
313	319	1	
142	150	1	
143	151	-1	
187	188	2	
251	252	2	
185	249	-1	
475	477	-1	
194	197	1	
205	213	-1	
206	214	1	
233	239	-1	
234	239	-1	
298	302	1	
233	297	-1	
345	351	2	
346	350	-1	
160	165	-1	
33	36	1	
34	39	2	
89	93	1	
322	327	-1	
116	124	-1	
193	198	-1	
75	77	1	
71	79	1	
392	399	1	
242	246	-1	
12	20	-1	
216	222	1	
433	437	1	
480	484	-1	
482	484	1	
370	374	-1	
363	427	1	
361	425	1	
466	468	1	
470	478	1	
97	103	1	
225	229	-1	
290	354	-1	
354	359	-1	
171	174	-1	
40	104	1	
339	340	-1	
403	404	1	
402	404	1	
128	135	-1	
320	324	-1	
325	333	1	
406	414	-1	
400	406	1	
11	13	-1	
13	21	-1	
18	23	-1	
450	452	1	
315	316	-1	
295	303	1	
112	117	1	
113	117	1	
176	182	-1	
353	417	1	
352	416	1	
424	431	1	
471	479	1	
377	382	-1	
162	226	-1	
185	190	1	
25	31	1	
201	204	1	
65	69	1	
64	71	-1	
Energy:	-1724	
