NumberOfQubits	504	
NumberOfSubgraphs	756	
Serial	88	
PlantedSolution:	
0	-1	
1	-1	
2	-1	
3	1	
4	-1	
5	-1	
6	1	
8	-1	
9	1	
10	1	
11	-1	
12	1	
13	-1	
14	1	
15	1	
16	-1	
17	1	
18	1	
19	-1	
20	1	
21	1	
22	-1	
23	-1	
24	1	
25	1	
26	-1	
27	1	
28	-1	
29	1	
30	-1	
31	-1	
32	1	
33	-1	
34	-1	
35	-1	
36	1	
37	-1	
38	1	
39	1	
40	-1	
41	1	
42	1	
43	1	
44	-1	
45	-1	
46	-1	
47	-1	
48	-1	
49	1	
50	-1	
51	1	
52	-1	
53	-1	
54	1	
55	1	
56	1	
57	-1	
58	-1	
59	1	
60	-1	
61	1	
62	-1	
63	1	
64	1	
65	-1	
66	1	
67	1	
68	-1	
69	1	
70	-1	
71	1	
72	-1	
73	-1	
74	-1	
75	1	
76	1	
77	1	
78	1	
79	1	
80	-1	
81	-1	
82	1	
83	1	
84	-1	
85	-1	
86	1	
87	1	
88	-1	
89	-1	
90	-1	
91	-1	
92	-1	
93	1	
94	-1	
95	-1	
96	1	
97	1	
98	1	
99	1	
100	1	
101	-1	
102	1	
103	-1	
104	1	
105	1	
106	1	
107	-1	
108	1	
109	1	
110	-1	
111	-1	
112	1	
113	1	
114	1	
115	-1	
116	-1	
117	1	
118	1	
119	-1	
120	-1	
121	1	
123	1	
124	1	
125	-1	
126	1	
127	-1	
128	-1	
129	1	
130	1	
131	1	
132	-1	
133	-1	
134	-1	
135	1	
136	-1	
137	1	
138	1	
139	-1	
141	-1	
142	-1	
143	-1	
144	-1	
145	1	
146	1	
147	1	
148	-1	
149	-1	
150	1	
151	1	
152	-1	
153	1	
154	1	
155	1	
156	-1	
157	-1	
158	1	
159	1	
160	1	
161	1	
162	1	
163	-1	
164	-1	
165	1	
166	-1	
167	1	
168	-1	
169	-1	
170	-1	
171	-1	
172	-1	
173	-1	
174	1	
175	1	
176	1	
177	1	
178	1	
179	-1	
180	-1	
181	-1	
182	-1	
183	1	
184	-1	
185	1	
186	1	
187	-1	
188	1	
189	1	
190	-1	
191	-1	
192	1	
193	1	
194	-1	
195	1	
196	-1	
197	-1	
198	-1	
199	-1	
200	1	
201	-1	
202	1	
203	-1	
204	1	
205	-1	
206	1	
207	-1	
208	1	
209	1	
210	-1	
211	-1	
212	1	
213	1	
214	1	
215	-1	
216	1	
217	-1	
218	1	
219	1	
220	-1	
221	-1	
222	-1	
223	-1	
224	1	
225	-1	
226	-1	
227	1	
228	1	
229	-1	
230	1	
231	1	
232	-1	
233	1	
234	-1	
235	1	
236	1	
237	1	
238	1	
239	-1	
240	1	
241	1	
242	-1	
243	1	
244	-1	
245	-1	
246	1	
247	-1	
248	-1	
249	-1	
250	-1	
251	-1	
252	-1	
253	-1	
254	1	
255	-1	
256	-1	
257	-1	
258	-1	
259	1	
260	1	
261	-1	
262	1	
263	1	
264	-1	
265	-1	
266	1	
267	-1	
268	-1	
269	-1	
270	1	
271	-1	
272	-1	
273	-1	
274	-1	
275	1	
276	-1	
277	-1	
278	-1	
279	-1	
280	-1	
281	-1	
282	1	
283	1	
284	1	
285	1	
286	1	
287	1	
288	-1	
289	-1	
290	1	
291	-1	
292	-1	
293	1	
294	1	
295	-1	
296	1	
297	-1	
298	1	
299	1	
300	-1	
301	-1	
302	-1	
303	-1	
304	1	
305	1	
306	-1	
307	1	
308	-1	
309	-1	
310	1	
311	1	
312	1	
313	-1	
314	-1	
315	-1	
316	1	
317	1	
318	-1	
319	1	
320	-1	
321	1	
322	-1	
323	-1	
324	1	
325	-1	
326	1	
327	-1	
328	1	
329	-1	
330	-1	
331	-1	
332	-1	
333	-1	
334	-1	
335	1	
336	1	
337	1	
338	-1	
339	-1	
340	-1	
341	-1	
342	1	
343	1	
344	1	
345	1	
346	1	
347	-1	
348	1	
349	-1	
350	1	
351	1	
352	-1	
353	-1	
354	1	
355	-1	
356	-1	
357	-1	
358	-1	
359	-1	
361	-1	
362	-1	
363	-1	
364	1	
365	-1	
367	-1	
368	1	
369	-1	
370	-1	
371	-1	
372	-1	
373	1	
374	1	
375	1	
376	1	
377	-1	
378	1	
379	-1	
380	-1	
382	-1	
383	1	
384	-1	
385	1	
386	1	
387	-1	
388	1	
389	1	
390	1	
391	-1	
392	-1	
393	-1	
394	-1	
396	-1	
397	1	
398	1	
399	-1	
400	-1	
401	1	
402	1	
403	1	
404	-1	
405	1	
406	-1	
407	-1	
408	-1	
409	-1	
410	1	
411	1	
412	1	
413	1	
414	-1	
415	1	
416	-1	
417	1	
418	-1	
419	1	
420	-1	
421	-1	
422	-1	
424	-1	
425	1	
426	1	
427	1	
428	1	
429	1	
430	-1	
431	-1	
432	1	
433	1	
434	-1	
435	-1	
436	-1	
437	-1	
438	1	
439	1	
440	1	
441	-1	
442	1	
443	1	
444	1	
445	-1	
446	1	
447	1	
448	-1	
449	-1	
450	1	
451	-1	
452	-1	
453	1	
454	1	
455	-1	
456	1	
457	-1	
458	1	
459	1	
460	-1	
461	1	
462	1	
463	-1	
464	-1	
465	-1	
466	1	
467	1	
468	-1	
469	1	
470	1	
471	1	
472	-1	
473	-1	
474	1	
475	-1	
476	-1	
477	1	
478	-1	
479	1	
480	1	
481	-1	
482	-1	
483	1	
484	-1	
485	1	
486	1	
487	1	
488	-1	
489	-1	
490	1	
491	-1	
492	1	
493	1	
494	-1	
495	1	
496	-1	
497	-1	
498	-1	
499	-1	
500	1	
501	-1	
502	1	
503	-1	
504	1	
505	1	
506	-1	
507	-1	
508	-1	
509	-1	
510	1	
511	-1	
Js:	
424	430	6	
427	430	2	
427	491	3	
491	492	4	
488	492	3	
424	488	-3	
307	308	3	
308	316	6	
312	316	-2	
312	317	-3	
309	317	4	
307	309	-3	
209	213	-4	
210	213	6	
210	215	-5	
208	215	-3	
208	214	-4	
209	214	-6	
392	399	-4	
393	399	-4	
393	457	-3	
457	462	-5	
456	462	-5	
392	456	4	
80	86	-3	
82	86	-4	
82	146	-2	
146	149	6	
144	149	-3	
80	144	-3	
234	237	3	
237	245	3	
240	245	3	
240	246	-7	
238	246	1	
234	238	4	
408	412	6	
412	420	-1	
417	420	3	
417	422	5	
414	422	-2	
408	414	-3	
273	278	-5	
278	286	3	
283	286	-6	
283	287	-3	
279	287	4	
273	279	-4	
450	452	3	
451	452	-5	
451	455	-4	
449	455	-3	
449	453	4	
450	453	-4	
194	197	-4	
195	197	3	
195	199	4	
193	199	6	
193	198	2	
194	198	-5	
257	260	5	
259	260	2	
259	261	6	
258	261	-5	
258	262	4	
257	262	2	
200	204	-4	
202	204	-4	
202	205	-4	
203	205	-2	
203	207	-6	
200	207	3	
17	21	-3	
21	29	-4	
27	29	-2	
27	30	4	
22	30	-3	
17	22	-3	
137	142	4	
142	150	2	
145	150	-3	
145	151	-5	
143	151	3	
137	143	4	
442	445	6	
443	445	1	
443	507	-3	
507	510	4	
506	510	5	
442	506	3	
66	70	4	
67	70	6	
67	131	-1	
131	134	5	
130	134	4	
66	130	1	
50	52	-6	
52	60	-3	
58	60	-4	
58	61	4	
53	61	3	
50	53	-3	
403	405	-3	
405	413	2	
411	413	-5	
411	415	-4	
407	415	4	
403	407	4	
170	172	3	
171	172	-3	
171	175	3	
169	175	2	
169	174	5	
170	174	5	
75	76	-3	
76	84	-2	
83	84	3	
83	85	3	
77	85	2	
75	77	-3	
105	108	-3	
108	116	2	
112	116	4	
112	119	-2	
111	119	-1	
105	111	5	
291	293	3	
293	301	4	
298	301	4	
298	302	3	
294	302	2	
291	294	-2	
8	13	-6	
10	13	-3	
10	74	4	
74	78	3	
72	78	3	
8	72	-3	
176	180	2	
179	180	-5	
179	183	-1	
177	183	-4	
177	182	4	
176	182	5	
329	332	-2	
330	332	-5	
330	334	-5	
328	334	2	
328	335	-4	
329	335	5	
40	44	-2	
42	44	6	
42	46	-2	
41	46	4	
41	45	4	
40	45	-6	
320	324	6	
321	324	-4	
321	385	-1	
385	389	3	
384	389	4	
320	384	-2	
153	157	5	
157	165	-1	
161	165	-3	
161	166	4	
158	166	2	
153	158	-3	
88	92	-4	
89	92	-6	
89	93	3	
90	93	1	
90	95	-4	
88	95	4	
368	372	5	
371	372	-3	
371	435	-2	
435	437	-2	
432	437	6	
368	432	-2	
0	4	-3	
3	4	4	
3	6	4	
2	6	4	
2	5	-5	
0	5	-5	
338	341	-4	
341	349	-3	
345	349	3	
345	351	-4	
343	351	-4	
338	343	-3	
377	380	-3	
378	380	4	
378	382	-5	
376	382	5	
376	383	-4	
377	383	4	
57	63	5	
59	63	-3	
59	123	-2	
123	126	-3	
121	126	3	
57	121	3	
480	484	4	
483	484	4	
483	487	-2	
481	487	-2	
481	486	2	
480	486	-2	
33	36	4	
35	36	-2	
35	37	-5	
32	37	4	
32	38	-5	
33	38	4	
464	468	-5	
468	476	-2	
472	476	-4	
472	477	2	
469	477	2	
464	469	5	
288	295	-4	
289	295	-3	
289	353	-2	
353	357	-7	
352	357	-4	
288	352	2	
185	188	-4	
187	188	3	
187	190	-4	
186	190	-4	
186	189	-4	
185	189	-3	
241	244	4	
242	244	-3	
242	306	-3	
306	311	-3	
305	311	-3	
241	305	-4	
369	374	4	
370	374	-4	
370	434	-2	
434	438	5	
433	438	-4	
369	433	2	
218	221	2	
219	221	4	
219	222	-4	
217	222	-2	
217	223	-6	
218	223	3	
96	100	-4	
97	100	-5	
97	103	2	
98	103	4	
98	102	5	
96	102	-3	
498	500	3	
499	500	2	
499	502	-4	
497	502	6	
497	503	-4	
498	503	-3	
280	285	4	
282	285	-4	
282	346	5	
346	348	-4	
344	348	-5	
280	344	2	
232	239	-3	
233	239	1	
233	297	3	
297	300	-5	
296	300	-4	
232	296	4	
11	12	3	
12	20	-2	
18	20	-3	
18	23	6	
15	23	-3	
11	15	5	
224	228	-4	
225	228	-1	
225	230	4	
226	230	5	
226	231	2	
224	231	-5	
264	268	-6	
268	276	2	
274	276	-3	
274	277	-5	
269	277	-2	
264	269	-5	
249	255	-4	
251	255	-4	
251	315	-1	
315	318	4	
313	318	-3	
249	313	-1	
465	470	5	
470	478	1	
474	478	5	
474	479	1	
471	479	-3	
465	471	3	
355	356	-4	
356	364	3	
361	364	6	
361	367	-5	
359	367	-3	
355	359	-4	
394	396	5	
396	404	-3	
401	404	4	
401	406	4	
398	406	2	
394	398	6	
425	428	-3	
426	428	-3	
426	490	-2	
490	493	6	
489	493	3	
425	489	4	
49	54	-3	
51	54	-4	
51	115	4	
115	117	4	
113	117	-2	
49	113	-5	
322	325	-5	
323	325	5	
323	387	-2	
387	388	3	
386	388	-3	
322	386	3	
155	156	5	
156	164	-2	
163	164	-2	
163	167	-4	
159	167	-1	
155	159	-4	
64	71	-4	
65	71	2	
65	129	1	
129	135	4	
128	135	5	
64	128	1	
440	444	-4	
441	444	4	
441	505	-2	
505	509	3	
504	509	5	
440	504	-2	
184	191	-3	
186	191	5	
186	250	3	
250	254	2	
248	254	4	
184	248	2	
336	340	6	
339	340	3	
339	342	4	
337	342	-6	
337	341	3	
336	341	4	
256	262	-3	
262	270	-4	
265	270	6	
265	271	-3	
263	271	4	
256	263	8	
24	28	-4	
26	28	-3	
26	29	6	
25	29	-3	
25	31	5	
24	31	5	
106	109	3	
107	109	4	
107	111	-1	
104	111	4	
104	110	4	
106	110	3	
458	460	4	
459	460	4	
459	463	6	
457	463	-3	
457	461	4	
458	461	-6	
416	421	-4	
418	421	-4	
418	482	-4	
482	485	5	
480	485	-3	
416	480	4	
298	303	-2	
299	303	3	
299	363	5	
363	365	-3	
362	365	-6	
298	362	4	
113	118	-4	
114	118	-2	
114	178	-2	
178	181	-4	
177	181	3	
113	177	-2	
138	141	7	
139	141	-3	
139	143	-4	
136	143	2	
136	142	-6	
138	142	3	
192	196	5	
196	204	4	
201	204	-2	
201	206	5	
198	206	3	
192	198	3	
48	54	5	
54	62	3	
56	62	4	
56	63	-5	
55	63	-3	
48	55	4	
91	93	4	
93	101	2	
99	101	5	
99	102	-3	
94	102	-1	
91	94	-4	
208	212	-4	
211	212	5	
211	275	3	
275	278	3	
272	278	-4	
208	272	-3	
227	228	-5	
228	236	1	
235	236	-4	
235	237	-1	
229	237	3	
227	229	4	
8	14	-3	
9	14	-4	
9	73	2	
73	79	3	
72	79	3	
266	271	4	
267	271	-4	
267	331	-5	
331	333	-2	
330	333	-3	
266	330	4	
120	124	4	
123	124	-5	
123	125	4	
121	125	5	
121	127	5	
120	127	-4	
288	292	-5	
290	292	3	
290	354	-3	
354	358	3	
352	358	-2	
304	310	-2	
310	318	3	
314	318	-4	
314	319	4	
311	319	-3	
304	311	-4	
152	157	-3	
154	157	5	
154	218	-5	
218	220	4	
216	220	-3	
152	216	6	
34	36	5	
36	44	-2	
43	44	3	
43	47	5	
39	47	3	
34	39	5	
281	284	3	
283	284	3	
283	347	3	
347	350	7	
345	350	-2	
281	345	4	
81	87	4	
83	87	-3	
83	147	1	
147	148	5	
145	148	4	
81	145	2	
409	413	5	
411	475	-4	
475	478	-3	
473	478	-3	
409	473	-3	
425	429	-3	
429	437	4	
432	439	-5	
431	439	4	
425	431	4	
402	405	4	
403	467	-4	
467	471	-6	
466	471	-4	
402	466	-4	
496	500	6	
500	508	-3	
507	508	-5	
507	511	-3	
503	511	-2	
496	503	-4	
243	245	3	
245	253	-3	
248	253	-4	
248	255	2	
247	255	-3	
243	247	3	
384	390	-3	
387	390	3	
387	451	-3	
451	454	2	
448	454	4	
384	448	-3	
160	164	4	
164	172	4	
168	172	-5	
168	173	-4	
165	173	2	
160	165	-4	
369	372	-2	
372	380	4	
379	380	-4	
379	383	3	
375	383	-4	
369	375	3	
322	324	3	
322	326	3	
323	326	4	
323	327	3	
320	327	-4	
16	21	3	
19	22	-4	
19	23	-1	
16	23	-2	
442	444	-4	
442	447	-4	
441	447	3	
441	446	-3	
440	446	-5	
1	5	-5	
3	5	4	
3	67	-4	
67	69	-3	
65	69	4	
1	65	-4	
128	132	-5	
129	132	4	
129	133	4	
130	133	6	
130	135	-4	
488	493	5	
493	501	2	
497	501	2	
494	502	3	
488	494	-3	
386	389	-3	
389	397	-5	
394	397	-2	
394	399	-4	
391	399	-5	
386	391	4	
400	406	-4	
406	414	-4	
410	414	3	
410	415	-3	
400	407	-3	
370	373	3	
371	373	3	
435	436	-4	
434	436	2	
161	167	-3	
162	167	-5	
162	226	-2	
161	225	2	
419	420	-4	
419	483	-6	
483	486	-3	
417	481	6	
64	68	2	
68	76	-6	
73	76	4	
73	78	5	
70	78	2	
64	70	3	
482	484	-2	
484	492	-2	
489	492	4	
489	495	3	
487	495	-3	
482	487	4	
249	252	-4	
251	252	-4	
251	254	6	
250	253	3	
249	253	-3	
236	244	6	
242	247	-4	
239	247	4	
235	239	5	
461	469	2	
465	469	4	
462	470	-1	
458	462	-3	
26	31	-2	
27	31	3	
27	91	-5	
90	94	-6	
26	90	-4	
34	38	5	
34	98	2	
96	103	3	
32	96	3	
42	45	2	
42	47	5	
43	46	4	
40	46	-4	
331	334	-5	
334	342	2	
337	343	-4	
335	343	-1	
331	335	-4	
424	429	4	
426	429	-2	
426	431	4	
427	431	4	
148	156	-5	
153	156	3	
153	159	-3	
151	159	3	
147	151	-2	
300	308	-2	
306	308	-4	
306	310	3	
302	310	3	
297	302	-4	
171	173	-4	
170	175	4	
168	174	4	
104	109	-6	
109	117	2	
115	118	5	
110	118	1	
211	215	2	
211	214	3	
281	285	3	
285	293	-3	
291	295	-5	
287	295	2	
281	287	2	
312	319	-4	
313	319	-3	
313	377	-4	
377	382	-5	
312	376	-4	
57	60	4	
58	62	-6	
59	62	3	
59	61	-5	
57	61	2	
354	356	-3	
355	357	-1	
353	358	-6	
136	141	-4	
139	203	4	
200	205	4	
136	200	4	
217	221	-4	
221	229	-3	
224	229	3	
223	231	-3	
193	196	3	
192	197	5	
280	284	4	
284	292	1	
289	292	3	
289	294	6	
286	294	-2	
280	286	2	
10	14	-5	
11	14	5	
11	75	-3	
75	79	-3	
74	79	4	
180	188	-2	
184	188	5	
184	190	-5	
182	190	-2	
179	182	-4	
50	55	5	
50	114	2	
114	116	-4	
48	112	3	
361	365	-4	
365	373	3	
368	373	-4	
368	375	-3	
367	375	-4	
449	452	-3	
448	453	-4	
448	455	-4	
152	158	3	
155	158	-4	
155	219	-3	
219	220	3	
346	351	-3	
347	351	3	
344	350	2	
272	277	-3	
274	338	-2	
338	340	-4	
272	336	4	
473	476	-5	
473	477	4	
475	477	3	
475	479	4	
472	479	-5	
260	268	3	
261	269	-3	
257	261	-4	
202	206	-3	
202	266	-2	
266	270	3	
201	265	-2	
82	84	3	
84	92	-5	
89	95	1	
87	95	6	
82	87	-4	
506	509	-4	
506	511	3	
505	511	6	
505	510	-3	
504	510	-4	
33	37	-4	
35	99	4	
99	100	-3	
33	97	3	
243	246	-3	
243	307	-2	
304	309	4	
240	304	-3	
181	189	3	
187	189	4	
187	191	-4	
183	191	3	
178	183	-3	
328	333	3	
329	333	-6	
329	393	-2	
393	397	6	
392	397	3	
328	392	-2	
400	404	-3	
402	404	4	
466	468	-4	
400	464	-3	
438	446	-3	
443	446	-6	
443	447	-3	
439	447	-5	
433	439	2	
16	20	3	
19	20	5	
19	83	5	
83	86	-3	
16	80	-3	
232	238	-1	
233	238	-5	
297	303	-3	
296	303	6	
418	420	-5	
419	422	3	
416	422	-4	
385	388	-5	
388	396	4	
390	398	-6	
385	390	-4	
0	6	4	
2	66	-4	
66	69	-4	
64	69	-4	
0	64	4	
314	316	4	
315	316	3	
315	379	-4	
314	378	4	
299	301	3	
363	364	5	
362	364	-3	
1	4	-5	
4	12	3	
9	12	4	
9	13	4	
5	13	-1	
321	325	3	
320	326	3	
321	327	5	
273	276	-3	
275	276	4	
275	277	4	
274	279	3	
80	85	-5	
82	85	3	
490	494	3	
491	494	-4	
491	495	3	
488	495	4	
460	468	1	
467	468	3	
463	471	2	
118	126	-5	
120	126	5	
119	127	-6	
115	119	1	
162	165	-4	
162	166	2	
163	166	-5	
160	167	-4	
256	260	4	
258	260	4	
259	262	-5	
259	263	2	
410	412	-4	
410	413	-3	
409	414	5	
499	503	-2	
498	501	-4	
496	501	-3	
131	132	7	
129	134	4	
128	133	-5	
49	52	4	
51	55	-3	
51	53	5	
49	53	-3	
25	30	6	
24	30	2	
106	108	-5	
107	108	4	
105	109	1	
106	111	3	
137	141	3	
138	202	-2	
202	207	3	
201	207	-3	
137	201	2	
290	295	3	
291	355	-3	
354	359	5	
65	68	-4	
66	68	5	
66	71	-2	
67	71	3	
65	70	-3	
121	124	2	
120	125	-3	
170	234	-5	
169	233	4	
32	39	-3	
35	39	4	
96	101	3	
424	428	3	
428	436	4	
432	436	2	
187	251	2	
185	249	3	
454	462	-3	
456	463	4	
455	463	-3	
305	310	-2	
306	370	-4	
305	369	2	
152	159	4	
154	159	-3	
218	222	3	
216	222	5	
441	445	-4	
506	508	-3	
505	508	4	
266	269	3	
267	269	-3	
331	332	-4	
10	15	-3	
74	77	4	
144	150	-3	
147	150	-3	
147	211	3	
144	208	2	
81	84	-2	
339	341	-3	
344	349	4	
344	351	-2	
339	343	4	
474	477	-4	
477	485	3	
482	486	5	
478	486	3	
177	241	2	
241	246	-2	
176	240	-3	
385	391	2	
41	44	4	
42	106	-3	
105	110	4	
41	105	-4	
193	197	3	
192	199	3	
225	229	-4	
226	229	-3	
227	230	-3	
227	231	2	
225	231	5	
282	286	-2	
250	314	-1	
314	317	3	
248	312	1	
16	22	-5	
18	21	5	
400	405	4	
402	407	3	
401	407	3	
56	60	2	
59	60	5	
173	181	2	
176	181	4	
176	183	-2	
175	183	-3	
489	494	-4	
37	45	4	
40	47	-3	
33	39	3	
2	4	-5	
8	12	5	
6	14	-2	
304	308	2	
303	311	3	
353	356	-2	
357	365	2	
213	221	3	
214	222	3	
272	279	-1	
275	279	3	
275	339	3	
336	342	1	
435	438	3	
440	447	-3	
435	439	-1	
243	244	3	
48	52	-4	
113	116	-3	
270	278	1	
264	270	1	
290	294	-4	
289	293	2	
288	293	3	
313	317	4	
315	317	-4	
89	94	-3	
90	154	-2	
89	153	2	
483	485	-3	
481	485	-4	
345	348	-4	
347	348	-1	
347	411	2	
411	412	-4	
409	412	3	
345	409	1	
325	333	-3	
329	334	-2	
326	334	4	
452	460	-4	
457	460	-3	
453	461	-2	
451	453	4	
194	196	-2	
195	196	4	
195	259	-2	
194	258	-3	
501	509	-3	
507	509	-3	
502	510	-2	
498	502	2	
134	142	1	
135	143	1	
27	28	4	
28	36	-2	
30	38	2	
403	404	4	
467	470	3	
401	465	3	
161	164	3	
210	212	3	
212	220	2	
219	223	3	
215	223	2	
384	388	3	
387	391	-4	
386	390	-2	
184	189	4	
185	191	5	
185	190	-3	
72	77	5	
81	85	2	
81	86	4	
78	86	-2	
475	476	-2	
476	484	-2	
480	487	-5	
479	487	2	
324	332	2	
328	332	-3	
327	335	3	
146	148	3	
145	149	3	
203	204	3	
97	101	-2	
98	101	4	
433	436	5	
430	438	2	
426	430	5	
71	79	-5	
346	349	2	
346	410	2	
408	415	4	
344	408	3	
301	309	-2	
307	310	-5	
299	302	5	
169	172	-2	
233	237	3	
232	237	5	
168	232	-2	
369	373	5	
368	374	-3	
160	166	2	
163	227	2	
160	224	-2	
88	93	5	
24	88	2	
43	107	4	
178	180	5	
179	243	4	
242	245	-3	
178	242	3	
114	117	-2	
117	125	4	
123	127	3	
114	119	6	
13	21	2	
17	23	3	
9	15	-4	
352	359	-3	
354	418	-2	
352	416	-3	
257	263	3	
392	398	-2	
394	458	3	
456	461	-1	
379	382	-3	
379	443	2	
443	444	-5	
378	442	-2	
56	61	-4	
490	492	-3	
492	500	-2	
495	503	-3	
490	495	-2	
450	455	-4	
449	454	5	
338	342	4	
336	343	-2	
131	133	3	
362	367	-3	
474	476	3	
473	479	3	
466	470	-3	
305	308	3	
313	316	3	
218	282	-1	
282	287	-4	
280	287	-3	
216	280	1	
504	511	-4	
250	252	-4	
250	255	-5	
139	142	-4	
203	206	3	
200	206	-3	
57	62	-2	
50	54	2	
435	499	-4	
433	497	4	
234	236	2	
241	247	3	
234	239	-2	
97	102	-3	
98	162	-2	
97	161	-3	
349	357	-4	
350	358	-4	
346	350	-2	
312	318	4	
20	28	2	
25	28	3	
18	22	2	
434	437	2	
437	445	-3	
434	439	3	
74	138	2	
72	136	-2	
149	157	-3	
150	158	5	
146	150	-2	
393	396	1	
363	427	2	
427	429	-4	
361	425	-2	
116	124	5	
106	170	1	
168	175	3	
104	168	2	
456	460	2	
459	462	-3	
1	6	4	
195	198	-5	
234	298	2	
112	117	-4	
115	179	-2	
112	176	-2	
481	484	-4	
276	284	3	
282	284	-2	
491	493	4	
291	292	-3	
292	300	-3	
297	301	-4	
32	36	-3	
209	215	3	
86	94	-2	
266	268	2	
264	328	4	
80	84	3	
85	93	3	
370	372	-3	
376	380	3	
370	375	2	
321	326	-4	
322	327	-3	
226	290	2	
225	289	-2	
416	420	-3	
417	421	4	
418	422	-3	
186	188	-4	
162	164	3	
169	173	-4	
75	78	-3	
75	139	-3	
73	137	3	
219	283	-1	
281	286	3	
217	281	1	
337	340	1	
273	337	3	
355	358	-3	
351	359	2	
241	245	3	
306	309	1	
305	309	4	
386	450	-3	
450	454	-4	
385	449	-3	
100	108	-3	
107	110	-3	
102	110	3	
130	132	-2	
128	134	-4	
440	445	-4	
267	270	3	
265	329	-3	
24	29	-5	
23	31	-3	
363	367	-3	
408	413	2	
472	478	-3	
408	472	2	
56	120	-1	
8	15	3	
467	469	-2	
464	470	5	
201	205	4	
205	213	1	
207	215	-1	
194	199	-3	
193	257	3	
49	55	-5	
246	254	3	
249	254	3	
240	247	1	
101	109	2	
103	111	4	
99	103	4	
348	356	2	
171	174	-3	
171	235	3	
235	238	-4	
338	402	1	
402	406	2	
336	400	-1	
113	119	-2	
177	180	3	
486	494	-1	
307	371	3	
371	374	5	
304	368	1	
43	45	2	
38	46	3	
18	82	-2	
17	81	4	
432	438	-1	
434	498	-4	
432	496	-2	
154	156	2	
217	220	-3	
153	217	-2	
448	452	-3	
144	151	4	
138	143	4	
410	474	-3	
26	30	-3	
251	253	-3	
272	276	-3	
273	277	2	
226	228	2	
419	421	4	
399	407	-1	
211	213	2	
216	221	-2	
459	461	-3	
466	469	-3	
233	236	-2	
288	294	2	
283	285	-2	
107	171	-2	
105	169	-1	
384	391	-3	
96	160	-2	
41	47	-2	
424	431	-2	
147	149	2	
154	158	-1	
353	359	1	
131	135	-2	
144	148	1	
146	210	2	
73	77	-1	
98	100	-1	
112	118	1	
323	324	3	
320	325	-2	
352	356	-4	
355	419	-1	
397	405	-2	
401	405	-3	
393	398	-2	
91	95	-2	
166	174	3	
224	230	-2	
230	238	-3	
231	239	-3	
378	383	-3	
72	76	2	
265	268	-2	
427	428	-3	
499	501	-4	
271	279	-1	
504	508	3	
465	468	-3	
392	396	-3	
458	463	2	
248	252	-5	
17	20	3	
315	319	2	
377	441	-2	
376	440	-2	
403	406	2	
409	415	3	
209	212	-3	
167	175	-1	
95	103	-1	
347	349	-2	
115	116	-2	
387	389	3	
274	278	2	
197	205	-3	
69	77	-3	
58	63	-2	
14	22	1	
232	236	3	
235	299	-1	
296	302	-1	
420	428	2	
422	430	1	
91	92	-2	
91	155	-1	
155	157	1	
208	213	-2	
307	311	2	
178	182	3	
497	500	2	
19	21	-1	
48	53	2	
242	246	2	
267	268	-3	
264	271	2	
220	228	3	
88	94	-2	
88	152	-1	
163	165	4	
298	300	3	
258	263	1	
192	256	-2	
244	252	1	
342	350	-1	
362	426	2	
330	335	-1	
277	285	-2	
10	12	-3	
332	340	-2	
333	341	1	
40	104	-1	
90	92	1	
25	89	3	
290	293	3	
51	52	-2	
413	421	-1	
442	446	-1	
145	209	1	
130	194	-1	
129	193	-1	
496	502	-1	
364	372	1	
354	357	2	
104	108	-1	
222	230	1	
210	274	-3	
257	321	-1	
256	320	-1	
339	403	-1	
337	401	-1	
265	269	2	
199	207	-2	
45	53	-2	
46	54	1	
425	430	2	
146	151	-1	
433	437	-1	
374	382	2	
371	375	2	
67	68	-1	
204	212	1	
206	214	-1	
259	323	1	
258	322	-1	
35	38	-1	
152	156	1	
227	291	2	
224	288	-2	
123	187	1	
120	184	1	
11	13	-2	
421	429	1	
340	348	-2	
210	214	1	
179	181	2	
80	87	1	
299	300	-1	
216	223	1	
296	301	-1	
172	180	-1	
436	444	-1	
44	52	1	
295	303	-1	
209	273	1	
240	244	1	
99	163	1	
141	149	1	
74	76	1	
297	361	1	
34	37	-1	
411	414	1	
Energy:	-3362	
