NumberOfQubits	504	
NumberOfSubgraphs	504	
Serial	375	
PlantedSolution:	
0	1	
1	-1	
2	-1	
3	-1	
4	-1	
5	-1	
6	1	
8	1	
9	-1	
10	1	
11	-1	
12	-1	
13	1	
14	-1	
15	-1	
16	-1	
17	1	
18	-1	
19	-1	
20	-1	
21	1	
22	-1	
23	1	
24	-1	
25	1	
26	1	
27	1	
28	-1	
29	1	
30	1	
31	-1	
32	1	
33	-1	
34	-1	
35	1	
36	-1	
37	-1	
38	-1	
39	-1	
40	1	
41	-1	
42	1	
43	1	
44	1	
45	-1	
46	-1	
47	-1	
48	-1	
49	-1	
50	-1	
51	-1	
52	1	
53	1	
54	1	
55	1	
56	-1	
57	1	
58	-1	
59	-1	
60	1	
61	-1	
62	1	
63	1	
64	-1	
65	-1	
66	-1	
67	-1	
68	1	
69	1	
70	1	
71	1	
72	-1	
73	1	
74	-1	
75	-1	
76	-1	
77	-1	
78	-1	
79	1	
80	1	
81	1	
82	-1	
83	-1	
84	1	
85	1	
86	-1	
87	1	
88	-1	
89	-1	
90	-1	
91	-1	
92	-1	
93	1	
94	1	
95	-1	
96	1	
97	1	
98	-1	
99	1	
100	1	
101	-1	
102	1	
103	1	
104	1	
105	-1	
106	-1	
107	1	
108	1	
109	1	
110	1	
111	1	
112	1	
113	-1	
114	-1	
115	1	
116	-1	
117	1	
118	-1	
119	1	
120	-1	
121	1	
123	-1	
124	-1	
125	1	
126	-1	
127	1	
128	-1	
129	1	
130	1	
131	1	
132	-1	
133	-1	
134	-1	
135	1	
136	1	
137	1	
138	-1	
139	-1	
141	1	
142	1	
143	-1	
144	-1	
145	1	
146	-1	
147	-1	
148	-1	
149	1	
150	1	
151	1	
152	-1	
153	-1	
154	-1	
155	-1	
156	-1	
157	-1	
158	-1	
159	1	
160	1	
161	1	
162	-1	
163	-1	
164	-1	
165	-1	
166	1	
167	-1	
168	-1	
169	-1	
170	-1	
171	-1	
172	1	
173	-1	
174	-1	
175	-1	
176	-1	
177	-1	
178	1	
179	1	
180	1	
181	-1	
182	-1	
183	1	
184	-1	
185	-1	
186	1	
187	1	
188	1	
189	1	
190	-1	
191	1	
192	-1	
193	1	
194	1	
195	-1	
196	-1	
197	-1	
198	-1	
199	1	
200	-1	
201	1	
202	1	
203	1	
204	1	
205	1	
206	1	
207	1	
208	-1	
209	-1	
210	1	
211	-1	
212	1	
213	-1	
214	-1	
215	-1	
216	1	
217	1	
218	1	
219	-1	
220	1	
221	-1	
222	1	
223	-1	
224	-1	
225	1	
226	1	
227	-1	
228	-1	
229	1	
230	-1	
231	-1	
232	1	
233	-1	
234	1	
235	1	
236	1	
237	-1	
238	1	
239	1	
240	-1	
241	-1	
242	-1	
243	1	
244	-1	
245	-1	
246	1	
247	1	
248	-1	
249	1	
250	-1	
251	-1	
252	-1	
253	-1	
254	1	
255	1	
256	1	
257	1	
258	1	
259	-1	
260	-1	
261	-1	
262	1	
263	1	
264	-1	
265	-1	
266	1	
267	-1	
268	1	
269	1	
270	-1	
271	1	
272	-1	
273	1	
274	-1	
275	1	
276	1	
277	1	
278	1	
279	1	
280	-1	
281	-1	
282	-1	
283	1	
284	-1	
285	1	
286	1	
287	1	
288	1	
289	1	
290	1	
291	-1	
292	1	
293	1	
294	1	
295	1	
296	-1	
297	1	
298	-1	
299	1	
300	1	
301	1	
302	1	
303	1	
304	1	
305	1	
306	-1	
307	-1	
308	1	
309	1	
310	-1	
311	1	
312	-1	
313	1	
314	-1	
315	-1	
316	-1	
317	-1	
318	-1	
319	1	
320	1	
321	1	
322	-1	
323	1	
324	1	
325	-1	
326	1	
327	-1	
328	1	
329	1	
330	1	
331	-1	
332	-1	
333	-1	
334	1	
335	-1	
336	1	
337	1	
338	1	
339	1	
340	-1	
341	-1	
342	-1	
343	-1	
344	-1	
345	-1	
346	-1	
347	-1	
348	-1	
349	1	
350	-1	
351	1	
352	1	
353	1	
354	1	
355	1	
356	1	
357	-1	
358	-1	
359	1	
361	1	
362	1	
363	-1	
364	-1	
365	-1	
367	-1	
368	1	
369	1	
370	-1	
371	1	
372	1	
373	-1	
374	1	
375	-1	
376	1	
377	1	
378	-1	
379	1	
380	1	
382	-1	
383	1	
384	1	
385	-1	
386	-1	
387	1	
388	-1	
389	1	
390	1	
391	1	
392	1	
393	1	
394	1	
396	-1	
397	1	
398	1	
399	1	
400	1	
401	1	
402	1	
403	-1	
404	1	
405	1	
406	-1	
407	-1	
408	-1	
409	1	
410	-1	
411	1	
412	-1	
413	1	
414	1	
415	1	
416	-1	
417	-1	
418	-1	
419	1	
420	1	
421	-1	
422	1	
424	1	
425	-1	
426	-1	
427	1	
428	1	
429	1	
430	1	
431	-1	
432	-1	
433	1	
434	-1	
435	-1	
436	1	
437	1	
438	1	
439	1	
440	-1	
441	-1	
442	1	
443	-1	
444	1	
445	1	
446	-1	
447	-1	
448	-1	
449	-1	
450	1	
451	1	
452	-1	
453	-1	
454	1	
455	-1	
456	1	
457	-1	
458	1	
459	1	
460	-1	
461	-1	
462	1	
463	1	
464	-1	
465	-1	
466	-1	
467	1	
468	-1	
469	1	
470	-1	
471	-1	
472	1	
473	1	
474	-1	
475	1	
476	-1	
477	1	
478	-1	
479	1	
480	1	
481	-1	
482	-1	
483	1	
484	-1	
485	-1	
486	1	
487	1	
488	-1	
489	-1	
490	-1	
491	1	
492	-1	
493	1	
494	-1	
495	1	
496	-1	
497	-1	
498	-1	
499	1	
500	-1	
501	-1	
502	-1	
503	1	
504	-1	
505	-1	
506	1	
507	-1	
508	1	
509	-1	
510	-1	
511	1	
Js:	
346	348	-4	
348	356	3	
354	356	-2	
354	358	2	
350	358	-4	
346	350	1	
168	173	-3	
170	173	-3	
170	175	2	
171	175	-2	
171	174	-3	
168	174	-3	
312	318	-3	
313	318	5	
313	377	2	
377	383	-3	
376	383	-3	
312	376	2	
33	37	-3	
35	37	4	
35	99	-2	
99	101	3	
97	101	4	
33	97	-2	
409	413	-2	
411	413	-2	
411	414	-3	
408	414	2	
408	415	4	
409	415	2	
458	460	3	
460	468	-2	
466	468	-2	
466	471	-2	
463	471	3	
458	463	2	
160	166	-1	
161	166	-3	
161	225	-2	
225	228	3	
224	228	2	
160	224	3	
137	143	3	
139	143	-5	
139	203	3	
203	206	-3	
201	206	-2	
137	201	-3	
153	156	2	
154	156	-2	
154	159	3	
155	159	2	
155	157	-1	
153	157	-3	
440	444	4	
442	444	-2	
442	446	3	
441	446	2	
441	447	-2	
440	447	-4	
385	390	2	
386	390	5	
386	450	1	
450	453	2	
449	453	-4	
385	449	1	
209	214	-1	
211	214	-4	
211	275	-2	
275	278	-1	
273	278	-4	
209	273	3	
185	188	3	
187	188	-4	
187	190	-2	
184	190	-3	
184	189	2	
185	189	2	
176	180	4	
177	180	2	
177	182	-3	
178	182	-1	
178	181	3	
176	181	-3	
488	492	-4	
492	500	-2	
499	500	4	
499	501	1	
493	501	-1	
488	493	2	
232	239	-3	
233	239	1	
233	297	1	
297	300	-2	
296	300	3	
232	296	-2	
402	404	-4	
403	404	2	
403	407	-5	
400	407	2	
400	405	-4	
402	405	-3	
25	31	-3	
26	31	3	
26	90	3	
90	92	-3	
89	92	-4	
25	89	3	
75	76	-4	
76	84	1	
83	84	2	
83	85	3	
77	85	2	
75	77	2	
257	262	-2	
262	270	-3	
265	270	-2	
265	271	2	
263	271	-2	
257	263	-4	
17	22	5	
18	22	-1	
18	82	1	
82	86	-2	
81	86	3	
17	81	-3	
305	311	-2	
306	311	4	
306	370	-1	
370	374	2	
369	374	-2	
305	369	2	
48	52	3	
51	52	3	
51	54	1	
50	54	-2	
50	53	4	
48	53	3	
472	477	-4	
477	485	1	
480	485	4	
480	487	-2	
479	487	1	
472	479	-3	
128	132	-3	
130	132	4	
130	135	-2	
129	135	-2	
129	133	-3	
128	133	-3	
329	333	3	
330	333	-2	
330	335	3	
328	335	2	
328	334	-4	
329	334	-3	
248	252	-5	
250	252	-4	
250	253	2	
249	253	2	
249	254	-3	
248	254	2	
56	60	4	
58	60	4	
58	63	4	
57	63	1	
57	62	-5	
56	62	3	
40	45	2	
43	45	-2	
43	107	-3	
107	109	-2	
104	109	-3	
40	104	-4	
217	223	3	
218	223	2	
218	282	2	
282	287	-1	
281	287	3	
217	281	3	
193	196	2	
194	196	4	
194	199	3	
195	199	3	
195	197	-2	
193	197	4	
425	428	2	
428	436	-2	
433	436	-3	
433	439	-2	
431	439	-3	
425	431	-3	
121	124	4	
123	124	-2	
123	127	5	
120	127	2	
120	126	-4	
121	126	-3	
226	230	3	
227	230	-4	
227	291	1	
291	292	2	
290	292	-2	
226	290	-2	
418	420	2	
419	420	-4	
419	422	-4	
416	422	3	
416	421	-3	
418	421	-3	
337	341	3	
338	341	3	
338	342	2	
339	342	3	
339	343	2	
337	343	-2	
72	78	2	
74	78	-3	
74	138	-2	
138	141	3	
136	141	-5	
72	136	1	
258	260	2	
260	268	-1	
266	268	-2	
266	269	-2	
261	269	2	
258	261	4	
106	108	3	
108	116	2	
113	116	-4	
113	118	-2	
110	118	-1	
106	110	1	
145	149	-3	
146	149	-2	
146	150	3	
144	150	3	
144	151	2	
145	151	-3	
64	68	4	
66	68	3	
66	70	3	
65	70	3	
65	71	2	
64	71	3	
320	325	-3	
323	325	2	
323	326	-4	
322	326	1	
322	327	-3	
320	327	3	
504	508	3	
507	508	3	
507	511	3	
506	511	5	
506	510	2	
504	510	-4	
11	13	2	
13	21	-2	
19	21	4	
19	23	3	
15	23	3	
11	15	4	
304	308	-3	
308	316	3	
315	316	2	
315	317	-3	
309	317	3	
304	309	-3	
234	237	2	
237	245	1	
243	245	3	
243	246	-3	
238	246	-1	
234	238	-3	
34	36	-3	
36	44	-3	
41	44	4	
41	46	-1	
38	46	-2	
34	38	-3	
1	4	-5	
4	12	-2	
10	12	2	
10	14	4	
6	14	2	
1	6	3	
289	294	-2	
294	302	-2	
299	302	-1	
299	303	2	
295	303	-4	
289	295	-1	
280	285	5	
283	285	-1	
283	347	-1	
347	351	3	
344	351	3	
280	344	-2	
392	399	-3	
393	399	-3	
393	457	-2	
457	462	3	
456	462	-2	
392	456	-3	
361	364	2	
363	364	-5	
363	367	1	
362	367	5	
362	365	2	
361	365	2	
427	429	-3	
429	437	1	
435	437	2	
435	438	3	
430	438	-2	
427	430	-2	
210	212	-3	
212	220	-1	
216	220	-3	
216	221	-2	
213	221	-1	
210	213	2	
473	476	2	
476	484	1	
482	484	-2	
482	486	3	
478	486	1	
473	478	3	
384	391	-3	
387	391	-4	
387	451	1	
451	455	4	
448	455	-3	
384	448	1	
24	28	-3	
27	28	3	
27	91	-2	
91	95	-4	
88	95	-2	
24	88	-2	
490	494	-3	
494	502	2	
496	502	-5	
496	503	2	
495	503	-1	
490	495	3	
240	244	-4	
242	244	-1	
242	246	4	
241	246	-1	
241	247	2	
240	247	4	
401	406	2	
403	406	2	
403	467	2	
467	470	3	
465	470	-3	
401	465	4	
202	204	-4	
204	212	-1	
208	212	2	
208	215	-3	
207	215	2	
202	207	1	
369	372	3	
371	372	-2	
371	375	4	
368	375	1	
368	373	2	
369	373	3	
105	109	3	
109	117	-2	
115	117	-3	
115	119	-1	
111	119	1	
105	111	3	
160	164	3	
162	164	3	
162	167	-3	
163	167	-3	
163	165	-5	
160	165	1	
96	100	-2	
98	100	3	
98	102	4	
99	102	1	
99	103	-2	
96	103	-4	
288	293	-3	
289	293	-2	
289	353	-1	
353	359	-3	
352	359	5	
288	352	-1	
2	5	-3	
3	5	4	
3	67	-4	
67	69	5	
66	69	2	
2	66	-4	
272	276	3	
274	276	2	
274	279	3	
275	279	1	
275	277	-5	
272	277	1	
314	319	3	
315	319	4	
315	379	2	
379	380	-3	
378	380	-2	
314	378	-2	
385	388	-4	
388	396	-3	
394	396	3	
394	397	3	
389	397	-3	
385	389	2	
234	236	-2	
235	236	1	
235	299	-2	
299	301	-2	
298	301	3	
234	298	1	
410	412	-3	
411	412	2	
411	475	2	
475	478	5	
474	478	-2	
410	474	-2	
80	87	-4	
83	87	2	
83	147	-4	
147	148	-4	
144	148	-3	
80	144	2	
200	205	3	
203	205	-2	
203	267	-2	
267	268	2	
264	268	1	
200	264	-3	
186	191	-3	
187	191	-2	
187	251	3	
251	255	-2	
250	255	2	
186	250	4	
321	324	3	
324	332	2	
331	332	-3	
331	333	-3	
325	333	-3	
321	325	2	
8	13	-2	
9	13	-3	
9	73	2	
73	79	-3	
72	79	4	
8	72	2	
345	349	3	
349	357	2	
355	357	5	
355	358	2	
345	350	-2	
152	158	-4	
155	158	-1	
155	219	-2	
219	222	3	
216	222	-3	
152	216	-2	
192	198	-2	
195	198	-4	
195	259	1	
259	260	-3	
256	260	2	
192	256	2	
459	461	3	
461	469	1	
464	469	4	
464	471	-2	
459	463	4	
42	46	3	
46	54	2	
49	54	2	
49	55	4	
47	55	1	
42	47	-4	
169	172	-3	
172	180	-2	
179	180	-1	
179	183	-3	
175	183	2	
169	175	-3	
441	445	3	
443	445	3	
443	507	-1	
507	509	-2	
505	509	2	
441	505	-3	
433	437	-3	
434	437	-3	
434	498	-2	
498	501	-4	
497	501	-3	
433	497	3	
16	20	-3	
20	28	-2	
26	28	2	
26	29	-3	
21	29	2	
16	21	3	
131	134	3	
134	142	5	
139	142	4	
135	143	4	
131	135	2	
417	422	3	
419	483	-2	
483	487	-2	
481	487	2	
417	481	2	
27	30	-3	
30	38	2	
32	38	-1	
32	39	3	
31	39	-2	
27	31	4	
57	61	2	
59	61	-4	
59	123	1	
123	125	3	
121	125	-3	
57	121	-1	
305	309	-3	
306	309	1	
306	310	2	
307	310	-3	
307	311	3	
280	284	-2	
282	284	2	
282	286	5	
281	286	3	
281	285	2	
82	85	2	
85	93	-2	
90	93	2	
90	94	-2	
86	94	2	
337	340	2	
338	340	2	
338	343	4	
336	343	-3	
336	342	2	
337	342	2	
226	228	2	
227	228	-2	
227	229	4	
225	229	1	
225	231	3	
226	231	3	
490	492	3	
491	492	3	
491	495	-1	
489	495	4	
489	494	-1	
448	452	-3	
450	452	3	
450	455	3	
451	454	2	
448	454	2	
426	428	2	
426	430	3	
424	430	-2	
424	431	4	
114	116	-2	
114	118	-2	
112	118	3	
112	119	-3	
113	119	-2	
392	397	-3	
394	399	-3	
393	398	-4	
392	398	-3	
0	4	3	
8	12	3	
8	14	3	
0	6	4	
377	382	1	
376	382	4	
368	374	-4	
371	374	-3	
371	435	3	
435	436	-1	
432	436	1	
368	432	3	
88	92	-2	
92	100	-1	
97	100	-2	
97	102	-4	
94	102	-2	
88	94	3	
298	300	-3	
296	301	2	
296	302	3	
297	302	-2	
192	197	-3	
193	257	-2	
256	263	-2	
152	157	-3	
153	159	3	
154	158	-2	
194	198	2	
198	206	2	
201	207	-1	
199	207	-3	
502	510	1	
504	511	1	
503	511	-2	
147	149	2	
147	211	-1	
211	213	-2	
209	213	-2	
145	209	-1	
378	382	-4	
379	382	-2	
379	443	3	
443	444	4	
378	442	2	
43	47	4	
107	108	-2	
42	106	2	
50	52	5	
51	55	-3	
49	53	4	
32	36	5	
34	98	-2	
98	103	-3	
32	96	-2	
328	332	-2	
330	332	1	
330	334	-3	
329	335	2	
73	77	2	
75	79	2	
74	79	3	
73	78	2	
480	484	3	
483	484	4	
483	486	-3	
481	486	-2	
481	485	-3	
467	468	3	
468	476	-3	
474	476	-2	
474	477	2	
469	477	2	
467	469	-1	
16	22	3	
81	87	-2	
16	80	2	
352	356	-3	
353	356	-3	
353	417	4	
417	420	-1	
416	420	2	
352	416	3	
181	189	2	
186	189	-3	
186	190	2	
182	190	-4	
176	182	-3	
65	69	-2	
67	131	1	
131	132	2	
129	132	3	
65	129	2	
244	252	-2	
248	253	-2	
245	253	-2	
240	245	1	
59	60	-3	
56	61	-5	
56	63	2	
163	164	-2	
164	172	1	
170	172	3	
165	173	1	
273	277	-1	
274	277	2	
274	278	2	
272	278	4	
272	279	-3	
273	279	-3	
456	460	-1	
458	462	-3	
459	462	-1	
456	461	4	
409	412	3	
410	413	2	
408	413	3	
232	236	-3	
233	236	4	
233	237	-3	
235	237	2	
235	238	-2	
232	238	1	
200	204	-1	
202	266	-2	
264	269	1	
364	372	3	
370	372	2	
370	373	3	
365	373	-4	
363	365	-4	
219	221	-1	
221	229	-1	
224	229	2	
224	230	-1	
222	230	2	
290	293	2	
291	293	2	
291	355	3	
355	359	-1	
354	359	-1	
290	354	-3	
384	389	4	
386	389	2	
387	390	-2	
130	133	3	
133	141	-1	
136	142	-2	
130	134	1	
40	44	-3	
41	105	3	
104	111	-1	
322	324	4	
323	324	-2	
320	326	-3	
400	404	-2	
402	407	1	
401	407	-2	
401	405	-3	
347	348	-2	
344	349	3	
346	349	2	
432	438	4	
438	446	-2	
440	446	-3	
439	447	1	
432	439	2	
114	117	2	
115	179	-3	
178	183	4	
114	178	2	
283	284	4	
284	292	3	
288	292	2	
288	294	-2	
286	294	-4	
283	286	-1	
424	429	2	
427	491	-3	
491	493	-3	
424	488	2	
121	185	2	
185	191	3	
184	191	2	
120	184	-2	
146	148	2	
146	210	1	
210	214	3	
208	214	-3	
144	208	-1	
0	5	3	
67	68	2	
0	64	2	
307	308	3	
314	316	-3	
314	318	-2	
310	318	-2	
11	12	-3	
12	20	-1	
18	20	-4	
18	23	2	
162	166	3	
166	174	1	
169	174	-3	
167	175	1	
498	500	1	
500	508	3	
506	508	-1	
506	509	5	
501	509	-2	
25	29	-2	
29	37	2	
35	39	3	
246	254	-2	
249	255	-5	
247	255	2	
242	247	2	
259	262	1	
267	270	-2	
267	271	4	
259	263	3	
217	220	3	
218	220	-3	
218	222	-3	
219	223	-3	
475	477	-2	
473	479	-3	
91	93	2	
93	101	2	
96	101	3	
95	103	-1	
336	340	4	
339	340	2	
339	341	2	
451	452	3	
449	454	4	
448	453	-3	
465	469	2	
466	470	2	
361	367	4	
362	426	-3	
425	430	2	
361	425	3	
372	380	-1	
377	380	-4	
375	383	2	
369	375	1	
73	76	2	
74	76	-1	
137	141	-3	
73	137	1	
353	357	1	
354	357	4	
354	418	-2	
417	421	-2	
177	181	-2	
179	181	3	
179	243	-2	
241	245	-3	
177	241	1	
312	317	-2	
312	319	3	
311	319	-2	
304	311	1	
171	173	-2	
171	235	2	
235	239	3	
168	232	2	
393	396	2	
396	404	-2	
402	406	2	
398	406	1	
2	4	2	
1	65	-2	
24	29	3	
33	38	-5	
24	30	4	
265	269	4	
258	262	-2	
112	116	-2	
116	124	-2	
119	127	-4	
186	188	-2	
251	254	3	
250	254	-2	
10	13	-3	
8	15	2	
9	15	-2	
345	351	3	
346	351	2	
346	410	3	
410	414	1	
409	414	-3	
345	409	1	
292	300	-1	
299	300	-3	
291	295	2	
276	284	1	
283	287	-4	
279	287	-1	
442	445	-2	
442	506	-1	
145	148	1	
148	156	-2	
152	156	-2	
150	158	-3	
145	150	-3	
42	45	2	
45	53	-1	
48	54	3	
434	436	3	
498	502	-2	
497	502	2	
131	195	2	
195	196	2	
192	196	-3	
128	192	-2	
482	485	1	
485	493	2	
489	493	3	
487	495	-2	
482	487	3	
82	84	3	
147	151	3	
146	151	-1	
82	146	-3	
160	167	3	
161	167	-2	
224	231	-3	
321	326	-2	
323	387	-1	
387	388	3	
321	385	-1	
205	213	1	
208	213	-2	
200	207	-2	
105	108	-1	
107	110	-2	
104	110	-3	
457	460	-3	
459	460	2	
456	463	-2	
457	461	-2	
18	21	2	
19	22	-3	
25	28	2	
89	94	2	
267	331	-2	
331	335	-3	
266	330	3	
58	62	3	
68	76	2	
71	79	-2	
499	503	-4	
117	125	-2	
120	125	2	
118	126	2	
115	118	2	
194	197	3	
194	258	-1	
257	260	-2	
43	44	-1	
39	47	-1	
183	191	-2	
177	183	-1	
209	212	-4	
210	274	2	
406	414	4	
411	415	-2	
407	415	1	
418	422	-2	
418	482	-1	
201	204	2	
202	206	-2	
201	205	-3	
427	428	1	
491	494	2	
426	490	-2	
161	164	3	
163	166	3	
162	165	-4	
161	165	-2	
370	375	-3	
367	375	-1	
293	301	1	
297	301	-3	
297	303	-3	
288	295	-3	
432	437	2	
434	439	2	
435	439	2	
154	157	-2	
154	218	-1	
218	221	3	
217	221	2	
153	217	1	
280	287	2	
281	345	-1	
345	348	-2	
344	348	1	
228	236	-1	
229	237	3	
390	398	-2	
394	398	-2	
391	399	2	
386	391	3	
241	244	-3	
241	305	2	
305	310	-2	
304	310	2	
240	304	2	
80	84	-1	
84	92	1	
89	95	-2	
87	95	-1	
128	134	2	
138	142	1	
138	143	-2	
128	135	2	
251	252	1	
251	253	-2	
248	255	1	
347	349	2	
347	350	3	
329	332	2	
99	100	3	
72	77	-1	
81	85	-1	
78	86	-1	
464	470	-1	
400	464	-2	
384	388	1	
392	396	2	
230	238	-3	
234	239	-3	
231	239	1	
88	93	3	
243	247	-1	
243	307	-2	
306	308	2	
242	306	-2	
408	412	-1	
412	420	2	
413	421	-1	
451	453	-2	
450	454	-3	
379	383	-2	
443	447	-1	
376	440	-1	
168	172	2	
169	173	-2	
1	5	-2	
2	6	1	
472	476	2	
475	476	2	
474	479	2	
214	222	-1	
216	223	2	
215	223	-1	
211	215	-2	
178	180	1	
112	176	2	
425	489	1	
489	492	-1	
264	271	2	
331	334	-1	
264	328	3	
356	364	1	
362	364	1	
359	367	1	
256	261	2	
259	261	-2	
259	323	2	
323	327	3	
256	320	-2	
282	285	2	
285	293	-2	
290	294	-2	
41	45	-3	
105	110	2	
462	470	2	
505	510	-2	
440	504	-1	
265	268	3	
268	276	-3	
275	276	3	
269	277	-3	
155	156	-4	
151	159	-3	
130	194	-1	
129	193	-1	
54	62	2	
59	62	1	
59	63	3	
55	63	-2	
48	55	2	
19	20	2	
17	23	-3	
11	14	-3	
9	14	-2	
120	124	2	
480	486	2	
496	500	-2	
497	503	2	
368	372	1	
34	37	-2	
33	39	1	
67	71	2	
64	70	2	
113	117	2	
312	316	-2	
313	316	-2	
314	317	-2	
106	111	2	
107	111	-1	
107	171	2	
170	174	1	
106	170	-2	
144	149	1	
149	157	2	
471	479	-2	
467	471	3	
436	444	-2	
437	445	1	
200	206	3	
363	427	2	
426	429	3	
376	380	2	
378	383	2	
219	220	2	
258	322	2	
322	325	-2	
180	188	-2	
185	190	1	
289	292	-2	
449	452	2	
452	460	-1	
454	462	-1	
72	76	-2	
75	78	2	
405	413	2	
400	406	1	
80	85	2	
80	86	1	
332	340	-2	
335	343	1	
233	238	2	
344	350	-2	
131	133	2	
209	215	-3	
386	388	-1	
385	391	2	
333	341	-2	
334	342	-1	
57	60	-3	
505	508	2	
507	510	-3	
505	511	3	
352	358	2	
353	358	-2	
42	44	-1	
43	46	2	
40	46	2	
225	230	-1	
25	30	-2	
115	116	2	
113	177	1	
91	155	-2	
89	153	-2	
399	407	1	
305	308	1	
408	472	1	
81	84	-2	
81	145	1	
202	205	-1	
266	271	1	
201	265	1	
355	419	-1	
402	466	2	
466	469	2	
281	284	2	
168	175	-2	
298	302	-1	
298	303	3	
484	492	-1	
488	494	-3	
486	494	-1	
320	324	1	
321	327	2	
256	262	2	
251	315	-1	
313	317	2	
249	313	-1	
100	108	-1	
103	111	-2	
449	455	-1	
187	189	1	
424	428	-2	
196	204	-1	
203	204	-3	
203	207	-1	
192	199	2	
50	114	1	
112	117	-1	
48	112	1	
152	159	-1	
264	270	-2	
266	270	2	
496	501	1	
498	503	1	
499	502	2	
443	446	2	
440	445	1	
33	36	1	
34	39	-2	
35	38	1	
232	237	1	
3	4	-2	
3	6	2	
225	289	-2	
409	473	1	
64	69	1	
69	77	2	
74	77	3	
70	78	2	
351	359	-1	
123	126	-3	
387	389	-1	
393	397	1	
129	134	-1	
242	245	-2	
178	242	1	
304	368	-1	
106	109	2	
497	500	2	
504	509	-3	
481	484	-3	
416	480	1	
9	12	3	
10	15	3	
136	200	2	
339	403	1	
336	400	-1	
193	198	2	
442	447	2	
377	441	2	
290	295	1	
35	36	2	
301	309	1	
307	309	1	
302	310	1	
421	429	2	
422	430	-1	
82	87	1	
66	71	1	
66	130	-1	
236	244	1	
239	247	1	
51	53	2	
51	115	1	
49	113	1	
40	47	-1	
464	468	-1	
453	461	-1	
455	463	1	
257	321	-2	
410	415	1	
344	408	-1	
91	92	1	
90	154	-2	
328	333	1	
483	485	1	
490	493	-1	
370	434	-1	
174	182	-1	
17	21	-1	
336	341	-2	
270	278	1	
271	279	-1	
401	404	-1	
404	412	-1	
219	283	-1	
153	158	-1	
121	127	-1	
114	119	-1	
138	202	-2	
298	362	-1	
297	361	-1	
37	45	-2	
32	37	1	
162	226	1	
184	188	1	
184	248	2	
291	294	2	
280	286	-1	
488	495	-1	
83	86	1	
473	477	1	
420	428	-1	
419	421	1	
157	165	-1	
158	166	-1	
240	246	1	
224	288	1	
169	233	1	
369	433	1	
465	468	-1	
102	110	-1	
208	272	1	
193	199	1	
347	411	1	
91	94	-1	
41	47	-1	
274	338	1	
273	337	-1	
384	390	-1	
58	61	1	
137	142	-2	
104	108	1	
394	458	-1	
458	461	-1	
414	422	1	
99	163	-1	
96	160	-1	
435	499	-1	
26	30	1	
425	429	1	
226	229	-1	
287	295	-1	
258	263	-1	
173	181	-1	
470	478	-1	
475	479	-1	
243	244	-1	
185	249	-1	
65	68	1	
374	382	-1	
171	172	1	
170	234	1	
211	212	1	
210	215	1	
49	52	1	
16	23	-1	
89	93	-1	
434	438	1	
327	335	-1	
426	431	-1	
427	431	1	
227	231	1	
223	231	-1	
Energy:	-2100	
