NumberOfQubits	504	
NumberOfSubgraphs	420	
Serial	349	
PlantedSolution:	
0	1	
1	-1	
2	-1	
3	1	
4	-1	
5	1	
6	-1	
8	1	
9	1	
10	1	
11	-1	
12	1	
13	1	
14	-1	
15	-1	
16	-1	
17	-1	
18	-1	
19	1	
20	-1	
21	1	
22	1	
23	-1	
24	-1	
25	1	
26	1	
27	1	
28	-1	
29	1	
30	1	
31	1	
32	-1	
33	-1	
34	-1	
35	-1	
36	1	
37	1	
38	1	
39	1	
40	1	
41	-1	
42	-1	
43	-1	
44	-1	
45	1	
46	1	
47	1	
48	-1	
49	1	
50	1	
51	1	
52	1	
53	-1	
54	1	
55	-1	
56	1	
57	-1	
58	-1	
59	-1	
60	1	
61	-1	
62	-1	
63	-1	
64	-1	
65	-1	
66	1	
67	-1	
68	1	
69	1	
70	-1	
71	1	
72	1	
73	1	
74	1	
75	1	
76	-1	
77	-1	
78	-1	
79	-1	
80	1	
81	1	
82	-1	
83	-1	
84	1	
85	-1	
86	-1	
87	1	
88	1	
89	-1	
90	1	
91	-1	
92	-1	
93	1	
94	-1	
95	1	
96	-1	
97	-1	
98	1	
99	-1	
100	-1	
101	-1	
102	-1	
103	-1	
104	-1	
105	-1	
106	1	
107	-1	
108	-1	
109	-1	
110	1	
111	-1	
112	-1	
113	-1	
114	1	
115	-1	
116	-1	
117	1	
118	1	
119	-1	
120	1	
121	1	
123	1	
124	-1	
125	-1	
126	1	
127	-1	
128	1	
129	1	
130	1	
131	-1	
132	1	
133	1	
134	-1	
135	-1	
136	1	
137	1	
138	-1	
139	1	
141	1	
142	1	
143	-1	
144	1	
145	-1	
146	-1	
147	1	
148	-1	
149	1	
150	-1	
151	1	
152	-1	
153	1	
154	1	
155	1	
156	-1	
157	-1	
158	-1	
159	1	
160	1	
161	1	
162	-1	
163	1	
164	1	
165	-1	
166	1	
167	-1	
168	1	
169	-1	
170	-1	
171	-1	
172	-1	
173	1	
174	1	
175	1	
176	1	
177	-1	
178	-1	
179	1	
180	-1	
181	1	
182	1	
183	1	
184	-1	
185	1	
186	1	
187	1	
188	-1	
189	1	
190	1	
191	-1	
192	-1	
193	-1	
194	1	
195	1	
196	-1	
197	1	
198	-1	
199	-1	
200	1	
201	1	
202	-1	
203	1	
204	1	
205	-1	
206	1	
207	1	
208	-1	
209	-1	
210	1	
211	-1	
212	-1	
213	1	
214	-1	
215	-1	
216	1	
217	1	
218	-1	
219	1	
220	-1	
221	1	
222	1	
223	1	
224	-1	
225	-1	
226	1	
227	-1	
228	-1	
229	1	
230	1	
231	1	
232	1	
233	-1	
234	1	
235	-1	
236	1	
237	1	
238	1	
239	1	
240	-1	
241	-1	
242	1	
243	1	
244	-1	
245	1	
246	1	
247	1	
248	1	
249	-1	
250	-1	
251	1	
252	1	
253	1	
254	1	
255	1	
256	1	
257	1	
258	1	
259	-1	
260	-1	
261	1	
262	1	
263	1	
264	-1	
265	-1	
266	-1	
267	1	
268	-1	
269	-1	
270	1	
271	-1	
272	-1	
273	1	
274	1	
275	-1	
276	-1	
277	-1	
278	1	
279	-1	
280	-1	
281	-1	
282	1	
283	-1	
284	-1	
285	-1	
286	-1	
287	1	
288	1	
289	1	
290	-1	
291	1	
292	-1	
293	-1	
294	-1	
295	-1	
296	1	
297	1	
298	-1	
299	1	
300	-1	
301	1	
302	1	
303	1	
304	-1	
305	1	
306	1	
307	1	
308	1	
309	1	
310	1	
311	-1	
312	1	
313	-1	
314	1	
315	-1	
316	1	
317	1	
318	1	
319	-1	
320	1	
321	1	
322	-1	
323	1	
324	-1	
325	1	
326	-1	
327	1	
328	1	
329	-1	
330	-1	
331	-1	
332	-1	
333	-1	
334	1	
335	-1	
336	1	
337	-1	
338	1	
339	1	
340	1	
341	1	
342	-1	
343	1	
344	1	
345	-1	
346	1	
347	-1	
348	-1	
349	-1	
350	-1	
351	-1	
352	1	
353	-1	
354	-1	
355	-1	
356	-1	
357	-1	
358	-1	
359	-1	
361	-1	
362	-1	
363	-1	
364	-1	
365	1	
367	1	
368	-1	
369	-1	
370	1	
371	-1	
372	-1	
373	-1	
374	-1	
375	-1	
376	1	
377	-1	
378	-1	
379	1	
380	-1	
382	-1	
383	-1	
384	-1	
385	-1	
386	1	
387	1	
388	-1	
389	-1	
390	-1	
391	1	
392	-1	
393	1	
394	1	
396	1	
397	-1	
398	1	
399	1	
400	1	
401	1	
402	-1	
403	1	
404	-1	
405	-1	
406	-1	
407	-1	
408	1	
409	1	
410	-1	
411	-1	
412	1	
413	-1	
414	1	
415	1	
416	1	
417	-1	
418	1	
419	-1	
420	1	
421	-1	
422	1	
424	1	
425	-1	
426	-1	
427	-1	
428	1	
429	-1	
430	1	
431	-1	
432	-1	
433	1	
434	1	
435	1	
436	-1	
437	-1	
438	-1	
439	1	
440	-1	
441	1	
442	1	
443	1	
444	1	
445	1	
446	-1	
447	-1	
448	1	
449	-1	
450	-1	
451	1	
452	-1	
453	-1	
454	-1	
455	1	
456	-1	
457	-1	
458	-1	
459	1	
460	-1	
461	1	
462	-1	
463	-1	
464	-1	
465	-1	
466	-1	
467	-1	
468	-1	
469	1	
470	1	
471	-1	
472	1	
473	1	
474	1	
475	1	
476	1	
477	1	
478	-1	
479	1	
480	-1	
481	-1	
482	1	
483	1	
484	1	
485	1	
486	-1	
487	-1	
488	1	
489	-1	
490	1	
491	1	
492	-1	
493	-1	
494	1	
495	-1	
496	-1	
497	-1	
498	1	
499	1	
500	-1	
501	1	
502	-1	
503	-1	
504	-1	
505	1	
506	-1	
507	1	
508	-1	
509	1	
510	1	
511	1	
Js:	
377	383	-3	
378	383	-3	
378	442	2	
442	446	3	
441	446	-1	
377	441	1	
169	173	1	
173	181	-3	
176	181	-2	
176	182	-3	
174	182	2	
169	174	4	
80	84	-3	
84	92	2	
91	92	3	
91	95	3	
87	95	-2	
80	87	-3	
473	476	-2	
475	476	2	
475	478	2	
472	478	4	
472	477	-3	
473	477	-4	
210	214	-2	
214	222	3	
218	222	1	
218	223	3	
215	223	3	
210	215	4	
489	492	-3	
491	492	2	
491	494	-3	
490	494	-2	
490	493	2	
489	493	-3	
361	365	2	
362	365	4	
362	426	-1	
426	431	4	
425	431	-2	
361	425	-1	
145	149	2	
147	149	-2	
147	150	3	
144	150	-1	
144	151	-2	
145	151	2	
274	278	-1	
275	278	5	
275	339	-2	
339	343	-3	
338	343	-2	
274	338	-2	
96	102	-2	
98	102	3	
98	162	1	
162	167	3	
160	167	2	
96	160	1	
400	405	3	
401	405	1	
401	407	2	
402	407	-3	
402	406	2	
400	406	3	
281	284	-3	
282	284	2	
282	346	-2	
346	351	3	
345	351	1	
281	345	-2	
280	285	-4	
285	293	-1	
289	293	2	
289	294	2	
286	294	-1	
280	286	2	
296	300	-1	
300	308	1	
307	308	-2	
307	309	-3	
301	309	-2	
296	301	-2	
25	28	3	
26	28	2	
26	31	-3	
27	31	1	
27	29	-3	
25	29	-3	
242	244	3	
244	252	-2	
248	252	-2	
248	254	-3	
246	254	-2	
242	246	-2	
498	501	-3	
501	509	1	
504	509	2	
504	510	2	
502	510	1	
498	502	3	
240	245	3	
245	253	-2	
250	253	2	
250	255	3	
247	255	2	
240	247	3	
321	324	2	
323	324	4	
323	325	-2	
320	325	2	
320	327	-1	
321	327	-4	
33	37	3	
35	37	-3	
35	39	2	
34	39	2	
34	38	2	
33	38	2	
328	332	-3	
332	340	3	
337	340	2	
337	342	-3	
334	342	3	
328	334	-2	
131	133	3	
133	141	-1	
136	141	-3	
136	142	2	
134	142	2	
131	134	-2	
16	20	-2	
18	20	-2	
18	22	2	
17	22	-1	
17	23	-2	
16	23	-3	
48	53	-1	
53	61	-2	
59	61	-1	
59	63	-4	
55	63	-1	
48	55	3	
352	356	2	
355	356	-5	
355	358	1	
354	358	-2	
354	359	-4	
352	359	2	
227	228	-3	
228	236	2	
234	236	-2	
234	238	-1	
230	238	-3	
227	230	-3	
200	204	-2	
202	204	3	
202	206	4	
203	206	-3	
203	205	2	
200	205	-1	
312	317	-3	
315	317	1	
315	379	-3	
379	380	3	
376	380	2	
312	376	-3	
40	45	-3	
43	45	2	
43	46	3	
41	46	-1	
41	47	2	
40	47	-3	
193	198	-3	
194	198	5	
194	258	-1	
258	262	-3	
257	262	-3	
193	257	-1	
456	462	-3	
462	470	2	
465	470	3	
465	471	-4	
463	471	1	
456	463	-3	
418	420	-2	
419	420	4	
419	483	3	
483	484	-2	
482	484	1	
418	482	-3	
107	108	-2	
108	116	-1	
113	116	-2	
113	119	-1	
111	119	1	
107	111	-3	
115	117	2	
117	125	3	
123	125	-2	
123	126	-3	
118	126	-3	
115	118	1	
65	70	-2	
70	78	-2	
74	78	3	
74	79	-1	
71	79	2	
65	71	2	
264	268	2	
266	268	-2	
266	270	4	
267	270	-2	
267	271	3	
264	271	-2	
8	13	-2	
11	13	4	
11	14	-3	
9	14	2	
9	15	-2	
8	15	3	
384	388	-3	
385	388	2	
385	389	-3	
387	389	3	
387	390	3	
384	390	-2	
184	188	-3	
187	188	2	
187	191	2	
186	191	-2	
186	189	-3	
184	189	1	
368	372	-2	
369	372	2	
369	374	-1	
370	374	2	
370	373	3	
368	373	-2	
211	212	-2	
212	220	-3	
219	220	2	
219	221	-3	
213	221	-3	
211	213	2	
416	421	3	
421	429	-2	
427	429	-2	
427	430	3	
422	430	2	
416	422	-3	
433	437	3	
434	437	3	
434	439	-1	
432	439	-1	
432	438	-2	
433	438	2	
450	452	-3	
451	452	-2	
451	455	-3	
449	455	4	
449	454	-4	
450	454	-2	
152	156	-2	
153	156	3	
153	159	-2	
155	159	2	
155	158	3	
152	158	-3	
457	460	-2	
460	468	-1	
467	468	-4	
467	469	1	
461	469	-2	
457	461	-1	
83	85	-3	
85	93	2	
88	93	4	
88	94	1	
86	94	-2	
83	86	-1	
226	229	-2	
229	237	-2	
232	237	-5	
232	239	2	
231	239	-3	
226	231	-2	
51	52	-3	
52	60	-1	
58	60	2	
58	62	-3	
54	62	2	
51	54	1	
2	5	3	
3	5	-2	
3	67	3	
67	68	2	
66	68	-2	
2	66	-3	
408	412	-3	
410	412	3	
410	414	2	
409	414	4	
409	415	-2	
408	415	-3	
329	333	2	
330	333	-3	
330	394	2	
394	398	-2	
393	398	-3	
329	393	2	
497	500	1	
500	508	-2	
507	508	2	
507	511	-2	
503	511	2	
497	503	-2	
104	109	-1	
106	109	3	
106	170	-2	
170	172	-3	
168	172	3	
104	168	1	
97	101	-2	
99	101	2	
99	163	1	
163	166	-3	
161	166	-2	
97	161	1	
192	196	-2	
195	196	2	
195	259	3	
259	260	-2	
256	260	-2	
192	256	3	
305	310	-3	
310	318	-4	
314	318	-2	
314	319	3	
311	319	3	
305	311	2	
73	77	2	
75	77	3	
75	139	-2	
139	143	3	
137	143	2	
73	137	-2	
392	396	4	
396	404	2	
403	404	-2	
403	405	2	
397	405	-1	
392	397	-3	
288	292	2	
292	300	2	
299	300	3	
299	303	-2	
295	303	2	
288	295	2	
177	180	-3	
179	180	3	
179	243	-1	
243	245	-1	
241	245	2	
177	241	1	
272	276	-3	
274	276	1	
274	279	3	
273	279	-3	
273	277	3	
272	277	-3	
56	61	2	
57	61	-2	
57	121	-1	
121	124	3	
120	124	4	
56	120	-2	
435	436	2	
436	444	3	
443	444	-4	
443	447	-1	
439	447	1	
435	439	-4	
344	349	3	
349	357	2	
353	357	-2	
353	358	-2	
350	358	-2	
344	350	2	
480	485	2	
481	485	3	
481	487	-3	
482	487	-1	
482	486	3	
480	486	-3	
128	132	-2	
129	132	-3	
129	135	2	
130	135	3	
130	133	-2	
128	133	-3	
363	364	-1	
364	372	-1	
371	372	-1	
371	375	-3	
367	375	-1	
363	367	4	
0	4	3	
4	12	-1	
10	12	-3	
10	14	3	
6	14	-1	
0	6	3	
24	28	-2	
28	36	2	
32	36	2	
32	38	4	
30	38	1	
24	30	2	
146	148	-2	
148	156	-1	
154	156	-3	
154	157	3	
149	157	2	
146	149	2	
233	239	1	
235	239	3	
235	299	2	
299	302	1	
297	302	-1	
233	297	2	
185	190	-2	
187	190	2	
187	251	-2	
251	253	-2	
249	253	2	
185	249	2	
257	261	-3	
261	269	3	
265	269	-2	
265	271	1	
263	271	2	
257	263	-1	
281	287	2	
283	287	3	
283	347	1	
347	348	-3	
345	348	-4	
171	173	2	
178	181	3	
178	183	3	
175	183	-2	
171	175	-1	
424	428	-3	
425	428	2	
425	489	-2	
489	495	-1	
488	495	4	
424	488	2	
320	326	4	
322	326	-2	
322	386	1	
386	391	-3	
384	391	1	
320	384	-1	
410	413	2	
411	413	-2	
411	475	2	
475	479	-2	
474	479	-3	
410	474	2	
193	197	2	
197	205	-2	
201	205	3	
201	207	-5	
199	207	2	
193	199	-1	
41	44	-3	
42	44	-3	
42	106	2	
106	110	-3	
105	110	2	
41	105	-3	
64	68	3	
68	76	1	
72	76	3	
72	77	-1	
69	77	1	
64	69	2	
331	333	-2	
333	341	-1	
336	341	-3	
336	343	-2	
335	343	1	
331	335	-2	
89	92	-1	
92	100	-1	
99	100	-3	
99	103	-3	
95	103	-1	
89	95	3	
49	54	3	
50	54	-1	
50	114	-3	
114	118	-2	
113	118	2	
49	113	1	
306	308	-2	
308	316	-2	
313	316	2	
313	318	1	
306	310	1	
160	165	3	
161	165	3	
161	225	2	
225	231	-1	
224	231	3	
160	224	1	
440	445	3	
441	445	-2	
441	505	-2	
505	508	3	
504	508	-2	
440	504	-2	
17	21	-1	
18	21	1	
18	82	-3	
82	85	-2	
81	85	2	
17	81	3	
448	452	-3	
452	460	-1	
458	460	-3	
458	461	2	
453	461	2	
448	453	3	
208	212	-1	
211	215	-1	
209	215	-2	
209	213	-2	
208	213	2	
496	501	-1	
499	502	2	
499	503	2	
496	503	-3	
291	292	4	
291	293	-2	
290	293	-2	
290	294	-1	
288	294	2	
216	221	-3	
219	222	-2	
217	222	-1	
217	223	1	
216	223	-2	
464	469	4	
466	469	2	
466	471	-2	
464	470	-3	
298	301	3	
304	309	-1	
304	311	-4	
303	311	1	
298	303	2	
112	116	-2	
116	124	-2	
120	127	-2	
119	127	-2	
112	119	-3	
417	421	-1	
417	422	3	
394	397	3	
394	399	2	
393	399	-2	
392	398	3	
13	21	-1	
19	21	3	
19	23	2	
15	23	-1	
11	15	-2	
128	134	2	
138	142	-3	
138	143	-2	
135	143	-1	
128	135	2	
25	31	2	
26	90	-1	
90	94	3	
89	94	-3	
25	89	2	
315	319	-2	
379	382	1	
378	382	-3	
314	378	2	
451	454	3	
454	462	-2	
459	462	2	
459	463	3	
455	463	-1	
1	5	3	
66	69	-3	
65	69	4	
1	65	-2	
162	164	2	
164	172	3	
171	172	1	
171	174	3	
166	174	-1	
162	166	2	
443	446	2	
443	507	-2	
507	509	-2	
506	509	2	
442	506	2	
402	404	-1	
403	406	2	
400	407	2	
194	196	2	
196	204	1	
198	206	-1	
146	150	-1	
150	158	-3	
152	159	3	
151	159	-2	
146	151	-3	
356	364	-2	
362	364	-4	
362	367	1	
359	367	1	
355	359	2	
347	349	-1	
347	411	1	
411	412	2	
344	408	-1	
37	45	-2	
39	47	-2	
33	39	-1	
176	180	-1	
179	183	-2	
178	182	2	
324	332	1	
331	332	-2	
331	334	3	
326	334	1	
323	326	2	
48	52	3	
50	52	-1	
50	53	1	
49	53	4	
49	55	1	
477	485	-2	
479	487	3	
473	479	-2	
233	236	3	
236	244	1	
243	244	3	
243	246	2	
238	246	-2	
233	238	1	
251	252	-2	
251	254	2	
250	254	2	
248	255	-3	
97	102	-3	
102	110	1	
104	110	2	
104	111	2	
103	111	-2	
97	103	-1	
280	284	2	
283	284	-2	
283	286	-3	
282	286	2	
282	287	-2	
280	287	2	
83	87	3	
83	147	1	
147	148	1	
144	148	2	
80	144	1	
369	373	-3	
369	375	-2	
371	374	-2	
368	374	-4	
336	340	-2	
339	340	2	
339	341	-2	
338	341	-2	
338	342	2	
336	342	2	
56	60	-2	
57	60	3	
57	62	-1	
59	62	-2	
56	63	-2	
200	207	-1	
201	265	2	
264	269	-2	
200	264	-2	
192	197	3	
195	197	-3	
259	263	3	
256	263	-2	
225	228	-2	
226	228	2	
226	230	-2	
227	229	2	
225	229	3	
490	492	3	
491	493	2	
488	493	2	
490	495	-2	
73	76	-3	
74	76	2	
75	78	1	
75	79	3	
73	79	1	
275	276	-3	
273	278	-2	
272	279	-2	
27	30	-4	
27	91	1	
91	93	2	
24	88	2	
185	189	1	
186	190	-3	
184	190	2	
184	191	-3	
185	191	3	
258	260	3	
260	268	2	
262	270	-3	
432	436	-3	
433	436	1	
434	438	-3	
386	388	1	
387	391	-2	
3	6	3	
67	71	2	
64	71	-1	
0	64	2	
312	316	-2	
313	377	-2	
377	382	2	
376	382	3	
352	357	3	
354	357	-1	
354	418	1	
416	420	-2	
352	416	2	
96	100	-1	
100	108	-3	
105	108	1	
105	109	-2	
101	109	-2	
96	101	-3	
474	476	-2	
476	484	2	
483	486	2	
478	486	-1	
474	478	2	
234	237	-1	
234	298	1	
298	302	3	
296	302	3	
232	296	-1	
153	157	2	
154	218	2	
218	220	-4	
217	220	3	
153	217	-3	
35	36	2	
36	44	2	
42	46	-2	
38	46	-2	
35	38	1	
241	247	2	
241	305	3	
304	310	2	
240	304	1	
12	20	-1	
19	20	2	
19	22	-2	
14	22	1	
112	117	2	
121	125	3	
121	127	2	
322	325	3	
325	333	-1	
330	335	-3	
327	335	1	
322	327	2	
163	164	-3	
168	175	2	
167	175	3	
163	167	2	
290	292	-1	
291	294	2	
289	295	-2	
290	295	-3	
209	212	-2	
210	212	-2	
208	215	-2	
208	214	-3	
209	214	-2	
426	428	3	
428	436	1	
431	439	2	
82	84	1	
82	86	3	
81	86	2	
81	87	-1	
137	141	-2	
138	141	3	
139	142	-2	
137	142	-3	
449	453	-1	
450	453	-2	
450	455	2	
448	455	-2	
448	454	-1	
346	348	2	
347	351	3	
347	350	-1	
345	350	-2	
408	413	1	
409	413	3	
410	415	1	
506	508	-1	
506	511	3	
504	511	-2	
505	510	-3	
496	500	-4	
499	500	-2	
497	502	-2	
466	468	-2	
467	470	2	
441	444	-2	
443	445	-3	
440	447	2	
441	447	2	
297	300	-2	
299	363	2	
363	365	3	
297	361	2	
131	132	2	
131	135	2	
129	133	-1	
243	307	-2	
306	309	-2	
242	306	2	
456	461	2	
457	463	-3	
8	12	-2	
9	12	-2	
9	73	-2	
8	72	-1	
34	36	2	
34	98	3	
98	101	-1	
32	96	-3	
50	55	2	
51	55	2	
51	115	3	
115	116	-1	
114	116	-2	
353	356	-2	
355	419	1	
419	422	1	
353	417	-2	
1	4	-4	
2	4	-2	
66	70	1	
393	396	1	
401	404	2	
399	407	1	
370	372	1	
372	380	-3	
377	380	-2	
375	383	-2	
370	375	-1	
120	126	-1	
123	187	-1	
120	184	-1	
203	267	2	
202	266	-2	
16	21	3	
21	29	-1	
22	30	1	
16	22	1	
43	107	-3	
104	108	-2	
40	104	-2	
155	157	1	
157	165	1	
162	165	-2	
158	166	1	
170	173	1	
171	235	1	
234	239	-1	
170	234	2	
274	277	3	
277	285	-1	
279	287	-1	
427	428	3	
427	491	1	
488	494	-1	
249	252	2	
250	252	2	
250	314	1	
314	317	1	
313	317	2	
249	313	-2	
256	261	-2	
257	321	1	
321	326	3	
256	320	-1	
216	222	-4	
222	230	1	
224	230	1	
223	231	-1	
472	476	-1	
480	484	2	
480	487	-1	
472	479	-1	
177	182	1	
177	183	2	
169	175	1	
90	92	2	
145	148	-2	
144	149	-2	
386	390	-2	
385	391	2	
193	196	3	
194	199	2	
192	199	-1	
265	268	-3	
265	329	-1	
329	335	-1	
328	335	2	
264	328	2	
59	60	-2	
58	63	-2	
58	61	-3	
139	141	-1	
139	203	-2	
203	204	1	
136	200	-2	
107	110	1	
283	285	-1	
281	285	1	
371	435	2	
435	437	-1	
432	437	-2	
368	432	-1	
237	245	-1	
240	246	1	
232	238	1	
90	93	-1	
90	154	-1	
154	159	-1	
88	152	1	
74	77	2	
72	79	2	
72	78	-2	
337	343	1	
273	337	1	
426	490	1	
388	396	2	
390	398	2	
251	255	-1	
251	315	1	
315	316	3	
248	312	2	
290	354	-1	
353	359	1	
289	353	1	
402	405	1	
403	467	2	
402	466	-2	
322	324	2	
323	327	-2	
321	325	-2	
440	446	1	
376	440	1	
411	414	2	
475	477	-2	
409	473	-1	
3	4	2	
67	70	-2	
64	70	1	
114	117	1	
121	126	-3	
24	29	2	
29	37	-1	
31	39	-2	
24	31	2	
180	188	-1	
186	188	-2	
181	189	-2	
177	181	2	
17	20	-3	
19	83	1	
83	84	-1	
81	84	-1	
417	420	2	
481	486	-1	
417	481	2	
434	498	-2	
497	501	2	
433	497	1	
161	164	2	
163	227	1	
259	261	-1	
267	269	1	
361	364	2	
361	367	3	
97	100	-1	
98	100	1	
98	103	1	
99	102	1	
145	150	-2	
147	211	2	
145	209	-1	
242	247	-2	
305	308	-1	
418	421	3	
482	485	2	
416	480	2	
51	53	1	
48	54	2	
346	349	2	
352	358	3	
346	350	1	
297	301	-1	
296	303	-1	
297	303	-2	
505	509	-1	
507	510	2	
506	510	2	
505	511	-1	
401	406	2	
401	465	1	
464	471	-1	
400	464	-1	
155	156	1	
155	219	1	
195	199	2	
451	453	-2	
459	461	-1	
130	132	1	
130	134	2	
224	228	-1	
226	290	2	
224	288	-1	
18	23	-2	
80	86	2	
16	80	1	
272	336	-1	
115	119	2	
115	179	1	
179	182	-1	
112	176	1	
393	397	3	
169	172	1	
169	233	-2	
492	500	-1	
496	502	-1	
494	502	-1	
43	47	2	
105	111	1	
449	452	-1	
408	472	1	
165	173	1	
168	173	-2	
56	62	2	
59	123	1	
123	127	2	
379	383	3	
66	71	1	
265	270	1	
1	6	-1	
2	6	-2	
0	5	2	
425	430	-1	
425	429	-2	
424	429	3	
344	351	2	
136	143	2	
459	460	2	
457	462	1	
458	462	-2	
442	445	1	
442	447	2	
307	371	2	
371	373	-2	
306	370	-2	
109	117	1	
113	117	-1	
110	118	-1	
33	97	2	
405	413	-2	
407	415	-1	
249	254	1	
493	501	-1	
499	501	-2	
495	503	-1	
82	146	-1	
81	145	-1	
129	134	2	
26	30	-2	
44	52	1	
49	52	1	
45	53	1	
41	45	1	
227	291	1	
289	292	-1	
225	289	2	
235	236	2	
387	388	2	
392	399	-1	
391	399	-2	
276	284	-1	
281	286	-1	
278	286	-1	
185	188	2	
178	180	-1	
176	183	1	
9	13	2	
10	13	-1	
10	74	-1	
57	63	-1	
267	331	1	
160	166	-1	
241	246	1	
243	247	-1	
370	434	-1	
369	433	-2	
354	356	1	
481	484	1	
337	341	-1	
112	118	-1	
467	471	-1	
258	261	-1	
258	263	2	
256	262	-2	
201	204	1	
202	205	-2	
203	207	-2	
211	214	2	
144	208	2	
224	229	1	
40	46	-1	
46	54	-1	
47	55	1	
282	285	2	
344	348	1	
280	344	-1	
419	421	1	
418	422	-1	
288	293	1	
293	301	2	
294	302	2	
426	430	2	
430	438	1	
435	438	1	
384	389	-2	
386	389	2	
386	450	1	
384	448	1	
304	308	2	
273	276	2	
488	492	1	
489	494	-1	
491	495	2	
329	332	-2	
330	332	-1	
329	334	-2	
11	12	-1	
10	15	2	
217	221	1	
219	283	2	
217	281	1	
440	444	-1	
437	445	1	
88	92	1	
88	95	1	
107	109	1	
107	171	-2	
105	169	-1	
34	37	1	
404	412	2	
406	414	-1	
242	245	-1	
385	390	-1	
114	119	1	
465	468	-1	
468	476	1	
471	479	-1	
498	500	2	
235	238	2	
75	76	1	
72	136	1	
298	300	-1	
291	295	1	
123	124	-1	
120	125	2	
147	151	-1	
200	206	-2	
266	269	-2	
305	309	1	
309	317	-1	
312	318	-1	
341	349	-1	
343	351	1	
393	457	-1	
392	456	-1	
187	189	-1	
182	190	-1	
42	45	1	
66	130	-2	
65	129	-2	
483	487	2	
374	382	-1	
170	175	1	
27	28	-1	
249	255	1	
411	415	1	
408	414	-1	
114	178	1	
113	177	-1	
320	324	-1	
424	430	1	
210	213	-1	
74	138	1	
434	436	2	
438	446	-1	
368	375	-1	
304	368	2	
168	174	-1	
233	237	-1	
168	232	-1	
91	94	-1	
338	340	-1	
339	403	-1	
403	407	1	
338	402	1	
67	131	-1	
64	128	-1	
345	349	-1	
241	244	-1	
307	311	-1	
464	468	-1	
465	469	-1	
152	157	1	
192	198	-1	
456	460	-1	
458	463	1	
275	279	-1	
272	278	1	
40	44	1	
328	333	1	
330	334	-1	
314	316	-1	
48	112	1	
267	268	1	
474	477	1	
483	485	-1	
257	260	1	
259	262	1	
400	404	1	
89	93	1	
77	85	1	
79	87	1	
106	108	1	
433	439	-1	
32	39	-1	
146	210	1	
357	365	-1	
355	357	-1	
172	180	1	
427	431	-1	
424	431	-1	
426	429	-1	
473	478	-1	
394	396	1	
312	319	-1	
313	319	-1	
376	383	1	
432	496	1	
216	280	1	
106	111	1	
170	174	1	
306	311	1	
138	202	-1	
137	201	-1	
211	275	-1	
209	273	1	
Energy:	-1740	
