NumberOfQubits	504	
NumberOfSubgraphs	420	
Serial	206	
PlantedSolution:	
0	-1	
1	1	
2	1	
3	1	
4	1	
5	-1	
6	1	
8	-1	
9	1	
10	-1	
11	1	
12	1	
13	-1	
14	1	
15	-1	
16	1	
17	1	
18	1	
19	-1	
20	1	
21	-1	
22	-1	
23	-1	
24	-1	
25	-1	
26	1	
27	-1	
28	-1	
29	1	
30	1	
31	-1	
32	1	
33	1	
34	1	
35	-1	
36	-1	
37	1	
38	1	
39	-1	
40	1	
41	-1	
42	-1	
43	-1	
44	-1	
45	1	
46	-1	
47	-1	
48	-1	
49	1	
50	1	
51	1	
52	1	
53	1	
54	1	
55	1	
56	-1	
57	-1	
58	-1	
59	1	
60	1	
61	-1	
62	-1	
63	1	
64	1	
65	-1	
66	-1	
67	-1	
68	1	
69	1	
70	1	
71	1	
72	-1	
73	1	
74	1	
75	1	
76	-1	
77	1	
78	-1	
79	1	
80	-1	
81	-1	
82	1	
83	-1	
84	-1	
85	-1	
86	1	
87	1	
88	-1	
89	-1	
90	1	
91	-1	
92	-1	
93	-1	
94	1	
95	-1	
96	-1	
97	1	
98	-1	
99	-1	
100	-1	
101	-1	
102	-1	
103	1	
104	-1	
105	-1	
106	1	
107	1	
108	-1	
109	-1	
110	-1	
111	1	
112	1	
113	1	
114	-1	
115	1	
116	-1	
117	-1	
118	-1	
119	1	
120	-1	
121	1	
123	1	
124	1	
125	1	
126	1	
127	1	
128	1	
129	1	
130	-1	
131	-1	
132	1	
133	-1	
134	1	
135	-1	
136	1	
137	-1	
138	1	
139	1	
141	1	
142	-1	
143	-1	
144	-1	
145	1	
146	-1	
147	1	
148	-1	
149	-1	
150	1	
151	1	
152	1	
153	1	
154	-1	
155	1	
156	-1	
157	1	
158	1	
159	1	
160	1	
161	-1	
162	1	
163	-1	
164	-1	
165	-1	
166	1	
167	-1	
168	1	
169	1	
170	-1	
171	1	
172	1	
173	-1	
174	1	
175	-1	
176	1	
177	-1	
178	-1	
179	-1	
180	1	
181	1	
182	1	
183	1	
184	1	
185	1	
186	-1	
187	1	
188	-1	
189	-1	
190	1	
191	1	
192	1	
193	1	
194	-1	
195	-1	
196	-1	
197	1	
198	-1	
199	1	
200	-1	
201	1	
202	-1	
203	-1	
204	-1	
205	-1	
206	-1	
207	1	
208	-1	
209	-1	
210	1	
211	1	
212	-1	
213	1	
214	1	
215	1	
216	1	
217	1	
218	1	
219	1	
220	1	
221	-1	
222	1	
223	-1	
224	1	
225	1	
226	-1	
227	-1	
228	1	
229	-1	
230	1	
231	1	
232	1	
233	-1	
234	1	
235	1	
236	1	
237	-1	
238	1	
239	1	
240	1	
241	-1	
242	-1	
243	-1	
244	1	
245	-1	
246	1	
247	1	
248	1	
249	-1	
250	1	
251	-1	
252	1	
253	-1	
254	1	
255	-1	
256	-1	
257	-1	
258	-1	
259	1	
260	-1	
261	-1	
262	-1	
263	-1	
264	1	
265	-1	
266	1	
267	-1	
268	-1	
269	-1	
270	1	
271	1	
272	-1	
273	1	
274	1	
275	1	
276	-1	
277	-1	
278	-1	
279	-1	
280	-1	
281	-1	
282	1	
283	-1	
284	-1	
285	-1	
286	-1	
287	1	
288	-1	
289	1	
290	1	
291	-1	
292	1	
293	1	
294	1	
295	-1	
296	1	
297	-1	
298	-1	
299	1	
300	1	
301	-1	
302	-1	
303	-1	
304	1	
305	-1	
306	-1	
307	1	
308	1	
309	1	
310	1	
311	-1	
312	-1	
313	-1	
314	-1	
315	-1	
316	-1	
317	-1	
318	-1	
319	-1	
320	-1	
321	1	
322	-1	
323	-1	
324	1	
325	-1	
326	1	
327	-1	
328	1	
329	1	
330	-1	
331	-1	
332	1	
333	-1	
334	1	
335	1	
336	-1	
337	-1	
338	-1	
339	-1	
340	-1	
341	-1	
342	1	
343	-1	
344	1	
345	-1	
346	1	
347	-1	
348	-1	
349	1	
350	1	
351	-1	
352	1	
353	-1	
354	1	
355	-1	
356	1	
357	-1	
358	-1	
359	-1	
361	-1	
362	1	
363	1	
364	-1	
365	1	
367	-1	
368	-1	
369	-1	
370	1	
371	-1	
372	1	
373	-1	
374	-1	
375	1	
376	-1	
377	-1	
378	1	
379	1	
380	1	
382	-1	
383	1	
384	-1	
385	-1	
386	1	
387	1	
388	1	
389	-1	
390	-1	
391	1	
392	1	
393	1	
394	-1	
396	1	
397	-1	
398	1	
399	-1	
400	1	
401	1	
402	-1	
403	1	
404	-1	
405	-1	
406	-1	
407	-1	
408	-1	
409	-1	
410	-1	
411	1	
412	-1	
413	1	
414	1	
415	1	
416	-1	
417	1	
418	1	
419	1	
420	-1	
421	1	
422	-1	
424	-1	
425	-1	
426	-1	
427	1	
428	-1	
429	1	
430	1	
431	-1	
432	-1	
433	-1	
434	1	
435	1	
436	1	
437	1	
438	-1	
439	-1	
440	-1	
441	1	
442	-1	
443	-1	
444	1	
445	1	
446	-1	
447	1	
448	-1	
449	1	
450	1	
451	-1	
452	-1	
453	1	
454	1	
455	-1	
456	-1	
457	-1	
458	-1	
459	1	
460	-1	
461	1	
462	-1	
463	1	
464	-1	
465	1	
466	1	
467	1	
468	1	
469	-1	
470	-1	
471	-1	
472	1	
473	-1	
474	-1	
475	-1	
476	-1	
477	1	
478	1	
479	-1	
480	-1	
481	-1	
482	1	
483	1	
484	1	
485	1	
486	-1	
487	-1	
488	1	
489	1	
490	1	
491	1	
492	1	
493	1	
494	-1	
495	-1	
496	1	
497	1	
498	-1	
499	1	
500	-1	
501	1	
502	1	
503	1	
504	1	
505	1	
506	-1	
507	1	
508	-1	
509	1	
510	1	
511	-1	
Js:	
113	117	3	
114	117	-3	
114	118	1	
115	118	2	
115	119	-1	
113	119	-4	
322	324	-2	
324	332	-3	
328	332	-3	
328	333	4	
325	333	-2	
322	325	-3	
75	77	-1	
77	85	3	
81	85	-2	
81	86	-2	
78	86	3	
75	78	3	
216	223	2	
219	223	3	
219	283	-2	
283	287	2	
280	287	2	
216	280	2	
185	188	2	
187	188	4	
187	251	3	
251	253	-3	
249	253	2	
185	249	2	
40	45	-3	
45	53	-2	
51	53	-2	
51	54	1	
46	54	1	
40	46	4	
465	468	2	
466	468	-3	
466	469	3	
467	469	4	
467	470	3	
465	470	2	
362	364	4	
363	364	3	
363	367	3	
361	367	-3	
361	365	3	
362	365	-4	
472	478	3	
478	486	2	
481	486	-1	
481	487	-4	
479	487	-2	
472	479	2	
496	500	2	
499	500	2	
499	503	-4	
497	503	-2	
497	502	2	
496	502	-2	
425	429	3	
426	429	4	
426	490	4	
490	495	2	
489	495	2	
425	489	4	
289	294	-1	
291	294	3	
291	355	-1	
355	357	-2	
353	357	1	
289	353	1	
506	508	-2	
507	508	3	
507	509	-4	
505	509	-3	
505	511	3	
506	511	-3	
256	263	-4	
257	263	-1	
257	321	1	
321	326	2	
320	326	2	
256	320	-3	
241	244	2	
243	244	3	
243	245	-2	
242	245	4	
242	246	3	
241	246	4	
17	20	-3	
18	20	-4	
18	21	3	
19	21	-2	
19	22	3	
17	22	1	
24	28	-2	
27	28	-3	
27	30	2	
25	30	2	
25	29	-2	
24	29	2	
402	406	-3	
406	414	2	
411	414	1	
411	415	-4	
407	415	2	
402	407	-2	
331	334	4	
334	342	-1	
337	342	2	
337	343	-3	
335	343	-1	
331	335	1	
384	389	-3	
385	389	-3	
385	449	2	
449	453	-3	
448	453	-1	
384	448	-2	
202	204	-2	
204	212	-1	
209	212	-2	
209	214	3	
206	214	2	
202	206	1	
170	173	-2	
171	173	3	
171	174	1	
169	174	-3	
169	175	2	
170	175	-2	
56	60	2	
59	60	-2	
59	63	-3	
57	63	4	
57	62	-2	
56	62	2	
82	84	2	
83	84	-4	
83	147	1	
147	149	-2	
146	149	-3	
82	146	1	
264	268	2	
266	268	-2	
266	269	2	
267	269	-2	
267	270	2	
264	270	-2	
194	196	-2	
195	196	-3	
195	198	-3	
193	198	3	
193	197	2	
194	197	3	
176	181	-3	
181	189	1	
184	189	-1	
184	190	-2	
182	190	-2	
176	182	-2	
224	230	-3	
230	238	-1	
234	238	-2	
234	239	3	
231	239	-2	
224	231	-3	
427	428	2	
428	436	-2	
435	436	-3	
435	439	2	
431	439	-1	
427	431	2	
386	391	1	
387	391	-1	
387	451	3	
451	455	-3	
450	455	3	
386	450	-3	
304	308	-1	
305	308	3	
305	311	-2	
307	311	3	
307	310	-3	
304	310	1	
313	316	-4	
314	316	-2	
314	317	2	
312	317	-2	
312	318	-4	
313	318	-3	
296	300	2	
299	300	-3	
299	301	1	
297	301	-1	
297	303	-3	
296	303	3	
161	164	-1	
162	164	-2	
162	165	2	
163	165	-3	
163	166	2	
161	166	1	
32	38	-2	
34	38	-4	
34	98	3	
98	101	2	
96	101	-2	
32	96	1	
154	156	3	
155	156	2	
155	157	-2	
153	157	-3	
153	159	-3	
154	159	2	
344	348	3	
347	348	-3	
347	350	2	
345	350	-3	
345	349	1	
344	349	-3	
352	356	-2	
354	356	-3	
354	418	-1	
418	422	3	
416	422	-2	
352	416	-1	
393	396	-3	
394	396	-3	
394	399	-2	
392	399	2	
392	398	-3	
393	398	-2	
0	4	-3	
4	12	-2	
8	12	3	
8	14	4	
6	14	-1	
0	6	2	
403	404	4	
404	412	2	
410	412	-2	
410	413	2	
405	413	2	
403	405	2	
120	124	3	
121	124	-2	
121	125	-4	
123	125	-2	
123	127	-3	
120	127	-2	
129	132	-4	
130	132	1	
130	133	-2	
131	133	-3	
131	134	5	
129	134	1	
64	68	-3	
67	68	2	
67	71	3	
66	71	-1	
66	70	2	
64	70	-3	
218	220	-3	
220	228	-3	
227	228	3	
227	229	-2	
221	229	-1	
218	221	-3	
90	93	3	
91	93	-1	
91	94	2	
88	94	-2	
88	95	-1	
90	95	2	
272	276	-4	
275	276	3	
275	279	2	
274	279	1	
274	277	1	
272	277	2	
137	142	-2	
139	142	4	
139	203	3	
203	207	3	
201	207	-2	
137	201	3	
376	380	4	
377	380	3	
377	382	-3	
379	382	2	
379	383	-3	
376	383	-1	
457	460	-3	
458	460	-2	
458	463	-2	
456	463	1	
456	461	3	
457	461	4	
368	372	4	
371	372	3	
371	373	2	
369	373	-2	
369	374	-3	
368	374	-2	
104	108	-1	
107	108	1	
107	110	2	
106	110	-1	
106	111	-2	
104	111	3	
434	437	-2	
437	445	-3	
441	445	-3	
441	446	-2	
438	446	-1	
434	438	2	
35	36	-2	
36	44	-2	
42	44	1	
42	47	-5	
39	47	-2	
35	39	-2	
72	76	-2	
74	76	2	
74	138	-1	
138	143	3	
136	143	-1	
72	136	2	
483	484	-2	
484	492	-1	
491	492	-4	
491	493	-1	
485	493	1	
483	485	-3	
281	284	-2	
284	292	1	
288	292	3	
288	293	1	
285	293	-2	
281	285	-3	
168	172	-2	
172	180	-1	
177	180	-3	
177	183	2	
175	183	1	
168	175	2	
440	444	4	
442	444	3	
442	506	1	
506	510	3	
504	510	-3	
440	504	1	
258	260	3	
259	260	1	
259	262	3	
257	262	-4	
257	261	-2	
258	261	-4	
232	236	-2	
235	236	-3	
235	237	3	
233	237	-3	
233	238	2	
232	238	-3	
9	13	2	
10	13	-3	
10	14	-1	
11	14	-2	
11	15	4	
9	15	3	
473	476	-2	
475	476	-3	
475	479	-3	
474	479	-3	
474	477	3	
473	477	3	
208	212	-2	
211	212	3	
211	215	-2	
210	215	3	
210	213	-3	
208	213	3	
338	340	1	
339	340	-3	
339	343	-2	
336	343	-2	
336	341	-2	
338	341	-4	
80	87	-3	
81	87	1	
81	145	1	
145	150	-4	
144	150	3	
80	144	-1	
248	252	-4	
251	252	-2	
251	255	-2	
250	255	3	
250	254	-2	
248	254	-3	
48	52	3	
49	52	-2	
49	54	-2	
50	54	-2	
50	55	-4	
48	55	2	
89	92	-2	
92	100	-4	
99	100	-3	
99	102	-4	
94	102	3	
89	94	-2	
1	5	4	
2	5	4	
2	66	-3	
66	69	3	
65	69	3	
1	65	3	
16	21	2	
21	29	1	
26	29	-2	
26	31	2	
23	31	1	
16	23	2	
265	271	-3	
266	271	-2	
266	330	2	
330	335	4	
329	335	-3	
265	329	3	
417	420	4	
418	420	3	
419	422	2	
419	421	2	
417	421	-2	
33	37	-3	
34	37	1	
98	103	2	
97	103	-5	
33	97	-2	
152	158	-2	
158	166	-2	
160	166	-1	
160	167	3	
159	167	-1	
152	159	-2	
225	231	-2	
226	231	-2	
226	290	1	
290	295	2	
289	295	3	
225	289	-1	
128	135	-1	
130	135	-2	
130	194	-2	
194	199	3	
192	199	-2	
128	192	-4	
105	108	2	
108	116	-1	
112	116	3	
112	117	1	
109	117	-2	
105	109	-4	
280	286	-3	
282	286	1	
282	346	-1	
346	351	3	
344	351	1	
280	344	-1	
305	309	2	
306	309	3	
306	370	2	
370	375	-2	
369	375	1	
305	369	2	
488	493	-3	
493	501	-2	
498	501	4	
498	502	3	
494	502	2	
488	494	-3	
448	452	3	
452	460	-3	
459	460	2	
459	462	4	
454	462	3	
448	454	3	
400	404	2	
401	404	1	
401	465	-3	
465	471	-2	
464	471	-3	
400	464	3	
179	181	2	
179	243	-3	
243	247	-2	
240	247	-4	
176	240	-2	
322	327	-3	
323	327	-2	
323	387	1	
387	390	2	
386	390	2	
322	386	-2	
424	428	-2	
432	436	2	
432	438	-4	
430	438	1	
424	430	5	
433	437	3	
443	445	3	
443	447	3	
439	447	2	
433	439	-3	
136	141	-1	
138	141	3	
138	202	2	
202	205	-3	
200	205	-3	
136	200	2	
178	182	3	
186	190	2	
186	191	2	
183	191	-2	
178	183	-1	
314	319	-4	
315	319	-4	
315	379	2	
378	382	-3	
314	378	2	
217	220	-2	
218	222	2	
219	222	-2	
217	223	2	
480	484	2	
482	484	-2	
482	485	-4	
481	485	-2	
480	487	-2	
73	77	-2	
74	77	-3	
74	79	-3	
75	79	1	
73	78	2	
234	236	1	
235	299	-1	
299	302	2	
298	302	-3	
234	298	2	
354	357	4	
355	358	-3	
353	358	-3	
353	359	-1	
354	359	-1	
146	148	-3	
147	148	3	
147	151	-2	
145	151	1	
145	149	2	
56	61	-2	
58	61	-3	
58	63	2	
274	276	3	
274	278	4	
273	278	3	
273	279	3	
272	279	-3	
40	44	2	
41	44	-3	
41	45	-2	
43	45	2	
43	46	-3	
408	412	-2	
409	412	-3	
409	473	1	
472	477	-2	
408	472	1	
384	388	3	
388	396	-2	
393	397	3	
389	397	2	
3	6	-3	
3	67	2	
67	70	2	
0	64	2	
123	124	2	
123	126	-2	
121	126	-3	
120	125	2	
488	492	-1	
489	492	-2	
490	494	2	
282	284	3	
283	284	2	
281	287	2	
282	285	3	
88	93	-2	
90	154	-1	
154	158	3	
88	152	2	
9	12	-1	
10	12	4	
10	15	2	
11	13	2	
363	427	1	
425	431	-3	
361	425	-1	
240	245	3	
241	247	2	
227	230	2	
227	291	-1	
291	295	1	
288	295	-3	
224	288	1	
467	471	2	
464	470	-2	
466	470	-2	
256	260	1	
260	268	-1	
267	268	-3	
261	269	-1	
256	261	-1	
378	380	-1	
378	442	-1	
376	440	-2	
104	110	-3	
110	118	-2	
113	118	-3	
111	119	-1	
18	22	-1	
16	22	3	
17	23	3	
128	132	-3	
129	193	-3	
193	196	2	
192	196	2	
185	189	3	
186	189	-3	
186	250	2	
250	253	3	
337	341	3	
338	402	-1	
401	406	2	
337	401	1	
297	300	-3	
300	308	-1	
307	308	-2	
302	310	1	
297	302	-2	
457	463	3	
459	463	-2	
456	462	3	
25	28	-2	
27	31	-2	
24	31	-3	
24	30	2	
364	372	2	
370	372	1	
370	373	2	
365	373	3	
449	452	2	
450	452	-1	
451	453	2	
505	508	2	
504	509	3	
505	510	-2	
201	206	-1	
209	215	3	
207	215	-1	
52	60	-2	
59	61	2	
53	61	1	
49	53	3	
32	36	3	
35	37	3	
33	39	3	
32	39	-2	
346	349	1	
347	349	2	
347	411	2	
410	415	2	
346	410	3	
329	332	-1	
330	332	2	
330	333	-1	
331	333	-3	
329	334	2	
97	101	-1	
99	101	-2	
96	102	-3	
96	103	2	
80	85	-3	
82	85	2	
82	87	-3	
83	87	2	
83	86	-1	
80	86	2	
160	164	1	
164	172	2	
170	172	3	
165	173	-1	
160	165	-2	
51	55	-2	
51	115	-3	
115	116	2	
114	116	-2	
50	114	-2	
134	142	2	
139	143	-1	
135	143	-2	
131	135	-2	
350	358	1	
352	358	2	
352	359	3	
351	359	-1	
345	351	-3	
315	316	-2	
312	319	2	
313	317	-2	
497	500	2	
498	500	1	
496	501	-3	
496	503	-2	
168	174	-3	
169	233	2	
232	237	-1	
168	232	-1	
385	390	-2	
390	398	2	
391	399	-2	
385	391	2	
416	421	4	
419	483	-1	
483	486	3	
480	486	-2	
416	480	-3	
336	340	-2	
339	403	-2	
400	405	2	
336	400	2	
320	324	2	
323	324	1	
323	326	3	
321	327	2	
320	327	-1	
258	262	-1	
262	270	1	
265	270	2	
263	271	1	
258	263	-2	
161	167	-3	
162	167	2	
162	226	-1	
226	229	-3	
225	229	2	
161	225	2	
65	68	2	
68	76	1	
72	79	3	
71	79	-1	
65	71	-1	
298	301	-3	
301	309	1	
304	309	-2	
304	311	3	
303	311	1	
298	303	-2	
89	95	2	
91	95	-3	
91	155	3	
89	153	2	
41	47	-2	
42	106	-1	
106	109	2	
41	105	-3	
213	221	1	
217	221	1	
217	222	-3	
214	222	-2	
208	214	-2	
368	375	3	
371	375	2	
371	435	1	
435	438	2	
368	432	1	
2	4	1	
3	4	-3	
1	6	-2	
195	197	-2	
197	205	1	
200	206	-2	
198	206	-2	
180	188	1	
184	188	2	
184	191	-4	
377	383	2	
379	443	2	
441	447	-2	
377	441	-1	
211	275	-1	
275	278	2	
210	274	-1	
474	476	-1	
475	477	1	
473	478	-2	
474	478	2	
290	292	-2	
290	293	-3	
291	293	2	
288	294	2	
409	413	-2	
411	413	-2	
408	415	1	
408	414	3	
409	414	1	
250	252	-2	
249	255	-3	
249	254	4	
426	428	-1	
427	430	1	
424	429	1	
145	148	1	
144	151	-2	
137	141	3	
139	141	-2	
203	204	2	
201	204	3	
112	118	3	
118	126	1	
121	127	3	
119	127	-2	
112	119	-1	
370	374	2	
370	434	-1	
369	433	1	
392	397	3	
394	397	-1	
394	458	-1	
458	462	-2	
392	456	1	
353	356	2	
355	356	1	
355	419	2	
419	420	3	
353	417	-2	
264	269	-1	
269	277	-2	
273	277	3	
270	278	2	
178	181	2	
242	244	-1	
178	242	-2	
107	171	-2	
168	173	1	
104	168	-1	
88	92	-2	
98	100	-1	
93	101	-3	
500	508	2	
507	511	2	
503	511	2	
321	324	2	
321	325	2	
216	221	2	
219	221	2	
283	286	-3	
128	133	-2	
129	133	1	
193	199	-2	
156	164	-2	
163	164	-2	
19	23	-3	
19	83	-2	
81	84	3	
17	81	3	
309	317	1	
315	317	-1	
315	318	-1	
310	318	2	
306	310	-2	
9	14	-2	
9	73	-2	
72	78	-1	
8	72	1	
58	60	-2	
58	62	-3	
54	62	1	
48	54	3	
232	239	-2	
232	296	-1	
340	348	-2	
342	350	1	
339	342	3	
386	388	-2	
387	388	3	
451	454	1	
450	454	-2	
26	28	2	
28	36	-1	
34	36	2	
30	38	-1	
26	30	3	
400	407	1	
401	407	2	
464	468	1	
482	486	1	
486	494	-1	
491	494	-2	
491	495	1	
487	495	-1	
482	487	2	
187	191	1	
248	253	2	
184	248	-1	
441	444	-2	
442	447	-1	
442	446	-3	
440	446	-3	
225	228	-2	
226	230	2	
66	68	2	
67	69	2	
64	71	2	
43	44	-2	
43	107	2	
107	109	-2	
257	260	-2	
259	261	2	
27	29	2	
29	37	-1	
31	39	1	
348	356	-1	
349	357	1	
307	371	-1	
304	368	1	
425	430	1	
489	493	2	
424	488	2	
196	204	-1	
199	207	-2	
412	420	1	
414	422	1	
133	141	2	
397	405	1	
402	405	-2	
399	407	-2	
393	399	2	
114	178	-1	
177	182	3	
113	177	-1	
326	334	-1	
328	334	1	
328	335	-1	
327	335	2	
218	223	1	
218	282	1	
282	287	-1	
217	281	1	
42	45	1	
47	55	-1	
345	409	-2	
97	161	2	
96	160	-2	
171	175	2	
171	235	1	
235	239	-1	
233	239	2	
155	159	-2	
16	20	-2	
461	469	-1	
463	471	1	
338	343	1	
336	342	2	
468	476	1	
475	478	2	
470	478	1	
79	87	-1	
1	4	1	
5	13	-1	
293	301	1	
296	301	3	
296	302	1	
294	302	1	
290	294	2	
275	277	2	
435	499	1	
499	501	-1	
432	496	1	
434	439	1	
434	498	1	
433	497	1	
144	148	-2	
146	210	-1	
144	208	-1	
187	189	2	
185	190	2	
59	123	-1	
56	120	-1	
384	391	2	
378	383	-3	
376	382	-2	
202	266	-1	
264	271	-3	
200	264	1	
115	179	-1	
179	180	2	
176	180	-2	
112	176	-1	
90	92	2	
90	94	1	
417	481	-1	
481	484	2	
396	404	1	
403	406	1	
398	406	2	
394	398	3	
75	76	-2	
76	84	-1	
82	86	-2	
259	263	-2	
259	323	2	
323	325	-1	
320	325	-2	
216	220	2	
224	228	-1	
223	231	1	
265	268	-2	
267	331	-2	
427	429	-2	
427	491	2	
490	492	-1	
152	156	2	
157	165	-1	
152	157	-2	
289	292	-3	
292	300	-1	
295	303	-1	
130	134	-2	
131	195	-1	
194	198	-2	
306	308	2	
73	79	-1	
73	137	-1	
136	142	2	
107	111	1	
40	104	2	
147	150	-1	
147	211	-1	
145	209	-1	
106	108	2	
106	170	2	
169	172	-1	
105	169	1	
477	485	1	
65	70	1	
386	389	2	
25	31	-1	
32	37	-2	
33	38	2	
281	286	-2	
449	454	1	
455	463	1	
449	455	2	
8	13	-2	
233	236	-1	
234	237	2	
57	60	2	
59	62	2	
352	357	2	
354	358	-1	
355	359	-1	
443	444	1	
50	53	-1	
2	6	-2	
0	5	-1	
120	126	2	
451	452	1	
458	461	3	
453	461	-1	
141	149	-1	
146	151	1	
143	151	2	
137	143	-1	
371	374	-1	
374	382	-2	
375	383	-1	
162	166	-2	
166	174	-2	
167	175	1	
472	476	2	
476	484	1	
192	197	-2	
216	222	-2	
299	363	-1	
363	365	-2	
297	361	-1	
424	431	-2	
426	431	-2	
236	244	1	
238	246	-1	
200	204	1	
201	205	1	
202	207	1	
200	207	1	
266	270	1	
155	158	-2	
153	158	-1	
89	93	-1	
506	509	1	
501	509	-1	
497	501	-1	
409	415	1	
403	407	1	
392	396	-1	
408	413	2	
433	436	2	
434	436	-1	
432	439	1	
210	212	2	
211	213	-2	
211	214	-1	
289	293	1	
338	342	1	
347	351	-1	
346	350	-2	
344	350	1	
178	180	-1	
177	181	2	
161	165	-1	
225	230	-1	
160	224	-1	
418	421	-2	
417	422	-1	
114	119	1	
42	46	-2	
40	47	-1	
11	75	-1	
73	76	2	
267	271	1	
264	328	1	
467	468	-1	
466	471	2	
499	502	-2	
502	510	1	
27	91	1	
26	90	-1	
97	100	-1	
100	108	-1	
103	111	-1	
18	82	-2	
16	80	1	
244	252	-1	
247	255	2	
379	380	1	
443	446	-1	
356	364	1	
362	367	-2	
359	367	-1	
273	276	-1	
276	284	-1	
280	284	-1	
279	287	1	
148	156	-1	
149	157	-1	
144	149	-1	
321	385	1	
411	475	1	
410	474	1	
171	172	-1	
169	173	-1	
170	174	1	
35	38	-1	
203	206	2	
450	453	-1	
448	455	1	
57	61	2	
56	63	1	
50	52	-1	
51	52	-2	
115	117	1	
369	372	-1	
195	199	-1	
456	460	-2	
401	405	1	
465	469	-1	
464	469	-1	
435	437	1	
74	78	-1	
129	135	1	
25	89	-1	
24	88	-1	
215	223	-1	
280	285	-1	
286	294	1	
345	348	1	
343	351	-1	
98	102	-1	
99	163	1	
98	162	1	
176	183	-2	
179	183	2	
12	20	1	
14	22	2	
308	316	1	
312	316	1	
305	310	1	
186	188	1	
498	503	1	
495	503	-1	
488	495	1	
420	428	-1	
422	430	-1	
138	142	1	
142	150	1	
105	110	-2	
504	508	-1	
504	511	2	
48	53	1	
49	55	-1	
235	238	-1	
473	479	-2	
240	246	-1	
246	254	1	
492	500	1	
418	482	1	
480	485	1	
313	377	-1	
312	376	1	
67	131	-1	
66	130	-1	
490	493	-1	
154	157	1	
154	218	2	
153	217	-1	
72	77	-1	
224	229	-1	
229	237	-1	
332	340	1	
337	340	-1	
333	341	-1	
15	23	-1	
256	262	1	
113	116	1	
116	124	1	
146	150	1	
209	213	1	
307	309	-1	
306	311	-1	
283	285	1	
241	245	-1	
177	241	-1	
432	437	-1	
185	191	1	
442	445	-1	
344	408	-1	
48	112	-1	
226	228	1	
222	230	-1	
368	373	-1	
367	375	1	
11	12	1	
272	278	1	
507	510	-1	
43	47	1	
97	102	1	
483	487	-1	
329	333	1	
330	334	-1	
249	252	-1	
426	430	-1	
155	219	-1	
372	380	1	
Energy:	-1736	
