NumberOfQubits	504	
NumberOfSubgraphs	420	
Serial	496	
PlantedSolution:	
0	1	
1	-1	
2	1	
3	-1	
4	1	
5	1	
6	-1	
8	1	
9	1	
10	-1	
11	-1	
12	-1	
13	1	
14	-1	
15	1	
16	1	
17	1	
18	1	
19	1	
20	-1	
21	-1	
22	1	
23	-1	
24	1	
25	1	
26	-1	
27	-1	
28	-1	
29	1	
30	1	
31	1	
32	1	
33	1	
34	1	
35	-1	
36	1	
37	1	
38	1	
39	-1	
40	-1	
41	1	
42	-1	
43	-1	
44	1	
45	-1	
46	-1	
47	-1	
48	-1	
49	-1	
50	-1	
51	-1	
52	-1	
53	1	
54	1	
55	-1	
56	1	
57	1	
58	-1	
59	1	
60	-1	
61	1	
62	-1	
63	1	
64	1	
65	1	
66	-1	
67	-1	
68	-1	
69	1	
70	1	
71	1	
72	-1	
73	1	
74	-1	
75	1	
76	-1	
77	1	
78	-1	
79	-1	
80	-1	
81	1	
82	1	
83	-1	
84	1	
85	-1	
86	-1	
87	-1	
88	1	
89	1	
90	1	
91	1	
92	1	
93	-1	
94	1	
95	1	
96	-1	
97	-1	
98	-1	
99	-1	
100	1	
101	1	
102	-1	
103	1	
104	-1	
105	-1	
106	-1	
107	-1	
108	1	
109	1	
110	-1	
111	-1	
112	-1	
113	-1	
114	-1	
115	1	
116	-1	
117	1	
118	1	
119	-1	
120	-1	
121	1	
123	1	
124	-1	
125	-1	
126	1	
127	1	
128	1	
129	1	
130	1	
131	1	
132	1	
133	-1	
134	-1	
135	1	
136	1	
137	-1	
138	-1	
139	-1	
141	1	
142	1	
143	-1	
144	1	
145	1	
146	-1	
147	1	
148	-1	
149	1	
150	-1	
151	1	
152	-1	
153	-1	
154	-1	
155	1	
156	1	
157	1	
158	1	
159	1	
160	-1	
161	-1	
162	1	
163	-1	
164	1	
165	-1	
166	-1	
167	1	
168	1	
169	-1	
170	1	
171	-1	
172	-1	
173	-1	
174	1	
175	-1	
176	1	
177	1	
178	-1	
179	1	
180	1	
181	1	
182	1	
183	-1	
184	1	
185	1	
186	1	
187	-1	
188	1	
189	1	
190	1	
191	1	
192	-1	
193	1	
194	-1	
195	1	
196	1	
197	1	
198	-1	
199	-1	
200	1	
201	1	
202	1	
203	-1	
204	-1	
205	1	
206	-1	
207	1	
208	1	
209	1	
210	1	
211	1	
212	-1	
213	1	
214	1	
215	1	
216	-1	
217	-1	
218	1	
219	1	
220	-1	
221	1	
222	-1	
223	-1	
224	1	
225	-1	
226	-1	
227	1	
228	1	
229	1	
230	-1	
231	1	
232	1	
233	1	
234	-1	
235	1	
236	1	
237	1	
238	1	
239	-1	
240	1	
241	1	
242	1	
243	-1	
244	1	
245	1	
246	-1	
247	1	
248	1	
249	-1	
250	-1	
251	1	
252	1	
253	-1	
254	-1	
255	-1	
256	1	
257	1	
258	-1	
259	-1	
260	1	
261	-1	
262	-1	
263	1	
264	-1	
265	1	
266	1	
267	-1	
268	1	
269	-1	
270	-1	
271	1	
272	-1	
273	1	
274	1	
275	1	
276	-1	
277	1	
278	1	
279	-1	
280	1	
281	1	
282	-1	
283	1	
284	-1	
285	-1	
286	1	
287	-1	
288	1	
289	1	
290	-1	
291	-1	
292	1	
293	1	
294	1	
295	1	
296	-1	
297	-1	
298	-1	
299	-1	
300	1	
301	1	
302	1	
303	-1	
304	1	
305	1	
306	1	
307	-1	
308	-1	
309	-1	
310	-1	
311	1	
312	-1	
313	-1	
314	-1	
315	1	
316	-1	
317	-1	
318	-1	
319	-1	
320	1	
321	1	
322	-1	
323	1	
324	-1	
325	-1	
326	-1	
327	-1	
328	-1	
329	-1	
330	1	
331	-1	
332	-1	
333	1	
334	1	
335	-1	
336	-1	
337	-1	
338	1	
339	-1	
340	-1	
341	-1	
342	1	
343	-1	
344	-1	
345	-1	
346	-1	
347	1	
348	-1	
349	-1	
350	1	
351	-1	
352	-1	
353	1	
354	-1	
355	-1	
356	1	
357	1	
358	-1	
359	1	
361	1	
362	1	
363	1	
364	1	
365	1	
367	-1	
368	-1	
369	-1	
370	-1	
371	1	
372	-1	
373	-1	
374	1	
375	1	
376	-1	
377	-1	
378	1	
379	-1	
380	-1	
382	-1	
383	1	
384	1	
385	1	
386	1	
387	-1	
388	1	
389	-1	
390	1	
391	-1	
392	1	
393	-1	
394	1	
396	-1	
397	-1	
398	-1	
399	1	
400	1	
401	1	
402	-1	
403	1	
404	1	
405	-1	
406	-1	
407	1	
408	-1	
409	1	
410	1	
411	1	
412	1	
413	1	
414	1	
415	1	
416	-1	
417	-1	
418	1	
419	1	
420	-1	
421	-1	
422	-1	
424	-1	
425	1	
426	-1	
427	1	
428	-1	
429	1	
430	1	
431	1	
432	-1	
433	-1	
434	-1	
435	-1	
436	1	
437	-1	
438	-1	
439	1	
440	1	
441	-1	
442	1	
443	1	
444	-1	
445	-1	
446	-1	
447	1	
448	1	
449	1	
450	1	
451	1	
452	1	
453	-1	
454	-1	
455	-1	
456	1	
457	-1	
458	1	
459	-1	
460	-1	
461	-1	
462	-1	
463	-1	
464	-1	
465	1	
466	1	
467	1	
468	1	
469	-1	
470	-1	
471	-1	
472	1	
473	1	
474	-1	
475	-1	
476	1	
477	-1	
478	-1	
479	1	
480	-1	
481	-1	
482	1	
483	-1	
484	-1	
485	1	
486	1	
487	1	
488	1	
489	-1	
490	-1	
491	-1	
492	-1	
493	-1	
494	-1	
495	1	
496	1	
497	-1	
498	1	
499	1	
500	-1	
501	1	
502	-1	
503	1	
504	1	
505	-1	
506	-1	
507	-1	
508	1	
509	-1	
510	-1	
511	-1	
Js:	
401	407	-3	
403	407	-2	
403	467	1	
467	468	-5	
465	468	-2	
401	465	-2	
224	231	2	
225	231	3	
225	289	1	
289	292	-3	
288	292	-3	
224	288	-1	
314	318	-4	
315	318	2	
315	379	4	
379	380	2	
378	380	4	
314	378	3	
136	143	3	
137	143	-3	
137	201	2	
201	205	-2	
200	205	-3	
136	200	1	
73	77	-3	
77	85	3	
80	85	-2	
80	86	-1	
78	86	-2	
73	78	-1	
481	484	3	
482	484	3	
482	487	-2	
480	487	1	
480	486	3	
481	486	2	
128	133	4	
130	133	2	
130	194	1	
194	196	1	
192	196	4	
128	192	-1	
24	28	-3	
27	28	-2	
27	29	3	
26	29	2	
26	30	4	
24	30	-3	
449	452	-2	
450	452	-1	
450	454	3	
448	454	2	
448	453	-3	
449	453	3	
104	110	-2	
110	118	-1	
112	118	2	
112	119	-3	
111	119	-1	
104	111	-2	
296	300	2	
299	300	3	
299	303	-2	
298	303	-2	
298	302	3	
296	302	-2	
338	340	-2	
340	348	-2	
345	348	-1	
345	351	-2	
343	351	-4	
338	343	1	
48	52	-2	
51	52	-2	
51	54	2	
49	54	3	
49	53	3	
48	53	4	
105	108	2	
106	108	-2	
106	170	2	
170	172	3	
169	172	-3	
105	169	-2	
409	412	-2	
411	412	-2	
411	415	2	
408	415	2	
408	414	2	
409	414	-2	
488	493	4	
490	493	-1	
490	494	-2	
489	494	2	
489	495	3	
488	495	-2	
65	68	3	
66	68	-2	
66	71	4	
64	71	-2	
64	69	-3	
65	69	4	
209	213	-3	
210	213	-2	
210	274	-2	
274	278	-2	
273	278	-2	
209	273	-2	
369	372	-3	
370	372	1	
370	374	3	
371	374	-2	
371	375	-2	
369	375	3	
33	36	-4	
34	36	-3	
34	38	3	
32	38	-2	
32	39	2	
33	39	1	
226	229	4	
229	237	-2	
233	237	-2	
233	238	-3	
230	238	-1	
226	230	-2	
56	60	-3	
57	60	3	
57	121	-2	
121	125	3	
120	125	-3	
56	120	1	
8	12	3	
11	12	-2	
11	15	3	
10	15	-3	
10	14	-2	
8	14	2	
41	44	-3	
43	44	4	
43	45	1	
42	45	-3	
42	46	-4	
41	46	1	
177	180	-2	
180	188	-2	
187	188	2	
187	191	3	
183	191	-1	
177	183	4	
497	500	-3	
499	500	4	
499	501	-3	
498	501	-2	
498	503	-3	
497	503	2	
361	367	3	
362	367	3	
362	426	3	
426	430	1	
425	430	1	
361	425	-3	
256	263	-2	
259	263	4	
259	323	3	
323	326	2	
320	326	4	
256	320	2	
328	332	-3	
331	332	-4	
331	333	3	
330	333	-2	
330	335	3	
328	335	1	
457	461	2	
458	461	3	
458	462	3	
456	462	2	
456	463	2	
457	463	-1	
441	444	-3	
443	444	2	
443	446	4	
442	446	-3	
442	447	-2	
441	447	3	
418	420	4	
420	428	1	
424	428	-3	
424	429	3	
421	429	1	
418	421	3	
129	132	-2	
131	132	-4	
131	195	1	
195	199	2	
193	199	4	
129	193	-1	
248	252	-3	
250	252	2	
250	254	2	
251	254	1	
251	253	3	
248	253	2	
176	182	-4	
179	182	1	
179	243	1	
243	247	2	
240	247	-4	
176	240	-1	
160	164	3	
162	164	-3	
162	166	2	
161	166	2	
161	167	3	
160	167	3	
280	286	-2	
282	286	2	
282	346	-3	
346	350	2	
344	350	-2	
280	344	2	
152	156	-2	
155	156	-2	
155	159	-3	
153	159	3	
153	158	2	
152	158	3	
264	268	5	
265	268	2	
265	269	3	
267	269	-3	
267	271	2	
264	271	1	
354	356	3	
356	364	-2	
363	364	-4	
363	365	2	
357	365	-2	
354	357	1	
504	508	3	
505	508	3	
505	509	-3	
506	509	-3	
506	510	-2	
504	510	1	
304	308	3	
308	316	-3	
313	316	-1	
313	319	-1	
311	319	-2	
304	311	-3	
18	20	3	
19	20	1	
19	21	3	
17	21	3	
17	22	-4	
18	22	3	
384	388	-1	
387	388	4	
387	389	-2	
386	389	2	
386	391	-3	
384	391	2	
216	220	-3	
218	220	1	
218	223	2	
217	223	-2	
217	222	3	
216	222	-2	
434	437	-2	
435	437	-3	
435	439	3	
433	439	2	
433	438	3	
434	438	-3	
473	477	3	
475	477	-3	
475	478	-1	
472	478	-5	
472	479	-3	
473	479	-1	
91	93	4	
93	101	1	
99	101	1	
99	102	-1	
94	102	2	
91	94	2	
82	84	3	
84	92	-1	
89	92	-3	
89	95	-2	
87	95	1	
82	87	1	
144	149	-3	
147	149	-2	
147	211	-2	
211	214	2	
208	214	-3	
144	208	-2	
393	396	-2	
394	396	2	
394	398	2	
392	398	3	
392	399	-1	
393	399	-4	
241	246	1	
242	246	1	
242	306	-2	
306	310	2	
305	310	3	
241	305	3	
257	260	1	
258	260	2	
258	322	-3	
322	324	-3	
321	324	4	
257	321	-2	
275	277	-2	
277	285	1	
281	285	-3	
281	287	2	
279	287	-2	
275	279	4	
1	4	4	
2	4	3	
2	6	3	
0	6	2	
0	5	-2	
1	5	4	
352	358	-4	
353	358	2	
353	417	3	
417	422	-3	
416	422	-2	
352	416	1	
400	406	3	
402	406	-3	
402	466	-2	
466	471	3	
464	471	-2	
400	464	1	
138	142	-3	
139	142	4	
139	203	-1	
203	204	-1	
202	204	4	
138	202	2	
168	173	1	
171	173	-2	
171	235	-1	
235	239	3	
232	239	3	
168	232	-2	
58	61	3	
59	61	-3	
59	63	-1	
56	63	-3	
56	62	2	
58	62	3	
272	276	-3	
273	276	2	
273	337	2	
337	342	2	
336	342	3	
272	336	-3	
96	100	3	
97	100	4	
97	103	1	
98	103	3	
98	101	2	
96	101	-1	
114	116	-2	
115	116	3	
115	117	-3	
113	117	2	
113	119	-2	
114	119	-2	
185	189	3	
186	189	-2	
186	250	3	
250	255	-4	
249	255	-3	
185	249	2	
74	76	1	
75	76	4	
75	79	4	
72	79	-3	
72	78	-3	
74	78	-2	
291	293	3	
293	301	-2	
297	301	3	
297	303	-2	
295	303	2	
291	295	2	
145	148	3	
147	148	-1	
147	150	2	
146	150	-3	
146	151	2	
145	151	-3	
376	382	-3	
377	382	-4	
377	441	-1	
441	445	-2	
440	445	4	
376	440	-1	
121	124	2	
123	124	3	
123	127	-3	
120	127	2	
120	126	5	
121	126	1	
257	261	3	
261	269	2	
266	269	2	
266	270	1	
262	270	-3	
257	262	3	
403	404	-4	
404	412	-1	
410	412	-2	
410	413	-3	
405	413	1	
403	405	-2	
451	452	-1	
452	460	2	
459	460	-3	
459	463	-3	
455	463	2	
451	455	4	
290	294	3	
291	294	1	
291	355	-3	
355	359	-2	
354	359	3	
290	354	-2	
88	94	-2	
90	94	-3	
90	154	1	
154	157	-2	
152	157	2	
88	152	1	
16	20	3	
20	28	-2	
25	28	3	
25	31	-2	
23	31	-1	
16	23	2	
368	373	-3	
370	373	-2	
370	434	-2	
434	436	1	
432	436	3	
368	432	2	
218	221	-2	
219	221	-3	
219	283	-2	
283	284	-1	
282	284	-3	
218	282	1	
161	165	-3	
163	165	-2	
163	227	2	
227	228	1	
225	228	2	
161	225	-2	
178	181	3	
181	189	-2	
184	189	-2	
184	190	-2	
182	190	1	
178	182	3	
425	431	-3	
427	431	-3	
427	491	1	
491	492	-2	
489	492	-2	
425	489	-1	
496	502	4	
502	510	-3	
507	510	-2	
507	511	-4	
503	511	3	
496	503	2	
307	308	-2	
312	316	-3	
312	317	-2	
309	317	-2	
307	309	-4	
40	44	2	
44	52	-1	
50	52	-3	
50	55	-3	
47	55	-1	
40	47	-4	
339	341	-2	
341	349	-2	
347	349	3	
347	350	2	
342	350	-2	
339	342	3	
234	236	3	
236	244	-1	
243	244	2	
243	245	2	
237	245	-3	
234	237	-2	
474	476	4	
476	484	-3	
483	484	-2	
483	485	2	
477	485	2	
474	477	-2	
200	206	2	
206	214	2	
208	215	1	
207	215	-3	
200	207	-2	
385	389	2	
389	397	-2	
392	397	3	
390	398	2	
385	390	-4	
326	334	3	
329	334	3	
329	335	-2	
327	335	-3	
320	327	-1	
3	5	3	
3	67	2	
67	70	2	
64	70	-3	
0	64	-2	
104	109	3	
107	109	2	
107	171	-1	
171	175	-2	
168	175	3	
104	168	-1	
19	22	-3	
19	83	3	
83	84	-1	
81	84	-2	
17	81	-1	
128	132	1	
130	132	-3	
130	134	2	
129	134	3	
129	135	-2	
128	135	-4	
464	469	-2	
466	469	2	
465	471	3	
465	470	2	
464	470	-4	
194	197	2	
197	205	-2	
203	205	3	
203	206	-2	
198	206	1	
194	198	-3	
8	13	-1	
9	13	3	
9	14	3	
11	14	-2	
8	15	-1	
34	37	-2	
35	37	1	
35	99	2	
99	103	3	
34	98	2	
419	422	2	
419	483	3	
483	487	3	
481	487	2	
417	481	-2	
313	317	-4	
315	317	2	
379	383	-2	
377	383	2	
313	377	-2	
131	133	1	
133	141	-2	
136	141	-3	
136	142	-2	
134	142	2	
131	134	2	
258	263	2	
323	325	-2	
322	325	-3	
210	212	3	
211	212	2	
211	275	-2	
274	279	-1	
162	165	2	
165	173	3	
169	173	-3	
169	174	2	
166	174	2	
187	190	3	
187	251	-2	
251	252	-3	
184	248	-3	
112	116	-2	
115	118	-1	
113	118	-1	
112	117	2	
337	340	-2	
344	348	-3	
344	351	1	
337	343	-2	
432	439	2	
435	499	2	
496	500	-1	
432	496	2	
32	37	-3	
37	45	2	
41	45	3	
41	47	-2	
39	47	-2	
307	310	-2	
307	371	1	
369	374	1	
305	369	-1	
54	62	2	
58	63	2	
55	63	1	
51	55	-3	
408	413	1	
410	474	1	
474	478	-1	
408	472	2	
488	492	2	
490	492	-3	
490	495	2	
491	495	2	
491	494	-3	
488	494	-2	
280	284	3	
284	292	1	
290	292	1	
290	295	3	
287	295	-1	
280	287	2	
220	228	3	
226	228	2	
221	229	1	
216	221	3	
178	183	-2	
178	242	-1	
242	244	-3	
241	244	-3	
177	241	-1	
240	245	-2	
245	253	-2	
249	253	-2	
249	254	-4	
246	254	-2	
240	246	2	
73	76	2	
75	139	3	
139	141	2	
137	141	-2	
73	137	2	
82	85	-2	
82	86	1	
83	86	-2	
83	87	-2	
80	87	-2	
443	507	1	
507	509	-1	
442	506	2	
233	236	-3	
234	238	2	
235	238	2	
233	239	2	
331	334	2	
329	333	-1	
328	333	3	
88	92	-3	
89	93	3	
90	93	-2	
90	95	-2	
88	95	-2	
400	404	-1	
401	404	-2	
402	407	1	
402	405	-2	
400	405	-2	
394	399	-3	
394	458	-1	
457	462	-3	
393	457	-2	
107	108	3	
107	111	-1	
105	111	-3	
105	110	-2	
106	110	-2	
449	454	2	
451	454	2	
448	455	1	
24	29	-1	
25	29	-3	
25	30	-1	
26	31	-2	
24	31	-1	
416	420	1	
418	482	-2	
482	486	-1	
416	480	-3	
144	148	1	
148	156	-2	
151	159	-1	
144	151	-2	
426	429	2	
427	429	-2	
427	430	-3	
424	430	1	
424	431	-1	
426	431	2	
299	301	1	
298	301	2	
353	357	2	
362	365	-3	
359	367	2	
353	359	-2	
67	68	-1	
67	71	2	
66	69	2	
385	388	-1	
386	388	-3	
384	390	-3	
268	276	1	
272	278	2	
270	278	2	
264	270	2	
219	223	2	
283	285	2	
217	281	1	
195	196	-4	
195	197	-2	
193	197	-3	
192	199	1	
163	164	3	
227	231	-4	
160	224	1	
460	468	1	
467	469	2	
461	469	1	
459	461	-1	
145	149	1	
149	157	-1	
153	157	3	
150	158	2	
145	150	2	
411	414	-2	
411	475	2	
475	476	-1	
473	476	-2	
409	473	-3	
312	318	-1	
376	380	-2	
312	376	1	
204	212	2	
209	212	1	
209	215	-3	
202	207	-2	
433	436	2	
436	444	1	
440	444	3	
437	445	-1	
433	437	1	
32	36	1	
33	97	2	
32	96	2	
288	293	-2	
355	358	2	
288	352	1	
179	180	-3	
186	188	-3	
179	181	-2	
52	60	1	
59	60	3	
53	61	-2	
10	12	-2	
10	74	1	
74	77	3	
72	77	1	
8	72	1	
361	364	-2	
364	372	1	
368	372	3	
365	373	1	
361	365	-2	
3	6	-3	
13	21	2	
16	21	2	
15	23	2	
9	15	-1	
266	271	-3	
267	331	-2	
266	330	-3	
171	172	-1	
171	174	-1	
168	174	-2	
170	175	2	
42	44	-1	
43	46	-3	
40	46	-3	
42	47	-1	
256	260	2	
258	262	-1	
256	261	3	
347	351	3	
339	343	2	
500	508	1	
504	509	4	
501	509	1	
497	501	3	
304	309	1	
307	311	1	
306	311	2	
304	310	2	
121	127	-1	
123	187	1	
185	191	1	
121	185	-1	
323	327	2	
321	327	3	
498	502	2	
505	510	-2	
505	511	1	
27	30	-1	
30	38	-2	
35	38	2	
35	39	-3	
31	39	2	
27	31	2	
280	285	-1	
285	293	1	
289	293	-1	
289	294	-4	
286	294	-1	
416	421	-3	
419	421	-2	
480	485	2	
345	350	1	
346	410	2	
410	415	1	
409	415	-2	
345	409	1	
138	143	-2	
201	204	2	
116	124	-2	
120	124	1	
118	126	-3	
114	118	2	
338	342	-2	
338	402	1	
336	400	-1	
374	382	-1	
376	383	3	
375	383	-2	
370	375	2	
388	396	-1	
394	397	2	
81	85	-2	
81	87	2	
79	87	-2	
73	79	1	
217	220	-1	
222	230	-2	
97	101	2	
101	109	-3	
102	110	-2	
97	102	1	
146	148	-3	
154	156	1	
154	158	2	
470	478	-1	
471	479	1	
50	54	-2	
50	114	-2	
49	113	-2	
243	246	3	
247	255	1	
269	277	-2	
274	277	-3	
265	270	1	
427	428	1	
428	436	2	
432	438	1	
430	438	2	
232	236	-1	
233	297	2	
296	301	-2	
232	296	1	
363	367	2	
450	453	2	
453	461	-1	
456	461	4	
450	455	2	
67	131	2	
131	135	2	
64	128	-1	
163	166	1	
160	166	-3	
162	167	-2	
314	316	1	
315	319	2	
312	319	-3	
176	181	1	
177	181	-3	
18	23	2	
17	23	1	
59	62	2	
57	63	-3	
489	493	-2	
442	444	-1	
442	445	2	
440	447	-2	
208	213	-1	
210	215	2	
209	214	-1	
193	198	1	
192	198	2	
474	479	2	
475	479	-1	
224	229	-3	
225	229	2	
227	230	3	
224	230	-2	
184	191	-1	
186	191	-2	
248	255	-1	
401	406	-1	
406	414	1	
407	415	-1	
74	79	-1	
74	138	-2	
355	419	2	
419	420	1	
417	420	-2	
106	111	1	
170	174	-2	
372	380	1	
378	383	-3	
324	332	1	
330	332	2	
434	498	-1	
115	179	-1	
176	180	-1	
112	176	-1	
466	468	-1	
466	470	-2	
81	86	2	
83	147	1	
147	151	2	
81	145	-1	
275	276	1	
275	339	1	
339	340	1	
298	300	2	
300	308	1	
303	311	-1	
66	130	2	
65	129	-1	
9	12	2	
11	13	2	
10	13	2	
40	45	-1	
38	46	1	
155	157	-2	
155	219	2	
152	216	-1	
393	398	-1	
391	399	1	
385	391	1	
282	287	1	
346	349	-2	
345	349	-1	
281	345	2	
232	237	-2	
239	247	-1	
259	260	3	
260	268	-2	
265	271	-2	
263	271	-1	
448	452	2	
457	460	-2	
454	462	-1	
426	428	2	
425	429	-1	
27	91	2	
91	92	-2	
24	88	-2	
481	485	1	
485	493	-1	
491	493	-2	
486	494	1	
18	82	-2	
80	84	2	
16	80	2	
288	295	1	
98	100	1	
99	100	1	
96	103	-2	
96	102	-2	
98	102	-2	
392	396	2	
396	404	1	
397	405	-2	
201	207	-2	
203	207	-2	
306	309	2	
305	309	1	
438	446	-1	
443	447	-2	
439	447	-1	
49	52	1	
51	53	1	
272	277	2	
274	338	-2	
338	341	2	
336	341	1	
507	508	2	
504	511	-2	
167	175	2	
0	4	-2	
2	5	-3	
135	143	2	
57	61	1	
59	123	-1	
123	125	1	
412	420	1	
413	421	3	
411	413	2	
235	299	2	
299	302	2	
297	302	2	
68	76	-1	
72	76	1	
70	78	2	
65	70	-2	
320	325	2	
325	333	1	
328	334	-2	
154	159	2	
154	218	2	
218	222	2	
153	217	-1	
347	348	1	
348	356	2	
352	356	2	
352	357	-1	
349	357	1	
379	382	-2	
208	212	-1	
43	107	-2	
106	109	-2	
42	106	-1	
387	391	-1	
387	451	2	
386	450	-2	
267	270	-1	
256	262	2	
28	36	-1	
33	37	-3	
29	37	-1	
185	190	-2	
249	252	1	
369	373	-1	
371	373	3	
368	375	1	
193	196	-1	
195	198	1	
194	199	2	
283	286	-2	
283	287	2	
498	500	-2	
496	501	-1	
480	484	-1	
482	485	-2	
456	460	-1	
459	462	-3	
168	172	-1	
170	234	1	
232	238	-1	
114	117	2	
117	125	-1	
385	449	-2	
384	448	-2	
211	213	-2	
273	279	-2	
41	105	-1	
184	188	-2	
250	253	1	
265	329	-2	
119	127	-2	
48	54	1	
350	358	1	
4	12	1	
6	14	1	
1	6	-1	
82	146	1	
146	149	1	
80	144	1	
506	508	-1	
441	505	-1	
305	308	1	
305	311	-1	
223	231	2	
418	422	1	
414	422	2	
410	414	1	
203	267	-1	
267	268	1	
200	264	-1	
95	103	-1	
434	439	-1	
431	439	-1	
322	327	1	
321	326	1	
402	404	-1	
400	407	-2	
435	436	-1	
429	437	1	
478	486	1	
483	486	2	
479	487	-2	
179	183	-2	
176	183	2	
242	247	-1	
152	159	1	
212	220	-1	
219	220	1	
215	223	1	
297	300	1	
296	303	-1	
464	468	1	
467	471	1	
11	75	1	
9	73	-1	
290	293	-1	
194	258	-1	
258	261	-1	
192	256	1	
337	341	-1	
377	380	1	
313	318	2	
310	318	-1	
283	347	-1	
355	357	1	
100	108	1	
104	108	2	
506	511	-2	
224	228	-1	
228	236	-1	
235	236	-1	
235	237	1	
25	89	1	
257	263	-1	
323	324	-1	
329	332	-2	
56	61	-1	
371	372	1	
368	374	1	
200	204	-1	
202	206	1	
201	206	2	
276	284	-1	
281	284	1	
281	286	1	
278	286	-2	
35	36	2	
49	55	-1	
51	115	-2	
113	116	-1	
244	252	-1	
241	245	-1	
71	79	-1	
172	180	-1	
173	181	1	
458	460	-1	
458	463	2	
128	134	-1	
129	133	1	
162	226	-1	
234	239	-1	
234	298	1	
425	428	1	
344	349	1	
408	412	2	
344	408	-1	
213	221	-1	
214	222	1	
26	90	1	
90	92	1	
19	23	2	
401	405	1	
465	469	1	
384	389	2	
336	340	-1	
123	126	1	
3	4	2	
314	319	-2	
433	497	1	
497	502	-1	
259	262	-1	
492	500	1	
499	503	-1	
495	503	-1	
107	110	1	
192	197	-1	
248	254	-1	
64	68	1	
66	70	1	
16	22	1	
153	156	1	
155	158	-1	
174	182	1	
175	183	-1	
48	55	-1	
393	397	-1	
392	456	-1	
271	279	1	
137	142	-1	
362	364	-1	
363	427	2	
346	348	1	
451	453	-1	
449	455	1	
205	213	-1	
216	223	1	
241	247	-1	
240	304	-1	
339	403	-1	
337	401	1	
164	172	1	
76	84	-1	
331	335	1	
369	433	-1	
89	94	-1	
185	188	-1	
187	189	1	
467	470	-1	
238	246	1	
443	445	-1	
473	478	1	
36	44	1	
144	150	-1	
294	302	-1	
289	295	1	
57	62	1	
387	390	-1	
26	28	1	
210	214	-1	
353	356	-1	
354	358	1	
352	359	1	
320	324	1	
371	435	1	
399	407	-1	
291	292	1	
292	300	1	
138	141	1	
266	268	-1	
264	328	1	
83	85	-1	
67	69	1	
336	343	-1	
259	261	-1	
226	231	1	
178	180	1	
251	255	1	
202	205	-1	
199	207	1	
2	66	1	
65	71	1	
1	65	1	
17	20	1	
22	30	-1	
72	136	-1	
Energy:	-1734	
