NumberOfQubits	504	
NumberOfSubgraphs	840	
Serial	491	
PlantedSolution:	
0	1	
1	1	
2	1	
3	1	
4	-1	
5	-1	
6	-1	
8	-1	
9	-1	
10	-1	
11	1	
12	-1	
13	1	
14	-1	
15	-1	
16	1	
17	1	
18	1	
19	-1	
20	1	
21	-1	
22	-1	
23	1	
24	-1	
25	1	
26	-1	
27	-1	
28	-1	
29	1	
30	1	
31	-1	
32	1	
33	1	
34	-1	
35	-1	
36	1	
37	1	
38	1	
39	1	
40	-1	
41	-1	
42	-1	
43	1	
44	1	
45	-1	
46	1	
47	1	
48	-1	
49	1	
50	-1	
51	-1	
52	1	
53	1	
54	1	
55	-1	
56	-1	
57	-1	
58	-1	
59	1	
60	-1	
61	1	
62	1	
63	1	
64	-1	
65	-1	
66	-1	
67	-1	
68	-1	
69	1	
70	-1	
71	1	
72	-1	
73	1	
74	-1	
75	1	
76	-1	
77	1	
78	1	
79	-1	
80	-1	
81	1	
82	1	
83	-1	
84	-1	
85	-1	
86	1	
87	-1	
88	1	
89	-1	
90	-1	
91	1	
92	1	
93	1	
94	-1	
95	1	
96	-1	
97	-1	
98	1	
99	-1	
100	1	
101	1	
102	1	
103	-1	
104	1	
105	1	
106	-1	
107	-1	
108	1	
109	-1	
110	1	
111	-1	
112	1	
113	1	
114	1	
115	1	
116	1	
117	1	
118	-1	
119	-1	
120	1	
121	-1	
123	1	
124	-1	
125	1	
126	1	
127	1	
128	-1	
129	-1	
130	1	
131	1	
132	1	
133	1	
134	1	
135	-1	
136	-1	
137	1	
138	-1	
139	-1	
141	1	
142	-1	
143	-1	
144	1	
145	-1	
146	-1	
147	-1	
148	1	
149	1	
150	1	
151	-1	
152	1	
153	1	
154	-1	
155	1	
156	-1	
157	-1	
158	1	
159	-1	
160	1	
161	-1	
162	-1	
163	-1	
164	1	
165	1	
166	1	
167	1	
168	1	
169	-1	
170	-1	
171	1	
172	-1	
173	1	
174	1	
175	-1	
176	1	
177	-1	
178	-1	
179	1	
180	1	
181	1	
182	-1	
183	-1	
184	-1	
185	-1	
186	-1	
187	1	
188	1	
189	-1	
190	1	
191	-1	
192	-1	
193	-1	
194	1	
195	-1	
196	-1	
197	-1	
198	1	
199	-1	
200	1	
201	-1	
202	-1	
203	1	
204	1	
205	-1	
206	1	
207	1	
208	-1	
209	1	
210	-1	
211	1	
212	-1	
213	1	
214	-1	
215	-1	
216	1	
217	1	
218	1	
219	1	
220	-1	
221	1	
222	1	
223	-1	
224	-1	
225	-1	
226	-1	
227	-1	
228	-1	
229	1	
230	1	
231	-1	
232	1	
233	1	
234	-1	
235	-1	
236	-1	
237	-1	
238	1	
239	-1	
240	1	
241	1	
242	-1	
243	-1	
244	1	
245	-1	
246	-1	
247	-1	
248	-1	
249	1	
250	1	
251	1	
252	-1	
253	-1	
254	-1	
255	-1	
256	1	
257	-1	
258	1	
259	1	
260	1	
261	-1	
262	1	
263	1	
264	1	
265	1	
266	1	
267	1	
268	-1	
269	1	
270	1	
271	-1	
272	-1	
273	-1	
274	-1	
275	-1	
276	-1	
277	-1	
278	-1	
279	-1	
280	1	
281	-1	
282	1	
283	1	
284	1	
285	1	
286	-1	
287	1	
288	-1	
289	1	
290	-1	
291	1	
292	1	
293	1	
294	-1	
295	-1	
296	-1	
297	1	
298	-1	
299	1	
300	-1	
301	1	
302	-1	
303	1	
304	-1	
305	1	
306	-1	
307	1	
308	1	
309	1	
310	1	
311	1	
312	-1	
313	1	
314	1	
315	-1	
316	-1	
317	-1	
318	1	
319	-1	
320	1	
321	1	
322	-1	
323	1	
324	1	
325	1	
326	-1	
327	-1	
328	1	
329	1	
330	1	
331	1	
332	-1	
333	1	
334	1	
335	-1	
336	1	
337	-1	
338	-1	
339	-1	
340	-1	
341	-1	
342	-1	
343	1	
344	1	
345	-1	
346	1	
347	-1	
348	1	
349	-1	
350	1	
351	1	
352	1	
353	1	
354	-1	
355	-1	
356	1	
357	1	
358	-1	
359	-1	
361	1	
362	1	
363	1	
364	1	
365	1	
367	1	
368	1	
369	1	
370	-1	
371	-1	
372	1	
373	-1	
374	-1	
375	1	
376	-1	
377	-1	
378	-1	
379	1	
380	1	
382	-1	
383	1	
384	1	
385	-1	
386	-1	
387	-1	
388	1	
389	1	
390	1	
391	-1	
392	-1	
393	1	
394	1	
396	-1	
397	1	
398	1	
399	1	
400	-1	
401	1	
402	1	
403	-1	
404	1	
405	-1	
406	-1	
407	1	
408	1	
409	-1	
410	1	
411	-1	
412	-1	
413	1	
414	-1	
415	-1	
416	1	
417	1	
418	-1	
419	1	
420	1	
421	-1	
422	-1	
424	1	
425	1	
426	-1	
427	-1	
428	-1	
429	-1	
430	1	
431	-1	
432	1	
433	-1	
434	1	
435	1	
436	-1	
437	-1	
438	-1	
439	1	
440	-1	
441	-1	
442	1	
443	-1	
444	-1	
445	-1	
446	-1	
447	-1	
448	-1	
449	-1	
450	1	
451	-1	
452	1	
453	1	
454	-1	
455	-1	
456	1	
457	1	
458	1	
459	-1	
460	1	
461	-1	
462	1	
463	-1	
464	-1	
465	1	
466	1	
467	1	
468	-1	
469	-1	
470	-1	
471	-1	
472	-1	
473	1	
474	1	
475	1	
476	-1	
477	-1	
478	-1	
479	-1	
480	-1	
481	-1	
482	-1	
483	1	
484	1	
485	-1	
486	-1	
487	1	
488	1	
489	1	
490	-1	
491	-1	
492	-1	
493	1	
494	-1	
495	-1	
496	-1	
497	1	
498	1	
499	-1	
500	1	
501	-1	
502	1	
503	-1	
504	1	
505	1	
506	-1	
507	1	
508	-1	
509	1	
510	-1	
511	1	
Js:	
386	388	5	
387	388	3	
387	391	-3	
384	391	-6	
384	389	-2	
386	389	5	
440	444	-4	
442	444	-2	
442	506	4	
506	508	-4	
504	508	3	
440	504	3	
162	165	5	
163	165	4	
163	167	-5	
160	167	-4	
160	166	-6	
162	166	4	
88	94	3	
94	102	2	
96	102	6	
96	103	-2	
95	103	2	
88	95	-5	
336	342	5	
342	350	-1	
345	350	3	
345	351	6	
343	351	-4	
336	343	-4	
40	46	4	
41	46	5	
41	105	3	
105	111	-4	
104	111	7	
40	104	6	
417	420	-4	
420	428	-1	
426	428	-3	
426	430	5	
422	430	3	
417	422	4	
240	245	5	
242	245	6	
242	306	-2	
306	309	3	
304	309	5	
240	304	4	
17	20	-6	
19	20	4	
19	23	8	
18	23	-4	
18	21	5	
17	21	5	
170	172	-3	
172	180	-1	
176	180	-3	
176	181	-7	
173	181	-2	
170	173	5	
448	452	-6	
452	460	-2	
459	460	4	
459	461	-4	
453	461	3	
448	453	6	
265	269	-4	
266	269	-3	
266	270	-5	
264	270	2	
264	271	6	
265	271	4	
137	141	4	
139	141	5	
139	203	3	
203	207	-6	
201	207	3	
137	201	3	
113	117	-4	
117	125	-5	
120	125	-3	
120	127	-5	
119	127	-4	
113	119	8	
144	151	4	
145	151	-4	
145	209	3	
209	215	-5	
208	215	-6	
144	208	3	
320	324	-3	
324	332	-4	
328	332	7	
328	335	2	
327	335	-3	
320	327	4	
216	222	-5	
222	230	-2	
224	230	4	
224	231	-2	
223	231	-3	
216	223	-4	
232	236	-6	
233	236	4	
233	239	2	
234	239	-5	
234	237	-4	
232	237	5	
1	5	4	
3	5	-2	
3	67	5	
67	71	6	
65	71	4	
1	65	7	
81	84	4	
82	84	3	
82	85	4	
80	85	-4	
80	86	4	
81	86	-6	
289	292	-5	
291	292	-3	
291	295	7	
290	295	5	
290	293	4	
289	293	-3	
400	406	-4	
402	406	4	
402	466	-5	
466	470	3	
464	470	-4	
400	464	7	
210	213	5	
211	213	-5	
211	275	-2	
275	276	-5	
274	276	-5	
210	274	-2	
280	284	5	
283	284	-5	
283	285	-2	
281	285	4	
281	286	-2	
280	286	5	
249	252	5	
251	252	4	
251	255	4	
250	255	6	
250	253	5	
249	253	-4	
480	485	4	
485	493	3	
490	493	3	
490	494	-8	
486	494	-3	
480	486	-1	
49	53	2	
51	53	5	
51	54	3	
50	54	5	
50	55	-3	
49	55	5	
410	415	4	
411	415	-6	
411	475	4	
475	477	5	
474	477	-3	
410	474	-4	
10	12	-4	
11	12	5	
11	75	-3	
75	78	3	
74	78	6	
10	74	-3	
497	500	-5	
499	500	-4	
499	502	5	
498	502	-6	
498	503	4	
497	503	4	
57	61	6	
59	61	4	
59	63	-4	
58	63	7	
58	62	6	
57	62	4	
370	374	-4	
374	382	-3	
378	382	-7	
378	383	4	
375	383	1	
370	375	4	
32	36	-4	
33	36	-4	
33	37	-7	
35	37	4	
35	38	6	
32	38	-5	
433	437	-5	
434	437	-2	
434	439	-4	
432	439	-3	
432	438	4	
433	438	-5	
305	308	3	
308	316	6	
312	316	-3	
312	318	4	
310	318	-5	
305	310	-5	
24	28	-6	
25	28	-4	
25	31	5	
26	31	-6	
26	29	7	
24	29	5	
354	356	5	
356	364	1	
362	364	-7	
362	365	-7	
357	365	-3	
354	357	3	
153	156	6	
155	156	4	
155	159	7	
152	159	4	
152	157	7	
153	157	-2	
129	133	4	
131	133	-8	
131	195	2	
195	196	-5	
193	196	-4	
129	193	4	
323	325	-5	
325	333	-3	
329	333	-5	
329	334	-6	
326	334	4	
323	326	-4	
42	45	-2	
43	45	-7	
43	107	4	
107	110	3	
106	110	5	
42	106	-5	
298	300	-6	
299	300	6	
299	301	6	
297	301	-3	
297	302	6	
298	302	-3	
361	367	-8	
363	367	-6	
363	427	2	
427	431	-5	
425	431	4	
361	425	-3	
313	319	5	
315	319	-5	
315	379	-4	
379	380	-7	
377	380	7	
313	377	5	
256	260	2	
257	260	4	
257	261	-5	
259	261	4	
259	263	-5	
256	263	-6	
185	189	-4	
187	189	5	
187	190	-5	
184	190	3	
184	191	-8	
185	191	3	
392	397	5	
393	397	4	
393	399	-3	
394	399	-6	
394	398	-5	
392	398	5	
130	134	-6	
134	142	3	
138	142	-5	
138	143	-4	
135	143	-1	
130	135	-5	
217	220	6	
220	228	-1	
225	228	-5	
225	229	-3	
221	229	-4	
217	221	-4	
168	174	2	
174	182	1	
178	182	-3	
178	183	-4	
175	183	-2	
168	175	6	
90	92	2	
92	100	-3	
97	100	5	
97	101	4	
93	101	3	
90	93	6	
337	340	2	
340	348	4	
344	348	-4	
344	349	7	
341	349	-3	
337	341	-4	
194	197	4	
197	205	-3	
202	205	-4	
202	206	4	
198	206	-3	
194	198	-5	
449	454	-7	
454	462	2	
458	462	-4	
458	463	-5	
455	463	-3	
449	455	-6	
114	116	-6	
116	124	4	
121	124	-5	
121	126	8	
118	126	5	
114	118	-4	
467	468	6	
468	476	-3	
473	476	5	
473	479	3	
471	479	-5	
467	471	3	
64	68	-4	
68	76	-5	
72	76	-5	
72	77	5	
69	77	4	
64	69	6	
441	447	-5	
443	447	-6	
443	507	4	
507	509	-5	
505	509	-6	
441	505	3	
482	484	2	
484	492	4	
488	492	3	
488	495	6	
487	495	4	
482	487	6	
403	404	4	
404	412	6	
408	412	2	
408	413	2	
405	413	5	
403	405	-6	
352	358	5	
355	358	-2	
355	419	3	
419	421	-4	
416	421	5	
352	416	-2	
147	149	6	
149	157	2	
154	157	-7	
154	158	6	
150	158	-3	
147	150	-4	
8	13	5	
11	13	-5	
11	14	4	
9	14	-5	
9	15	-5	
8	15	-6	
272	277	-5	
274	277	-3	
274	278	-4	
273	278	-5	
273	279	-5	
272	279	-4	
369	372	-4	
371	372	5	
371	373	-4	
368	373	4	
368	374	7	
369	374	4	
0	4	4	
2	4	6	
2	66	5	
66	70	-4	
64	70	1	
0	64	5	
177	180	5	
179	180	-3	
179	243	4	
243	244	3	
241	244	-5	
177	241	3	
34	36	3	
36	44	4	
43	44	-2	
43	47	-4	
39	47	-5	
34	39	5	
16	20	-5	
20	28	3	
27	28	-5	
27	30	5	
22	30	2	
16	22	-3	
266	268	3	
267	268	6	
267	331	-4	
331	335	6	
330	335	5	
266	330	-3	
169	172	-3	
171	172	5	
171	235	6	
235	238	-3	
233	238	-7	
169	233	5	
401	407	-6	
402	407	-6	
466	469	3	
465	469	5	
401	465	-3	
257	262	6	
258	262	-5	
258	322	3	
322	326	-4	
321	326	4	
257	321	-2	
73	77	-7	
77	85	-2	
83	85	-5	
83	87	-4	
79	87	-2	
73	79	2	
248	254	-7	
250	254	4	
250	314	-2	
314	317	5	
312	317	-4	
248	312	2	
192	196	-2	
196	204	4	
200	204	-4	
200	207	-3	
199	207	2	
192	199	5	
424	428	6	
428	436	-4	
435	436	2	
435	437	6	
429	437	-4	
424	429	-3	
408	414	5	
409	414	-4	
409	473	-4	
473	478	4	
472	478	-2	
408	472	4	
48	52	2	
51	52	5	
51	115	4	
115	118	-3	
112	118	3	
48	112	6	
282	287	-5	
283	287	-4	
283	347	3	
347	350	5	
346	350	-5	
282	346	-4	
296	301	4	
301	309	1	
307	309	-7	
307	311	-3	
303	311	-3	
296	303	7	
288	294	-6	
289	294	3	
289	353	-3	
353	359	3	
352	359	4	
288	352	2	
211	212	2	
212	220	-2	
218	220	7	
218	222	-4	
214	222	-3	
211	214	6	
392	396	-5	
393	396	5	
393	457	-3	
457	461	4	
456	461	3	
392	456	3	
496	502	-4	
502	510	2	
504	510	4	
504	511	-5	
503	511	2	
496	503	-5	
161	164	5	
163	164	4	
163	227	-2	
227	228	-4	
161	225	1	
386	390	-3	
387	390	3	
387	451	-4	
451	454	-5	
450	454	4	
386	450	4	
99	100	2	
100	108	-4	
106	108	3	
106	109	-4	
101	109	5	
99	101	-4	
56	60	-5	
59	60	5	
59	123	-3	
123	124	5	
120	124	6	
56	120	-3	
481	484	4	
491	492	-6	
491	495	-3	
481	487	2	
185	188	6	
186	188	4	
186	190	5	
187	191	4	
82	87	5	
83	147	-4	
147	148	1	
146	148	-3	
82	146	3	
240	244	-5	
242	244	1	
242	246	-3	
241	246	5	
241	247	4	
240	247	-3	
336	340	4	
339	340	-6	
339	341	-5	
338	341	-4	
338	342	-3	
443	444	-6	
443	446	-5	
442	446	2	
442	445	6	
440	445	-6	
128	132	4	
129	132	6	
131	135	6	
128	135	-5	
25	30	-5	
27	91	-5	
91	94	4	
89	94	-4	
25	89	3	
418	420	5	
419	420	-3	
419	483	-5	
483	486	5	
482	486	-5	
418	482	-5	
219	221	-5	
226	229	3	
226	231	-5	
219	223	5	
496	500	2	
500	508	6	
505	508	3	
501	509	4	
496	501	-4	
136	142	-2	
142	150	2	
145	150	6	
143	151	3	
136	143	-7	
378	380	4	
376	383	8	
376	382	-5	
377	382	3	
1	6	-4	
2	6	3	
65	70	-4	
384	388	-3	
385	388	4	
385	449	2	
449	453	4	
384	448	2	
425	430	4	
427	430	2	
427	491	-4	
491	494	-3	
489	494	3	
425	489	-4	
98	102	-6	
98	162	2	
162	164	5	
160	164	3	
96	160	1	
305	311	-5	
307	371	3	
371	375	-5	
369	375	-5	
305	369	-4	
88	92	-3	
89	92	3	
89	95	-4	
90	95	5	
88	93	-4	
50	53	5	
53	61	-4	
54	62	3	
329	332	2	
331	332	5	
331	333	-3	
330	333	-3	
330	334	6	
410	413	-5	
410	414	-3	
406	414	-4	
403	406	-4	
472	476	-4	
472	479	5	
275	277	3	
275	279	-3	
272	278	-4	
178	181	3	
179	183	4	
179	182	4	
176	182	-5	
32	37	-2	
37	45	4	
40	45	-2	
40	47	5	
32	39	-5	
112	116	-5	
115	116	-4	
115	119	2	
112	117	-4	
105	108	2	
107	108	5	
107	171	1	
171	174	-4	
169	174	7	
105	169	2	
313	316	3	
314	316	4	
315	317	-3	
315	318	4	
313	318	-4	
201	204	4	
202	204	-4	
200	206	-4	
200	205	4	
201	205	-4	
281	284	5	
284	292	-3	
287	295	2	
281	287	4	
248	252	-4	
249	254	5	
251	254	2	
251	253	6	
248	253	4	
235	239	-4	
235	299	-1	
234	298	-3	
353	356	-4	
354	359	-3	
355	359	-4	
355	357	-3	
353	357	-3	
208	212	-4	
209	212	7	
209	213	-3	
210	215	-3	
364	372	-2	
370	372	4	
370	373	-6	
365	373	-1	
16	21	6	
18	22	5	
19	22	-3	
16	23	-3	
321	324	5	
323	324	-3	
323	327	5	
320	325	-4	
321	325	-3	
192	197	-5	
194	258	2	
258	261	3	
256	261	5	
192	256	2	
154	156	-4	
153	159	5	
153	158	4	
424	431	-4	
426	431	-4	
426	490	-4	
488	493	-4	
424	488	-4	
9	13	-3	
10	14	-5	
10	15	-4	
72	79	-2	
75	79	5	
75	139	5	
136	141	3	
72	136	4	
456	460	-4	
458	460	-3	
457	463	5	
457	462	-4	
456	462	-6	
433	436	2	
434	436	6	
434	438	3	
433	439	4	
280	285	-4	
282	285	-5	
346	349	-4	
280	344	-4	
34	38	-5	
35	99	-5	
99	103	-6	
98	103	3	
34	98	4	
73	76	3	
76	84	-3	
78	86	-3	
73	78	1	
259	260	-5	
260	268	4	
264	268	3	
263	271	-2	
237	245	-1	
243	245	-4	
243	246	-3	
238	246	4	
232	238	1	
49	52	-6	
52	60	4	
58	60	-3	
55	63	5	
401	404	-5	
409	412	-6	
409	415	-2	
407	415	-5	
416	422	3	
417	481	4	
481	485	-6	
416	480	6	
161	165	2	
165	173	-3	
168	173	4	
167	175	4	
161	167	4	
385	390	4	
390	398	-6	
391	399	6	
385	391	-4	
469	477	-3	
475	478	6	
470	478	3	
465	470	4	
226	230	5	
226	290	-4	
288	293	6	
224	288	3	
3	4	6	
3	6	7	
0	6	3	
0	5	8	
2	5	4	
296	302	-5	
302	310	2	
306	310	5	
306	311	3	
121	125	4	
123	125	-6	
123	127	5	
120	126	-4	
338	340	4	
345	348	5	
338	343	4	
105	109	4	
104	110	-3	
450	452	-3	
451	452	6	
451	455	2	
448	455	-4	
450	453	-4	
442	447	-5	
507	511	-5	
506	511	5	
194	196	5	
195	199	-6	
193	199	3	
193	198	4	
498	500	4	
498	501	3	
499	501	-4	
497	502	-3	
65	68	3	
67	68	-4	
64	71	3	
65	69	3	
186	189	-5	
184	189	-4	
42	44	4	
41	45	-5	
42	46	6	
131	132	-2	
128	134	5	
267	270	4	
265	270	-4	
264	269	-5	
144	148	-6	
145	148	6	
146	150	3	
146	149	6	
144	149	-4	
29	37	-2	
33	39	-2	
31	39	-1	
427	429	3	
425	429	5	
437	445	2	
441	445	-4	
441	446	-4	
438	446	-2	
435	438	3	
216	220	4	
218	223	3	
217	223	5	
217	222	2	
388	396	5	
394	396	4	
394	397	-4	
389	397	-5	
387	389	3	
411	412	-2	
412	420	-3	
418	421	-4	
413	421	2	
411	413	3	
304	308	4	
306	308	5	
306	370	2	
304	368	3	
74	77	2	
74	138	-2	
137	142	4	
73	137	-5	
273	276	-3	
275	339	-4	
339	342	-3	
337	342	5	
273	337	-3	
312	319	-4	
379	383	-4	
312	376	-3	
152	158	-4	
155	158	-3	
155	219	-3	
216	221	-4	
152	216	2	
12	20	2	
13	21	-1	
163	166	4	
166	174	-2	
170	174	4	
170	175	-5	
48	54	4	
56	62	5	
56	63	3	
48	55	-4	
400	405	-3	
403	467	3	
467	470	4	
290	292	5	
290	294	3	
286	294	-4	
283	286	5	
477	485	-2	
483	485	3	
483	487	-2	
479	487	1	
474	479	5	
234	236	-3	
233	297	1	
245	253	-1	
247	255	-5	
242	247	-3	
347	349	2	
349	357	2	
352	357	-4	
350	358	3	
24	31	-1	
27	31	-5	
91	95	-3	
24	88	4	
203	205	2	
205	213	3	
206	214	-3	
203	206	-5	
256	262	-3	
322	325	3	
256	320	-2	
114	119	3	
114	178	2	
178	180	5	
113	177	-2	
33	38	-2	
97	103	4	
33	97	3	
228	236	-3	
229	237	3	
227	229	5	
507	508	2	
507	510	4	
505	510	5	
505	511	3	
460	468	-3	
466	468	2	
466	471	5	
463	471	-1	
459	463	-6	
491	493	-4	
489	493	-5	
489	495	5	
330	332	2	
328	333	-6	
80	84	5	
82	86	-3	
75	76	2	
139	143	-3	
56	61	4	
475	476	4	
476	484	-3	
481	486	-4	
478	486	-2	
177	181	2	
177	183	-5	
164	172	3	
168	172	5	
384	390	-4	
392	399	3	
250	252	3	
249	255	3	
436	444	-2	
441	444	-6	
439	447	-2	
115	117	-4	
123	126	-3	
152	156	-2	
154	159	-1	
208	214	-2	
210	214	-6	
272	276	-4	
208	272	-2	
243	307	-2	
289	295	4	
291	355	-2	
355	356	6	
408	415	5	
261	269	1	
267	269	-4	
262	270	-3	
450	455	5	
96	100	4	
107	109	-5	
96	101	3	
361	364	-6	
367	375	1	
346	348	2	
281	345	-3	
14	22	1	
15	23	2	
1	4	-3	
26	28	-2	
25	29	-3	
24	30	4	
202	207	4	
202	266	2	
266	271	4	
201	265	3	
322	324	5	
322	386	-2	
385	389	3	
321	385	3	
421	429	-2	
426	429	-3	
418	422	4	
193	197	-5	
128	192	-2	
40	44	3	
41	44	6	
42	47	5	
70	78	5	
74	79	5	
71	79	4	
66	71	3	
230	238	-2	
231	239	-4	
337	343	4	
337	401	2	
400	404	3	
336	400	2	
297	300	3	
297	303	-7	
184	188	3	
187	188	2	
91	92	-6	
90	94	-3	
89	93	4	
146	151	-4	
147	151	-4	
313	317	5	
314	378	2	
285	293	-3	
458	461	6	
459	462	4	
130	133	3	
133	141	-2	
138	141	5	
497	501	-4	
331	334	-2	
97	102	-2	
161	166	4	
97	161	-2	
371	435	1	
435	439	-4	
368	432	1	
48	53	-4	
50	114	3	
203	204	-2	
204	212	2	
207	215	2	
376	380	2	
379	443	-1	
440	446	-5	
376	440	-2	
315	316	-4	
354	358	-6	
351	359	2	
347	351	4	
17	22	6	
17	81	-2	
81	87	5	
80	87	-3	
16	80	3	
419	422	5	
480	487	-5	
57	60	-5	
121	127	4	
57	121	-2	
488	494	3	
410	412	1	
474	476	3	
275	278	-3	
274	338	-4	
192	198	4	
195	198	4	
195	259	2	
110	118	2	
112	119	-1	
111	119	-2	
160	165	4	
224	228	-5	
160	224	2	
504	509	3	
506	510	-5	
472	477	-5	
465	471	5	
35	36	3	
66	68	-4	
66	69	4	
171	175	1	
169	175	2	
8	12	-3	
10	13	4	
8	14	-2	
241	245	3	
243	247	-4	
329	393	-2	
328	392	-1	
218	221	-2	
219	222	-4	
298	301	4	
299	363	-2	
363	365	-6	
298	362	2	
273	277	-2	
277	285	2	
279	287	-4	
19	83	-3	
18	82	2	
194	199	2	
258	260	-3	
137	143	4	
136	200	2	
347	348	4	
347	411	-2	
411	414	-3	
344	408	2	
425	428	2	
427	428	-4	
489	492	-3	
432	436	4	
433	497	4	
432	496	5	
461	469	-2	
464	469	-5	
462	470	2	
49	54	-4	
314	319	-4	
121	185	1	
120	184	1	
224	229	2	
225	231	-5	
225	230	-4	
9	73	2	
8	72	-2	
104	108	-5	
321	327	3	
322	327	-3	
288	295	1	
90	154	-2	
89	153	2	
144	150	-2	
448	454	2	
336	341	4	
179	181	-4	
483	484	-5	
480	484	4	
402	405	3	
401	406	3	
400	407	-1	
363	364	-4	
362	367	3	
67	70	-6	
307	310	3	
171	173	-3	
235	237	-4	
168	232	-3	
91	155	-1	
155	157	2	
88	152	1	
102	110	-2	
105	110	-5	
103	111	-3	
130	132	-6	
244	252	4	
369	373	3	
218	282	2	
282	284	-2	
217	281	2	
393	398	3	
474	478	5	
50	52	2	
113	116	-2	
49	113	1	
187	251	-4	
186	250	2	
74	76	-2	
482	485	-2	
346	351	-2	
99	102	2	
296	300	3	
299	302	3	
464	468	-3	
18	20	2	
236	244	2	
240	246	-1	
440	447	-2	
368	372	-3	
372	380	-2	
269	277	3	
271	279	2	
4	12	-3	
5	13	-2	
311	319	2	
430	438	3	
424	430	-3	
457	460	-4	
456	463	2	
473	477	2	
148	156	4	
151	159	3	
106	170	1	
177	182	-3	
182	190	4	
183	191	3	
38	46	1	
65	129	-1	
129	134	2	
64	128	-1	
26	30	3	
26	90	-2	
353	358	4	
353	417	-3	
431	439	3	
211	215	4	
138	202	2	
493	501	-1	
495	503	-2	
314	318	-3	
465	468	3	
219	283	-1	
216	280	1	
320	326	4	
377	383	5	
257	263	3	
397	405	2	
398	406	-1	
227	230	3	
227	291	3	
98	101	-3	
32	96	4	
162	167	3	
359	367	-2	
176	183	-2	
83	84	-4	
80	144	1	
239	247	1	
185	249	3	
107	111	-2	
346	410	-3	
451	453	3	
371	374	-2	
17	23	1	
209	214	2	
113	118	3	
330	394	-1	
475	479	1	
131	134	-4	
129	135	-3	
219	220	2	
203	267	-2	
416	420	-4	
409	413	3	
292	300	2	
293	301	-2	
235	236	-2	
323	387	2	
320	384	-3	
345	349	-2	
81	85	3	
85	93	-2	
87	95	1	
19	21	2	
21	29	3	
23	31	2	
180	188	-3	
435	499	4	
499	503	-3	
352	356	-3	
467	469	2	
210	212	-3	
227	231	-1	
51	55	3	
434	498	-3	
259	262	-3	
258	263	4	
276	284	2	
274	279	-2	
328	334	-3	
246	254	2	
490	492	-3	
362	426	-1	
84	92	-1	
86	94	2	
270	278	2	
114	117	2	
115	179	-3	
304	311	4	
354	418	-2	
169	173	3	
28	36	2	
30	38	-1	
139	142	-4	
232	239	4	
232	296	1	
186	191	2	
248	255	-2	
184	248	-1	
154	218	2	
294	302	1	
130	194	-2	
305	309	-3	
309	317	-3	
225	289	2	
403	407	2	
399	407	2	
265	268	3	
329	335	3	
265	329	2	
344	350	-3	
506	509	2	
178	242	-3	
361	365	-3	
147	211	-1	
146	210	-1	
9	12	3	
6	14	-3	
378	442	-1	
234	238	-3	
449	452	3	
402	404	-1	
464	471	-1	
75	77	-2	
200	264	-3	
226	228	-2	
288	292	2	
83	86	2	
176	240	-2	
201	206	-3	
386	391	1	
44	52	1	
46	54	-1	
208	213	3	
59	62	-2	
58	61	-2	
195	197	-1	
153	217	-1	
401	405	-1	
490	495	2	
344	351	-2	
170	234	-2	
233	237	-3	
291	294	3	
291	293	-2	
282	286	-2	
379	382	-4	
43	46	-3	
368	375	2	
417	421	3	
11	15	3	
298	303	2	
299	303	-2	
185	190	3	
259	323	-1	
104	109	-1	
307	308	-2	
57	63	1	
181	189	2	
35	39	2	
348	356	1	
280	287	-1	
339	343	-1	
128	133	3	
106	111	-2	
394	458	-2	
278	286	-2	
98	100	-2	
290	354	-1	
432	437	1	
268	276	-1	
72	78	-2	
267	271	-2	
339	403	1	
99	163	-1	
414	422	-1	
264	328	1	
338	402	-1	
145	149	1	
91	93	-1	
213	221	-1	
67	69	1	
162	226	-1	
334	342	1	
335	343	1	
108	116	-1	
109	117	1	
141	149	-1	
34	37	-1	
41	47	1	
345	409	-1	
272	336	1	
492	500	1	
396	404	1	
295	303	1	
112	176	1	
Energy:	-3744	
