NumberOfQubits	504	
NumberOfSubgraphs	672	
Serial	309	
PlantedSolution:	
0	-1	
1	1	
2	1	
3	1	
4	-1	
5	-1	
6	-1	
8	1	
9	-1	
10	1	
11	-1	
12	-1	
13	-1	
14	-1	
15	1	
16	-1	
17	1	
18	1	
19	1	
20	-1	
21	1	
22	-1	
23	1	
24	-1	
25	-1	
26	1	
27	1	
28	-1	
29	-1	
30	1	
31	-1	
32	1	
33	-1	
34	-1	
35	1	
36	1	
37	1	
38	-1	
39	1	
40	1	
41	-1	
42	-1	
43	-1	
44	-1	
45	-1	
46	1	
47	1	
48	1	
49	-1	
50	1	
51	1	
52	1	
53	1	
54	1	
55	1	
56	1	
57	-1	
58	-1	
59	-1	
60	1	
61	-1	
62	1	
63	-1	
64	-1	
65	1	
66	1	
67	1	
68	1	
69	-1	
70	1	
71	1	
72	-1	
73	-1	
74	1	
75	-1	
76	1	
77	-1	
78	1	
79	1	
80	1	
81	1	
82	1	
83	1	
84	1	
85	1	
86	-1	
87	1	
88	-1	
89	-1	
90	1	
91	1	
92	1	
93	-1	
94	-1	
95	-1	
96	1	
97	-1	
98	1	
99	1	
100	1	
101	1	
102	-1	
103	-1	
104	-1	
105	1	
106	1	
107	-1	
108	1	
109	1	
110	-1	
111	-1	
112	1	
113	1	
114	1	
115	1	
116	-1	
117	-1	
118	-1	
119	-1	
120	-1	
121	1	
123	-1	
124	1	
125	-1	
126	1	
127	1	
128	-1	
129	-1	
130	1	
131	-1	
132	1	
133	1	
134	1	
135	1	
136	1	
137	1	
138	-1	
139	1	
141	1	
142	1	
143	-1	
144	1	
145	-1	
146	-1	
147	1	
148	-1	
149	1	
150	1	
151	1	
152	1	
153	1	
154	-1	
155	-1	
156	-1	
157	1	
158	-1	
159	-1	
160	-1	
161	-1	
162	-1	
163	1	
164	1	
165	-1	
166	-1	
167	1	
168	-1	
169	-1	
170	1	
171	-1	
172	-1	
173	1	
174	-1	
175	1	
176	1	
177	-1	
178	1	
179	1	
180	-1	
181	1	
182	1	
183	1	
184	-1	
185	-1	
186	1	
187	-1	
188	1	
189	1	
190	-1	
191	-1	
192	1	
193	-1	
194	-1	
195	1	
196	-1	
197	1	
198	-1	
199	1	
200	-1	
201	1	
202	1	
203	1	
204	1	
205	-1	
206	1	
207	-1	
208	-1	
209	1	
210	-1	
211	-1	
212	1	
213	-1	
214	1	
215	1	
216	-1	
217	1	
218	1	
219	-1	
220	1	
221	1	
222	1	
223	1	
224	-1	
225	-1	
226	1	
227	1	
228	1	
229	1	
230	1	
231	1	
232	-1	
233	1	
234	-1	
235	-1	
236	-1	
237	1	
238	1	
239	1	
240	1	
241	1	
242	1	
243	-1	
244	-1	
245	-1	
246	-1	
247	1	
248	-1	
249	-1	
250	1	
251	-1	
252	-1	
253	-1	
254	1	
255	1	
256	-1	
257	1	
258	1	
259	-1	
260	1	
261	-1	
262	1	
263	1	
264	1	
265	-1	
266	-1	
267	-1	
268	1	
269	-1	
270	1	
271	-1	
272	-1	
273	1	
274	1	
275	-1	
276	-1	
277	-1	
278	-1	
279	-1	
280	1	
281	-1	
282	-1	
283	1	
284	1	
285	1	
286	-1	
287	-1	
288	1	
289	1	
290	-1	
291	1	
292	-1	
293	-1	
294	-1	
295	1	
296	1	
297	1	
298	1	
299	-1	
300	-1	
301	-1	
302	-1	
303	-1	
304	-1	
305	1	
306	1	
307	1	
308	1	
309	1	
310	1	
311	1	
312	-1	
313	1	
314	1	
315	1	
316	-1	
317	-1	
318	1	
319	1	
320	1	
321	-1	
322	-1	
323	-1	
324	-1	
325	1	
326	-1	
327	-1	
328	1	
329	-1	
330	-1	
331	-1	
332	1	
333	1	
334	-1	
335	-1	
336	-1	
337	1	
338	1	
339	1	
340	-1	
341	-1	
342	-1	
343	-1	
344	1	
345	1	
346	1	
347	-1	
348	-1	
349	-1	
350	1	
351	-1	
352	-1	
353	-1	
354	1	
355	1	
356	1	
357	1	
358	1	
359	1	
361	-1	
362	1	
363	1	
364	1	
365	1	
367	-1	
368	1	
369	1	
370	1	
371	-1	
372	-1	
373	1	
374	1	
375	-1	
376	-1	
377	1	
378	-1	
379	-1	
380	1	
382	-1	
383	1	
384	1	
385	1	
386	-1	
387	1	
388	1	
389	-1	
390	-1	
391	1	
392	1	
393	1	
394	-1	
396	1	
397	1	
398	1	
399	1	
400	-1	
401	-1	
402	1	
403	1	
404	1	
405	1	
406	-1	
407	-1	
408	-1	
409	1	
410	1	
411	1	
412	1	
413	-1	
414	1	
415	-1	
416	-1	
417	-1	
418	-1	
419	1	
420	-1	
421	-1	
422	1	
424	-1	
425	1	
426	-1	
427	1	
428	1	
429	-1	
430	-1	
431	1	
432	1	
433	1	
434	1	
435	1	
436	-1	
437	1	
438	1	
439	1	
440	1	
441	1	
442	1	
443	-1	
444	-1	
445	-1	
446	1	
447	-1	
448	1	
449	1	
450	1	
451	1	
452	-1	
453	1	
454	1	
455	-1	
456	1	
457	1	
458	1	
459	1	
460	1	
461	-1	
462	1	
463	-1	
464	-1	
465	1	
466	1	
467	1	
468	-1	
469	1	
470	1	
471	1	
472	1	
473	1	
474	1	
475	-1	
476	-1	
477	1	
478	1	
479	-1	
480	-1	
481	1	
482	1	
483	-1	
484	1	
485	1	
486	1	
487	-1	
488	1	
489	1	
490	1	
491	1	
492	1	
493	1	
494	-1	
495	1	
496	-1	
497	1	
498	-1	
499	-1	
500	-1	
501	-1	
502	-1	
503	1	
504	1	
505	-1	
506	-1	
507	-1	
508	-1	
509	-1	
510	1	
511	-1	
Js:	
481	485	-3	
483	485	4	
483	486	3	
480	486	2	
480	487	4	
481	487	4	
283	285	-1	
285	293	-3	
288	293	4	
288	294	4	
286	294	-3	
283	286	3	
153	156	-3	
154	156	-3	
154	158	-3	
152	158	4	
152	157	-3	
153	157	-3	
184	188	5	
187	188	5	
187	191	-4	
185	191	-3	
185	190	-3	
184	190	-4	
401	404	3	
402	404	-4	
402	405	5	
403	405	-3	
403	406	2	
401	406	-6	
409	415	5	
410	415	4	
410	474	-4	
474	479	3	
473	479	4	
409	473	5	
128	133	4	
131	133	6	
131	134	-2	
130	134	-3	
130	135	-5	
128	135	3	
225	228	4	
226	228	-4	
226	230	-3	
224	230	3	
224	231	5	
225	231	2	
321	326	-5	
326	334	-4	
328	334	2	
328	335	-4	
327	335	-4	
321	327	-3	
273	276	5	
275	276	-5	
275	339	-1	
339	342	3	
337	342	5	
273	337	-2	
16	22	-5	
18	22	-2	
18	82	-4	
82	86	3	
80	86	2	
16	80	3	
233	237	-5	
234	237	6	
234	298	1	
298	303	4	
297	303	4	
233	297	1	
33	37	4	
35	37	-6	
35	39	-2	
32	39	-5	
32	38	3	
33	38	-4	
24	30	3	
25	30	-4	
25	89	-2	
89	93	-4	
88	93	-1	
24	88	-2	
40	44	2	
43	44	-4	
43	107	-3	
107	111	-4	
104	111	-1	
40	104	-4	
208	212	4	
212	220	2	
219	220	2	
219	221	4	
213	221	1	
208	213	-4	
344	348	2	
347	348	-5	
347	349	-5	
345	349	2	
345	351	4	
344	351	-4	
146	151	3	
147	151	-4	
147	211	2	
211	214	2	
210	214	-5	
146	210	-2	
435	436	2	
436	444	-3	
440	444	5	
440	447	4	
439	447	-2	
435	439	-5	
160	164	2	
162	164	5	
162	165	-3	
163	165	3	
163	166	3	
160	166	-4	
138	141	3	
139	141	5	
139	203	-2	
203	206	-5	
202	206	-2	
138	202	3	
57	60	7	
59	60	2	
59	61	-5	
58	61	-3	
58	62	4	
57	62	4	
488	492	4	
491	492	-1	
491	495	-5	
490	495	-1	
490	493	-3	
488	493	-5	
304	309	3	
306	309	-3	
306	311	5	
305	311	-2	
305	310	-3	
304	310	3	
171	173	3	
173	181	-3	
176	181	-4	
176	182	-4	
174	182	4	
171	174	5	
0	4	-4	
4	12	-1	
9	12	4	
9	14	-4	
6	14	-1	
0	6	-5	
265	269	-4	
267	269	-3	
267	271	5	
264	271	3	
264	270	-4	
265	270	3	
496	500	-4	
500	508	-2	
504	508	4	
504	509	3	
501	509	2	
496	501	-4	
50	52	-3	
51	52	-3	
51	55	4	
49	55	5	
49	54	3	
50	54	-4	
465	468	6	
466	468	5	
466	469	-3	
467	469	-5	
467	470	-4	
465	470	-4	
363	365	-6	
365	373	-1	
368	373	4	
368	375	4	
367	375	-3	
363	367	5	
8	15	-2	
11	15	-3	
11	75	-2	
75	78	4	
72	78	3	
8	72	3	
386	388	4	
388	396	-3	
394	396	3	
394	397	3	
389	397	4	
386	389	-4	
416	420	-5	
418	420	1	
418	422	4	
417	422	4	
417	421	-4	
416	421	-3	
450	452	4	
451	452	4	
451	453	-4	
448	453	2	
448	454	-3	
450	454	-3	
289	295	4	
290	295	4	
290	354	4	
354	356	-2	
353	356	4	
289	353	4	
105	110	4	
106	110	4	
106	170	2	
170	175	-5	
169	175	3	
105	169	2	
250	252	3	
251	252	3	
251	255	5	
248	255	3	
248	253	-3	
250	253	4	
136	143	6	
137	143	-3	
137	201	-3	
201	207	4	
200	207	-4	
136	200	2	
370	372	5	
372	380	-2	
379	380	4	
379	382	-5	
374	382	3	
370	374	-2	
19	20	3	
20	28	-2	
27	28	-3	
27	31	4	
23	31	1	
19	23	-5	
96	100	-3	
98	100	-5	
98	102	-4	
97	102	-2	
97	101	3	
96	101	-3	
113	116	3	
115	116	3	
115	118	3	
112	118	4	
112	119	2	
113	119	2	
457	460	-5	
459	460	-4	
459	461	4	
456	461	4	
456	463	3	
457	463	4	
66	68	-3	
67	68	-4	
67	69	-3	
64	69	-4	
64	70	3	
66	70	-2	
192	196	3	
193	196	5	
193	257	3	
257	262	-3	
256	262	4	
192	256	1	
313	317	6	
315	317	3	
315	319	-3	
312	319	3	
312	318	4	
313	318	1	
216	223	2	
218	223	-4	
218	282	-2	
282	284	2	
280	284	-4	
216	280	2	
240	244	4	
242	244	3	
242	245	4	
243	245	-3	
243	246	6	
240	246	3	
73	76	2	
76	84	-2	
81	84	-5	
81	85	-4	
77	85	-2	
73	77	-4	
425	428	4	
426	428	4	
426	431	5	
424	431	2	
424	430	-3	
425	430	3	
194	199	4	
195	199	-4	
195	259	2	
259	261	-4	
258	261	-4	
194	258	2	
323	324	-4	
324	332	3	
331	332	3	
331	333	4	
325	333	-3	
323	325	-2	
121	124	-4	
123	124	5	
123	127	4	
120	127	4	
120	125	5	
121	125	4	
498	502	2	
502	510	2	
506	510	5	
506	511	-5	
503	511	2	
498	503	2	
232	238	3	
235	238	5	
235	299	-2	
299	301	-4	
296	301	5	
232	296	-2	
408	413	2	
411	413	5	
411	475	3	
475	477	2	
472	477	-4	
408	472	4	
272	279	-4	
274	279	4	
274	338	-2	
338	343	5	
336	343	-6	
272	336	1	
387	390	5	
390	398	4	
393	398	-2	
393	399	-4	
391	399	3	
387	391	-4	
433	437	-3	
437	445	4	
443	445	3	
443	446	6	
438	446	-3	
433	438	-3	
90	92	4	
91	92	-4	
91	95	2	
88	95	-4	
88	94	-4	
90	94	3	
352	357	4	
355	357	1	
355	358	-5	
354	358	-3	
354	359	-2	
352	359	5	
144	150	-4	
145	150	4	
145	209	-1	
209	215	-6	
208	215	3	
144	208	3	
41	45	-6	
42	45	-2	
42	47	5	
40	47	-3	
40	46	-4	
41	46	4	
177	180	-4	
179	180	-3	
179	181	-4	
178	181	-3	
178	183	-3	
177	183	4	
377	383	-5	
378	383	5	
378	442	5	
442	446	4	
441	446	-2	
377	441	-4	
1	5	-4	
2	5	4	
2	66	-3	
66	71	-2	
65	71	-5	
1	65	-5	
217	222	3	
219	222	3	
219	283	3	
283	287	5	
281	287	-2	
217	281	3	
232	236	-4	
236	244	2	
241	244	4	
241	247	-5	
239	247	-4	
232	239	2	
384	390	3	
385	390	-3	
385	449	-3	
449	455	5	
448	455	4	
384	448	-2	
226	229	-2	
227	229	-5	
227	291	-4	
291	292	3	
290	292	2	
226	290	3	
155	156	-3	
156	164	2	
161	164	2	
161	167	4	
159	167	-1	
155	159	-5	
10	13	3	
13	21	3	
17	21	-5	
17	23	4	
15	23	-3	
10	15	-4	
48	53	-3	
50	53	4	
50	114	-3	
114	117	4	
112	117	3	
48	112	-3	
74	78	-3	
78	86	2	
83	86	4	
83	87	-3	
79	87	-2	
74	79	-4	
26	28	4	
28	36	2	
34	36	3	
34	37	-3	
29	37	2	
26	29	3	
361	364	6	
362	364	-4	
362	426	2	
426	429	-2	
425	429	4	
361	425	2	
297	300	3	
300	308	3	
307	308	-5	
307	310	2	
302	310	1	
297	302	5	
259	260	4	
260	268	-3	
266	268	4	
266	271	2	
263	271	3	
259	263	4	
400	407	-2	
402	407	3	
402	466	-3	
466	471	3	
464	471	5	
400	464	-5	
475	476	-5	
476	484	2	
482	484	-4	
482	486	-4	
478	486	3	
475	478	3	
249	254	4	
250	254	-3	
250	314	-3	
314	316	4	
313	316	4	
249	313	-1	
99	100	-2	
100	108	-3	
105	108	-2	
105	109	-3	
101	109	-4	
99	101	-5	
409	412	-3	
412	420	2	
419	420	-4	
419	422	-4	
414	422	-3	
409	414	-3	
195	197	-4	
197	205	-2	
203	205	3	
198	206	4	
195	198	3	
392	398	-3	
394	398	5	
394	458	2	
458	462	5	
456	462	-4	
392	456	-3	
338	340	4	
340	348	1	
346	348	2	
346	350	-4	
342	350	1	
338	342	4	
489	494	4	
494	502	-3	
499	502	-6	
499	503	4	
495	503	2	
489	495	-5	
56	63	5	
59	63	-4	
59	123	1	
123	126	5	
120	126	4	
56	120	2	
432	436	2	
434	436	4	
434	437	-4	
435	437	-3	
432	439	-4	
272	276	-3	
274	276	2	
274	277	-4	
275	277	-2	
275	278	-4	
272	278	-3	
185	188	3	
186	188	-2	
186	191	2	
187	189	3	
185	189	-5	
104	110	-4	
170	172	5	
168	172	-4	
104	168	-1	
129	133	2	
133	141	-2	
136	141	-2	
136	142	-4	
134	142	2	
129	134	6	
328	332	-2	
329	332	5	
329	335	1	
330	335	-5	
330	334	-2	
369	372	-2	
370	373	-4	
371	373	4	
371	375	-3	
369	375	2	
441	447	3	
443	447	-5	
443	507	-2	
507	509	-3	
505	509	-5	
441	505	-2	
320	324	3	
322	324	-4	
322	326	-3	
321	325	3	
320	325	-3	
145	148	-4	
147	148	3	
144	151	-2	
144	149	4	
145	149	2	
194	196	-3	
196	204	3	
200	204	-2	
199	207	3	
3	4	3	
3	6	4	
1	6	4	
0	5	-4	
424	428	3	
427	428	-2	
427	491	-4	
491	493	-3	
424	488	-3	
315	318	-4	
315	379	-1	
379	383	4	
376	383	3	
312	376	-3	
337	340	4	
339	340	2	
339	341	6	
336	341	4	
337	343	3	
89	94	-3	
94	102	1	
96	102	5	
96	103	2	
95	103	-2	
89	95	-3	
65	70	-4	
67	70	-3	
67	131	-1	
131	132	6	
129	132	2	
65	129	1	
434	438	-2	
434	498	-5	
498	501	-5	
497	501	3	
433	497	-4	
217	220	-4	
220	228	2	
224	228	3	
223	231	-4	
217	223	-3	
410	412	-3	
411	412	1	
411	414	-3	
408	414	4	
408	415	-1	
248	252	-4	
249	252	-4	
249	253	-3	
251	253	-3	
72	76	2	
75	76	-4	
75	79	5	
73	79	3	
72	77	-5	
241	245	4	
240	247	-1	
449	454	-3	
454	462	-3	
458	463	2	
455	463	-3	
42	44	-4	
44	52	2	
49	52	-2	
47	55	-3	
473	477	3	
477	485	-3	
483	487	-3	
479	487	-2	
280	286	4	
281	286	-4	
281	345	2	
280	344	-1	
384	388	-3	
385	388	-2	
385	389	-3	
386	391	4	
384	391	-2	
298	300	7	
304	308	-3	
304	311	2	
303	311	2	
84	92	-2	
90	93	4	
85	93	2	
269	277	-2	
273	277	3	
273	278	-3	
270	278	3	
267	270	3	
393	397	3	
397	405	-2	
403	407	4	
399	407	2	
58	60	-3	
58	63	-4	
56	62	-3	
157	165	2	
160	165	-3	
158	166	3	
505	508	-4	
507	508	-4	
507	511	-2	
504	511	4	
504	510	-4	
505	510	2	
210	212	4	
211	212	3	
211	213	-4	
209	213	3	
210	215	2	
8	12	3	
10	12	4	
10	14	3	
11	14	-3	
11	13	-3	
8	13	4	
177	182	3	
175	183	-2	
171	175	2	
355	356	-2	
355	419	-3	
419	421	2	
353	417	-2	
400	406	-4	
401	465	-3	
464	468	-2	
256	260	2	
257	260	-5	
257	261	2	
258	262	-4	
234	238	4	
235	239	3	
233	239	-4	
25	29	-5	
27	29	-4	
27	30	-4	
24	31	-5	
25	31	-2	
225	230	3	
227	230	-3	
291	295	-3	
225	289	2	
116	124	-4	
121	126	-3	
118	126	4	
113	118	2	
32	36	3	
35	36	-3	
35	38	5	
34	38	-3	
34	39	4	
16	20	-4	
18	20	-2	
82	87	-2	
80	87	-3	
305	309	-5	
307	309	-2	
307	371	-1	
371	374	4	
369	374	-4	
305	369	-4	
362	367	4	
361	365	4	
45	53	2	
48	54	-3	
46	54	-3	
376	382	-2	
378	382	-5	
442	445	-1	
440	445	4	
376	440	3	
293	301	3	
296	302	3	
294	302	-2	
138	143	-5	
202	205	3	
201	205	3	
97	103	-3	
99	103	5	
99	163	2	
163	167	-4	
97	161	-3	
349	357	3	
352	358	2	
350	358	-4	
347	350	-1	
107	109	3	
109	117	-1	
115	117	2	
115	119	4	
111	119	-2	
452	460	3	
457	461	5	
453	461	-3	
450	453	-4	
265	268	3	
266	330	-4	
330	333	2	
329	333	3	
265	329	-2	
469	477	-1	
474	477	3	
474	478	-4	
470	478	-4	
416	422	2	
418	482	-5	
480	484	5	
416	480	-5	
154	159	-4	
155	219	3	
218	222	-5	
154	218	2	
66	69	5	
66	130	-1	
130	132	-3	
128	132	5	
64	128	1	
172	180	-1	
168	173	4	
490	492	-5	
492	500	-1	
499	500	-4	
490	494	6	
141	149	-1	
146	149	4	
146	150	3	
142	150	-1	
139	142	-4	
17	20	4	
19	22	5	
16	21	4	
192	197	-5	
193	199	3	
193	198	-2	
192	198	-3	
320	327	-3	
323	327	-5	
323	387	1	
387	388	-2	
320	384	-2	
277	285	3	
282	285	5	
282	287	-2	
279	287	-2	
424	429	-5	
427	429	5	
427	431	3	
426	430	-4	
312	316	-3	
314	317	-1	
313	319	-2	
187	190	-2	
186	190	6	
186	189	-5	
184	189	3	
216	221	4	
221	229	-4	
224	229	-2	
392	396	-4	
396	404	-2	
403	404	-4	
392	399	3	
114	178	-3	
178	180	3	
176	180	2	
112	176	2	
468	476	-2	
472	476	3	
472	479	3	
471	479	3	
68	76	-4	
74	76	-2	
71	79	-3	
67	71	-2	
433	439	-2	
497	500	-3	
432	496	3	
376	380	-5	
377	380	-4	
441	444	3	
171	235	-2	
235	236	-3	
233	236	3	
169	233	-2	
333	341	1	
337	341	4	
334	342	2	
331	334	-5	
97	100	3	
98	162	3	
162	166	-3	
161	166	-3	
82	84	-2	
83	84	2	
83	147	-2	
146	148	-5	
82	146	1	
284	292	4	
288	292	3	
347	411	-1	
410	413	2	
346	410	-3	
240	245	3	
242	306	-2	
306	310	-4	
240	304	3	
201	204	-3	
204	212	-1	
209	212	2	
209	214	-3	
206	214	-2	
201	206	-1	
257	263	-4	
258	263	-2	
258	322	4	
321	324	-2	
257	321	-1	
1	4	3	
2	4	5	
3	5	4	
52	60	-2	
57	61	-2	
53	61	2	
51	53	-3	
43	45	-2	
107	108	-4	
41	105	1	
123	125	-3	
121	127	-4	
26	31	3	
27	91	-3	
91	93	4	
26	90	-3	
485	493	2	
489	493	-3	
487	495	2	
459	462	-5	
451	454	-4	
200	205	-5	
202	266	2	
266	269	-2	
264	269	2	
200	264	-3	
152	159	2	
153	159	-1	
153	217	-3	
216	220	2	
152	216	4	
33	36	3	
33	39	3	
130	133	-2	
297	301	2	
299	303	-2	
299	302	-4	
506	509	3	
352	356	3	
353	358	2	
355	359	-4	
11	12	-3	
9	13	-3	
248	254	5	
265	271	-2	
267	331	-2	
379	443	-2	
442	447	2	
149	157	-3	
155	157	3	
155	158	-1	
150	158	3	
291	293	4	
96	160	2	
273	279	2	
428	436	2	
435	438	-3	
430	438	3	
80	85	3	
83	85	-3	
81	86	2	
81	87	-3	
114	116	2	
49	113	4	
74	77	2	
74	138	3	
72	136	-2	
344	349	3	
346	351	-3	
344	350	-3	
419	483	3	
483	484	3	
336	340	-4	
339	343	4	
178	182	2	
178	242	-2	
177	241	2	
88	92	4	
91	94	2	
228	236	-1	
234	236	-3	
229	237	-1	
24	28	-2	
26	30	-3	
24	29	-4	
408	412	4	
473	476	4	
256	263	3	
259	323	-2	
256	320	3	
305	308	-2	
307	311	-3	
448	452	3	
458	460	-4	
465	469	-2	
464	469	2	
194	198	-2	
194	197	3	
18	21	-3	
18	23	3	
17	22	2	
299	300	-2	
299	363	-2	
362	365	-3	
298	362	-3	
42	46	3	
42	106	2	
387	389	1	
385	391	-3	
184	191	-3	
170	174	-2	
169	174	-3	
169	173	3	
393	396	-4	
392	397	-2	
56	61	4	
59	62	4	
211	215	4	
208	214	1	
73	78	-2	
75	139	3	
137	142	-3	
73	137	4	
432	437	-2	
238	246	1	
243	247	3	
418	421	-6	
481	486	-3	
417	481	3	
65	68	-2	
315	316	-3	
314	319	-4	
489	492	-4	
491	494	3	
106	109	-3	
106	111	2	
103	111	3	
467	471	3	
364	372	2	
370	375	3	
361	367	3	
218	221	-3	
222	230	2	
266	270	2	
264	328	-2	
148	156	3	
151	159	3	
145	151	4	
48	52	-4	
48	55	3	
43	47	3	
115	179	-2	
179	183	-3	
176	183	-2	
354	357	-3	
353	357	3	
497	502	-1	
497	503	-5	
405	413	3	
409	413	1	
407	415	-3	
129	135	4	
450	455	3	
203	204	3	
200	206	2	
442	444	3	
33	97	-2	
32	96	-3	
488	495	-3	
219	223	-1	
163	164	3	
160	167	3	
322	327	-1	
9	15	4	
2	6	2	
261	269	-3	
499	501	-2	
104	108	-2	
108	116	2	
114	118	2	
110	118	-1	
432	438	-2	
404	412	-1	
406	414	3	
402	406	-1	
368	372	2	
368	374	-3	
351	359	3	
347	351	-2	
309	317	3	
312	317	-3	
310	318	-3	
425	431	-3	
43	46	4	
51	54	-4	
90	154	2	
89	153	2	
230	238	2	
233	238	-1	
231	239	-2	
466	470	2	
64	68	1	
64	71	4	
384	389	4	
394	399	2	
262	270	1	
19	83	-2	
177	181	2	
481	484	-3	
482	487	1	
105	111	4	
107	171	-1	
246	254	3	
251	254	1	
247	255	-2	
411	415	3	
193	197	2	
386	390	1	
289	292	3	
289	294	2	
290	294	2	
288	295	-3	
153	158	2	
147	149	-2	
281	284	3	
282	286	2	
280	285	-2	
433	436	3	
87	95	3	
205	213	-2	
207	215	-1	
203	207	2	
35	99	2	
34	98	3	
36	44	2	
37	45	1	
32	37	-2	
138	142	2	
417	420	-3	
400	404	2	
403	467	-3	
330	332	-2	
218	220	-2	
214	222	-1	
345	348	4	
348	356	-2	
345	350	-3	
49	53	2	
51	115	-2	
8	14	4	
9	73	1	
128	134	-3	
441	445	4	
251	315	2	
165	173	2	
170	173	1	
167	175	-2	
162	167	2	
3	67	-3	
242	246	2	
25	28	-3	
22	30	1	
488	494	-1	
387	451	-3	
449	453	-3	
227	228	2	
224	288	1	
369	373	-3	
304	368	2	
431	439	-3	
505	511	-3	
113	117	4	
117	125	-2	
119	127	2	
179	182	-2	
182	190	-1	
183	191	2	
91	155	-1	
88	152	1	
202	204	-4	
203	267	1	
267	268	2	
401	405	2	
137	141	-3	
139	143	2	
80	84	-3	
81	145	-1	
80	144	-2	
170	234	1	
232	237	-2	
168	232	-3	
274	278	3	
338	341	1	
280	287	3	
41	44	-2	
41	47	-3	
39	47	-1	
258	260	-2	
328	333	-3	
329	393	2	
328	392	-3	
472	478	-2	
0	64	3	
56	60	-2	
55	63	1	
461	469	-1	
465	471	-1	
463	471	1	
459	463	3	
449	452	-2	
296	303	4	
322	325	3	
320	326	2	
498	500	-2	
496	502	-2	
314	318	-4	
40	45	3	
65	69	-1	
69	77	-3	
353	359	-1	
256	261	-3	
98	103	-1	
201	265	2	
264	268	-2	
281	285	2	
467	468	1	
332	340	1	
329	334	-1	
82	85	-2	
169	172	-3	
171	172	1	
168	175	2	
507	510	-3	
106	108	-3	
104	109	2	
226	231	-2	
70	78	-2	
57	63	2	
482	485	-2	
275	279	-3	
272	277	2	
250	255	4	
249	255	2	
330	394	-1	
308	316	-2	
93	101	-1	
283	284	2	
287	295	2	
297	361	-1	
114	119	-2	
371	435	3	
370	434	1	
474	476	2	
17	81	1	
259	262	-2	
216	222	2	
202	207	2	
496	503	1	
243	244	-3	
242	247	-3	
363	427	-2	
86	94	3	
283	347	2	
346	349	3	
282	346	1	
458	461	1	
457	462	-1	
112	116	2	
377	382	1	
375	383	-1	
225	229	2	
400	405	-1	
99	102	2	
102	110	-2	
210	213	-2	
210	274	-1	
208	272	-1	
291	294	1	
168	174	-2	
484	492	1	
180	188	-1	
323	326	2	
331	335	-2	
130	194	2	
192	199	-2	
128	192	-2	
464	470	2	
475	479	-3	
356	364	3	
363	364	-1	
357	365	-2	
57	121	1	
456	460	-2	
243	307	1	
271	279	-1	
164	172	2	
12	20	-1	
14	22	-1	
480	485	2	
486	494	1	
89	92	2	
306	370	-1	
296	300	2	
298	302	-1	
195	196	2	
276	284	-1	
185	249	-2	
184	248	-1	
427	430	-2	
237	245	-1	
234	239	3	
135	143	2	
131	135	-2	
313	377	-2	
386	450	-2	
371	372	-1	
368	432	1	
129	193	1	
359	367	1	
161	165	-1	
161	225	3	
160	224	-2	
147	150	-3	
187	251	-2	
186	250	-1	
10	74	2	
344	408	1	
152	156	2	
311	319	-2	
393	457	-1	
235	237	-1	
506	508	-2	
120	124	-1	
50	55	-2	
227	231	1	
345	409	1	
245	253	-1	
154	157	-2	
131	195	1	
352	416	-1	
30	38	-1	
298	301	2	
401	407	2	
451	455	1	
31	39	-1	
144	148	-1	
336	342	1	
107	110	-1	
413	421	1	
113	177	-1	
322	386	1	
321	385	2	
426	490	1	
290	293	-1	
176	240	-2	
54	62	1	
369	433	1	
163	227	-1	
442	506	-1	
179	243	-2	
440	504	-1	
420	428	1	
422	430	1	
291	355	-1	
288	352	-1	
306	308	-1	
19	21	-1	
211	275	-1	
209	273	1	
378	380	-1	
241	246	1	
292	300	-1	
289	293	1	
440	446	-1	
72	79	1	
Energy:	-2922	
