NumberOfQubits	504	
NumberOfSubgraphs	756	
Serial	308	
PlantedSolution:	
0	-1	
1	-1	
2	1	
3	1	
4	-1	
5	-1	
6	-1	
8	1	
9	1	
10	1	
11	-1	
12	-1	
13	1	
14	-1	
15	-1	
16	-1	
17	1	
18	-1	
19	-1	
20	1	
21	-1	
22	1	
23	1	
24	1	
25	-1	
26	-1	
27	1	
28	-1	
29	-1	
30	-1	
31	1	
32	1	
33	1	
34	-1	
35	1	
36	-1	
37	1	
38	-1	
39	1	
40	1	
41	1	
42	-1	
43	-1	
44	1	
45	-1	
46	-1	
47	1	
48	1	
49	1	
50	-1	
51	-1	
52	1	
53	1	
54	-1	
55	-1	
56	1	
57	1	
58	1	
59	1	
60	-1	
61	-1	
62	-1	
63	1	
64	1	
65	1	
66	1	
67	-1	
68	-1	
69	1	
70	1	
71	-1	
72	-1	
73	1	
74	1	
75	1	
76	-1	
77	1	
78	-1	
79	-1	
80	1	
81	1	
82	-1	
83	-1	
84	-1	
85	-1	
86	-1	
87	-1	
88	1	
89	1	
90	-1	
91	-1	
92	1	
93	1	
94	1	
95	1	
96	1	
97	1	
98	1	
99	-1	
100	1	
101	-1	
102	1	
103	-1	
104	-1	
105	-1	
106	1	
107	-1	
108	-1	
109	1	
110	-1	
111	-1	
112	-1	
113	1	
114	-1	
115	-1	
116	1	
117	-1	
118	-1	
119	-1	
120	-1	
121	1	
123	1	
124	1	
125	1	
126	1	
127	-1	
128	1	
129	1	
130	-1	
131	-1	
132	-1	
133	-1	
134	-1	
135	1	
136	1	
137	1	
138	-1	
139	1	
141	-1	
142	-1	
143	-1	
144	-1	
145	-1	
146	-1	
147	-1	
148	1	
149	-1	
150	-1	
151	1	
152	1	
153	1	
154	-1	
155	1	
156	1	
157	1	
158	-1	
159	-1	
160	-1	
161	-1	
162	1	
163	-1	
164	-1	
165	-1	
166	-1	
167	-1	
168	-1	
169	-1	
170	-1	
171	1	
172	-1	
173	1	
174	1	
175	1	
176	-1	
177	1	
178	-1	
179	1	
180	-1	
181	1	
182	1	
183	-1	
184	1	
185	-1	
186	-1	
187	1	
188	-1	
189	1	
190	-1	
191	-1	
192	-1	
193	1	
194	-1	
195	-1	
196	1	
197	-1	
198	1	
199	1	
200	1	
201	1	
202	-1	
203	-1	
204	1	
205	1	
206	-1	
207	1	
208	1	
209	-1	
210	1	
211	1	
212	-1	
213	-1	
214	1	
215	-1	
216	1	
217	1	
218	1	
219	-1	
220	-1	
221	-1	
222	1	
223	-1	
224	1	
225	1	
226	-1	
227	-1	
228	-1	
229	-1	
230	-1	
231	-1	
232	1	
233	-1	
234	1	
235	-1	
236	1	
237	1	
238	-1	
239	1	
240	-1	
241	-1	
242	1	
243	-1	
244	-1	
245	-1	
246	-1	
247	1	
248	-1	
249	-1	
250	-1	
251	-1	
252	1	
253	1	
254	-1	
255	-1	
256	-1	
257	1	
258	1	
259	-1	
260	1	
261	-1	
262	1	
263	1	
264	1	
265	-1	
266	1	
267	1	
268	-1	
269	1	
270	1	
271	-1	
272	1	
273	1	
274	-1	
275	1	
276	-1	
277	-1	
278	1	
279	1	
280	1	
281	-1	
282	1	
283	1	
284	-1	
285	1	
286	-1	
287	1	
288	1	
289	-1	
290	1	
291	1	
292	-1	
293	-1	
294	1	
295	1	
296	1	
297	1	
298	1	
299	-1	
300	1	
301	1	
302	-1	
303	1	
304	-1	
305	-1	
306	1	
307	-1	
308	-1	
309	-1	
310	1	
311	-1	
312	-1	
313	1	
314	-1	
315	1	
316	-1	
317	1	
318	1	
319	-1	
320	1	
321	-1	
322	-1	
323	1	
324	1	
325	1	
326	1	
327	1	
328	1	
329	1	
330	-1	
331	1	
332	-1	
333	-1	
334	1	
335	1	
336	-1	
337	1	
338	1	
339	1	
340	1	
341	1	
342	-1	
343	-1	
344	-1	
345	1	
346	-1	
347	1	
348	1	
349	1	
350	1	
351	1	
352	1	
353	-1	
354	1	
355	-1	
356	1	
357	-1	
358	1	
359	1	
361	-1	
362	1	
363	-1	
364	1	
365	-1	
367	1	
368	1	
369	1	
370	1	
371	-1	
372	1	
373	-1	
374	-1	
375	1	
376	1	
377	1	
378	1	
379	-1	
380	1	
382	-1	
383	1	
384	1	
385	-1	
386	-1	
387	-1	
388	1	
389	1	
390	-1	
391	1	
392	-1	
393	1	
394	-1	
396	-1	
397	-1	
398	1	
399	1	
400	1	
401	-1	
402	1	
403	1	
404	1	
405	-1	
406	1	
407	1	
408	-1	
409	1	
410	-1	
411	-1	
412	-1	
413	1	
414	-1	
415	1	
416	1	
417	-1	
418	-1	
419	1	
420	1	
421	-1	
422	-1	
424	1	
425	1	
426	-1	
427	1	
428	1	
429	1	
430	-1	
431	-1	
432	1	
433	1	
434	-1	
435	-1	
436	-1	
437	1	
438	1	
439	-1	
440	1	
441	-1	
442	1	
443	-1	
444	1	
445	-1	
446	-1	
447	1	
448	-1	
449	1	
450	-1	
451	-1	
452	1	
453	-1	
454	-1	
455	-1	
456	-1	
457	1	
458	1	
459	-1	
460	-1	
461	1	
462	1	
463	-1	
464	-1	
465	1	
466	1	
467	-1	
468	-1	
469	1	
470	1	
471	-1	
472	-1	
473	1	
474	-1	
475	-1	
476	-1	
477	-1	
478	-1	
479	-1	
480	-1	
481	-1	
482	-1	
483	1	
484	-1	
485	-1	
486	1	
487	1	
488	-1	
489	1	
490	-1	
491	-1	
492	1	
493	1	
494	-1	
495	1	
496	-1	
497	-1	
498	1	
499	-1	
500	-1	
501	-1	
502	-1	
503	1	
504	1	
505	-1	
506	-1	
507	-1	
508	-1	
509	1	
510	1	
511	-1	
Js:	
346	349	2	
347	349	-4	
347	411	3	
411	415	5	
410	415	-1	
346	410	-1	
216	220	4	
217	220	4	
217	223	4	
219	223	4	
219	222	4	
216	222	-4	
393	398	-3	
398	406	-3	
401	406	3	
401	407	3	
399	407	-3	
393	399	-3	
417	421	-7	
418	421	-4	
418	482	4	
482	486	5	
481	486	4	
417	481	-3	
233	237	5	
237	245	2	
240	245	4	
240	246	-6	
238	246	-2	
233	238	-4	
448	452	6	
451	452	3	
451	453	-5	
449	453	4	
449	455	3	
448	455	-4	
128	132	4	
129	132	6	
129	133	4	
130	133	-4	
130	135	4	
128	135	6	
273	276	4	
274	276	-5	
274	278	4	
275	278	-5	
275	277	4	
273	277	-5	
9	14	4	
11	14	-5	
11	75	3	
75	79	4	
73	79	4	
9	73	2	
368	373	5	
369	373	4	
369	375	-4	
371	375	4	
371	374	-7	
368	374	4	
162	164	-3	
164	172	-3	
171	172	3	
171	173	-3	
165	173	1	
162	165	6	
57	60	4	
59	60	3	
59	62	6	
56	62	-5	
56	63	-5	
57	63	-4	
281	285	5	
282	285	4	
282	286	2	
283	286	5	
283	287	-4	
281	287	4	
226	228	-3	
227	228	3	
227	229	-3	
224	229	4	
224	230	2	
226	230	-4	
338	340	-4	
340	348	-2	
344	348	3	
344	350	5	
342	350	-3	
338	342	5	
466	469	-3	
469	477	3	
472	477	-3	
472	479	-4	
471	479	-2	
466	471	5	
250	254	-6	
251	254	-1	
251	315	3	
315	318	-3	
314	318	6	
250	314	2	
24	31	-3	
25	31	3	
25	89	2	
89	94	-6	
88	94	4	
24	88	-3	
184	188	5	
186	188	-3	
186	190	-4	
187	190	4	
187	191	-3	
184	191	3	
16	21	-5	
21	29	-2	
27	29	6	
27	30	-3	
22	30	5	
16	22	4	
321	326	5	
322	326	4	
322	386	-2	
386	391	-4	
385	391	4	
321	385	-2	
138	142	-5	
139	142	5	
139	203	-5	
203	206	-3	
202	206	-3	
138	202	-5	
264	269	-7	
267	269	-3	
267	331	-3	
331	334	-2	
328	334	-5	
264	328	-3	
489	493	5	
493	501	3	
497	501	-1	
497	502	-6	
494	502	-2	
489	494	4	
296	300	-6	
300	308	2	
304	308	-6	
304	309	-3	
301	309	3	
296	301	-3	
91	93	4	
93	101	3	
96	101	-2	
96	103	4	
95	103	2	
91	95	4	
377	383	4	
378	383	-3	
378	442	-5	
442	444	-5	
441	444	4	
377	441	4	
456	460	-6	
460	468	-2	
465	468	4	
465	470	-3	
462	470	-2	
456	462	-4	
288	292	4	
289	292	-2	
289	295	6	
290	295	-3	
290	294	-4	
288	294	5	
42	45	-4	
45	53	-1	
51	53	4	
51	55	-5	
47	55	2	
42	47	4	
208	212	3	
210	212	-4	
210	214	-4	
209	214	3	
209	215	-3	
208	215	4	
1	5	-5	
3	5	5	
3	67	4	
67	71	-3	
65	71	7	
1	65	4	
177	180	3	
179	180	6	
179	243	2	
243	247	5	
241	247	5	
177	241	3	
80	85	-4	
83	85	-4	
83	87	-4	
81	87	5	
81	86	3	
80	86	4	
434	436	-5	
435	436	-5	
435	439	-4	
432	439	3	
432	437	-6	
434	437	2	
352	356	-5	
356	364	-2	
361	364	4	
361	367	5	
359	367	1	
352	359	-4	
256	260	2	
258	260	-2	
258	263	-5	
259	263	5	
259	262	3	
256	262	6	
424	428	-3	
425	428	-5	
425	431	4	
426	431	-4	
426	430	-5	
424	430	3	
192	196	2	
194	196	5	
194	198	3	
193	198	2	
193	197	7	
192	197	-4	
112	117	-5	
114	117	1	
114	118	-4	
113	118	4	
113	119	4	
112	119	-5	
32	36	3	
35	36	-2	
35	37	-4	
33	37	-4	
33	38	3	
32	38	4	
10	12	4	
12	20	3	
18	20	-4	
18	23	2	
15	23	3	
10	15	4	
41	46	3	
43	46	-5	
43	107	-4	
107	111	-4	
105	111	-5	
41	105	4	
298	302	5	
299	302	-3	
299	363	-4	
363	365	5	
362	365	4	
298	362	-4	
152	157	-4	
155	157	-5	
155	159	3	
153	159	5	
153	158	4	
152	158	4	
121	125	-4	
123	125	-3	
123	126	2	
120	126	4	
120	127	-5	
121	127	3	
66	69	-3	
69	77	-5	
72	77	2	
72	78	-4	
70	78	4	
66	70	-3	
320	325	-4	
323	325	-5	
323	387	1	
387	390	3	
384	390	4	
320	384	-3	
168	174	-2	
174	182	-3	
176	182	5	
176	183	-5	
175	183	2	
168	175	5	
505	508	-7	
507	508	-4	
507	511	-6	
504	511	4	
504	510	-6	
505	510	4	
336	341	5	
339	341	3	
339	403	-2	
403	404	-4	
400	404	-3	
336	400	2	
490	492	4	
492	500	4	
498	500	2	
498	503	-6	
495	503	1	
490	495	7	
145	148	6	
146	148	4	
146	149	-3	
144	149	-5	
144	151	3	
145	151	5	
416	420	-4	
419	420	-5	
419	483	-6	
483	485	4	
480	485	-4	
416	480	3	
136	143	3	
137	143	4	
137	201	-5	
201	205	4	
200	205	-4	
136	200	-3	
248	253	6	
249	253	5	
249	313	2	
313	317	-5	
312	317	5	
248	312	1	
98	100	-7	
100	108	2	
106	108	4	
106	110	2	
102	110	4	
98	102	3	
376	382	2	
379	382	-7	
379	443	-3	
443	446	-5	
440	446	6	
376	440	4	
265	271	2	
266	271	4	
266	330	5	
330	333	-3	
329	333	2	
265	329	7	
48	52	-5	
49	52	-3	
49	55	4	
50	55	-4	
50	54	5	
48	54	5	
393	397	5	
394	397	-3	
394	458	4	
458	461	-4	
457	461	6	
393	457	-3	
225	228	4	
228	236	3	
232	236	-2	
232	239	-3	
231	239	5	
225	231	-1	
473	476	5	
475	476	5	
475	478	-4	
474	478	-6	
474	477	-4	
473	477	5	
161	165	-4	
163	165	-2	
163	166	-4	
160	166	-2	
160	167	-6	
161	167	-5	
305	308	-4	
307	308	-4	
307	311	3	
306	311	4	
306	310	-3	
305	310	5	
409	412	3	
410	412	-5	
410	413	5	
408	413	-1	
408	414	-4	
409	414	4	
290	293	3	
291	293	4	
291	355	-3	
355	357	-4	
354	357	5	
290	354	-3	
0	4	-4	
2	4	4	
2	66	4	
66	68	4	
64	68	6	
0	64	4	
242	244	6	
244	252	3	
248	252	-4	
248	255	-4	
247	255	3	
242	247	-4	
82	84	-2	
84	92	3	
90	92	4	
90	94	4	
86	94	-2	
82	86	-4	
104	108	-7	
108	116	1	
115	116	3	
115	117	-6	
109	117	-1	
104	109	3	
321	324	4	
324	332	6	
328	332	3	
328	335	2	
327	335	-4	
321	327	3	
272	276	4	
276	284	-4	
280	284	5	
280	287	-3	
279	287	-3	
272	279	4	
345	350	-3	
350	358	-4	
353	358	5	
353	359	-1	
351	359	-5	
345	351	-4	
387	388	-2	
388	396	6	
392	396	-3	
392	397	-5	
389	397	4	
387	389	4	
152	156	-4	
154	156	4	
154	218	-2	
218	221	5	
216	221	3	
152	216	-3	
8	13	-4	
10	13	-3	
10	74	-4	
74	76	2	
72	76	4	
8	72	3	
34	36	-5	
36	44	-3	
40	44	-4	
40	47	-3	
39	47	-2	
34	39	2	
178	180	-1	
180	188	-1	
185	188	2	
185	189	4	
181	189	-2	
178	181	6	
450	454	-3	
454	462	3	
459	462	4	
459	463	-4	
455	463	-2	
450	455	-5	
424	429	6	
427	429	-3	
427	491	5	
491	494	-6	
488	494	-4	
424	488	3	
146	150	-5	
147	150	-4	
147	211	-3	
211	213	3	
210	213	3	
146	210	2	
337	343	-5	
338	343	2	
338	402	-2	
402	405	4	
401	405	-4	
337	401	2	
130	134	3	
131	134	-5	
131	195	-3	
195	199	5	
194	199	4	
130	194	-2	
369	372	-5	
370	372	-5	
370	434	-2	
434	438	4	
433	438	-5	
369	433	-2	
170	175	1	
171	175	-3	
171	235	3	
235	236	-4	
234	236	-4	
170	234	4	
499	501	-5	
501	509	3	
506	509	-4	
506	510	4	
502	510	2	
499	502	-2	
257	260	-5	
260	268	5	
264	268	3	
261	269	-4	
257	261	5	
19	20	3	
20	28	3	
26	28	3	
26	31	6	
23	31	-2	
19	23	4	
97	100	-2	
99	102	3	
99	101	-4	
97	101	5	
464	468	-4	
466	468	4	
466	470	-4	
467	470	-4	
467	469	4	
464	469	6	
57	61	3	
58	61	4	
58	63	-4	
59	63	-3	
57	62	4	
440	445	4	
443	445	-4	
443	447	1	
441	447	-5	
441	446	-2	
312	316	-4	
314	316	-5	
314	378	2	
378	380	-4	
376	380	-5	
312	376	-2	
298	301	-2	
299	301	5	
299	303	4	
297	303	3	
297	302	5	
200	204	-3	
203	204	2	
203	205	4	
201	207	-3	
200	207	-5	
480	484	5	
483	484	2	
483	487	-3	
482	487	3	
480	486	2	
432	438	3	
433	497	5	
497	500	-2	
496	500	-6	
432	496	2	
137	141	4	
141	149	-2	
145	149	-3	
143	151	-1	
251	253	5	
315	319	5	
313	319	-5	
354	358	-2	
355	358	6	
355	419	-1	
419	422	3	
418	422	-5	
354	418	2	
116	124	-7	
121	124	-4	
121	126	4	
118	126	6	
115	118	-3	
0	6	-5	
3	6	5	
67	70	5	
64	70	4	
265	270	5	
266	270	-3	
330	334	3	
329	334	4	
105	109	4	
106	109	-3	
106	170	3	
170	173	-4	
169	173	4	
105	169	-2	
17	21	3	
24	29	3	
24	30	4	
17	22	-3	
90	93	2	
91	155	-2	
155	156	-2	
90	154	-2	
161	166	-2	
163	227	-3	
225	229	6	
161	225	4	
73	76	3	
75	76	4	
75	77	-5	
74	77	-3	
74	79	4	
280	285	-4	
285	293	1	
289	293	-5	
289	294	3	
286	294	3	
280	286	-3	
320	326	3	
386	389	2	
384	389	-6	
402	404	3	
404	412	3	
406	414	3	
402	406	-1	
363	364	4	
364	372	-3	
368	372	-2	
365	373	-5	
275	279	-3	
275	339	-3	
339	342	4	
336	342	-2	
272	336	2	
128	134	5	
195	198	3	
192	198	4	
128	192	2	
81	84	5	
83	84	-3	
80	87	3	
81	85	4	
420	428	-2	
425	430	3	
422	430	-2	
416	422	-2	
176	181	-1	
177	181	-6	
177	183	3	
179	183	2	
179	182	-2	
472	476	-4	
475	479	-3	
474	479	-3	
472	478	-2	
208	214	-3	
214	222	-2	
217	222	-4	
215	223	-3	
337	341	-5	
341	349	-2	
344	349	5	
344	351	3	
343	351	3	
52	60	-4	
56	60	2	
56	61	6	
53	61	4	
48	53	-2	
241	245	-4	
243	245	-4	
243	307	-3	
307	309	-3	
305	309	2	
241	305	-2	
436	444	-5	
442	447	-5	
439	447	4	
35	38	6	
35	99	-3	
99	103	-4	
97	103	3	
33	97	-4	
9	13	-3	
11	13	4	
8	14	4	
8	15	4	
9	15	-4	
281	284	-1	
282	284	4	
282	346	4	
346	348	4	
345	348	3	
281	345	5	
230	238	-5	
235	238	-3	
235	239	3	
226	231	4	
392	399	3	
394	399	5	
458	463	5	
456	463	-3	
392	456	-3	
123	127	-4	
123	187	-2	
187	189	-4	
184	189	-2	
120	184	2	
240	244	-3	
242	306	-2	
304	310	2	
240	304	-3	
506	508	-4	
507	509	-2	
505	509	5	
505	511	-1	
506	511	-5	
426	429	2	
491	495	3	
426	490	3	
403	405	3	
405	413	4	
411	413	3	
407	415	2	
403	407	-3	
40	46	4	
107	110	-5	
104	110	-3	
40	104	4	
258	262	-6	
262	270	-2	
267	270	-3	
267	271	6	
263	271	3	
209	212	-4	
212	220	-4	
218	220	3	
213	221	-3	
209	213	-4	
449	452	4	
451	454	-4	
448	454	-3	
325	333	5	
331	333	3	
331	335	4	
323	327	-5	
168	172	-4	
169	172	-3	
169	233	3	
232	237	-5	
168	232	2	
481	484	-4	
484	492	1	
489	492	-2	
485	493	2	
481	485	-4	
49	54	3	
50	114	-3	
114	119	-4	
49	113	-3	
374	382	2	
379	383	4	
375	383	-4	
291	292	4	
292	300	4	
296	303	4	
295	303	-5	
291	295	-2	
193	196	-4	
196	204	-3	
202	204	6	
202	207	2	
199	207	-2	
193	199	-2	
136	141	4	
139	141	4	
139	143	3	
138	143	-5	
136	142	4	
153	156	-3	
156	164	2	
160	164	-4	
159	167	1	
42	44	3	
37	45	4	
34	37	4	
353	356	6	
353	417	-2	
416	421	-4	
352	416	-3	
385	388	4	
393	396	4	
390	398	6	
385	390	2	
1	6	-3	
2	6	6	
65	69	-3	
185	191	-6	
186	191	4	
186	250	-3	
250	255	-5	
249	255	-4	
185	249	-3	
25	28	-4	
27	28	4	
27	91	2	
91	92	5	
89	92	2	
256	261	-5	
257	263	3	
272	278	-3	
272	277	3	
457	460	3	
459	460	-5	
458	462	-3	
499	500	3	
498	501	2	
496	503	1	
147	148	-2	
147	151	3	
144	150	-5	
145	150	-3	
465	469	-2	
465	471	3	
467	471	-4	
464	470	3	
130	132	-5	
128	133	3	
129	135	-3	
362	367	-6	
297	361	4	
17	20	-6	
19	21	-4	
16	23	4	
17	23	-3	
3	4	4	
4	12	-2	
8	12	3	
5	13	3	
306	309	5	
309	317	-2	
312	319	-4	
311	319	-4	
26	30	-2	
26	90	-3	
90	95	3	
88	95	-4	
153	157	-2	
157	165	4	
162	166	5	
158	166	3	
248	254	-3	
246	254	-4	
242	246	2	
112	116	-1	
120	124	3	
120	125	4	
117	125	5	
377	380	-4	
379	380	3	
441	445	-2	
32	37	-3	
41	45	3	
41	47	-4	
32	39	-5	
283	285	-2	
283	347	-4	
347	348	-4	
313	316	3	
315	317	3	
224	231	5	
226	290	2	
290	292	3	
224	288	-2	
211	212	2	
219	220	-4	
211	215	4	
320	324	-4	
328	333	4	
408	415	-3	
409	415	-5	
409	473	-4	
473	479	3	
408	472	-5	
186	189	4	
182	190	3	
178	182	-3	
68	76	-3	
71	79	-2	
64	71	-2	
197	205	3	
201	206	3	
198	206	4	
387	391	4	
387	451	-4	
450	453	-2	
386	450	-5	
18	22	4	
18	82	-5	
16	80	-4	
96	102	-5	
106	111	4	
103	111	-4	
486	494	3	
488	495	3	
487	495	2	
481	487	3	
370	373	3	
368	432	-3	
169	174	3	
170	174	5	
234	238	2	
336	340	6	
400	405	2	
51	52	3	
58	60	7	
58	62	3	
54	62	-2	
51	54	-3	
265	268	-3	
266	268	4	
73	78	4	
73	137	2	
72	136	2	
362	364	-3	
363	427	-1	
427	431	3	
362	426	1	
504	509	-4	
353	357	-2	
355	359	4	
307	310	3	
305	311	-4	
304	311	-2	
408	412	-4	
412	420	1	
417	420	-3	
417	422	-3	
414	422	-3	
372	380	-2	
370	375	-2	
339	343	3	
1	4	-4	
2	5	4	
0	5	3	
33	39	-5	
32	96	-3	
326	334	-3	
329	335	-3	
322	327	4	
195	197	3	
195	259	-2	
259	260	4	
193	257	-2	
88	92	-2	
88	93	-3	
85	93	-3	
241	246	-2	
219	221	3	
221	229	-1	
225	230	3	
222	230	2	
172	180	-4	
394	396	-2	
391	399	-4	
463	471	2	
48	55	3	
48	112	3	
476	484	-3	
482	484	-3	
482	485	-3	
477	485	1	
155	158	5	
154	158	-2	
154	159	-5	
152	159	-1	
210	274	3	
274	279	2	
273	279	-4	
209	273	3	
411	475	-4	
410	474	-3	
235	237	3	
235	299	2	
299	300	2	
232	296	-4	
425	489	-3	
488	493	3	
281	286	-2	
347	350	2	
187	188	3	
185	190	-3	
184	190	4	
203	207	4	
378	382	2	
442	445	2	
34	38	-5	
99	100	3	
34	98	2	
369	374	2	
371	435	-3	
435	438	2	
107	108	-1	
107	109	-3	
104	111	-1	
67	131	1	
131	132	-3	
65	129	-1	
147	149	-5	
224	228	2	
227	291	2	
288	293	2	
9	12	3	
11	15	3	
25	29	-4	
450	452	3	
449	454	3	
59	123	-3	
57	121	-3	
392	398	3	
50	53	2	
51	115	3	
349	357	3	
354	359	-3	
496	501	4	
499	503	4	
497	503	4	
496	502	-3	
161	164	-3	
162	167	1	
163	167	-3	
41	44	4	
43	44	3	
42	46	-5	
74	78	4	
82	87	-3	
17	81	-3	
200	206	3	
208	213	4	
211	275	-2	
208	272	-2	
419	421	3	
176	180	-3	
176	240	-1	
293	301	3	
297	301	-4	
400	406	5	
403	406	-3	
403	467	3	
400	464	3	
429	437	-2	
433	437	-2	
433	439	3	
431	439	-2	
424	431	3	
330	332	-3	
218	282	-1	
216	280	2	
427	430	4	
491	492	2	
171	174	-5	
443	507	4	
440	504	-2	
59	61	3	
250	252	4	
251	252	5	
249	254	-4	
315	316	3	
313	318	-4	
339	340	-3	
337	342	-3	
129	134	3	
361	365	-5	
367	375	2	
89	95	-3	
123	124	-4	
434	439	-2	
168	173	3	
233	239	3	
289	353	-2	
352	358	-1	
288	352	-2	
192	199	3	
194	258	3	
258	261	1	
192	256	3	
401	404	2	
402	466	-4	
401	465	4	
217	281	1	
323	324	1	
331	332	4	
18	21	-3	
19	83	-4	
82	85	-3	
274	277	-3	
96	100	-2	
98	162	-1	
96	160	2	
33	36	4	
40	45	3	
178	183	-4	
177	182	2	
480	487	4	
479	487	3	
64	69	-2	
498	502	3	
10	14	3	
72	79	-3	
456	461	2	
384	391	-2	
385	449	4	
384	448	3	
306	370	-3	
370	374	3	
304	368	2	
42	106	-2	
243	244	2	
242	245	2	
409	413	-3	
266	269	-2	
264	271	-1	
138	141	-2	
204	212	1	
206	214	2	
25	30	-3	
49	53	-5	
113	116	-4	
226	229	-3	
227	230	-4	
491	493	-2	
483	486	-3	
346	351	4	
166	174	-2	
167	175	4	
205	213	1	
207	215	-2	
363	367	4	
154	157	3	
310	318	-3	
312	318	2	
101	109	-2	
11	12	3	
386	390	-3	
451	455	-2	
438	446	3	
112	118	-1	
287	295	1	
394	398	3	
400	407	-3	
377	382	5	
376	383	-5	
87	95	2	
354	356	-3	
357	365	1	
65	68	1	
232	238	-2	
234	298	-2	
298	300	-4	
218	223	5	
218	222	-2	
26	29	-2	
475	477	-2	
470	478	2	
489	495	-2	
330	335	3	
259	323	3	
258	322	-3	
35	39	3	
338	341	-4	
277	285	2	
428	436	1	
432	436	1	
119	127	-4	
115	119	1	
76	84	-2	
78	86	1	
105	110	-2	
243	246	-2	
163	164	-3	
227	231	-3	
160	224	-3	
453	461	-3	
459	461	5	
148	156	-3	
151	159	-3	
146	151	3	
97	102	-4	
94	102	-1	
488	492	5	
234	239	-4	
413	421	-2	
411	414	-1	
385	389	2	
13	21	3	
137	142	3	
179	181	-2	
173	181	-3	
332	340	2	
336	343	-3	
335	343	2	
183	191	-2	
371	372	-1	
288	295	-3	
211	214	-4	
195	196	-2	
314	317	3	
410	414	-3	
474	476	2	
264	270	-4	
430	438	-1	
19	22	3	
467	468	-3	
503	511	2	
131	133	-3	
133	141	2	
135	143	2	
131	135	3	
337	340	-3	
240	247	-1	
274	338	1	
67	68	-4	
67	69	-3	
66	71	4	
201	204	3	
202	205	2	
267	268	3	
43	45	-3	
43	47	-3	
294	302	2	
291	294	1	
217	221	-3	
216	223	2	
371	373	1	
435	437	2	
251	255	2	
457	463	4	
457	462	-2	
73	77	-3	
75	78	-1	
27	31	-3	
92	100	2	
98	103	1	
473	478	-1	
322	324	3	
322	325	-2	
169	175	3	
283	284	3	
144	148	3	
330	394	-1	
328	392	-1	
411	412	-2	
345	409	-1	
386	388	-2	
368	375	2	
464	471	2	
426	428	3	
425	429	-3	
443	444	3	
441	505	-1	
273	278	-2	
278	286	3	
282	287	3	
89	93	-3	
229	237	-1	
234	237	-2	
402	407	-4	
352	357	3	
114	116	2	
249	252	-2	
80	84	3	
435	499	-2	
434	498	-3	
297	300	-2	
303	311	1	
344	408	-1	
155	219	-1	
442	446	2	
44	52	1	
275	276	-1	
24	28	-3	
437	445	4	
115	179	2	
112	176	-3	
396	404	-3	
315	379	1	
313	377	-1	
384	388	2	
245	253	2	
284	292	1	
162	226	2	
468	476	-1	
74	138	1	
302	310	2	
346	350	1	
38	46	1	
320	327	-2	
256	320	2	
265	269	1	
153	217	-2	
233	236	3	
280	344	1	
458	460	-2	
427	428	-2	
83	86	-2	
83	147	-1	
82	146	1	
178	242	2	
241	244	2	
306	308	1	
307	371	2	
298	303	1	
270	278	1	
271	279	2	
259	261	3	
323	326	-3	
257	321	2	
160	165	1	
448	453	-2	
333	341	1	
507	510	2	
99	163	1	
308	316	-1	
113	117	-2	
334	342	-1	
490	493	3	
134	142	-2	
452	460	2	
256	263	2	
28	36	-1	
29	37	1	
478	486	-1	
114	178	2	
14	22	1	
187	251	2	
184	248	2	
50	52	2	
504	508	2	
345	349	2	
210	215	2	
89	153	-2	
88	152	-2	
30	38	-1	
31	39	-1	
418	420	3	
98	101	-2	
440	447	1	
65	70	-2	
79	87	1	
113	177	-1	
91	94	-1	
296	302	-1	
105	108	-1	
75	139	-1	
236	244	2	
321	325	2	
145	209	1	
144	208	2	
269	277	1	
55	63	-2	
500	508	-1	
440	444	-1	
433	436	1	
329	332	-2	
348	356	-2	
347	351	1	
490	494	1	
305	369	-1	
170	172	-1	
220	228	-1	
257	262	-1	
142	150	1	
107	171	-1	
397	405	-1	
194	197	1	
129	193	-1	
442	506	1	
6	14	1	
16	20	-1	
Energy:	-3366	
