NumberOfQubits	504	
NumberOfSubgraphs	672	
Serial	89	
PlantedSolution:	
0	1	
1	-1	
2	-1	
3	-1	
4	1	
5	-1	
6	-1	
8	-1	
9	1	
10	-1	
11	1	
12	1	
13	1	
14	-1	
15	1	
16	1	
17	-1	
18	-1	
19	-1	
20	-1	
21	-1	
22	1	
23	1	
24	-1	
25	1	
26	1	
27	1	
28	1	
29	1	
30	1	
31	1	
32	1	
33	-1	
34	-1	
35	1	
36	1	
37	-1	
38	-1	
39	1	
40	1	
41	-1	
42	1	
43	1	
44	1	
45	1	
46	1	
47	-1	
48	-1	
49	1	
50	1	
51	1	
52	-1	
53	1	
54	-1	
55	1	
56	1	
57	1	
58	1	
59	-1	
60	-1	
61	1	
62	-1	
63	1	
64	-1	
65	1	
66	-1	
67	1	
68	-1	
69	1	
70	-1	
71	1	
72	1	
73	1	
74	1	
75	-1	
76	-1	
77	1	
78	1	
79	1	
80	-1	
81	-1	
82	1	
83	1	
84	-1	
85	1	
86	1	
87	1	
88	1	
89	-1	
90	1	
91	-1	
92	1	
93	1	
94	-1	
95	1	
96	-1	
97	-1	
98	-1	
99	-1	
100	-1	
101	-1	
102	1	
103	-1	
104	1	
105	1	
106	-1	
107	1	
108	1	
109	-1	
110	-1	
111	1	
112	-1	
113	1	
114	-1	
115	1	
116	-1	
117	-1	
118	1	
119	1	
120	-1	
121	-1	
123	-1	
124	1	
125	-1	
126	-1	
127	1	
128	1	
129	-1	
130	-1	
131	1	
132	1	
133	1	
134	1	
135	1	
136	1	
137	-1	
138	-1	
139	-1	
141	-1	
142	1	
143	-1	
144	-1	
145	-1	
146	-1	
147	1	
148	1	
149	1	
150	-1	
151	1	
152	-1	
153	-1	
154	1	
155	1	
156	-1	
157	1	
158	1	
159	1	
160	-1	
161	-1	
162	1	
163	-1	
164	-1	
165	-1	
166	-1	
167	-1	
168	-1	
169	-1	
170	1	
171	1	
172	-1	
173	1	
174	-1	
175	-1	
176	-1	
177	1	
178	-1	
179	1	
180	1	
181	1	
182	1	
183	-1	
184	-1	
185	1	
186	1	
187	-1	
188	-1	
189	1	
190	-1	
191	1	
192	1	
193	1	
194	-1	
195	-1	
196	1	
197	-1	
198	1	
199	-1	
200	-1	
201	-1	
202	-1	
203	1	
204	-1	
205	1	
206	-1	
207	-1	
208	-1	
209	-1	
210	1	
211	-1	
212	-1	
213	1	
214	1	
215	-1	
216	1	
217	-1	
218	1	
219	1	
220	-1	
221	1	
222	1	
223	-1	
224	1	
225	1	
226	1	
227	1	
228	1	
229	1	
230	1	
231	-1	
232	-1	
233	-1	
234	-1	
235	-1	
236	1	
237	1	
238	1	
239	1	
240	-1	
241	-1	
242	1	
243	1	
244	-1	
245	-1	
246	1	
247	-1	
248	-1	
249	1	
250	1	
251	-1	
252	-1	
253	-1	
254	-1	
255	-1	
256	1	
257	-1	
258	-1	
259	-1	
260	-1	
261	1	
262	-1	
263	1	
264	1	
265	-1	
266	1	
267	1	
268	1	
269	-1	
270	-1	
271	-1	
272	1	
273	-1	
274	1	
275	-1	
276	1	
277	1	
278	1	
279	-1	
280	1	
281	-1	
282	1	
283	1	
284	-1	
285	1	
286	1	
287	1	
288	1	
289	-1	
290	-1	
291	1	
292	-1	
293	-1	
294	-1	
295	1	
296	-1	
297	-1	
298	1	
299	1	
300	1	
301	1	
302	1	
303	1	
304	1	
305	1	
306	1	
307	1	
308	-1	
309	1	
310	-1	
311	-1	
312	1	
313	-1	
314	1	
315	-1	
316	-1	
317	-1	
318	1	
319	-1	
320	-1	
321	1	
322	-1	
323	-1	
324	1	
325	1	
326	-1	
327	-1	
328	-1	
329	-1	
330	-1	
331	1	
332	1	
333	1	
334	1	
335	-1	
336	1	
337	-1	
338	-1	
339	-1	
340	1	
341	-1	
342	1	
343	-1	
344	-1	
345	-1	
346	1	
347	-1	
348	-1	
349	1	
350	1	
351	-1	
352	1	
353	-1	
354	1	
355	1	
356	1	
357	1	
358	-1	
359	1	
361	1	
362	1	
363	1	
364	-1	
365	1	
367	-1	
368	1	
369	-1	
370	1	
371	1	
372	-1	
373	-1	
374	1	
375	1	
376	-1	
377	-1	
378	-1	
379	-1	
380	-1	
382	1	
383	1	
384	1	
385	-1	
386	1	
387	1	
388	1	
389	-1	
390	-1	
391	-1	
392	1	
393	-1	
394	-1	
396	-1	
397	1	
398	-1	
399	-1	
400	-1	
401	1	
402	1	
403	1	
404	1	
405	1	
406	-1	
407	-1	
408	1	
409	1	
410	-1	
411	1	
412	-1	
413	-1	
414	-1	
415	-1	
416	-1	
417	1	
418	1	
419	1	
420	1	
421	1	
422	-1	
424	-1	
425	-1	
426	1	
427	-1	
428	-1	
429	1	
430	1	
431	-1	
432	-1	
433	1	
434	-1	
435	-1	
436	1	
437	-1	
438	1	
439	1	
440	-1	
441	-1	
442	-1	
443	1	
444	-1	
445	-1	
446	1	
447	1	
448	1	
449	-1	
450	1	
451	-1	
452	-1	
453	-1	
454	1	
455	-1	
456	1	
457	-1	
458	-1	
459	-1	
460	1	
461	-1	
462	-1	
463	-1	
464	-1	
465	1	
466	1	
467	-1	
468	1	
469	-1	
470	1	
471	-1	
472	1	
473	1	
474	1	
475	-1	
476	-1	
477	1	
478	-1	
479	-1	
480	-1	
481	1	
482	1	
483	1	
484	-1	
485	1	
486	1	
487	-1	
488	1	
489	-1	
490	-1	
491	1	
492	1	
493	-1	
494	-1	
495	-1	
496	-1	
497	1	
498	1	
499	1	
500	1	
501	1	
502	1	
503	1	
504	1	
505	-1	
506	1	
507	1	
508	-1	
509	-1	
510	-1	
511	1	
Js:	
105	111	-4	
106	111	5	
106	170	-1	
170	173	-5	
169	173	2	
105	169	3	
266	268	-4	
267	268	-2	
267	269	4	
265	269	-4	
265	270	2	
266	270	4	
408	413	3	
411	413	4	
411	475	3	
475	478	-4	
472	478	5	
408	472	2	
48	52	-5	
49	52	3	
49	54	5	
51	54	5	
51	55	-3	
48	55	3	
27	28	-5	
28	36	-3	
35	36	-4	
35	38	3	
30	38	2	
27	30	-2	
352	356	-4	
353	356	-3	
353	357	3	
355	357	-3	
355	358	4	
352	358	6	
336	340	-3	
337	340	4	
337	343	-3	
339	343	2	
339	342	3	
336	342	-6	
91	92	3	
92	100	2	
96	100	-4	
96	101	3	
93	101	3	
91	93	2	
8	12	4	
9	12	3	
9	73	-4	
73	77	-3	
72	77	-6	
8	72	3	
112	116	-3	
113	116	2	
113	119	-6	
114	119	4	
114	118	4	
112	118	-5	
426	429	2	
429	437	2	
435	437	-4	
435	439	2	
431	439	2	
426	431	5	
153	156	2	
155	156	2	
155	158	-4	
152	158	4	
152	159	3	
153	159	4	
104	110	4	
107	110	2	
107	171	-2	
171	174	2	
168	174	4	
104	168	4	
376	380	-2	
377	380	-5	
377	441	-2	
441	446	5	
440	446	4	
376	440	3	
81	84	-3	
83	84	4	
83	86	-5	
82	86	-3	
82	85	-4	
81	85	-4	
393	398	-4	
398	406	4	
402	406	3	
402	407	4	
399	407	-3	
393	399	-4	
281	284	-3	
283	284	3	
283	285	-3	
282	285	-5	
282	286	-4	
281	286	4	
456	460	-4	
457	460	-4	
457	463	-6	
459	463	-2	
459	461	-3	
456	461	5	
128	132	-7	
129	132	-4	
129	134	5	
130	134	3	
130	135	5	
128	135	-4	
298	301	-5	
299	301	-3	
299	302	-5	
297	302	5	
297	303	3	
298	303	2	
481	485	-3	
482	485	-3	
482	487	-3	
480	487	-3	
480	486	2	
481	486	-3	
249	252	3	
251	252	-4	
251	315	-2	
315	319	-3	
313	319	-5	
249	313	-1	
233	237	2	
237	245	2	
242	245	4	
242	247	-2	
239	247	2	
233	239	5	
121	125	-5	
123	125	-2	
123	126	-5	
120	126	-4	
120	127	4	
121	127	-3	
40	44	-6	
42	44	-4	
42	45	3	
41	45	5	
41	46	3	
40	46	-4	
498	501	-3	
501	509	1	
506	509	4	
506	511	-4	
503	511	-2	
498	503	4	
184	188	1	
187	188	-5	
187	189	5	
185	189	-2	
185	191	-5	
184	191	6	
305	308	6	
307	308	-1	
307	310	4	
306	310	2	
306	309	-3	
305	309	-3	
272	276	2	
275	276	2	
275	278	2	
273	278	4	
273	277	2	
272	277	-3	
488	492	-4	
489	492	5	
489	495	-3	
491	495	3	
491	494	4	
488	494	3	
321	324	-4	
322	324	4	
322	327	2	
320	327	-4	
320	326	-3	
321	326	3	
368	373	6	
369	373	-3	
369	374	4	
370	374	-4	
370	375	-4	
368	375	-2	
448	452	3	
449	452	5	
449	453	-2	
451	453	-4	
451	454	3	
448	454	-4	
1	4	2	
2	4	7	
2	6	-4	
0	6	3	
0	5	5	
1	5	-5	
218	220	4	
220	228	2	
227	228	2	
227	230	-4	
222	230	-1	
218	222	-5	
16	21	3	
18	21	-3	
18	23	4	
17	23	-2	
17	22	5	
16	22	-4	
194	196	4	
196	204	3	
201	204	-4	
201	207	-3	
199	207	3	
194	199	-5	
146	149	6	
147	149	-4	
147	211	-1	
211	212	-6	
210	212	4	
146	210	2	
56	60	3	
58	60	5	
58	63	5	
57	63	-3	
57	61	-4	
56	61	-4	
378	382	4	
379	382	-3	
379	443	4	
443	447	-2	
442	447	4	
378	442	-1	
386	388	4	
387	388	-3	
387	389	3	
384	389	4	
384	390	5	
386	390	2	
64	68	-4	
67	68	3	
67	70	3	
65	70	4	
65	69	-5	
64	69	5	
208	213	4	
213	221	-4	
217	221	5	
217	223	-5	
215	223	-2	
208	215	5	
176	180	-1	
177	180	-6	
177	181	-2	
178	181	3	
178	182	4	
176	182	2	
161	164	-2	
162	164	2	
162	166	4	
163	166	-4	
163	167	3	
161	167	-3	
137	141	3	
138	141	-6	
138	142	5	
139	142	4	
139	143	-5	
137	143	-5	
465	468	-3	
466	468	-4	
466	471	4	
464	471	4	
464	469	-3	
465	469	2	
424	428	-5	
428	436	-1	
433	436	-3	
433	438	-4	
430	438	-3	
424	430	3	
290	292	-6	
291	292	2	
291	293	4	
288	293	4	
288	294	5	
290	294	-4	
329	333	4	
330	333	3	
330	334	4	
331	334	-3	
331	335	-4	
329	335	-2	
234	236	2	
236	244	-2	
240	244	-4	
240	246	5	
238	246	-2	
234	238	5	
257	261	2	
259	261	5	
259	262	-4	
256	262	-3	
256	263	-2	
257	263	5	
418	420	-5	
419	420	-4	
419	422	2	
417	422	5	
417	421	4	
418	421	-3	
362	364	5	
363	364	6	
363	367	5	
361	367	5	
361	365	-6	
362	365	-5	
248	254	2	
250	254	5	
250	314	-1	
314	318	-2	
312	318	-4	
248	312	2	
496	500	2	
500	508	3	
504	508	4	
504	510	3	
502	510	-2	
496	502	4	
346	348	5	
347	348	-3	
347	350	2	
345	350	4	
345	351	-4	
346	351	4	
24	31	5	
25	31	-3	
25	89	3	
89	94	4	
88	94	2	
24	88	4	
193	197	4	
197	205	4	
202	205	4	
202	206	-5	
198	206	4	
193	198	-4	
409	415	-3	
410	415	-3	
410	474	2	
474	477	-5	
473	477	-3	
409	473	-3	
10	15	3	
11	15	-3	
11	75	4	
75	76	-3	
74	76	4	
10	74	-5	
392	396	3	
396	404	3	
400	404	3	
400	405	4	
397	405	2	
392	397	-3	
33	39	4	
34	39	4	
34	98	-3	
98	103	4	
97	103	-6	
33	97	-4	
224	228	2	
226	228	-5	
226	231	4	
225	231	3	
225	229	-3	
224	229	-5	
144	148	3	
147	148	-4	
147	150	2	
145	150	-7	
145	151	4	
144	151	4	
128	133	-2	
131	133	3	
131	195	3	
195	198	5	
192	198	-3	
128	192	-2	
177	183	2	
179	183	4	
179	243	-3	
243	247	4	
241	247	3	
177	241	3	
264	271	3	
265	271	-4	
265	329	-3	
329	332	2	
328	332	-4	
264	328	4	
32	37	4	
35	37	3	
35	99	3	
99	102	4	
96	102	4	
32	96	-2	
289	292	-1	
292	300	3	
296	300	4	
296	303	5	
295	303	-3	
289	295	-2	
216	221	-2	
219	221	-2	
219	283	-3	
283	287	-4	
280	287	3	
216	280	-4	
401	404	-3	
403	404	-2	
403	467	4	
467	470	3	
465	470	-4	
401	465	-3	
26	29	-3	
27	29	-3	
27	91	3	
91	95	4	
90	95	4	
26	90	-4	
338	341	-3	
341	349	2	
344	349	5	
344	350	3	
342	350	-3	
338	342	2	
75	78	3	
78	86	-2	
80	86	2	
80	87	4	
79	87	1	
75	79	4	
154	157	-4	
157	165	1	
160	165	-5	
160	167	-4	
159	167	-1	
154	159	-3	
472	476	4	
476	484	-2	
483	484	2	
483	487	5	
479	487	1	
472	479	4	
321	325	-2	
323	325	4	
323	387	-1	
387	391	4	
385	391	-3	
321	385	2	
304	311	3	
307	311	4	
307	371	2	
371	372	4	
368	372	2	
304	368	-2	
105	108	-3	
108	116	-1	
115	116	3	
115	117	4	
109	117	-1	
105	109	2	
43	45	-3	
45	53	-2	
50	53	-3	
50	55	-3	
47	55	2	
43	47	5	
209	214	3	
210	214	-3	
210	274	1	
274	279	3	
273	279	-3	
209	273	-4	
450	454	-2	
454	462	-2	
458	462	-4	
458	463	-3	
455	463	-3	
450	455	5	
11	12	-5	
12	20	-3	
19	20	-4	
19	22	3	
14	22	2	
11	14	1	
136	143	-2	
139	203	3	
203	206	2	
200	206	-3	
136	200	5	
57	62	4	
59	62	-4	
59	123	-3	
123	124	-4	
121	124	4	
57	121	3	
434	436	3	
436	444	3	
442	444	-4	
442	445	3	
437	445	-3	
434	437	-1	
3	4	3	
3	67	-5	
67	71	-3	
66	71	4	
2	66	-4	
185	190	3	
186	190	5	
186	250	-4	
250	253	4	
249	253	-5	
185	249	-3	
409	412	4	
412	420	2	
416	420	5	
416	422	3	
414	422	-3	
409	414	2	
168	175	-4	
171	175	4	
171	235	3	
235	237	4	
232	237	2	
168	232	2	
425	428	-3	
426	428	3	
426	490	3	
490	493	-2	
489	493	2	
425	489	-4	
256	260	5	
259	260	-2	
259	263	2	
258	263	4	
258	261	3	
256	261	4	
353	359	4	
354	359	-6	
354	357	-4	
352	357	-2	
427	430	4	
432	438	-2	
432	439	4	
427	431	-4	
313	316	3	
314	316	4	
314	317	5	
312	317	3	
312	319	3	
498	500	-2	
499	500	-4	
499	501	-6	
497	501	3	
497	502	-4	
498	502	-2	
506	508	3	
507	508	2	
507	511	-6	
505	511	3	
505	510	-2	
506	510	5	
394	397	4	
394	458	-3	
458	461	-3	
392	456	3	
169	172	-4	
172	180	-3	
178	180	3	
173	181	-2	
376	383	5	
379	383	5	
443	445	4	
440	445	-4	
3	5	-3	
5	13	2	
10	13	-1	
10	14	-6	
6	14	-2	
3	6	-3	
184	189	3	
187	251	-4	
251	255	-5	
248	255	-4	
184	248	-3	
69	77	3	
72	79	-5	
71	79	-4	
65	71	-3	
322	325	4	
325	333	-3	
326	334	-3	
322	326	-4	
394	398	-3	
394	399	-4	
88	92	-2	
89	92	4	
90	94	2	
90	93	-2	
88	93	-3	
130	133	5	
195	199	-3	
130	194	-1	
33	38	-2	
38	46	2	
43	46	3	
39	47	3	
374	382	-4	
377	382	1	
377	383	3	
375	383	2	
369	375	4	
355	359	-2	
355	419	-2	
419	421	-5	
354	418	3	
289	293	-6	
290	293	1	
290	295	5	
288	295	-3	
289	294	-2	
99	100	-3	
100	108	3	
107	108	-5	
107	109	4	
101	109	-3	
99	101	-5	
17	20	-3	
18	20	-4	
18	82	4	
82	87	4	
81	87	3	
17	81	-4	
301	309	1	
304	309	-3	
304	310	3	
302	310	1	
298	302	-2	
52	60	-4	
58	61	-2	
53	61	-2	
48	53	3	
212	220	2	
214	222	-4	
211	214	5	
281	287	5	
281	345	-2	
344	351	-3	
280	344	1	
152	156	-4	
156	164	-3	
163	164	-3	
158	166	-3	
264	268	-4	
266	269	3	
267	270	4	
264	270	3	
162	165	3	
162	226	-3	
226	230	-2	
224	230	3	
160	224	2	
274	276	-4	
276	284	3	
282	284	-2	
278	286	-3	
274	278	-3	
451	452	-4	
449	455	-4	
448	455	3	
488	493	-1	
491	493	6	
490	495	-5	
490	494	-5	
145	148	-6	
146	148	3	
146	151	2	
144	150	-2	
66	68	-3	
68	76	-3	
73	76	4	
73	78	-3	
70	78	4	
66	70	-5	
112	117	-2	
115	119	-1	
113	118	-1	
468	476	-3	
474	476	4	
469	477	3	
466	469	3	
25	28	-2	
34	36	3	
34	37	-2	
29	37	-2	
25	29	-5	
482	484	4	
483	485	-3	
482	486	-3	
332	340	-3	
338	340	2	
338	343	-4	
335	343	-3	
328	335	-3	
136	142	3	
137	142	3	
137	201	-2	
200	207	-4	
410	413	-2	
411	415	3	
408	415	4	
408	414	3	
410	414	-5	
384	388	-3	
386	389	3	
385	389	-3	
385	390	-5	
361	364	1	
364	372	2	
371	373	3	
365	373	2	
232	236	2	
234	239	-3	
235	239	1	
235	238	4	
232	238	3	
403	405	-3	
467	471	-4	
400	464	-2	
97	102	3	
102	110	-4	
104	111	-4	
103	111	2	
241	245	-5	
242	306	-3	
306	311	4	
305	311	-3	
241	305	1	
176	183	-5	
243	246	-2	
176	240	1	
275	277	3	
275	339	3	
339	341	-3	
336	341	2	
272	336	-1	
19	21	-3	
19	83	4	
80	84	-3	
16	80	4	
192	196	-5	
203	204	4	
203	205	3	
192	197	3	
153	157	5	
155	157	-3	
155	219	-2	
219	223	3	
153	217	2	
433	439	3	
433	497	-2	
497	503	-4	
496	503	6	
432	496	-3	
363	427	2	
427	429	-5	
425	429	1	
361	425	3	
440	447	4	
441	447	4	
441	505	-3	
505	509	4	
504	509	5	
440	504	1	
56	62	-3	
56	120	2	
161	165	-4	
163	165	2	
163	227	3	
227	231	3	
161	225	2	
304	308	3	
308	316	-3	
315	316	-4	
315	317	1	
309	317	3	
299	300	4	
41	44	4	
42	46	-4	
320	324	4	
321	327	5	
323	327	-3	
323	326	-3	
9	13	-3	
13	21	4	
17	21	-2	
15	23	-5	
9	15	-1	
170	172	4	
171	172	3	
170	174	3	
257	260	-4	
258	262	-4	
475	477	4	
473	479	5	
185	188	-5	
186	188	3	
184	190	-3	
26	30	-5	
24	30	3	
459	460	5	
459	462	-4	
456	462	2	
456	463	2	
209	215	-3	
272	279	2	
208	272	4	
347	349	6	
345	349	1	
346	350	3	
51	53	3	
49	55	-2	
50	54	3	
248	252	-3	
250	252	2	
249	254	5	
248	253	-2	
74	138	1	
73	137	1	
417	481	-4	
481	484	4	
480	484	-3	
416	480	-4	
434	438	-2	
435	438	3	
435	499	2	
499	502	-4	
434	498	3	
393	396	-4	
401	406	1	
370	372	3	
372	380	2	
378	380	-5	
114	116	-3	
116	124	4	
120	124	2	
120	125	-6	
117	125	-3	
114	117	2	
0	4	-4	
1	65	3	
64	71	-2	
0	64	4	
291	294	4	
291	355	-2	
288	352	-3	
88	95	-4	
90	154	-2	
88	152	1	
443	446	-3	
443	507	-2	
507	509	2	
331	332	-3	
337	341	-4	
333	341	2	
331	333	-3	
384	391	1	
386	391	5	
386	450	4	
384	448	-2	
32	38	5	
34	38	-4	
98	100	-4	
202	207	-2	
193	199	3	
216	220	3	
218	282	2	
280	285	-3	
233	236	4	
243	244	2	
424	431	1	
425	431	-4	
424	488	3	
80	85	2	
82	146	-2	
144	149	5	
80	144	-1	
315	318	-4	
176	181	4	
179	181	-3	
179	182	-2	
178	183	3	
8	15	4	
106	108	-1	
104	109	2	
264	269	2	
221	229	2	
224	231	3	
223	231	-1	
209	213	3	
210	213	-4	
464	468	4	
475	476	-2	
470	478	2	
464	470	3	
408	412	3	
58	62	4	
56	63	-2	
357	365	-3	
362	367	-1	
359	367	3	
435	436	4	
118	126	2	
121	126	-3	
119	127	-5	
393	397	4	
400	407	-1	
420	428	1	
427	428	-3	
421	429	-2	
234	237	3	
242	246	2	
306	308	3	
306	370	1	
305	369	1	
86	94	3	
89	95	2	
87	95	-2	
83	87	-2	
74	77	-2	
74	78	-3	
299	363	-3	
298	362	-4	
259	323	1	
258	322	-2	
201	205	2	
275	279	-5	
274	338	2	
33	36	3	
99	103	-2	
483	486	-3	
486	494	2	
487	495	2	
2	5	-1	
131	134	4	
134	142	-2	
138	143	-2	
135	143	1	
131	135	-4	
387	451	4	
385	449	-2	
225	230	-3	
227	291	-3	
225	289	-2	
467	469	4	
465	471	4	
466	470	-4	
284	292	2	
287	295	-2	
497	500	-3	
504	511	3	
177	182	-3	
174	182	2	
169	174	-3	
458	460	1	
457	461	2	
457	462	-2	
186	189	-4	
250	255	-2	
310	318	-2	
313	318	2	
311	319	-2	
24	28	4	
26	31	3	
42	106	3	
106	110	-4	
105	110	-2	
41	105	2	
328	334	3	
330	394	1	
394	396	-3	
328	392	1	
84	92	3	
85	93	-4	
9	14	5	
1	6	4	
491	492	-3	
492	500	-2	
493	501	-2	
147	151	-3	
165	173	1	
170	175	2	
167	175	3	
232	239	3	
233	297	-2	
297	300	-2	
232	296	-2	
216	222	2	
219	222	-4	
283	286	-3	
280	286	-2	
376	382	4	
324	332	-2	
327	335	-2	
136	141	5	
139	141	-3	
200	205	3	
260	268	2	
266	271	-2	
263	271	3	
37	45	-2	
32	39	-3	
418	482	-3	
480	485	4	
443	444	3	
507	510	4	
442	506	-2	
241	244	-2	
244	252	-4	
247	255	-2	
371	435	-1	
432	437	-3	
368	432	2	
129	133	5	
129	193	2	
338	402	3	
402	405	-3	
401	405	3	
337	401	3	
228	236	2	
235	236	4	
229	237	-3	
226	229	-2	
409	413	-3	
475	479	-3	
50	52	4	
59	60	-2	
59	63	3	
55	63	-3	
65	68	3	
66	69	-1	
123	127	4	
98	101	1	
98	102	2	
94	102	1	
149	157	1	
151	159	-2	
387	390	-1	
16	23	2	
274	277	3	
277	285	-4	
448	453	4	
450	453	4	
449	454	3	
354	356	-3	
353	358	3	
273	276	3	
426	430	-2	
424	429	4	
438	446	-2	
439	447	-2	
240	245	-1	
245	253	-3	
246	254	3	
404	412	3	
407	415	1	
403	407	2	
202	204	-2	
204	212	2	
211	215	-2	
207	215	-2	
329	334	3	
334	342	2	
336	343	3	
432	436	2	
115	118	-2	
115	179	-3	
112	176	-3	
195	196	2	
195	259	2	
194	258	-2	
8	13	3	
11	13	-3	
154	156	3	
160	164	-4	
160	166	-2	
154	158	-2	
36	44	1	
40	47	2	
83	85	-1	
474	479	-3	
473	478	2	
67	69	-2	
418	422	-2	
313	317	-4	
314	378	3	
313	377	-3	
57	60	-2	
461	469	-1	
463	471	-2	
305	310	2	
225	228	-3	
171	173	2	
170	234	1	
33	37	-3	
97	101	1	
296	301	3	
297	301	-3	
299	303	-3	
489	494	-2	
323	324	2	
320	325	3	
217	220	-3	
371	375	-2	
368	374	-2	
106	109	-4	
203	267	2	
202	266	1	
347	351	-3	
392	398	4	
76	84	-2	
90	92	2	
460	468	-1	
462	470	-2	
356	364	-2	
265	268	2	
328	333	-1	
180	188	2	
187	190	-2	
182	190	-1	
339	340	2	
339	403	3	
403	406	2	
400	406	-5	
336	400	-1	
485	493	3	
312	316	2	
315	379	-2	
312	376	2	
48	54	-2	
49	113	-3	
113	117	-4	
48	112	-3	
98	162	2	
162	167	2	
96	160	1	
242	244	2	
243	307	2	
307	309	-3	
218	221	3	
27	31	-3	
419	483	-3	
289	353	-3	
269	277	1	
271	279	-1	
451	455	-1	
59	61	4	
411	412	2	
411	414	2	
91	155	2	
89	153	1	
257	262	-4	
298	300	-3	
297	361	1	
227	229	-1	
224	288	1	
240	247	-3	
18	22	1	
43	44	-3	
42	47	-2	
51	115	-3	
50	114	3	
440	444	2	
441	445	-2	
401	407	-3	
369	372	-3	
370	434	2	
369	433	1	
281	285	-1	
282	346	-1	
345	348	-2	
425	430	-3	
181	189	-2	
183	191	1	
194	198	2	
40	45	-3	
388	396	3	
389	397	3	
169	175	-2	
169	233	-2	
452	460	3	
453	461	-2	
211	275	-1	
272	278	-2	
99	163	-1	
97	161	-2	
241	246	2	
505	508	-4	
153	158	-2	
73	79	1	
314	319	-1	
378	383	1	
96	103	-2	
280	284	3	
354	358	2	
352	416	1	
75	77	-1	
390	398	-1	
392	399	-2	
391	399	-3	
267	331	-3	
66	130	-1	
130	132	1	
64	128	1	
488	495	-3	
35	39	-3	
31	39	1	
434	439	3	
433	437	3	
146	150	-3	
343	351	-1	
450	452	1	
294	302	1	
474	478	-2	
496	501	-1	
293	301	-1	
402	404	-2	
413	421	3	
416	421	1	
193	196	2	
194	197	-2	
192	199	2	
81	86	-1	
233	238	-1	
371	374	2	
279	287	-2	
355	356	-3	
138	202	2	
340	348	-2	
344	348	-3	
91	94	2	
155	159	-3	
49	53	3	
266	330	2	
330	332	-2	
379	380	2	
164	172	-2	
25	30	-3	
208	212	1	
209	212	-1	
346	349	-1	
347	411	2	
410	412	2	
346	410	2	
481	487	2	
133	141	-1	
41	47	-2	
353	417	2	
152	157	2	
154	218	-2	
218	223	-2	
216	223	3	
152	216	2	
161	166	-3	
178	242	3	
261	269	-2	
320	384	-1	
89	93	2	
490	492	1	
234	298	-2	
268	276	2	
270	278	2	
442	446	-2	
168	173	2	
131	132	-2	
129	135	2	
32	36	2	
195	197	3	
201	206	-2	
186	191	-2	
21	29	-1	
23	31	-1	
54	62	-1	
142	150	1	
143	151	-1	
258	260	1	
192	256	-1	
367	375	2	
219	220	2	
249	255	-1	
231	239	2	
20	28	-1	
22	30	-1	
175	183	1	
441	444	-2	
104	108	-3	
200	204	1	
405	413	-1	
16	20	1	
349	357	-1	
351	359	-1	
330	335	-2	
193	257	1	
217	281	-1	
230	238	-1	
362	426	1	
243	245	1	
208	214	1	
210	215	2	
187	191	-2	
251	253	-2	
348	356	-1	
350	358	1	
267	271	1	
201	265	-1	
19	23	-2	
370	373	2	
473	476	1	
478	486	-1	
402	466	-1	
256	320	1	
345	409	1	
484	492	-1	
72	78	1	
296	302	2	
422	430	1	
291	295	1	
83	147	-2	
150	158	-1	
406	414	-1	
262	270	1	
10	12	1	
74	79	-1	
203	207	2	
43	107	-2	
107	111	-1	
179	180	-1	
385	388	-1	
240	304	2	
144	208	1	
166	174	-2	
344	408	-1	
251	254	-1	
72	76	2	
77	85	1	
40	104	1	
467	468	1	
472	477	-1	
81	145	-1	
26	28	-1	
82	84	-1	
211	213	1	
75	139	-1	
72	136	-1	
417	420	-1	
Energy:	-2896	
