NumberOfQubits	504	
NumberOfSubgraphs	756	
Serial	386	
PlantedSolution:	
0	-1	
1	-1	
2	-1	
3	1	
4	-1	
5	-1	
6	1	
8	1	
9	-1	
10	1	
11	1	
12	1	
13	1	
14	1	
15	1	
16	1	
17	-1	
18	-1	
19	1	
20	-1	
21	-1	
22	1	
23	1	
24	1	
25	1	
26	1	
27	1	
28	-1	
29	1	
30	-1	
31	-1	
32	1	
33	-1	
34	-1	
35	1	
36	1	
37	-1	
38	-1	
39	-1	
40	-1	
41	-1	
42	-1	
43	-1	
44	-1	
45	-1	
46	-1	
47	1	
48	-1	
49	-1	
50	-1	
51	-1	
52	1	
53	-1	
54	-1	
55	1	
56	1	
57	-1	
58	-1	
59	1	
60	-1	
61	-1	
62	-1	
63	-1	
64	-1	
65	-1	
66	-1	
67	-1	
68	1	
69	-1	
70	-1	
71	-1	
72	-1	
73	-1	
74	-1	
75	-1	
76	1	
77	-1	
78	1	
79	1	
80	-1	
81	1	
82	-1	
83	1	
84	-1	
85	-1	
86	-1	
87	-1	
88	1	
89	1	
90	1	
91	1	
92	1	
93	-1	
94	1	
95	1	
96	-1	
97	1	
98	1	
99	1	
100	-1	
101	-1	
102	1	
103	-1	
104	-1	
105	1	
106	-1	
107	1	
108	-1	
109	-1	
110	-1	
111	1	
112	-1	
113	1	
114	1	
115	-1	
116	1	
117	1	
118	1	
119	1	
120	-1	
121	1	
123	-1	
124	-1	
125	1	
126	-1	
127	-1	
128	1	
129	-1	
130	1	
131	-1	
132	-1	
133	1	
134	1	
135	-1	
136	1	
137	1	
138	-1	
139	1	
141	-1	
142	-1	
143	1	
144	1	
145	1	
146	1	
147	1	
148	1	
149	-1	
150	1	
151	-1	
152	-1	
153	-1	
154	1	
155	1	
156	-1	
157	-1	
158	1	
159	1	
160	1	
161	-1	
162	1	
163	1	
164	-1	
165	-1	
166	-1	
167	-1	
168	1	
169	1	
170	1	
171	-1	
172	-1	
173	1	
174	-1	
175	1	
176	1	
177	-1	
178	1	
179	1	
180	-1	
181	1	
182	-1	
183	1	
184	-1	
185	-1	
186	-1	
187	1	
188	-1	
189	1	
190	-1	
191	-1	
192	-1	
193	1	
194	1	
195	-1	
196	1	
197	1	
198	1	
199	1	
200	-1	
201	1	
202	-1	
203	-1	
204	1	
205	1	
206	1	
207	-1	
208	-1	
209	1	
210	-1	
211	1	
212	-1	
213	-1	
214	-1	
215	1	
216	1	
217	-1	
218	1	
219	-1	
220	-1	
221	1	
222	1	
223	-1	
224	-1	
225	1	
226	1	
227	-1	
228	-1	
229	-1	
230	1	
231	1	
232	1	
233	-1	
234	-1	
235	1	
236	-1	
237	1	
238	-1	
239	1	
240	-1	
241	-1	
242	1	
243	-1	
244	-1	
245	1	
246	1	
247	-1	
248	-1	
249	-1	
250	-1	
251	-1	
252	1	
253	-1	
254	1	
255	1	
256	-1	
257	1	
258	1	
259	1	
260	1	
261	-1	
262	-1	
263	-1	
264	1	
265	-1	
266	-1	
267	-1	
268	1	
269	-1	
270	1	
271	1	
272	1	
273	1	
274	-1	
275	-1	
276	-1	
277	1	
278	-1	
279	1	
280	-1	
281	1	
282	1	
283	-1	
284	-1	
285	-1	
286	-1	
287	1	
288	-1	
289	1	
290	1	
291	-1	
292	1	
293	-1	
294	-1	
295	-1	
296	-1	
297	1	
298	-1	
299	-1	
300	1	
301	1	
302	1	
303	-1	
304	1	
305	1	
306	1	
307	-1	
308	-1	
309	1	
310	1	
311	1	
312	-1	
313	1	
314	-1	
315	1	
316	1	
317	1	
318	-1	
319	1	
320	-1	
321	-1	
322	-1	
323	-1	
324	1	
325	-1	
326	1	
327	1	
328	-1	
329	1	
330	1	
331	-1	
332	1	
333	-1	
334	-1	
335	-1	
336	-1	
337	-1	
338	-1	
339	-1	
340	-1	
341	-1	
342	1	
343	-1	
344	1	
345	-1	
346	1	
347	-1	
348	-1	
349	-1	
350	1	
351	1	
352	1	
353	-1	
354	1	
355	-1	
356	1	
357	1	
358	1	
359	1	
361	1	
362	-1	
363	-1	
364	-1	
365	-1	
367	-1	
368	1	
369	-1	
370	-1	
371	-1	
372	1	
373	1	
374	1	
375	-1	
376	1	
377	1	
378	-1	
379	-1	
380	-1	
382	1	
383	-1	
384	-1	
385	1	
386	1	
387	-1	
388	-1	
389	-1	
390	1	
391	1	
392	1	
393	-1	
394	-1	
396	1	
397	-1	
398	1	
399	1	
400	1	
401	-1	
402	1	
403	1	
404	1	
405	1	
406	1	
407	1	
408	1	
409	1	
410	-1	
411	-1	
412	1	
413	-1	
414	1	
415	-1	
416	1	
417	-1	
418	-1	
419	1	
420	-1	
421	-1	
422	-1	
424	1	
425	1	
426	-1	
427	-1	
428	-1	
429	-1	
430	-1	
431	-1	
432	-1	
433	-1	
434	-1	
435	1	
436	-1	
437	-1	
438	-1	
439	1	
440	1	
441	-1	
442	1	
443	1	
444	1	
445	1	
446	1	
447	1	
448	1	
449	-1	
450	-1	
451	-1	
452	1	
453	-1	
454	-1	
455	1	
456	1	
457	1	
458	-1	
459	-1	
460	-1	
461	-1	
462	-1	
463	-1	
464	1	
465	1	
466	1	
467	-1	
468	-1	
469	-1	
470	-1	
471	1	
472	-1	
473	-1	
474	1	
475	-1	
476	-1	
477	-1	
478	1	
479	1	
480	1	
481	1	
482	1	
483	-1	
484	-1	
485	1	
486	1	
487	1	
488	1	
489	-1	
490	1	
491	-1	
492	1	
493	-1	
494	-1	
495	-1	
496	1	
497	-1	
498	-1	
499	1	
500	1	
501	1	
502	1	
503	-1	
504	-1	
505	1	
506	-1	
507	1	
508	-1	
509	-1	
510	1	
511	1	
Js:	
417	420	-2	
420	428	4	
426	428	-3	
426	429	-3	
421	429	-4	
417	421	-3	
81	85	4	
82	85	-5	
82	146	4	
146	150	-4	
145	150	-3	
81	145	1	
225	229	6	
226	229	4	
226	290	2	
290	293	5	
289	293	3	
225	289	-4	
328	332	5	
331	332	5	
331	333	-5	
329	333	4	
329	334	-4	
328	334	-2	
384	388	-4	
385	388	-2	
385	390	-4	
386	390	-6	
386	389	2	
384	389	-3	
128	133	-4	
131	133	4	
131	195	-2	
195	198	-3	
192	198	4	
128	192	2	
448	452	-4	
452	460	2	
459	460	-5	
459	462	3	
454	462	-3	
448	454	3	
313	316	-3	
315	316	-6	
315	319	-2	
312	319	4	
312	317	5	
313	317	5	
496	500	-4	
500	508	4	
505	508	5	
505	509	4	
501	509	4	
496	501	-4	
473	476	-5	
475	476	-3	
475	478	-2	
474	478	-5	
474	477	3	
473	477	-4	
72	76	3	
74	76	4	
74	78	2	
75	78	4	
75	79	-3	
72	79	2	
240	246	3	
241	246	4	
241	305	-3	
305	309	-4	
304	309	-3	
240	304	4	
232	236	5	
235	236	-2	
235	299	4	
299	300	4	
296	300	6	
232	296	5	
273	278	4	
275	278	-5	
275	339	-3	
339	340	1	
337	340	-6	
273	337	2	
201	204	-4	
202	204	3	
202	205	2	
203	205	-5	
203	206	4	
201	206	-4	
89	92	-5	
92	100	2	
96	100	-6	
96	102	3	
94	102	-3	
89	94	-2	
170	172	4	
171	172	-5	
171	173	-4	
168	173	-6	
168	175	-4	
170	175	-5	
152	156	5	
156	164	-2	
162	164	5	
162	165	4	
157	165	-2	
152	157	-6	
435	436	3	
436	444	5	
443	444	5	
443	447	-1	
439	447	-6	
435	439	-4	
0	5	-4	
3	5	5	
3	67	2	
67	69	-3	
64	69	-5	
0	64	-5	
219	222	-2	
222	230	-3	
224	230	4	
224	231	4	
223	231	2	
219	223	-4	
362	364	-4	
364	372	-2	
369	372	2	
369	373	4	
365	373	3	
362	365	-4	
40	45	4	
42	45	-4	
42	46	-3	
41	46	-4	
41	47	4	
40	47	5	
280	284	-5	
281	284	2	
281	285	3	
283	285	-2	
283	286	-5	
280	286	3	
481	484	-5	
483	484	-1	
483	486	5	
482	486	-3	
482	487	-6	
481	487	-5	
25	28	3	
27	28	6	
27	30	2	
24	30	4	
24	29	-5	
25	29	2	
401	405	4	
402	405	-3	
402	407	-6	
400	407	-5	
400	406	-3	
401	406	4	
48	52	5	
51	52	3	
51	55	7	
49	55	-3	
49	54	-4	
48	54	-6	
257	260	-4	
258	260	-3	
258	261	-6	
256	261	-6	
256	263	-4	
257	263	7	
177	180	-4	
179	180	3	
179	182	5	
178	182	6	
178	181	-4	
177	181	2	
58	61	-6	
59	61	3	
59	62	6	
56	62	5	
56	63	5	
58	63	-5	
121	126	4	
123	126	-5	
123	187	-2	
187	191	4	
185	191	-5	
121	185	2	
107	108	5	
108	116	-2	
112	116	4	
112	117	5	
109	117	1	
107	109	4	
344	348	3	
348	356	3	
354	356	-3	
354	358	-4	
350	358	-4	
344	350	-6	
34	37	-4	
35	37	5	
35	39	-3	
32	39	6	
32	38	5	
34	38	-4	
248	252	5	
250	252	3	
250	254	5	
249	254	6	
249	253	-4	
248	253	-5	
16	20	5	
17	20	-3	
17	23	4	
18	23	-2	
18	22	4	
16	22	-4	
320	325	-5	
321	325	-3	
321	327	4	
323	327	3	
323	326	4	
320	326	-2	
80	84	-3	
83	84	4	
83	147	-5	
147	149	-1	
144	149	6	
80	144	2	
137	141	3	
139	141	4	
139	143	-5	
136	143	-4	
136	142	3	
137	142	5	
10	12	-5	
11	12	-5	
11	15	-4	
8	15	-4	
8	14	3	
10	14	-4	
393	397	-5	
394	397	-4	
394	399	-5	
392	399	-5	
392	398	-4	
393	398	4	
288	294	-2	
294	302	5	
298	302	5	
298	303	-4	
295	303	3	
288	295	-7	
465	469	4	
466	469	4	
466	470	4	
464	470	5	
464	471	3	
465	471	-4	
90	93	4	
93	101	-3	
97	101	4	
97	103	4	
95	103	4	
90	95	-4	
264	268	-4	
265	268	4	
265	270	6	
267	270	3	
267	271	6	
264	271	-3	
409	412	-3	
411	412	3	
411	415	-6	
410	415	-3	
410	413	-3	
409	413	6	
154	158	-5	
158	166	1	
161	166	-4	
161	167	-5	
159	167	-1	
154	159	-3	
488	493	4	
489	493	-4	
489	494	3	
490	494	5	
490	495	4	
488	495	5	
1	4	-5	
2	4	-3	
2	66	5	
66	68	3	
65	68	3	
1	65	-4	
440	446	-6	
442	446	-4	
442	506	-3	
506	510	6	
504	510	2	
440	504	4	
242	245	-6	
243	245	-2	
243	307	-3	
307	311	4	
306	311	-3	
242	306	-2	
208	213	-3	
210	213	4	
210	274	-2	
274	276	-3	
272	276	4	
208	272	1	
370	374	4	
374	382	-1	
377	382	5	
377	383	4	
375	383	-2	
370	375	-4	
106	110	-3	
110	118	2	
115	118	4	
115	119	3	
111	119	1	
106	111	5	
345	349	-4	
349	357	1	
353	357	3	
353	359	4	
351	359	2	
345	351	3	
450	453	-4	
453	461	-3	
456	461	4	
456	463	6	
455	463	2	
450	455	-4	
129	132	-7	
130	132	2	
130	194	-3	
194	196	-5	
193	196	2	
129	193	3	
361	367	5	
363	367	-6	
363	427	-4	
427	431	-5	
425	431	4	
361	425	2	
433	438	-7	
434	438	-3	
434	498	-5	
498	503	-5	
497	503	-4	
433	497	3	
330	334	1	
334	342	-3	
338	342	4	
338	343	-5	
335	343	-2	
330	335	6	
233	237	3	
235	237	3	
235	239	-4	
234	239	6	
234	238	-4	
233	238	-3	
208	212	-4	
211	212	6	
211	215	-5	
209	215	-4	
209	214	4	
208	214	-5	
216	220	4	
217	220	-5	
217	222	3	
218	222	-4	
218	221	-5	
216	221	-3	
184	188	-4	
187	188	3	
187	189	-5	
186	189	3	
186	190	-4	
184	190	-4	
416	422	5	
419	422	5	
419	483	4	
483	485	6	
480	485	-6	
416	480	2	
314	318	-3	
315	318	5	
315	379	3	
379	380	3	
378	380	-6	
314	378	-3	
432	437	-4	
437	445	4	
441	445	4	
441	447	3	
432	439	-3	
403	404	-4	
404	412	-2	
408	412	-5	
408	414	3	
406	414	-3	
403	406	-3	
467	468	3	
468	476	-3	
472	476	-3	
472	479	6	
471	479	-4	
467	471	5	
56	60	-3	
57	60	-4	
57	121	4	
121	125	-5	
120	125	5	
56	120	2	
225	228	3	
227	228	-6	
227	291	-4	
291	292	-2	
289	292	-5	
200	207	-3	
202	207	-5	
202	266	-1	
266	269	-5	
264	269	-4	
200	264	2	
240	244	-5	
244	252	-4	
251	252	5	
251	255	5	
247	255	4	
240	247	-4	
282	287	-6	
283	287	3	
283	347	-4	
347	351	-4	
346	351	-5	
282	346	-4	
104	108	-5	
105	108	4	
105	169	-4	
169	174	-3	
168	174	4	
104	168	3	
49	53	-5	
50	53	3	
50	114	5	
114	117	-3	
113	117	-2	
49	113	3	
33	36	6	
36	44	-2	
43	44	-5	
43	45	-1	
37	45	-3	
33	37	-5	
8	13	2	
9	13	8	
9	73	-4	
73	77	-4	
72	77	-3	
8	72	3	
258	262	4	
259	262	3	
259	323	4	
323	324	4	
322	324	6	
258	322	4	
499	502	-3	
502	510	-3	
507	510	-6	
507	511	-2	
503	511	3	
499	503	-3	
385	391	-5	
387	391	2	
387	451	-5	
451	452	-2	
449	452	4	
385	449	2	
424	430	3	
427	430	-5	
427	491	-4	
491	492	5	
488	492	-2	
424	488	3	
19	21	7	
21	29	3	
26	29	-3	
26	31	-3	
23	31	1	
19	23	-4	
272	279	-6	
275	279	-3	
339	341	-4	
336	341	-5	
272	336	2	
99	100	1	
99	163	-2	
163	164	3	
160	164	4	
96	160	-3	
145	148	-6	
148	156	5	
153	156	-2	
153	159	6	
151	159	4	
145	151	-2	
80	86	-3	
86	94	3	
88	94	4	
88	95	-3	
87	95	1	
80	87	-4	
304	310	-3	
307	310	4	
307	371	1	
371	373	5	
368	373	-3	
304	368	-3	
393	396	4	
394	396	3	
394	458	-3	
458	461	-3	
457	461	5	
393	457	-2	
131	134	4	
134	142	2	
138	142	-6	
138	143	-2	
135	143	2	
131	135	-4	
297	300	-3	
300	308	3	
305	308	4	
301	309	-2	
297	301	-6	
354	357	-4	
355	357	4	
355	359	3	
352	359	-4	
352	358	-4	
112	118	2	
114	118	-4	
114	178	-3	
178	183	-3	
176	183	5	
112	176	3	
192	197	5	
193	197	-3	
193	198	-5	
195	199	4	
192	199	6	
64	68	3	
67	68	3	
67	70	4	
66	70	-3	
66	71	-5	
64	71	-3	
91	93	4	
91	155	-3	
155	158	-5	
90	154	-2	
113	116	-3	
116	124	4	
120	124	-5	
120	127	-5	
119	127	5	
113	119	-6	
98	101	5	
98	162	-3	
162	166	-2	
97	161	2	
379	383	-5	
376	383	4	
376	382	-4	
378	382	3	
0	4	-5	
3	4	5	
3	6	-4	
2	6	4	
2	5	-4	
417	422	-5	
418	422	-5	
418	482	5	
481	486	-4	
417	481	-3	
273	276	4	
276	284	2	
280	285	-2	
277	285	2	
273	277	-4	
299	302	-2	
299	363	-1	
362	367	-4	
298	362	-2	
106	109	-7	
107	110	3	
105	110	3	
105	111	-4	
329	332	-3	
331	335	1	
330	333	4	
386	388	5	
387	389	4	
387	390	1	
384	390	4	
82	86	3	
83	86	4	
147	148	-2	
146	148	-4	
28	36	3	
34	36	2	
34	39	-4	
31	39	-2	
27	31	4	
400	405	-3	
405	413	-1	
409	415	5	
407	415	2	
371	374	5	
371	435	2	
435	437	5	
434	437	-5	
370	434	2	
443	446	-2	
443	507	-3	
507	509	4	
504	509	-4	
224	228	-4	
291	295	-4	
224	288	2	
203	267	-2	
201	265	-1	
200	204	3	
204	212	-2	
207	215	2	
10	13	-4	
10	74	-3	
74	79	3	
73	79	4	
163	165	-2	
165	173	3	
170	173	-4	
167	175	2	
163	167	5	
51	54	-3	
54	62	-3	
57	62	-3	
57	63	-4	
55	63	2	
497	500	3	
499	500	-5	
499	501	-3	
498	501	-2	
498	502	4	
497	502	4	
490	492	-5	
491	494	-5	
489	495	-6	
336	340	-4	
337	343	-4	
338	341	-3	
219	220	-4	
219	221	5	
216	223	6	
217	223	3	
18	20	-5	
19	22	3	
16	21	1	
416	420	4	
425	428	4	
425	429	3	
416	421	4	
243	246	4	
246	254	-2	
249	255	-4	
243	247	-3	
465	468	3	
466	468	6	
464	469	4	
256	260	3	
259	260	-4	
257	262	4	
346	348	2	
347	348	-5	
347	411	-2	
411	414	3	
410	414	4	
346	410	2	
472	477	-4	
473	478	6	
475	479	4	
179	181	-3	
181	189	-4	
185	189	1	
185	190	5	
182	190	-3	
232	237	-3	
234	237	3	
233	239	-2	
232	238	4	
312	316	3	
314	316	2	
314	317	5	
313	319	-4	
458	460	-5	
459	463	-3	
457	463	-4	
457	462	4	
458	462	-4	
41	44	-4	
42	44	-6	
42	47	-2	
40	46	-6	
128	132	5	
129	135	-2	
130	135	5	
130	133	-3	
50	52	3	
52	60	4	
58	60	-4	
53	61	-3	
322	325	-4	
322	326	1	
321	326	7	
320	327	-5	
448	453	4	
451	453	-4	
451	454	-3	
449	454	-6	
449	455	-3	
448	455	-5	
180	188	-4	
184	191	4	
183	191	3	
177	183	3	
442	445	-2	
506	511	5	
505	511	-4	
441	505	4	
269	277	-2	
274	277	4	
274	279	3	
271	279	-2	
266	271	3	
368	375	4	
369	375	-4	
369	433	3	
432	438	-2	
368	432	3	
91	92	-3	
155	157	3	
153	157	-3	
89	153	-1	
65	69	-3	
69	77	3	
75	77	-3	
70	78	2	
65	70	-5	
136	141	4	
141	149	-2	
144	151	4	
143	151	-1	
281	286	4	
281	345	3	
345	350	5	
280	344	3	
293	301	3	
297	302	3	
290	294	4	
392	396	-5	
396	404	-4	
402	404	-3	
402	406	3	
398	406	-2	
242	244	1	
245	253	4	
4	12	-2	
11	14	-6	
6	14	-4	
1	6	4	
33	38	2	
35	38	4	
35	99	-3	
99	103	5	
33	97	3	
355	356	4	
356	364	3	
361	364	5	
361	365	5	
357	365	-3	
306	308	3	
303	311	-2	
296	303	-3	
123	124	-4	
121	127	-2	
171	174	-4	
169	173	-2	
226	230	-4	
225	231	-2	
195	196	5	
195	197	-3	
194	199	-3	
424	429	5	
426	431	-3	
81	84	3	
82	84	-2	
82	87	-3	
80	85	-4	
200	205	5	
205	213	3	
209	213	4	
206	214	3	
200	206	2	
480	484	4	
484	492	5	
490	493	3	
485	493	-3	
26	30	5	
26	90	-3	
24	88	-4	
401	407	3	
403	407	-1	
403	467	3	
401	465	2	
217	221	3	
218	282	1	
281	287	-2	
217	281	2	
389	397	-4	
393	399	-2	
391	399	-5	
384	391	3	
312	318	-3	
313	318	3	
313	377	-4	
312	376	4	
186	191	-2	
187	251	2	
250	255	-1	
186	250	-5	
75	76	3	
75	139	3	
138	141	3	
74	138	-2	
98	102	-2	
160	165	3	
418	420	-4	
419	420	2	
483	487	-2	
288	292	2	
289	353	3	
288	352	-4	
443	445	-5	
233	236	-6	
236	244	-2	
241	244	-2	
241	245	-2	
237	245	-3	
115	116	3	
104	110	-4	
152	158	2	
150	158	-3	
20	28	-2	
25	30	-4	
22	30	2	
17	22	4	
260	268	-2	
265	269	-3	
261	269	-2	
32	36	-2	
43	47	5	
39	47	1	
496	503	3	
337	341	-2	
341	349	-2	
342	350	-2	
337	342	-2	
408	413	4	
410	474	3	
472	478	-1	
408	472	4	
320	324	2	
324	332	-2	
328	335	-3	
327	335	2	
59	60	5	
59	63	-2	
48	55	3	
67	71	-4	
67	131	-2	
128	134	-4	
64	128	2	
210	212	-3	
211	275	-2	
274	278	-5	
305	310	-3	
305	369	1	
368	372	3	
456	462	4	
450	454	-3	
177	241	-4	
241	247	-3	
176	240	1	
8	12	-6	
117	125	-5	
123	125	3	
123	127	-4	
112	119	2	
138	202	-5	
201	207	-4	
137	201	-5	
220	228	-2	
227	230	3	
216	222	-4	
65	71	-3	
424	428	4	
428	436	2	
433	436	-3	
430	438	-3	
164	172	-2	
168	172	-1	
166	174	-3	
160	166	4	
99	101	3	
101	109	1	
104	109	-4	
104	111	2	
103	111	2	
401	404	3	
397	405	-3	
355	358	2	
355	419	4	
419	421	3	
418	421	-2	
354	418	2	
298	301	3	
297	361	1	
506	509	-2	
24	31	3	
25	31	5	
25	89	-4	
13	21	-1	
17	21	-4	
15	23	-3	
9	15	3	
259	261	2	
235	238	5	
232	239	-3	
387	388	-5	
451	455	4	
386	450	1	
149	157	-4	
440	444	-3	
441	444	3	
442	447	-4	
129	134	3	
130	134	-5	
194	198	3	
491	493	-3	
282	284	2	
284	292	5	
287	295	2	
338	340	-4	
340	348	-2	
343	351	2	
268	276	2	
272	278	1	
270	278	-2	
264	270	-3	
242	246	-3	
307	309	-1	
306	309	-6	
185	249	-2	
475	477	-3	
477	485	-1	
480	487	-2	
479	487	-1	
38	46	-2	
267	331	3	
266	330	5	
370	372	4	
372	380	1	
84	92	-2	
85	93	-2	
83	85	2	
210	214	-4	
208	215	3	
58	62	-1	
50	54	-3	
467	469	3	
466	471	-2	
409	414	-3	
390	398	-3	
176	180	5	
184	189	5	
176	181	-4	
285	293	4	
286	294	-3	
73	78	3	
78	86	-2	
81	86	3	
81	87	4	
79	87	5	
352	356	-2	
353	356	3	
353	417	-3	
352	416	3	
456	460	3	
459	461	-5	
336	342	4	
339	342	3	
339	403	-3	
400	404	-2	
336	400	2	
308	316	2	
310	318	4	
107	171	3	
171	175	-2	
169	175	-4	
196	204	-5	
203	204	1	
197	205	-3	
194	197	-4	
476	484	-2	
478	486	-2	
155	159	-3	
155	219	3	
218	223	2	
154	218	-3	
325	333	-2	
326	334	4	
115	179	4	
68	76	-4	
363	364	-4	
371	372	4	
363	365	-3	
426	430	-4	
431	439	3	
97	102	-3	
99	102	4	
376	380	4	
34	98	-4	
98	100	5	
32	96	2	
304	308	3	
304	311	-4	
299	303	-5	
275	276	-3	
147	150	-4	
147	211	-2	
210	215	-3	
146	210	2	
51	53	-3	
226	228	2	
226	231	4	
224	229	-3	
251	254	3	
504	508	-4	
507	508	3	
504	511	4	
259	263	4	
59	123	-2	
133	141	-2	
137	143	-4	
344	349	4	
346	349	4	
496	502	-5	
497	501	-4	
450	452	6	
449	453	-3	
1	5	3	
0	6	2	
41	45	-4	
43	46	-4	
434	439	2	
18	82	3	
16	80	2	
131	132	4	
193	199	-4	
379	382	5	
139	142	3	
139	203	3	
136	200	3	
35	36	3	
29	37	2	
27	29	-3	
106	170	2	
427	429	1	
425	489	4	
457	460	3	
458	463	-3	
338	402	-1	
337	401	-2	
145	149	4	
474	476	-2	
469	477	-3	
233	297	4	
297	303	-1	
66	69	-2	
266	268	4	
264	328	4	
161	164	-2	
163	166	4	
487	495	2	
441	446	-3	
288	293	-1	
10	15	-4	
11	75	2	
74	77	-4	
290	292	-3	
290	354	-2	
354	359	-3	
322	327	4	
91	94	-4	
88	152	2	
385	389	5	
386	391	-3	
378	383	-3	
378	442	3	
440	447	-4	
376	440	2	
394	398	3	
392	397	2	
243	244	4	
209	212	3	
347	349	3	
262	270	-2	
256	262	-3	
49	52	-3	
48	112	-2	
482	485	-3	
296	301	-2	
306	310	-3	
302	310	-1	
296	302	2	
89	93	-3	
367	375	1	
362	426	-4	
9	12	-1	
72	78	5	
230	238	2	
231	239	-4	
42	106	-3	
41	105	-2	
432	496	-2	
19	83	2	
17	81	3	
331	334	-4	
328	333	-3	
291	355	-1	
352	357	-3	
465	470	3	
470	478	2	
474	479	3	
146	149	1	
146	151	3	
147	151	-4	
144	150	-3	
250	253	-3	
251	253	-2	
248	255	4	
248	254	2	
272	277	-4	
273	279	-3	
169	172	5	
314	319	4	
311	319	2	
198	206	-3	
202	206	2	
199	207	-1	
89	95	-3	
5	13	2	
9	14	-2	
129	133	3	
424	431	3	
426	490	1	
488	494	4	
51	115	-2	
115	117	-2	
411	475	4	
409	473	1	
213	221	-1	
214	222	2	
267	268	-2	
263	271	2	
76	84	2	
227	229	1	
229	237	3	
227	231	2	
368	374	-2	
369	374	4	
432	436	-4	
323	325	-4	
323	387	1	
320	384	-2	
403	405	-4	
467	470	2	
400	464	-3	
56	61	3	
57	61	-3	
121	124	-3	
178	180	1	
178	242	-3	
64	70	-2	
96	103	2	
40	44	1	
399	407	1	
336	343	-1	
26	28	4	
128	135	-3	
154	156	3	
155	156	-1	
153	158	4	
185	188	-3	
186	188	-4	
298	300	-1	
299	301	2	
18	21	-4	
113	118	-2	
118	126	4	
410	412	3	
73	76	2	
377	380	4	
170	174	5	
88	92	-3	
90	92	-3	
91	95	-3	
489	492	-3	
265	271	2	
429	437	-2	
275	277	-2	
242	247	3	
225	230	-2	
161	165	4	
160	167	3	
280	287	4	
344	351	-2	
321	324	4	
48	53	-2	
464	468	3	
482	484	1	
218	220	-3	
107	111	-2	
256	320	-2	
211	213	3	
203	207	-3	
315	317	1	
309	317	-2	
345	348	-3	
187	190	-2	
291	294	-3	
411	413	-2	
392	456	-1	
145	209	-2	
144	208	-2	
154	157	2	
153	217	-2	
16	23	-4	
177	182	-3	
27	91	-1	
192	196	-1	
339	343	-4	
353	358	-2	
379	443	2	
377	441	1	
438	446	3	
433	439	-2	
283	284	2	
114	116	-2	
305	311	-3	
329	335	4	
77	85	1	
96	101	-2	
98	103	1	
163	227	2	
162	226	-2	
480	486	2	
251	315	1	
248	312	1	
371	375	-1	
11	13	1	
506	508	2	
24	28	2	
120	126	3	
250	314	-1	
249	313	-1	
179	183	1	
179	243	2	
346	350	-1	
486	494	2	
216	280	-1	
234	298	-3	
289	295	2	
88	93	-2	
152	159	3	
45	53	2	
47	55	-1	
307	308	3	
435	499	-2	
228	236	1	
330	394	2	
328	392	1	
33	39	-2	
332	340	3	
113	177	-2	
282	285	3	
240	245	1	
195	259	-1	
193	257	-1	
384	448	-2	
505	510	1	
291	293	-2	
267	269	-2	
370	373	-3	
442	444	-2	
440	445	-1	
329	393	-1	
12	20	-1	
50	55	-2	
160	224	-1	
282	286	2	
257	321	-2	
425	430	-1	
435	438	2	
412	420	2	
413	421	2	
234	236	-2	
290	295	2	
388	396	2	
249	252	1	
97	100	2	
100	108	-2	
102	110	-1	
434	436	1	
493	501	1	
494	502	-1	
173	181	1	
174	182	-1	
73	137	-1	
114	119	-1	
161	225	1	
402	466	2	
265	329	-2	
105	109	1	
239	247	-1	
14	22	-1	
292	300	-1	
289	294	-1	
83	87	-1	
498	500	2	
90	94	-2	
32	37	1	
408	415	2	
72	136	-2	
43	107	-1	
40	104	-2	
19	20	-2	
162	167	2	
359	367	2	
274	338	1	
30	38	-1	
258	263	1	
481	485	1	
172	180	-1	
175	183	-1	
142	150	-1	
71	79	-1	
238	246	2	
491	495	1	
278	286	1	
322	386	1	
144	148	-1	
215	223	1	
279	287	-1	
209	273	-1	
46	54	-1	
221	229	1	
306	370	1	
184	248	1	
427	428	1	
Energy:	-3344	
