NumberOfQubits	504	
NumberOfSubgraphs	588	
Serial	41	
PlantedSolution:	
0	-1	
1	1	
2	1	
3	-1	
4	1	
5	1	
6	1	
8	-1	
9	1	
10	-1	
11	-1	
12	-1	
13	-1	
14	1	
15	1	
16	1	
17	1	
18	1	
19	-1	
20	-1	
21	-1	
22	-1	
23	1	
24	-1	
25	-1	
26	1	
27	-1	
28	-1	
29	-1	
30	1	
31	1	
32	1	
33	1	
34	-1	
35	-1	
36	1	
37	1	
38	-1	
39	-1	
40	1	
41	1	
42	1	
43	-1	
44	1	
45	1	
46	1	
47	-1	
48	-1	
49	1	
50	-1	
51	-1	
52	-1	
53	1	
54	1	
55	1	
56	-1	
57	-1	
58	1	
59	1	
60	-1	
61	1	
62	-1	
63	1	
64	1	
65	-1	
66	-1	
67	-1	
68	-1	
69	1	
70	-1	
71	1	
72	-1	
73	1	
74	-1	
75	-1	
76	1	
77	1	
78	1	
79	1	
80	-1	
81	-1	
82	1	
83	-1	
84	1	
85	-1	
86	1	
87	-1	
88	1	
89	-1	
90	1	
91	1	
92	-1	
93	1	
94	-1	
95	-1	
96	1	
97	-1	
98	-1	
99	-1	
100	1	
101	1	
102	-1	
103	-1	
104	1	
105	-1	
106	-1	
107	-1	
108	-1	
109	-1	
110	-1	
111	1	
112	-1	
113	-1	
114	1	
115	1	
116	-1	
117	1	
118	1	
119	-1	
120	1	
121	-1	
123	1	
124	-1	
125	1	
126	1	
127	1	
128	-1	
129	-1	
130	-1	
131	-1	
132	-1	
133	1	
134	1	
135	-1	
136	-1	
137	1	
138	-1	
139	1	
141	-1	
142	-1	
143	1	
144	-1	
145	-1	
146	1	
147	-1	
148	-1	
149	-1	
150	-1	
151	-1	
152	1	
153	1	
154	-1	
155	-1	
156	-1	
157	1	
158	1	
159	-1	
160	1	
161	-1	
162	1	
163	-1	
164	-1	
165	1	
166	1	
167	1	
168	1	
169	1	
170	1	
171	-1	
172	1	
173	1	
174	-1	
175	-1	
176	-1	
177	1	
178	1	
179	-1	
180	-1	
181	-1	
182	1	
183	1	
184	-1	
185	1	
186	-1	
187	-1	
188	1	
189	1	
190	1	
191	1	
192	1	
193	1	
194	-1	
195	-1	
196	1	
197	1	
198	-1	
199	1	
200	1	
201	-1	
202	-1	
203	-1	
204	-1	
205	1	
206	1	
207	1	
208	1	
209	-1	
210	-1	
211	1	
212	-1	
213	1	
214	-1	
215	-1	
216	1	
217	1	
218	-1	
219	-1	
220	1	
221	-1	
222	-1	
223	1	
224	1	
225	-1	
226	1	
227	1	
228	-1	
229	1	
230	-1	
231	1	
232	1	
233	1	
234	1	
235	1	
236	-1	
237	-1	
238	1	
239	1	
240	-1	
241	1	
242	1	
243	1	
244	-1	
245	1	
246	1	
247	-1	
248	-1	
249	1	
250	1	
251	-1	
252	-1	
253	1	
254	1	
255	1	
256	1	
257	1	
258	-1	
259	-1	
260	-1	
261	-1	
262	-1	
263	-1	
264	-1	
265	1	
266	1	
267	1	
268	1	
269	-1	
270	1	
271	1	
272	1	
273	-1	
274	-1	
275	1	
276	1	
277	-1	
278	-1	
279	1	
280	-1	
281	1	
282	-1	
283	1	
284	1	
285	-1	
286	1	
287	1	
288	1	
289	1	
290	1	
291	-1	
292	1	
293	-1	
294	-1	
295	-1	
296	-1	
297	1	
298	1	
299	-1	
300	1	
301	1	
302	1	
303	1	
304	1	
305	-1	
306	1	
307	1	
308	1	
309	1	
310	-1	
311	-1	
312	-1	
313	1	
314	-1	
315	-1	
316	1	
317	1	
318	1	
319	-1	
320	-1	
321	1	
322	1	
323	-1	
324	-1	
325	-1	
326	1	
327	1	
328	-1	
329	-1	
330	1	
331	1	
332	-1	
333	-1	
334	-1	
335	-1	
336	-1	
337	1	
338	-1	
339	1	
340	1	
341	1	
342	-1	
343	1	
344	1	
345	1	
346	-1	
347	1	
348	-1	
349	-1	
350	-1	
351	1	
352	-1	
353	-1	
354	1	
355	1	
356	1	
357	1	
358	-1	
359	1	
361	1	
362	-1	
363	1	
364	-1	
365	1	
367	1	
368	-1	
369	-1	
370	-1	
371	1	
372	1	
373	-1	
374	1	
375	-1	
376	1	
377	-1	
378	-1	
379	-1	
380	1	
382	1	
383	-1	
384	-1	
385	-1	
386	-1	
387	-1	
388	-1	
389	-1	
390	-1	
391	1	
392	-1	
393	1	
394	1	
396	-1	
397	1	
398	1	
399	-1	
400	1	
401	-1	
402	1	
403	1	
404	1	
405	-1	
406	1	
407	-1	
408	-1	
409	-1	
410	-1	
411	-1	
412	-1	
413	-1	
414	1	
415	-1	
416	1	
417	-1	
418	-1	
419	-1	
420	1	
421	-1	
422	1	
424	1	
425	1	
426	-1	
427	-1	
428	-1	
429	-1	
430	-1	
431	-1	
432	-1	
433	-1	
434	-1	
435	-1	
436	-1	
437	1	
438	1	
439	1	
440	1	
441	1	
442	-1	
443	1	
444	1	
445	1	
446	-1	
447	1	
448	-1	
449	1	
450	-1	
451	-1	
452	1	
453	-1	
454	1	
455	-1	
456	1	
457	-1	
458	1	
459	1	
460	1	
461	-1	
462	-1	
463	1	
464	1	
465	-1	
466	1	
467	-1	
468	1	
469	1	
470	1	
471	1	
472	-1	
473	1	
474	-1	
475	-1	
476	-1	
477	1	
478	1	
479	1	
480	1	
481	1	
482	-1	
483	-1	
484	-1	
485	-1	
486	1	
487	-1	
488	1	
489	1	
490	-1	
491	1	
492	-1	
493	-1	
494	1	
495	-1	
496	-1	
497	1	
498	1	
499	1	
500	1	
501	1	
502	-1	
503	1	
504	-1	
505	-1	
506	-1	
507	-1	
508	-1	
509	1	
510	-1	
511	-1	
Js:	
152	157	-4	
153	157	3	
153	217	-4	
217	222	2	
216	222	4	
152	216	-2	
88	92	2	
89	92	-2	
89	93	3	
90	93	-3	
90	95	4	
88	95	4	
40	46	-2	
43	46	-3	
43	107	-3	
107	108	-4	
104	108	4	
40	104	-3	
193	197	4	
197	205	-2	
201	205	5	
201	207	2	
199	207	-3	
193	199	-3	
162	165	2	
163	165	4	
163	227	3	
227	231	-3	
226	231	-4	
162	226	-3	
169	172	1	
171	172	3	
171	174	-3	
170	174	5	
170	173	-2	
169	173	-3	
10	14	3	
14	22	1	
16	22	4	
16	23	-3	
15	23	2	
10	15	3	
155	158	4	
158	166	-1	
160	166	-3	
160	167	-4	
159	167	2	
155	159	2	
344	348	3	
347	348	3	
347	349	4	
346	349	-4	
346	350	-3	
344	350	-2	
120	125	-4	
123	125	-5	
123	126	-3	
121	126	3	
121	127	3	
120	127	-3	
424	428	4	
427	428	-3	
427	491	2	
491	492	3	
488	492	-4	
424	488	-2	
312	319	-4	
313	319	4	
313	377	2	
377	382	2	
376	382	-4	
312	376	2	
353	356	4	
354	356	-2	
354	358	3	
355	358	6	
355	357	2	
353	357	4	
306	308	-4	
307	308	-3	
307	309	-4	
304	309	-2	
304	311	3	
306	311	4	
473	476	2	
474	476	-3	
474	477	3	
475	477	-4	
475	479	2	
473	479	-2	
330	333	3	
333	341	1	
336	341	-2	
336	343	4	
335	343	2	
330	335	3	
144	149	-6	
147	149	-3	
147	150	-4	
146	150	3	
146	151	4	
144	151	-3	
392	397	4	
397	405	-2	
401	405	-3	
401	407	-2	
399	407	-2	
392	399	-4	
225	228	-4	
228	236	-3	
235	236	2	
235	238	-4	
230	238	3	
225	230	2	
288	292	-3	
289	292	-2	
289	294	4	
290	294	2	
290	295	2	
288	295	-3	
499	502	3	
502	510	-3	
507	510	-4	
507	511	-2	
503	511	3	
499	503	3	
17	20	-5	
20	28	-1	
26	28	2	
26	29	6	
21	29	-4	
17	21	2	
48	52	-4	
52	60	-3	
59	60	3	
59	63	-4	
55	63	2	
48	55	1	
208	212	4	
210	212	-4	
210	274	-2	
274	279	3	
272	279	-4	
208	272	-2	
64	68	2	
67	68	-2	
67	70	3	
65	70	-2	
65	69	3	
64	69	-2	
258	260	2	
259	260	-5	
259	262	-3	
256	262	4	
256	263	2	
258	263	-3	
297	303	-4	
298	303	-3	
298	362	2	
362	367	4	
361	367	-6	
297	361	3	
480	484	4	
481	484	3	
481	487	5	
483	487	2	
483	485	-5	
480	485	3	
72	78	4	
75	78	3	
75	139	2	
139	142	3	
136	142	-4	
72	136	2	
273	277	3	
275	277	2	
275	339	-4	
339	340	-1	
337	340	-3	
273	337	3	
264	268	2	
266	268	3	
266	269	1	
265	269	3	
265	270	-2	
264	270	4	
242	245	-1	
245	253	3	
251	253	3	
251	255	4	
247	255	5	
242	247	3	
368	372	1	
372	380	-2	
379	380	-3	
379	383	-5	
375	383	-4	
368	375	-2	
33	37	-1	
34	37	-3	
34	98	-5	
98	100	2	
97	100	3	
33	97	4	
384	390	-3	
387	390	2	
387	451	-2	
451	452	3	
448	452	3	
384	448	-2	
440	446	2	
441	446	3	
441	505	3	
505	509	3	
504	509	4	
440	504	3	
465	468	-2	
466	468	-4	
466	471	-2	
464	471	-1	
464	470	-4	
465	470	2	
433	437	3	
434	437	-2	
434	498	6	
498	500	-2	
497	500	-4	
433	497	3	
408	412	-3	
410	412	2	
410	415	-4	
409	415	-2	
409	413	-4	
408	413	-4	
280	284	2	
281	284	-3	
281	285	3	
282	285	-2	
282	287	3	
280	287	3	
457	460	4	
458	460	-3	
458	461	2	
456	461	4	
456	462	2	
457	462	2	
185	191	4	
186	191	4	
186	250	3	
250	254	-1	
249	254	-5	
185	249	-2	
128	132	-4	
129	132	-4	
129	133	4	
131	133	3	
131	134	5	
128	134	3	
321	324	2	
322	324	5	
322	386	2	
386	391	1	
385	391	5	
321	385	-2	
74	76	3	
76	84	2	
82	84	-1	
82	87	4	
79	87	2	
74	79	2	
49	53	-2	
51	53	3	
51	115	2	
115	117	3	
113	117	2	
49	113	4	
393	396	5	
396	404	-2	
402	404	-3	
402	406	-4	
398	406	-4	
393	398	-3	
1	4	-3	
4	12	2	
9	12	-3	
9	13	5	
5	13	2	
1	5	-3	
176	180	-3	
180	188	3	
187	188	2	
187	190	3	
182	190	2	
176	182	3	
416	420	-2	
418	420	3	
418	421	5	
419	421	-2	
419	422	4	
416	422	-3	
96	101	-2	
101	109	3	
106	109	-3	
106	110	-4	
102	110	3	
96	102	5	
211	213	-4	
213	221	3	
218	221	2	
218	223	3	
215	223	3	
211	215	2	
425	429	4	
426	429	2	
426	490	-2	
490	494	4	
489	494	-3	
425	489	-2	
192	196	-3	
196	204	2	
200	204	3	
200	206	-4	
198	206	-1	
192	198	5	
177	183	2	
179	183	3	
179	243	5	
243	246	-3	
241	246	-4	
177	241	-5	
24	30	3	
30	38	3	
35	38	-3	
35	39	-3	
31	39	3	
24	31	3	
435	436	-4	
436	444	3	
442	444	4	
442	447	4	
439	447	-3	
435	439	3	
114	116	3	
115	116	5	
115	119	-2	
112	119	-2	
112	118	3	
114	118	-2	
73	77	4	
74	77	2	
74	138	-3	
138	143	4	
137	143	-2	
73	137	-3	
50	53	3	
53	61	-2	
58	61	-6	
58	62	-3	
54	62	3	
50	54	3	
291	292	-1	
292	300	-4	
299	300	3	
299	301	2	
293	301	3	
291	293	-2	
320	325	-4	
321	325	3	
321	327	-3	
323	327	3	
323	326	5	
320	326	4	
328	332	-4	
329	332	-2	
329	333	-4	
331	333	-1	
331	334	6	
328	334	-2	
232	237	3	
234	237	4	
234	238	-2	
233	238	-4	
233	239	-2	
232	239	3	
40	44	-3	
41	44	3	
41	45	-3	
42	45	-5	
42	47	3	
40	47	3	
449	453	4	
451	453	-3	
451	454	5	
450	454	5	
450	455	-3	
449	455	5	
305	308	2	
308	316	-3	
315	316	4	
315	318	3	
310	318	-3	
305	310	-5	
369	372	3	
370	372	4	
370	374	4	
371	374	-5	
371	373	2	
369	373	-5	
80	84	3	
83	84	5	
83	85	3	
81	85	-3	
81	86	2	
80	86	4	
0	6	2	
2	6	-2	
2	66	6	
66	71	3	
64	71	2	
0	64	4	
154	156	-3	
156	164	-3	
161	164	-3	
161	165	4	
157	165	-2	
154	157	3	
168	173	-3	
173	181	-3	
178	181	4	
178	183	-3	
175	183	3	
168	175	3	
240	244	-4	
244	252	-3	
248	252	-3	
248	253	3	
240	245	4	
496	500	2	
500	508	3	
506	508	-1	
506	509	4	
501	509	-1	
496	501	-4	
99	101	3	
105	109	-4	
105	111	4	
103	111	-2	
99	103	-4	
338	342	-3	
342	350	-2	
345	350	3	
345	351	5	
343	351	-2	
338	343	1	
25	28	-4	
27	28	-2	
27	91	4	
91	94	3	
89	94	-2	
25	89	-4	
218	220	3	
219	220	4	
219	283	2	
283	286	2	
282	286	2	
218	282	-2	
352	356	2	
356	364	3	
363	364	4	
363	365	-5	
357	365	2	
352	357	1	
400	406	-2	
403	406	-2	
403	467	4	
467	469	3	
464	469	-2	
400	464	-4	
130	135	-5	
131	135	-2	
131	195	-2	
195	196	5	
194	196	-2	
130	194	-2	
145	148	-5	
146	148	3	
146	210	2	
210	214	3	
209	214	-3	
145	209	-2	
472	477	2	
477	485	1	
482	485	1	
482	486	3	
478	486	-4	
472	478	2	
432	437	2	
437	445	-3	
443	445	-6	
443	446	3	
438	446	-3	
432	438	3	
202	204	3	
203	204	-4	
203	267	2	
267	271	-1	
266	271	-3	
202	266	1	
56	60	-3	
57	60	-1	
57	121	-3	
121	124	3	
120	124	3	
56	120	2	
411	413	-2	
413	421	1	
417	421	-3	
417	422	2	
414	422	-2	
411	414	3	
386	388	-4	
388	396	-2	
394	396	2	
394	397	-4	
389	397	3	
386	389	-3	
314	317	4	
315	317	3	
315	379	-2	
379	382	3	
378	382	3	
314	378	-2	
18	20	4	
19	20	-3	
19	83	-2	
82	85	3	
18	82	-3	
459	461	3	
459	462	-3	
458	462	3	
458	463	-3	
456	463	-2	
491	493	4	
493	501	3	
496	503	4	
495	503	3	
491	495	4	
257	260	2	
259	261	-2	
258	261	-4	
257	263	-4	
224	229	-4	
226	229	-3	
226	230	2	
227	230	3	
224	231	1	
426	428	-3	
426	431	2	
427	431	-5	
427	430	-1	
424	430	5	
274	276	4	
276	284	-3	
281	286	-4	
278	286	2	
274	278	-3	
296	301	-4	
297	301	-3	
298	302	-4	
296	302	3	
184	189	3	
186	189	3	
185	190	-3	
184	190	4	
8	12	-5	
11	12	-1	
11	13	-2	
9	14	2	
8	14	4	
33	36	-4	
35	36	-2	
32	39	3	
32	38	1	
33	38	2	
1	6	-5	
3	6	5	
3	67	-3	
67	71	3	
65	71	3	
1	65	-3	
130	133	-2	
133	141	2	
138	141	-3	
135	143	3	
290	293	4	
291	355	3	
355	359	3	
354	359	-2	
290	354	-3	
329	335	-2	
330	394	-1	
394	399	-3	
393	399	1	
329	393	2	
236	244	2	
243	244	2	
243	247	1	
239	247	1	
235	239	-1	
273	276	3	
275	276	-2	
339	341	4	
337	341	-3	
153	158	-2	
155	219	3	
219	221	-3	
217	221	4	
504	508	-4	
507	508	-4	
505	510	3	
505	511	-3	
504	511	-2	
112	117	3	
114	117	-2	
114	178	-2	
178	180	2	
112	176	1	
265	268	-2	
267	268	-3	
267	269	4	
264	269	-3	
264	271	3	
265	271	4	
194	197	4	
194	198	-2	
192	199	-2	
368	373	3	
369	374	2	
371	375	4	
376	380	4	
378	380	3	
378	442	-2	
440	444	-3	
376	440	-3	
148	156	-2	
154	159	-3	
151	159	-2	
145	151	-4	
42	44	-3	
43	44	2	
107	110	-3	
42	106	-3	
56	61	2	
59	62	4	
56	63	4	
250	252	4	
250	314	1	
314	319	3	
248	312	-1	
411	412	-2	
411	415	-3	
410	414	4	
408	414	-2	
27	30	4	
91	95	2	
24	88	4	
402	405	4	
402	466	-3	
401	465	-3	
482	484	-2	
482	487	-5	
481	486	-1	
480	486	3	
161	166	3	
166	174	1	
169	174	3	
169	175	5	
167	175	-1	
161	167	3	
209	212	-2	
209	213	4	
208	215	3	
306	309	-2	
307	311	-2	
305	311	-2	
306	310	1	
19	21	-1	
26	31	3	
23	31	-2	
19	23	4	
489	492	2	
490	492	-3	
490	495	-2	
488	495	-1	
488	493	3	
489	493	3	
137	142	3	
137	201	3	
200	205	2	
136	200	3	
384	388	-1	
387	388	-4	
387	389	2	
385	389	-2	
384	391	4	
346	348	3	
346	351	2	
347	351	-1	
344	349	2	
449	452	-3	
452	460	-2	
459	460	-2	
459	463	-4	
455	463	-2	
72	77	-2	
75	77	4	
75	79	3	
73	79	-3	
73	78	-3	
96	100	-4	
99	100	2	
97	103	-4	
97	102	3	
472	476	-4	
475	476	1	
475	478	3	
473	478	-3	
472	479	4	
49	52	-2	
49	55	-5	
50	55	5	
48	54	1	
323	324	-3	
320	327	-2	
322	327	-4	
225	229	2	
225	289	-2	
288	294	3	
224	288	-2	
425	430	1	
430	438	2	
433	438	3	
433	439	-2	
431	439	3	
425	431	3	
362	364	-3	
363	367	-2	
361	365	-2	
362	365	3	
113	118	3	
118	126	5	
123	127	-2	
119	127	4	
113	119	-3	
434	436	2	
435	499	3	
498	502	3	
17	22	2	
17	81	3	
81	87	-3	
80	87	2	
16	80	2	
272	277	-3	
277	285	-3	
283	285	3	
283	287	-3	
279	287	-2	
331	332	-3	
332	340	2	
338	340	5	
334	342	-1	
352	359	3	
353	359	4	
353	417	-2	
417	420	4	
352	416	3	
168	172	-4	
170	172	3	
170	234	-2	
168	232	-2	
179	180	-1	
184	188	3	
181	189	-2	
179	181	-1	
240	246	-1	
246	254	-3	
249	255	-2	
240	247	-2	
0	5	3	
2	5	-3	
66	70	-2	
64	70	4	
139	141	4	
141	149	1	
144	150	-2	
142	150	-1	
400	407	4	
403	407	3	
467	470	-1	
32	37	-3	
37	45	-2	
41	47	-1	
39	47	-1	
377	383	-2	
379	443	-1	
441	445	-2	
377	441	2	
107	111	2	
105	110	-2	
104	110	-2	
203	206	2	
202	206	-2	
202	207	4	
200	207	-2	
313	316	-3	
314	316	3	
314	318	3	
312	318	3	
312	317	3	
313	317	-2	
216	220	-2	
219	222	1	
218	222	-3	
216	223	-5	
256	261	3	
257	261	3	
257	321	1	
256	320	2	
90	92	2	
92	100	-1	
98	101	4	
93	101	-2	
10	12	-3	
11	15	4	
11	14	4	
448	453	-5	
449	454	-3	
448	455	-3	
131	132	2	
129	134	4	
129	135	-2	
128	135	-4	
296	300	3	
299	302	3	
297	302	-1	
177	182	-3	
178	182	2	
178	242	-3	
242	246	-4	
162	164	-4	
163	164	-2	
160	165	-4	
162	166	-2	
390	398	-3	
392	398	1	
391	399	2	
419	420	3	
419	483	-4	
418	482	-3	
116	124	-3	
123	124	3	
117	125	-4	
457	461	-2	
461	469	3	
465	469	2	
465	471	-3	
463	471	-3	
457	463	2	
2	4	3	
3	4	3	
67	69	3	
66	69	2	
34	36	2	
36	44	-1	
38	46	2	
34	38	-3	
270	278	2	
275	278	2	
275	279	-3	
271	279	-1	
25	31	2	
26	90	-2	
90	94	2	
171	175	-1	
171	235	-3	
169	233	-3	
280	286	3	
281	345	-3	
344	351	-3	
280	344	4	
403	404	-4	
404	412	-1	
409	412	-3	
407	415	-2	
18	23	-3	
83	86	3	
82	86	-2	
65	68	-3	
68	76	4	
73	76	-2	
69	77	-2	
336	340	3	
328	335	-2	
147	148	-2	
147	211	3	
211	214	3	
187	251	-1	
251	254	2	
248	254	-3	
184	248	-2	
291	295	-4	
352	358	-3	
288	352	2	
193	198	3	
195	198	-3	
195	259	1	
257	262	2	
193	257	-2	
441	447	-3	
442	506	-4	
506	510	-3	
306	370	2	
370	373	-2	
304	368	3	
427	429	-3	
429	437	2	
432	439	-1	
497	501	-2	
497	502	-2	
494	502	1	
488	494	-4	
51	54	3	
57	62	-3	
57	63	3	
51	55	1	
149	157	2	
152	158	-2	
150	158	-2	
232	236	4	
231	239	-3	
225	231	3	
410	474	-1	
408	472	-2	
192	197	-2	
194	258	-1	
256	260	3	
192	256	-2	
139	143	-3	
139	203	2	
203	207	3	
138	202	-2	
362	426	-2	
425	428	-2	
361	425	-2	
176	181	-2	
187	189	4	
187	191	4	
183	191	-1	
176	183	2	
91	155	2	
152	159	2	
88	152	-2	
341	349	2	
336	342	-4	
289	293	-3	
289	353	2	
227	229	-3	
460	468	-2	
466	470	-3	
462	470	4	
18	21	2	
25	29	-2	
25	30	2	
22	30	-1	
18	22	2	
98	103	3	
16	20	1	
80	85	-3	
443	444	-1	
435	438	1	
249	253	1	
251	315	-1	
249	313	-1	
377	380	4	
378	383	-2	
484	492	-1	
486	494	-1	
40	45	-1	
106	111	2	
104	111	-3	
214	222	1	
209	215	-2	
328	333	-3	
392	396	-1	
328	392	1	
267	331	-1	
330	334	3	
266	330	-3	
272	276	-2	
282	284	4	
304	308	-2	
305	309	3	
307	310	3	
304	310	4	
400	404	-1	
401	406	-2	
400	405	3	
51	52	-3	
59	61	2	
421	429	-1	
424	429	2	
422	430	2	
418	422	1	
450	452	-3	
11	75	-1	
74	78	3	
10	74	1	
130	132	-4	
473	477	-4	
474	479	3	
322	325	4	
323	325	1	
323	387	-2	
0	4	3	
3	5	-3	
298	300	2	
299	303	4	
296	303	2	
497	503	1	
171	173	3	
168	174	-1	
179	182	3	
243	245	2	
241	245	-2	
212	220	1	
217	220	2	
208	213	-2	
369	375	1	
345	348	3	
347	411	2	
345	409	-1	
394	398	-3	
385	390	-3	
35	37	4	
35	99	-4	
99	102	1	
32	96	-3	
66	68	-3	
72	76	2	
72	79	3	
71	79	1	
50	52	-2	
50	114	3	
112	116	-2	
48	112	3	
440	447	1	
269	277	-1	
273	278	-3	
185	188	4	
186	188	2	
249	252	3	
481	485	2	
417	481	3	
161	225	1	
224	228	3	
160	224	-1	
136	141	-1	
137	141	3	
201	206	-3	
24	28	4	
88	94	2	
434	438	2	
498	501	-3	
432	496	-2	
283	284	-2	
284	292	-2	
290	292	2	
287	295	2	
41	46	-4	
41	105	-1	
104	109	1	
234	236	2	
237	245	2	
153	156	3	
153	159	-1	
467	471	4	
258	262	-3	
259	263	-3	
338	341	2	
274	338	-2	
81	84	-1	
492	500	1	
499	500	-2	
315	319	-1	
313	318	2	
193	196	-2	
195	197	2	
194	199	3	
321	326	3	
443	447	-1	
242	244	-2	
251	252	-3	
394	458	-3	
392	456	3	
286	294	-1	
291	294	-3	
84	92	2	
85	93	2	
229	237	-1	
233	237	1	
224	230	3	
354	418	2	
416	421	2	
46	54	-3	
49	54	-1	
47	55	2	
43	47	-4	
154	158	3	
202	205	2	
205	213	-2	
206	214	2	
100	108	2	
106	108	-1	
490	493	-3	
489	495	4	
58	60	4	
56	62	1	
301	309	-1	
303	311	-1	
265	329	2	
405	413	1	
408	415	-3	
507	509	2	
504	510	-1	
369	433	-1	
433	436	-2	
432	436	-4	
368	432	-2	
28	36	1	
32	36	-4	
385	388	-3	
386	390	-3	
387	391	2	
172	180	3	
177	180	2	
163	166	4	
163	167	-1	
363	427	-2	
185	189	-2	
476	484	3	
479	487	2	
361	364	1	
364	372	3	
371	372	1	
367	375	1	
349	357	1	
350	358	-2	
347	350	2	
128	133	-3	
326	334	2	
331	335	3	
327	335	2	
19	22	-4	
17	23	-2	
95	103	1	
376	383	-1	
120	126	-3	
466	469	-2	
294	302	3	
204	212	-2	
210	215	2	
207	215	2	
416	480	2	
234	239	2	
261	269	2	
267	270	-1	
262	270	2	
280	285	-2	
136	143	2	
411	475	-2	
409	473	3	
29	37	1	
26	30	1	
226	228	3	
45	53	1	
195	199	3	
339	343	-2	
337	342	3	
147	151	-1	
211	212	-1	
144	208	1	
186	190	2	
250	253	-4	
105	108	-2	
107	109	-3	
8	13	-2	
13	21	-1	
16	21	4	
8	15	2	
441	444	-1	
440	445	2	
435	437	2	
426	430	-3	
155	156	-1	
474	478	2	
464	468	3	
324	332	-2	
325	333	2	
33	39	3	
34	39	-1	
177	181	-2	
241	244	1	
176	240	-3	
283	347	-2	
282	346	-1	
384	389	-4	
386	450	1	
235	237	3	
368	374	-3	
260	268	2	
263	271	-2	
393	397	-1	
393	457	-2	
91	92	-3	
86	94	3	
162	167	-3	
70	78	-1	
496	502	-2	
506	511	4	
48	53	3	
297	300	-2	
82	146	-1	
81	145	2	
44	52	2	
412	420	1	
27	29	1	
57	61	2	
248	255	2	
272	278	2	
273	279	-1	
88	93	-2	
89	153	1	
295	303	-2	
115	118	1	
115	179	1	
266	270	-3	
345	349	1	
144	148	-2	
145	150	-2	
145	149	1	
160	164	-2	
329	334	-2	
320	324	-2	
250	255	-1	
216	221	1	
221	229	-1	
222	230	-1	
424	431	1	
365	373	-2	
43	45	-2	
401	404	3	
403	405	-1	
402	407	1	
410	413	2	
337	343	1	
274	277	-2	
154	218	-1	
434	439	2	
499	501	1	
87	95	-1	
201	265	1	
130	134	1	
134	142	1	
138	142	2	
443	507	2	
354	357	-2	
114	119	-2	
374	382	2	
10	13	-2	
9	15	-3	
184	191	1	
467	468	2	
468	476	1	
471	479	1	
281	287	1	
170	175	1	
491	494	1	
450	453	-2	
451	455	1	
243	307	1	
242	306	-1	
27	31	3	
210	213	1	
208	214	2	
59	123	-1	
409	414	1	
312	316	1	
442	446	-1	
348	356	2	
351	359	-1	
235	299	-1	
234	298	-2	
330	332	-1	
264	328	-2	
227	228	-1	
152	156	2	
217	223	2	
339	342	-1	
272	336	1	
241	247	2	
288	293	1	
420	428	-1	
90	154	1	
305	369	-2	
58	63	1	
309	317	-2	
311	319	-2	
107	171	-1	
106	170	-1	
505	508	-2	
483	486	2	
83	87	-2	
448	454	1	
456	460	1	
299	363	1	
89	95	-2	
98	102	-2	
113	116	-2	
370	375	-2	
233	236	-1	
233	297	-1	
232	296	2	
219	223	-1	
355	419	1	
75	76	-1	
105	169	1	
104	168	1	
285	293	-1	
483	484	-1	
211	275	-1	
307	371	1	
238	246	1	
146	149	-1	
346	410	1	
209	273	1	
338	402	-1	
337	401	1	
9	73	1	
8	72	-1	
359	367	1	
203	205	1	
428	436	-1	
108	116	-1	
111	119	1	
174	182	1	
298	301	-1	
289	295	1	
371	435	1	
442	445	-1	
355	356	1	
83	147	-1	
121	125	1	
121	185	1	
120	184	1	
227	291	-1	
226	290	-1	
385	449	-1	
258	322	-1	
Energy:	-2512	
