NumberOfQubits	504	
NumberOfSubgraphs	756	
Serial	254	
PlantedSolution:	
0	-1	
1	-1	
2	-1	
3	1	
4	-1	
5	1	
6	1	
8	1	
9	1	
10	1	
11	1	
12	-1	
13	1	
14	-1	
15	-1	
16	-1	
17	1	
18	-1	
19	1	
20	1	
21	-1	
22	1	
23	-1	
24	1	
25	1	
26	1	
27	1	
28	-1	
29	-1	
30	-1	
31	1	
32	1	
33	1	
34	-1	
35	-1	
36	-1	
37	-1	
38	1	
39	-1	
40	1	
41	1	
42	-1	
43	-1	
44	1	
45	1	
46	1	
47	-1	
48	1	
49	1	
50	-1	
51	1	
52	-1	
53	1	
54	1	
55	1	
56	1	
57	1	
58	1	
59	-1	
60	-1	
61	1	
62	1	
63	-1	
64	1	
65	1	
66	-1	
67	-1	
68	1	
69	-1	
70	-1	
71	1	
72	1	
73	1	
74	1	
75	1	
76	-1	
77	1	
78	-1	
79	-1	
80	-1	
81	1	
82	1	
83	1	
84	1	
85	-1	
86	1	
87	1	
88	1	
89	-1	
90	1	
91	-1	
92	1	
93	-1	
94	1	
95	-1	
96	1	
97	-1	
98	-1	
99	-1	
100	1	
101	-1	
102	-1	
103	1	
104	1	
105	1	
106	-1	
107	-1	
108	-1	
109	-1	
110	-1	
111	1	
112	-1	
113	-1	
114	-1	
115	1	
116	-1	
117	-1	
118	1	
119	1	
120	-1	
121	-1	
123	-1	
124	1	
125	-1	
126	1	
127	1	
128	1	
129	-1	
130	-1	
131	1	
132	1	
133	1	
134	1	
135	1	
136	1	
137	-1	
138	1	
139	1	
141	-1	
142	1	
143	-1	
144	-1	
145	1	
146	1	
147	-1	
148	1	
149	-1	
150	1	
151	-1	
152	-1	
153	1	
154	1	
155	1	
156	-1	
157	1	
158	1	
159	1	
160	-1	
161	1	
162	1	
163	1	
164	-1	
165	1	
166	1	
167	-1	
168	1	
169	-1	
170	-1	
171	1	
172	1	
173	-1	
174	-1	
175	-1	
176	-1	
177	1	
178	1	
179	1	
180	1	
181	-1	
182	1	
183	-1	
184	1	
185	1	
186	1	
187	1	
188	-1	
189	-1	
190	-1	
191	1	
192	-1	
193	-1	
194	1	
195	1	
196	1	
197	1	
198	-1	
199	1	
200	-1	
201	-1	
202	1	
203	1	
204	-1	
205	-1	
206	-1	
207	-1	
208	-1	
209	1	
210	1	
211	-1	
212	-1	
213	1	
214	1	
215	1	
216	-1	
217	1	
218	-1	
219	1	
220	-1	
221	-1	
222	-1	
223	1	
224	1	
225	-1	
226	1	
227	1	
228	1	
229	-1	
230	1	
231	-1	
232	-1	
233	1	
234	-1	
235	1	
236	-1	
237	-1	
238	-1	
239	1	
240	-1	
241	-1	
242	-1	
243	-1	
244	-1	
245	-1	
246	-1	
247	1	
248	-1	
249	-1	
250	-1	
251	-1	
252	-1	
253	-1	
254	-1	
255	-1	
256	-1	
257	1	
258	1	
259	-1	
260	1	
261	1	
262	1	
263	1	
264	-1	
265	1	
266	-1	
267	-1	
268	-1	
269	-1	
270	-1	
271	1	
272	-1	
273	1	
274	1	
275	-1	
276	1	
277	1	
278	1	
279	1	
280	1	
281	-1	
282	-1	
283	1	
284	1	
285	-1	
286	-1	
287	1	
288	1	
289	1	
290	1	
291	1	
292	-1	
293	-1	
294	1	
295	1	
296	-1	
297	-1	
298	-1	
299	-1	
300	1	
301	-1	
302	1	
303	-1	
304	-1	
305	-1	
306	1	
307	1	
308	1	
309	-1	
310	1	
311	1	
312	1	
313	-1	
314	-1	
315	-1	
316	1	
317	1	
318	1	
319	1	
320	-1	
321	-1	
322	-1	
323	-1	
324	-1	
325	1	
326	-1	
327	-1	
328	1	
329	1	
330	1	
331	1	
332	1	
333	1	
334	1	
335	-1	
336	-1	
337	-1	
338	-1	
339	-1	
340	1	
341	1	
342	1	
343	-1	
344	1	
345	1	
346	1	
347	1	
348	-1	
349	-1	
350	-1	
351	-1	
352	-1	
353	-1	
354	1	
355	1	
356	1	
357	1	
358	-1	
359	-1	
361	1	
362	-1	
363	1	
364	1	
365	1	
367	-1	
368	-1	
369	-1	
370	-1	
371	1	
372	-1	
373	-1	
374	1	
375	-1	
376	1	
377	1	
378	-1	
379	1	
380	1	
382	1	
383	1	
384	1	
385	1	
386	1	
387	-1	
388	-1	
389	1	
390	1	
391	1	
392	1	
393	-1	
394	1	
396	-1	
397	-1	
398	1	
399	-1	
400	1	
401	-1	
402	1	
403	-1	
404	1	
405	1	
406	-1	
407	1	
408	-1	
409	1	
410	1	
411	-1	
412	-1	
413	1	
414	-1	
415	-1	
416	1	
417	1	
418	-1	
419	1	
420	1	
421	1	
422	1	
424	1	
425	-1	
426	1	
427	1	
428	1	
429	-1	
430	-1	
431	1	
432	-1	
433	1	
434	1	
435	1	
436	1	
437	-1	
438	-1	
439	-1	
440	-1	
441	-1	
442	1	
443	-1	
444	1	
445	-1	
446	-1	
447	1	
448	-1	
449	1	
450	-1	
451	1	
452	1	
453	-1	
454	1	
455	-1	
456	-1	
457	1	
458	-1	
459	1	
460	-1	
461	1	
462	1	
463	-1	
464	1	
465	-1	
466	1	
467	1	
468	-1	
469	-1	
470	-1	
471	-1	
472	1	
473	-1	
474	-1	
475	-1	
476	-1	
477	-1	
478	1	
479	-1	
480	-1	
481	1	
482	-1	
483	-1	
484	1	
485	1	
486	1	
487	-1	
488	1	
489	-1	
490	-1	
491	1	
492	1	
493	-1	
494	-1	
495	-1	
496	1	
497	-1	
498	-1	
499	1	
500	1	
501	-1	
502	1	
503	-1	
504	1	
505	1	
506	1	
507	-1	
508	1	
509	1	
510	1	
511	-1	
Js:	
0	4	-7	
1	4	-5	
1	5	4	
2	5	4	
2	6	5	
0	6	-3	
56	60	5	
57	60	6	
57	61	-4	
59	61	5	
59	62	5	
56	62	2	
160	167	-3	
161	167	-7	
161	225	2	
225	230	5	
224	230	-5	
160	224	5	
265	269	3	
267	269	-4	
267	331	3	
331	334	-3	
329	334	-5	
265	329	-3	
72	79	4	
74	79	1	
74	138	3	
138	142	-5	
136	142	-4	
72	136	-2	
25	28	4	
28	36	-4	
35	36	-4	
35	38	3	
30	38	4	
25	30	3	
104	110	2	
110	118	3	
115	118	-1	
115	119	-5	
111	119	2	
104	111	-5	
82	84	-3	
84	92	4	
89	92	3	
89	95	-4	
87	95	3	
82	87	-4	
235	236	5	
236	244	-2	
242	244	-2	
242	246	-3	
238	246	-4	
235	238	3	
281	285	-5	
282	285	-5	
282	286	-5	
280	286	3	
280	287	-4	
281	287	4	
130	132	4	
131	132	-5	
131	195	-2	
195	199	-4	
194	199	-6	
130	194	-2	
497	501	-6	
498	501	2	
498	503	-5	
496	503	3	
496	502	-6	
497	502	3	
338	342	6	
339	342	5	
339	403	2	
403	406	-4	
402	406	5	
338	402	2	
162	164	4	
164	172	4	
170	172	5	
170	174	-4	
166	174	-3	
162	166	-3	
200	204	-2	
202	204	5	
202	206	4	
203	206	4	
203	207	3	
200	207	-6	
9	13	-4	
10	13	3	
10	14	4	
8	14	6	
8	15	5	
9	15	5	
258	260	-5	
259	260	3	
259	263	5	
256	263	3	
256	262	-4	
258	262	-4	
248	253	-5	
250	253	-5	
250	314	-2	
314	318	4	
312	318	-5	
248	312	-1	
16	23	-5	
19	23	4	
19	83	3	
83	86	-4	
80	86	4	
16	80	-4	
145	150	-3	
150	158	1	
155	158	-2	
155	159	-6	
151	159	2	
145	151	5	
466	469	4	
469	477	-4	
474	477	-5	
474	479	4	
471	479	-3	
466	471	6	
432	437	-4	
435	437	7	
435	438	2	
434	438	-5	
434	439	5	
432	439	-4	
504	508	-3	
505	508	-5	
505	510	2	
507	510	6	
507	511	-3	
504	511	5	
449	452	-5	
451	452	-2	
451	454	-5	
448	454	6	
448	453	-4	
449	453	-5	
370	372	-5	
371	372	4	
371	373	-4	
369	373	-4	
369	374	4	
370	374	4	
32	39	4	
33	39	5	
33	97	-4	
97	100	4	
96	100	-5	
32	96	-5	
347	350	-4	
350	358	-4	
354	358	4	
354	359	3	
351	359	-3	
347	351	3	
218	221	-4	
219	221	4	
219	222	5	
217	222	4	
217	223	-5	
218	223	4	
410	412	3	
412	420	3	
416	420	2	
416	421	-4	
413	421	-3	
410	413	-4	
490	492	-5	
491	492	-3	
491	495	5	
488	495	4	
488	494	6	
490	494	-3	
41	44	-2	
44	52	2	
48	52	-3	
48	53	-4	
45	53	-2	
41	45	-4	
297	300	3	
300	308	-2	
305	308	4	
305	311	3	
303	311	2	
297	303	-5	
392	397	5	
397	405	3	
400	405	-3	
400	407	-5	
399	407	-3	
392	399	5	
208	212	-3	
209	212	4	
209	273	-3	
273	278	-3	
272	278	-2	
208	272	-3	
385	388	3	
386	388	4	
386	391	-4	
387	391	5	
387	390	-5	
385	390	-3	
176	182	5	
182	190	3	
187	190	3	
187	191	-3	
183	191	2	
176	183	-5	
299	301	-3	
301	309	2	
304	309	-5	
304	310	5	
302	310	-2	
299	302	4	
457	460	4	
459	460	4	
459	462	-5	
458	462	2	
458	463	-2	
457	463	-4	
376	382	-5	
378	382	6	
378	442	4	
442	444	-4	
440	444	-2	
376	440	4	
120	124	3	
121	124	7	
121	125	-2	
123	125	-7	
123	127	6	
120	127	3	
65	68	-5	
67	68	3	
67	71	-5	
64	71	-4	
64	70	4	
65	70	4	
424	428	-3	
426	428	-6	
426	430	-4	
425	430	-3	
425	429	-6	
424	429	3	
43	46	4	
46	54	-2	
50	54	4	
50	55	3	
47	55	-2	
43	47	-6	
346	348	4	
348	356	3	
355	356	-5	
355	357	-5	
349	357	-2	
346	349	4	
417	422	-3	
418	422	6	
418	482	-5	
482	486	3	
481	486	-4	
417	481	3	
73	76	3	
75	76	3	
75	139	-3	
139	143	5	
137	143	-3	
73	137	2	
288	293	3	
291	293	4	
291	295	5	
289	295	-2	
289	294	-5	
288	294	-5	
321	324	5	
322	324	-5	
322	325	4	
320	325	4	
320	326	-6	
321	326	-3	
328	332	-6	
332	340	-1	
337	340	5	
337	341	-3	
333	341	-2	
328	333	-5	
313	316	-1	
315	316	5	
315	379	3	
379	383	-7	
377	383	-6	
313	377	4	
90	93	4	
93	101	-3	
98	101	-3	
98	102	-3	
94	102	3	
90	94	-4	
409	415	-5	
411	415	-5	
411	475	-3	
475	478	4	
473	478	3	
409	473	3	
106	108	-2	
108	116	-1	
113	116	-6	
113	117	-2	
109	117	-2	
106	109	6	
168	175	5	
169	175	-3	
169	233	-4	
233	237	3	
232	237	-3	
168	232	3	
146	148	-2	
147	148	4	
147	211	-4	
211	214	3	
210	214	-6	
146	210	-3	
179	180	-7	
180	188	2	
186	188	4	
186	189	4	
181	189	1	
179	181	2	
128	135	-6	
129	135	3	
129	193	-2	
193	198	-3	
192	198	-4	
128	192	-2	
266	268	-6	
268	276	3	
275	276	5	
275	279	5	
271	279	2	
266	271	4	
362	364	4	
363	364	-5	
363	367	4	
361	367	7	
361	365	-3	
362	365	7	
24	31	-4	
27	31	-4	
27	91	5	
91	95	-3	
88	95	4	
24	88	-4	
440	445	-3	
443	445	-5	
443	447	-3	
441	447	4	
441	446	-4	
440	446	-5	
17	22	-2	
18	22	5	
18	82	4	
82	85	3	
81	85	-1	
17	81	-5	
249	252	-4	
251	252	-5	
251	254	-6	
248	254	2	
248	255	-4	
249	255	-5	
225	228	4	
226	228	-6	
226	231	3	
227	231	-3	
227	229	4	
225	229	-3	
464	468	3	
465	468	-5	
465	469	-3	
467	469	-3	
467	470	4	
464	470	3	
480	484	7	
483	484	-4	
483	487	-5	
481	487	6	
481	485	-5	
480	485	5	
234	237	-2	
237	245	-4	
240	245	2	
240	247	4	
239	247	-2	
234	239	5	
152	156	-3	
153	156	-3	
153	157	-5	
154	157	-2	
154	158	-6	
152	158	5	
329	335	2	
330	335	5	
330	394	-2	
394	398	-5	
393	398	4	
329	393	-3	
401	404	3	
404	412	3	
408	412	-4	
408	414	-6	
406	414	-3	
401	406	-5	
105	108	5	
107	108	-6	
107	171	2	
171	173	5	
169	173	-3	
105	169	-2	
66	69	-3	
69	77	4	
74	77	-3	
74	78	4	
70	78	-3	
66	70	-4	
195	196	-5	
196	204	5	
201	204	-2	
201	205	-5	
197	205	3	
195	197	-2	
34	37	-5	
35	37	3	
35	99	-3	
99	103	4	
98	103	4	
34	98	-4	
17	20	-5	
20	28	-2	
26	28	2	
26	29	4	
21	29	-2	
17	21	5	
257	261	-4	
259	261	4	
259	323	-3	
323	327	2	
321	327	-5	
257	321	1	
499	500	-4	
500	508	-4	
506	508	3	
506	509	-6	
501	509	2	
499	501	3	
264	269	-5	
269	277	-1	
274	277	-6	
274	278	-6	
270	278	2	
264	270	-5	
450	453	-3	
453	461	3	
456	461	5	
456	463	-5	
455	463	-4	
450	455	-2	
216	220	-5	
219	220	5	
219	283	-1	
283	284	-6	
280	284	-5	
216	280	-1	
425	431	3	
427	431	-3	
427	491	-3	
491	493	4	
489	493	-6	
425	489	3	
368	375	-6	
369	375	-3	
369	433	2	
433	436	-4	
432	436	3	
368	432	2	
131	133	-2	
133	141	-4	
138	141	2	
134	142	-2	
131	134	-6	
242	247	-4	
243	247	6	
243	307	4	
307	308	-3	
306	308	-5	
242	306	3	
114	116	-4	
114	178	3	
178	181	5	
177	181	5	
113	177	-1	
336	340	-4	
340	348	3	
345	348	3	
345	351	6	
343	351	-2	
336	343	-5	
120	126	5	
121	126	5	
121	185	-1	
185	189	2	
184	189	5	
120	184	2	
51	53	-5	
53	61	-2	
58	61	-4	
58	63	-4	
55	63	3	
51	55	-2	
144	149	-4	
146	149	-6	
210	215	-4	
208	215	5	
144	208	-3	
288	292	4	
289	292	3	
289	353	3	
353	359	-6	
352	359	-3	
288	352	3	
3	4	-2	
4	12	-1	
11	12	5	
11	13	-6	
5	13	-1	
3	5	-6	
384	388	4	
388	396	-6	
392	396	4	
389	397	5	
384	389	-5	
40	44	-5	
42	44	4	
42	45	3	
43	45	3	
40	47	3	
312	319	-4	
313	319	3	
377	380	4	
376	380	-4	
312	376	-2	
290	292	5	
292	300	3	
296	300	4	
296	301	-4	
293	301	-2	
290	293	-2	
472	476	4	
475	476	-6	
475	479	1	
473	479	-6	
473	477	-4	
472	477	4	
160	164	-2	
163	164	3	
163	165	-4	
161	165	-2	
344	349	4	
347	349	-3	
347	411	2	
411	414	-3	
344	408	3	
297	302	3	
298	302	2	
298	362	-1	
362	367	-5	
297	361	-4	
419	422	-3	
419	483	3	
482	487	-3	
107	110	-3	
112	118	6	
112	119	4	
107	111	2	
307	309	3	
309	317	-3	
314	317	4	
310	318	-3	
307	310	-3	
241	244	-5	
244	252	-4	
249	253	-4	
245	253	2	
241	245	-4	
49	52	5	
52	60	-3	
57	62	-3	
54	62	2	
49	54	-3	
203	205	4	
205	213	3	
209	213	-4	
209	215	-4	
207	215	-1	
496	500	1	
499	503	3	
498	502	3	
435	436	-3	
436	444	-5	
442	445	5	
437	445	-3	
168	173	3	
171	235	2	
232	236	-3	
337	342	3	
402	405	-3	
401	405	-3	
337	401	-2	
386	389	-3	
386	450	-4	
450	452	5	
448	452	5	
384	448	3	
272	276	5	
274	279	-3	
272	277	-2	
217	220	1	
220	228	2	
223	231	-3	
265	268	4	
264	271	3	
265	270	3	
9	12	2	
10	12	4	
144	148	5	
148	156	3	
155	156	4	
144	151	-3	
326	334	-3	
331	335	5	
327	335	-4	
320	327	-3	
90	92	-4	
91	92	4	
91	93	2	
88	93	3	
88	94	-3	
64	68	3	
66	68	5	
66	130	-1	
130	135	5	
64	128	-1	
24	30	4	
33	38	-3	
31	39	2	
394	458	3	
458	461	-3	
457	461	-3	
393	457	2	
72	78	3	
78	86	-2	
81	86	-3	
81	87	-4	
79	87	3	
18	20	3	
19	20	-4	
19	21	3	
16	21	4	
18	23	-3	
184	188	3	
185	188	5	
185	190	4	
186	190	4	
186	191	4	
184	191	-4	
368	372	-4	
371	374	-4	
370	375	3	
281	284	3	
282	284	-1	
283	285	2	
283	286	3	
281	286	-3	
424	431	-5	
426	431	3	
426	490	3	
424	488	-3	
352	356	3	
355	358	2	
354	357	-5	
352	357	3	
194	198	4	
194	258	1	
257	260	-5	
193	257	2	
460	468	-1	
466	468	1	
466	470	4	
462	470	-1	
114	117	2	
115	117	3	
115	179	-1	
178	180	-3	
96	101	3	
97	101	-4	
97	103	3	
99	102	4	
96	102	3	
323	324	-3	
324	332	4	
325	333	-3	
323	325	5	
507	509	4	
504	510	-5	
506	511	3	
41	46	-5	
42	46	5	
42	106	-3	
105	109	3	
41	105	-3	
403	407	3	
403	467	4	
467	471	2	
464	471	3	
400	464	5	
152	157	-3	
154	218	4	
216	221	-3	
152	216	-3	
484	492	-3	
489	492	4	
485	493	-1	
177	183	2	
177	241	4	
241	246	-2	
240	246	-6	
176	240	1	
433	438	5	
438	446	-3	
443	446	-3	
439	447	3	
433	439	3	
76	84	-2	
80	84	4	
80	85	-3	
77	85	3	
75	77	-3	
385	391	-3	
387	451	3	
451	455	5	
449	455	3	
385	449	-4	
345	350	2	
346	350	5	
346	410	-3	
410	415	1	
345	409	-2	
417	420	-6	
420	428	-1	
427	428	4	
427	429	5	
421	429	2	
417	421	-3	
1	6	5	
3	6	-7	
3	67	3	
65	71	-3	
1	65	4	
136	141	4	
137	141	-4	
137	201	-5	
201	206	-3	
200	206	-5	
136	200	-5	
160	166	-4	
163	166	-6	
163	227	-4	
227	230	-2	
169	172	3	
170	234	-3	
234	238	-3	
233	238	4	
378	380	4	
379	380	-4	
377	382	-3	
34	36	-4	
29	37	-4	
25	29	3	
250	254	6	
251	315	-2	
314	316	3	
290	294	-3	
294	302	1	
299	303	-4	
295	303	2	
290	295	-5	
56	63	6	
59	63	-3	
59	123	-1	
123	124	-3	
56	120	2	
147	150	3	
209	214	-3	
145	209	2	
336	341	4	
339	341	4	
337	343	2	
192	197	5	
193	197	6	
257	262	-3	
192	256	-1	
476	484	1	
480	486	-2	
478	486	-2	
472	478	-4	
304	308	-2	
306	311	-6	
305	310	4	
129	132	6	
130	134	5	
130	133	3	
129	133	4	
364	372	2	
368	373	2	
365	373	2	
363	365	-5	
50	53	5	
51	54	-3	
48	54	-4	
48	55	-4	
168	174	4	
174	182	-3	
175	183	-4	
204	212	-2	
208	213	3	
202	205	-3	
112	117	-5	
117	125	4	
119	127	-5	
157	165	-1	
162	165	-4	
162	167	4	
159	167	-1	
153	159	-5	
393	396	-3	
396	404	3	
400	404	-3	
393	399	-3	
73	79	4	
75	79	-3	
261	269	3	
267	271	3	
263	271	-3	
0	5	-5	
2	66	-4	
64	69	3	
0	64	3	
232	239	4	
234	298	3	
298	300	4	
232	296	-3	
419	420	-5	
416	422	5	
312	316	-5	
315	319	3	
313	317	6	
312	317	1	
497	500	2	
505	511	4	
503	511	3	
497	503	-4	
454	462	-2	
456	462	3	
27	29	2	
26	90	-5	
278	286	2	
282	287	4	
279	287	1	
273	279	-5	
104	109	4	
40	104	-2	
411	413	2	
474	476	-4	
410	474	-4	
13	21	3	
16	22	4	
14	22	3	
11	14	1	
322	386	1	
386	390	-2	
321	385	2	
424	430	6	
490	495	-3	
194	196	3	
192	199	3	
83	85	5	
85	93	-3	
89	93	-3	
89	94	4	
86	94	2	
243	244	3	
248	252	-6	
247	255	1	
344	348	3	
353	356	4	
353	357	2	
32	38	-3	
99	100	4	
226	229	4	
227	291	-1	
291	292	2	
226	290	1	
434	436	-2	
441	444	5	
214	222	3	
219	223	-2	
215	223	1	
330	332	-2	
331	333	-5	
145	149	1	
146	150	-6	
147	151	-3	
467	468	5	
465	471	-4	
187	188	4	
187	189	6	
185	191	-5	
58	62	-6	
57	63	-2	
116	124	3	
118	126	-4	
114	118	-3	
43	107	-2	
403	405	4	
398	406	1	
392	398	2	
68	76	-2	
72	76	4	
165	173	3	
170	173	-2	
243	246	-2	
307	311	-3	
304	311	-2	
240	304	-3	
299	363	3	
483	486	4	
479	487	-2	
472	479	-4	
288	295	-3	
291	355	-4	
352	358	-4	
138	202	-4	
202	207	3	
153	158	-1	
217	221	-3	
153	217	-2	
441	505	4	
505	509	-3	
504	509	3	
440	504	2	
251	255	-4	
452	460	1	
489	495	-3	
370	434	1	
51	52	3	
51	115	5	
115	116	3	
49	113	4	
338	340	2	
338	343	-4	
339	343	-4	
283	287	-2	
283	347	-4	
281	345	-2	
323	326	-3	
323	387	-2	
384	390	-2	
320	384	1	
128	133	-5	
139	141	2	
135	143	2	
34	39	-2	
378	383	3	
379	443	3	
12	20	3	
15	23	1	
10	15	4	
178	242	3	
242	245	3	
273	276	-2	
276	284	-2	
280	285	1	
277	285	-3	
273	277	-2	
260	268	2	
266	270	-1	
262	270	-4	
228	236	-3	
233	236	3	
230	238	2	
435	499	-4	
499	502	-4	
432	496	-4	
25	31	-4	
25	89	-2	
224	229	4	
229	237	-3	
235	237	3	
235	239	-3	
231	239	-2	
224	231	3	
2	4	-5	
32	37	3	
37	45	-2	
40	45	-6	
39	47	-2	
401	465	-4	
464	469	4	
411	412	-3	
409	413	-3	
408	413	4	
102	110	-4	
103	111	-4	
330	334	-2	
394	399	4	
161	164	4	
171	172	-3	
171	175	3	
167	175	-2	
67	69	-5	
73	77	-3	
71	79	3	
289	293	5	
290	354	-2	
149	157	2	
203	267	-1	
265	271	-3	
201	265	2	
211	212	4	
212	220	-4	
213	221	2	
211	213	5	
184	190	-4	
179	182	-3	
488	493	2	
493	501	-3	
494	502	3	
298	301	-6	
306	309	2	
298	303	-4	
482	485	4	
416	480	3	
450	454	4	
256	261	4	
258	261	3	
258	322	1	
322	327	-4	
256	320	-3	
344	350	2	
410	414	3	
374	382	3	
376	383	-1	
375	383	3	
128	134	3	
129	134	2	
8	12	3	
9	14	4	
24	28	3	
27	28	3	
26	31	2	
26	30	3	
195	198	5	
425	428	3	
427	430	2	
475	477	-2	
49	55	-4	
82	86	-3	
507	508	3	
506	510	-4	
314	319	-4	
313	318	3	
456	460	-2	
458	460	-6	
459	463	3	
275	278	3	
50	114	-4	
48	112	1	
402	404	-3	
32	36	-1	
98	100	2	
492	500	-2	
498	500	5	
495	503	2	
296	302	-6	
156	164	-1	
158	166	1	
483	485	2	
321	325	-2	
210	212	3	
216	222	3	
442	447	-4	
440	447	-2	
285	293	2	
291	294	-2	
286	294	2	
264	268	1	
267	270	-3	
74	76	4	
73	78	3	
72	77	-2	
65	69	3	
58	60	-2	
257	263	-3	
91	94	-2	
329	332	-5	
331	332	2	
328	334	-3	
203	204	-2	
243	245	-3	
227	228	-2	
225	231	-4	
353	358	2	
338	341	3	
336	342	3	
449	454	-1	
172	180	-3	
173	181	2	
104	108	2	
106	110	-3	
250	255	-4	
16	20	-1	
17	23	3	
88	92	-2	
80	87	2	
297	301	-1	
402	466	-3	
147	149	-3	
144	150	-2	
120	125	-3	
347	348	2	
280	344	-4	
354	418	4	
418	421	-2	
352	416	2	
171	174	3	
178	182	-2	
178	183	2	
240	244	2	
241	305	-2	
305	309	-3	
272	279	4	
482	484	3	
486	494	3	
66	71	3	
470	478	-4	
155	219	1	
441	445	-2	
377	441	1	
390	398	-6	
391	399	3	
11	15	-3	
11	75	-3	
10	74	-3	
98	162	2	
97	161	2	
370	373	-4	
371	375	3	
49	53	-2	
330	333	-3	
169	174	-3	
233	239	-2	
496	501	4	
139	203	-4	
405	413	-2	
407	415	4	
33	36	3	
34	38	3	
356	364	-3	
357	365	1	
249	254	-3	
315	317	4	
249	313	1	
451	453	-3	
194	197	-2	
193	199	-3	
393	397	3	
218	282	3	
217	281	3	
210	213	1	
211	275	-1	
210	274	-1	
22	30	-2	
19	22	-4	
83	87	-2	
83	147	-1	
81	145	-3	
341	349	2	
41	47	4	
105	111	2	
259	262	3	
234	236	-2	
235	299	2	
67	131	1	
65	129	-1	
459	461	-4	
457	462	-5	
409	412	2	
177	180	2	
176	181	-3	
154	156	2	
155	157	-3	
320	324	1	
202	266	1	
75	78	3	
142	150	-3	
143	151	-1	
138	143	4	
100	108	-2	
296	303	-1	
385	389	-3	
193	196	2	
199	207	2	
218	220	-1	
43	44	3	
42	47	3	
273	337	3	
272	336	-2	
480	487	-1	
27	30	2	
355	359	-1	
224	228	1	
35	39	3	
443	507	-2	
442	506	-2	
163	167	1	
170	175	-3	
474	478	1	
208	214	1	
89	153	2	
152	159	2	
88	152	-2	
275	339	-2	
274	338	-1	
418	420	3	
434	498	3	
433	497	3	
361	364	-4	
241	247	1	
101	109	-2	
105	110	3	
97	102	1	
56	61	-3	
57	121	-1	
9	73	3	
8	72	-3	
448	455	-2	
345	349	3	
409	414	3	
267	268	-4	
266	269	2	
387	389	2	
394	397	2	
198	206	2	
67	70	-3	
145	148	-4	
146	151	2	
419	421	-4	
428	436	1	
434	437	2	
429	437	-1	
308	316	-2	
488	492	-1	
394	396	-2	
38	46	-2	
342	350	1	
468	476	-3	
465	470	-2	
299	300	4	
83	84	-3	
216	223	3	
106	111	-3	
106	170	-1	
104	168	-1	
275	277	2	
311	319	2	
502	510	1	
402	407	2	
18	21	3	
430	438	-2	
432	438	1	
431	439	2	
128	132	-1	
96	103	-2	
179	183	3	
177	182	-2	
369	372	-3	
113	118	-1	
287	295	1	
221	229	-2	
226	230	-3	
222	230	1	
23	31	2	
107	109	-3	
400	406	2	
477	485	-1	
258	263	-4	
168	172	2	
160	165	4	
344	351	2	
36	44	-2	
81	84	-2	
82	146	1	
136	143	3	
355	419	-1	
353	417	-3	
250	252	-1	
246	254	-1	
112	116	-1	
112	176	1	
90	95	1	
91	155	2	
154	159	2	
90	154	-2	
368	374	3	
433	437	-1	
266	330	4	
264	328	-2	
489	494	-2	
24	29	-3	
322	326	-3	
284	292	1	
137	142	4	
139	142	-2	
201	207	1	
59	60	-2	
50	52	-2	
192	196	3	
40	46	-2	
426	429	1	
131	135	2	
99	101	-3	
408	472	2	
359	367	2	
187	251	-1	
186	250	2	
114	119	2	
162	226	-1	
392	456	-1	
232	238	-2	
490	493	-2	
491	494	1	
346	351	2	
80	144	1	
141	149	-2	
306	310	-1	
328	335	3	
113	119	2	
435	439	1	
401	407	-1	
314	378	1	
384	391	3	
487	495	1	
218	222	-2	
256	260	3	
121	127	-2	
315	318	1	
408	415	-1	
443	444	-2	
307	371	-2	
304	368	-1	
8	13	1	
422	430	1	
328	392	-1	
379	382	-1	
251	253	-2	
176	180	-1	
387	388	-1	
306	370	1	
305	369	2	
403	404	-1	
339	340	-1	
233	297	2	
371	435	-1	
92	100	-1	
95	103	-1	
123	126	2	
123	187	-1	
363	427	-1	
362	426	1	
33	37	1	
442	446	-1	
372	380	2	
274	276	1	
185	249	-1	
334	342	2	
335	343	-1	
211	215	1	
161	166	-1	
Energy:	-3304	
