NumberOfQubits	504	
NumberOfSubgraphs	840	
Serial	224	
PlantedSolution:	
0	1	
1	1	
2	1	
3	1	
4	-1	
5	1	
6	1	
8	-1	
9	1	
10	1	
11	-1	
12	1	
13	-1	
14	1	
15	1	
16	1	
17	1	
18	1	
19	-1	
20	-1	
21	-1	
22	1	
23	1	
24	-1	
25	-1	
26	-1	
27	-1	
28	1	
29	-1	
30	-1	
31	1	
32	-1	
33	1	
34	1	
35	-1	
36	1	
37	-1	
38	1	
39	-1	
40	-1	
41	1	
42	-1	
43	-1	
44	1	
45	-1	
46	1	
47	-1	
48	1	
49	-1	
50	-1	
51	-1	
52	1	
53	1	
54	1	
55	1	
56	1	
57	-1	
58	1	
59	-1	
60	1	
61	-1	
62	-1	
63	-1	
64	-1	
65	1	
66	-1	
67	-1	
68	-1	
69	-1	
70	-1	
71	1	
72	1	
73	1	
74	-1	
75	1	
76	1	
77	1	
78	-1	
79	1	
80	-1	
81	-1	
82	-1	
83	-1	
84	1	
85	1	
86	-1	
87	1	
88	1	
89	-1	
90	1	
91	1	
92	1	
93	1	
94	-1	
95	1	
96	1	
97	1	
98	-1	
99	1	
100	-1	
101	-1	
102	1	
103	-1	
104	1	
105	-1	
106	-1	
107	-1	
108	-1	
109	-1	
110	-1	
111	1	
112	-1	
113	1	
114	1	
115	1	
116	1	
117	1	
118	1	
119	-1	
120	-1	
121	-1	
123	-1	
124	1	
125	-1	
126	-1	
127	1	
128	1	
129	-1	
130	1	
131	1	
132	1	
133	-1	
134	-1	
135	-1	
136	-1	
137	-1	
138	-1	
139	-1	
141	1	
142	-1	
143	-1	
144	-1	
145	-1	
146	-1	
147	1	
148	1	
149	-1	
150	1	
151	-1	
152	1	
153	-1	
154	1	
155	-1	
156	-1	
157	-1	
158	1	
159	1	
160	-1	
161	-1	
162	-1	
163	-1	
164	-1	
165	-1	
166	-1	
167	-1	
168	-1	
169	1	
170	1	
171	1	
172	1	
173	1	
174	-1	
175	-1	
176	-1	
177	1	
178	-1	
179	-1	
180	1	
181	-1	
182	-1	
183	-1	
184	-1	
185	-1	
186	1	
187	1	
188	1	
189	-1	
190	1	
191	-1	
192	-1	
193	1	
194	-1	
195	-1	
196	1	
197	-1	
198	1	
199	-1	
200	1	
201	-1	
202	-1	
203	1	
204	-1	
205	-1	
206	1	
207	1	
208	-1	
209	1	
210	1	
211	-1	
212	1	
213	-1	
214	-1	
215	1	
216	1	
217	1	
218	-1	
219	1	
220	-1	
221	-1	
222	1	
223	1	
224	-1	
225	-1	
226	1	
227	1	
228	1	
229	-1	
230	-1	
231	-1	
232	-1	
233	1	
234	1	
235	-1	
236	1	
237	1	
238	-1	
239	-1	
240	-1	
241	-1	
242	-1	
243	1	
244	-1	
245	-1	
246	1	
247	-1	
248	1	
249	-1	
250	-1	
251	-1	
252	-1	
253	1	
254	-1	
255	-1	
256	1	
257	-1	
258	1	
259	-1	
260	-1	
261	1	
262	-1	
263	1	
264	1	
265	-1	
266	1	
267	-1	
268	1	
269	-1	
270	1	
271	-1	
272	-1	
273	-1	
274	-1	
275	-1	
276	1	
277	1	
278	-1	
279	-1	
280	1	
281	-1	
282	1	
283	1	
284	-1	
285	1	
286	1	
287	1	
288	1	
289	-1	
290	-1	
291	1	
292	1	
293	1	
294	-1	
295	1	
296	1	
297	1	
298	1	
299	1	
300	-1	
301	1	
302	1	
303	-1	
304	1	
305	1	
306	1	
307	1	
308	1	
309	1	
310	1	
311	1	
312	1	
313	1	
314	1	
315	-1	
316	-1	
317	-1	
318	1	
319	1	
320	1	
321	-1	
322	-1	
323	1	
324	1	
325	1	
326	1	
327	1	
328	-1	
329	1	
330	1	
331	1	
332	1	
333	-1	
334	1	
335	-1	
336	1	
337	1	
338	1	
339	1	
340	1	
341	1	
342	-1	
343	1	
344	1	
345	1	
346	-1	
347	-1	
348	-1	
349	-1	
350	-1	
351	-1	
352	1	
353	-1	
354	-1	
355	-1	
356	-1	
357	-1	
358	1	
359	-1	
361	-1	
362	1	
363	1	
364	-1	
365	-1	
367	1	
368	1	
369	-1	
370	1	
371	1	
372	1	
373	1	
374	-1	
375	-1	
376	1	
377	-1	
378	1	
379	-1	
380	-1	
382	1	
383	-1	
384	1	
385	-1	
386	-1	
387	1	
388	-1	
389	-1	
390	-1	
391	-1	
392	-1	
393	1	
394	-1	
396	-1	
397	-1	
398	1	
399	1	
400	-1	
401	1	
402	1	
403	-1	
404	1	
405	-1	
406	1	
407	-1	
408	1	
409	1	
410	-1	
411	1	
412	-1	
413	1	
414	1	
415	1	
416	-1	
417	1	
418	1	
419	-1	
420	1	
421	-1	
422	-1	
424	1	
425	1	
426	1	
427	1	
428	1	
429	1	
430	-1	
431	-1	
432	-1	
433	1	
434	1	
435	1	
436	-1	
437	-1	
438	1	
439	1	
440	1	
441	1	
442	1	
443	1	
444	-1	
445	-1	
446	1	
447	-1	
448	-1	
449	-1	
450	-1	
451	-1	
452	1	
453	-1	
454	-1	
455	1	
456	-1	
457	1	
458	-1	
459	-1	
460	1	
461	1	
462	1	
463	1	
464	1	
465	-1	
466	-1	
467	-1	
468	1	
469	1	
470	1	
471	1	
472	-1	
473	1	
474	1	
475	1	
476	-1	
477	1	
478	1	
479	-1	
480	-1	
481	1	
482	1	
483	-1	
484	1	
485	-1	
486	-1	
487	-1	
488	-1	
489	1	
490	-1	
491	1	
492	-1	
493	1	
494	-1	
495	1	
496	-1	
497	-1	
498	1	
499	-1	
500	1	
501	-1	
502	1	
503	-1	
504	1	
505	-1	
506	1	
507	-1	
508	1	
509	-1	
510	1	
511	1	
Js:	
112	116	-3	
115	116	-4	
115	117	-3	
114	117	-5	
114	118	-3	
112	118	3	
272	276	4	
276	284	2	
281	284	2	
281	286	5	
278	286	5	
272	278	-4	
409	412	5	
412	420	3	
418	420	-4	
418	421	4	
413	421	2	
409	413	-2	
424	428	2	
427	428	-6	
427	429	-3	
425	429	-3	
425	430	6	
424	430	5	
97	100	4	
99	100	5	
99	163	-1	
163	167	-5	
161	167	-6	
97	161	2	
449	453	-6	
453	461	3	
457	461	3	
457	463	-5	
455	463	-2	
449	455	5	
506	509	4	
507	509	-4	
507	511	4	
505	511	6	
505	510	6	
506	510	-2	
376	380	7	
378	380	6	
378	442	-3	
442	446	-5	
440	446	-5	
376	440	3	
352	358	-5	
353	358	-5	
353	417	4	
417	422	4	
416	422	-5	
352	416	3	
200	204	4	
203	204	4	
203	207	-3	
202	207	3	
202	206	3	
200	206	-3	
104	111	-4	
107	111	3	
107	171	-1	
171	172	-5	
168	172	4	
104	168	3	
144	148	6	
147	148	-2	
147	150	-4	
145	150	4	
145	149	-4	
144	149	-3	
0	5	-7	
1	5	-7	
1	65	3	
65	68	4	
64	68	-5	
0	64	6	
465	468	6	
467	468	4	
467	470	6	
466	470	-3	
466	471	5	
465	471	5	
288	292	-4	
290	292	3	
290	293	4	
291	293	-5	
291	295	-7	
288	295	3	
336	340	-3	
339	340	-3	
339	403	4	
403	406	3	
400	406	-3	
336	400	3	
176	181	-6	
177	181	2	
177	241	4	
241	247	2	
240	247	-4	
176	240	-2	
433	436	3	
434	436	5	
434	437	3	
435	437	4	
435	438	2	
433	438	-5	
345	348	5	
346	348	-3	
346	349	-6	
347	349	-3	
347	350	5	
345	350	2	
328	335	-4	
330	335	2	
330	394	4	
394	396	-4	
392	396	-3	
328	392	3	
32	36	-4	
33	36	-2	
33	37	6	
35	37	-5	
35	39	-5	
32	39	-5	
321	324	8	
322	324	5	
322	325	-4	
320	325	-4	
320	327	-5	
321	327	4	
248	252	5	
251	252	-3	
251	254	-6	
250	254	2	
250	255	-6	
248	255	5	
194	196	5	
195	196	3	
195	259	-1	
259	260	3	
258	260	6	
194	258	2	
185	188	4	
187	188	-4	
187	190	4	
184	190	4	
184	189	-3	
185	189	-3	
153	156	-4	
154	156	4	
154	218	-2	
218	220	-5	
217	220	4	
153	217	4	
242	245	-6	
243	245	6	
243	307	-2	
307	308	3	
306	308	-4	
242	306	3	
72	76	7	
75	76	-4	
75	77	-6	
73	77	-3	
73	79	-3	
72	79	-2	
266	268	-6	
267	268	4	
267	270	3	
264	270	-5	
264	269	2	
266	269	5	
18	20	5	
19	20	-4	
19	21	-5	
17	21	5	
17	22	-5	
18	22	-5	
49	52	5	
51	52	-6	
51	53	4	
48	53	-3	
48	54	-4	
49	54	4	
209	212	-4	
211	212	4	
211	213	-4	
208	213	-3	
208	215	3	
209	215	-5	
88	92	3	
89	92	4	
89	95	2	
91	95	-2	
91	93	-5	
88	93	-2	
8	12	6	
9	12	-4	
9	15	-4	
11	15	6	
11	14	-4	
8	14	7	
496	501	-4	
497	501	-5	
497	503	-6	
498	503	-3	
498	502	-5	
496	502	5	
273	277	5	
277	285	3	
280	285	-4	
280	287	-4	
279	287	6	
273	279	-4	
472	477	3	
477	485	1	
483	485	-6	
483	487	-7	
479	487	1	
472	479	-5	
297	301	-4	
298	301	-6	
298	303	5	
296	303	4	
296	302	-5	
297	302	-5	
56	60	4	
59	60	6	
59	62	-2	
57	62	-6	
57	61	-3	
56	61	6	
386	391	-6	
387	391	4	
387	451	2	
451	454	-5	
450	454	4	
386	450	-3	
362	364	6	
364	372	-4	
370	372	-5	
370	375	4	
367	375	2	
362	367	-5	
169	175	5	
170	175	3	
170	234	3	
234	239	2	
233	239	4	
169	233	-3	
24	29	-6	
27	29	-6	
27	30	-6	
25	30	3	
25	31	6	
24	31	3	
66	71	4	
67	71	4	
67	131	2	
131	133	-5	
130	133	4	
66	130	3	
488	492	3	
490	492	-4	
490	495	5	
489	495	-4	
489	493	-4	
488	493	2	
80	85	6	
81	85	4	
81	86	-5	
83	86	-4	
83	87	5	
80	87	3	
313	316	5	
314	316	5	
314	319	-4	
312	319	-4	
312	318	-5	
313	318	-7	
41	45	5	
42	45	2	
42	46	6	
43	46	4	
43	47	-4	
41	47	5	
96	102	-4	
98	102	4	
98	162	-2	
162	166	-6	
160	166	-6	
96	160	-1	
224	228	4	
225	228	4	
225	231	1	
226	231	7	
226	229	3	
224	229	-7	
128	134	4	
134	142	-3	
139	142	-5	
139	143	4	
135	143	-3	
128	135	6	
192	197	-5	
193	197	-3	
193	257	2	
257	261	8	
256	261	-2	
192	256	1	
377	382	6	
379	382	4	
379	443	2	
443	447	5	
441	447	6	
377	441	-2	
304	310	-5	
305	310	-5	
305	369	4	
369	373	-3	
368	373	-7	
304	368	-5	
473	476	5	
476	484	-1	
481	484	-7	
481	486	6	
478	486	1	
473	478	-4	
393	397	4	
397	405	-3	
401	405	4	
401	407	4	
399	407	-3	
393	399	-3	
121	125	3	
123	125	-5	
123	126	-3	
120	126	-4	
120	127	4	
121	127	4	
152	157	7	
155	157	3	
155	219	3	
219	222	-6	
216	222	-4	
152	216	-3	
329	333	3	
333	341	3	
337	341	-5	
337	342	5	
334	342	-1	
329	334	-5	
227	228	-5	
228	236	4	
235	236	5	
235	238	-3	
230	238	-6	
227	230	3	
104	108	5	
106	108	-5	
106	109	-5	
105	109	-6	
105	110	-5	
104	110	3	
456	460	2	
458	460	6	
458	461	3	
459	461	7	
459	462	-3	
456	462	5	
410	415	5	
411	415	-4	
411	475	-4	
475	478	-4	
474	478	-4	
410	474	-4	
355	357	-3	
357	365	-4	
363	365	7	
363	367	5	
359	367	4	
355	359	-4	
177	180	-3	
178	180	5	
178	182	-6	
179	182	-3	
179	183	-6	
177	183	5	
384	388	-5	
387	388	6	
387	390	4	
385	390	-6	
385	389	-5	
384	389	5	
73	78	5	
74	78	-3	
74	138	-4	
138	141	-3	
137	141	5	
73	137	4	
210	214	4	
211	214	-4	
211	275	2	
275	279	-3	
274	279	-4	
210	274	5	
146	150	4	
150	158	4	
154	158	-3	
154	159	-4	
151	159	4	
146	151	-5	
2	4	6	
3	4	5	
3	6	-4	
1	6	-6	
2	5	-4	
331	332	-3	
332	340	-3	
338	340	-4	
338	343	-5	
335	343	1	
331	335	-6	
26	28	3	
28	36	-4	
34	36	-7	
34	38	-4	
30	38	-2	
26	30	-6	
200	205	-1	
201	205	-4	
201	265	-2	
265	271	-3	
264	271	6	
200	264	-1	
344	348	3	
348	356	-2	
354	356	4	
354	359	-4	
351	359	-3	
344	351	6	
289	292	4	
292	300	2	
299	300	5	
299	302	-3	
294	302	-3	
289	294	-4	
499	500	4	
500	508	-4	
504	508	-6	
504	510	-4	
502	510	-3	
499	502	5	
50	54	4	
54	62	2	
58	62	6	
58	63	7	
55	63	-1	
50	55	6	
402	404	-6	
404	412	-1	
408	412	5	
408	414	-5	
406	414	-3	
402	406	-4	
368	374	5	
371	374	2	
371	435	-2	
435	439	-3	
432	439	5	
368	432	-1	
306	309	2	
309	317	4	
315	317	-5	
315	319	3	
311	319	-5	
306	311	-6	
10	13	7	
13	21	-3	
16	21	3	
16	23	-4	
15	23	-3	
10	15	-5	
185	191	-4	
186	191	5	
186	250	3	
250	253	4	
249	253	4	
185	249	-4	
426	431	6	
427	431	3	
427	491	-3	
491	494	5	
490	494	-3	
426	490	-3	
82	84	2	
84	92	-4	
90	92	4	
90	94	5	
86	94	-3	
82	86	-3	
162	164	6	
164	172	1	
169	172	-4	
169	173	-3	
165	173	4	
162	165	-4	
168	174	-2	
170	174	6	
234	237	-4	
232	237	5	
168	232	-3	
218	221	-5	
219	221	-2	
219	283	-3	
283	285	-2	
282	285	-4	
218	282	4	
256	262	6	
259	262	-5	
259	323	4	
323	326	-4	
320	326	-4	
256	320	-3	
65	69	3	
67	69	-4	
131	132	-8	
129	132	5	
65	129	-2	
113	116	-5	
116	124	-5	
123	124	5	
123	127	-6	
119	127	4	
113	119	4	
96	101	6	
101	109	-2	
106	111	-3	
103	111	2	
96	103	3	
448	452	5	
451	452	6	
451	453	-4	
450	453	-3	
448	454	-6	
242	244	-3	
243	244	-4	
243	247	5	
240	246	6	
242	246	4	
464	469	-5	
467	469	2	
467	471	4	
465	470	5	
464	470	-4	
441	444	6	
442	444	4	
442	445	3	
443	445	4	
42	44	4	
43	44	4	
40	46	5	
40	45	-4	
194	197	-3	
194	198	5	
192	198	4	
192	199	-4	
193	199	4	
480	484	4	
482	484	-4	
482	487	6	
480	485	-4	
379	380	-3	
377	383	-5	
378	383	5	
353	356	-5	
355	356	-6	
355	419	-4	
419	422	-3	
153	157	-3	
217	223	-4	
216	223	-6	
330	334	2	
394	398	3	
393	398	-4	
329	393	-1	
261	269	2	
265	269	6	
263	271	4	
257	263	4	
74	79	6	
138	143	-4	
136	143	-4	
72	136	3	
361	364	-7	
362	426	-3	
426	428	-5	
425	428	-3	
361	425	4	
64	70	-4	
66	70	-6	
130	135	5	
64	128	-1	
338	341	-4	
338	402	-1	
402	405	6	
337	401	2	
208	214	-6	
209	214	-1	
209	273	5	
272	277	3	
208	272	-4	
35	38	3	
35	99	5	
99	102	-4	
34	98	3	
491	492	4	
492	500	2	
498	500	4	
498	501	3	
493	501	3	
491	493	-6	
249	252	-3	
249	254	-5	
251	253	6	
248	253	-3	
432	437	-3	
434	438	-4	
433	439	-3	
300	308	3	
304	308	2	
304	309	-6	
301	309	-2	
299	301	-4	
148	156	4	
155	156	-4	
155	159	-3	
144	151	-3	
275	276	-3	
282	284	5	
282	286	-4	
275	278	-7	
80	84	-4	
83	84	4	
81	87	5	
179	181	3	
181	189	-3	
187	189	6	
187	191	4	
183	191	-3	
180	188	-3	
186	188	-4	
186	190	3	
182	190	3	
410	413	8	
474	477	-3	
473	477	-5	
409	473	-3	
384	390	4	
385	449	-3	
448	455	-3	
384	448	2	
314	317	5	
315	318	-6	
20	28	2	
25	28	6	
23	31	-2	
19	23	3	
233	237	-4	
237	245	2	
241	245	-3	
241	246	6	
238	246	-2	
233	238	4	
307	310	-5	
307	371	4	
371	375	5	
369	375	-5	
457	460	-4	
459	460	-5	
459	463	3	
456	463	7	
457	462	-5	
48	55	-7	
50	114	6	
112	117	3	
48	112	-5	
347	351	-4	
347	411	2	
408	415	-4	
344	408	3	
27	91	6	
88	95	-6	
24	88	4	
160	164	3	
161	164	-2	
161	165	-5	
163	165	-5	
163	166	-2	
52	60	-4	
59	61	-5	
53	61	3	
506	508	-4	
507	508	5	
505	509	5	
322	326	4	
323	327	6	
291	294	2	
288	294	5	
290	295	4	
201	204	-3	
202	204	-3	
202	205	8	
203	205	3	
203	206	-5	
201	206	4	
129	133	-4	
133	141	2	
137	142	-4	
129	134	-4	
225	229	-6	
227	231	5	
225	230	2	
349	357	-4	
352	357	3	
350	358	5	
346	350	-3	
386	388	-2	
388	396	-4	
392	399	5	
391	399	-5	
4	12	2	
11	12	3	
6	14	-1	
2	6	-7	
56	63	-2	
57	63	-6	
57	121	-3	
121	126	-5	
56	120	2	
416	421	-5	
418	482	-3	
482	486	3	
480	486	-5	
416	480	4	
336	343	-4	
339	343	-5	
403	407	-3	
400	407	4	
260	268	3	
262	270	5	
258	262	-3	
210	213	5	
213	221	-3	
218	223	3	
215	223	-3	
210	215	-3	
66	68	-2	
68	76	4	
75	78	3	
70	78	-3	
110	118	2	
113	118	-5	
111	119	-2	
105	111	4	
89	93	4	
93	101	-4	
97	101	3	
97	102	-2	
94	102	3	
89	94	-4	
168	175	3	
171	175	4	
171	235	5	
235	239	-4	
232	239	-3	
464	468	-4	
468	476	2	
472	476	-6	
471	479	2	
464	471	4	
424	431	5	
425	431	2	
425	489	-4	
488	495	6	
424	488	4	
37	45	-4	
39	47	-3	
33	39	2	
297	303	2	
299	303	5	
299	363	2	
361	365	-3	
297	361	2	
18	82	4	
82	87	5	
17	81	-3	
192	196	5	
194	199	-4	
195	199	5	
195	198	3	
496	500	3	
497	502	-3	
496	503	-5	
329	332	-3	
331	333	4	
328	333	-2	
329	335	4	
9	13	4	
10	14	-2	
8	15	2	
376	383	3	
379	383	-4	
440	445	5	
281	287	4	
281	345	3	
345	351	2	
280	344	2	
147	149	6	
145	151	4	
369	372	-4	
371	372	-2	
371	373	-5	
370	373	-3	
370	374	6	
369	374	-2	
40	44	-4	
43	107	-3	
107	108	-5	
40	104	3	
139	203	4	
200	207	-6	
136	200	5	
432	436	-4	
436	444	4	
440	444	2	
438	446	-4	
432	438	4	
389	397	-4	
392	397	-4	
392	398	4	
390	398	5	
419	420	4	
420	428	-2	
421	429	3	
419	421	4	
3	5	3	
3	67	6	
64	69	-5	
120	124	4	
120	125	-5	
117	125	5	
212	220	-4	
217	222	-3	
214	222	2	
401	404	-3	
402	466	3	
466	469	6	
465	469	-4	
401	465	2	
92	100	2	
99	103	4	
95	103	3	
90	95	-4	
232	236	2	
234	236	-4	
234	298	-5	
232	296	4	
170	173	-4	
173	181	2	
176	182	-4	
174	182	-3	
186	189	5	
184	248	-3	
308	316	5	
312	316	4	
409	414	-5	
411	414	3	
481	485	3	
485	493	2	
488	494	-5	
486	494	-3	
225	289	-4	
224	288	3	
21	29	1	
26	29	-4	
26	31	4	
450	452	5	
452	460	-2	
458	463	3	
450	455	5	
266	270	2	
266	271	4	
256	263	-4	
274	278	4	
283	286	-5	
283	287	-5	
155	158	6	
158	166	2	
160	167	-5	
159	167	2	
58	60	-4	
69	77	6	
75	79	-3	
71	79	-5	
65	71	4	
32	38	4	
33	38	-5	
241	244	-3	
240	245	-2	
128	132	-5	
336	341	-4	
339	342	-2	
336	342	4	
324	332	-2	
330	332	-5	
330	333	-4	
325	333	4	
321	325	5	
352	356	3	
354	357	-4	
352	359	4	
426	429	-2	
429	437	3	
433	437	4	
431	439	-4	
297	300	5	
298	300	1	
296	301	3	
403	467	-4	
400	464	3	
322	327	2	
323	387	-1	
387	389	3	
386	389	-5	
322	386	-3	
145	148	5	
146	148	3	
146	210	3	
210	212	-2	
145	209	-2	
88	94	-2	
90	154	-3	
152	156	3	
88	152	-3	
365	373	2	
362	365	4	
76	84	-2	
83	85	3	
77	85	-1	
72	77	-2	
172	180	-5	
179	180	3	
175	183	-2	
163	164	-5	
162	167	-1	
138	142	-4	
138	202	-3	
137	201	-4	
418	422	4	
480	487	-3	
59	63	-4	
59	123	-3	
185	190	6	
187	251	2	
226	230	4	
231	239	-5	
41	44	-4	
42	47	-5	
393	396	5	
394	458	2	
458	462	6	
393	457	-3	
257	260	-4	
258	263	-5	
259	263	3	
259	261	6	
337	340	-4	
340	348	3	
347	348	-4	
342	350	-4	
268	276	-4	
269	277	3	
267	269	-4	
489	492	5	
491	495	2	
312	317	4	
310	318	-2	
474	476	4	
475	477	-6	
475	479	4	
219	223	-3	
283	284	-3	
280	284	5	
216	280	-3	
25	89	-5	
290	354	-2	
354	358	3	
289	353	-1	
105	108	1	
107	110	-4	
106	110	-3	
449	452	-2	
448	453	-4	
435	436	4	
435	499	5	
499	503	-3	
434	498	-5	
96	100	3	
98	100	-5	
98	103	-2	
97	103	-6	
16	20	5	
80	86	-3	
16	80	3	
49	53	5	
51	115	3	
115	119	4	
49	113	4	
417	420	-4	
419	483	-3	
483	484	2	
417	481	-4	
10	74	3	
9	73	-4	
281	285	4	
282	346	3	
345	349	4	
410	412	-3	
411	413	-4	
244	252	-5	
247	255	-5	
193	196	-6	
195	197	-7	
193	198	-4	
0	4	5	
460	468	-1	
466	468	3	
461	469	-1	
331	334	-4	
326	334	-5	
227	291	-3	
288	293	3	
147	211	-2	
144	208	-1	
368	372	-3	
372	380	2	
376	382	-4	
374	382	-5	
361	367	4	
363	427	-3	
427	430	2	
394	399	4	
384	391	3	
171	174	3	
184	188	5	
184	191	4	
440	447	2	
442	447	4	
442	506	3	
506	511	-5	
504	511	-2	
440	504	-3	
24	28	5	
34	37	2	
29	37	1	
12	20	2	
17	20	-2	
14	22	-2	
136	141	4	
139	141	4	
305	311	-3	
307	311	-3	
499	501	-3	
153	158	4	
400	404	3	
403	404	5	
400	405	-4	
65	70	4	
251	315	2	
313	317	2	
249	313	1	
56	62	6	
275	277	3	
130	132	-2	
128	133	3	
265	270	4	
219	220	-3	
216	221	2	
217	221	3	
437	445	-3	
443	446	5	
31	39	3	
196	204	-3	
201	207	3	
199	207	3	
168	173	5	
171	173	-2	
235	237	-4	
424	429	-4	
422	430	-3	
114	116	-2	
114	178	1	
178	181	-4	
112	176	-3	
11	13	6	
456	461	3	
328	332	4	
328	334	3	
204	212	3	
208	212	3	
206	214	-3	
226	290	4	
346	410	1	
409	415	-3	
345	409	-4	
313	319	2	
314	378	-5	
313	377	5	
274	276	4	
273	276	3	
256	260	4	
81	84	4	
82	85	4	
67	68	-3	
74	76	2	
385	391	2	
353	359	-1	
144	150	4	
233	236	-3	
224	230	-3	
42	106	-3	
1	4	-2	
507	510	5	
115	118	-3	
242	247	2	
243	246	-1	
289	293	4	
293	301	-1	
295	303	2	
289	295	3	
338	342	4	
320	324	-3	
75	139	3	
305	308	-3	
302	310	1	
482	485	4	
483	486	2	
304	311	1	
306	370	-1	
401	406	-5	
398	406	-2	
428	436	2	
130	134	5	
315	379	-5	
312	376	-3	
98	101	-4	
32	96	3	
154	157	4	
153	159	4	
220	228	2	
221	229	-3	
43	45	-3	
40	47	-2	
275	339	2	
272	336	2	
169	174	-4	
50	52	1	
51	54	4	
240	244	-5	
250	252	-4	
451	455	5	
16	22	-3	
19	22	-4	
19	83	-2	
416	420	-3	
414	422	1	
264	268	-2	
266	330	-3	
264	328	4	
490	493	5	
72	78	4	
8	72	4	
441	445	5	
417	421	4	
33	97	-5	
108	116	1	
113	117	-3	
109	117	1	
107	109	4	
160	165	-3	
167	175	-1	
323	325	-3	
258	322	2	
344	350	3	
90	93	1	
26	90	3	
307	309	-3	
469	477	-2	
473	479	3	
369	433	2	
396	404	2	
211	215	4	
121	124	4	
284	292	3	
291	292	2	
285	293	-3	
501	509	-2	
248	254	4	
203	267	1	
233	297	-2	
177	182	3	
141	149	2	
147	151	-2	
143	151	-2	
385	388	-3	
386	390	1	
430	438	-1	
339	341	4	
337	343	-2	
408	413	-2	
11	75	1	
74	77	2	
375	383	-3	
290	294	-3	
288	352	-2	
218	222	-1	
250	314	1	
497	500	-3	
503	511	1	
205	213	-2	
327	335	3	
272	279	-3	
131	135	-2	
129	135	-4	
296	300	-4	
481	487	-2	
346	351	-4	
489	494	3	
49	55	-2	
91	92	-3	
363	364	-3	
34	39	2	
161	225	-3	
160	224	-2	
10	12	-3	
267	271	-3	
152	159	-3	
152	158	1	
102	110	3	
83	147	2	
146	149	-3	
82	146	2	
78	86	-2	
394	397	-5	
41	46	1	
118	126	4	
170	172	-1	
305	309	-3	
306	310	4	
258	261	-2	
443	444	2	
475	476	-2	
474	479	5	
355	358	2	
434	439	-2	
287	295	1	
112	119	-3	
115	179	3	
176	180	-3	
136	142	-4	
25	29	2	
58	61	3	
104	109	-2	
18	23	-3	
17	23	-5	
504	509	5	
323	324	-2	
321	326	-3	
405	413	2	
407	415	4	
378	382	1	
433	497	3	
432	496	3	
114	119	3	
27	31	-2	
91	94	3	
286	294	-1	
280	286	-2	
178	242	2	
439	447	3	
344	349	3	
353	357	-4	
81	145	1	
235	299	1	
267	331	5	
265	329	4	
472	478	3	
470	478	-2	
45	53	-2	
50	53	3	
46	54	-2	
131	134	2	
32	37	2	
241	305	2	
240	304	-1	
449	454	-4	
265	268	-1	
163	227	2	
227	229	-2	
41	105	3	
85	93	-2	
410	414	-1	
149	157	-2	
207	215	-2	
44	52	-3	
51	55	3	
47	55	3	
443	507	2	
441	505	-2	
197	205	-2	
198	206	-4	
87	95	-1	
354	418	3	
320	384	1	
99	101	-1	
239	247	-2	
222	230	2	
57	60	-2	
178	183	-2	
156	164	-3	
137	143	-3	
2	66	3	
106	170	1	
232	238	-3	
234	238	2	
9	14	-4	
408	472	1	
426	430	-3	
257	321	1	
283	347	2	
129	193	-1	
128	192	1	
121	185	1	
120	184	-1	
35	36	-2	
484	492	-2	
0	6	-2	
494	502	-1	
495	503	2	
249	255	-3	
113	177	1	
131	195	1	
130	194	1	
91	155	1	
89	153	-1	
274	277	-3	
411	412	-3	
303	311	2	
18	21	3	
298	302	-3	
298	362	-2	
24	30	2	
161	166	-2	
176	183	2	
368	375	1	
377	380	2	
487	495	-1	
273	278	-1	
273	337	2	
100	108	1	
166	174	2	
245	253	-1	
209	213	3	
66	69	2	
79	87	1	
36	44	1	
38	46	-2	
73	76	-1	
80	144	-1	
179	243	2	
370	434	-1	
217	281	-2	
246	254	-1	
454	462	-1	
236	244	2	
270	278	1	
22	30	1	
216	220	2	
343	351	1	
257	262	1	
392	456	1	
223	231	1	
402	407	-2	
403	405	-1	
162	226	-1	
226	228	-1	
67	70	1	
315	316	1	
441	446	-1	
251	255	1	
505	508	-1	
64	71	-1	
8	13	1	
105	169	-1	
291	355	1	
157	165	1	
48	52	1	
5	13	1	
321	385	1	
229	237	1	
224	231	-1	
Energy:	-3760	
