NumberOfQubits	504	
NumberOfSubgraphs	756	
Serial	252	
PlantedSolution:	
0	-1	
1	1	
2	-1	
3	1	
4	1	
5	1	
6	-1	
8	-1	
9	1	
10	1	
11	1	
12	-1	
13	-1	
14	-1	
15	1	
16	1	
17	-1	
18	-1	
19	-1	
20	1	
21	-1	
22	-1	
23	1	
24	1	
25	-1	
26	-1	
27	1	
28	1	
29	-1	
30	1	
31	-1	
32	-1	
33	-1	
34	-1	
35	-1	
36	-1	
37	1	
38	1	
39	1	
40	-1	
41	1	
42	-1	
43	1	
44	-1	
45	1	
46	-1	
47	1	
48	1	
49	-1	
50	-1	
51	1	
52	1	
53	-1	
54	-1	
55	1	
56	1	
57	1	
58	1	
59	-1	
60	1	
61	-1	
62	-1	
63	1	
64	1	
65	-1	
66	-1	
67	-1	
68	-1	
69	-1	
70	1	
71	-1	
72	1	
73	1	
74	1	
75	-1	
76	1	
77	1	
78	-1	
79	-1	
80	1	
81	1	
82	1	
83	1	
84	1	
85	-1	
86	1	
87	-1	
88	-1	
89	1	
90	-1	
91	1	
92	-1	
93	-1	
94	1	
95	1	
96	-1	
97	-1	
98	1	
99	1	
100	1	
101	1	
102	-1	
103	1	
104	-1	
105	1	
106	1	
107	-1	
108	1	
109	-1	
110	-1	
111	-1	
112	1	
113	1	
114	1	
115	-1	
116	1	
117	-1	
118	-1	
119	1	
120	1	
121	-1	
123	1	
124	-1	
125	1	
126	-1	
127	1	
128	1	
129	1	
130	1	
131	1	
132	1	
133	1	
134	1	
135	-1	
136	1	
137	-1	
138	-1	
139	-1	
141	1	
142	-1	
143	1	
144	1	
145	1	
146	-1	
147	-1	
148	-1	
149	1	
150	1	
151	1	
152	1	
153	-1	
154	-1	
155	1	
156	1	
157	1	
158	1	
159	-1	
160	1	
161	-1	
162	1	
163	-1	
164	1	
165	1	
166	-1	
167	1	
168	1	
169	1	
170	1	
171	-1	
172	-1	
173	-1	
174	-1	
175	-1	
176	1	
177	1	
178	-1	
179	-1	
180	1	
181	-1	
182	1	
183	-1	
184	-1	
185	-1	
186	1	
187	1	
188	-1	
189	-1	
190	-1	
191	-1	
192	-1	
193	-1	
194	-1	
195	-1	
196	1	
197	-1	
198	-1	
199	-1	
200	-1	
201	1	
202	-1	
203	-1	
204	1	
205	-1	
206	-1	
207	-1	
208	1	
209	-1	
210	-1	
211	1	
212	1	
213	-1	
214	-1	
215	-1	
216	1	
217	1	
218	1	
219	1	
220	-1	
221	1	
222	1	
223	1	
224	-1	
225	-1	
226	-1	
227	1	
228	-1	
229	-1	
230	1	
231	-1	
232	1	
233	1	
234	1	
235	1	
236	1	
237	1	
238	1	
239	1	
240	-1	
241	1	
242	-1	
243	-1	
244	-1	
245	1	
246	-1	
247	-1	
248	-1	
249	-1	
250	-1	
251	1	
252	-1	
253	-1	
254	1	
255	-1	
256	-1	
257	1	
258	-1	
259	1	
260	1	
261	-1	
262	-1	
263	-1	
264	-1	
265	-1	
266	-1	
267	-1	
268	-1	
269	1	
270	-1	
271	-1	
272	1	
273	-1	
274	-1	
275	1	
276	-1	
277	-1	
278	-1	
279	1	
280	-1	
281	-1	
282	-1	
283	-1	
284	1	
285	1	
286	1	
287	-1	
288	-1	
289	1	
290	-1	
291	-1	
292	1	
293	-1	
294	-1	
295	1	
296	-1	
297	1	
298	1	
299	-1	
300	-1	
301	-1	
302	-1	
303	-1	
304	-1	
305	1	
306	-1	
307	-1	
308	-1	
309	1	
310	1	
311	-1	
312	1	
313	1	
314	-1	
315	1	
316	-1	
317	-1	
318	1	
319	-1	
320	-1	
321	-1	
322	1	
323	-1	
324	-1	
325	1	
326	1	
327	-1	
328	1	
329	1	
330	-1	
331	-1	
332	1	
333	-1	
334	-1	
335	1	
336	-1	
337	-1	
338	1	
339	1	
340	1	
341	-1	
342	1	
343	1	
344	1	
345	1	
346	-1	
347	1	
348	1	
349	-1	
350	-1	
351	1	
352	-1	
353	-1	
354	1	
355	-1	
356	-1	
357	-1	
358	1	
359	1	
361	-1	
362	-1	
363	-1	
364	-1	
365	1	
367	-1	
368	1	
369	1	
370	-1	
371	1	
372	1	
373	1	
374	-1	
375	-1	
376	-1	
377	1	
378	1	
379	-1	
380	1	
382	1	
383	1	
384	-1	
385	1	
386	1	
387	1	
388	1	
389	1	
390	-1	
391	1	
392	-1	
393	1	
394	-1	
396	1	
397	1	
398	1	
399	1	
400	1	
401	-1	
402	1	
403	1	
404	1	
405	1	
406	1	
407	1	
408	-1	
409	-1	
410	1	
411	1	
412	1	
413	-1	
414	-1	
415	1	
416	-1	
417	1	
418	-1	
419	1	
420	1	
421	1	
422	-1	
424	-1	
425	1	
426	1	
427	1	
428	-1	
429	-1	
430	1	
431	-1	
432	-1	
433	-1	
434	1	
435	1	
436	1	
437	-1	
438	1	
439	1	
440	1	
441	-1	
442	1	
443	-1	
444	1	
445	1	
446	-1	
447	1	
448	1	
449	-1	
450	-1	
451	1	
452	-1	
453	1	
454	1	
455	-1	
456	1	
457	-1	
458	1	
459	1	
460	-1	
461	-1	
462	1	
463	-1	
464	1	
465	1	
466	-1	
467	-1	
468	-1	
469	-1	
470	1	
471	-1	
472	1	
473	-1	
474	-1	
475	1	
476	1	
477	1	
478	1	
479	-1	
480	-1	
481	1	
482	-1	
483	1	
484	-1	
485	-1	
486	-1	
487	-1	
488	-1	
489	1	
490	-1	
491	1	
492	1	
493	1	
494	-1	
495	1	
496	-1	
497	1	
498	1	
499	-1	
500	1	
501	1	
502	-1	
503	1	
504	1	
505	-1	
506	-1	
507	1	
508	1	
509	-1	
510	1	
511	-1	
Js:	
466	468	-4	
468	476	3	
474	476	4	
474	477	4	
469	477	-2	
466	469	-5	
89	92	2	
92	100	4	
96	100	5	
96	103	5	
95	103	2	
89	95	-4	
328	332	-3	
331	332	-3	
331	333	-5	
330	333	-5	
330	335	3	
328	335	-5	
483	486	3	
486	494	-4	
488	494	3	
488	495	6	
487	495	3	
483	487	5	
416	420	7	
417	420	-2	
417	422	4	
419	422	5	
419	421	-4	
416	421	4	
160	165	-5	
162	165	-4	
162	166	6	
163	166	-3	
163	167	2	
160	167	-5	
384	389	3	
386	389	-4	
386	450	1	
450	455	7	
448	455	4	
384	448	4	
305	308	4	
306	308	-6	
306	370	-2	
370	375	-4	
369	375	3	
305	369	-2	
274	278	-4	
275	278	6	
275	339	-2	
339	340	4	
338	340	-6	
274	338	4	
210	212	-4	
212	220	5	
217	220	4	
217	222	-3	
214	222	3	
210	214	-6	
40	44	-6	
41	44	3	
41	45	-4	
42	45	4	
42	46	-6	
40	46	5	
121	126	-3	
123	126	6	
123	187	-1	
187	190	2	
185	190	-6	
121	185	1	
16	20	-5	
18	20	5	
18	82	3	
82	85	3	
80	85	5	
16	80	-2	
178	182	3	
179	182	3	
179	243	2	
243	245	4	
242	245	3	
178	242	-2	
441	447	2	
443	447	6	
443	507	2	
507	510	4	
505	510	5	
441	505	-2	
168	172	3	
171	172	-3	
171	173	3	
169	173	7	
169	174	3	
168	174	5	
10	12	5	
11	12	5	
11	75	3	
75	77	4	
74	77	3	
10	74	-3	
256	260	5	
257	260	-2	
257	262	5	
259	262	4	
259	261	-4	
256	261	-4	
200	204	5	
203	204	-2	
203	267	-2	
267	270	-5	
264	270	-3	
200	264	-1	
1	5	-5	
2	5	4	
2	66	-5	
66	68	3	
65	68	-5	
1	65	4	
49	52	-4	
51	52	-5	
51	54	3	
50	54	-4	
50	53	-4	
49	53	-3	
130	134	-1	
131	134	-6	
131	195	1	
195	198	-7	
194	198	-3	
130	194	-1	
402	404	-5	
404	412	-4	
408	412	5	
408	413	-3	
405	413	-5	
402	405	-3	
321	324	-5	
323	324	-4	
323	325	-5	
322	325	-5	
322	327	2	
321	327	-3	
234	236	-4	
235	236	-3	
235	299	3	
299	302	-5	
298	302	-2	
234	298	-6	
17	22	-2	
19	22	-6	
19	83	4	
83	84	-5	
81	84	-4	
17	81	-3	
136	141	-6	
139	141	-6	
139	142	-3	
138	142	-3	
138	143	6	
136	143	-3	
289	293	5	
291	293	-4	
291	294	-4	
290	294	1	
290	295	5	
289	295	-4	
312	319	-4	
315	319	3	
315	379	3	
379	383	6	
376	383	5	
312	376	4	
106	108	-5	
108	116	-2	
113	116	-4	
113	119	3	
111	119	1	
106	111	5	
424	428	-6	
428	436	1	
433	436	4	
433	437	-5	
429	437	2	
424	429	-7	
24	29	6	
27	29	4	
27	91	-6	
91	93	-6	
88	93	-4	
24	88	3	
280	284	3	
281	284	3	
281	287	-1	
282	287	4	
282	286	5	
280	286	5	
456	460	5	
459	460	7	
459	462	-4	
458	462	-4	
458	463	5	
456	463	5	
224	228	-5	
225	228	-5	
225	231	2	
227	231	5	
227	229	3	
224	229	-3	
344	350	2	
350	358	3	
352	358	5	
352	359	3	
351	359	3	
344	351	-5	
152	156	-4	
153	156	4	
153	158	3	
154	158	4	
154	159	-4	
152	159	5	
144	148	4	
145	148	4	
145	150	-4	
146	150	4	
146	149	3	
144	149	8	
497	500	-5	
499	500	3	
499	503	3	
496	503	-4	
496	501	4	
497	501	-4	
32	36	-5	
33	36	-3	
33	38	5	
34	38	3	
34	39	4	
32	39	-3	
184	188	-4	
186	188	3	
186	250	4	
250	255	-5	
248	255	-4	
184	248	-3	
296	301	-4	
301	309	-3	
307	309	3	
307	311	-3	
303	311	-3	
296	303	-6	
346	348	5	
348	356	2	
354	356	4	
354	357	5	
349	357	2	
346	349	-3	
176	181	3	
177	181	6	
177	241	2	
241	247	2	
240	247	-4	
176	240	2	
57	61	6	
58	61	6	
58	63	-5	
59	63	-3	
59	62	-5	
57	62	4	
8	13	-5	
9	13	4	
9	73	-2	
73	76	-6	
72	76	-2	
8	72	4	
192	197	2	
197	205	-3	
202	205	-5	
202	207	-3	
199	207	-4	
192	199	-5	
368	372	-4	
371	372	-6	
371	435	3	
435	439	-5	
432	439	4	
368	432	3	
400	406	-3	
401	406	6	
401	465	4	
465	471	4	
464	471	4	
400	464	-5	
393	397	-6	
394	397	4	
394	399	4	
392	399	4	
392	398	4	
393	398	3	
265	269	3	
269	277	3	
272	277	6	
272	279	-3	
271	279	3	
265	271	-3	
0	4	4	
3	4	-5	
3	67	4	
67	69	4	
64	69	5	
0	64	3	
425	430	-4	
427	430	4	
427	491	-4	
491	493	-5	
489	493	-6	
425	489	-3	
385	390	4	
387	390	6	
387	451	3	
451	453	-4	
449	453	5	
385	449	4	
104	109	-4	
109	117	-1	
112	117	5	
112	118	4	
110	118	2	
104	110	-4	
409	414	-2	
411	414	5	
411	475	-3	
475	478	-5	
473	478	3	
409	473	3	
313	318	-2	
314	318	5	
314	378	-4	
378	380	-5	
377	380	-6	
313	377	-3	
211	213	3	
213	221	5	
219	221	-4	
219	223	-3	
215	223	-3	
211	215	6	
440	446	5	
442	446	6	
442	506	1	
506	511	-5	
504	511	4	
440	504	1	
361	364	-5	
363	364	-6	
363	365	-4	
362	365	4	
362	367	-5	
361	367	-4	
248	252	4	
249	252	-3	
249	254	2	
251	254	-4	
251	253	4	
248	253	-3	
98	101	-3	
99	101	3	
99	103	-2	
97	103	6	
97	102	-1	
98	102	6	
481	484	5	
482	484	-5	
482	485	-4	
480	485	-2	
480	487	5	
481	487	2	
26	28	4	
27	28	-4	
27	30	2	
25	30	5	
25	31	-3	
26	31	-2	
128	132	-4	
131	132	-4	
131	133	-4	
129	133	-3	
129	135	6	
128	135	5	
232	237	-3	
235	237	3	
235	238	-5	
233	238	-4	
233	239	-3	
232	239	-3	
336	341	-7	
337	341	-4	
337	343	6	
338	343	-4	
338	342	-3	
336	342	-4	
403	405	-4	
410	413	4	
410	415	-4	
407	415	-4	
403	407	-4	
115	116	4	
116	124	3	
120	124	4	
120	127	-3	
119	127	-4	
115	119	4	
65	70	4	
70	78	4	
72	78	5	
72	79	-1	
71	79	-6	
65	71	-3	
170	172	4	
172	180	3	
176	180	4	
176	183	4	
175	183	-4	
170	175	5	
193	196	-4	
194	196	6	
194	258	-2	
258	263	-3	
257	263	4	
193	257	2	
320	326	4	
326	334	4	
329	334	6	
329	335	2	
327	335	2	
320	327	-5	
155	156	-3	
156	164	-3	
161	164	4	
161	165	2	
157	165	-3	
155	157	-6	
281	285	6	
283	285	6	
283	347	2	
347	350	4	
345	350	3	
281	345	-1	
426	430	-4	
430	438	-2	
434	438	3	
434	439	-3	
431	439	3	
426	431	5	
467	470	6	
470	478	-5	
472	478	-2	
472	479	-3	
471	479	-4	
467	471	-3	
208	213	4	
209	213	-6	
209	273	-3	
273	276	-5	
272	276	5	
208	272	1	
297	300	5	
300	308	-3	
304	308	-2	
304	310	6	
302	310	3	
297	302	-2	
48	52	2	
52	60	-2	
56	60	-6	
56	63	-7	
55	63	-2	
48	55	-5	
35	37	4	
37	45	-2	
43	45	-5	
43	47	-5	
39	47	2	
35	39	3	
490	492	-5	
492	500	-3	
498	500	-4	
498	502	5	
494	502	-2	
490	494	-4	
201	206	5	
202	206	-3	
202	266	-2	
266	268	-3	
265	268	-5	
201	265	-1	
80	86	-4	
86	94	-3	
90	94	4	
90	95	3	
87	95	4	
80	87	-3	
224	230	-2	
226	230	5	
226	290	-1	
290	292	4	
288	292	5	
224	288	-4	
387	388	1	
388	396	-5	
393	396	-3	
393	399	-3	
391	399	-4	
387	391	-4	
451	452	4	
452	460	-2	
457	460	-2	
457	462	-5	
454	462	-2	
451	454	-3	
13	21	-2	
17	21	-5	
17	23	-4	
15	23	-3	
8	15	3	
137	142	-5	
142	150	2	
147	150	-2	
147	151	5	
143	151	-2	
137	143	5	
41	47	-6	
43	107	1	
107	111	-3	
105	111	-4	
41	105	-2	
353	356	-4	
355	356	-4	
355	359	4	
352	357	-3	
353	357	-5	
114	117	4	
117	125	3	
120	125	-5	
120	126	5	
118	126	-2	
114	118	3	
314	316	-4	
315	316	-4	
313	319	5	
313	317	3	
314	317	-3	
187	188	-4	
187	191	6	
184	191	-4	
184	189	-4	
186	189	6	
216	220	2	
218	220	5	
218	221	-3	
219	222	-5	
216	222	-4	
240	244	3	
244	252	-4	
250	252	-3	
250	254	3	
246	254	6	
240	246	-3	
504	508	-4	
506	508	4	
507	511	6	
507	509	2	
504	509	7	
378	382	-5	
379	382	4	
379	443	-3	
443	444	4	
442	444	2	
378	442	-2	
369	372	-3	
371	373	-4	
370	373	5	
370	374	4	
369	374	6	
2	4	-3	
4	12	2	
9	12	4	
9	14	5	
6	14	-1	
2	6	-4	
418	422	5	
419	483	-4	
482	486	-3	
418	482	-4	
453	461	2	
459	461	4	
459	463	3	
455	463	-2	
449	455	1	
435	437	3	
437	445	4	
440	445	-3	
438	446	-3	
435	438	-3	
178	181	-3	
242	244	-2	
241	244	5	
284	292	2	
288	294	-5	
286	294	1	
104	108	2	
106	170	-2	
170	173	3	
168	173	2	
104	168	-3	
153	157	4	
155	158	-4	
153	159	-4	
146	148	-5	
146	210	-3	
209	212	3	
145	209	2	
82	84	3	
83	85	2	
81	85	5	
81	87	3	
82	87	4	
489	492	-4	
490	495	3	
488	493	2	
266	269	3	
267	269	-4	
267	331	-2	
266	330	-4	
400	407	-3	
401	407	3	
465	468	4	
464	468	3	
69	77	4	
74	79	4	
64	71	4	
28	36	4	
35	36	-4	
29	37	2	
26	29	1	
18	21	-4	
19	21	-4	
16	22	3	
499	501	5	
499	502	-4	
496	502	-4	
497	503	-5	
225	229	-3	
229	237	3	
233	237	-4	
231	239	3	
298	300	4	
299	300	-2	
299	301	-4	
298	303	2	
59	60	-3	
59	61	-5	
58	62	4	
56	62	3	
344	349	2	
347	349	6	
347	411	2	
408	414	-3	
344	408	4	
88	92	-4	
97	100	3	
97	101	4	
93	101	3	
192	198	-5	
195	259	2	
259	263	3	
256	263	-4	
192	256	2	
394	398	4	
394	458	2	
458	461	4	
456	461	-2	
392	456	3	
426	428	3	
426	429	3	
425	429	-2	
425	431	4	
424	431	-2	
160	164	4	
163	164	5	
161	166	-4	
161	167	5	
336	340	2	
339	343	-3	
129	132	-4	
130	132	-6	
130	133	-4	
128	133	-6	
128	134	-4	
129	134	6	
306	309	5	
307	310	3	
304	311	5	
306	311	-1	
200	205	-3	
203	205	5	
203	206	-5	
201	207	3	
200	207	-5	
322	324	4	
324	332	-1	
329	332	-6	
322	326	-4	
385	388	-3	
386	388	-5	
386	391	3	
384	391	4	
385	389	-4	
226	228	-2	
228	236	3	
232	236	-5	
232	238	-3	
230	238	3	
182	190	3	
185	191	-3	
183	191	2	
179	183	-4	
285	293	3	
287	295	-2	
283	287	-4	
403	404	-2	
403	467	4	
466	470	-2	
402	466	5	
345	348	-2	
346	410	2	
409	415	5	
345	409	-2	
147	149	4	
147	211	3	
208	215	5	
144	208	-4	
32	38	3	
34	98	-4	
96	102	-3	
32	96	-5	
274	277	-3	
275	277	4	
273	278	-3	
273	279	5	
274	279	3	
472	476	-5	
475	476	-5	
475	479	4	
473	479	-3	
473	477	6	
472	477	-7	
48	53	4	
51	53	5	
51	55	-3	
50	55	-3	
48	54	4	
105	109	5	
107	109	-2	
107	171	-4	
171	174	-4	
105	169	-3	
368	374	4	
374	382	2	
376	382	4	
375	383	-1	
368	375	4	
417	481	-4	
480	484	-5	
416	480	2	
67	68	-3	
68	76	4	
73	78	-4	
67	70	4	
245	253	4	
249	253	-5	
249	255	-4	
247	255	-4	
243	247	3	
258	260	4	
260	268	3	
264	268	-3	
262	270	3	
258	262	-5	
121	124	-5	
123	124	-4	
123	125	-4	
121	127	6	
26	30	-6	
26	90	-5	
89	94	-4	
25	89	6	
1	4	-4	
3	5	2	
0	5	6	
0	6	-3	
1	6	5	
436	444	-4	
441	444	4	
441	445	-5	
354	358	-3	
355	358	5	
355	419	2	
418	421	3	
354	418	-3	
312	316	3	
313	316	4	
376	380	-4	
320	325	3	
321	325	4	
321	326	3	
323	326	3	
323	327	-4	
10	13	4	
10	15	2	
11	15	-5	
11	14	3	
42	44	-5	
40	47	4	
196	204	-2	
193	199	-4	
450	452	-4	
448	454	-4	
139	143	2	
136	142	4	
153	217	3	
217	223	-3	
216	223	-4	
152	216	1	
505	508	5	
506	510	5	
505	509	-4	
115	118	-4	
113	117	3	
305	309	-3	
309	317	3	
315	317	4	
315	318	-3	
310	318	-3	
305	310	-3	
16	21	2	
21	29	-3	
24	31	5	
23	31	3	
16	23	-4	
432	438	4	
434	498	-4	
498	501	-2	
432	496	-4	
457	461	-4	
393	457	-3	
99	102	4	
99	163	-1	
163	165	5	
98	162	-2	
225	230	4	
227	230	-4	
227	291	3	
225	289	2	
177	180	-3	
177	183	-2	
171	175	-2	
485	493	3	
491	494	2	
187	189	3	
187	251	-2	
251	252	-4	
233	236	-2	
298	301	-2	
297	301	3	
233	297	-4	
66	69	-4	
67	131	2	
131	135	3	
130	135	4	
66	130	2	
50	114	4	
114	119	-2	
49	113	3	
402	406	2	
465	469	4	
268	276	2	
218	282	4	
280	287	-6	
216	280	4	
345	351	-5	
409	412	3	
384	388	4	
392	396	4	
390	398	5	
384	390	1	
328	334	3	
334	342	2	
339	342	-4	
335	343	1	
75	79	-4	
75	139	-3	
138	141	3	
74	138	3	
82	86	4	
91	94	-3	
91	95	-3	
145	151	-5	
211	214	-2	
209	214	-4	
193	197	-6	
195	197	-3	
257	261	4	
364	372	2	
368	373	-3	
365	373	-5	
361	365	4	
355	357	-2	
353	359	3	
354	359	-2	
442	447	-3	
442	445	-4	
106	110	2	
57	63	-3	
24	30	-2	
30	38	-3	
33	39	5	
31	39	3	
243	244	-3	
241	245	-3	
241	246	3	
474	478	4	
474	479	-3	
425	428	5	
427	431	4	
427	429	3	
184	190	-3	
185	249	1	
226	229	-4	
235	239	-4	
226	231	-4	
150	158	-2	
152	158	-3	
151	159	4	
146	151	2	
294	302	-3	
296	302	-3	
295	303	-3	
288	295	3	
270	278	-2	
99	100	-4	
379	380	2	
377	383	-4	
377	382	-3	
173	181	2	
176	182	-3	
174	182	3	
495	503	-2	
489	495	-2	
274	276	2	
337	340	5	
273	337	-2	
64	68	3	
323	387	-1	
321	385	2	
194	199	-2	
256	262	-1	
410	412	-2	
412	420	-1	
418	420	3	
414	422	-2	
410	414	3	
371	375	3	
370	434	1	
72	77	-4	
77	85	-1	
81	86	-4	
78	86	1	
43	44	1	
218	223	-3	
8	14	-4	
14	22	-3	
18	22	-4	
18	23	-2	
282	284	-3	
283	284	4	
281	286	5	
400	405	-3	
457	463	-4	
264	271	-4	
266	271	3	
328	333	4	
264	328	2	
481	485	4	
483	485	5	
25	28	2	
89	93	2	
162	167	-3	
160	166	2	
49	54	-4	
448	452	4	
449	452	-4	
450	453	3	
450	454	3	
201	204	-5	
202	204	2	
168	175	4	
170	234	-2	
234	238	-3	
168	232	1	
363	367	-3	
363	427	2	
362	426	2	
308	316	-1	
314	319	-3	
311	319	-3	
305	311	-3	
353	358	-2	
353	417	3	
417	421	-5	
352	416	-4	
341	349	-2	
346	350	-4	
342	350	2	
507	508	4	
121	125	4	
34	36	-3	
33	37	4	
32	37	-2	
114	116	-3	
115	179	-2	
179	180	3	
178	180	4	
114	178	-2	
242	246	-5	
251	255	3	
242	247	4	
369	433	3	
432	436	-4	
17	20	4	
19	20	2	
154	157	3	
155	219	4	
218	222	-3	
154	218	2	
411	415	3	
410	474	3	
227	228	-3	
291	292	3	
322	386	1	
320	384	-2	
67	71	-1	
66	71	-2	
75	76	2	
74	76	3	
396	404	-3	
402	407	-3	
399	407	3	
208	214	2	
312	317	3	
312	318	-5	
306	310	2	
137	141	-2	
440	447	-4	
441	446	-3	
90	92	-3	
57	60	-4	
58	60	3	
344	348	-5	
347	351	1	
185	189	-3	
107	108	4	
107	110	-4	
105	110	3	
106	109	-3	
498	503	-3	
292	300	2	
293	301	2	
290	293	-6	
330	332	5	
331	334	-3	
192	196	4	
194	197	-4	
467	469	2	
464	470	-3	
217	221	-3	
83	87	3	
83	147	2	
147	148	-2	
80	144	-2	
73	77	-2	
66	70	2	
240	245	2	
243	307	-5	
240	304	-4	
401	405	1	
411	413	2	
406	414	3	
491	492	-3	
493	501	1	
389	397	-4	
385	391	3	
123	127	-3	
112	119	4	
367	375	-3	
34	37	4	
35	99	4	
506	509	-3	
224	231	2	
10	14	4	
9	15	3	
177	182	-3	
50	52	3	
49	55	4	
267	268	-2	
266	270	-3	
420	428	2	
421	429	-1	
473	476	3	
475	477	1	
277	285	2	
278	286	-2	
272	278	1	
483	484	1	
480	486	-4	
481	486	3	
88	95	2	
90	154	2	
88	152	2	
43	46	4	
3	6	5	
394	396	3	
386	390	2	
448	453	-4	
449	454	4	
19	23	-2	
169	172	4	
408	415	-2	
91	92	2	
96	101	2	
204	212	-2	
206	214	-1	
291	295	-1	
291	355	-1	
290	354	1	
73	79	2	
276	284	3	
279	287	-1	
234	239	2	
232	296	3	
242	306	-2	
241	305	-3	
25	29	-2	
56	61	1	
460	468	-1	
461	469	-2	
331	335	5	
490	493	3	
426	490	3	
35	38	3	
33	97	-3	
298	362	-2	
362	364	-3	
297	361	3	
434	436	-4	
258	261	2	
261	269	4	
263	271	-4	
443	445	2	
80	84	-2	
148	156	3	
181	189	-2	
139	203	-2	
200	206	-3	
136	200	-1	
44	52	2	
45	53	2	
162	226	-2	
161	225	-2	
451	455	4	
339	341	3	
11	13	-2	
251	315	-1	
249	313	1	
409	413	-3	
20	28	-2	
24	28	-2	
289	294	4	
289	353	1	
288	352	1	
210	215	-3	
211	275	2	
210	274	-2	
104	111	-3	
64	70	-4	
65	129	1	
64	128	-1	
488	492	3	
489	494	3	
307	308	-2	
236	244	-1	
237	245	-2	
497	502	-1	
502	510	2	
503	511	1	
258	322	2	
257	321	-1	
144	150	-2	
138	202	-3	
201	205	2	
137	201	2	
195	196	2	
185	188	-4	
186	190	4	
219	283	-2	
217	281	2	
387	389	-3	
433	438	-3	
435	499	3	
433	497	3	
259	260	-4	
259	323	1	
256	320	-2	
400	404	-4	
411	412	-3	
456	462	-3	
94	102	1	
88	94	-3	
347	348	-3	
345	349	3	
346	351	-1	
464	469	-3	
466	471	-2	
465	470	-2	
289	292	2	
265	270	-2	
267	271	-3	
248	254	3	
154	156	-3	
105	108	1	
357	365	-1	
359	367	3	
208	212	-2	
207	215	1	
74	78	2	
73	137	2	
170	174	2	
169	175	2	
337	342	-1	
339	403	-2	
403	406	-2	
337	401	-2	
505	511	-2	
299	303	-3	
41	46	-1	
424	430	1	
440	444	-4	
158	166	2	
159	167	-2	
155	159	1	
216	221	-3	
419	420	-3	
296	300	-2	
432	437	1	
434	437	3	
496	500	2	
195	199	-3	
336	343	3	
484	492	-2	
250	253	-2	
369	373	1	
112	116	-2	
115	117	-2	
439	447	-3	
98	103	-3	
352	356	-2	
392	397	2	
378	383	-2	
72	136	-2	
304	309	1	
81	145	-1	
145	149	-2	
211	212	-2	
219	220	2	
234	237	-3	
491	495	-2	
501	509	2	
504	510	2	
40	45	-1	
40	104	-2	
113	118	3	
54	62	-2	
329	333	-2	
8	12	-2	
160	224	2	
264	269	3	
152	157	-3	
149	157	1	
356	364	2	
408	472	-1	
398	406	-2	
377	441	2	
179	181	-2	
203	207	-2	
5	13	-1	
482	487	2	
422	430	-1	
275	279	-3	
100	108	-4	
101	109	3	
458	460	1	
57	121	1	
56	120	1	
424	488	2	
133	141	-1	
134	142	1	
370	372	2	
27	31	2	
320	324	-4	
265	329	-2	
467	468	3	
221	229	-2	
223	231	2	
48	112	-3	
178	183	-2	
330	394	1	
328	392	1	
83	86	-2	
186	191	3	
397	405	-2	
463	471	-1	
90	93	-1	
282	285	1	
102	110	-3	
103	111	2	
272	336	-2	
36	44	-1	
65	69	1	
333	341	1	
38	46	-1	
413	421	-1	
84	92	1	
299	363	1	
180	188	1	
340	348	1	
343	351	-1	
85	93	-2	
162	164	-1	
97	161	1	
113	177	-2	
75	78	-2	
239	247	1	
282	346	-1	
500	508	1	
47	55	-1	
371	374	-2	
193	198	-2	
46	54	1	
433	439	2	
82	146	-1	
338	341	1	
76	84	1	
79	87	-1	
376	440	-1	
275	276	1	
51	115	2	
250	314	-1	
248	312	-1	
42	106	-1	
435	436	-1	
243	246	-1	
165	173	-1	
167	175	1	
443	446	-1	
427	428	1	
297	303	1	
164	172	-1	
166	174	-1	
478	486	-1	
479	487	-1	
416	422	-1	
325	333	1	
198	206	1	
372	380	-1	
169	233	1	
Energy:	-3370	
