NumberOfQubits	504	
NumberOfSubgraphs	840	
Serial	460	
PlantedSolution:	
0	1	
1	1	
2	-1	
3	-1	
4	-1	
5	1	
6	-1	
8	1	
9	1	
10	1	
11	1	
12	-1	
13	1	
14	1	
15	-1	
16	1	
17	-1	
18	1	
19	-1	
20	-1	
21	-1	
22	1	
23	1	
24	-1	
25	-1	
26	1	
27	-1	
28	1	
29	1	
30	-1	
31	-1	
32	-1	
33	1	
34	1	
35	-1	
36	1	
37	1	
38	-1	
39	-1	
40	-1	
41	1	
42	1	
43	-1	
44	1	
45	1	
46	-1	
47	1	
48	-1	
49	1	
50	-1	
51	-1	
52	1	
53	-1	
54	1	
55	1	
56	-1	
57	1	
58	1	
59	-1	
60	-1	
61	1	
62	-1	
63	-1	
64	1	
65	1	
66	-1	
67	1	
68	1	
69	1	
70	1	
71	-1	
72	1	
73	1	
74	-1	
75	1	
76	-1	
77	1	
78	-1	
79	1	
80	1	
81	-1	
82	-1	
83	-1	
84	1	
85	-1	
86	1	
87	1	
88	1	
89	1	
90	-1	
91	-1	
92	-1	
93	-1	
94	-1	
95	-1	
96	-1	
97	1	
98	-1	
99	-1	
100	-1	
101	-1	
102	-1	
103	1	
104	-1	
105	-1	
106	-1	
107	1	
108	-1	
109	1	
110	1	
111	-1	
112	-1	
113	-1	
114	-1	
115	-1	
116	-1	
117	1	
118	-1	
119	-1	
120	-1	
121	-1	
123	1	
124	1	
125	1	
126	-1	
127	-1	
128	1	
129	-1	
130	-1	
131	1	
132	1	
133	1	
134	1	
135	-1	
136	1	
137	1	
138	-1	
139	-1	
141	-1	
142	1	
143	1	
144	-1	
145	-1	
146	-1	
147	1	
148	1	
149	-1	
150	1	
151	1	
152	-1	
153	-1	
154	1	
155	1	
156	1	
157	-1	
158	-1	
159	-1	
160	-1	
161	-1	
162	-1	
163	-1	
164	-1	
165	-1	
166	1	
167	-1	
168	-1	
169	-1	
170	-1	
171	-1	
172	-1	
173	1	
174	1	
175	1	
176	-1	
177	-1	
178	-1	
179	-1	
180	-1	
181	-1	
182	1	
183	1	
184	-1	
185	-1	
186	1	
187	-1	
188	1	
189	-1	
190	1	
191	-1	
192	1	
193	-1	
194	-1	
195	1	
196	-1	
197	1	
198	-1	
199	-1	
200	-1	
201	-1	
202	-1	
203	1	
204	1	
205	1	
206	-1	
207	1	
208	-1	
209	1	
210	-1	
211	1	
212	1	
213	1	
214	1	
215	1	
216	-1	
217	-1	
218	-1	
219	1	
220	1	
221	-1	
222	1	
223	1	
224	-1	
225	-1	
226	-1	
227	1	
228	-1	
229	-1	
230	-1	
231	1	
232	-1	
233	-1	
234	-1	
235	1	
236	-1	
237	1	
238	1	
239	-1	
240	1	
241	-1	
242	-1	
243	1	
244	-1	
245	1	
246	-1	
247	-1	
248	-1	
249	-1	
250	-1	
251	1	
252	1	
253	-1	
254	1	
255	1	
256	1	
257	-1	
258	-1	
259	1	
260	1	
261	-1	
262	-1	
263	-1	
264	-1	
265	-1	
266	1	
267	-1	
268	-1	
269	1	
270	1	
271	-1	
272	1	
273	-1	
274	-1	
275	-1	
276	-1	
277	1	
278	1	
279	1	
280	1	
281	1	
282	-1	
283	-1	
284	1	
285	1	
286	-1	
287	1	
288	1	
289	1	
290	-1	
291	-1	
292	1	
293	1	
294	1	
295	1	
296	-1	
297	-1	
298	1	
299	-1	
300	1	
301	-1	
302	-1	
303	-1	
304	-1	
305	-1	
306	-1	
307	1	
308	-1	
309	-1	
310	-1	
311	1	
312	1	
313	-1	
314	-1	
315	-1	
316	-1	
317	-1	
318	1	
319	-1	
320	1	
321	1	
322	1	
323	-1	
324	-1	
325	-1	
326	-1	
327	-1	
328	1	
329	1	
330	-1	
331	-1	
332	-1	
333	1	
334	1	
335	1	
336	1	
337	-1	
338	1	
339	-1	
340	-1	
341	1	
342	-1	
343	1	
344	1	
345	-1	
346	-1	
347	1	
348	-1	
349	-1	
350	1	
351	1	
352	-1	
353	1	
354	-1	
355	-1	
356	-1	
357	1	
358	-1	
359	-1	
361	1	
362	-1	
363	1	
364	1	
365	1	
367	1	
368	1	
369	-1	
370	1	
371	1	
372	1	
373	-1	
374	-1	
375	-1	
376	1	
377	-1	
378	-1	
379	-1	
380	-1	
382	1	
383	1	
384	-1	
385	1	
386	-1	
387	1	
388	-1	
389	1	
390	1	
391	1	
392	1	
393	1	
394	1	
396	-1	
397	1	
398	1	
399	-1	
400	1	
401	1	
402	-1	
403	-1	
404	1	
405	1	
406	1	
407	1	
408	-1	
409	1	
410	1	
411	-1	
412	-1	
413	1	
414	-1	
415	1	
416	-1	
417	-1	
418	-1	
419	-1	
420	-1	
421	-1	
422	1	
424	-1	
425	1	
426	-1	
427	-1	
428	-1	
429	-1	
430	1	
431	1	
432	-1	
433	1	
434	-1	
435	-1	
436	1	
437	1	
438	-1	
439	-1	
440	1	
441	1	
442	1	
443	1	
444	-1	
445	1	
446	1	
447	1	
448	1	
449	-1	
450	-1	
451	1	
452	1	
453	1	
454	-1	
455	1	
456	-1	
457	-1	
458	-1	
459	-1	
460	-1	
461	-1	
462	-1	
463	1	
464	1	
465	-1	
466	-1	
467	1	
468	-1	
469	-1	
470	-1	
471	-1	
472	1	
473	-1	
474	1	
475	1	
476	1	
477	-1	
478	1	
479	-1	
480	-1	
481	-1	
482	1	
483	1	
484	-1	
485	1	
486	-1	
487	1	
488	-1	
489	1	
490	-1	
491	-1	
492	-1	
493	-1	
494	-1	
495	-1	
496	1	
497	1	
498	-1	
499	-1	
500	-1	
501	-1	
502	-1	
503	1	
504	1	
505	-1	
506	1	
507	1	
508	1	
509	1	
510	1	
511	-1	
Js:	
344	350	-5	
346	350	2	
346	410	3	
410	413	3	
408	413	4	
344	408	1	
264	270	4	
266	270	-6	
266	330	-5	
330	335	4	
328	335	-6	
264	328	4	
65	69	2	
66	69	5	
66	130	-1	
130	134	3	
129	134	5	
65	129	1	
81	85	3	
83	85	-6	
83	86	4	
82	86	5	
82	87	3	
81	87	4	
456	461	-4	
458	461	2	
458	463	3	
459	463	5	
459	462	-7	
456	462	-3	
354	356	-3	
355	356	-6	
355	357	6	
353	357	-5	
353	359	5	
354	359	6	
225	228	-4	
227	228	5	
227	231	4	
226	231	3	
226	230	-3	
225	230	-4	
282	284	5	
283	284	2	
283	287	4	
281	287	5	
281	285	-4	
282	285	4	
90	93	-5	
93	101	3	
98	101	-5	
98	102	-4	
94	102	-2	
90	94	-3	
400	407	-4	
402	407	3	
402	466	-4	
466	468	-3	
464	468	6	
400	464	2	
384	388	-5	
387	388	5	
387	391	-3	
386	391	5	
386	389	-6	
384	389	2	
9	13	-4	
10	13	-6	
10	74	4	
74	78	4	
73	78	4	
9	73	-3	
153	158	-5	
158	166	2	
163	166	-3	
163	167	-3	
159	167	-2	
153	159	-6	
440	444	3	
442	444	6	
442	446	2	
441	446	-5	
441	447	-4	
440	447	-4	
424	429	-4	
427	429	-3	
427	491	-5	
491	494	-6	
488	494	5	
424	488	-5	
393	397	-1	
397	405	2	
403	405	5	
403	406	3	
398	406	-4	
393	398	-6	
144	150	4	
147	150	-7	
147	211	-4	
211	212	-3	
208	212	5	
144	208	3	
240	244	3	
241	244	-4	
241	247	-5	
242	247	-6	
242	246	-3	
240	246	4	
232	237	4	
234	237	-3	
234	298	1	
298	301	4	
296	301	-2	
232	296	-4	
139	141	4	
141	149	-2	
146	149	-6	
146	151	4	
143	151	-4	
139	143	3	
210	213	6	
213	221	2	
219	221	3	
219	222	-5	
214	222	-3	
210	214	4	
489	493	5	
493	501	-3	
497	501	3	
497	503	-4	
495	503	4	
489	495	5	
120	124	6	
121	124	4	
121	126	-5	
123	126	-4	
123	125	-6	
120	125	5	
250	252	4	
251	252	-3	
251	255	-3	
249	255	4	
249	253	-5	
250	253	4	
17	20	-5	
20	28	1	
26	28	-3	
26	29	4	
21	29	2	
17	21	-5	
168	172	-4	
169	172	-5	
169	173	-4	
170	173	6	
170	175	3	
168	175	7	
257	261	-6	
258	261	-5	
258	322	3	
322	326	-4	
321	326	4	
257	321	3	
50	53	4	
51	53	-4	
51	115	-4	
115	117	5	
114	117	4	
50	114	-5	
474	478	-5	
478	486	1	
482	486	7	
482	487	-5	
479	487	3	
474	479	-4	
88	92	4	
92	100	-2	
99	100	-4	
99	103	-2	
95	103	3	
88	95	3	
314	316	2	
315	316	-3	
315	318	4	
312	318	-2	
312	319	5	
314	319	-5	
289	292	-3	
290	292	5	
290	294	4	
291	294	3	
291	293	6	
289	293	-6	
336	341	-4	
337	341	5	
337	343	-4	
339	343	3	
339	342	-5	
336	342	3	
155	156	-6	
156	164	3	
161	164	-3	
161	165	2	
157	165	-3	
155	157	6	
259	260	-4	
260	268	4	
265	268	-4	
265	271	-6	
263	271	-5	
259	263	5	
195	196	6	
196	204	2	
201	204	4	
201	205	7	
197	205	-4	
195	197	-5	
449	453	5	
450	453	4	
450	454	-5	
448	454	5	
448	455	-6	
449	455	3	
40	47	5	
43	47	5	
43	107	3	
107	109	-6	
104	109	3	
40	104	-3	
320	324	6	
324	332	-3	
331	332	-6	
331	333	5	
325	333	-4	
320	325	3	
362	364	6	
363	364	-6	
363	367	-6	
361	367	-5	
361	365	-5	
362	365	-5	
416	421	-7	
417	421	-3	
417	481	-5	
481	484	-4	
480	484	-5	
416	480	-5	
368	372	-5	
370	372	-4	
370	375	3	
371	375	-3	
371	374	4	
368	374	3	
272	277	-5	
274	277	2	
274	278	4	
275	278	3	
275	279	3	
272	279	4	
32	36	4	
33	36	-3	
33	39	4	
35	39	7	
35	37	2	
32	37	6	
505	509	2	
506	509	-3	
506	510	-5	
504	510	-4	
504	511	-4	
505	511	-5	
177	180	-4	
179	180	-3	
179	182	4	
176	182	4	
176	181	-2	
177	181	-6	
304	308	-2	
305	308	-5	
305	309	-5	
307	309	3	
307	310	6	
304	310	-5	
48	52	6	
49	52	-4	
49	113	2	
113	116	6	
112	116	-4	
48	112	-3	
57	60	6	
59	60	-3	
59	62	-6	
56	62	-1	
56	63	-7	
57	63	-4	
433	436	-4	
434	436	2	
434	438	-4	
435	438	-5	
435	439	3	
433	439	4	
185	188	5	
186	188	-7	
186	191	6	
187	191	-3	
187	190	4	
185	190	-5	
345	349	-4	
347	349	7	
347	411	-3	
411	412	-5	
409	412	5	
345	409	1	
378	380	-4	
379	380	-6	
379	383	6	
377	383	5	
377	382	5	
378	382	6	
2	4	5	
3	4	-5	
3	5	5	
1	5	-5	
1	6	5	
2	6	-5	
8	15	6	
11	15	6	
11	75	-3	
75	79	-4	
72	79	-3	
8	72	4	
192	198	5	
198	206	-4	
203	206	6	
203	207	-5	
199	207	-4	
192	199	5	
41	45	-5	
42	45	4	
42	106	4	
106	110	7	
105	110	5	
41	105	4	
64	68	-4	
67	68	-4	
67	131	1	
131	135	3	
128	135	3	
64	128	-1	
419	420	-4	
420	428	-3	
425	428	-3	
425	430	-3	
422	430	-4	
419	422	2	
233	236	-5	
235	236	4	
235	299	3	
299	302	-2	
297	302	-4	
233	297	2	
16	22	-5	
22	30	-2	
24	30	-2	
24	31	-4	
23	31	1	
16	23	-2	
475	476	-3	
476	484	4	
483	484	2	
483	485	-4	
477	485	4	
475	477	4	
152	158	3	
154	158	6	
154	218	4	
218	220	3	
216	220	6	
152	216	-3	
496	500	3	
500	508	4	
507	508	-5	
507	510	-4	
502	510	2	
496	502	5	
464	469	5	
465	469	-3	
465	470	-4	
467	470	-6	
467	471	4	
464	471	4	
136	142	-3	
138	142	5	
138	202	-6	
202	204	4	
200	204	6	
136	200	5	
394	396	4	
396	404	2	
401	404	3	
401	407	-4	
399	407	4	
394	399	4	
299	300	2	
300	308	3	
306	308	-3	
306	311	5	
303	311	-1	
299	303	-6	
451	452	-5	
452	460	-2	
457	460	-4	
457	461	-5	
453	461	3	
451	453	-6	
256	261	4	
261	269	3	
267	269	7	
267	270	4	
262	270	-4	
256	262	4	
224	229	-2	
226	229	-7	
226	290	-3	
290	295	3	
288	295	-4	
224	288	-4	
273	276	5	
276	284	4	
280	284	-5	
280	286	4	
278	286	4	
273	278	4	
323	326	-4	
326	334	6	
329	334	-5	
329	335	-4	
327	335	3	
323	327	-5	
425	431	4	
426	431	5	
426	490	-5	
490	492	-5	
489	492	5	
425	489	-3	
25	28	3	
27	28	5	
27	91	-6	
91	92	-4	
89	92	5	
25	89	6	
73	76	4	
76	84	3	
80	84	-3	
80	85	4	
77	85	4	
73	77	-3	
34	36	-4	
36	44	3	
41	44	-3	
41	46	4	
38	46	-2	
34	38	3	
171	174	4	
174	182	2	
178	182	2	
178	183	5	
175	183	-3	
171	175	4	
184	189	-7	
187	189	-4	
187	251	-5	
251	254	-4	
248	254	2	
184	248	-3	
338	340	5	
340	348	-5	
344	348	5	
344	351	-5	
343	351	-3	
338	343	-3	
144	148	5	
145	148	5	
145	209	3	
209	215	-7	
208	215	2	
432	436	4	
436	444	3	
443	444	5	
443	445	-3	
437	445	-5	
432	437	5	
114	118	-3	
118	126	-5	
121	127	-5	
119	127	-7	
114	119	3	
237	245	-2	
243	245	-6	
243	246	5	
238	246	1	
234	238	6	
312	317	2	
313	317	-4	
313	377	-5	
377	380	4	
376	380	5	
312	376	-4	
11	12	4	
12	20	-5	
19	20	-6	
19	22	5	
14	22	-2	
11	14	4	
96	100	-4	
100	108	-4	
104	108	-6	
104	111	-4	
103	111	-5	
96	103	4	
408	414	-5	
409	414	5	
409	473	2	
473	476	5	
472	476	3	
408	472	5	
129	132	-5	
130	132	3	
130	194	-4	
194	199	-4	
193	199	-5	
129	193	-3	
51	54	-4	
54	62	3	
58	62	6	
58	63	4	
55	63	2	
51	55	3	
385	390	-5	
390	398	-4	
392	398	-5	
392	399	-5	
391	399	3	
385	391	-4	
352	358	-4	
354	358	-7	
354	418	1	
418	422	6	
416	422	3	
352	416	-3	
209	212	-4	
212	220	-2	
217	220	4	
217	223	3	
215	223	-3	
160	164	-4	
163	164	-8	
162	166	5	
162	165	-4	
160	165	-4	
369	373	-4	
371	373	4	
371	435	3	
433	438	2	
369	433	5	
64	70	-4	
70	78	-4	
75	78	5	
71	79	6	
64	71	4	
496	501	-3	
498	501	-5	
498	502	-4	
499	502	-5	
499	503	6	
496	503	-3	
128	133	-4	
133	141	2	
137	141	7	
137	142	-3	
134	142	3	
128	134	-5	
228	236	-4	
235	239	4	
231	239	4	
18	23	-6	
19	23	5	
19	83	-3	
18	82	-5	
35	99	-6	
99	102	-7	
97	102	3	
33	97	-5	
0	5	-6	
5	13	3	
9	14	-6	
6	14	3	
0	6	4	
346	349	-6	
411	415	6	
410	415	-4	
56	61	-5	
59	61	6	
59	123	4	
56	120	-4	
289	294	-3	
294	302	-4	
296	302	-4	
296	303	-6	
295	303	3	
289	295	-4	
473	477	-6	
474	477	-3	
475	478	-6	
475	479	4	
473	479	-4	
304	309	-6	
305	311	4	
307	311	3	
426	429	-2	
429	437	3	
432	439	1	
431	439	2	
392	396	-3	
393	396	5	
393	457	4	
457	463	5	
456	463	4	
392	456	5	
441	445	-4	
442	445	-5	
442	506	-4	
506	508	2	
505	508	5	
441	505	5	
169	174	4	
170	174	5	
168	173	3	
40	44	3	
42	44	-5	
42	46	4	
43	46	-6	
264	269	-3	
267	331	-3	
328	332	2	
313	316	-5	
315	319	-4	
314	318	6	
313	318	-3	
385	388	3	
385	389	-5	
386	390	3	
384	390	3	
277	285	-4	
282	287	4	
279	287	-4	
257	260	2	
259	323	2	
323	324	2	
321	324	4	
481	485	5	
483	486	7	
481	487	-6	
184	191	-3	
186	250	3	
248	253	-4	
154	157	5	
155	219	-2	
218	222	-4	
345	350	5	
350	358	-2	
353	358	4	
351	359	3	
345	351	4	
201	206	1	
195	198	3	
115	116	-1	
115	118	-5	
113	118	-4	
113	117	-1	
112	117	6	
16	21	5	
17	81	-4	
80	87	-5	
16	80	-4	
336	340	3	
337	340	4	
337	342	-4	
339	341	5	
364	372	-5	
367	375	3	
362	367	5	
402	404	5	
403	404	2	
403	467	4	
466	471	-3	
25	29	6	
26	90	5	
90	95	-6	
89	95	3	
448	452	-5	
451	455	-4	
449	454	-6	
179	183	-5	
179	243	1	
242	245	3	
178	242	-1	
148	156	-1	
153	156	5	
151	159	-2	
145	151	4	
491	492	-4	
491	493	-4	
488	493	-4	
490	494	-3	
96	101	-4	
97	101	3	
97	161	-1	
161	167	-3	
160	167	-5	
96	160	-2	
49	54	-5	
50	54	5	
50	55	4	
48	55	3	
3	67	5	
67	71	4	
66	71	-2	
2	66	-5	
106	108	3	
107	108	3	
107	110	-2	
105	109	4	
106	109	3	
136	143	-4	
138	143	3	
202	207	4	
200	207	3	
291	292	4	
292	300	-4	
297	300	4	
297	301	6	
293	301	3	
458	460	-6	
460	468	-3	
465	468	-5	
462	470	-2	
458	462	4	
177	241	-2	
240	247	6	
176	240	-2	
146	150	-3	
211	213	-5	
146	210	-2	
27	31	-5	
91	93	-4	
88	93	4	
24	88	5	
256	263	5	
258	263	-2	
322	327	4	
320	327	-4	
256	320	-2	
10	15	2	
74	76	-3	
72	76	5	
266	268	4	
330	334	2	
265	329	4	
376	383	2	
379	443	2	
443	446	-5	
440	446	-4	
376	440	-3	
216	223	4	
217	281	1	
281	286	3	
216	280	-3	
355	419	-3	
419	421	-5	
353	417	-1	
224	230	-4	
230	238	4	
232	238	4	
232	239	-3	
224	231	5	
401	405	-2	
405	413	-5	
411	413	3	
411	414	-2	
406	414	-3	
401	406	-5	
418	420	-4	
427	428	-6	
427	430	3	
187	188	4	
186	190	-1	
186	189	-3	
185	189	-1	
29	37	4	
32	38	-4	
30	38	-5	
25	30	-3	
58	60	7	
57	61	-4	
274	276	-3	
275	276	-6	
275	339	2	
338	341	-3	
274	338	3	
129	135	-5	
130	135	-4	
194	196	-4	
193	196	-4	
497	500	6	
498	500	-4	
499	501	-4	
243	244	4	
244	252	6	
249	252	4	
249	254	5	
246	254	5	
1	65	-4	
64	69	-3	
0	64	-4	
368	373	-5	
370	373	5	
370	374	3	
369	374	-5	
369	375	-4	
368	375	3	
504	508	-4	
506	511	6	
507	511	3	
507	509	-6	
504	509	-5	
352	356	-3	
356	364	1	
361	364	-4	
357	365	-2	
352	357	-5	
131	133	-4	
131	195	-3	
192	196	2	
128	192	2	
314	317	3	
315	317	-5	
315	379	-4	
379	382	2	
314	378	-3	
114	116	-4	
116	124	5	
388	396	-4	
394	397	-8	
389	397	3	
387	389	-4	
139	203	3	
201	207	2	
137	201	4	
161	166	6	
162	226	2	
225	229	-3	
161	225	-5	
400	404	-5	
404	412	3	
409	415	3	
407	415	-3	
45	53	3	
47	55	-4	
41	47	2	
17	23	4	
82	84	2	
81	84	5	
34	39	3	
99	101	-2	
34	98	5	
321	325	3	
328	333	-4	
328	334	-4	
171	172	-4	
172	180	1	
178	180	-5	
68	76	4	
74	77	4	
69	77	4	
67	69	-4	
298	303	4	
299	363	2	
363	365	-6	
298	362	4	
480	485	4	
472	477	2	
283	347	3	
347	348	3	
345	348	-4	
281	345	4	
454	462	-2	
455	463	1	
450	455	6	
209	214	-4	
210	274	3	
274	279	5	
273	279	4	
209	273	3	
152	159	-6	
153	217	-3	
217	221	-5	
216	221	-5	
266	271	4	
438	446	4	
443	447	3	
439	447	4	
434	439	-6	
424	430	3	
426	430	4	
490	495	-6	
488	495	3	
110	118	1	
113	119	-5	
111	119	-2	
106	111	3	
288	292	-3	
290	293	-3	
288	294	-5	
242	306	-5	
306	309	2	
240	304	2	
19	21	-1	
13	21	3	
11	13	3	
467	468	2	
466	470	-6	
466	469	-4	
168	174	4	
169	233	-5	
232	236	-4	
168	232	1	
251	253	5	
248	255	6	
250	255	4	
145	149	-3	
147	149	5	
144	151	-4	
80	86	-3	
86	94	4	
91	94	-3	
91	95	3	
87	95	2	
65	70	-5	
73	79	-3	
65	71	4	
322	325	3	
323	325	-5	
323	387	2	
322	386	3	
98	103	2	
98	162	2	
162	167	-5	
273	277	5	
283	285	4	
283	286	-5	
204	212	-3	
208	213	4	
205	213	-2	
200	205	3	
336	343	-5	
337	401	2	
400	406	-3	
336	400	-3	
264	268	-5	
265	269	4	
267	271	-2	
264	271	-3	
233	237	3	
235	237	-6	
234	239	-6	
233	238	4	
115	179	-4	
176	180	-6	
112	176	-3	
419	483	4	
480	486	-4	
435	436	5	
312	316	5	
43	44	4	
43	45	2	
40	45	4	
40	46	3	
152	156	4	
154	156	-3	
155	158	4	
449	452	5	
456	460	-2	
227	229	5	
52	60	1	
58	61	-3	
53	61	-2	
48	53	-4	
424	428	-2	
425	429	7	
424	431	6	
440	445	-3	
440	504	-3	
298	300	3	
307	308	4	
302	310	-2	
298	302	4	
342	350	3	
338	342	-3	
131	134	-4	
135	143	3	
28	36	-4	
33	38	3	
27	30	-3	
89	93	-2	
88	94	4	
1	4	6	
4	12	-2	
8	12	3	
8	14	-2	
492	500	-2	
497	502	3	
494	502	-3	
105	108	-4	
107	111	4	
192	197	-4	
193	197	3	
194	198	-5	
392	397	-4	
394	398	-1	
393	399	4	
330	332	-5	
329	333	-3	
410	414	3	
410	474	-2	
472	479	4	
355	358	-3	
352	359	-2	
258	260	5	
259	262	-4	
257	262	-4	
211	214	-2	
218	223	3	
211	215	-4	
372	380	1	
374	382	-3	
181	189	-5	
184	190	6	
182	190	-4	
177	182	-2	
417	420	-6	
418	482	4	
241	245	4	
241	305	-3	
123	124	-5	
121	125	-4	
120	127	-3	
202	206	-4	
434	437	-2	
434	498	-4	
432	496	4	
164	172	2	
170	172	-4	
165	173	3	
163	165	-4	
321	385	2	
320	384	3	
83	84	5	
72	77	-4	
282	346	4	
346	351	4	
280	344	-3	
299	301	-3	
297	361	4	
250	254	4	
185	249	-3	
33	37	-3	
97	100	4	
32	96	4	
402	405	3	
57	62	4	
49	55	-4	
2	5	3	
66	68	4	
18	22	-4	
15	23	-2	
9	15	4	
461	469	3	
465	471	-4	
463	471	4	
443	507	2	
411	475	3	
473	478	-1	
291	295	5	
146	148	5	
147	148	-4	
144	149	-3	
313	319	2	
451	454	-4	
128	132	-5	
131	132	-5	
130	133	5	
272	276	-2	
24	29	3	
34	37	-3	
31	39	-3	
59	63	-3	
120	126	-4	
248	252	3	
247	255	-3	
10	12	3	
16	20	4	
171	235	-2	
233	239	-3	
296	300	4	
305	310	-2	
99	163	-1	
162	164	-2	
341	349	1	
185	191	-6	
136	141	-4	
256	260	-5	
394	458	3	
24	28	4	
339	403	-2	
338	402	3	
267	268	3	
426	428	-2	
234	236	2	
227	230	4	
467	469	4	
464	470	3	
0	4	-4	
210	212	-3	
208	214	4	
384	391	5	
306	370	3	
304	368	2	
480	487	2	
432	438	4	
433	497	-2	
81	86	3	
353	356	5	
474	476	-4	
280	287	-2	
154	159	2	
104	110	3	
490	493	-3	
160	166	-3	
225	231	2	
160	224	-2	
331	335	3	
330	333	4	
378	383	5	
376	382	-4	
435	437	-2	
74	138	-3	
73	137	-3	
51	52	5	
115	119	1	
112	119	-2	
82	85	-3	
219	223	5	
288	293	-3	
258	262	-4	
482	484	-4	
427	431	3	
272	278	-5	
272	336	-2	
26	30	5	
32	39	2	
26	31	3	
167	175	2	
203	205	-2	
242	244	2	
371	372	-4	
365	373	2	
3	6	-3	
347	350	-3	
101	109	3	
105	111	-2	
97	103	-4	
387	451	-1	
384	448	-2	
308	316	-3	
311	319	4	
75	76	3	
117	125	-3	
112	118	-2	
505	510	-3	
89	94	-4	
265	270	2	
459	460	-3	
375	383	2	
211	275	2	
408	415	-4	
472	478	-6	
322	324	3	
35	36	2	
35	38	-3	
403	407	4	
491	495	1	
195	259	-3	
259	261	2	
192	256	2	
450	452	3	
448	453	2	
184	188	3	
9	12	3	
10	14	-5	
171	173	4	
281	284	-3	
280	285	-3	
410	412	5	
400	405	-3	
501	509	-2	
123	127	3	
257	263	3	
139	142	4	
142	150	2	
145	150	4	
65	68	-4	
459	461	-3	
329	332	4	
332	340	2	
335	343	-2	
18	21	4	
370	434	2	
227	291	1	
49	53	3	
194	197	-4	
193	198	-3	
347	351	1	
386	388	-3	
387	390	-5	
208	272	2	
138	141	-3	
306	310	-2	
304	311	-3	
178	181	-4	
183	191	2	
219	220	-3	
217	222	4	
218	221	-4	
368	432	2	
488	492	-3	
489	494	2	
333	341	2	
334	342	2	
442	447	-3	
106	170	-2	
105	169	-1	
83	87	2	
79	87	2	
206	214	-3	
207	215	-2	
152	157	4	
401	465	4	
275	277	4	
412	420	1	
417	422	3	
414	422	2	
224	228	-3	
225	289	2	
98	100	2	
44	52	-2	
50	52	2	
42	47	3	
56	60	-3	
17	22	2	
177	183	2	
331	334	3	
216	222	1	
222	230	-3	
223	231	-2	
377	441	1	
441	444	3	
309	317	-4	
310	318	5	
8	13	-3	
25	31	-2	
195	199	2	
236	244	1	
240	245	-3	
321	327	4	
48	54	2	
129	133	3	
433	437	-3	
96	102	-2	
84	92	-2	
90	92	-1	
348	356	-2	
355	359	-3	
266	269	-3	
435	499	-2	
499	500	3	
359	367	-1	
114	178	3	
409	413	-4	
413	421	1	
418	421	5	
179	181	-3	
113	177	-2	
194	258	1	
193	257	-2	
378	442	-2	
57	121	2	
219	283	2	
282	286	-3	
218	282	-2	
386	450	-2	
307	371	-2	
75	139	4	
290	354	-2	
288	352	-1	
339	340	-3	
486	494	-1	
487	495	-1	
483	487	-3	
137	143	-3	
102	110	2	
428	436	2	
430	438	3	
107	171	2	
66	70	3	
498	503	-3	
484	492	-1	
485	493	1	
482	485	-2	
72	78	2	
72	136	2	
284	292	-1	
285	293	1	
249	313	1	
248	312	2	
226	228	-2	
229	237	-2	
155	159	2	
200	206	-2	
166	174	1	
75	77	-1	
243	247	2	
176	183	3	
289	353	-2	
74	79	2	
320	326	2	
241	246	-2	
109	117	1	
416	420	-2	
402	406	2	
468	476	-1	
469	477	-1	
286	294	1	
287	295	-1	
170	234	-2	
37	45	-2	
67	70	2	
149	157	-1	
147	151	-2	
243	307	2	
273	337	-1	
250	314	-1	
346	348	1	
81	145	1	
80	144	1	
104	168	1	
470	478	1	
471	479	-1	
408	412	1	
457	462	-2	
210	215	2	
180	188	1	
221	229	-1	
421	429	-1	
39	47	1	
369	372	1	
385	449	1	
503	511	2	
202	205	-2	
203	204	-1	
203	267	1	
200	264	-1	
344	349	1	
349	357	1	
354	357	1	
220	228	2	
245	253	-2	
163	227	1	
169	175	1	
46	54	1	
305	369	1	
235	238	-1	
209	213	1	
78	86	1	
27	29	1	
18	20	-1	
153	157	1	
291	355	1	
Energy:	-3776	
