NumberOfQubits	504	
NumberOfSubgraphs	420	
Serial	8	
PlantedSolution:	
0	-1	
1	-1	
2	-1	
3	1	
4	1	
5	1	
6	1	
8	-1	
9	-1	
10	1	
11	-1	
12	-1	
13	-1	
14	-1	
15	1	
16	-1	
17	1	
18	1	
19	1	
20	1	
21	-1	
22	1	
23	1	
24	1	
25	1	
26	-1	
27	-1	
28	1	
29	1	
30	-1	
31	1	
32	-1	
33	1	
34	1	
35	1	
36	-1	
37	1	
38	1	
39	-1	
40	1	
41	-1	
42	1	
43	1	
44	1	
45	1	
46	-1	
47	-1	
48	-1	
49	1	
50	-1	
51	-1	
52	1	
53	1	
54	-1	
55	1	
56	-1	
57	-1	
58	1	
59	1	
60	1	
61	-1	
62	-1	
63	1	
64	1	
65	-1	
66	1	
67	1	
68	-1	
69	1	
70	1	
71	-1	
72	-1	
73	1	
74	-1	
75	-1	
76	1	
77	-1	
78	1	
79	-1	
80	1	
81	1	
82	1	
83	1	
84	1	
85	-1	
86	1	
87	1	
88	1	
89	1	
90	-1	
91	-1	
92	1	
93	1	
94	1	
95	-1	
96	1	
97	-1	
98	-1	
99	1	
100	-1	
101	1	
102	1	
103	1	
104	1	
105	-1	
106	-1	
107	1	
108	1	
109	1	
110	-1	
111	-1	
112	1	
113	-1	
114	-1	
115	-1	
116	1	
117	-1	
118	-1	
119	-1	
120	1	
121	-1	
123	1	
124	-1	
125	-1	
126	-1	
127	-1	
128	1	
129	-1	
130	-1	
131	1	
132	-1	
133	-1	
134	-1	
135	1	
136	-1	
137	-1	
138	1	
139	1	
141	1	
142	-1	
143	-1	
144	-1	
145	1	
146	-1	
147	1	
148	1	
149	1	
150	-1	
151	-1	
152	-1	
153	1	
154	1	
155	1	
156	-1	
157	-1	
158	1	
159	-1	
160	-1	
161	-1	
162	1	
163	-1	
164	-1	
165	1	
166	-1	
167	-1	
168	1	
169	1	
170	1	
171	1	
172	-1	
173	1	
174	-1	
175	1	
176	1	
177	-1	
178	-1	
179	-1	
180	-1	
181	1	
182	1	
183	1	
184	-1	
185	1	
186	1	
187	-1	
188	-1	
189	-1	
190	-1	
191	1	
192	-1	
193	-1	
194	-1	
195	1	
196	-1	
197	-1	
198	1	
199	1	
200	-1	
201	1	
202	-1	
203	-1	
204	1	
205	-1	
206	-1	
207	1	
208	-1	
209	1	
210	-1	
211	-1	
212	-1	
213	-1	
214	1	
215	-1	
216	-1	
217	-1	
218	1	
219	1	
220	1	
221	1	
222	-1	
223	-1	
224	-1	
225	1	
226	1	
227	1	
228	1	
229	-1	
230	-1	
231	1	
232	1	
233	-1	
234	-1	
235	-1	
236	-1	
237	1	
238	-1	
239	-1	
240	1	
241	-1	
242	-1	
243	1	
244	1	
245	1	
246	-1	
247	1	
248	1	
249	1	
250	1	
251	-1	
252	1	
253	-1	
254	-1	
255	1	
256	1	
257	1	
258	-1	
259	-1	
260	1	
261	-1	
262	1	
263	-1	
264	1	
265	1	
266	-1	
267	1	
268	1	
269	-1	
270	-1	
271	-1	
272	-1	
273	-1	
274	-1	
275	-1	
276	1	
277	1	
278	1	
279	1	
280	1	
281	-1	
282	1	
283	-1	
284	-1	
285	-1	
286	1	
287	-1	
288	-1	
289	1	
290	-1	
291	-1	
292	1	
293	-1	
294	1	
295	1	
296	1	
297	1	
298	-1	
299	-1	
300	-1	
301	-1	
302	1	
303	1	
304	1	
305	1	
306	1	
307	1	
308	-1	
309	-1	
310	1	
311	1	
312	-1	
313	-1	
314	1	
315	-1	
316	-1	
317	-1	
318	1	
319	-1	
320	-1	
321	-1	
322	1	
323	-1	
324	1	
325	1	
326	1	
327	-1	
328	-1	
329	1	
330	1	
331	1	
332	-1	
333	1	
334	1	
335	-1	
336	-1	
337	-1	
338	-1	
339	1	
340	1	
341	-1	
342	1	
343	1	
344	-1	
345	1	
346	1	
347	1	
348	1	
349	-1	
350	1	
351	1	
352	-1	
353	-1	
354	1	
355	-1	
356	1	
357	-1	
358	1	
359	1	
361	1	
362	1	
363	-1	
364	-1	
365	1	
367	-1	
368	1	
369	-1	
370	1	
371	-1	
372	-1	
373	-1	
374	1	
375	-1	
376	-1	
377	1	
378	1	
379	-1	
380	1	
382	1	
383	-1	
384	1	
385	-1	
386	1	
387	-1	
388	1	
389	1	
390	-1	
391	1	
392	-1	
393	-1	
394	1	
396	-1	
397	1	
398	1	
399	-1	
400	1	
401	1	
402	-1	
403	1	
404	1	
405	-1	
406	1	
407	-1	
408	1	
409	-1	
410	1	
411	1	
412	1	
413	-1	
414	-1	
415	-1	
416	-1	
417	1	
418	1	
419	-1	
420	1	
421	1	
422	1	
424	1	
425	1	
426	-1	
427	-1	
428	-1	
429	-1	
430	-1	
431	-1	
432	1	
433	1	
434	-1	
435	-1	
436	-1	
437	-1	
438	-1	
439	-1	
440	-1	
441	1	
442	-1	
443	1	
444	1	
445	-1	
446	1	
447	1	
448	-1	
449	-1	
450	-1	
451	-1	
452	1	
453	-1	
454	-1	
455	-1	
456	1	
457	-1	
458	-1	
459	1	
460	1	
461	-1	
462	-1	
463	-1	
464	-1	
465	-1	
466	-1	
467	-1	
468	-1	
469	-1	
470	-1	
471	1	
472	1	
473	-1	
474	1	
475	-1	
476	1	
477	1	
478	-1	
479	1	
480	1	
481	1	
482	-1	
483	-1	
484	-1	
485	-1	
486	-1	
487	1	
488	-1	
489	-1	
490	1	
491	1	
492	1	
493	-1	
494	1	
495	-1	
496	1	
497	1	
498	1	
499	-1	
500	1	
501	-1	
502	1	
503	1	
504	-1	
505	-1	
506	1	
507	-1	
508	1	
509	-1	
510	1	
511	-1	
Js:	
368	372	-3	
371	372	-2	
371	374	4	
370	374	-2	
370	375	3	
368	375	2	
384	388	-3	
386	388	-2	
386	450	2	
450	452	4	
448	452	2	
384	448	2	
257	261	3	
259	261	1	
259	263	-5	
258	263	-1	
258	262	2	
257	262	-4	
344	349	-3	
349	357	-3	
352	357	2	
352	359	3	
351	359	-1	
344	351	3	
169	172	1	
171	172	3	
171	173	-2	
168	173	-2	
168	175	1	
169	175	-1	
424	428	3	
428	436	-2	
432	436	3	
432	438	-1	
430	438	-3	
424	430	3	
234	238	-1	
235	238	-2	
235	299	-1	
299	301	-1	
298	301	-3	
234	298	1	
458	460	2	
459	460	-2	
459	461	3	
456	461	1	
456	462	-2	
458	462	-3	
491	494	3	
494	502	-2	
496	502	-2	
496	503	-3	
495	503	2	
491	495	5	
139	141	-3	
141	149	-3	
146	149	2	
146	150	-3	
142	150	2	
139	142	4	
289	293	3	
291	293	-2	
291	355	-2	
355	356	3	
353	356	3	
289	353	3	
195	196	3	
196	204	2	
203	204	1	
203	207	-1	
199	207	-2	
195	199	-1	
176	180	3	
177	180	-3	
177	181	2	
179	181	1	
179	182	-2	
176	182	-2	
400	406	1	
406	414	2	
408	414	2	
408	415	1	
407	415	-4	
400	407	2	
208	215	-1	
210	215	-3	
210	274	-4	
274	278	2	
272	278	1	
208	272	2	
280	284	2	
281	284	-3	
281	287	-1	
282	287	3	
282	285	-1	
280	285	3	
128	133	3	
129	133	-2	
129	135	2	
131	135	3	
131	134	3	
128	134	3	
464	469	-3	
467	469	-3	
467	471	3	
465	471	2	
465	470	-3	
464	470	2	
320	324	2	
321	324	5	
321	326	-3	
322	326	-4	
322	325	-3	
320	325	2	
226	229	-3	
227	229	2	
227	230	3	
225	230	2	
225	231	-3	
226	231	-3	
40	44	-5	
41	44	2	
41	46	-3	
42	46	3	
42	47	-1	
40	47	2	
474	477	-2	
475	477	2	
475	478	-4	
473	478	-2	
473	479	4	
474	479	-2	
160	165	3	
161	165	2	
161	166	2	
162	166	4	
162	167	2	
160	167	-2	
337	340	2	
339	340	-3	
339	341	2	
338	341	-2	
338	343	3	
337	343	3	
249	254	3	
250	254	2	
250	314	-1	
314	317	2	
313	317	-4	
249	313	-1	
17	20	-2	
18	20	-4	
18	22	-3	
19	22	-4	
19	23	2	
17	23	-3	
393	396	-2	
396	404	2	
403	404	-2	
403	405	3	
397	405	3	
393	397	3	
25	28	-1	
28	36	-1	
35	36	2	
35	38	-4	
30	38	1	
25	30	2	
81	84	3	
84	92	-2	
91	92	3	
91	94	1	
86	94	-2	
81	86	-1	
265	269	2	
267	269	4	
267	271	4	
264	271	2	
264	270	3	
265	270	3	
481	484	2	
483	484	-4	
483	486	-2	
482	486	-2	
482	487	3	
481	487	-2	
98	100	-3	
99	100	1	
99	101	-3	
97	101	2	
97	102	-1	
98	102	3	
186	188	3	
187	188	-3	
187	190	-1	
184	190	-3	
184	189	3	
186	189	2	
10	12	4	
11	12	-2	
11	15	3	
8	15	-2	
8	14	-2	
10	14	4	
305	309	3	
306	309	-1	
306	311	-2	
307	311	-1	
307	310	-1	
305	310	-3	
48	52	2	
52	60	-1	
56	60	2	
56	63	3	
55	63	1	
48	55	1	
105	110	-2	
110	118	-1	
113	118	-1	
113	119	-3	
111	119	1	
105	111	-2	
385	391	3	
387	391	2	
387	451	-2	
451	454	3	
449	454	-2	
385	449	-2	
152	157	-3	
155	157	2	
155	219	-1	
219	223	-3	
216	223	-1	
152	216	-1	
74	77	3	
77	85	-1	
83	85	3	
83	87	-2	
79	87	1	
74	79	-1	
240	244	-3	
244	252	-3	
251	252	-1	
251	253	-3	
245	253	3	
240	245	-3	
121	124	-3	
123	124	2	
123	127	3	
120	127	3	
120	126	2	
121	126	-2	
66	68	1	
67	68	3	
67	71	2	
64	71	3	
64	69	3	
66	69	-3	
290	294	2	
294	302	-1	
296	302	-1	
296	303	-4	
295	303	1	
290	295	2	
362	367	2	
363	367	-2	
363	427	-2	
427	429	-4	
426	429	-2	
362	426	-2	
441	444	-1	
443	444	-3	
443	445	2	
442	445	3	
442	447	3	
441	447	-3	
329	332	3	
331	332	3	
331	333	-5	
330	333	-1	
330	335	1	
329	335	-4	
345	350	-1	
346	350	3	
346	410	-2	
410	412	-1	
409	412	4	
345	409	1	
200	205	-4	
205	213	-1	
209	213	2	
209	214	2	
206	214	2	
200	206	-1	
505	508	5	
507	508	4	
507	511	-2	
504	511	-2	
504	510	3	
505	510	3	
27	29	3	
29	37	-2	
34	37	-4	
34	39	-3	
31	39	2	
27	31	3	
0	4	5	
1	4	4	
1	5	1	
3	5	-4	
3	6	1	
0	6	3	
89	93	-2	
90	93	3	
90	154	3	
154	158	-4	
153	158	-3	
89	153	2	
416	420	3	
417	420	2	
417	422	-3	
419	422	1	
419	421	3	
416	421	2	
433	439	3	
434	439	3	
434	498	2	
498	500	-3	
497	500	-3	
433	497	-2	
377	380	-3	
379	380	3	
379	383	-2	
376	383	-3	
376	382	-3	
377	382	-3	
107	108	-4	
108	116	1	
114	116	2	
114	117	-1	
109	117	1	
107	109	-1	
50	53	2	
53	61	-1	
59	61	3	
59	62	2	
54	62	-1	
50	54	-1	
72	78	1	
73	78	-2	
73	137	2	
137	143	-3	
136	143	3	
72	136	-3	
147	148	-3	
148	156	2	
155	156	2	
155	159	2	
151	159	1	
147	151	3	
242	244	2	
243	244	-2	
243	246	3	
241	246	-3	
241	247	3	
242	247	3	
193	197	-3	
194	197	-3	
194	199	2	
192	199	2	
192	198	-3	
193	198	3	
266	268	-3	
268	276	-3	
275	276	2	
275	279	4	
271	279	2	
266	271	-2	
232	236	-3	
233	236	-2	
233	239	-3	
234	239	-3	
234	237	2	
232	237	-3	
217	220	1	
218	220	2	
218	222	2	
219	222	1	
219	221	-3	
217	221	4	
489	492	3	
490	492	-2	
490	493	3	
488	493	2	
488	494	3	
489	494	1	
312	316	-3	
313	316	2	
313	319	-3	
315	319	-3	
315	318	4	
312	318	3	
328	334	4	
330	334	-2	
330	394	-2	
394	399	-5	
392	399	-2	
328	392	-2	
361	364	-1	
364	372	-1	
369	372	-3	
369	373	-4	
365	373	2	
361	365	-4	
449	453	-2	
453	461	-2	
457	461	-3	
457	463	-2	
455	463	2	
449	455	-3	
88	93	-1	
93	101	2	
96	101	-1	
96	103	-3	
95	103	1	
88	95	3	
433	437	2	
435	437	-3	
435	499	-1	
499	501	2	
497	501	3	
9	13	-4	
13	21	2	
16	21	-2	
16	23	2	
15	23	-2	
9	15	3	
344	348	2	
347	348	1	
347	411	-2	
411	413	3	
408	413	2	
344	408	1	
160	164	1	
163	164	-3	
163	227	1	
227	228	-1	
224	228	3	
160	224	-1	
65	68	-2	
68	76	-3	
75	76	2	
75	78	4	
70	78	-4	
65	70	2	
273	277	-3	
277	285	1	
283	285	-2	
283	286	3	
278	286	-2	
273	278	2	
104	110	4	
106	110	-2	
106	170	-2	
170	174	2	
168	174	3	
104	168	-2	
466	468	-2	
468	476	2	
472	476	-1	
472	477	-3	
469	477	-1	
466	469	-2	
297	300	2	
300	308	2	
304	308	3	
304	310	-2	
302	310	-1	
297	302	-3	
178	182	-1	
182	190	3	
185	190	2	
185	191	-5	
183	191	-3	
178	183	2	
256	260	-2	
259	260	3	
259	323	1	
323	327	-4	
320	327	-3	
256	320	1	
440	446	3	
442	446	1	
442	506	2	
506	509	-4	
504	509	-3	
440	504	-2	
288	292	3	
290	292	-1	
290	354	2	
354	358	-2	
352	358	3	
288	352	-1	
80	84	-3	
81	145	-2	
145	151	3	
144	151	-2	
80	144	3	
202	204	2	
204	212	2	
211	212	3	
211	214	3	
202	206	-1	
48	53	3	
51	53	3	
51	115	-2	
115	119	-3	
112	119	-1	
48	112	3	
336	342	3	
338	342	2	
338	402	-2	
402	404	2	
400	404	-4	
336	400	-1	
385	389	-1	
389	397	-2	
393	398	3	
390	398	2	
385	390	-2	
32	37	3	
37	45	1	
43	45	-4	
43	47	1	
39	47	-1	
32	39	-1	
416	422	2	
418	422	-3	
418	482	3	
482	485	3	
480	485	3	
416	480	3	
250	253	2	
251	255	2	
248	255	-3	
248	254	-2	
425	429	-1	
427	430	-1	
424	431	1	
425	431	3	
129	132	-2	
130	132	-3	
130	133	-3	
131	133	2	
58	60	-4	
58	61	4	
57	61	-1	
57	62	-4	
56	62	1	
24	28	-2	
26	28	4	
26	30	-4	
25	31	-2	
24	31	2	
138	143	2	
138	202	2	
202	207	3	
201	207	-2	
137	201	3	
49	52	-3	
50	52	2	
50	55	-1	
51	55	3	
51	54	-2	
49	54	4	
2	5	4	
3	67	2	
67	69	-2	
2	66	3	
18	21	-1	
19	21	3	
19	83	-1	
83	86	-3	
82	86	-2	
18	82	-1	
401	405	2	
405	413	-2	
410	413	2	
410	415	-2	
401	407	2	
314	318	-3	
314	378	-2	
378	380	-2	
376	380	2	
312	376	1	
33	36	3	
34	36	-2	
34	98	1	
97	100	-2	
33	97	4	
121	125	4	
123	125	1	
123	126	3	
121	127	-1	
75	77	-2	
75	139	3	
138	141	-3	
74	138	2	
297	301	2	
298	362	2	
361	367	4	
297	361	1	
178	180	-2	
178	242	-3	
242	246	2	
177	241	-1	
425	428	-1	
426	428	-2	
426	490	2	
489	493	-3	
425	489	2	
265	268	-2	
273	276	1	
269	277	2	
332	340	1	
333	341	-1	
440	444	-1	
441	445	1	
440	447	3	
211	215	-2	
211	275	1	
274	279	1	
448	453	-2	
451	453	-2	
450	454	-1	
450	455	-1	
448	455	-3	
4	12	-2	
11	14	-4	
6	14	2	
467	468	-2	
473	476	2	
471	479	1	
80	87	-2	
82	87	-2	
82	146	3	
146	148	2	
144	148	2	
243	245	-1	
243	307	-3	
307	309	3	
304	309	2	
240	304	1	
286	294	2	
288	294	2	
288	295	2	
287	295	2	
283	287	-3	
161	164	-3	
163	166	2	
162	165	-2	
235	236	1	
232	238	4	
233	237	2	
106	111	-2	
107	111	2	
107	171	-1	
171	175	-3	
170	175	-3	
323	325	2	
323	387	-1	
387	390	-1	
386	390	1	
322	386	1	
368	373	-1	
369	375	-1	
371	375	-3	
368	374	-2	
347	349	3	
354	357	-1	
350	358	-2	
347	350	-3	
154	218	-1	
218	221	1	
153	217	1	
456	460	-3	
458	463	-3	
459	463	2	
459	462	3	
216	220	4	
220	228	-1	
226	228	-3	
226	230	-2	
222	230	-1	
216	222	-3	
42	44	2	
42	45	-3	
43	46	2	
40	46	3	
184	188	-2	
186	191	-2	
185	189	1	
432	439	2	
498	503	-3	
432	496	-1	
89	92	-2	
91	95	-2	
88	94	-3	
89	94	-3	
480	484	2	
483	485	-1	
481	485	-2	
481	486	3	
480	486	2	
258	260	2	
258	261	-3	
256	262	-2	
115	116	-2	
115	117	-3	
112	117	2	
112	118	3	
114	118	-4	
499	500	-2	
500	508	-1	
502	510	-1	
499	502	4	
289	292	-2	
291	292	2	
355	359	2	
353	359	-2	
334	342	-1	
336	343	2	
335	343	-1	
328	335	-3	
401	406	-2	
402	406	-1	
402	466	-2	
466	470	-3	
401	465	1	
192	196	-2	
195	197	2	
194	198	1	
296	300	2	
306	308	2	
303	311	-1	
282	284	2	
282	346	-1	
346	351	-2	
345	351	3	
281	345	2	
32	38	2	
35	99	3	
99	102	-3	
96	102	-2	
32	96	2	
8	13	-2	
9	73	2	
73	79	2	
72	79	-2	
8	72	1	
388	396	2	
394	396	4	
391	399	2	
384	391	-2	
203	205	-3	
203	267	-1	
267	270	1	
200	264	1	
410	414	2	
411	414	2	
411	475	-1	
474	478	2	
410	474	-1	
169	173	-2	
173	181	-2	
176	181	3	
174	182	1	
169	174	2	
379	382	3	
378	382	-3	
378	383	3	
377	383	2	
65	71	-1	
65	129	1	
129	134	-3	
64	128	-1	
418	420	-2	
419	420	3	
417	421	2	
152	156	-3	
149	157	-1	
147	149	-3	
144	150	-2	
145	150	1	
145	209	-2	
209	212	1	
208	212	2	
144	208	-1	
105	108	2	
106	108	2	
104	109	-4	
105	109	-2	
248	252	2	
249	252	-3	
249	253	1	
315	316	3	
312	317	-2	
488	492	3	
489	495	-1	
498	501	1	
501	509	-1	
506	511	3	
503	511	1	
433	436	-1	
434	436	-3	
434	438	-1	
435	438	-3	
27	30	1	
24	29	-3	
323	324	2	
320	326	2	
16	20	4	
17	21	2	
16	22	2	
225	229	3	
224	231	2	
59	60	1	
59	63	-3	
57	63	3	
58	62	2	
356	364	-1	
363	364	-4	
363	365	1	
357	365	2	
355	357	-1	
408	412	1	
409	473	-1	
472	479	-2	
408	472	-1	
392	398	3	
393	457	2	
457	460	2	
392	456	1	
170	172	1	
172	180	-2	
179	180	-2	
179	183	3	
175	183	1	
113	116	1	
116	124	3	
117	125	-3	
113	117	-2	
72	76	2	
136	142	1	
1	6	3	
2	6	3	
66	70	-2	
1	65	2	
386	389	3	
387	389	3	
451	452	2	
153	157	2	
157	165	-1	
159	167	-3	
153	159	2	
284	292	1	
285	293	1	
32	36	-2	
97	103	2	
193	196	-1	
201	204	-2	
193	199	-1	
235	237	2	
237	245	1	
241	245	1	
239	247	1	
235	239	-2	
272	279	2	
273	279	1	
273	337	-2	
337	341	-2	
336	341	2	
272	336	-2	
131	132	-2	
441	446	-2	
443	446	-3	
443	507	-1	
441	505	1	
306	310	-1	
306	370	1	
370	373	3	
305	369	1	
266	270	-2	
266	330	1	
330	332	1	
265	329	1	
213	221	2	
215	223	-1	
209	215	2	
44	52	-2	
49	55	2	
47	55	2	
41	47	-3	
81	85	2	
85	93	-1	
90	95	-1	
87	95	1	
81	87	-2	
403	467	2	
400	464	-1	
418	421	-2	
480	487	-2	
178	181	2	
181	189	2	
187	189	-2	
187	191	-2	
9	12	1	
257	263	-2	
298	300	-1	
299	300	-2	
299	303	-2	
297	303	-2	
298	302	3	
345	348	-2	
347	351	-1	
425	430	3	
435	439	1	
431	439	-2	
264	268	-2	
266	269	-2	
74	76	2	
74	78	1	
67	70	-1	
236	244	1	
238	246	-1	
138	142	1	
314	316	1	
315	379	-1	
208	213	-3	
210	213	-2	
274	277	2	
272	277	2	
384	390	2	
448	454	1	
419	483	-1	
417	481	-1	
90	92	1	
91	155	2	
155	158	1	
82	84	1	
82	85	1	
80	86	-2	
340	348	-2	
346	348	-3	
342	350	-1	
339	342	-3	
325	333	1	
331	334	-2	
326	334	-1	
105	169	1	
49	113	-1	
392	397	2	
398	406	2	
290	293	-2	
354	356	2	
186	190	1	
186	250	2	
250	255	-2	
184	248	2	
197	205	-1	
203	206	3	
198	206	1	
18	23	-1	
17	22	1	
496	501	3	
156	164	-2	
161	167	2	
152	159	-2	
464	468	1	
465	468	-3	
466	471	1	
464	471	3	
227	231	2	
224	230	-2	
426	431	-2	
427	431	-2	
424	429	2	
59	123	1	
56	120	1	
307	308	2	
305	311	-2	
304	311	-2	
282	286	-1	
474	476	3	
475	476	2	
472	478	1	
99	163	1	
98	162	2	
370	372	1	
436	444	2	
442	444	3	
437	445	-2	
432	437	1	
507	510	2	
362	364	3	
362	365	1	
218	223	2	
217	223	-2	
217	222	-3	
491	493	2	
488	495	1	
69	77	2	
73	77	1	
71	79	-3	
50	114	2	
411	412	-2	
409	415	-3	
43	44	1	
3	4	1	
385	388	2	
201	205	1	
136	200	-2	
324	332	1	
327	335	-1	
321	327	-2	
96	100	2	
100	108	1	
103	111	-1	
377	441	-2	
376	440	1	
25	29	-2	
25	89	1	
24	88	-1	
185	188	2	
187	251	-2	
251	254	-2	
185	249	-2	
402	407	2	
337	401	1	
147	211	1	
170	173	-1	
170	234	1	
169	233	-1	
276	284	-1	
283	284	-1	
275	278	2	
194	196	2	
194	258	-2	
256	261	1	
192	256	2	
240	247	1	
176	240	-2	
33	38	-3	
8	12	-3	
11	13	1	
130	135	3	
296	301	3	
449	452	1	
450	453	2	
483	487	2	
57	60	-2	
56	61	-1	
315	317	-1	
314	319	-1	
355	358	2	
354	359	-1	
120	124	2	
120	125	2	
207	215	1	
164	172	-1	
165	173	1	
163	165	1	
281	285	-2	
280	344	1	
115	179	-2	
177	183	1	
113	177	2	
403	406	-2	
409	414	1	
403	407	1	
195	198	-2	
195	259	2	
256	263	2	
329	333	-2	
41	45	-1	
45	53	-1	
27	28	2	
24	30	2	
250	252	-1	
64	68	1	
0	64	1	
219	220	1	
145	149	1	
233	238	-2	
72	77	-1	
136	141	1	
275	339	-1	
434	437	-1	
429	437	1	
106	109	-1	
75	79	1	
66	71	1	
88	152	-1	
505	509	1	
291	294	-1	
291	295	2	
289	295	-1	
299	302	1	
299	363	1	
322	327	2	
264	269	2	
265	271	-2	
394	458	1	
457	462	-1	
473	477	1	
243	247	-1	
241	305	-1	
35	39	1	
224	229	-1	
90	94	1	
137	142	-2	
139	203	1	
201	206	2	
310	318	-2	
312	319	-1	
311	319	-2	
274	338	1	
248	253	1	
166	174	-1	
171	174	1	
167	175	-1	
404	412	-2	
400	405	-1	
433	438	-1	
452	460	-1	
456	463	1	
451	455	-1	
177	182	1	
193	257	2	
43	107	-2	
41	105	1	
128	132	1	
128	135	-2	
477	485	1	
478	486	-1	
210	212	-1	
208	214	1	
92	100	1	
98	101	1	
219	283	1	
218	282	-2	
384	389	1	
353	357	-1	
359	367	1	
242	306	1	
228	236	-1	
234	236	-2	
231	239	1	
402	405	1	
490	494	-1	
499	503	1	
490	495	-2	
272	276	1	
346	349	1	
341	349	1	
454	462	-1	
371	435	1	
435	436	-1	
368	432	-2	
292	300	1	
293	301	-1	
288	293	1	
99	103	-1	
200	207	1	
10	13	1	
10	74	-1	
73	76	-1	
46	54	1	
257	260	1	
168	172	2	
440	445	-2	
413	421	-1	
414	422	1	
26	31	-1	
482	484	1	
192	197	-1	
280	287	1	
280	286	1	
281	286	1	
321	325	2	
118	126	1	
119	127	-1	
114	119	-1	
96	160	2	
379	443	-1	
42	106	-1	
242	245	1	
247	255	1	
352	356	1	
353	358	-1	
212	220	1	
216	221	1	
496	500	-1	
498	502	-1	
143	151	-1	
139	143	-1	
227	291	1	
226	290	1	
328	332	-1	
339	343	-1	
64	70	-1	
270	278	-1	
369	433	1	
475	479	1	
200	204	1	
130	134	1	
427	491	1	
154	156	-1	
154	157	1	
209	273	1	
387	388	1	
386	391	-1	
83	84	-1	
88	92	1	
465	469	1	
507	509	-1	
506	510	-1	
27	91	-1	
91	93	-1	
26	90	-1	
458	461	1	
112	116	-1	
48	54	-1	
308	316	-1	
309	317	-1	
145	148	1	
225	228	-1	
225	289	1	
224	288	-1	
424	488	1	
217	281	1	
367	375	1	
241	244	-1	
246	254	-1	
438	446	-1	
101	109	1	
102	110	1	
0	5	-1	
97	161	-1	
160	166	-1	
345	349	-1	
399	407	-1	
439	447	1	
484	492	-1	
491	492	-1	
487	495	1	
221	229	1	
223	231	1	
Energy:	-1752	
