NumberOfQubits	504	
NumberOfSubgraphs	588	
Serial	380	
PlantedSolution:	
0	-1	
1	-1	
2	1	
3	1	
4	-1	
5	1	
6	1	
8	1	
9	1	
10	1	
11	1	
12	-1	
13	-1	
14	1	
15	-1	
16	-1	
17	-1	
18	1	
19	-1	
20	1	
21	1	
22	-1	
23	-1	
24	-1	
25	1	
26	1	
27	1	
28	1	
29	-1	
30	1	
31	-1	
32	-1	
33	1	
34	-1	
35	-1	
36	-1	
37	1	
38	1	
39	-1	
40	1	
41	-1	
42	1	
43	-1	
44	-1	
45	-1	
46	-1	
47	-1	
48	-1	
49	-1	
50	-1	
51	1	
52	1	
53	-1	
54	-1	
55	-1	
56	-1	
57	1	
58	-1	
59	1	
60	-1	
61	1	
62	1	
63	1	
64	1	
65	1	
66	1	
67	1	
68	1	
69	-1	
70	1	
71	1	
72	-1	
73	-1	
74	1	
75	1	
76	-1	
77	-1	
78	1	
79	-1	
80	-1	
81	-1	
82	1	
83	1	
84	-1	
85	1	
86	1	
87	-1	
88	1	
89	1	
90	1	
91	1	
92	-1	
93	-1	
94	1	
95	1	
96	-1	
97	-1	
98	1	
99	1	
100	1	
101	1	
102	-1	
103	-1	
104	1	
105	1	
106	-1	
107	-1	
108	-1	
109	1	
110	-1	
111	1	
112	-1	
113	1	
114	-1	
115	-1	
116	1	
117	1	
118	-1	
119	-1	
120	-1	
121	1	
123	1	
124	1	
125	1	
126	-1	
127	-1	
128	-1	
129	1	
130	-1	
131	1	
132	1	
133	1	
134	1	
135	1	
136	-1	
137	-1	
138	1	
139	1	
141	1	
142	-1	
143	-1	
144	1	
145	1	
146	-1	
147	1	
148	-1	
149	1	
150	-1	
151	1	
152	-1	
153	1	
154	-1	
155	1	
156	1	
157	1	
158	-1	
159	-1	
160	-1	
161	-1	
162	-1	
163	-1	
164	-1	
165	-1	
166	1	
167	1	
168	-1	
169	1	
170	-1	
171	-1	
172	-1	
173	-1	
174	1	
175	1	
176	1	
177	1	
178	1	
179	1	
180	-1	
181	-1	
182	-1	
183	-1	
184	-1	
185	-1	
186	1	
187	1	
188	-1	
189	-1	
190	-1	
191	1	
192	1	
193	-1	
194	-1	
195	-1	
196	1	
197	-1	
198	-1	
199	-1	
200	-1	
201	-1	
202	1	
203	-1	
204	1	
205	1	
206	1	
207	1	
208	1	
209	-1	
210	1	
211	1	
212	1	
213	1	
214	-1	
215	1	
216	1	
217	-1	
218	-1	
219	1	
220	1	
221	1	
222	1	
223	-1	
224	1	
225	-1	
226	1	
227	-1	
228	-1	
229	-1	
230	-1	
231	1	
232	1	
233	-1	
234	-1	
235	-1	
236	-1	
237	-1	
238	-1	
239	1	
240	-1	
241	-1	
242	1	
243	1	
244	-1	
245	1	
246	1	
247	1	
248	-1	
249	-1	
250	-1	
251	-1	
252	1	
253	-1	
254	-1	
255	-1	
256	-1	
257	-1	
258	-1	
259	-1	
260	1	
261	-1	
262	1	
263	-1	
264	1	
265	-1	
266	1	
267	1	
268	-1	
269	-1	
270	1	
271	-1	
272	1	
273	-1	
274	1	
275	-1	
276	1	
277	1	
278	-1	
279	1	
280	-1	
281	-1	
282	1	
283	-1	
284	-1	
285	-1	
286	1	
287	1	
288	1	
289	-1	
290	-1	
291	1	
292	-1	
293	1	
294	-1	
295	1	
296	-1	
297	-1	
298	-1	
299	-1	
300	1	
301	-1	
302	1	
303	-1	
304	-1	
305	1	
306	-1	
307	-1	
308	-1	
309	1	
310	1	
311	-1	
312	1	
313	-1	
314	1	
315	-1	
316	-1	
317	-1	
318	1	
319	-1	
320	-1	
321	-1	
322	1	
323	1	
324	1	
325	1	
326	-1	
327	1	
328	-1	
329	1	
330	-1	
331	-1	
332	-1	
333	-1	
334	-1	
335	1	
336	-1	
337	-1	
338	1	
339	1	
340	-1	
341	1	
342	-1	
343	1	
344	1	
345	1	
346	-1	
347	1	
348	1	
349	1	
350	1	
351	-1	
352	1	
353	-1	
354	1	
355	-1	
356	1	
357	1	
358	1	
359	-1	
361	-1	
362	1	
363	-1	
364	1	
365	1	
367	-1	
368	-1	
369	1	
370	-1	
371	1	
372	-1	
373	1	
374	1	
375	-1	
376	-1	
377	-1	
378	1	
379	-1	
380	-1	
382	1	
383	-1	
384	-1	
385	1	
386	-1	
387	-1	
388	1	
389	-1	
390	-1	
391	1	
392	-1	
393	1	
394	1	
396	1	
397	-1	
398	-1	
399	1	
400	1	
401	-1	
402	-1	
403	-1	
404	-1	
405	-1	
406	1	
407	1	
408	-1	
409	-1	
410	-1	
411	-1	
412	-1	
413	-1	
414	1	
415	-1	
416	-1	
417	-1	
418	-1	
419	1	
420	-1	
421	-1	
422	-1	
424	-1	
425	-1	
426	-1	
427	1	
428	1	
429	1	
430	-1	
431	-1	
432	-1	
433	-1	
434	1	
435	-1	
436	-1	
437	-1	
438	-1	
439	1	
440	-1	
441	1	
442	-1	
443	1	
444	1	
445	1	
446	1	
447	1	
448	1	
449	1	
450	-1	
451	-1	
452	-1	
453	-1	
454	1	
455	-1	
456	1	
457	1	
458	-1	
459	-1	
460	1	
461	-1	
462	-1	
463	-1	
464	-1	
465	-1	
466	-1	
467	1	
468	1	
469	-1	
470	1	
471	1	
472	1	
473	-1	
474	-1	
475	-1	
476	-1	
477	1	
478	-1	
479	-1	
480	-1	
481	-1	
482	-1	
483	1	
484	-1	
485	1	
486	-1	
487	-1	
488	-1	
489	-1	
490	1	
491	-1	
492	-1	
493	-1	
494	-1	
495	1	
496	-1	
497	-1	
498	-1	
499	-1	
500	1	
501	1	
502	-1	
503	1	
504	-1	
505	-1	
506	1	
507	1	
508	1	
509	1	
510	1	
511	-1	
Js:	
352	359	4	
355	359	-3	
355	419	2	
419	420	4	
416	420	-4	
352	416	-1	
73	76	-3	
75	76	4	
75	139	-2	
139	142	5	
137	142	2	
73	137	-2	
225	228	-3	
227	228	2	
227	229	-2	
226	229	3	
226	230	3	
225	230	-6	
200	204	4	
201	204	3	
201	265	2	
265	271	-2	
264	271	5	
200	264	1	
410	414	4	
411	414	3	
411	475	-3	
475	477	2	
474	477	-1	
410	474	-3	
33	38	-4	
34	38	3	
34	98	1	
98	103	5	
97	103	-3	
33	97	-2	
272	276	-3	
276	284	3	
283	284	-3	
283	285	-4	
277	285	2	
272	277	-3	
488	493	-5	
489	493	-5	
489	494	-4	
491	494	3	
491	495	5	
488	495	4	
505	508	3	
507	508	2	
507	509	-5	
506	509	-4	
506	510	-3	
505	510	3	
41	45	-4	
45	53	-1	
49	53	3	
49	54	-2	
46	54	-2	
41	46	-3	
432	438	3	
433	438	-5	
433	497	-2	
497	501	4	
496	501	3	
432	496	-4	
56	60	-4	
57	60	2	
57	63	4	
59	63	-3	
59	61	-4	
56	61	4	
17	21	4	
18	21	-3	
18	22	3	
16	22	4	
16	23	-3	
17	23	-4	
144	148	4	
145	148	5	
145	150	-1	
146	150	-4	
146	151	5	
144	151	-2	
321	325	3	
323	325	-4	
323	326	4	
320	326	-3	
320	327	-3	
321	327	4	
96	100	4	
100	108	-4	
104	108	4	
104	110	2	
102	110	-3	
96	102	-3	
312	317	4	
314	317	-1	
314	319	6	
313	319	-3	
313	318	3	
312	318	-3	
338	341	-4	
341	349	-2	
344	349	-2	
344	351	4	
343	351	-2	
338	343	-4	
457	462	3	
462	470	-2	
466	470	4	
466	471	5	
463	471	2	
457	463	2	
179	180	5	
180	188	3	
185	188	-2	
185	189	-4	
181	189	-3	
179	181	1	
194	196	4	
195	196	2	
195	197	-2	
192	197	3	
192	199	3	
194	199	-3	
241	246	3	
242	246	-5	
242	306	-2	
306	311	-4	
305	311	2	
241	305	2	
402	404	-4	
403	404	-4	
403	406	2	
400	406	-2	
400	405	3	
402	405	-4	
329	332	1	
331	332	3	
331	333	-3	
330	333	-4	
330	335	3	
329	335	-2	
257	261	4	
258	261	-3	
258	263	-5	
259	263	-4	
259	262	6	
257	262	2	
297	300	2	
299	300	-4	
299	301	-3	
298	301	-3	
298	302	1	
297	302	4	
1	6	3	
3	6	-5	
3	67	-4	
67	71	-4	
65	71	-3	
1	65	3	
80	85	5	
82	85	3	
82	86	-4	
83	86	-5	
83	87	3	
80	87	-2	
161	164	-1	
163	164	-4	
163	165	-4	
162	165	3	
162	167	4	
161	167	4	
208	212	-5	
212	220	-2	
218	220	3	
218	221	2	
213	221	2	
208	213	-1	
233	237	-3	
235	237	-3	
235	239	2	
232	239	-4	
232	238	-2	
233	238	-5	
288	292	-2	
290	292	-3	
290	295	2	
291	295	-2	
291	294	3	
288	294	4	
154	157	1	
155	157	-5	
155	159	-2	
153	159	3	
153	158	5	
154	158	-7	
48	52	3	
50	52	4	
50	114	-4	
114	117	3	
112	117	1	
48	112	2	
248	252	3	
249	252	6	
249	254	3	
251	254	-4	
251	253	-2	
248	253	-3	
435	436	-3	
436	444	4	
441	444	-2	
441	447	-4	
439	447	-2	
435	439	4	
26	28	-3	
27	28	-3	
27	31	4	
24	31	2	
24	30	5	
26	30	-3	
448	453	3	
449	453	3	
449	455	-5	
451	455	-4	
451	454	4	
448	454	-3	
88	93	1	
89	93	3	
89	95	-4	
90	95	1	
90	94	-4	
88	94	-2	
8	12	3	
10	12	2	
10	13	-4	
11	13	3	
11	14	-3	
8	14	-2	
424	429	3	
427	429	-2	
427	430	-3	
426	430	-3	
426	431	-1	
424	431	-2	
387	389	-3	
389	397	-3	
394	397	2	
394	398	2	
390	398	-3	
387	390	-5	
105	111	-3	
107	111	4	
107	171	2	
171	174	4	
169	174	-3	
105	169	-2	
369	372	3	
371	372	4	
371	374	4	
370	374	5	
370	373	1	
369	373	-4	
408	415	-5	
409	415	-3	
409	473	2	
473	476	-1	
472	476	5	
408	472	2	
480	484	-3	
483	484	-3	
483	487	3	
481	487	-5	
481	485	3	
480	485	3	
129	132	-3	
130	132	4	
130	134	4	
128	134	6	
128	133	4	
129	133	-4	
376	380	-4	
379	380	4	
379	443	1	
443	446	-2	
440	446	3	
376	440	-1	
177	182	6	
182	190	-3	
184	190	-1	
184	191	-2	
183	191	3	
177	183	2	
121	124	2	
123	124	-3	
123	127	5	
120	127	-2	
120	126	-4	
121	126	5	
353	358	5	
354	358	-3	
354	418	2	
418	422	3	
417	422	-4	
353	417	-3	
210	214	3	
211	214	-2	
211	275	2	
275	278	-4	
274	278	4	
210	274	-1	
0	5	4	
2	5	-4	
2	66	-3	
66	70	-3	
64	70	-4	
0	64	4	
32	36	-3	
36	44	-2	
40	44	5	
40	47	4	
39	47	-2	
32	39	2	
456	460	-5	
460	468	1	
467	468	-4	
467	469	3	
461	469	-3	
456	461	4	
202	206	-3	
203	206	2	
203	267	1	
267	270	4	
266	270	-3	
202	266	-2	
336	340	-5	
340	348	-1	
347	348	-1	
347	350	-5	
342	350	1	
336	342	-3	
384	388	4	
388	396	-3	
392	396	5	
392	399	-3	
391	399	-3	
384	391	2	
362	364	-4	
363	364	4	
363	367	-4	
361	367	-4	
361	365	5	
362	365	-3	
240	247	2	
243	247	-4	
243	307	2	
307	310	-4	
304	310	3	
240	304	-2	
72	77	2	
74	77	5	
74	138	-3	
138	143	3	
136	143	-2	
72	136	-3	
216	223	2	
217	223	3	
217	281	-3	
281	287	4	
280	287	2	
216	280	4	
434	437	5	
435	437	-2	
435	499	1	
499	502	-4	
498	502	-5	
434	498	3	
168	172	-5	
169	172	-2	
169	173	4	
170	173	-4	
170	175	3	
168	175	4	
112	116	-1	
115	116	4	
115	118	-1	
113	118	3	
113	119	5	
112	119	-5	
377	382	4	
378	382	-3	
378	442	2	
442	445	3	
441	445	-2	
377	441	2	
186	191	-3	
187	191	-3	
187	251	-2	
251	255	-3	
250	255	-6	
186	250	3	
42	45	2	
43	45	-3	
43	107	-3	
107	109	4	
106	109	2	
42	106	3	
160	166	2	
163	166	3	
163	227	1	
227	231	5	
224	231	-4	
160	224	2	
81	84	-3	
84	92	2	
91	92	4	
91	93	3	
85	93	2	
81	85	4	
400	407	-3	
401	407	3	
401	465	-2	
465	468	3	
464	468	-3	
400	464	4	
33	37	-4	
35	37	1	
35	99	3	
99	101	-3	
97	101	2	
273	278	1	
278	286	2	
282	286	-3	
282	287	-3	
279	287	-1	
273	279	3	
51	54	4	
54	62	3	
58	62	4	
58	63	4	
55	63	2	
51	55	4	
256	260	5	
260	268	3	
267	268	-1	
267	269	5	
261	269	-2	
256	261	-1	
234	236	-3	
236	244	-2	
240	244	-4	
240	245	4	
237	245	-1	
234	237	-2	
19	20	5	
20	28	-2	
25	28	3	
25	29	4	
21	29	3	
19	21	2	
305	308	4	
308	316	-3	
315	316	-1	
315	317	-2	
309	317	3	
305	309	1	
321	324	4	
322	324	-3	
322	386	3	
386	391	-3	
385	391	-4	
321	385	1	
152	156	4	
155	156	-3	
155	219	2	
219	222	-4	
216	222	-3	
152	216	2	
499	500	4	
500	508	-3	
504	508	3	
504	511	-4	
503	511	3	
499	503	-1	
482	484	-4	
484	492	1	
490	492	6	
490	494	3	
486	494	-2	
482	486	-2	
203	205	3	
205	213	-1	
209	213	3	
209	215	3	
207	215	-2	
203	207	-2	
129	135	-3	
131	135	-4	
131	195	3	
195	198	-4	
193	198	-2	
129	193	3	
289	293	2	
293	301	2	
296	301	3	
296	303	-4	
295	303	2	
289	295	3	
409	412	-3	
412	420	-3	
416	421	-3	
413	421	1	
409	413	-3	
9	15	-4	
11	15	4	
11	75	-2	
75	78	-3	
73	78	2	
9	73	2	
328	332	2	
332	340	-2	
337	340	-2	
337	342	-2	
334	342	-2	
328	334	-3	
368	374	-2	
374	382	-2	
378	383	3	
375	383	-2	
368	375	-2	
450	452	-5	
452	460	2	
459	460	4	
459	462	3	
454	462	2	
450	454	2	
346	348	3	
348	356	-3	
354	356	-1	
354	357	-4	
349	357	-2	
346	349	-4	
139	141	-2	
141	149	-4	
147	149	2	
147	150	3	
142	150	-2	
393	399	-2	
394	399	-4	
394	458	-1	
458	463	-6	
393	457	-2	
425	428	4	
426	428	4	
424	430	-4	
425	429	3	
64	68	-3	
65	68	1	
65	69	4	
67	69	4	
64	71	-3	
472	477	3	
473	477	6	
473	478	-3	
474	478	-2	
474	479	-3	
472	479	2	
176	180	2	
177	180	3	
178	182	-3	
178	181	6	
176	181	4	
337	343	3	
339	343	-3	
339	403	-3	
401	406	5	
337	401	-3	
116	124	-5	
120	124	2	
120	125	3	
117	125	-6	
115	117	2	
2	4	2	
4	12	2	
8	13	2	
5	13	2	
72	78	-3	
78	86	-2	
81	86	2	
81	87	-2	
79	87	-2	
72	79	-3	
281	284	-4	
283	347	-2	
345	350	-4	
281	345	2	
35	36	3	
35	38	2	
34	37	3	
32	37	3	
202	204	-2	
266	269	3	
265	269	-2	
235	236	-3	
243	244	3	
239	247	-2	
16	20	-3	
19	22	-3	
18	23	4	
89	94	-3	
90	154	-1	
89	153	-1	
137	141	4	
145	149	-4	
145	151	2	
143	151	2	
137	143	-3	
475	478	-5	
478	486	3	
480	486	-4	
480	487	-2	
479	487	-3	
475	479	-2	
361	364	-3	
364	372	1	
371	375	3	
367	375	-3	
43	44	-2	
43	46	4	
41	47	-3	
440	447	3	
443	447	-4	
443	507	-2	
504	509	-1	
440	504	-3	
497	503	2	
498	503	4	
496	502	1	
384	389	-3	
386	389	-4	
386	450	-2	
448	452	4	
384	448	-3	
184	188	-3	
186	188	4	
248	255	-2	
184	248	-3	
105	108	2	
105	110	-4	
106	110	-3	
104	109	-4	
49	55	-4	
50	55	-2	
114	118	-4	
49	113	2	
209	212	3	
210	212	-2	
210	215	2	
208	215	-2	
208	214	4	
209	214	-3	
221	229	2	
225	229	-1	
222	230	-1	
218	222	3	
405	413	-3	
411	413	-4	
411	415	2	
407	415	2	
402	407	2	
193	197	-2	
193	199	-2	
194	198	1	
192	198	3	
312	316	4	
313	316	-4	
313	377	-3	
377	383	-2	
376	383	-5	
312	376	-2	
256	262	3	
258	262	2	
258	322	1	
322	327	-2	
256	320	-2	
329	333	-4	
328	335	3	
329	334	2	
289	292	-4	
290	293	4	
288	293	-2	
289	294	-3	
160	164	-3	
164	172	-2	
167	175	2	
160	167	4	
24	29	-3	
26	29	-1	
26	31	3	
27	30	-2	
58	60	-2	
59	62	2	
432	437	-3	
434	438	1	
433	439	3	
432	439	-2	
302	310	-3	
306	310	-1	
303	311	-3	
297	303	-1	
491	492	-3	
489	495	2	
490	493	-2	
272	279	-3	
274	279	-4	
274	338	-2	
336	341	-2	
272	336	2	
121	127	4	
123	187	-3	
187	190	-4	
185	190	-4	
121	185	3	
80	84	-3	
83	84	-2	
83	147	-1	
147	148	2	
80	144	2	
128	132	4	
131	132	-3	
130	135	5	
352	357	-3	
355	357	2	
353	359	-4	
352	358	1	
385	390	3	
387	451	-2	
385	449	-3	
98	100	-2	
99	103	2	
96	101	-2	
464	469	-3	
465	469	-3	
465	471	-2	
464	470	3	
280	286	4	
282	346	1	
346	351	-1	
280	344	-1	
161	165	2	
165	173	-2	
170	174	2	
166	174	-2	
161	166	4	
219	220	1	
220	228	1	
226	228	3	
226	231	-2	
223	231	2	
219	223	3	
419	422	4	
419	483	-2	
483	485	4	
417	481	-3	
242	245	-1	
245	253	4	
249	253	-4	
246	254	3	
66	68	-4	
68	76	-4	
74	76	1	
69	77	-3	
66	69	3	
257	260	4	
264	268	3	
263	271	2	
257	263	-2	
298	300	2	
299	363	-2	
363	365	3	
298	362	2	
394	396	-4	
393	397	5	
393	398	3	
392	398	2	
304	308	-3	
305	369	-4	
368	373	5	
304	368	3	
88	95	3	
91	95	-3	
91	155	-2	
152	157	4	
88	152	2	
441	446	3	
442	446	4	
442	506	2	
441	505	1	
3	4	3	
10	14	-5	
6	14	-2	
315	319	-2	
315	379	-4	
378	380	3	
314	378	-3	
410	412	2	
408	414	2	
408	413	-2	
459	461	-2	
458	461	-3	
456	463	-2	
232	237	2	
234	238	-2	
234	239	3	
136	142	-4	
138	142	2	
138	202	-2	
202	205	-2	
200	205	-2	
136	200	-3	
211	215	-3	
275	276	2	
273	276	2	
209	273	1	
51	52	-3	
48	54	3	
48	53	-3	
50	53	-4	
424	428	3	
425	431	-4	
427	431	5	
115	119	2	
115	179	1	
179	183	4	
176	183	2	
112	176	2	
320	324	-1	
321	326	-1	
320	325	4	
1	5	2	
65	70	3	
8	15	3	
73	79	-4	
8	72	2	
306	309	4	
307	309	3	
307	371	2	
306	370	-3	
153	156	-2	
156	164	2	
162	164	-2	
159	167	-2	
432	436	-2	
440	444	4	
440	445	2	
437	445	-2	
418	421	-5	
418	482	-3	
482	485	2	
416	480	-2	
198	206	-4	
201	206	2	
201	207	3	
199	207	3	
259	261	-4	
262	270	-1	
227	291	-3	
288	295	-3	
224	288	-2	
216	220	-3	
217	220	2	
281	285	1	
280	285	-2	
34	36	2	
42	44	3	
42	47	2	
34	39	-5	
468	476	2	
474	476	-3	
471	479	2	
467	471	4	
251	252	2	
251	315	1	
315	318	4	
248	312	2	
496	500	-2	
506	508	-3	
506	511	2	
496	503	4	
82	84	3	
87	95	3	
82	87	2	
186	189	-2	
178	183	3	
331	334	-4	
339	342	-3	
335	343	-1	
331	335	2	
345	348	-4	
352	356	-4	
351	359	-2	
345	351	-2	
57	121	1	
56	120	-1	
131	133	4	
193	196	4	
386	388	2	
450	453	-2	
25	31	3	
23	31	1	
403	405	-2	
98	101	-3	
98	102	2	
97	102	-2	
96	103	-2	
147	151	-2	
147	211	-4	
211	213	2	
210	213	-5	
146	210	3	
273	277	4	
275	277	3	
233	297	-3	
296	302	4	
232	296	2	
488	492	-3	
490	495	-3	
241	245	4	
250	253	1	
250	254	-3	
113	117	2	
123	125	-2	
119	127	-3	
300	308	1	
307	308	-3	
301	309	1	
106	108	-2	
106	170	-1	
104	168	-1	
17	22	-4	
17	81	-2	
16	80	-2	
178	180	-1	
179	243	-2	
242	247	-4	
178	242	-1	
505	509	-3	
507	511	3	
504	510	3	
385	388	-2	
469	477	1	
470	478	-1	
465	470	2	
370	372	2	
372	380	-2	
370	375	-3	
160	165	-2	
162	226	2	
224	229	3	
25	30	-2	
25	89	-2	
89	92	-1	
88	92	4	
24	88	2	
411	412	-4	
414	422	2	
70	78	-2	
285	293	2	
290	294	-2	
286	294	-2	
283	286	1	
433	436	2	
434	436	2	
434	439	-3	
435	438	-3	
217	221	4	
219	221	-2	
218	223	-2	
74	79	-1	
71	79	3	
330	332	-3	
333	341	1	
451	453	-3	
453	461	-1	
456	462	-2	
362	426	3	
426	429	3	
361	425	-2	
37	45	1	
38	46	1	
353	357	2	
417	421	3	
266	268	3	
266	271	1	
256	263	-1	
139	143	3	
139	203	-2	
200	206	3	
148	156	1	
149	157	1	
57	61	-2	
58	61	2	
57	62	-3	
497	500	3	
498	500	2	
499	501	4	
176	182	3	
177	241	2	
241	244	2	
176	240	1	
187	188	2	
184	189	-3	
481	484	-2	
483	486	2	
482	487	-3	
9	13	3	
10	15	3	
310	318	-2	
314	318	2	
311	319	-2	
304	311	-1	
344	350	-2	
346	350	3	
346	410	2	
410	415	-2	
344	408	3	
18	20	-2	
19	83	2	
18	82	2	
442	444	-2	
443	445	-5	
170	172	-2	
171	172	-3	
171	235	1	
170	234	-2	
322	325	-1	
322	326	2	
323	327	2	
196	204	2	
203	204	4	
197	205	3	
194	197	-4	
0	4	-3	
1	4	-4	
3	5	-2	
227	230	-1	
291	292	1	
225	289	-2	
27	91	-2	
90	93	4	
26	90	2	
35	39	-3	
99	102	2	
32	96	-2	
150	158	-1	
154	159	-4	
151	159	-1	
264	270	2	
265	270	2	
265	329	4	
264	328	4	
282	284	-1	
282	285	3	
313	317	2	
379	382	3	
365	373	2	
369	375	1	
114	116	3	
123	126	-1	
118	126	-4	
355	356	2	
345	349	1	
338	342	1	
338	402	-1	
402	406	2	
449	452	2	
458	460	2	
455	463	-1	
425	489	-2	
424	488	2	
97	100	3	
99	100	-2	
99	163	2	
97	161	-2	
138	141	-2	
202	207	-3	
137	201	1	
105	109	-1	
106	111	3	
104	111	-1	
234	298	2	
298	303	-2	
41	44	2	
40	45	3	
249	255	2	
248	254	-1	
429	437	-1	
431	439	2	
350	358	1	
347	351	3	
339	340	2	
401	404	-2	
457	461	3	
466	469	-3	
323	324	-3	
324	332	3	
325	333	2	
219	283	2	
283	287	-2	
168	173	-2	
168	174	3	
162	166	2	
305	310	-1	
368	372	-2	
314	316	2	
224	228	-2	
144	150	3	
211	212	1	
144	208	-2	
200	207	1	
195	199	-3	
265	268	-2	
16	21	2	
186	190	2	
185	191	1	
292	300	-2	
491	493	1	
238	246	1	
233	239	-1	
272	278	-1	
450	455	-3	
171	175	2	
501	509	-1	
416	422	-2	
9	12	3	
11	12	2	
75	77	2	
136	141	2	
153	157	-2	
152	159	2	
33	36	3	
113	177	1	
218	282	-3	
376	382	2	
291	355	3	
288	352	1	
56	62	4	
392	397	-3	
428	436	-1	
430	438	-2	
362	367	-2	
192	196	2	
193	257	-1	
192	256	2	
244	252	2	
243	245	2	
107	108	-2	
101	109	-3	
400	404	1	
402	466	1	
91	94	-2	
347	349	-3	
327	335	-3	
297	301	-2	
299	302	2	
299	303	-2	
146	149	-2	
502	510	1	
507	510	2	
2	6	3	
121	125	-1	
74	78	-4	
459	463	-3	
228	236	-3	
229	237	-3	
42	46	2	
103	111	2	
442	447	-1	
427	491	2	
195	259	-2	
194	258	1	
19	23	-2	
291	293	-2	
355	358	2	
290	354	-2	
274	276	-2	
281	286	-2	
49	52	1	
52	60	3	
59	60	3	
53	61	2	
398	406	-2	
399	407	-2	
90	92	2	
214	222	2	
215	223	2	
29	37	2	
32	38	2	
30	38	2	
403	467	1	
344	348	-2	
409	414	-2	
157	165	-1	
326	334	-2	
0	6	3	
338	340	2	
201	205	3	
171	173	-2	
169	175	3	
129	134	-3	
242	244	-1	
241	247	1	
120	184	-2	
161	225	1	
27	29	1	
457	460	-2	
392	456	-1	
312	319	-1	
17	20	2	
233	236	-2	
243	246	1	
154	156	2	
363	427	1	
427	428	1	
287	295	-2	
296	300	1	
294	302	2	
320	384	1	
112	118	-3	
258	260	2	
268	276	-2	
271	279	3	
353	356	-2	
354	359	2	
497	502	-3	
475	476	-2	
51	53	-1	
51	115	2	
67	70	2	
250	252	1	
488	494	2	
410	413	-1	
467	470	-2	
371	373	-2	
145	209	-1	
77	85	-1	
83	85	-1	
75	79	1	
275	339	1	
339	341	-2	
337	341	1	
273	337	3	
443	444	-2	
47	55	-1	
43	47	-2	
267	331	2	
330	334	-1	
266	330	2	
232	236	1	
231	239	-2	
421	429	2	
422	430	-1	
387	388	1	
134	142	-1	
135	143	1	
458	462	-2	
417	420	1	
93	101	-1	
94	102	2	
404	412	2	
235	238	-2	
230	238	-2	
224	230	-1	
113	116	-1	
41	105	2	
40	104	-2	
377	380	-1	
269	277	1	
274	277	-1	
267	271	-1	
66	71	-1	
323	387	1	
387	391	2	
280	284	-1	
284	292	-2	
425	430	1	
307	311	-2	
128	192	-1	
56	63	1	
48	55	-1	
485	493	1	
86	94	1	
473	479	-2	
505	511	-2	
72	76	1	
146	148	-2	
257	321	1	
369	374	1	
345	409	1	
396	404	-1	
403	407	2	
449	454	-1	
264	269	1	
328	333	-2	
226	290	-1	
498	501	-2	
9	14	-2	
204	212	-1	
247	255	-1	
98	162	-1	
168	232	-1	
418	420	-1	
420	428	-1	
110	118	-1	
111	119	-1	
379	383	-2	
481	486	1	
356	364	-2	
357	365	-1	
235	299	-1	
33	39	-1	
130	194	1	
270	278	2	
24	28	2	
304	309	2	
96	160	1	
397	405	-1	
336	343	1	
489	492	-1	
466	468	-1	
464	471	1	
385	389	1	
384	390	1	
406	414	-1	
330	394	1	
393	396	-1	
329	393	-1	
144	149	1	
67	68	2	
154	218	1	
451	452	1	
448	455	1	
92	100	-1	
76	84	-1	
477	485	-1	
31	39	1	
371	435	1	
433	437	-1	
369	433	-1	
336	400	1	
81	145	1	
179	182	1	
28	36	1	
225	231	-1	
476	484	-1	
240	246	1	
217	222	1	
153	217	1	
73	77	-1	
128	135	-1	
401	405	-1	
359	367	-1	
158	166	1	
107	110	-1	
249	313	1	
Energy:	-2498	
