NumberOfQubits	504	
NumberOfSubgraphs	588	
Serial	433	
PlantedSolution:	
0	1	
1	1	
2	-1	
3	-1	
4	1	
5	1	
6	1	
8	-1	
9	-1	
10	-1	
11	1	
12	1	
13	1	
14	-1	
15	1	
16	-1	
17	-1	
18	1	
19	-1	
20	-1	
21	1	
22	-1	
23	-1	
24	1	
25	-1	
26	1	
27	1	
28	-1	
29	-1	
30	1	
31	-1	
32	1	
33	1	
34	-1	
35	-1	
36	1	
37	1	
38	-1	
39	-1	
40	-1	
41	1	
42	1	
43	-1	
44	-1	
45	-1	
46	-1	
47	1	
48	1	
49	-1	
50	1	
51	1	
52	-1	
53	1	
54	1	
55	-1	
56	-1	
57	-1	
58	-1	
59	1	
60	-1	
61	-1	
62	-1	
63	1	
64	-1	
65	1	
66	1	
67	1	
68	-1	
69	1	
70	-1	
71	1	
72	1	
73	1	
74	1	
75	1	
76	-1	
77	-1	
78	1	
79	1	
80	-1	
81	1	
82	-1	
83	1	
84	1	
85	1	
86	-1	
87	1	
88	-1	
89	1	
90	1	
91	1	
92	-1	
93	1	
94	1	
95	-1	
96	-1	
97	1	
98	-1	
99	-1	
100	1	
101	1	
102	-1	
103	1	
104	1	
105	-1	
106	1	
107	-1	
108	1	
109	1	
110	-1	
111	1	
112	1	
113	-1	
114	-1	
115	1	
116	1	
117	-1	
118	1	
119	-1	
120	1	
121	1	
123	1	
124	-1	
125	1	
126	-1	
127	1	
128	-1	
129	1	
130	1	
131	1	
132	1	
133	-1	
134	1	
135	-1	
136	-1	
137	-1	
138	-1	
139	1	
141	1	
142	1	
143	1	
144	-1	
145	1	
146	-1	
147	-1	
148	1	
149	1	
150	1	
151	-1	
152	1	
153	-1	
154	-1	
155	1	
156	-1	
157	1	
158	-1	
159	1	
160	1	
161	1	
162	1	
163	-1	
164	1	
165	-1	
166	1	
167	1	
168	-1	
169	1	
170	-1	
171	-1	
172	-1	
173	1	
174	-1	
175	1	
176	1	
177	1	
178	1	
179	1	
180	-1	
181	1	
182	1	
183	-1	
184	-1	
185	1	
186	-1	
187	1	
188	-1	
189	1	
190	-1	
191	1	
192	-1	
193	-1	
194	1	
195	1	
196	-1	
197	-1	
198	-1	
199	1	
200	1	
201	-1	
202	1	
203	1	
204	1	
205	-1	
206	-1	
207	-1	
208	-1	
209	-1	
210	1	
211	1	
212	-1	
213	1	
214	-1	
215	1	
216	-1	
217	-1	
218	1	
219	1	
220	1	
221	1	
222	-1	
223	-1	
224	1	
225	1	
226	-1	
227	-1	
228	-1	
229	-1	
230	-1	
231	1	
232	1	
233	-1	
234	-1	
235	-1	
236	1	
237	1	
238	1	
239	1	
240	1	
241	1	
242	-1	
243	-1	
244	-1	
245	-1	
246	-1	
247	-1	
248	-1	
249	-1	
250	1	
251	-1	
252	-1	
253	-1	
254	-1	
255	1	
256	1	
257	1	
258	-1	
259	1	
260	1	
261	-1	
262	-1	
263	-1	
264	-1	
265	-1	
266	-1	
267	-1	
268	-1	
269	1	
270	1	
271	1	
272	1	
273	1	
274	-1	
275	1	
276	1	
277	1	
278	1	
279	-1	
280	1	
281	1	
282	-1	
283	1	
284	-1	
285	1	
286	1	
287	1	
288	-1	
289	1	
290	1	
291	-1	
292	-1	
293	1	
294	-1	
295	1	
296	1	
297	-1	
298	-1	
299	1	
300	1	
301	-1	
302	1	
303	1	
304	1	
305	1	
306	1	
307	1	
308	-1	
309	1	
310	-1	
311	-1	
312	-1	
313	-1	
314	-1	
315	1	
316	1	
317	1	
318	-1	
319	1	
320	-1	
321	-1	
322	-1	
323	-1	
324	1	
325	-1	
326	-1	
327	1	
328	-1	
329	-1	
330	1	
331	-1	
332	-1	
333	1	
334	-1	
335	-1	
336	-1	
337	1	
338	1	
339	1	
340	1	
341	-1	
342	1	
343	-1	
344	1	
345	-1	
346	1	
347	1	
348	-1	
349	1	
350	-1	
351	-1	
352	-1	
353	1	
354	-1	
355	-1	
356	-1	
357	1	
358	1	
359	1	
361	1	
362	-1	
363	1	
364	-1	
365	1	
367	1	
368	1	
369	1	
370	-1	
371	1	
372	-1	
373	1	
374	-1	
375	1	
376	1	
377	-1	
378	1	
379	1	
380	-1	
382	-1	
383	-1	
384	1	
385	1	
386	1	
387	-1	
388	-1	
389	1	
390	-1	
391	1	
392	1	
393	-1	
394	1	
396	1	
397	-1	
398	1	
399	-1	
400	1	
401	1	
402	1	
403	-1	
404	-1	
405	-1	
406	1	
407	-1	
408	1	
409	1	
410	-1	
411	-1	
412	-1	
413	1	
414	1	
415	1	
416	-1	
417	1	
418	-1	
419	-1	
420	1	
421	1	
422	1	
424	1	
425	-1	
426	1	
427	1	
428	1	
429	1	
430	-1	
431	-1	
432	1	
433	-1	
434	1	
435	-1	
436	1	
437	-1	
438	1	
439	-1	
440	-1	
441	-1	
442	1	
443	1	
444	-1	
445	-1	
446	-1	
447	-1	
448	1	
449	1	
450	-1	
451	1	
452	-1	
453	-1	
454	1	
455	1	
456	1	
457	1	
458	-1	
459	1	
460	-1	
461	1	
462	1	
463	1	
464	-1	
465	1	
466	-1	
467	-1	
468	-1	
469	1	
470	1	
471	1	
472	1	
473	1	
474	1	
475	-1	
476	1	
477	1	
478	1	
479	-1	
480	1	
481	-1	
482	-1	
483	-1	
484	1	
485	1	
486	-1	
487	1	
488	1	
489	1	
490	-1	
491	1	
492	1	
493	-1	
494	1	
495	-1	
496	1	
497	-1	
498	1	
499	1	
500	1	
501	1	
502	-1	
503	1	
504	1	
505	-1	
506	1	
507	-1	
508	1	
509	1	
510	-1	
511	-1	
Js:	
464	469	5	
469	477	-2	
473	477	3	
473	478	-2	
470	478	-3	
464	470	4	
273	276	-3	
275	276	-7	
275	278	-3	
272	278	-2	
272	279	4	
273	279	-3	
385	388	2	
387	388	-4	
387	390	-4	
384	390	4	
384	389	-4	
385	389	-5	
18	20	3	
19	20	-2	
19	23	-4	
16	23	-4	
16	21	-2	
18	21	-3	
105	108	3	
108	116	-1	
114	116	2	
114	119	2	
111	119	1	
105	111	2	
202	207	4	
203	207	4	
203	267	-1	
267	268	-2	
266	268	-4	
202	266	1	
427	428	2	
428	436	-2	
435	436	3	
435	437	-4	
429	437	3	
427	429	-3	
168	173	4	
171	173	3	
171	174	-5	
170	174	-4	
170	175	4	
168	175	5	
280	284	4	
282	284	-3	
282	287	3	
283	287	-4	
283	285	-4	
280	285	-4	
416	421	-4	
419	421	4	
419	483	-2	
483	485	5	
480	485	-2	
416	480	3	
209	212	-2	
211	212	5	
211	213	-4	
208	213	1	
208	215	-4	
209	215	3	
177	180	-2	
180	188	-2	
186	188	-2	
186	189	6	
181	189	-2	
177	181	-5	
56	60	1	
57	60	-5	
57	63	5	
58	63	5	
58	61	-3	
56	61	-5	
288	292	1	
291	292	-4	
291	355	-3	
355	358	2	
352	358	6	
288	352	-2	
64	69	-3	
65	69	-3	
65	129	-1	
129	132	-6	
128	132	2	
64	128	-1	
153	156	-3	
156	164	-2	
162	164	-2	
162	165	3	
157	165	1	
153	157	1	
298	300	2	
299	300	-4	
299	301	2	
297	301	-3	
297	302	3	
298	302	-2	
369	372	3	
370	372	2	
370	373	4	
368	373	-4	
368	375	-3	
369	375	-2	
8	12	-3	
11	12	-4	
11	14	2	
9	14	-4	
9	15	3	
8	15	4	
336	340	3	
338	340	2	
338	341	5	
337	341	3	
337	343	1	
336	343	-5	
425	431	-4	
426	431	4	
426	490	3	
490	494	-2	
489	494	-3	
425	489	5	
307	308	4	
308	316	3	
314	316	2	
314	319	3	
311	319	-2	
307	311	5	
249	253	-4	
250	253	4	
250	255	-2	
251	255	3	
251	254	-4	
249	254	2	
26	30	-2	
30	38	-2	
32	38	4	
32	39	2	
31	39	-1	
26	31	4	
232	236	-2	
235	236	3	
235	238	3	
234	238	2	
234	237	4	
232	237	4	
96	100	3	
99	100	4	
99	101	2	
98	101	4	
98	103	3	
96	103	3	
219	220	-5	
220	228	-3	
224	228	4	
224	230	3	
222	230	-3	
219	222	2	
50	52	5	
51	52	2	
51	55	3	
49	55	3	
49	54	4	
50	54	-2	
192	196	-1	
195	196	3	
195	198	4	
194	198	3	
194	197	1	
192	197	3	
496	500	-5	
500	508	-2	
504	508	-3	
504	509	-7	
501	509	-2	
496	501	2	
328	332	-5	
329	332	-2	
329	335	-3	
330	335	3	
330	334	4	
328	334	-2	
456	460	5	
459	460	2	
459	461	-5	
457	461	-2	
457	463	2	
456	463	-2	
400	404	4	
401	404	2	
401	407	4	
402	407	3	
402	405	3	
400	405	4	
448	452	3	
450	452	-6	
450	453	-3	
451	453	6	
451	455	-2	
448	455	-4	
344	348	2	
346	348	-3	
346	350	1	
345	350	-3	
345	349	5	
344	349	-4	
42	45	4	
43	45	2	
43	46	-3	
41	46	5	
41	47	-4	
42	47	-3	
81	84	-1	
83	84	5	
83	147	1	
147	151	-3	
145	151	5	
81	145	-1	
321	324	3	
322	324	-3	
322	327	5	
323	327	4	
323	326	-2	
321	326	-5	
72	76	3	
74	76	4	
74	79	-3	
73	79	-3	
73	78	-2	
72	78	-3	
89	92	-3	
91	92	3	
91	94	-4	
88	94	1	
88	93	2	
89	93	-5	
409	413	-4	
411	413	4	
411	414	3	
408	414	-4	
408	415	-3	
409	415	-4	
305	309	2	
309	317	-4	
312	317	1	
312	318	-4	
310	318	-1	
305	310	5	
120	124	2	
121	124	4	
121	126	4	
123	126	-1	
123	125	-3	
120	125	-5	
377	383	-4	
379	383	2	
379	443	-2	
443	447	3	
441	447	-3	
377	441	2	
353	357	-4	
357	365	-3	
361	365	-6	
361	367	-1	
359	367	3	
353	359	-3	
481	484	5	
484	492	-2	
488	492	-3	
488	495	-4	
487	495	3	
481	487	2	
216	221	-4	
221	229	2	
225	229	4	
225	231	-3	
223	231	2	
216	223	-3	
393	397	-5	
394	397	3	
394	398	-6	
392	398	-2	
392	399	5	
393	399	-2	
256	261	3	
257	261	4	
257	262	3	
258	262	-5	
258	263	2	
256	263	4	
242	244	-4	
243	244	-3	
243	246	-3	
240	246	3	
240	247	4	
242	247	1	
136	141	2	
141	149	1	
144	149	3	
144	150	4	
142	150	-2	
136	142	3	
200	205	2	
201	205	-2	
201	265	2	
265	271	3	
264	271	2	
200	264	2	
467	468	-4	
468	476	2	
475	476	5	
475	479	-3	
471	479	3	
467	471	4	
66	71	1	
67	71	-4	
67	131	-2	
131	134	-4	
130	134	-3	
66	130	-2	
155	158	3	
158	166	3	
163	166	4	
163	167	1	
159	167	2	
155	159	-5	
176	182	-3	
182	190	5	
185	190	3	
185	191	-2	
183	191	-3	
176	183	5	
104	109	-4	
109	117	1	
112	117	1	
112	118	-4	
110	118	-1	
104	110	4	
27	28	3	
28	36	2	
34	36	3	
34	37	2	
29	37	-1	
27	29	3	
0	4	-3	
3	4	3	
3	6	3	
2	6	4	
2	5	3	
0	5	-3	
433	438	-4	
434	438	-4	
434	498	-2	
498	503	-4	
497	503	4	
433	497	-3	
376	382	4	
378	382	4	
378	442	-3	
442	446	-4	
440	446	-2	
376	440	1	
353	356	2	
354	356	3	
354	418	-2	
418	420	3	
417	420	-3	
353	417	-2	
506	508	-3	
507	508	-4	
507	511	-4	
505	511	-5	
505	510	-5	
506	510	5	
290	294	-1	
294	302	3	
296	302	-4	
296	303	-2	
295	303	-1	
290	295	-2	
75	77	3	
77	85	-2	
80	85	1	
80	86	-5	
78	86	1	
75	78	-4	
137	141	-4	
139	141	-4	
139	143	-4	
138	143	2	
138	142	4	
137	142	3	
266	269	2	
269	277	-3	
274	277	4	
274	278	3	
270	278	-4	
266	270	-2	
408	412	3	
410	412	-1	
410	474	3	
474	476	3	
472	476	-2	
408	472	-3	
88	95	-3	
90	95	3	
90	154	2	
154	156	-3	
152	156	3	
88	152	-2	
184	191	5	
187	191	-1	
187	251	-1	
251	252	-3	
248	252	-4	
184	248	-1	
33	39	3	
35	39	-2	
35	99	-5	
99	102	-2	
97	102	-3	
33	97	-3	
144	148	2	
146	148	4	
146	210	3	
210	214	4	
208	214	3	
144	208	-3	
449	454	-3	
454	462	-3	
458	462	2	
458	463	4	
455	463	-3	
449	455	3	
168	172	-3	
169	172	6	
169	233	3	
233	239	4	
232	239	-3	
168	232	-1	
217	222	-2	
218	222	3	
218	282	-2	
282	286	4	
281	286	-4	
217	281	3	
362	364	-3	
363	364	-3	
363	427	-2	
427	430	2	
426	430	2	
362	426	2	
256	260	-5	
259	260	-5	
259	323	3	
323	325	-4	
320	325	-4	
256	320	-2	
337	342	-3	
339	342	-3	
339	403	-1	
403	406	5	
401	406	-3	
337	401	-4	
491	493	6	
493	501	2	
499	501	-5	
499	502	5	
494	502	2	
491	494	-3	
368	374	1	
371	374	3	
371	435	3	
435	439	-1	
432	439	4	
368	432	3	
48	53	-1	
53	61	2	
59	61	2	
59	62	4	
54	62	2	
48	54	3	
17	22	4	
18	22	2	
18	82	3	
82	87	3	
81	87	-3	
17	81	4	
241	245	3	
242	245	-4	
242	306	-3	
306	310	2	
241	305	-2	
114	117	-4	
115	117	4	
115	179	3	
179	180	4	
178	180	5	
114	178	4	
40	44	-4	
42	44	2	
42	106	1	
106	109	-3	
40	104	4	
129	133	5	
130	133	4	
130	194	-3	
194	199	-3	
193	199	4	
129	193	3	
226	230	-4	
227	230	3	
227	291	-1	
291	293	1	
290	293	-4	
226	290	2	
417	422	-3	
418	422	4	
418	482	4	
482	486	-3	
481	486	-3	
417	481	3	
313	317	-3	
315	317	-3	
315	379	-4	
379	380	4	
377	380	-1	
313	377	-4	
386	388	2	
388	396	-4	
392	396	-4	
391	399	5	
386	391	-3	
1	4	-4	
4	12	-1	
10	12	-2	
10	13	4	
5	13	-1	
1	5	-3	
160	165	4	
162	167	-5	
161	167	-3	
161	166	-3	
160	166	-2	
346	351	3	
347	351	4	
347	411	1	
411	415	1	
410	415	-2	
346	410	2	
464	468	-2	
466	468	-3	
466	470	2	
465	470	-3	
465	469	2	
200	204	-3	
201	204	-2	
201	207	-3	
203	206	2	
200	206	4	
432	436	-4	
436	444	-3	
440	444	-4	
440	445	-3	
437	445	-1	
432	437	2	
264	268	-4	
267	331	-4	
331	333	4	
328	333	3	
264	328	2	
24	28	3	
26	28	-1	
25	31	-3	
25	30	3	
24	30	-2	
113	118	2	
118	126	4	
121	127	3	
119	127	3	
113	119	-5	
64	68	-3	
65	68	3	
65	71	-3	
67	70	3	
64	70	2	
224	231	-2	
225	289	-3	
289	295	-3	
288	295	-2	
224	288	2	
43	107	3	
107	110	-2	
105	110	-3	
41	105	2	
306	308	2	
304	311	-2	
304	309	-4	
306	309	-3	
424	430	2	
425	430	-4	
489	495	3	
424	488	-4	
128	135	4	
131	135	3	
131	195	-2	
195	199	-2	
192	199	4	
128	192	-2	
171	172	3	
169	175	-1	
123	187	-2	
187	190	3	
184	190	-4	
120	184	-1	
243	245	-4	
245	253	-2	
250	254	-1	
246	254	-2	
218	220	-2	
227	228	-2	
227	229	-4	
218	221	-4	
8	13	3	
13	21	-2	
17	21	4	
14	22	-1	
8	14	-3	
339	340	-3	
340	348	4	
344	350	4	
342	350	-2	
90	93	-2	
93	101	-4	
98	102	-4	
94	102	-2	
90	94	-3	
48	55	4	
51	115	-2	
115	116	-2	
112	116	2	
48	112	-4	
233	237	3	
234	298	-1	
298	301	4	
233	297	-1	
451	454	3	
448	454	-4	
320	326	-2	
321	385	2	
320	384	-1	
441	446	-2	
442	506	-1	
441	505	-1	
202	205	4	
205	213	2	
209	213	3	
209	214	2	
206	214	-1	
202	206	2	
58	60	-3	
58	62	3	
56	62	-4	
56	63	3	
472	477	-4	
477	485	-2	
483	486	-2	
478	486	2	
472	478	2	
457	460	4	
457	462	2	
459	462	-5	
456	461	-4	
497	500	3	
499	500	1	
498	502	4	
258	260	3	
259	262	4	
258	261	3	
355	356	-3	
356	364	-2	
362	367	5	
355	359	2	
274	276	-1	
275	277	-1	
272	277	-4	
274	279	-2	
146	150	5	
147	150	-1	
147	211	3	
211	215	-1	
210	215	-3	
403	404	-3	
402	406	-2	
400	407	3	
281	284	3	
283	284	3	
280	287	4	
281	287	-1	
240	244	4	
244	252	-2	
248	255	4	
247	255	2	
371	372	3	
372	380	-2	
378	380	4	
378	383	2	
375	383	-3	
371	375	-4	
25	29	-3	
27	91	-3	
91	95	2	
89	95	-2	
25	89	1	
74	138	4	
136	143	-4	
72	136	4	
153	158	-3	
155	219	3	
219	223	3	
217	223	-4	
153	217	-3	
80	84	4	
83	85	-4	
82	85	5	
82	86	-2	
32	36	-2	
33	36	-4	
33	37	4	
34	38	-5	
329	333	2	
333	341	-2	
338	343	2	
335	343	-2	
178	181	1	
178	182	-2	
177	183	2	
145	149	-3	
149	157	-4	
152	157	3	
152	159	-2	
151	159	2	
313	316	3	
315	316	-4	
315	319	3	
312	319	3	
313	318	-3	
97	100	-2	
100	108	-2	
106	108	-3	
106	111	-3	
103	111	-2	
97	103	3	
369	373	-5	
370	434	2	
369	433	2	
11	15	-5	
11	75	-2	
75	79	-2	
9	73	-1	
409	412	2	
412	420	3	
416	420	1	
416	422	4	
414	422	-3	
409	414	1	
44	52	-3	
50	53	2	
45	53	3	
40	45	-3	
443	445	2	
443	507	-1	
507	509	3	
440	504	1	
386	390	-3	
390	398	2	
394	399	2	
482	484	3	
491	492	-4	
485	493	-1	
482	485	3	
0	6	-4	
2	66	2	
66	69	-2	
0	64	2	
297	303	4	
299	303	-2	
299	363	-2	
363	365	-2	
297	361	-2	
349	357	-1	
354	357	2	
354	359	2	
351	359	-2	
345	351	-2	
419	420	-2	
420	428	-2	
424	428	-5	
424	429	-3	
421	429	-2	
324	332	4	
330	332	4	
327	335	2	
289	292	3	
292	300	3	
296	300	-4	
289	294	-1	
467	470	1	
474	478	3	
474	479	3	
161	164	2	
163	164	5	
161	165	3	
16	20	-4	
19	22	-4	
18	23	3	
185	188	3	
187	188	4	
187	189	-3	
186	191	3	
193	196	-3	
194	196	4	
192	198	-4	
193	197	-4	
393	396	3	
396	404	2	
402	404	2	
397	405	-4	
267	271	4	
331	334	3	
329	334	-3	
265	329	-4	
226	228	-2	
228	236	2	
235	239	-2	
231	239	-3	
226	231	3	
131	132	3	
411	475	-3	
473	476	1	
409	473	-3	
480	486	4	
486	494	2	
490	495	-3	
480	487	-4	
347	348	3	
348	356	-2	
352	356	2	
350	358	1	
347	350	3	
3	5	-4	
3	67	2	
65	70	2	
1	65	-2	
370	374	-3	
374	382	-3	
376	383	3	
370	375	2	
442	444	1	
442	447	2	
439	447	-3	
265	269	-2	
273	277	-4	
273	278	-2	
265	270	2	
73	77	2	
75	139	-2	
73	137	4	
113	116	3	
116	124	4	
123	124	2	
123	127	-4	
148	156	-2	
154	158	-1	
150	158	2	
503	511	2	
496	503	-2	
88	92	-3	
24	88	3	
212	220	3	
216	220	1	
213	221	-3	
233	238	3	
238	246	1	
241	246	4	
241	247	4	
239	247	-1	
40	47	2	
43	47	2	
304	308	4	
314	317	3	
32	96	-4	
257	263	5	
258	322	-1	
322	325	-1	
321	325	-3	
257	321	2	
465	468	5	
466	471	4	
466	469	4	
49	53	3	
285	293	2	
288	293	4	
288	294	-3	
286	294	3	
283	286	-3	
173	181	-2	
179	181	1	
179	182	-2	
174	182	1	
339	341	3	
339	343	3	
336	342	-4	
338	342	-2	
426	428	2	
202	204	-2	
200	207	2	
201	206	-4	
384	391	-2	
74	77	3	
83	87	-2	
79	87	-2	
12	20	1	
17	20	-3	
186	190	1	
186	250	2	
185	249	2	
128	134	4	
134	142	-1	
137	143	2	
135	143	1	
66	68	4	
68	76	-3	
70	78	4	
66	70	-3	
410	413	3	
413	421	-2	
410	414	3	
144	151	-2	
145	209	3	
235	237	2	
235	299	1	
232	296	-1	
284	292	-1	
291	295	4	
287	295	-2	
314	318	-4	
314	378	-1	
377	382	-3	
48	52	2	
52	60	1	
55	63	1	
268	276	2	
275	279	2	
271	279	3	
266	271	-1	
393	398	2	
394	458	2	
458	460	-2	
393	457	2	
81	86	3	
86	94	2	
89	94	-2	
87	95	2	
169	173	1	
170	173	2	
153	159	3	
96	101	-1	
98	162	2	
160	167	-3	
96	160	1	
433	437	-3	
435	499	1	
497	501	-2	
36	44	1	
37	45	1	
438	446	-1	
443	446	3	
434	439	2	
24	29	3	
24	31	3	
361	364	5	
363	367	-5	
362	365	2	
304	310	2	
305	369	-2	
304	368	2	
289	293	-2	
290	354	3	
289	353	2	
249	252	-3	
248	254	-3	
249	255	-3	
282	346	-1	
346	349	-4	
281	345	2	
506	509	-3	
504	511	-1	
337	340	-2	
400	406	2	
336	400	2	
107	109	2	
107	111	4	
243	307	1	
306	311	3	
387	389	1	
387	451	1	
449	453	2	
385	449	4	
154	157	4	
154	218	2	
216	222	-3	
152	216	2	
196	204	3	
203	204	-3	
203	205	3	
197	205	-1	
195	197	-3	
163	227	-3	
161	225	-2	
376	380	3	
312	376	3	
113	177	2	
112	176	1	
2	4	3	
1	6	-3	
9	12	3	
10	15	4	
10	14	-4	
427	431	3	
427	491	-2	
490	492	4	
480	484	-1	
481	485	-1	
483	487	3	
120	126	3	
404	412	1	
407	415	2	
403	407	-2	
474	477	-2	
475	478	2	
472	479	1	
261	269	2	
264	269	2	
264	270	2	
262	270	2	
38	46	-2	
39	47	2	
34	39	-4	
234	236	5	
230	238	2	
19	83	1	
16	80	-2	
489	493	-2	
498	501	-1	
355	419	-2	
352	416	-2	
210	274	2	
208	272	1	
97	101	-2	
95	103	2	
392	397	-1	
392	456	-2	
465	471	2	
296	301	3	
298	303	3	
299	302	-3	
347	349	1	
344	351	2	
368	372	3	
369	374	2	
51	53	-3	
147	149	2	
184	188	3	
185	189	-3	
451	452	2	
450	455	2	
441	444	-3	
443	444	-3	
442	445	3	
59	60	4	
59	63	2	
57	61	-2	
67	69	-2	
320	324	-3	
322	326	-3	
320	327	2	
138	141	3	
82	84	1	
84	92	2	
85	93	-2	
130	135	3	
32	37	-2	
35	37	4	
96	102	-2	
425	429	2	
263	271	-1	
498	500	-3	
499	503	2	
496	502	3	
121	125	-1	
117	125	3	
113	117	1	
226	229	-2	
290	292	-2	
72	79	-3	
8	72	-1	
394	396	3	
147	148	2	
458	461	2	
456	462	1	
250	252	-2	
250	314	1	
248	312	-1	
19	21	3	
176	181	-3	
177	241	-2	
176	240	2	
155	157	-1	
34	98	-2	
106	170	-1	
170	172	-2	
105	169	1	
165	173	2	
167	175	2	
281	285	-3	
301	309	-1	
303	311	2	
325	333	2	
330	333	1	
326	334	-2	
73	76	2	
338	402	1	
385	390	1	
448	453	2	
384	448	-3	
26	29	4	
26	90	-3	
90	92	-1	
43	44	-2	
104	111	-2	
232	238	-3	
504	510	-2	
419	422	2	
482	487	1	
343	351	1	
50	55	2	
50	114	-1	
114	118	1	
267	270	2	
331	335	2	
387	391	4	
25	28	-4	
27	30	2	
81	85	2	
80	87	2	
9	13	3	
441	445	-3	
430	438	4	
432	438	1	
431	439	-3	
282	285	1	
259	263	2	
403	467	2	
401	465	-2	
41	45	-1	
251	253	-3	
204	212	1	
210	212	-1	
207	215	2	
488	493	1	
307	310	3	
59	123	-2	
120	127	-2	
56	120	-1	
297	300	1	
298	362	-2	
131	133	2	
178	183	1	
179	183	3	
179	243	1	
178	242	-1	
266	330	2	
386	389	-3	
386	450	2	
449	452	2	
115	119	1	
49	113	-3	
217	221	2	
169	174	2	
171	235	-3	
479	487	-1	
473	479	3	
462	470	1	
464	471	2	
463	471	-1	
459	463	-2	
411	412	2	
160	164	2	
224	229	1	
160	224	-2	
433	436	1	
434	436	1	
92	100	2	
345	348	-2	
64	71	3	
210	213	-1	
209	273	1	
177	182	1	
139	203	-1	
136	200	1	
105	109	3	
106	110	3	
355	357	2	
352	357	2	
354	358	2	
403	405	-1	
398	406	2	
35	36	2	
35	38	-1	
506	511	2	
115	118	2	
162	166	1	
69	77	2	
344	408	1	
91	93	-1	
214	222	1	
211	214	3	
227	231	1	
425	428	1	
488	494	2	
440	447	-3	
76	84	1	
42	46	-2	
291	294	-3	
208	212	-2	
215	223	1	
483	484	-2	
145	148	-2	
146	149	-1	
172	180	-1	
175	183	-2	
259	261	-2	
364	372	-1	
365	373	1	
305	308	3	
11	13	-1	
49	52	-1	
51	54	-2	
138	202	1	
137	201	-1	
405	413	-1	
16	22	-2	
353	358	-1	
417	421	-1	
323	324	-1	
328	335	-2	
170	234	1	
312	316	-2	
225	228	-1	
489	492	1	
490	493	-2	
450	454	1	
505	508	2	
507	510	-2	
57	62	1	
260	268	1	
128	133	-3	
104	108	2	
107	108	3	
198	206	1	
467	469	-1	
89	153	1	
72	77	2	
71	79	-1	
229	237	-1	
267	269	-1	
139	142	1	
146	151	-1	
143	151	1	
434	437	-1	
99	103	1	
22	30	1	
27	31	1	
23	31	-2	
322	386	-1	
418	421	-1	
426	429	1	
41	44	2	
168	174	-1	
402	466	1	
331	332	-1	
243	247	2	
152	158	2	
293	301	1	
98	100	-1	
233	236	2	
101	109	-1	
102	110	-1	
433	439	-1	
57	121	-1	
20	28	1	
112	119	2	
216	280	-1	
163	165	1	
306	370	1	
384	388	2	
389	397	1	
91	155	-1	
154	159	-2	
274	338	2	
273	337	-1	
302	310	-1	
121	185	-1	
46	54	1	
129	135	-1	
67	68	-1	
313	319	1	
162	226	1	
307	371	1	
272	276	1	
275	339	-1	
272	336	2	
47	55	-1	
476	484	1	
475	477	1	
164	172	-1	
166	174	1	
505	509	1	
248	253	1	
241	244	1	
240	245	1	
234	239	1	
265	268	-1	
491	495	-1	
218	223	1	
75	76	1	
452	460	-1	
453	461	-1	
97	161	-1	
17	23	-1	
341	349	1	
130	132	1	
225	230	1	
155	156	-1	
199	207	-1	
40	46	1	
83	86	-1	
242	246	-1	
219	221	1	
280	344	1	
321	327	-1	
401	405	-1	
400	464	1	
Energy:	-2522	
