NumberOfQubits	504	
NumberOfSubgraphs	588	
Serial	399	
PlantedSolution:	
0	-1	
1	1	
2	-1	
3	-1	
4	1	
5	-1	
6	-1	
8	1	
9	1	
10	1	
11	-1	
12	1	
13	1	
14	-1	
15	-1	
16	1	
17	1	
18	1	
19	1	
20	-1	
21	-1	
22	-1	
23	1	
24	1	
25	1	
26	-1	
27	-1	
28	-1	
29	1	
30	-1	
31	-1	
32	-1	
33	1	
34	1	
35	-1	
36	1	
37	-1	
38	1	
39	1	
40	1	
41	1	
42	-1	
43	-1	
44	-1	
45	1	
46	1	
47	1	
48	1	
49	1	
50	-1	
51	-1	
52	1	
53	-1	
54	1	
55	-1	
56	-1	
57	1	
58	1	
59	1	
60	1	
61	1	
62	-1	
63	-1	
64	1	
65	1	
66	1	
67	-1	
68	-1	
69	1	
70	-1	
71	-1	
72	1	
73	-1	
74	-1	
75	1	
76	-1	
77	-1	
78	-1	
79	1	
80	-1	
81	-1	
82	1	
83	-1	
84	1	
85	1	
86	-1	
87	1	
88	1	
89	-1	
90	1	
91	1	
92	1	
93	-1	
94	-1	
95	-1	
96	-1	
97	1	
98	-1	
99	-1	
100	-1	
101	1	
102	-1	
103	-1	
104	-1	
105	-1	
106	1	
107	-1	
108	1	
109	1	
110	1	
111	1	
112	-1	
113	1	
114	-1	
115	-1	
116	-1	
117	1	
118	-1	
119	1	
120	-1	
121	1	
123	-1	
124	1	
125	1	
126	-1	
127	1	
128	1	
129	-1	
130	-1	
131	1	
132	-1	
133	1	
134	1	
135	-1	
136	1	
137	1	
138	1	
139	1	
141	-1	
142	-1	
143	1	
144	-1	
145	-1	
146	1	
147	-1	
148	1	
149	-1	
150	-1	
151	-1	
152	1	
153	1	
154	1	
155	-1	
156	1	
157	-1	
158	-1	
159	1	
160	-1	
161	-1	
162	-1	
163	-1	
164	1	
165	-1	
166	1	
167	-1	
168	-1	
169	-1	
170	1	
171	1	
172	-1	
173	1	
174	1	
175	-1	
176	-1	
177	-1	
178	-1	
179	-1	
180	-1	
181	-1	
182	1	
183	1	
184	-1	
185	-1	
186	-1	
187	1	
188	1	
189	-1	
190	1	
191	1	
192	-1	
193	-1	
194	1	
195	1	
196	-1	
197	-1	
198	1	
199	1	
200	-1	
201	1	
202	-1	
203	1	
204	1	
205	1	
206	-1	
207	-1	
208	-1	
209	-1	
210	-1	
211	-1	
212	-1	
213	1	
214	-1	
215	-1	
216	1	
217	-1	
218	1	
219	1	
220	-1	
221	-1	
222	1	
223	-1	
224	1	
225	-1	
226	-1	
227	1	
228	-1	
229	1	
230	1	
231	-1	
232	-1	
233	-1	
234	-1	
235	-1	
236	-1	
237	1	
238	-1	
239	1	
240	-1	
241	1	
242	-1	
243	1	
244	-1	
245	-1	
246	1	
247	-1	
248	-1	
249	-1	
250	1	
251	1	
252	1	
253	-1	
254	1	
255	-1	
256	-1	
257	-1	
258	-1	
259	1	
260	-1	
261	-1	
262	1	
263	1	
264	1	
265	-1	
266	-1	
267	1	
268	1	
269	1	
270	-1	
271	1	
272	1	
273	1	
274	-1	
275	-1	
276	-1	
277	1	
278	1	
279	-1	
280	1	
281	1	
282	1	
283	-1	
284	-1	
285	1	
286	1	
287	1	
288	1	
289	1	
290	1	
291	-1	
292	-1	
293	1	
294	1	
295	1	
296	-1	
297	-1	
298	1	
299	-1	
300	-1	
301	1	
302	1	
303	-1	
304	-1	
305	-1	
306	-1	
307	1	
308	1	
309	-1	
310	-1	
311	1	
312	1	
313	-1	
314	-1	
315	-1	
316	-1	
317	-1	
318	-1	
319	1	
320	-1	
321	-1	
322	1	
323	1	
324	1	
325	-1	
326	-1	
327	1	
328	-1	
329	1	
330	-1	
331	1	
332	-1	
333	1	
334	-1	
335	-1	
336	1	
337	-1	
338	1	
339	1	
340	1	
341	1	
342	-1	
343	1	
344	-1	
345	-1	
346	-1	
347	-1	
348	-1	
349	1	
350	-1	
351	-1	
352	-1	
353	1	
354	1	
355	-1	
356	1	
357	-1	
358	-1	
359	1	
361	1	
362	1	
363	-1	
364	-1	
365	1	
367	-1	
368	1	
369	1	
370	1	
371	-1	
372	-1	
373	-1	
374	-1	
375	1	
376	-1	
377	1	
378	1	
379	-1	
380	1	
382	1	
383	1	
384	-1	
385	-1	
386	-1	
387	1	
388	1	
389	1	
390	1	
391	1	
392	-1	
393	-1	
394	1	
396	1	
397	1	
398	-1	
399	1	
400	1	
401	1	
402	1	
403	-1	
404	1	
405	-1	
406	-1	
407	-1	
408	-1	
409	-1	
410	1	
411	-1	
412	1	
413	1	
414	1	
415	1	
416	1	
417	-1	
418	1	
419	-1	
420	1	
421	-1	
422	1	
424	-1	
425	-1	
426	-1	
427	-1	
428	1	
429	1	
430	-1	
431	-1	
432	1	
433	1	
434	-1	
435	-1	
436	1	
437	1	
438	-1	
439	-1	
440	-1	
441	1	
442	1	
443	-1	
444	-1	
445	-1	
446	1	
447	-1	
448	1	
449	-1	
450	1	
451	1	
452	1	
453	-1	
454	-1	
455	1	
456	-1	
457	-1	
458	-1	
459	-1	
460	-1	
461	-1	
462	1	
463	1	
464	-1	
465	1	
466	-1	
467	-1	
468	-1	
469	-1	
470	-1	
471	1	
472	1	
473	-1	
474	-1	
475	1	
476	1	
477	1	
478	1	
479	-1	
480	1	
481	1	
482	1	
483	-1	
484	-1	
485	1	
486	-1	
487	1	
488	1	
489	-1	
490	1	
491	1	
492	1	
493	1	
494	-1	
495	-1	
496	-1	
497	1	
498	1	
499	1	
500	-1	
501	-1	
502	1	
503	1	
504	1	
505	1	
506	1	
507	1	
508	-1	
509	-1	
510	-1	
511	-1	
Js:	
16	21	3	
21	29	-1	
25	29	-4	
25	30	4	
22	30	-2	
16	22	3	
0	4	3	
3	4	4	
3	6	-4	
1	6	3	
1	5	5	
0	5	-6	
154	156	-3	
155	156	3	
155	158	-3	
153	158	-2	
153	157	4	
154	157	1	
232	236	-4	
236	244	2	
243	244	4	
243	246	-4	
238	246	2	
232	238	-5	
482	484	3	
483	484	-4	
483	486	-3	
481	486	4	
481	487	-3	
482	487	-3	
82	85	-1	
83	85	3	
83	86	-3	
81	86	-2	
81	87	3	
82	87	2	
112	117	4	
117	125	-5	
123	125	-6	
123	126	-2	
118	126	-3	
112	118	-2	
170	173	-4	
173	181	-2	
178	181	-2	
178	183	4	
175	183	1	
170	175	3	
184	188	2	
186	188	5	
186	191	5	
187	191	-2	
187	190	-5	
184	190	4	
387	388	5	
388	396	-3	
392	396	2	
392	398	-3	
390	398	4	
387	390	-3	
330	332	-3	
332	340	2	
336	340	-4	
336	342	2	
334	342	-2	
330	334	-4	
66	70	-4	
70	78	-3	
73	78	-6	
73	79	5	
71	79	2	
66	71	5	
40	44	2	
41	44	4	
41	105	2	
105	110	2	
104	110	4	
40	104	-2	
353	359	-3	
355	359	-3	
355	419	-4	
419	420	5	
417	420	4	
353	417	1	
290	294	3	
294	302	-3	
296	302	3	
296	303	-4	
295	303	4	
290	295	-3	
457	461	-2	
461	469	3	
465	469	3	
465	470	5	
462	470	1	
457	462	3	
305	309	-4	
309	317	-2	
313	317	-2	
313	318	-3	
310	318	3	
305	310	-4	
490	492	2	
492	500	3	
498	500	5	
498	501	5	
493	501	2	
490	493	-3	
410	412	-4	
411	412	3	
411	415	5	
408	415	5	
408	413	2	
410	413	-4	
209	213	-3	
213	221	3	
218	221	3	
218	222	-4	
214	222	2	
209	214	-1	
113	116	3	
115	116	-4	
115	179	1	
179	182	3	
177	182	1	
113	177	1	
368	372	5	
370	372	4	
370	434	2	
434	436	3	
432	436	-4	
368	432	-2	
225	228	-2	
226	228	-3	
226	229	3	
227	229	-3	
227	230	-3	
225	230	-2	
424	428	3	
427	428	5	
427	430	1	
426	430	-6	
426	429	1	
424	429	4	
192	196	-4	
196	204	2	
200	204	4	
200	205	3	
197	205	-3	
192	197	-3	
448	452	-4	
451	452	-2	
451	455	-4	
450	455	-3	
450	453	3	
448	453	3	
208	212	-3	
211	212	-2	
211	275	-3	
275	277	4	
272	277	-2	
208	272	-3	
51	54	3	
54	62	3	
57	62	4	
57	63	-4	
55	63	-2	
51	55	-3	
282	284	3	
283	284	-2	
283	285	3	
280	285	-2	
280	287	4	
282	287	-4	
352	358	-3	
354	358	2	
354	418	-2	
418	422	-5	
416	422	-3	
352	416	-3	
472	477	-2	
474	477	3	
474	478	2	
475	478	-5	
475	479	-3	
472	479	3	
320	326	-4	
322	326	3	
322	386	3	
386	389	5	
384	389	4	
320	384	-3	
440	444	-5	
441	444	-2	
441	446	-4	
443	446	5	
443	445	-3	
440	445	-5	
402	407	3	
403	407	-3	
403	467	2	
467	468	-2	
466	468	-4	
402	466	2	
128	133	-3	
133	141	2	
139	141	-5	
139	142	3	
134	142	3	
128	134	-2	
160	164	3	
162	164	2	
162	167	-3	
163	167	-2	
163	165	-3	
160	165	2	
346	348	-3	
347	348	-2	
347	351	-4	
344	351	4	
344	349	3	
346	349	3	
194	198	-1	
195	198	-4	
195	259	-3	
259	262	-5	
258	262	5	
194	258	-2	
96	100	-2	
97	100	4	
97	103	-3	
98	103	-2	
98	101	4	
96	101	2	
250	252	5	
251	252	-3	
251	253	3	
248	253	-5	
248	254	4	
250	254	-3	
312	316	2	
315	316	-4	
315	379	-6	
379	380	4	
376	380	3	
312	376	-2	
265	270	-5	
270	278	2	
274	278	3	
274	279	-3	
271	279	3	
265	271	-4	
144	148	4	
146	148	-3	
146	149	4	
147	149	-4	
147	151	1	
144	151	-5	
89	92	2	
90	92	-2	
90	93	-3	
88	93	3	
88	94	2	
89	94	-4	
297	300	-2	
299	300	-3	
299	363	-4	
363	364	4	
361	364	4	
297	361	2	
499	502	2	
502	510	2	
506	510	5	
506	511	2	
503	511	3	
499	503	-5	
33	37	4	
37	45	-3	
42	45	3	
42	46	3	
38	46	-2	
33	38	-2	
9	12	-3	
11	12	4	
11	15	-4	
10	15	3	
10	14	3	
9	14	3	
321	325	-4	
325	333	4	
329	333	-5	
329	335	3	
327	335	4	
321	327	-2	
65	68	3	
67	68	4	
67	131	2	
131	135	3	
129	135	-2	
65	129	3	
256	260	-3	
260	268	5	
264	268	-3	
264	269	-5	
261	269	4	
256	261	3	
240	245	-3	
242	245	-3	
242	306	1	
306	311	6	
304	311	2	
240	304	-3	
19	20	2	
20	28	-2	
24	28	3	
24	31	4	
23	31	-1	
19	23	-5	
50	52	3	
52	60	1	
58	60	-6	
58	61	-5	
53	61	2	
50	53	-5	
371	374	-3	
374	382	-2	
377	382	-4	
377	383	-4	
375	383	-2	
371	375	3	
137	143	-4	
138	143	-4	
138	202	3	
202	206	-4	
201	206	-2	
137	201	-4	
169	172	-4	
171	172	5	
171	235	3	
235	239	-2	
233	239	4	
169	233	-3	
488	492	-4	
491	492	4	
491	494	3	
489	494	-3	
489	495	-5	
488	495	3	
393	397	5	
394	397	-3	
394	458	2	
458	463	3	
457	463	3	
393	457	-4	
288	292	-4	
289	292	3	
289	293	-5	
291	293	4	
291	294	3	
288	294	-3	
105	108	4	
106	108	-3	
106	111	-6	
107	111	2	
107	109	2	
105	109	2	
75	76	3	
76	84	1	
80	84	3	
80	85	3	
77	85	-2	
75	77	5	
337	343	-3	
338	343	-4	
338	402	-3	
402	404	-3	
401	404	-2	
337	401	3	
32	36	3	
34	36	-2	
34	39	-4	
35	39	3	
35	37	-3	
32	37	1	
216	220	4	
220	228	2	
224	228	3	
224	231	3	
223	231	-3	
216	223	3	
425	429	-3	
429	437	-2	
435	437	2	
435	439	-4	
431	439	-4	
425	431	-2	
504	508	4	
507	508	4	
507	511	4	
505	511	4	
505	509	4	
504	509	-4	
120	124	5	
121	124	-3	
121	185	-2	
185	189	-3	
184	189	-3	
120	184	-2	
400	405	2	
405	413	3	
409	413	3	
409	414	-3	
406	414	5	
400	406	3	
362	365	-2	
365	373	3	
369	373	5	
369	375	3	
367	375	3	
362	367	4	
8	13	-2	
10	13	-3	
10	74	3	
74	79	3	
72	79	2	
8	72	-5	
298	300	4	
300	308	2	
307	308	-3	
307	309	4	
301	309	2	
298	301	-3	
168	172	2	
172	180	-1	
176	180	-4	
176	182	3	
174	182	-2	
168	174	4	
202	207	-4	
203	207	4	
203	267	-1	
267	270	3	
266	270	-2	
202	266	1	
217	220	-5	
219	220	3	
219	283	2	
283	286	4	
281	286	-3	
217	281	2	
64	69	-4	
66	69	-2	
66	130	1	
130	132	-4	
128	132	-3	
64	128	-2	
26	29	-5	
27	29	2	
27	91	3	
91	95	2	
90	95	3	
26	90	3	
257	263	3	
259	263	-2	
259	323	-2	
323	324	-3	
321	324	4	
257	321	-2	
456	460	-3	
460	468	-2	
464	468	-3	
464	471	4	
463	471	-2	
456	463	4	
241	244	4	
244	252	1	
249	252	4	
249	255	-3	
247	255	1	
241	247	3	
339	341	-6	
341	349	-3	
345	349	3	
345	350	-4	
342	350	-3	
339	342	2	
145	150	-5	
146	150	4	
146	210	3	
210	215	2	
209	215	-4	
145	209	-3	
473	476	3	
476	484	-2	
480	484	2	
480	485	-5	
477	485	-2	
473	477	4	
385	391	3	
387	391	-3	
387	451	-2	
451	454	5	
449	454	3	
385	449	-3	
152	158	-2	
158	166	3	
161	166	2	
161	167	-2	
159	167	2	
152	159	-3	
432	438	-2	
433	438	2	
433	497	-3	
497	503	-3	
496	503	3	
432	496	2	
378	382	-4	
378	442	-1	
442	447	-4	
441	447	3	
377	441	-2	
43	46	3	
46	54	-1	
49	54	-4	
49	55	-2	
47	55	2	
43	47	3	
114	117	4	
123	127	6	
119	127	-4	
114	119	4	
314	317	-4	
314	319	-2	
315	319	1	
315	318	-2	
233	237	-2	
234	237	7	
234	238	-1	
232	239	1	
328	332	3	
331	332	4	
331	334	2	
330	335	-2	
328	335	-3	
272	276	2	
273	276	4	
273	337	-1	
337	340	4	
272	336	-1	
17	20	3	
18	20	-3	
18	21	2	
19	21	5	
17	23	-4	
193	196	-3	
195	196	3	
195	199	-4	
194	199	-5	
194	197	3	
193	197	-3	
99	100	-2	
99	103	-4	
96	103	-3	
96	102	-3	
97	102	-1	
352	356	4	
353	356	-5	
355	357	-2	
352	357	-1	
57	60	-2	
59	60	-6	
59	63	4	
56	63	-3	
56	61	-4	
57	61	-3	
136	141	7	
137	141	-1	
137	142	4	
139	143	-3	
136	143	-3	
386	390	3	
392	399	2	
391	399	-4	
386	391	3	
416	420	-4	
417	422	4	
418	421	-4	
416	421	2	
453	461	-3	
459	461	-3	
459	462	5	
454	462	3	
450	454	2	
48	52	1	
51	52	5	
51	115	-2	
115	119	2	
112	119	3	
48	112	3	
2	5	-2	
5	13	2	
9	13	-5	
6	14	-1	
2	6	5	
152	156	-3	
155	157	-5	
153	159	-3	
371	372	-2	
371	373	-3	
369	374	-3	
368	374	4	
217	222	2	
218	282	-1	
282	285	-3	
281	285	3	
129	132	-3	
131	132	2	
131	134	-4	
130	134	3	
130	133	-2	
129	133	4	
464	469	-2	
465	471	-2	
467	471	3	
467	470	-4	
464	470	3	
81	84	4	
83	84	1	
83	147	-3	
147	148	3	
145	148	-3	
81	145	-1	
275	276	-2	
275	278	2	
274	277	4	
273	277	-3	
345	348	-4	
346	410	2	
409	412	5	
345	409	1	
363	367	-2	
363	427	-1	
426	428	-1	
362	426	2	
104	108	2	
107	108	3	
106	109	1	
104	111	2	
160	166	5	
163	166	2	
163	227	3	
224	229	-3	
160	224	-1	
489	493	2	
490	494	6	
488	494	-1	
177	180	-5	
178	180	-1	
178	242	-2	
241	245	-2	
177	241	3	
296	301	-2	
298	302	-3	
297	302	3	
297	303	-3	
185	188	4	
187	188	-2	
186	190	2	
185	191	3	
443	447	-3	
442	446	-3	
440	446	1	
497	500	4	
499	500	2	
499	501	3	
498	502	2	
497	502	-3	
28	36	-1	
35	36	4	
31	39	2	
257	260	-4	
257	261	4	
478	486	2	
483	487	3	
479	487	2	
394	396	-3	
396	404	-3	
400	404	-5	
400	407	2	
399	407	-1	
394	399	-4	
169	173	2	
171	175	-3	
171	174	-2	
169	174	4	
306	308	3	
308	316	-1	
312	319	-4	
311	319	-2	
203	205	2	
205	213	-2	
208	213	1	
208	214	-4	
206	214	-3	
203	206	2	
320	324	2	
322	324	3	
323	326	3	
323	327	-1	
320	327	3	
290	292	3	
291	292	-2	
291	295	-4	
289	295	-2	
290	293	-2	
67	71	-3	
64	71	2	
65	69	-2	
88	92	-4	
91	92	-3	
91	94	-3	
89	93	-3	
424	430	2	
430	438	-2	
435	438	-4	
424	431	-3	
240	247	5	
243	247	1	
243	307	-1	
307	310	2	
304	310	-3	
42	44	-4	
42	47	-1	
41	47	-4	
41	45	-3	
40	45	-2	
347	411	-3	
344	408	-2	
204	212	-2	
211	215	-3	
207	215	-3	
200	207	-3	
506	508	4	
505	510	3	
251	255	5	
249	254	4	
8	15	3	
11	75	-1	
72	76	4	
49	53	3	
50	114	-3	
114	118	-1	
113	118	4	
49	113	2	
161	165	-2	
162	165	-4	
162	226	-1	
226	231	4	
225	231	-2	
161	225	-3	
18	22	3	
18	82	-4	
82	86	4	
80	86	2	
16	80	4	
384	388	2	
385	388	4	
449	455	-3	
448	455	-3	
384	448	3	
354	356	-2	
356	364	2	
361	365	-4	
357	365	2	
354	357	4	
267	271	-3	
267	331	-4	
331	333	-3	
265	329	2	
219	223	2	
283	287	3	
216	280	-1	
32	38	4	
34	38	-4	
34	98	3	
98	102	-4	
32	96	-4	
192	199	2	
258	263	3	
256	263	4	
192	256	-1	
378	380	-3	
379	383	2	
376	383	4	
376	382	-2	
123	124	2	
121	126	4	
121	127	2	
120	127	2	
337	341	-2	
339	403	4	
403	405	-4	
401	405	4	
233	236	-4	
235	236	-2	
235	237	-3	
234	239	3	
141	149	-1	
144	149	-2	
143	151	-1	
73	77	1	
74	77	-2	
75	79	-2	
75	78	3	
474	476	3	
472	478	-3	
473	478	-2	
176	181	-4	
177	181	1	
177	183	3	
179	183	2	
435	436	3	
433	437	-5	
434	437	3	
59	62	2	
56	62	-5	
2	4	4	
3	67	-3	
67	70	-1	
2	66	3	
458	460	-3	
459	460	3	
456	462	1	
482	485	-3	
480	486	3	
26	31	-3	
27	31	-1	
27	30	-4	
99	101	2	
101	109	4	
104	109	4	
102	110	3	
99	102	-3	
193	198	5	
257	262	1	
193	257	2	
328	334	-2	
329	334	-2	
329	393	2	
392	397	3	
328	392	-2	
420	428	-2	
425	428	3	
421	429	2	
419	421	-4	
338	342	-4	
347	350	-2	
343	351	2	
281	284	3	
284	292	-2	
286	294	-1	
386	450	-2	
450	452	-2	
186	189	-2	
187	189	3	
187	251	-2	
186	250	2	
33	36	-3	
36	44	1	
43	44	-2	
43	45	3	
12	20	2	
17	22	4	
14	22	2	
11	14	-3	
1	4	-4	
0	6	-3	
85	93	3	
89	95	-3	
87	95	4	
83	87	4	
156	164	-2	
154	158	2	
266	268	-1	
268	276	1	
275	279	-3	
266	271	2	
210	213	2	
219	221	4	
219	222	2	
210	214	-2	
240	246	2	
241	246	-1	
241	305	-1	
304	309	-2	
48	55	-3	
50	55	-2	
114	116	-2	
112	116	-2	
403	406	1	
411	414	2	
407	415	3	
496	501	2	
501	509	-3	
507	509	2	
507	510	2	
496	502	5	
138	142	4	
228	236	-2	
230	238	2	
224	230	-2	
130	135	-3	
322	325	2	
323	325	-3	
322	327	-2	
313	316	-3	
314	316	-2	
314	318	-2	
312	318	4	
313	319	3	
293	301	-1	
299	301	4	
299	303	-2	
465	468	2	
466	471	-2	
355	358	-4	
144	150	-1	
210	212	-2	
144	208	1	
443	444	-3	
441	445	2	
171	173	-1	
168	175	-3	
170	174	-2	
370	373	1	
368	375	-2	
495	503	1	
491	495	2	
408	412	1	
410	474	2	
472	476	-2	
408	472	-2	
273	278	-2	
273	279	3	
272	279	3	
339	340	1	
340	348	2	
57	121	-1	
56	120	-1	
84	92	-3	
88	95	2	
98	100	3	
100	108	3	
103	111	2	
161	164	-3	
163	164	4	
227	231	2	
315	317	-3	
314	378	-4	
9	73	1	
72	78	-2	
266	269	3	
266	330	-3	
264	328	3	
49	52	-3	
48	54	-4	
48	53	3	
449	452	3	
452	460	3	
458	461	-3	
449	453	-2	
361	367	3	
359	367	-2	
427	431	2	
427	491	3	
491	493	-2	
488	493	-4	
424	488	2	
201	204	-3	
201	205	-3	
179	243	-2	
242	244	-3	
433	436	-2	
434	439	-2	
432	439	2	
432	437	2	
152	157	2	
153	217	2	
152	216	2	
249	253	-3	
250	255	3	
305	308	-2	
302	310	2	
401	406	1	
393	396	1	
393	398	-1	
385	390	-1	
307	311	2	
307	371	2	
370	374	2	
306	370	2	
40	46	-4	
40	47	-2	
39	47	-2	
32	39	-2	
324	332	2	
280	286	-3	
282	286	1	
282	346	2	
346	350	-2	
344	350	-2	
280	344	2	
90	94	3	
91	155	1	
155	159	1	
154	159	-3	
90	154	-2	
16	23	-2	
18	23	-2	
336	343	-3	
336	400	2	
180	188	-1	
181	189	-3	
417	481	2	
481	485	-3	
416	480	2	
64	68	-2	
68	76	-2	
74	76	-4	
69	77	3	
387	389	1	
389	397	-3	
425	430	-3	
426	490	-1	
425	489	-2	
147	150	-2	
147	211	1	
505	508	2	
504	510	-2	
504	511	3	
26	28	-2	
27	28	-4	
259	261	1	
115	118	3	
115	117	2	
221	229	2	
218	223	4	
107	110	2	
107	171	-2	
105	169	-3	
35	99	-3	
97	101	-2	
33	97	-4	
139	203	-3	
136	200	2	
237	245	2	
239	247	4	
469	477	-2	
473	479	-3	
471	479	1	
135	143	1	
128	135	-3	
165	173	2	
168	173	3	
167	175	-2	
376	440	-1	
1	65	2	
65	70	2	
64	70	2	
0	64	2	
288	293	-2	
289	353	1	
353	358	2	
288	352	1	
10	12	2	
13	21	2	
297	301	-2	
363	365	3	
455	463	1	
192	198	-3	
265	268	2	
267	268	-2	
267	269	1	
58	63	-1	
58	62	2	
184	191	-2	
146	151	-1	
482	486	-3	
121	125	-2	
120	126	-3	
443	507	2	
442	506	-2	
227	228	-2	
235	238	-3	
15	23	2	
354	359	-4	
466	469	-3	
456	461	-2	
65	71	2	
24	30	2	
30	38	-1	
320	325	-1	
256	320	1	
242	246	3	
243	245	2	
113	119	-2	
475	476	-3	
474	479	2	
402	406	2	
398	406	2	
162	166	2	
217	223	2	
372	380	2	
377	380	-2	
304	308	3	
305	311	2	
336	341	-2	
346	351	-2	
248	252	-1	
249	313	-1	
248	312	1	
489	492	2	
490	495	2	
264	270	1	
408	414	-2	
74	78	-1	
178	182	3	
182	190	-2	
183	191	2	
82	84	-2	
86	94	2	
378	383	-2	
274	276	3	
426	431	-3	
434	438	-3	
211	213	3	
201	207	-2	
401	465	-2	
225	229	3	
225	289	2	
224	288	-4	
131	133	-3	
129	134	2	
153	156	-2	
108	116	1	
109	117	1	
451	453	1	
81	85	2	
417	421	-3	
418	482	-2	
481	484	2	
43	107	-3	
170	234	2	
202	204	1	
326	334	-2	
338	340	-1	
362	364	4	
298	362	-2	
371	435	-1	
433	439	1	
369	433	1	
384	391	-1	
24	88	-3	
150	158	-2	
151	159	-2	
145	151	-2	
179	180	-2	
179	181	-2	
176	183	2	
193	199	1	
8	12	-2	
258	260	-1	
263	271	-2	
34	37	3	
3	5	1	
19	83	2	
276	284	-2	
280	284	2	
278	286	2	
272	278	-3	
168	232	-2	
442	444	-2	
497	501	-1	
216	222	-3	
222	230	-1	
226	230	2	
458	462	-3	
459	463	1	
106	110	-2	
110	118	-1	
111	119	-1	
203	204	-2	
400	464	2	
312	317	1	
330	333	2	
427	429	-2	
483	485	2	
475	477	-1	
209	212	-2	
44	52	-1	
285	293	-2	
287	295	-1	
370	375	1	
258	261	-2	
160	167	-3	
353	357	-2	
352	359	2	
339	343	-1	
401	407	2	
25	28	2	
26	30	1	
25	31	1	
233	297	-2	
296	300	1	
232	296	-2	
457	460	-2	
392	456	2	
74	138	1	
73	137	-1	
413	421	1	
414	422	1	
410	414	-1	
42	106	-1	
226	290	3	
67	69	1	
434	498	-1	
80	87	-1	
80	144	-1	
441	505	-1	
283	347	-2	
281	345	2	
361	425	-1	
466	470	-1	
210	274	1	
155	219	1	
216	221	1	
200	206	-2	
306	309	-2	
9	15	2	
91	93	2	
245	253	2	
246	254	-2	
323	387	-2	
208	215	-2	
209	273	1	
349	357	-1	
350	358	-1	
265	269	1	
262	270	1	
256	262	2	
154	218	1	
394	398	2	
227	291	1	
289	294	1	
17	81	2	
385	389	1	
321	385	-2	
428	436	-2	
409	473	-2	
120	125	1	
328	333	-1	
393	399	3	
235	299	-1	
234	298	1	
24	29	-2	
281	287	-1	
251	254	-1	
41	46	1	
442	445	2	
440	447	1	
148	156	-1	
105	111	-1	
106	170	-1	
170	172	2	
411	475	2	
355	356	1	
82	146	1	
338	341	-2	
402	405	-1	
484	492	-1	
485	493	-1	
211	214	-2	
8	14	-2	
384	390	1	
467	469	-1	
242	247	-2	
16	20	2	
35	38	1	
130	194	1	
194	196	2	
128	192	1	
185	190	-1	
506	509	-1	
218	220	1	
145	149	-2	
149	157	1	
379	382	2	
116	124	2	
418	420	-1	
419	422	-1	
335	343	1	
331	335	1	
198	206	1	
11	13	-2	
25	89	-1	
17	21	-1	
258	322	1	
486	494	1	
487	495	1	
480	487	-2	
212	220	-1	
217	221	-1	
404	412	-1	
438	446	1	
439	447	1	
304	368	-1	
72	77	1	
248	255	-2	
250	253	1	
410	415	1	
277	285	-1	
305	369	1	
440	504	-1	
89	153	1	
344	348	-1	
313	377	2	
337	342	-1	
66	68	1	
435	499	2	
78	86	-1	
468	476	1	
298	303	1	
136	142	2	
4	12	-1	
259	260	1	
157	165	1	
448	454	1	
369	372	1	
233	238	1	
176	240	-1	
184	248	1	
33	39	1	
202	205	-1	
51	53	-1	
50	54	-1	
347	349	1	
411	413	-1	
333	341	-1	
56	60	-1	
279	287	1	
185	249	-1	
498	503	1	
Energy:	-2528	
