NumberOfQubits	504	
NumberOfSubgraphs	756	
Serial	382	
PlantedSolution:	
0	-1	
1	-1	
2	-1	
3	1	
4	1	
5	-1	
6	-1	
8	-1	
9	-1	
10	1	
11	1	
12	1	
13	-1	
14	-1	
15	-1	
16	-1	
17	1	
18	-1	
19	1	
20	-1	
21	-1	
22	1	
23	1	
24	-1	
25	-1	
26	1	
27	-1	
28	-1	
29	1	
30	1	
31	1	
32	-1	
33	-1	
34	-1	
35	1	
36	1	
37	-1	
38	1	
39	-1	
40	1	
41	-1	
42	-1	
43	1	
44	1	
45	-1	
46	1	
47	1	
48	-1	
49	-1	
50	-1	
51	1	
52	1	
53	1	
54	-1	
55	1	
56	-1	
57	1	
58	-1	
59	-1	
60	1	
61	1	
62	1	
63	1	
64	-1	
65	-1	
66	-1	
67	-1	
68	-1	
69	-1	
70	1	
71	1	
72	1	
73	-1	
74	-1	
75	1	
76	-1	
77	-1	
78	-1	
79	-1	
80	-1	
81	-1	
82	-1	
83	1	
84	1	
85	1	
86	1	
87	-1	
88	1	
89	-1	
90	1	
91	-1	
92	-1	
93	-1	
94	-1	
95	1	
96	1	
97	1	
98	-1	
99	-1	
100	1	
101	1	
102	-1	
103	1	
104	-1	
105	1	
106	1	
107	1	
108	1	
109	-1	
110	1	
111	-1	
112	1	
113	-1	
114	1	
115	-1	
116	1	
117	-1	
118	1	
119	-1	
120	-1	
121	-1	
123	1	
124	1	
125	1	
126	1	
127	1	
128	1	
129	1	
130	-1	
131	-1	
132	-1	
133	-1	
134	1	
135	-1	
136	1	
137	1	
138	-1	
139	-1	
141	1	
142	-1	
143	-1	
144	-1	
145	1	
146	1	
147	-1	
148	1	
149	-1	
150	1	
151	1	
152	-1	
153	-1	
154	1	
155	1	
156	1	
157	-1	
158	1	
159	1	
160	1	
161	1	
162	-1	
163	1	
164	1	
165	1	
166	1	
167	-1	
168	-1	
169	1	
170	1	
171	1	
172	-1	
173	1	
174	-1	
175	-1	
176	1	
177	1	
178	1	
179	-1	
180	-1	
181	1	
182	-1	
183	-1	
184	-1	
185	1	
186	-1	
187	-1	
188	-1	
189	-1	
190	-1	
191	-1	
192	-1	
193	-1	
194	-1	
195	-1	
196	-1	
197	-1	
198	-1	
199	-1	
200	1	
201	-1	
202	1	
203	-1	
204	1	
205	1	
206	1	
207	-1	
208	1	
209	1	
210	1	
211	1	
212	-1	
213	1	
214	-1	
215	1	
216	1	
217	-1	
218	-1	
219	1	
220	-1	
221	1	
222	-1	
223	-1	
224	1	
225	-1	
226	-1	
227	-1	
228	1	
229	-1	
230	-1	
231	-1	
232	-1	
233	1	
234	-1	
235	1	
236	1	
237	-1	
238	-1	
239	-1	
240	1	
241	1	
242	-1	
243	-1	
244	1	
245	-1	
246	-1	
247	-1	
248	1	
249	1	
250	-1	
251	1	
252	1	
253	-1	
254	1	
255	1	
256	-1	
257	1	
258	-1	
259	1	
260	1	
261	1	
262	-1	
263	-1	
264	1	
265	1	
266	-1	
267	-1	
268	1	
269	-1	
270	-1	
271	-1	
272	-1	
273	-1	
274	1	
275	1	
276	-1	
277	1	
278	1	
279	1	
280	-1	
281	-1	
282	1	
283	-1	
284	1	
285	1	
286	-1	
287	-1	
288	-1	
289	1	
290	-1	
291	-1	
292	1	
293	1	
294	1	
295	1	
296	-1	
297	1	
298	1	
299	-1	
300	1	
301	-1	
302	1	
303	-1	
304	1	
305	-1	
306	1	
307	-1	
308	-1	
309	1	
310	1	
311	1	
312	-1	
313	-1	
314	1	
315	-1	
316	-1	
317	1	
318	-1	
319	-1	
320	-1	
321	-1	
322	1	
323	-1	
324	-1	
325	1	
326	-1	
327	1	
328	-1	
329	1	
330	1	
331	-1	
332	-1	
333	-1	
334	1	
335	-1	
336	1	
337	1	
338	-1	
339	1	
340	-1	
341	-1	
342	1	
343	1	
344	-1	
345	1	
346	1	
347	-1	
348	1	
349	-1	
350	-1	
351	1	
352	-1	
353	1	
354	1	
355	-1	
356	1	
357	1	
358	1	
359	1	
361	1	
362	1	
363	-1	
364	-1	
365	1	
367	-1	
368	-1	
369	1	
370	1	
371	1	
372	-1	
373	-1	
374	1	
375	1	
376	1	
377	-1	
378	-1	
379	1	
380	-1	
382	-1	
383	-1	
384	1	
385	-1	
386	-1	
387	-1	
388	1	
389	-1	
390	1	
391	1	
392	1	
393	1	
394	-1	
396	-1	
397	-1	
398	1	
399	1	
400	1	
401	-1	
402	1	
403	-1	
404	1	
405	1	
406	1	
407	1	
408	1	
409	1	
410	1	
411	1	
412	1	
413	1	
414	1	
415	1	
416	-1	
417	-1	
418	1	
419	-1	
420	1	
421	-1	
422	1	
424	1	
425	-1	
426	-1	
427	-1	
428	1	
429	-1	
430	-1	
431	1	
432	1	
433	1	
434	1	
435	-1	
436	1	
437	-1	
438	-1	
439	-1	
440	1	
441	1	
442	-1	
443	1	
444	-1	
445	-1	
446	1	
447	1	
448	1	
449	1	
450	1	
451	-1	
452	1	
453	-1	
454	1	
455	1	
456	-1	
457	-1	
458	1	
459	1	
460	-1	
461	1	
462	1	
463	1	
464	-1	
465	-1	
466	1	
467	1	
468	1	
469	1	
470	1	
471	-1	
472	1	
473	-1	
474	-1	
475	1	
476	-1	
477	1	
478	1	
479	-1	
480	1	
481	1	
482	1	
483	1	
484	1	
485	-1	
486	1	
487	-1	
488	1	
489	1	
490	1	
491	-1	
492	1	
493	1	
494	-1	
495	-1	
496	-1	
497	1	
498	1	
499	-1	
500	1	
501	1	
502	1	
503	-1	
504	-1	
505	1	
506	1	
507	-1	
508	-1	
509	-1	
510	1	
511	1	
Js:	
400	404	-4	
404	412	3	
410	412	-6	
410	413	-4	
405	413	-3	
400	405	-3	
139	142	-4	
142	150	3	
144	150	5	
144	151	3	
143	151	3	
139	143	-4	
384	388	3	
386	388	3	
386	390	5	
387	390	4	
387	389	-3	
384	389	4	
482	484	-7	
484	492	-3	
488	492	-5	
488	494	5	
486	494	2	
482	486	-4	
456	460	-4	
459	460	7	
459	462	-5	
458	462	-3	
458	461	-4	
456	461	3	
160	164	-6	
161	164	-5	
161	167	2	
162	167	-5	
162	166	3	
160	166	4	
353	357	-3	
355	357	3	
355	359	4	
352	359	2	
352	358	-4	
353	358	-7	
192	197	-5	
194	197	5	
194	199	-3	
193	199	-6	
193	198	-6	
192	198	-2	
171	172	3	
172	180	-3	
177	180	4	
177	182	-3	
174	182	-2	
171	174	5	
24	28	-1	
27	28	-5	
27	29	2	
25	29	-3	
25	30	4	
24	30	5	
442	445	-6	
443	445	-1	
443	447	-6	
441	447	-4	
441	446	-5	
442	446	4	
344	349	-4	
347	349	-3	
347	350	-2	
346	350	7	
346	351	-5	
344	351	4	
232	238	-6	
238	246	-2	
242	246	-4	
242	247	-6	
239	247	-3	
232	239	2	
91	92	-4	
92	100	2	
99	100	4	
99	103	-3	
95	103	-2	
91	95	4	
8	15	3	
9	15	-8	
9	73	-4	
73	78	-5	
72	78	5	
8	72	4	
41	44	3	
43	44	-6	
43	107	3	
107	108	-3	
105	108	-4	
41	105	2	
200	205	-5	
202	205	-2	
202	266	2	
266	269	4	
264	269	5	
200	264	-1	
321	325	-1	
325	333	5	
330	333	3	
330	335	5	
327	335	4	
321	327	3	
328	334	4	
329	334	-4	
329	393	-2	
393	398	-4	
392	398	-6	
328	392	2	
17	21	6	
19	21	3	
19	83	-4	
83	85	-3	
81	85	6	
17	81	-3	
32	36	4	
33	36	4	
33	37	-3	
34	37	-2	
34	39	-1	
32	39	4	
433	437	3	
435	437	-8	
435	499	3	
499	503	-2	
497	503	6	
433	497	-2	
57	60	-5	
58	60	5	
58	63	8	
59	63	2	
59	62	4	
57	62	6	
504	508	-2	
506	508	-7	
506	510	-2	
505	510	-7	
505	509	4	
504	509	-4	
0	4	4	
4	12	-3	
11	12	-4	
11	13	5	
5	13	4	
0	5	-4	
152	156	4	
154	156	-3	
154	158	-5	
155	158	-4	
155	159	2	
152	159	5	
217	220	-2	
219	220	-3	
219	283	4	
283	287	-3	
281	287	-5	
217	281	-5	
368	373	-4	
370	373	4	
370	434	-3	
434	439	-6	
432	439	4	
368	432	3	
290	293	3	
291	293	2	
291	294	4	
289	294	3	
289	295	-3	
290	295	2	
258	262	-4	
259	262	2	
259	323	2	
323	326	2	
322	326	3	
258	322	4	
472	476	4	
474	476	-3	
474	479	-4	
475	479	-5	
475	477	-3	
472	477	-6	
272	279	4	
274	279	2	
274	338	3	
338	341	-6	
336	341	2	
272	336	4	
448	452	-4	
451	452	6	
451	455	5	
449	455	5	
449	453	3	
448	453	5	
113	116	3	
114	116	-6	
114	118	-4	
112	118	2	
112	117	3	
113	117	-3	
377	380	3	
379	380	4	
379	383	5	
378	383	-4	
378	382	-4	
377	382	-5	
201	204	5	
204	212	4	
210	212	3	
210	214	3	
206	214	4	
201	206	4	
417	420	5	
419	420	5	
419	483	5	
483	485	-2	
481	485	4	
417	481	5	
304	308	4	
307	308	-3	
307	311	3	
305	311	-2	
305	310	4	
304	310	-3	
129	132	4	
130	132	-6	
130	133	1	
131	133	-6	
131	135	-2	
129	135	6	
298	300	-5	
299	300	2	
299	301	-5	
296	301	-4	
296	303	-5	
298	303	4	
121	125	3	
123	125	-4	
123	126	-5	
120	126	4	
120	127	4	
121	127	5	
184	188	-3	
186	188	-4	
186	250	-4	
250	255	-3	
248	255	-7	
184	248	3	
312	316	-6	
315	316	4	
315	319	-4	
313	319	-6	
313	318	-5	
312	318	-4	
464	468	4	
465	468	5	
465	471	-4	
466	471	-2	
466	470	-4	
464	470	3	
273	276	-5	
276	284	3	
282	284	-3	
282	286	4	
278	286	3	
273	278	3	
224	229	5	
226	229	-5	
226	231	-4	
227	231	-4	
227	230	-6	
224	230	3	
208	213	-2	
213	221	-3	
216	221	-5	
216	223	4	
215	223	2	
208	215	5	
168	173	2	
173	181	-2	
178	181	-4	
178	183	-3	
175	183	-1	
168	175	-4	
424	428	-3	
425	428	4	
425	430	-3	
427	430	-2	
427	429	-4	
424	429	5	
65	69	-4	
66	69	-6	
66	71	4	
64	71	3	
64	70	3	
65	70	5	
241	244	-4	
244	252	-5	
251	252	-2	
251	253	5	
245	253	-4	
241	245	-5	
40	45	5	
42	45	-3	
42	106	3	
106	109	4	
104	109	-4	
40	104	-2	
16	22	7	
18	22	5	
18	82	-5	
82	86	5	
80	86	4	
16	80	-2	
48	52	-5	
50	52	4	
50	53	5	
51	53	-3	
51	55	-5	
48	55	3	
89	93	-4	
93	101	3	
96	101	5	
96	102	3	
94	102	-3	
89	94	-3	
403	406	5	
406	414	-2	
411	414	-5	
411	415	-4	
407	415	-2	
403	407	-5	
361	364	5	
364	372	-3	
371	372	5	
371	375	3	
367	375	3	
361	367	8	
257	260	-5	
260	268	-4	
267	268	5	
267	271	-5	
263	271	-4	
257	263	-4	
385	388	4	
388	396	6	
394	396	5	
394	399	4	
391	399	-3	
385	391	6	
74	76	-3	
76	84	3	
80	84	5	
80	87	-4	
79	87	-4	
74	79	-2	
362	365	-6	
363	365	7	
363	427	2	
427	431	4	
426	431	5	
362	426	4	
480	485	4	
485	493	4	
490	493	-5	
490	495	7	
487	495	1	
480	487	4	
338	340	-2	
339	340	6	
339	343	-3	
337	343	-4	
337	342	-5	
338	342	-4	
169	175	3	
170	175	4	
170	234	3	
234	236	4	
233	236	-4	
169	233	-4	
146	148	-5	
147	148	3	
147	150	3	
145	150	-2	
145	149	-4	
146	149	4	
496	500	4	
497	500	-3	
497	502	-3	
498	502	-4	
498	501	-4	
496	501	3	
2	6	-6	
3	6	5	
3	67	4	
67	68	-4	
66	68	-3	
2	66	3	
185	191	3	
187	191	-4	
187	251	3	
251	254	-4	
249	254	-5	
185	249	-2	
352	356	5	
354	356	-4	
354	418	1	
418	421	7	
416	421	-2	
352	416	-3	
49	54	-5	
51	54	4	
51	115	4	
115	119	3	
113	119	-5	
49	113	-3	
35	38	-4	
38	46	-2	
40	46	3	
40	47	-5	
39	47	2	
35	39	5	
224	228	-4	
225	228	4	
225	289	3	
289	292	-3	
288	292	3	
224	288	3	
265	270	4	
267	270	-3	
267	331	-1	
331	332	-5	
329	332	-3	
265	329	-4	
17	20	4	
20	28	-5	
26	28	-4	
26	31	-5	
23	31	-1	
17	23	-3	
256	261	-1	
258	261	4	
322	324	2	
320	324	-3	
256	320	-5	
128	134	-5	
131	134	4	
131	195	-2	
195	196	3	
192	196	-4	
128	192	3	
176	181	-3	
179	181	3	
179	243	-5	
243	246	-3	
240	246	3	
176	240	-3	
72	77	1	
74	77	5	
74	138	-3	
138	141	5	
136	141	-5	
72	136	-3	
275	277	-3	
277	285	-5	
280	285	2	
280	286	-2	
275	278	3	
457	461	5	
461	469	1	
467	469	-2	
467	471	5	
463	471	2	
457	463	4	
408	415	-4	
409	415	3	
409	473	4	
473	478	5	
472	478	-2	
408	472	-4	
153	157	-5	
157	165	2	
163	165	-4	
163	167	6	
159	167	2	
153	159	3	
305	309	6	
306	309	-2	
306	370	-1	
370	374	-3	
369	374	-7	
305	369	-2	
440	444	4	
443	444	5	
443	507	-2	
507	511	3	
504	511	5	
440	504	3	
233	237	-4	
235	237	3	
235	299	3	
299	302	4	
297	302	-4	
233	297	-3	
137	142	-3	
139	203	-3	
203	207	-4	
201	207	-5	
137	201	2	
211	213	-3	
218	221	4	
218	222	3	
214	222	-1	
211	214	3	
98	102	-3	
102	110	3	
107	110	-4	
107	111	5	
103	111	-2	
98	103	3	
56	61	5	
57	61	-3	
57	121	1	
121	124	4	
120	124	5	
56	120	1	
1	4	4	
10	12	-4	
10	14	4	
6	14	-3	
1	6	-3	
312	317	-1	
314	317	-5	
314	378	3	
376	383	4	
312	376	3	
184	189	-5	
185	189	5	
185	190	5	
186	190	-4	
186	191	-5	
184	191	-5	
451	453	-3	
450	453	5	
450	454	-6	
448	454	-2	
402	405	-3	
403	405	4	
401	407	3	
401	406	2	
402	406	-4	
432	436	-3	
435	436	2	
435	438	-3	
434	438	1	
344	348	-1	
347	348	5	
347	351	4	
345	351	-2	
345	350	4	
344	350	-3	
88	93	4	
90	94	5	
90	95	-6	
88	95	2	
489	492	-5	
489	493	3	
491	493	3	
491	494	-4	
67	69	2	
69	77	-3	
75	77	4	
75	78	1	
70	78	4	
67	70	4	
33	38	3	
34	38	4	
34	98	5	
98	100	4	
97	100	-3	
33	97	6	
145	148	-5	
146	210	2	
210	215	-2	
209	215	-3	
145	209	-4	
421	429	-3	
424	430	4	
422	430	-2	
418	422	-4	
389	397	-5	
392	397	2	
390	398	-4	
384	390	4	
49	52	5	
50	54	-4	
48	53	6	
243	247	-3	
243	307	-2	
306	308	5	
242	306	-3	
264	268	-4	
266	268	3	
266	330	4	
328	335	-2	
264	328	-1	
290	292	4	
292	300	-3	
298	302	-4	
294	302	2	
290	294	6	
8	13	-5	
13	21	-2	
16	21	-2	
14	22	3	
8	14	3	
176	183	5	
177	183	4	
177	241	-5	
240	245	4	
168	172	-5	
179	180	-3	
179	182	-3	
168	174	-3	
313	316	-1	
314	316	-4	
315	317	6	
315	318	-2	
161	165	-4	
163	166	-4	
226	228	-2	
227	228	3	
225	231	-4	
225	229	-2	
507	508	-6	
507	510	4	
505	511	-4	
506	511	-3	
281	284	-1	
281	285	4	
273	277	3	
153	156	5	
153	217	-2	
217	222	-4	
216	222	-2	
152	216	2	
475	478	-3	
478	486	-4	
481	486	-3	
481	487	4	
479	487	-3	
259	261	-6	
261	269	5	
265	269	2	
262	270	5	
498	500	-6	
499	501	6	
499	502	4	
496	502	-5	
27	30	-4	
27	91	-2	
88	92	4	
24	88	4	
18	23	3	
19	23	4	
82	85	4	
200	204	3	
202	204	-2	
203	205	6	
200	207	2	
454	462	-4	
459	463	-3	
455	463	-2	
450	455	1	
362	367	3	
426	428	4	
361	425	2	
440	445	-6	
440	447	-2	
369	373	5	
371	373	3	
371	374	-4	
368	374	2	
368	375	4	
369	375	2	
408	412	3	
411	413	-3	
408	414	-3	
193	196	-2	
194	196	-6	
195	197	-4	
195	199	-4	
256	263	-3	
257	321	1	
321	326	-6	
320	326	-4	
115	117	-5	
115	118	5	
114	119	2	
112	119	5	
129	133	4	
133	141	-1	
137	141	-3	
137	143	5	
135	143	-2	
355	358	2	
355	419	2	
353	417	2	
154	157	3	
155	157	4	
155	219	-3	
219	223	-2	
218	223	-4	
154	218	3	
43	45	-5	
43	46	-2	
41	46	4	
41	47	5	
42	47	2	
402	404	3	
402	466	-5	
466	469	-6	
464	469	5	
400	464	4	
104	108	6	
105	109	5	
106	110	-3	
104	110	-2	
232	237	-4	
235	239	4	
234	239	3	
234	238	-5	
340	348	4	
345	348	-5	
345	349	-3	
341	349	-4	
339	341	3	
59	60	5	
56	62	5	
56	63	4	
144	149	-4	
147	149	-4	
147	211	4	
211	212	-3	
208	212	3	
144	208	4	
248	252	-3	
250	252	3	
250	253	4	
249	253	3	
248	254	-3	
1	5	-3	
1	65	-6	
65	68	-3	
64	68	-4	
0	64	-5	
288	293	6	
293	301	4	
295	303	-5	
288	295	4	
32	37	-3	
35	37	4	
35	99	5	
99	101	2	
32	96	4	
75	76	6	
81	84	-2	
81	87	-3	
75	79	3	
393	399	-4	
394	458	2	
458	460	4	
457	460	-3	
393	457	4	
323	324	-3	
324	332	-4	
331	333	4	
323	325	6	
356	364	2	
363	364	5	
357	365	-3	
354	357	-4	
468	476	4	
473	476	-3	
473	477	3	
469	477	-2	
465	469	-2	
275	279	-5	
275	339	3	
336	343	-5	
376	380	5	
377	383	-4	
376	382	4	
416	422	4	
418	482	-4	
480	484	3	
416	480	4	
280	284	5	
283	284	3	
283	286	-6	
282	287	3	
280	287	6	
387	391	4	
387	451	-2	
385	449	3	
25	31	4	
26	90	-1	
90	92	-3	
89	92	-3	
25	89	-5	
9	12	-3	
11	14	5	
11	15	3	
128	132	-2	
130	135	-6	
129	134	-4	
169	172	4	
170	172	-2	
170	173	-3	
171	173	-5	
169	174	3	
433	436	-5	
436	444	-3	
441	444	4	
438	446	3	
433	438	4	
123	124	3	
123	187	1	
187	188	-5	
185	188	4	
121	185	1	
304	309	-2	
306	310	-3	
306	311	-4	
304	311	-6	
490	492	2	
491	495	-4	
489	494	3	
274	278	-5	
273	337	2	
136	143	2	
138	143	2	
138	202	5	
202	206	-3	
200	206	-3	
136	200	-4	
456	462	3	
462	470	-1	
467	470	-5	
456	463	-4	
396	404	2	
401	404	4	
401	405	3	
397	405	2	
394	397	-4	
67	71	4	
181	189	4	
184	190	2	
182	190	-3	
178	182	6	
36	44	-1	
37	45	-1	
146	150	2	
150	158	-3	
152	158	4	
151	159	-3	
146	151	-5	
256	260	4	
258	260	3	
322	327	-5	
320	327	-2	
116	124	-4	
119	127	4	
368	372	-4	
371	435	1	
432	437	-1	
242	244	3	
249	252	-5	
249	255	3	
247	255	2	
220	228	3	
222	230	-3	
219	222	5	
346	349	2	
349	357	-2	
351	359	-3	
97	101	-2	
101	109	2	
107	109	2	
97	103	-5	
409	412	-2	
410	474	3	
474	478	-3	
265	271	4	
266	271	-3	
330	334	-4	
235	236	-5	
501	509	3	
503	511	3	
19	20	5	
25	28	-2	
21	29	3	
53	61	-2	
58	61	-3	
55	63	-1	
50	55	4	
73	77	-3	
77	85	2	
78	86	-1	
117	125	5	
118	126	3	
162	164	3	
161	166	4	
386	391	3	
386	450	3	
450	452	-3	
449	452	3	
314	319	3	
314	318	4	
424	431	-2	
427	491	-5	
488	493	-3	
424	488	4	
291	295	4	
419	421	-4	
483	487	6	
209	212	3	
209	213	-2	
210	213	-6	
193	197	-2	
195	198	-5	
192	199	-4	
283	285	3	
279	287	3	
387	388	4	
393	396	3	
393	397	3	
209	214	4	
475	476	4	
474	477	3	
442	447	2	
337	341	3	
337	401	1	
400	407	-4	
336	400	1	
237	245	-2	
51	52	-2	
48	54	2	
49	55	3	
347	411	-3	
409	413	-5	
345	409	-2	
296	300	-3	
297	300	-3	
297	303	3	
298	301	3	
100	108	-1	
99	102	-4	
59	61	5	
91	155	2	
90	154	1	
257	262	4	
370	372	2	
370	375	-5	
354	359	-5	
353	359	-3	
496	503	-3	
75	139	-3	
139	141	4	
226	230	-2	
227	291	-2	
226	290	2	
428	436	3	
430	438	-3	
483	484	-3	
24	29	3	
26	30	-2	
24	31	3	
321	324	-6	
328	332	-6	
326	334	-3	
16	20	-2	
217	221	-2	
221	229	3	
223	231	-3	
217	223	-3	
131	132	-4	
128	133	6	
130	134	4	
73	79	-3	
72	79	3	
403	467	2	
467	468	-4	
466	468	1	
81	86	3	
83	86	-3	
83	87	3	
105	111	3	
106	111	3	
106	170	-3	
169	173	-4	
105	169	2	
506	509	4	
65	71	2	
426	429	-2	
429	437	-2	
434	437	4	
431	439	2	
179	183	-4	
243	244	-3	
307	309	5	
309	317	-3	
313	317	3	
311	319	3	
196	204	3	
198	206	2	
194	198	-3	
331	335	-4	
323	327	4	
264	271	-3	
259	263	4	
112	116	-4	
114	178	-2	
178	180	2	
176	180	4	
112	176	-2	
369	372	1	
372	380	-3	
374	382	-2	
384	448	-2	
34	36	6	
98	101	4	
216	220	4	
218	220	-2	
218	282	4	
216	280	-1	
412	420	-2	
417	422	3	
414	422	-3	
156	164	1	
160	165	-3	
337	340	3	
346	348	2	
342	350	2	
171	175	3	
171	235	-1	
2	4	3	
10	13	3	
2	5	-4	
272	276	-3	
274	276	-3	
338	343	3	
202	207	4	
489	495	3	
490	494	-3	
457	462	2	
392	456	-4	
66	70	2	
64	69	3	
401	465	-3	
465	470	-4	
91	94	-2	
91	93	-4	
42	44	5	
42	46	5	
250	254	3	
187	189	-1	
187	190	4	
362	364	3	
363	367	-3	
361	365	-2	
378	380	-3	
120	125	-4	
123	127	-5	
3	5	3	
344	408	2	
232	236	-2	
168	232	-2	
96	103	-3	
98	162	-1	
160	167	2	
96	160	1	
83	84	-3	
83	147	2	
80	144	1	
398	406	-3	
402	407	-3	
399	407	-3	
392	399	-2	
73	137	3	
434	436	-2	
282	285	-3	
281	286	-3	
449	454	-4	
155	156	-3	
211	215	-4	
211	275	-1	
275	276	3	
208	272	1	
331	334	4	
329	333	3	
328	333	3	
505	508	2	
504	510	4	
242	245	-1	
240	247	4	
241	246	3	
426	430	-2	
413	421	-1	
409	414	-4	
28	36	3	
29	37	5	
26	29	-4	
386	389	-3	
201	205	1	
203	267	-2	
201	265	-1	
443	446	-3	
440	446	-3	
56	60	3	
17	22	-2	
16	23	5	
259	260	-2	
257	261	2	
256	262	-3	
482	485	3	
416	420	3	
106	108	-4	
104	111	-4	
499	500	3	
498	503	2	
162	165	-3	
162	226	-3	
161	225	3	
320	325	-3	
113	118	4	
88	94	-3	
32	38	3	
96	100	-2	
210	274	-2	
274	277	-3	
209	273	2	
427	428	-1	
425	489	4	
307	310	3	
307	371	2	
304	368	1	
145	151	-2	
359	367	-1	
41	45	-4	
267	269	-2	
266	270	-2	
264	270	4	
72	76	2	
136	142	4	
170	174	3	
248	253	2	
251	255	-3	
403	404	2	
227	229	1	
229	237	-2	
234	237	-3	
230	238	-2	
459	461	-3	
458	463	-3	
180	188	2	
177	181	-2	
480	486	-3	
3	4	4	
308	316	-1	
8	12	3	
10	15	4	
378	442	-2	
376	440	-2	
291	292	2	
291	355	4	
355	356	3	
353	356	-3	
289	353	-2	
497	501	-4	
507	509	-3	
258	263	-3	
109	117	1	
110	118	-2	
105	110	-4	
18	20	-3	
334	342	1	
339	342	-3	
335	343	1	
52	60	-2	
54	62	1	
236	244	-1	
33	39	-2	
97	102	2	
346	410	1	
410	415	-3	
471	479	-3	
433	439	3	
369	433	-1	
394	398	3	
121	126	4	
27	31	3	
451	454	2	
448	455	-5	
315	379	3	
313	377	-3	
272	277	4	
297	301	4	
299	303	-3	
425	429	-2	
425	431	-3	
365	373	2	
138	142	-3	
352	357	3	
419	422	2	
0	6	-3	
15	23	-2	
104	168	-2	
243	245	-2	
432	438	4	
31	39	4	
129	193	2	
212	220	-2	
265	268	-3	
329	335	2	
225	230	-2	
289	293	-2	
74	78	2	
234	298	2	
296	302	4	
232	296	-2	
115	116	-1	
48	112	2	
57	63	-3	
58	62	-2	
464	471	-2	
40	44	-3	
43	47	-2	
148	156	-2	
154	159	-3	
343	351	-2	
149	157	-2	
152	157	2	
82	84	3	
379	382	-3	
379	443	-1	
310	318	-3	
322	325	-3	
385	390	1	
205	213	2	
491	492	2	
228	236	-2	
233	239	2	
231	239	-2	
30	38	-2	
50	114	-1	
114	117	3	
270	278	2	
273	279	3	
271	279	1	
107	171	1	
290	354	3	
68	76	-4	
71	79	-3	
452	460	-2	
134	142	-1	
165	173	-2	
166	174	2	
246	254	-3	
12	20	-1	
437	445	-2	
441	445	3	
439	447	2	
435	439	1	
453	461	-2	
312	319	-2	
10	74	3	
84	92	-2	
87	95	3	
82	87	-1	
284	292	-3	
286	294	-2	
300	308	2	
302	310	-2	
207	215	2	
163	227	2	
400	406	-2	
336	340	3	
500	508	1	
186	189	1	
348	356	-1	
350	358	2	
203	206	2	
178	242	1	
89	95	1	
442	444	-2	
418	420	-2	
420	428	1	
392	396	2	
502	510	-1	
305	308	3	
235	238	-2	
477	485	-1	
336	342	-3	
411	412	-2	
160	224	-2	
111	119	1	
90	93	2	
49	53	2	
323	387	-1	
321	385	1	
434	498	-2	
481	484	-2	
144	148	1	
208	214	-3	
288	294	1	
288	352	1	
432	496	-1	
163	164	2	
164	172	1	
167	175	-1	
322	386	1	
320	384	1	
128	135	-2	
147	151	2	
153	158	-1	
80	85	-2	
46	54	-2	
47	55	-2	
483	486	2	
199	207	1	
408	413	-2	
472	479	-2	
224	231	1	
272	278	2	
384	391	-2	
492	500	1	
495	503	-2	
299	363	-1	
297	361	-1	
417	421	3	
240	244	-2	
240	304	-2	
130	194	1	
285	293	1	
11	75	-1	
442	506	-2	
441	505	-1	
203	204	1	
197	205	2	
385	389	-3	
282	346	-1	
280	344	-2	
18	21	-2	
354	358	1	
183	191	-1	
411	475	-1	
410	414	1	
375	383	-1	
86	94	2	
22	30	-1	
473	479	-1	
9	13	-1	
9	14	-2	
89	153	2	
158	166	-1	
426	490	1	
488	495	1	
176	182	-1	
377	441	1	
283	347	-1	
88	152	1	
470	478	1	
81	145	1	
494	502	1	
241	305	-1	
141	149	-2	
85	93	1	
251	315	1	
250	314	-1	
233	238	-1	
268	276	1	
219	221	1	
Energy:	-3346	
