NumberOfQubits	504	
NumberOfSubgraphs	420	
Serial	327	
PlantedSolution:	
0	-1	
1	-1	
2	-1	
3	1	
4	-1	
5	1	
6	1	
8	-1	
9	-1	
10	1	
11	-1	
12	1	
13	1	
14	-1	
15	1	
16	1	
17	1	
18	-1	
19	1	
20	-1	
21	1	
22	1	
23	1	
24	1	
25	-1	
26	-1	
27	-1	
28	-1	
29	-1	
30	1	
31	-1	
32	1	
33	1	
34	-1	
35	1	
36	1	
37	-1	
38	-1	
39	1	
40	1	
41	-1	
42	1	
43	1	
44	-1	
45	1	
46	-1	
47	-1	
48	1	
49	-1	
50	-1	
51	-1	
52	-1	
53	1	
54	1	
55	-1	
56	-1	
57	-1	
58	-1	
59	1	
60	1	
61	-1	
62	-1	
63	-1	
64	1	
65	-1	
66	-1	
67	1	
68	1	
69	-1	
70	1	
71	-1	
72	-1	
73	1	
74	-1	
75	1	
76	-1	
77	1	
78	1	
79	-1	
80	-1	
81	1	
82	-1	
83	-1	
84	1	
85	-1	
86	-1	
87	1	
88	1	
89	1	
90	-1	
91	1	
92	1	
93	1	
94	1	
95	1	
96	1	
97	-1	
98	1	
99	1	
100	1	
101	1	
102	-1	
103	1	
104	1	
105	1	
106	-1	
107	-1	
108	-1	
109	1	
110	-1	
111	-1	
112	1	
113	1	
114	1	
115	1	
116	1	
117	1	
118	-1	
119	1	
120	1	
121	1	
123	1	
124	1	
125	1	
126	1	
127	-1	
128	-1	
129	-1	
130	-1	
131	1	
132	1	
133	-1	
134	-1	
135	1	
136	-1	
137	-1	
138	-1	
139	-1	
141	-1	
142	1	
143	-1	
144	1	
145	1	
146	-1	
147	-1	
148	-1	
149	-1	
150	1	
151	-1	
152	1	
153	1	
154	1	
155	1	
156	-1	
157	-1	
158	1	
159	-1	
160	-1	
161	1	
162	-1	
163	1	
164	1	
165	1	
166	1	
167	-1	
168	-1	
169	1	
170	-1	
171	-1	
172	1	
173	-1	
174	-1	
175	-1	
176	-1	
177	-1	
178	1	
179	1	
180	1	
181	-1	
182	-1	
183	1	
184	1	
185	-1	
186	-1	
187	1	
188	-1	
189	-1	
190	1	
191	-1	
192	-1	
193	1	
194	1	
195	-1	
196	-1	
197	-1	
198	-1	
199	1	
200	1	
201	1	
202	1	
203	1	
204	1	
205	1	
206	-1	
207	1	
208	1	
209	-1	
210	-1	
211	-1	
212	-1	
213	-1	
214	1	
215	-1	
216	-1	
217	-1	
218	1	
219	1	
220	-1	
221	1	
222	-1	
223	-1	
224	1	
225	-1	
226	-1	
227	-1	
228	1	
229	1	
230	1	
231	1	
232	-1	
233	-1	
234	-1	
235	-1	
236	1	
237	1	
238	-1	
239	-1	
240	-1	
241	1	
242	1	
243	1	
244	-1	
245	1	
246	1	
247	-1	
248	-1	
249	-1	
250	-1	
251	-1	
252	1	
253	1	
254	-1	
255	-1	
256	1	
257	1	
258	-1	
259	-1	
260	1	
261	1	
262	1	
263	1	
264	1	
265	1	
266	1	
267	1	
268	1	
269	1	
270	-1	
271	1	
272	-1	
273	1	
274	1	
275	-1	
276	1	
277	1	
278	1	
279	1	
280	-1	
281	-1	
282	-1	
283	-1	
284	-1	
285	-1	
286	-1	
287	-1	
288	-1	
289	-1	
290	1	
291	1	
292	1	
293	-1	
294	1	
295	-1	
296	-1	
297	-1	
298	-1	
299	1	
300	1	
301	1	
302	1	
303	-1	
304	-1	
305	1	
306	1	
307	-1	
308	1	
309	-1	
310	1	
311	1	
312	1	
313	1	
314	1	
315	1	
316	1	
317	-1	
318	-1	
319	-1	
320	-1	
321	1	
322	-1	
323	1	
324	1	
325	1	
326	1	
327	1	
328	-1	
329	-1	
330	1	
331	-1	
332	-1	
333	1	
334	1	
335	1	
336	-1	
337	-1	
338	-1	
339	-1	
340	1	
341	-1	
342	1	
343	-1	
344	1	
345	1	
346	-1	
347	1	
348	1	
349	1	
350	-1	
351	-1	
352	1	
353	1	
354	1	
355	1	
356	-1	
357	1	
358	1	
359	1	
361	-1	
362	1	
363	1	
364	1	
365	1	
367	-1	
368	-1	
369	1	
370	-1	
371	1	
372	-1	
373	1	
374	-1	
375	-1	
376	-1	
377	-1	
378	1	
379	1	
380	1	
382	-1	
383	-1	
384	-1	
385	-1	
386	1	
387	1	
388	1	
389	-1	
390	1	
391	-1	
392	1	
393	-1	
394	-1	
396	-1	
397	1	
398	1	
399	1	
400	-1	
401	-1	
402	1	
403	1	
404	1	
405	1	
406	-1	
407	-1	
408	-1	
409	1	
410	-1	
411	-1	
412	1	
413	1	
414	1	
415	1	
416	1	
417	1	
418	1	
419	-1	
420	-1	
421	-1	
422	1	
424	1	
425	-1	
426	1	
427	1	
428	1	
429	-1	
430	-1	
431	-1	
432	1	
433	1	
434	1	
435	1	
436	-1	
437	1	
438	1	
439	1	
440	1	
441	-1	
442	-1	
443	1	
444	-1	
445	-1	
446	1	
447	1	
448	1	
449	-1	
450	1	
451	1	
452	1	
453	1	
454	1	
455	1	
456	-1	
457	-1	
458	-1	
459	1	
460	1	
461	-1	
462	1	
463	-1	
464	1	
465	-1	
466	1	
467	-1	
468	1	
469	-1	
470	1	
471	-1	
472	1	
473	1	
474	1	
475	-1	
476	1	
477	-1	
478	1	
479	1	
480	1	
481	-1	
482	1	
483	1	
484	-1	
485	-1	
486	1	
487	-1	
488	-1	
489	-1	
490	1	
491	-1	
492	-1	
493	-1	
494	1	
495	1	
496	-1	
497	1	
498	-1	
499	-1	
500	-1	
501	-1	
502	-1	
503	-1	
504	-1	
505	-1	
506	-1	
507	-1	
508	-1	
509	1	
510	-1	
511	1	
Js:	
281	284	-3	
283	284	-4	
283	286	-2	
280	286	2	
280	285	-4	
281	285	-2	
417	420	-2	
418	420	2	
418	422	-2	
416	422	-2	
416	421	3	
417	421	3	
368	373	3	
371	373	-4	
371	435	1	
435	439	-2	
432	439	-4	
368	432	1	
200	205	-2	
203	205	-3	
203	267	1	
267	270	1	
264	270	3	
200	264	-1	
257	260	-2	
259	260	4	
259	323	-1	
323	327	-3	
321	327	-3	
257	321	-1	
393	397	3	
397	405	2	
402	405	-2	
402	406	2	
398	406	4	
393	398	2	
64	69	4	
66	69	-2	
66	130	-1	
130	133	3	
128	133	-3	
64	128	1	
105	108	3	
107	108	-2	
107	110	-2	
104	110	-2	
104	111	2	
105	111	3	
147	148	-3	
148	156	-2	
155	156	1	
155	158	-2	
150	158	-3	
147	150	-1	
481	484	-2	
484	492	-2	
491	492	-3	
491	495	1	
487	495	2	
481	487	2	
168	174	-2	
170	174	1	
170	234	-2	
234	236	4	
232	236	2	
168	232	-2	
352	356	-2	
353	356	2	
353	358	-2	
355	358	-1	
355	359	-2	
352	359	-2	
80	84	2	
82	84	-1	
82	85	-4	
81	85	3	
81	87	-1	
80	87	4	
176	181	-1	
179	181	3	
179	182	3	
177	182	-2	
177	183	3	
176	183	-4	
113	116	-1	
115	116	2	
115	117	-3	
114	117	-3	
114	119	-2	
113	119	-4	
346	348	3	
347	348	1	
347	350	3	
345	350	1	
345	351	1	
346	351	-3	
320	325	-3	
322	325	3	
322	386	3	
386	390	-3	
384	390	3	
320	384	-2	
288	292	2	
292	300	-2	
297	300	2	
297	303	-2	
295	303	-1	
288	295	4	
336	340	-2	
337	340	2	
337	401	-3	
401	407	-3	
400	407	-1	
336	400	-2	
459	460	-2	
460	468	2	
466	468	-2	
466	471	2	
463	471	-2	
459	463	2	
16	20	3	
17	20	1	
17	22	4	
19	22	-4	
19	21	-4	
16	21	-2	
138	141	-3	
139	141	-2	
139	142	3	
136	142	3	
136	143	2	
138	143	-3	
184	189	-2	
186	189	-4	
186	250	-1	
250	252	2	
248	252	2	
184	248	2	
51	52	2	
52	60	3	
57	60	4	
57	63	-3	
55	63	-3	
51	55	-2	
312	316	-3	
315	316	-3	
315	317	2	
313	317	1	
313	319	-3	
312	319	2	
169	173	-1	
171	173	-2	
171	235	-1	
235	237	2	
233	237	3	
169	233	3	
211	212	-3	
212	220	-2	
217	220	-4	
217	222	2	
214	222	2	
211	214	3	
42	45	-2	
43	45	-3	
43	46	2	
40	46	4	
40	47	-1	
42	47	4	
96	103	-1	
97	103	-2	
97	161	2	
161	166	-2	
160	166	4	
96	160	1	
8	13	2	
10	13	-3	
10	15	2	
9	15	1	
9	14	-5	
8	14	-3	
65	68	3	
68	76	2	
74	76	-2	
74	78	-1	
70	78	-2	
65	70	2	
193	196	2	
194	196	1	
194	199	-2	
195	199	2	
195	198	1	
193	198	2	
433	436	3	
436	444	-1	
442	444	-3	
442	446	2	
438	446	1	
433	438	-2	
274	276	-2	
275	276	-2	
275	279	1	
272	279	3	
272	277	1	
274	277	-3	
496	501	-2	
501	509	1	
506	509	3	
506	511	2	
503	511	-1	
496	503	-4	
240	244	-2	
241	244	2	
241	305	-3	
305	310	1	
304	310	2	
240	304	-2	
472	476	-2	
473	476	-3	
473	479	-3	
475	479	-2	
475	478	2	
472	478	-2	
331	333	1	
333	341	2	
338	341	-2	
338	342	4	
334	342	1	
331	334	3	
25	28	1	
26	28	-3	
26	90	-2	
90	92	1	
89	92	-3	
25	89	2	
32	37	3	
34	37	-2	
34	39	-2	
33	39	-2	
33	38	2	
32	38	3	
425	428	2	
426	428	3	
426	490	-2	
490	493	3	
489	493	-3	
425	489	-2	
243	246	-3	
246	254	2	
251	254	-3	
251	255	-4	
247	255	2	
243	247	3	
224	228	-4	
227	228	-2	
227	229	3	
226	229	4	
226	231	2	
224	231	-3	
144	149	3	
149	157	-2	
152	157	1	
152	159	-2	
151	159	-3	
144	151	2	
328	335	-2	
330	335	-1	
330	394	2	
394	399	4	
392	399	-3	
328	392	2	
410	412	4	
411	412	-1	
411	414	2	
409	414	-3	
409	415	-1	
410	415	3	
370	372	-2	
372	380	3	
377	380	1	
377	382	3	
374	382	-3	
370	374	-3	
1	4	-3	
3	4	3	
3	5	-3	
0	5	-4	
0	6	1	
1	6	4	
451	453	-3	
453	461	1	
456	461	-3	
456	462	-2	
454	462	-1	
451	454	-2	
209	213	-3	
213	221	1	
218	221	1	
218	223	4	
215	223	-1	
209	215	-3	
49	53	2	
53	61	2	
59	61	-3	
59	62	3	
54	62	2	
49	54	3	
121	126	5	
123	126	-2	
123	187	-1	
187	188	3	
185	188	-4	
121	185	1	
499	500	-3	
500	508	-2	
504	508	-2	
504	510	-2	
502	510	-2	
499	502	-2	
91	93	-3	
93	101	-2	
98	101	-3	
98	102	2	
94	102	1	
91	94	2	
290	293	3	
293	301	2	
296	301	3	
296	302	3	
294	302	1	
290	294	-2	
376	383	-4	
379	383	1	
379	443	-2	
443	447	-3	
440	447	3	
376	440	2	
201	204	1	
202	204	-2	
202	266	-1	
266	269	-2	
265	269	-3	
201	265	-1	
361	364	4	
362	364	-2	
362	365	-3	
363	365	-2	
363	367	4	
361	367	1	
72	76	1	
75	76	2	
75	79	4	
73	79	2	
73	77	-2	
72	77	3	
128	132	2	
131	132	3	
131	135	-2	
129	135	3	
129	134	-2	
128	134	-3	
464	469	4	
465	469	-2	
465	471	-3	
467	471	1	
467	470	4	
464	470	-3	
160	164	1	
163	164	-4	
163	165	-3	
162	165	-2	
162	167	-2	
160	167	-4	
304	308	2	
307	308	3	
307	309	2	
306	309	2	
306	311	-2	
304	311	1	
426	429	2	
427	429	2	
427	430	3	
424	430	3	
424	431	3	
426	431	-1	
448	452	-3	
449	452	-1	
449	454	3	
450	454	-3	
450	455	-4	
448	455	-3	
384	388	-2	
387	388	-3	
387	389	1	
385	389	-3	
385	391	-2	
384	391	-2	
474	477	3	
477	485	-1	
482	485	-1	
482	486	-2	
478	486	-1	
474	478	-3	
256	261	2	
257	261	-3	
257	262	-2	
258	262	3	
258	263	3	
256	263	-2	
24	29	1	
25	29	1	
25	30	3	
27	30	2	
27	31	-2	
24	31	3	
120	124	-3	
121	124	-2	
121	127	2	
123	127	3	
123	125	1	
120	125	-3	
344	349	-2	
345	349	-2	
345	409	1	
409	413	-2	
408	413	4	
344	408	3	
176	180	2	
178	180	-3	
178	242	1	
242	245	-4	
240	245	2	
176	240	-1	
433	437	-2	
434	437	-2	
434	498	-2	
498	501	-2	
497	501	3	
433	497	-2	
48	52	4	
50	52	-3	
50	114	-2	
114	118	1	
112	118	3	
48	112	-1	
88	92	-2	
92	100	1	
99	100	-2	
99	103	-3	
95	103	-2	
88	95	-2	
35	36	-3	
36	44	3	
41	44	-2	
41	47	-1	
39	47	3	
35	39	2	
441	445	-4	
443	445	-2	
443	507	3	
507	511	2	
505	511	3	
441	505	-2	
225	230	3	
227	230	2	
227	291	-1	
291	294	-3	
289	294	2	
225	289	-1	
11	12	2	
12	20	1	
18	20	2	
18	23	4	
15	23	-1	
11	15	3	
329	332	-1	
332	340	2	
339	340	2	
339	343	-3	
335	343	1	
329	335	-3	
249	253	2	
250	253	3	
250	314	1	
314	318	3	
313	318	-1	
249	313	1	
273	278	-3	
278	286	1	
282	286	-2	
282	287	2	
279	287	1	
273	279	-2	
81	86	2	
83	86	-4	
83	147	-2	
147	149	3	
145	149	2	
81	145	-2	
354	357	-3	
355	357	2	
355	419	1	
419	421	-3	
418	421	2	
354	418	-2	
201	206	2	
206	214	1	
208	214	-2	
208	215	-2	
207	215	2	
201	207	-3	
106	109	4	
107	109	2	
107	171	-1	
171	175	-2	
170	175	-2	
106	170	2	
234	238	1	
235	238	-2	
235	299	1	
299	302	-2	
298	302	1	
234	298	-1	
393	396	-2	
396	404	3	
403	404	-2	
403	406	2	
369	372	2	
378	380	-5	
378	383	2	
375	383	-2	
369	375	-3	
480	484	1	
488	492	2	
488	494	3	
486	494	-1	
480	486	-2	
2	4	-3	
3	67	-2	
67	71	2	
66	71	-2	
2	66	-2	
320	324	2	
323	324	-2	
323	326	-2	
322	326	1	
153	159	2	
155	159	3	
155	219	1	
219	220	2	
153	217	2	
192	196	-3	
195	196	-2	
195	197	-3	
193	197	3	
193	199	-2	
192	199	-1	
265	268	2	
267	268	-3	
267	271	-3	
266	271	-3	
266	270	1	
265	270	2	
56	60	1	
58	60	4	
58	63	-3	
57	62	-2	
56	62	2	
457	461	-2	
458	461	-2	
458	462	4	
459	462	-2	
457	463	-3	
185	189	-2	
185	190	2	
187	190	-1	
187	191	4	
184	191	3	
145	151	1	
146	151	-2	
146	210	-2	
210	212	-1	
209	212	-1	
145	209	-2	
152	156	2	
154	156	4	
154	218	1	
216	223	-1	
152	216	2	
168	172	2	
169	172	-3	
233	239	-2	
232	239	2	
72	78	2	
73	78	-3	
73	137	2	
137	142	-2	
72	136	-3	
483	485	2	
485	493	1	
489	495	2	
483	487	1	
435	437	-3	
435	438	-2	
432	438	2	
434	439	-1	
22	30	-1	
24	30	-4	
23	31	1	
17	23	-2	
112	116	-3	
115	119	-2	
113	118	2	
99	101	-1	
99	163	-1	
162	164	-2	
98	162	2	
312	317	2	
315	319	-2	
314	319	3	
312	318	2	
298	300	2	
298	362	3	
297	361	2	
67	70	3	
67	131	-1	
65	129	-1	
369	373	-1	
369	374	2	
370	375	-2	
368	375	1	
412	420	2	
416	420	-2	
414	422	-2	
410	414	2	
272	276	3	
273	276	-2	
273	277	2	
275	277	3	
275	278	1	
272	278	2	
225	228	2	
225	229	2	
226	230	2	
224	230	1	
467	468	3	
466	469	3	
8	12	3	
11	13	-2	
9	13	2	
282	284	2	
283	287	-2	
280	287	-3	
282	285	-2	
83	84	3	
82	86	1	
80	85	-1	
337	343	-2	
338	343	1	
338	402	2	
402	407	2	
347	349	-3	
349	357	-1	
353	357	-2	
353	359	1	
351	359	2	
347	351	2	
288	293	-1	
290	354	-1	
354	356	2	
288	352	2	
441	444	-1	
442	447	3	
440	446	-1	
441	446	3	
200	204	-2	
203	204	-3	
203	207	-1	
202	207	-1	
202	206	2	
200	206	-2	
321	324	3	
324	332	1	
331	332	-3	
326	334	-3	
321	326	-3	
32	36	-1	
33	36	2	
33	97	3	
97	100	3	
96	100	-1	
32	96	-2	
242	244	1	
244	252	-3	
248	253	2	
245	253	-3	
424	428	-2	
425	431	-2	
427	431	2	
69	77	2	
75	77	-1	
71	79	2	
64	71	3	
40	44	3	
43	44	1	
41	45	2	
41	46	2	
474	476	-2	
475	476	3	
475	477	-2	
472	477	3	
472	479	-3	
474	479	2	
498	500	1	
507	508	-2	
507	510	-2	
498	502	-2	
144	150	-2	
146	150	3	
210	213	-2	
208	213	3	
144	208	1	
192	198	-2	
194	198	3	
194	258	3	
256	262	-2	
192	256	2	
385	388	2	
388	396	2	
392	396	2	
392	397	-2	
389	397	-2	
104	108	2	
106	108	-2	
106	111	-1	
105	110	1	
450	452	-3	
451	452	3	
448	453	-3	
301	309	1	
307	311	2	
303	311	2	
296	303	-1	
88	93	1	
89	93	-1	
89	95	-1	
90	95	3	
90	94	1	
88	94	-2	
177	180	-2	
178	181	2	
336	342	1	
339	342	2	
339	403	-1	
400	404	4	
153	157	2	
157	165	2	
161	165	-2	
158	166	-1	
153	158	3	
48	53	1	
51	53	3	
49	55	-2	
48	54	-3	
260	268	-2	
264	268	-1	
264	269	-3	
261	269	1	
259	261	3	
133	141	-2	
137	141	-2	
137	143	-2	
135	143	1	
130	135	3	
56	61	-2	
59	123	-2	
120	127	4	
56	120	2	
0	4	-2	
2	6	3	
2	5	2	
27	28	-2	
28	36	1	
35	37	-1	
29	37	-1	
27	29	-3	
344	350	-1	
347	411	1	
411	415	3	
408	415	3	
328	333	3	
330	333	-3	
387	391	3	
386	391	2	
186	191	-2	
186	190	4	
496	500	2	
497	500	2	
497	502	2	
499	503	-3	
290	292	-2	
291	292	-3	
291	293	-1	
289	293	-1	
289	295	-2	
290	295	2	
490	492	-1	
491	494	2	
488	495	3	
490	495	-2	
216	221	4	
219	221	-1	
219	223	-3	
218	222	1	
216	222	-2	
376	380	1	
377	383	-3	
376	382	-2	
456	460	2	
457	460	2	
458	463	-2	
241	246	-2	
242	246	3	
242	306	-1	
306	308	-2	
305	308	-1	
505	508	-1	
506	508	3	
504	509	3	
505	510	-2	
18	21	2	
16	22	1	
16	23	-2	
417	422	-2	
419	422	2	
419	483	3	
483	486	-2	
481	486	-2	
417	481	3	
365	373	-1	
371	375	1	
367	375	1	
34	38	-3	
38	46	-2	
42	46	2	
170	173	-2	
173	181	-2	
177	181	-3	
175	183	-1	
230	238	1	
232	238	-2	
231	239	2	
225	231	2	
139	143	-2	
139	203	3	
202	205	-2	
138	202	-4	
344	348	2	
346	410	-1	
410	413	2	
113	117	-2	
117	125	-4	
121	125	-2	
118	126	3	
302	310	-1	
307	310	-2	
299	303	3	
194	197	-1	
257	263	-2	
193	257	-2	
129	132	2	
130	132	-1	
130	134	-2	
131	134	2	
131	133	1	
129	133	-1	
233	236	2	
234	237	-2	
235	239	-3	
96	101	-2	
101	109	2	
106	110	-2	
102	110	-3	
96	102	3	
11	75	2	
74	79	-2	
10	74	2	
320	326	1	
329	334	3	
327	335	-1	
320	327	2	
145	148	2	
147	211	-1	
211	215	-2	
166	174	3	
171	174	1	
167	175	-3	
85	93	1	
91	95	-1	
87	95	1	
82	87	3	
428	436	2	
435	436	1	
429	437	2	
482	484	3	
483	484	2	
480	485	2	
480	487	3	
482	487	2	
313	316	-2	
315	379	-2	
379	382	1	
313	377	2	
401	405	2	
402	466	-1	
401	465	1	
270	278	1	
274	278	2	
274	279	-2	
271	279	-1	
264	271	-1	
50	55	-2	
281	287	-3	
449	453	3	
352	358	-3	
354	358	-1	
352	416	-1	
74	77	-2	
65	69	-2	
156	164	-1	
154	157	2	
440	444	2	
440	445	3	
20	28	-2	
26	29	-2	
21	29	-2	
336	341	1	
336	343	-2	
250	254	-2	
249	254	-3	
249	255	1	
248	255	-2	
114	116	1	
116	124	-2	
172	180	-2	
178	182	-3	
174	182	-1	
169	174	2	
195	259	-1	
394	398	2	
403	407	-3	
399	407	1	
3	6	2	
67	68	-2	
66	68	1	
107	111	-2	
104	109	-2	
105	109	-2	
81	84	-1	
84	92	-2	
89	94	2	
86	94	2	
35	38	2	
35	99	-2	
434	436	2	
266	268	2	
267	331	1	
330	332	2	
266	330	-1	
289	292	1	
291	355	-2	
355	356	-2	
289	353	3	
363	364	-2	
363	427	-1	
425	429	-1	
361	425	1	
322	324	2	
323	325	-2	
308	316	-2	
310	318	3	
306	310	1	
210	214	2	
211	275	1	
210	274	1	
464	468	-1	
465	470	2	
464	471	-2	
10	12	-2	
10	14	-1	
240	247	-2	
241	247	2	
305	309	2	
304	309	2	
386	389	-1	
387	390	-1	
219	222	2	
217	221	2	
430	438	2	
431	439	2	
58	61	-2	
58	62	1	
112	119	-2	
115	179	-2	
179	183	-1	
112	176	1	
137	201	2	
200	207	-2	
136	200	1	
411	475	-1	
473	478	1	
409	473	-1	
340	348	-1	
345	348	-3	
341	349	2	
337	341	1	
400	405	2	
505	509	2	
504	511	2	
368	372	-2	
371	372	1	
370	373	-1	
368	374	-2	
296	300	2	
298	301	-2	
297	301	1	
297	302	2	
24	28	1	
26	31	-3	
25	31	1	
458	460	2	
459	461	-2	
491	493	-2	
34	36	2	
40	45	1	
37	45	2	
204	212	-2	
208	212	1	
205	213	1	
265	329	-1	
329	333	2	
264	328	1	
184	188	2	
184	190	1	
346	350	-2	
350	358	-1	
64	70	-1	
281	286	-2	
286	294	1	
288	294	1	
287	295	-1	
243	244	2	
249	252	2	
243	245	-2	
98	100	1	
161	167	1	
90	154	-1	
88	152	-2	
83	87	1	
80	144	1	
379	380	-2	
442	445	-1	
378	442	1	
418	482	2	
357	365	-2	
362	367	2	
359	367	2	
354	359	1	
134	142	-1	
50	53	2	
51	54	-1	
198	206	-2	
199	207	1	
233	238	-1	
256	260	2	
259	262	1	
314	317	2	
432	437	-1	
435	499	-1	
432	496	1	
449	455	3	
168	173	-2	
1	5	2	
408	412	-1	
411	413	2	
42	44	1	
43	47	1	
34	98	-1	
187	251	2	
27	91	-1	
90	93	2	
74	138	-1	
136	141	-1	
416	480	-2	
131	195	1	
129	193	1	
441	447	1	
440	504	1	
493	501	1	
494	502	1	
490	494	-2	
219	283	1	
218	282	1	
82	146	1	
146	148	-2	
263	271	-1	
393	457	-2	
392	456	-2	
56	63	1	
57	61	-1	
298	303	-3	
299	363	1	
469	477	1	
470	478	-1	
104	168	1	
241	245	-1	
240	246	1	
216	220	-1	
220	228	1	
221	229	1	
434	438	-1	
426	430	2	
338	340	1	
337	342	2	
403	405	-2	
401	406	-1	
507	509	-1	
442	506	-2	
322	327	1	
323	387	2	
344	351	-1	
309	317	-1	
192	197	-2	
197	205	1	
99	102	-1	
103	111	1	
66	70	2	
65	71	-1	
331	335	2	
9	12	1	
11	14	-1	
8	15	-1	
24	88	-1	
169	175	-1	
163	227	2	
162	226	-2	
465	468	2	
321	385	1	
385	390	2	
409	412	-2	
76	84	1	
78	86	1	
75	78	1	
299	300	-2	
299	301	1	
276	284	1	
283	285	-1	
277	285	1	
114	178	-1	
427	491	-2	
489	492	-2	
305	311	1	
306	370	2	
305	369	-2	
128	135	1	
498	503	-1	
496	502	-1	
251	252	1	
250	255	1	
267	269	1	
265	271	-1	
32	39	1	
481	485	-1	
394	396	-1	
400	406	1	
91	92	-3	
91	155	-2	
155	157	1	
89	153	1	
18	82	-2	
16	80	2	
1	65	-1	
0	64	1	
49	113	1	
228	236	-1	
235	236	-1	
176	182	-1	
182	190	2	
183	191	1	
43	107	1	
41	105	-1	
281	345	2	
280	344	1	
307	371	1	
304	368	1	
356	364	2	
361	365	2	
424	429	-2	
433	439	-1	
339	341	-2	
161	164	-1	
164	172	-1	
171	172	-1	
165	173	1	
314	378	-1	
19	20	1	
123	124	-1	
238	246	-1	
239	247	-1	
144	148	-1	
232	237	-1	
233	297	-1	
232	296	-1	
4	12	1	
5	13	1	
443	444	1	
443	446	1	
384	389	-1	
394	397	1	
391	399	1	
50	54	1	
408	414	-1	
186	188	1	
187	189	1	
489	494	1	
467	469	-2	
466	470	-2	
312	376	1	
457	462	1	
19	83	1	
83	85	-1	
17	81	-1	
392	398	1	
390	398	-1	
343	351	1	
432	436	-1	
201	205	-1	
401	404	2	
222	230	1	
223	231	1	
168	175	1	
282	346	-1	
328	332	-1	
328	334	1	
108	116	1	
111	119	-1	
179	180	-1	
315	318	1	
115	118	1	
9	73	1	
8	72	1	
145	150	-1	
499	501	1	
497	503	1	
448	454	1	
152	158	-1	
209	273	1	
208	272	-1	
98	103	1	
170	172	-1	
378	382	-1	
185	249	1	
419	420	-1	
420	428	1	
421	429	-1	
386	388	-1	
393	399	1	
456	463	-1	
402	404	1	
48	55	-1	
258	261	-1	
33	37	1	
42	106	-1	
40	104	-1	
377	441	1	
119	127	-1	
138	142	1	
203	206	1	
321	325	-1	
325	333	1	
330	334	-1	
181	189	-1	
Energy:	-1738	
