NumberOfQubits	504	
NumberOfSubgraphs	420	
Serial	323	
PlantedSolution:	
0	1	
1	-1	
2	-1	
3	1	
4	-1	
5	1	
6	-1	
8	1	
9	-1	
10	1	
11	1	
12	-1	
13	-1	
14	1	
15	1	
16	-1	
17	1	
18	1	
19	-1	
20	1	
21	-1	
22	-1	
23	-1	
24	1	
25	1	
26	-1	
27	-1	
28	-1	
29	-1	
30	-1	
31	1	
32	1	
33	-1	
34	-1	
35	-1	
36	-1	
37	-1	
38	-1	
39	-1	
40	-1	
41	-1	
42	1	
43	-1	
44	1	
45	-1	
46	1	
47	-1	
48	-1	
49	-1	
50	-1	
51	1	
52	-1	
53	1	
54	1	
55	1	
56	-1	
57	1	
58	-1	
59	-1	
60	1	
61	1	
62	-1	
63	1	
64	1	
65	1	
66	1	
67	1	
68	-1	
69	1	
70	-1	
71	-1	
72	-1	
73	-1	
74	1	
75	-1	
76	-1	
77	-1	
78	1	
79	-1	
80	1	
81	1	
82	-1	
83	1	
84	1	
85	-1	
86	-1	
87	-1	
88	1	
89	1	
90	-1	
91	-1	
92	1	
93	1	
94	-1	
95	1	
96	-1	
97	1	
98	-1	
99	1	
100	-1	
101	1	
102	1	
103	1	
104	-1	
105	-1	
106	-1	
107	1	
108	-1	
109	1	
110	1	
111	1	
112	1	
113	-1	
114	-1	
115	-1	
116	-1	
117	1	
118	1	
119	-1	
120	1	
121	-1	
123	-1	
124	1	
125	-1	
126	1	
127	-1	
128	-1	
129	-1	
130	1	
131	1	
132	-1	
133	-1	
134	-1	
135	-1	
136	-1	
137	-1	
138	-1	
139	-1	
141	1	
142	1	
143	1	
144	1	
145	-1	
146	-1	
147	1	
148	-1	
149	-1	
150	1	
151	1	
152	-1	
153	1	
154	1	
155	-1	
156	-1	
157	1	
158	-1	
159	-1	
160	1	
161	-1	
162	-1	
163	-1	
164	-1	
165	-1	
166	1	
167	-1	
168	1	
169	1	
170	-1	
171	-1	
172	1	
173	1	
174	-1	
175	-1	
176	-1	
177	-1	
178	-1	
179	1	
180	1	
181	-1	
182	-1	
183	1	
184	-1	
185	-1	
186	1	
187	1	
188	-1	
189	-1	
190	1	
191	1	
192	1	
193	-1	
194	-1	
195	-1	
196	-1	
197	1	
198	-1	
199	-1	
200	-1	
201	-1	
202	1	
203	1	
204	-1	
205	-1	
206	-1	
207	-1	
208	-1	
209	-1	
210	-1	
211	1	
212	-1	
213	1	
214	-1	
215	-1	
216	-1	
217	-1	
218	1	
219	1	
220	1	
221	-1	
222	1	
223	-1	
224	1	
225	-1	
226	1	
227	-1	
228	1	
229	1	
230	1	
231	1	
232	1	
233	-1	
234	-1	
235	-1	
236	1	
237	1	
238	1	
239	-1	
240	1	
241	-1	
242	1	
243	-1	
244	-1	
245	-1	
246	-1	
247	1	
248	1	
249	-1	
250	1	
251	-1	
252	1	
253	1	
254	-1	
255	-1	
256	1	
257	1	
258	-1	
259	1	
260	1	
261	-1	
262	-1	
263	-1	
264	-1	
265	1	
266	1	
267	-1	
268	1	
269	-1	
270	1	
271	1	
272	1	
273	-1	
274	-1	
275	-1	
276	1	
277	-1	
278	1	
279	1	
280	1	
281	1	
282	1	
283	1	
284	-1	
285	1	
286	-1	
287	-1	
288	1	
289	1	
290	-1	
291	1	
292	-1	
293	-1	
294	1	
295	-1	
296	-1	
297	-1	
298	1	
299	-1	
300	1	
301	1	
302	1	
303	1	
304	-1	
305	-1	
306	1	
307	1	
308	-1	
309	1	
310	1	
311	-1	
312	-1	
313	-1	
314	-1	
315	1	
316	-1	
317	1	
318	-1	
319	1	
320	-1	
321	-1	
322	1	
323	1	
324	-1	
325	-1	
326	1	
327	1	
328	1	
329	-1	
330	1	
331	-1	
332	-1	
333	-1	
334	-1	
335	-1	
336	-1	
337	1	
338	1	
339	1	
340	1	
341	-1	
342	-1	
343	-1	
344	-1	
345	1	
346	1	
347	-1	
348	-1	
349	-1	
350	-1	
351	-1	
352	-1	
353	-1	
354	-1	
355	-1	
356	1	
357	1	
358	-1	
359	1	
361	1	
362	1	
363	1	
364	1	
365	1	
367	1	
368	1	
369	-1	
370	-1	
371	1	
372	-1	
373	-1	
374	-1	
375	-1	
376	-1	
377	1	
378	1	
379	-1	
380	1	
382	-1	
383	-1	
384	1	
385	-1	
386	-1	
387	-1	
388	-1	
389	1	
390	-1	
391	-1	
392	1	
393	-1	
394	1	
396	-1	
397	1	
398	1	
399	-1	
400	-1	
401	-1	
402	-1	
403	-1	
404	1	
405	1	
406	1	
407	1	
408	-1	
409	-1	
410	1	
411	1	
412	1	
413	-1	
414	-1	
415	-1	
416	1	
417	-1	
418	1	
419	-1	
420	-1	
421	-1	
422	1	
424	1	
425	-1	
426	-1	
427	-1	
428	-1	
429	-1	
430	1	
431	1	
432	1	
433	1	
434	1	
435	-1	
436	1	
437	1	
438	1	
439	-1	
440	-1	
441	1	
442	-1	
443	-1	
444	-1	
445	-1	
446	-1	
447	-1	
448	1	
449	-1	
450	-1	
451	-1	
452	1	
453	1	
454	1	
455	-1	
456	1	
457	1	
458	1	
459	1	
460	-1	
461	-1	
462	1	
463	-1	
464	-1	
465	-1	
466	1	
467	1	
468	-1	
469	-1	
470	-1	
471	-1	
472	1	
473	-1	
474	-1	
475	1	
476	1	
477	-1	
478	1	
479	1	
480	1	
481	-1	
482	1	
483	-1	
484	1	
485	-1	
486	-1	
487	-1	
488	-1	
489	1	
490	-1	
491	1	
492	1	
493	-1	
494	1	
495	-1	
496	-1	
497	1	
498	1	
499	1	
500	1	
501	1	
502	1	
503	1	
504	1	
505	1	
506	1	
507	-1	
508	-1	
509	1	
510	1	
511	-1	
Js:	
208	212	-4	
211	212	-1	
211	214	3	
209	214	-3	
209	215	-4	
208	215	-2	
80	85	-3	
82	85	-3	
82	86	-3	
83	86	3	
83	87	3	
80	87	2	
225	228	2	
226	228	-2	
226	229	-3	
227	229	2	
227	230	2	
225	230	-2	
449	452	2	
450	452	4	
450	453	2	
451	453	2	
451	455	-3	
449	455	-3	
128	132	-3	
129	132	-2	
129	135	-3	
130	135	2	
130	133	2	
128	133	-3	
264	271	3	
266	271	-2	
266	330	3	
330	332	3	
328	332	2	
264	328	2	
426	428	-2	
427	428	-2	
427	430	2	
425	430	-3	
425	431	3	
426	431	3	
336	340	3	
337	340	-3	
337	341	2	
338	341	1	
338	343	-1	
336	343	-2	
10	13	4	
13	21	-1	
17	21	3	
17	22	-3	
14	22	2	
10	14	-3	
378	380	-2	
379	380	3	
379	382	4	
376	382	-3	
376	383	-3	
378	383	3	
168	172	-4	
172	180	-2	
177	180	-1	
177	182	-4	
174	182	-2	
168	174	3	
184	188	-2	
185	188	-2	
185	190	2	
186	190	-4	
186	191	-1	
184	191	-4	
488	493	-3	
493	501	1	
497	501	-3	
497	502	-3	
494	502	-1	
488	494	-2	
178	183	3	
179	183	-1	
179	243	1	
243	245	2	
242	245	3	
178	242	2	
433	436	-3	
436	444	3	
443	444	-3	
443	445	-3	
437	445	2	
433	437	2	
49	52	-2	
51	52	2	
51	115	2	
115	119	-2	
113	119	-3	
49	113	2	
256	261	3	
257	261	4	
257	263	2	
259	263	4	
259	262	4	
256	262	2	
504	509	-4	
505	509	1	
505	511	4	
507	511	-2	
507	510	3	
504	510	-3	
472	476	-3	
473	476	3	
473	478	-1	
474	478	4	
474	479	2	
472	479	-1	
250	253	-2	
251	253	4	
251	254	-2	
248	254	2	
248	255	2	
250	255	-3	
296	301	3	
297	301	2	
297	302	2	
298	302	-4	
298	303	-4	
296	303	-1	
120	125	3	
123	125	-3	
123	126	3	
121	126	3	
121	127	-5	
120	127	-2	
72	76	-2	
74	76	3	
74	78	-2	
73	78	2	
73	77	-2	
72	77	2	
193	196	2	
195	196	-3	
195	197	2	
194	197	4	
194	198	-2	
193	198	-3	
146	149	-1	
149	157	3	
152	157	2	
152	158	-2	
150	158	2	
146	150	-2	
385	388	-2	
388	396	-3	
393	396	-3	
393	399	1	
391	399	-3	
385	391	-3	
280	285	-3	
285	293	1	
291	293	-1	
291	295	3	
287	295	-1	
280	287	2	
402	404	2	
403	404	-1	
403	467	3	
467	470	5	
466	470	2	
402	466	2	
458	460	2	
459	460	-4	
459	462	-3	
456	462	-4	
456	461	3	
458	461	2	
273	277	-3	
274	277	-4	
274	278	1	
272	278	-4	
272	279	2	
273	279	3	
216	220	2	
219	220	-4	
219	223	1	
217	223	2	
217	221	-2	
216	221	-2	
138	142	3	
139	142	1	
139	203	3	
203	206	-1	
202	206	1	
138	202	3	
34	36	-4	
35	36	-2	
35	37	2	
32	37	3	
32	39	2	
34	39	-2	
355	357	2	
357	365	-1	
362	365	2	
362	367	-4	
359	367	-2	
355	359	2	
160	164	4	
163	164	-1	
163	166	-3	
162	166	4	
162	167	-2	
160	167	3	
56	60	3	
58	60	3	
58	61	3	
59	61	-4	
59	63	3	
56	63	2	
282	286	2	
283	286	3	
283	347	2	
347	349	-3	
346	349	2	
282	346	-2	
305	308	-2	
308	316	2	
315	316	4	
315	317	-3	
309	317	-2	
305	309	3	
25	30	1	
26	30	-4	
26	90	-2	
90	94	3	
89	94	3	
25	89	-3	
98	100	-3	
100	108	-1	
107	108	2	
107	110	-4	
102	110	2	
98	102	4	
232	237	-2	
234	237	-3	
234	238	1	
233	238	2	
233	239	-3	
232	239	3	
320	324	-2	
323	324	2	
323	326	-3	
322	326	2	
322	325	3	
320	325	-3	
368	372	2	
369	372	-1	
369	375	4	
371	375	1	
371	373	4	
368	373	1	
417	421	-3	
418	421	4	
418	482	-2	
482	487	2	
481	487	-3	
417	481	1	
41	45	-3	
45	53	1	
48	53	4	
48	54	-1	
46	54	-2	
41	46	1	
386	389	3	
389	397	-3	
392	397	-4	
392	398	-1	
390	398	-3	
386	390	-3	
432	439	3	
435	439	-2	
435	499	2	
499	503	2	
496	503	1	
432	496	1	
97	101	-2	
101	109	-2	
104	109	2	
104	111	3	
103	111	1	
97	103	-2	
64	69	-3	
67	69	-1	
67	70	-1	
65	70	4	
65	71	2	
64	71	2	
408	412	3	
411	412	-3	
411	415	-3	
410	415	2	
410	413	2	
408	413	-2	
9	12	-3	
12	20	2	
18	20	-3	
18	23	2	
15	23	-1	
9	15	3	
400	407	3	
401	407	1	
401	465	1	
465	468	-1	
464	468	-3	
400	464	-2	
306	310	-2	
310	318	3	
313	318	-3	
313	319	2	
311	319	-1	
306	311	4	
1	4	4	
2	4	-2	
2	6	-3	
3	6	3	
3	5	-1	
1	5	2	
265	268	-2	
267	268	-2	
267	331	-3	
331	333	-3	
329	333	-3	
265	329	2	
344	348	-1	
348	356	-2	
354	356	3	
354	358	-1	
350	358	-2	
344	350	-1	
416	422	-2	
419	422	4	
419	483	3	
483	485	-3	
480	485	3	
416	480	-2	
145	148	-1	
148	156	2	
153	156	2	
153	159	3	
151	159	1	
145	151	3	
24	28	3	
27	28	2	
27	91	-3	
91	95	3	
88	95	-4	
24	88	-2	
136	141	2	
137	141	2	
137	201	-2	
201	205	-1	
200	205	3	
136	200	-2	
241	244	-3	
244	252	2	
249	252	3	
249	254	-2	
246	254	-1	
241	246	2	
224	231	-2	
225	231	2	
225	289	2	
289	292	2	
288	292	3	
224	288	-3	
113	116	2	
114	116	-3	
114	118	4	
112	118	-1	
112	117	-4	
113	117	2	
489	492	-3	
492	500	2	
498	500	-4	
498	503	-3	
495	503	2	
489	495	3	
441	447	2	
442	447	-2	
442	506	-1	
506	508	3	
505	508	2	
441	505	-1	
169	173	-1	
171	173	3	
171	174	-1	
170	174	1	
170	175	-4	
169	175	3	
40	44	1	
42	44	-2	
42	47	1	
43	47	-3	
43	45	-1	
40	45	1	
297	300	-2	
299	300	3	
299	363	2	
363	364	-4	
361	364	-1	
297	361	2	
384	388	2	
387	388	-2	
387	451	1	
451	454	3	
448	454	-2	
384	448	-1	
192	196	3	
196	204	-2	
203	204	4	
203	207	1	
199	207	2	
192	199	2	
331	334	1	
334	342	-2	
339	342	3	
339	343	3	
335	343	-2	
331	335	-2	
210	213	4	
211	213	-2	
211	275	1	
275	276	3	
274	276	1	
210	274	1	
8	13	1	
11	13	2	
11	75	1	
75	79	-2	
72	79	2	
8	72	3	
176	181	4	
181	189	-2	
187	189	1	
187	191	-3	
183	191	-1	
176	183	1	
50	54	2	
54	62	2	
57	62	3	
57	63	-3	
55	63	1	
50	55	4	
465	469	-3	
469	477	-1	
475	477	-1	
475	479	-2	
471	479	2	
465	471	-3	
154	156	2	
155	156	2	
155	219	2	
219	222	-2	
218	222	-3	
154	218	-2	
81	84	-3	
84	92	-2	
90	92	-2	
90	93	2	
85	93	1	
81	85	2	
368	374	2	
370	374	-3	
370	434	3	
434	438	-2	
432	438	-3	
368	432	2	
281	284	2	
284	292	1	
290	292	-2	
290	294	2	
286	294	1	
281	286	2	
402	405	2	
405	413	1	
409	413	-2	
409	414	-3	
406	414	2	
402	406	-2	
240	247	1	
243	247	3	
243	307	2	
307	310	-2	
304	310	1	
240	304	3	
257	260	-3	
258	260	4	
258	322	-1	
322	327	-1	
321	327	3	
257	321	1	
66	68	4	
67	68	2	
67	131	-2	
131	134	4	
130	134	3	
66	130	1	
352	356	3	
353	356	2	
353	417	-3	
417	420	2	
416	420	2	
352	416	2	
96	100	-2	
97	100	3	
97	161	-1	
161	165	-2	
160	165	1	
96	160	1	
483	484	3	
484	492	2	
490	492	2	
490	494	2	
486	494	2	
483	486	-2	
19	21	-2	
21	29	-2	
27	29	-3	
27	31	1	
23	31	-1	
19	23	-4	
393	398	2	
394	398	-4	
394	458	2	
458	463	2	
457	463	2	
393	457	1	
424	429	3	
427	429	-1	
427	491	3	
491	493	3	
424	488	-2	
376	380	-1	
377	380	-2	
377	441	-4	
441	446	2	
440	446	-3	
376	440	-4	
30	38	2	
33	38	-3	
33	39	-2	
31	39	2	
26	31	2	
145	149	-1	
147	149	2	
147	151	-3	
144	151	1	
144	150	-3	
145	150	2	
344	351	3	
345	351	2	
345	409	1	
408	414	-1	
344	408	-2	
224	228	-2	
228	236	-2	
235	236	4	
235	238	3	
230	238	-2	
224	230	1	
264	269	2	
265	269	3	
265	270	-2	
267	270	2	
267	271	2	
41	44	3	
42	106	3	
106	109	3	
105	109	3	
41	105	-3	
312	316	-2	
314	316	-2	
314	319	-4	
315	319	-1	
312	317	3	
35	99	3	
99	103	-3	
96	103	2	
32	96	2	
138	141	-2	
139	141	2	
139	143	3	
137	143	1	
137	142	3	
120	124	-2	
121	124	-2	
123	127	-1	
0	5	-4	
2	5	2	
2	66	-3	
64	68	2	
0	64	-2	
16	22	1	
18	22	2	
18	82	2	
80	86	2	
16	80	3	
497	500	-1	
499	500	-1	
499	502	2	
496	502	2	
496	501	3	
209	212	-2	
210	215	1	
208	213	2	
403	407	3	
464	470	3	
176	180	3	
179	180	-2	
179	182	2	
177	181	-1	
338	340	-3	
338	342	-1	
339	341	3	
336	341	-3	
291	294	-3	
294	302	2	
295	303	1	
370	375	-2	
434	439	1	
433	439	2	
369	433	1	
273	276	3	
276	284	1	
280	284	2	
277	285	-1	
73	76	-2	
76	84	2	
81	87	1	
79	87	-2	
73	79	1	
129	133	-2	
129	193	-1	
192	198	1	
128	192	-1	
475	476	3	
475	478	-3	
474	477	-2	
472	477	2	
385	389	-3	
386	450	-1	
385	449	-1	
361	367	-3	
362	426	1	
426	429	2	
425	429	-1	
361	425	1	
51	55	-3	
115	118	1	
50	114	1	
57	60	-2	
58	62	-3	
56	61	-1	
346	348	-1	
347	348	-2	
347	411	2	
410	412	-1	
346	410	-1	
234	236	-2	
236	244	2	
242	244	1	
242	247	-1	
239	247	1	
234	239	-2	
163	165	-3	
165	173	2	
170	173	2	
167	175	1	
163	167	-2	
184	189	-2	
185	189	-3	
185	249	2	
248	252	-2	
184	248	1	
8	12	2	
11	12	3	
11	15	-2	
10	15	2	
8	14	-2	
201	204	-1	
202	204	3	
202	205	2	
200	207	-2	
201	207	-3	
329	332	-2	
330	334	-2	
328	334	2	
328	333	2	
321	324	-3	
320	326	1	
321	325	1	
256	260	-2	
259	260	-2	
258	262	-3	
258	261	1	
354	357	3	
355	358	-4	
353	358	-2	
353	359	2	
354	359	-2	
304	308	2	
306	308	2	
305	311	-2	
304	309	2	
217	220	3	
218	223	3	
216	222	2	
442	444	2	
443	446	-2	
440	445	-1	
442	445	-3	
480	484	-1	
481	484	-2	
481	486	-3	
482	486	3	
480	487	3	
154	157	-2	
155	157	2	
155	158	-2	
153	158	2	
154	159	-2	
507	508	-2	
504	511	1	
506	511	-4	
460	468	-2	
466	468	3	
466	471	1	
463	471	-2	
459	463	2	
88	92	3	
91	92	1	
91	93	2	
89	93	-1	
88	94	1	
105	108	-2	
106	110	4	
106	111	-1	
105	111	2	
171	172	2	
171	235	-2	
235	237	-1	
168	232	-2	
187	190	-3	
187	251	1	
251	255	-2	
186	250	-2	
392	396	-1	
396	404	2	
401	404	3	
401	405	2	
397	405	-1	
314	318	-2	
314	378	-2	
377	383	3	
313	377	1	
448	453	4	
453	461	1	
457	461	3	
457	462	-2	
454	462	-3	
419	420	-2	
420	428	-2	
424	428	3	
424	430	-2	
422	430	1	
65	69	2	
69	77	2	
75	77	-3	
75	78	3	
70	78	2	
364	372	1	
371	372	2	
365	373	1	
363	365	3	
38	46	2	
40	46	-2	
40	47	-3	
39	47	-2	
224	229	1	
226	290	2	
290	293	-2	
288	293	3	
278	286	1	
283	287	2	
279	287	1	
99	102	-4	
34	98	2	
3	4	2	
0	6	2	
384	390	1	
394	399	3	
384	391	3	
131	195	2	
130	194	2	
17	20	-4	
20	28	-2	
25	28	2	
25	29	2	
48	52	-4	
48	112	1	
296	300	3	
298	300	1	
299	303	2	
299	301	2	
266	268	1	
268	276	-2	
275	278	2	
270	278	-1	
266	270	-2	
240	244	1	
241	245	-2	
243	246	-1	
240	246	3	
489	493	2	
490	493	1	
491	494	-2	
491	495	2	
146	148	-3	
147	148	2	
147	211	2	
210	214	-1	
146	210	-3	
344	349	-2	
345	349	1	
345	350	4	
346	350	2	
346	351	2	
434	436	-2	
435	438	2	
435	437	2	
161	164	-3	
162	164	-3	
162	165	-2	
161	166	2	
133	141	-2	
136	143	2	
135	143	1	
128	135	-4	
16	23	-2	
19	83	-1	
379	443	-2	
443	447	-2	
440	447	-4	
218	221	-1	
221	229	2	
227	231	2	
223	231	1	
352	357	3	
354	418	2	
416	421	2	
116	124	4	
123	124	2	
118	126	-3	
473	477	-3	
477	485	-1	
481	485	-1	
479	487	-1	
473	479	2	
178	180	2	
180	188	2	
187	188	-1	
182	190	1	
178	182	-1	
170	234	-2	
233	237	2	
169	233	2	
144	148	2	
152	156	-2	
144	149	3	
198	206	-1	
200	206	-3	
193	199	-2	
282	284	-2	
283	284	2	
281	287	2	
281	285	-2	
282	285	-1	
500	508	1	
507	509	3	
501	509	-2	
498	501	2	
323	325	-2	
325	333	-1	
329	335	-2	
327	335	2	
323	327	-1	
24	31	-2	
25	31	-2	
89	95	1	
49	53	2	
53	61	-1	
59	62	-1	
49	54	1	
307	309	2	
312	318	-1	
261	269	-2	
266	269	2	
263	271	-1	
449	454	1	
456	463	-1	
455	463	-1	
68	76	-1	
74	79	2	
71	79	1	
66	71	3	
403	406	-1	
410	414	3	
407	415	1	
43	107	-3	
107	111	-2	
40	104	-1	
369	373	-2	
371	374	2	
368	375	3	
427	431	2	
490	495	1	
426	490	-2	
9	13	-1	
10	74	1	
9	73	-3	
93	101	-2	
99	101	-2	
95	103	1	
291	292	-2	
289	294	-1	
289	293	2	
386	388	-1	
387	390	-3	
387	391	1	
464	469	-1	
467	471	1	
337	343	1	
337	342	-2	
336	342	-1	
248	253	-2	
250	254	1	
112	119	1	
115	179	2	
179	181	2	
112	176	2	
67	71	2	
131	132	-3	
65	129	2	
324	332	-2	
326	334	1	
321	326	-1	
264	268	2	
267	269	-1	
264	270	1	
37	45	-2	
42	45	2	
42	46	-2	
32	38	-1	
24	30	1	
22	30	-1	
351	359	-1	
418	420	-1	
421	429	-1	
158	166	1	
159	167	1	
152	159	-3	
256	263	-2	
142	150	-1	
143	151	-1	
138	143	-2	
50	53	-1	
378	442	-2	
442	446	-2	
212	220	1	
214	222	-1	
208	214	-1	
186	188	1	
186	189	2	
185	191	1	
242	246	1	
242	306	2	
304	311	-2	
233	297	-1	
232	296	1	
409	412	2	
409	415	-1	
411	413	1	
476	484	1	
482	484	-1	
478	486	1	
472	478	-3	
57	121	1	
56	120	1	
83	84	2	
392	399	2	
392	456	-1	
96	102	-1	
96	101	2	
9	14	2	
11	14	-2	
8	15	2	
105	169	2	
169	172	1	
104	168	2	
502	510	2	
505	510	-2	
503	511	1	
497	503	-1	
203	205	-1	
197	205	1	
192	197	-2	
290	295	1	
289	295	2	
448	452	-2	
450	455	-2	
338	402	1	
337	401	-2	
362	364	-3	
363	367	-1	
361	365	-3	
430	438	-2	
431	439	2	
249	253	2	
251	315	1	
313	316	-2	
249	313	1	
0	4	2	
1	6	-1	
393	397	2	
272	277	3	
275	277	-1	
275	279	-3	
273	278	1	
349	357	1	
241	247	-1	
307	308	1	
241	305	-1	
466	469	2	
461	469	-2	
459	461	1	
435	436	2	
64	70	2	
227	228	-2	
370	372	-2	
372	380	2	
374	382	-2	
209	213	1	
213	221	1	
216	223	-2	
215	223	1	
26	29	-2	
91	94	-3	
136	142	-1	
201	206	-3	
331	332	1	
320	327	3	
115	116	-1	
117	125	3	
115	117	-2	
107	171	1	
106	170	1	
33	36	-1	
36	44	2	
33	37	1	
177	183	3	
177	241	1	
250	252	-1	
250	314	1	
312	319	2	
248	312	1	
195	199	-2	
194	199	2	
161	225	-1	
160	224	1	
488	492	1	
488	495	-2	
299	302	1	
298	301	1	
16	20	1	
19	22	-1	
59	60	2	
56	62	1	
400	404	2	
401	406	1	
400	405	1	
89	92	-1	
90	154	1	
89	153	-1	
282	287	2	
355	419	-1	
43	44	2	
119	127	-2	
114	119	1	
323	387	2	
387	389	1	
322	386	2	
153	217	-1	
104	108	-2	
169	174	-3	
274	338	1	
272	336	-1	
425	428	1	
425	489	1	
457	460	2	
64	128	1	
504	508	2	
330	333	1	
3	67	-2	
467	469	1	
307	371	-1	
305	369	-1	
178	181	2	
195	198	-1	
193	197	1	
35	38	-1	
97	102	-1	
33	97	-1	
237	245	-1	
240	245	2	
238	246	2	
161	167	1	
410	474	-1	
409	473	-1	
449	453	1	
434	437	-1	
432	437	-1	
315	318	1	
328	335	-1	
329	393	-1	
328	392	-1	
92	100	1	
88	93	-2	
211	215	-1	
50	52	-2	
49	55	-1	
27	30	-1	
152	216	-1	
408	415	-1	
482	485	2	
321	385	-1	
320	384	-1	
112	116	-1	
297	303	1	
433	497	-2	
271	279	-1	
265	271	1	
281	345	1	
16	21	-1	
18	21	1	
398	406	2	
400	406	2	
399	407	1	
202	207	1	
330	335	1	
243	244	-1	
249	255	2	
247	255	1	
43	46	1	
163	227	1	
226	231	-2	
162	226	1	
313	317	1	
171	175	-1	
438	446	-1	
81	86	1	
83	147	-1	
81	145	-1	
75	139	-1	
72	136	-1	
356	364	-1	
352	359	-1	
131	133	1	
144	208	-1	
108	116	-1	
111	119	1	
32	36	2	
98	103	1	
1	65	1	
339	403	1	
403	405	1	
225	229	1	
222	230	-1	
217	222	1	
293	301	1	
260	268	-1	
489	494	-1	
411	475	-1	
408	472	-1	
496	500	1	
499	501	-1	
451	452	1	
452	460	-1	
456	460	1	
280	286	1	
347	351	-1	
280	344	1	
51	54	-2	
47	55	1	
274	279	2	
153	157	-1	
193	257	1	
192	256	1	
413	421	-2	
417	422	1	
414	422	-1	
506	509	-2	
164	172	-1	
134	142	1	
129	134	-2	
82	84	1	
87	95	1	
82	87	-1	
120	126	-1	
123	187	1	
120	184	1	
340	348	1	
345	348	1	
342	350	-1	
379	383	-1	
441	445	-1	
51	53	1	
29	37	-1	
34	37	-1	
34	38	-1	
468	476	1	
464	471	-1	
450	454	1	
448	455	1	
227	291	1	
288	294	-1	
418	422	-1	
5	13	-1	
6	14	1	
302	310	1	
305	310	1	
303	311	1	
57	61	-1	
58	63	1	
77	85	-1	
78	86	1	
146	151	1	
369	374	-1	
218	282	-1	
216	280	-1	
322	324	-1	
314	317	1	
355	356	1	
352	358	1	
341	349	-1	
343	351	1	
219	283	1	
217	281	1	
113	118	-1	
300	308	1	
301	309	-1	
402	407	-1	
154	158	-1	
229	237	-1	
231	239	1	
206	214	-1	
207	215	1	
434	498	-1	
175	183	1	
412	420	-1	
28	36	1	
394	396	1	
483	487	-1	
480	486	1	
258	263	-1	
257	262	-1	
290	354	-1	
289	353	-1	
474	476	-1	
65	68	-1	
66	70	1	
173	181	1	
168	173	-1	
121	125	-1	
114	117	1	
378	382	1	
312	376	-1	
Energy:	-1722	
