NumberOfQubits	504	
NumberOfSubgraphs	504	
Serial	87	
PlantedSolution:	
0	1	
1	1	
2	-1	
3	1	
4	1	
5	-1	
6	-1	
8	-1	
9	1	
10	-1	
11	1	
12	1	
13	1	
14	-1	
15	-1	
16	-1	
17	-1	
18	1	
19	1	
20	1	
21	-1	
22	-1	
23	1	
24	1	
25	1	
26	1	
27	-1	
28	-1	
29	1	
30	-1	
31	1	
32	-1	
33	-1	
34	-1	
35	1	
36	1	
37	1	
38	1	
39	-1	
40	1	
41	1	
42	1	
43	-1	
44	1	
45	-1	
46	-1	
47	1	
48	1	
49	-1	
50	1	
51	1	
52	1	
53	-1	
54	1	
55	1	
56	-1	
57	-1	
58	-1	
59	-1	
60	-1	
61	-1	
62	1	
63	-1	
64	-1	
65	1	
66	-1	
67	-1	
68	-1	
69	-1	
70	-1	
71	1	
72	1	
73	-1	
74	-1	
75	1	
76	-1	
77	-1	
78	1	
79	-1	
80	1	
81	1	
82	1	
83	1	
84	1	
85	1	
86	1	
87	1	
88	-1	
89	1	
90	-1	
91	-1	
92	-1	
93	1	
94	-1	
95	1	
96	1	
97	-1	
98	1	
99	1	
100	-1	
101	1	
102	1	
103	-1	
104	1	
105	-1	
106	-1	
107	1	
108	-1	
109	-1	
110	1	
111	1	
112	1	
113	-1	
114	-1	
115	1	
116	1	
117	-1	
118	-1	
119	1	
120	1	
121	-1	
123	-1	
124	1	
125	-1	
126	1	
127	-1	
128	1	
129	-1	
130	1	
131	1	
132	1	
133	-1	
134	1	
135	-1	
136	1	
137	1	
138	1	
139	1	
141	1	
142	1	
143	1	
144	1	
145	1	
146	-1	
147	1	
148	-1	
149	-1	
150	-1	
151	-1	
152	1	
153	-1	
154	1	
155	1	
156	1	
157	1	
158	1	
159	1	
160	-1	
161	-1	
162	-1	
163	-1	
164	-1	
165	1	
166	-1	
167	-1	
168	-1	
169	-1	
170	1	
171	-1	
172	-1	
173	-1	
174	-1	
175	1	
176	-1	
177	-1	
178	-1	
179	1	
180	-1	
181	1	
182	-1	
183	1	
184	-1	
185	-1	
186	-1	
187	1	
188	1	
189	1	
190	-1	
191	1	
192	1	
193	-1	
194	1	
195	-1	
196	1	
197	-1	
198	1	
199	1	
200	-1	
201	-1	
202	-1	
203	-1	
204	-1	
205	-1	
206	1	
207	-1	
208	1	
209	1	
210	-1	
211	1	
212	-1	
213	1	
214	-1	
215	1	
216	1	
217	1	
218	-1	
219	-1	
220	-1	
221	1	
222	-1	
223	-1	
224	1	
225	-1	
226	-1	
227	1	
228	1	
229	1	
230	1	
231	1	
232	1	
233	1	
234	1	
235	-1	
236	1	
237	-1	
238	1	
239	-1	
240	1	
241	1	
242	1	
243	1	
244	-1	
245	1	
246	1	
247	1	
248	1	
249	-1	
250	-1	
251	-1	
252	1	
253	-1	
254	1	
255	1	
256	-1	
257	1	
258	-1	
259	1	
260	1	
261	1	
262	1	
263	1	
264	1	
265	1	
266	1	
267	-1	
268	1	
269	1	
270	-1	
271	1	
272	1	
273	1	
274	-1	
275	-1	
276	-1	
277	-1	
278	-1	
279	-1	
280	-1	
281	-1	
282	-1	
283	1	
284	-1	
285	1	
286	-1	
287	-1	
288	-1	
289	-1	
290	1	
291	-1	
292	1	
293	-1	
294	-1	
295	-1	
296	1	
297	-1	
298	1	
299	1	
300	-1	
301	-1	
302	1	
303	-1	
304	1	
305	1	
306	1	
307	1	
308	-1	
309	-1	
310	-1	
311	-1	
312	1	
313	1	
314	-1	
315	-1	
316	1	
317	-1	
318	1	
319	1	
320	1	
321	-1	
322	-1	
323	-1	
324	-1	
325	1	
326	-1	
327	1	
328	1	
329	-1	
330	1	
331	1	
332	1	
333	1	
334	1	
335	-1	
336	-1	
337	1	
338	1	
339	-1	
340	-1	
341	-1	
342	1	
343	1	
344	-1	
345	-1	
346	1	
347	1	
348	1	
349	-1	
350	-1	
351	1	
352	-1	
353	1	
354	-1	
355	1	
356	1	
357	-1	
358	-1	
359	1	
361	1	
362	1	
363	1	
364	-1	
365	1	
367	-1	
368	-1	
369	1	
370	-1	
371	-1	
372	1	
373	-1	
374	1	
375	1	
376	-1	
377	-1	
378	-1	
379	-1	
380	1	
382	-1	
383	1	
384	-1	
385	-1	
386	-1	
387	1	
388	-1	
389	1	
390	-1	
391	-1	
392	-1	
393	-1	
394	-1	
396	-1	
397	1	
398	-1	
399	-1	
400	-1	
401	1	
402	1	
403	-1	
404	1	
405	1	
406	1	
407	1	
408	-1	
409	1	
410	-1	
411	1	
412	1	
413	-1	
414	-1	
415	1	
416	1	
417	1	
418	1	
419	-1	
420	1	
421	-1	
422	1	
424	-1	
425	1	
426	-1	
427	1	
428	1	
429	1	
430	-1	
431	1	
432	-1	
433	-1	
434	-1	
435	1	
436	1	
437	1	
438	1	
439	1	
440	1	
441	1	
442	-1	
443	1	
444	-1	
445	1	
446	1	
447	-1	
448	1	
449	-1	
450	1	
451	1	
452	1	
453	1	
454	1	
455	-1	
456	-1	
457	1	
458	1	
459	1	
460	1	
461	-1	
462	1	
463	-1	
464	-1	
465	1	
466	1	
467	-1	
468	1	
469	1	
470	1	
471	-1	
472	1	
473	1	
474	-1	
475	1	
476	1	
477	-1	
478	1	
479	1	
480	1	
481	1	
482	-1	
483	-1	
484	-1	
485	1	
486	1	
487	1	
488	1	
489	1	
490	-1	
491	-1	
492	-1	
493	-1	
494	1	
495	-1	
496	-1	
497	1	
498	-1	
499	-1	
500	1	
501	-1	
502	-1	
503	1	
504	-1	
505	-1	
506	-1	
507	-1	
508	-1	
509	-1	
510	-1	
511	-1	
Js:	
400	404	3	
404	412	-2	
411	412	-2	
411	413	1	
405	413	3	
400	405	-3	
145	148	4	
147	148	4	
147	151	2	
144	151	3	
144	150	4	
145	150	2	
99	101	-3	
101	109	-1	
107	109	2	
107	110	-3	
102	110	-3	
99	102	-3	
392	399	-3	
394	399	-2	
394	458	-2	
458	462	-2	
456	462	2	
392	456	-3	
497	500	-3	
499	500	-3	
499	501	-2	
498	501	-4	
498	502	-3	
497	502	1	
32	36	3	
36	44	-2	
40	44	-2	
40	47	-1	
39	47	-2	
32	39	-2	
266	271	3	
267	271	4	
267	331	4	
331	335	2	
330	335	4	
266	330	-2	
321	325	2	
323	325	3	
323	326	-2	
322	326	2	
322	327	2	
321	327	2	
65	68	4	
68	76	-2	
73	76	-3	
73	77	-3	
69	77	-3	
65	69	3	
258	261	2	
259	261	-4	
259	263	-4	
257	263	-2	
257	262	-2	
258	262	3	
98	100	5	
100	108	-1	
105	108	-3	
105	111	3	
103	111	-3	
98	103	2	
274	279	-4	
275	279	-2	
275	339	2	
339	342	3	
338	342	-2	
274	338	2	
426	429	3	
427	429	-4	
427	430	-1	
425	430	3	
425	431	-4	
426	431	2	
160	164	-3	
162	164	-2	
162	226	-3	
226	229	3	
224	229	-4	
160	224	3	
304	310	-2	
307	310	3	
307	371	2	
371	372	3	
368	372	2	
304	368	3	
169	174	-2	
174	182	3	
179	182	3	
179	183	-3	
175	183	-2	
169	175	3	
440	446	-4	
441	446	-2	
441	505	1	
505	509	-3	
504	509	-2	
440	504	-2	
298	300	4	
299	300	3	
299	302	-2	
296	302	-2	
296	301	4	
298	301	-3	
194	197	-3	
197	205	-2	
202	205	-1	
202	206	5	
198	206	-3	
194	198	-3	
24	29	-3	
25	29	-3	
25	31	2	
26	31	-3	
26	30	4	
24	30	3	
289	292	4	
290	292	-2	
290	354	2	
354	356	3	
353	356	-4	
289	353	-2	
57	60	-3	
58	60	-3	
58	61	3	
56	61	-2	
56	62	5	
57	62	2	
449	453	3	
450	453	-3	
450	454	-3	
451	454	-5	
451	455	-3	
449	455	-3	
120	125	1	
121	125	-4	
121	185	1	
185	191	4	
184	191	2	
120	184	2	
313	316	-2	
315	316	2	
315	319	4	
314	319	-4	
314	318	1	
313	318	-4	
80	85	-2	
83	85	-2	
83	86	-2	
81	86	-4	
81	87	2	
80	87	-2	
235	237	-3	
237	245	1	
243	245	-1	
243	246	-5	
238	246	-2	
235	238	-2	
10	12	3	
12	20	-1	
18	20	-2	
18	22	-3	
14	22	-2	
10	14	-3	
352	358	-4	
355	358	1	
355	419	1	
419	421	-2	
416	421	-3	
352	416	2	
88	92	-2	
90	92	-3	
90	154	1	
154	159	-1	
152	159	-3	
88	152	-2	
178	180	-3	
180	188	-2	
187	188	-3	
187	189	-3	
181	189	-3	
178	181	2	
264	268	-1	
265	268	3	
265	329	2	
329	333	3	
328	333	-3	
264	328	-4	
50	52	-4	
51	52	-5	
51	53	-2	
49	53	-3	
49	54	4	
50	54	-4	
280	284	-2	
283	284	3	
283	287	-1	
281	287	-1	
281	286	-4	
280	286	-1	
345	348	4	
346	348	-2	
346	349	2	
344	349	-3	
344	351	-2	
345	351	2	
473	477	3	
474	477	3	
474	479	3	
475	479	-3	
475	478	-1	
473	478	-3	
481	484	-2	
483	484	-2	
483	485	4	
482	485	3	
482	487	3	
481	487	-2	
217	222	2	
222	230	-2	
225	230	3	
225	231	4	
223	231	3	
217	223	3	
129	133	-3	
131	133	3	
131	195	2	
195	199	-2	
193	199	4	
129	193	-1	
210	212	-3	
211	212	-1	
211	214	4	
208	214	2	
208	213	-2	
210	213	2	
442	445	4	
443	445	-3	
443	507	2	
507	508	-1	
506	508	-5	
442	506	1	
249	252	-2	
251	252	3	
251	253	-2	
250	253	-3	
250	254	3	
249	254	4	
384	388	-3	
385	388	-5	
385	390	-2	
387	390	3	
387	391	5	
384	391	1	
272	277	4	
273	277	-2	
273	337	-2	
337	341	3	
336	341	-2	
272	336	2	
401	407	-2	
403	407	6	
403	467	4	
467	470	2	
465	470	-4	
401	465	-2	
113	116	2	
115	116	-2	
115	118	4	
112	118	3	
112	119	-3	
113	119	3	
72	79	2	
74	79	-3	
74	138	-2	
138	143	-3	
136	143	-3	
72	136	-1	
432	436	4	
435	436	1	
435	439	-4	
434	439	3	
434	437	5	
432	437	2	
488	492	3	
490	492	-2	
490	495	-2	
491	495	4	
491	493	-5	
488	493	1	
1	4	2	
3	4	-2	
3	5	2	
2	5	-3	
2	6	-2	
1	6	3	
361	365	-3	
365	373	-3	
369	373	3	
369	375	-2	
367	375	2	
361	367	3	
457	461	3	
461	469	-2	
466	469	-4	
466	471	4	
463	471	-2	
457	463	3	
376	380	3	
377	380	3	
377	383	4	
378	383	4	
378	382	-2	
376	382	-4	
11	13	1	
13	21	1	
16	21	-3	
16	23	3	
15	23	2	
11	15	4	
89	95	-4	
91	95	2	
91	155	1	
155	157	-2	
153	157	-3	
89	153	2	
64	70	-4	
66	70	-3	
66	130	1	
130	135	-4	
128	135	3	
64	128	2	
234	236	-2	
236	244	1	
240	244	3	
240	247	-2	
239	247	-2	
234	239	4	
35	37	-3	
37	45	2	
42	45	-3	
42	46	3	
38	46	2	
35	38	-2	
137	141	-3	
139	141	-2	
139	203	4	
203	204	-3	
201	204	1	
137	201	3	
218	220	-2	
219	220	-3	
219	221	3	
216	221	3	
216	222	3	
218	222	-2	
168	172	-2	
171	172	-4	
171	174	-2	
170	174	-3	
170	173	2	
168	173	-3	
161	165	3	
163	165	3	
163	167	-2	
162	167	-3	
162	166	-2	
161	166	1	
305	308	-1	
308	316	3	
312	316	-3	
312	317	2	
309	317	-4	
305	309	3	
408	413	-2	
410	413	-4	
410	414	4	
409	414	2	
409	415	-5	
408	415	2	
288	293	1	
291	293	-4	
291	295	-3	
290	295	3	
290	294	3	
288	294	-4	
393	396	-3	
396	404	2	
402	404	-4	
402	406	-3	
398	406	2	
393	398	-3	
417	420	-4	
420	428	-2	
424	428	4	
424	430	4	
422	430	2	
417	422	-2	
120	124	-2	
123	124	4	
123	127	-3	
121	127	3	
121	126	3	
120	126	-3	
464	468	4	
468	476	-2	
472	476	-3	
472	478	-4	
470	478	-2	
464	470	-2	
48	52	-1	
52	60	1	
59	60	-4	
59	63	-4	
55	63	-1	
48	55	-2	
304	311	2	
306	311	2	
306	370	4	
370	374	3	
368	374	-3	
192	196	-3	
196	204	1	
200	204	-3	
200	207	-3	
199	207	-2	
192	199	-3	
480	484	2	
484	492	-2	
489	492	4	
489	494	-2	
486	494	1	
480	486	-3	
232	238	-3	
233	238	-2	
233	297	1	
297	303	-5	
296	303	2	
232	296	2	
256	260	3	
257	260	-2	
257	321	2	
321	324	-4	
320	324	1	
256	320	-2	
82	84	-3	
83	84	-2	
83	147	-2	
147	149	2	
146	149	-4	
82	146	-1	
496	502	-3	
502	510	1	
507	510	-4	
507	511	-3	
503	511	1	
496	503	4	
448	452	-4	
452	460	-3	
459	460	-4	
459	462	-3	
454	462	-1	
448	454	1	
184	190	-3	
186	190	-3	
186	250	1	
250	255	2	
248	255	-2	
184	248	2	
67	70	-3	
70	78	-2	
75	78	-2	
75	79	2	
71	79	3	
67	71	4	
282	285	2	
283	285	-2	
283	347	-1	
347	350	2	
346	350	3	
282	346	-1	
362	364	2	
363	364	3	
363	427	-4	
362	426	-4	
329	332	-2	
332	340	2	
337	340	3	
337	342	-2	
334	342	-2	
329	334	3	
267	268	2	
268	276	2	
273	276	3	
273	278	3	
270	278	-2	
267	270	1	
177	180	-2	
178	242	3	
242	247	-2	
241	247	-2	
177	241	-2	
33	36	-3	
33	97	-1	
97	102	1	
96	102	-3	
32	96	3	
24	28	3	
27	28	-3	
27	91	-2	
91	94	-4	
88	94	-3	
24	88	-2	
433	436	2	
436	444	2	
440	444	3	
438	446	2	
433	438	3	
386	389	1	
389	397	-4	
392	397	2	
391	399	-2	
386	391	4	
106	108	-2	
108	116	1	
114	116	4	
114	117	-4	
109	117	1	
106	109	-4	
352	357	-3	
355	357	3	
355	359	3	
354	359	2	
354	358	-3	
129	132	4	
131	132	-4	
131	134	2	
128	134	-4	
129	135	-2	
17	20	2	
19	20	-3	
19	21	3	
18	21	2	
17	22	-2	
153	156	3	
154	156	-3	
154	158	-3	
155	158	3	
155	159	-4	
153	159	3	
40	45	-1	
41	45	3	
41	105	2	
105	110	2	
104	110	-2	
40	104	-4	
220	228	2	
227	228	-3	
227	231	1	
218	223	-3	
8	12	-3	
9	12	-3	
9	13	-4	
10	13	3	
8	14	-3	
209	213	-3	
211	213	-4	
208	215	4	
209	215	-2	
34	38	2	
43	46	-3	
43	47	3	
34	39	-2	
379	383	2	
379	443	1	
443	447	3	
441	447	2	
377	441	-2	
130	133	3	
133	141	-3	
136	141	-3	
136	142	-2	
134	142	-2	
130	134	-2	
176	183	3	
179	243	1	
240	246	-4	
176	240	2	
416	420	-3	
419	420	2	
419	422	5	
418	422	-2	
418	421	4	
0	6	3	
3	6	-4	
3	67	4	
67	68	-1	
64	68	-3	
0	64	3	
274	276	-3	
275	276	-4	
339	343	3	
338	343	-3	
90	93	-2	
93	101	-2	
97	101	3	
97	103	-3	
95	103	2	
90	95	3	
202	207	-2	
202	266	-1	
266	269	-3	
264	269	-2	
200	264	2	
80	86	-2	
81	145	1	
145	151	2	
80	144	-2	
364	372	3	
371	375	3	
362	367	4	
186	188	3	
187	191	2	
185	189	2	
186	189	3	
490	493	-4	
488	495	3	
488	494	-3	
490	494	3	
312	319	-2	
314	378	-2	
378	380	3	
312	376	3	
323	327	3	
323	387	-1	
386	390	-3	
322	386	-2	
281	284	3	
284	292	2	
288	292	3	
286	294	-2	
48	53	4	
53	61	-2	
54	62	-2	
48	54	2	
194	196	-3	
195	198	5	
195	197	-2	
192	197	4	
400	407	1	
467	468	2	
400	464	-3	
161	164	-4	
164	172	-1	
169	172	-2	
169	173	-2	
165	173	-1	
115	117	2	
113	118	-1	
114	119	-2	
481	485	-3	
483	487	3	
482	486	-2	
481	486	-3	
347	348	-3	
344	350	-3	
345	349	1	
75	76	-3	
72	78	-3	
72	77	2	
297	300	-2	
299	301	4	
299	303	2	
328	332	-1	
331	332	-2	
331	334	-3	
330	334	1	
330	333	-3	
233	236	-4	
235	236	2	
235	239	3	
234	237	1	
233	237	3	
225	228	2	
227	230	-3	
224	230	-1	
225	229	-1	
433	437	2	
434	438	1	
435	438	-3	
433	439	-2	
496	500	2	
497	501	4	
497	503	-3	
408	412	3	
411	475	2	
475	476	-4	
408	472	2	
25	28	3	
27	31	-3	
26	29	-2	
388	396	2	
393	397	4	
385	389	2	
306	309	1	
370	373	2	
305	369	-1	
469	477	2	
473	479	-2	
471	479	-2	
248	252	-2	
249	255	3	
251	255	4	
251	254	2	
248	254	-3	
280	285	3	
285	293	3	
289	293	-3	
289	295	2	
287	295	-3	
280	287	-2	
449	452	2	
459	463	-4	
455	463	-2	
104	111	-1	
106	111	3	
106	170	2	
170	175	-3	
168	175	3	
104	168	-1	
256	261	5	
259	262	-2	
258	263	-4	
256	263	1	
34	37	2	
35	99	-3	
99	100	2	
34	98	-3	
504	508	-3	
506	511	2	
505	511	-3	
505	510	-3	
504	510	-4	
137	143	-2	
139	143	-2	
203	205	2	
201	205	-4	
146	148	2	
148	156	1	
152	156	-2	
152	157	-2	
149	157	2	
265	269	-2	
269	277	3	
272	278	2	
265	270	3	
2	4	4	
2	66	-3	
66	69	-3	
1	65	-4	
84	92	1	
89	92	3	
89	93	-2	
85	93	-3	
82	85	2	
307	309	-2	
313	317	4	
310	318	2	
401	405	-4	
406	414	2	
401	406	-2	
392	398	-3	
394	398	-2	
458	461	4	
456	461	-4	
57	63	-2	
59	123	-3	
121	124	2	
57	121	1	
356	364	-1	
361	364	3	
357	365	2	
353	357	1	
177	182	-3	
178	182	-3	
242	245	-3	
241	245	-3	
11	14	3	
19	22	2	
19	23	2	
336	340	3	
340	348	2	
346	351	-3	
343	351	-2	
336	343	2	
425	428	-1	
425	489	-3	
424	488	-2	
208	212	2	
209	212	2	
209	214	3	
210	214	-2	
210	215	3	
219	222	-2	
216	223	2	
450	452	-3	
450	455	2	
451	453	-3	
448	453	-3	
158	166	2	
163	166	-3	
159	167	1	
441	444	3	
443	444	2	
442	447	-3	
441	445	2	
42	44	-4	
43	44	-2	
43	45	-3	
41	47	-4	
42	47	-1	
322	324	-3	
322	325	2	
320	325	-3	
320	326	4	
321	326	1	
49	52	-1	
51	54	-1	
50	55	-2	
49	55	3	
138	142	-3	
139	142	-2	
203	206	-1	
138	202	2	
353	359	-2	
354	418	1	
417	421	2	
353	417	2	
410	415	-1	
410	474	-2	
409	473	-2	
112	117	1	
113	117	-3	
113	177	-2	
177	181	-2	
176	181	4	
112	176	1	
312	318	-2	
315	318	3	
315	379	2	
379	382	-4	
17	23	4	
17	81	2	
16	80	2	
0	4	-3	
4	12	-1	
5	13	-1	
0	5	3	
369	374	-3	
369	433	2	
368	432	-1	
193	196	2	
194	258	-1	
258	260	3	
193	257	2	
338	341	3	
339	341	-2	
339	403	-1	
402	407	1	
338	402	-1	
74	77	-2	
66	71	2	
160	167	-2	
226	231	2	
224	231	1	
282	287	3	
274	277	-2	
271	279	1	
297	302	3	
302	310	2	
305	310	2	
305	311	3	
303	311	2	
498	500	3	
500	508	1	
506	509	-2	
501	509	1	
171	173	-3	
171	235	-2	
168	232	2	
241	244	1	
244	252	3	
250	252	2	
245	253	-2	
120	127	4	
123	187	-1	
187	190	3	
28	36	1	
33	38	1	
30	38	1	
25	30	2	
107	111	-2	
96	103	1	
457	460	2	
460	468	-1	
465	468	-3	
462	470	-1	
457	462	-3	
363	367	2	
427	431	-2	
361	425	-2	
306	308	3	
307	308	3	
371	373	-2	
59	62	-2	
56	63	-2	
58	63	-3	
384	389	4	
387	389	-1	
384	390	-2	
326	334	3	
328	334	2	
328	335	2	
327	335	3	
320	327	-2	
482	484	-3	
483	486	-1	
480	485	-1	
91	92	-2	
90	94	1	
146	151	-2	
147	150	3	
130	132	-3	
8	15	-2	
11	75	-3	
72	76	2	
8	72	2	
291	294	-1	
291	355	2	
352	359	1	
288	352	-2	
73	78	2	
74	78	2	
137	142	-3	
73	137	1	
172	180	-2	
179	180	2	
491	494	2	
494	502	1	
499	502	-3	
499	503	2	
495	503	1	
154	157	-3	
153	158	1	
152	158	-2	
385	449	2	
384	448	2	
467	469	2	
467	471	-2	
401	404	-2	
400	406	2	
40	46	2	
43	107	3	
107	108	3	
104	108	-2	
276	284	-1	
283	286	2	
278	286	1	
96	101	-3	
97	161	-2	
96	160	-1	
226	228	1	
228	236	2	
229	237	1	
259	260	1	
260	268	-3	
263	271	-1	
314	316	2	
313	319	1	
314	317	-2	
212	220	1	
217	220	3	
217	221	-2	
213	221	-2	
345	350	1	
345	409	2	
408	414	-2	
344	408	-1	
432	438	2	
1	5	3	
29	37	-1	
33	37	2	
33	39	-3	
31	39	-1	
112	116	-1	
115	119	-2	
379	380	-3	
377	382	-2	
193	197	-1	
193	198	2	
249	253	2	
330	394	-1	
394	397	3	
329	393	-1	
507	509	-2	
504	511	1	
19	83	-2	
83	87	2	
82	87	-3	
18	82	-2	
183	191	2	
298	302	-3	
242	244	-2	
243	247	-3	
341	349	2	
347	349	2	
347	351	-2	
337	343	-2	
475	477	2	
474	478	2	
200	205	2	
201	265	1	
264	270	1	
105	109	-2	
105	169	2	
123	125	-2	
123	126	1	
426	490	-1	
489	493	-2	
51	55	-3	
50	53	-1	
163	227	3	
161	225	1	
336	342	3	
81	85	-1	
88	93	2	
86	94	-2	
141	149	1	
144	149	-2	
143	151	1	
35	39	2	
437	445	-1	
439	447	-1	
211	215	-1	
211	275	-1	
210	274	-1	
417	481	-2	
480	487	3	
416	480	-3	
218	282	-3	
216	280	2	
16	20	3	
20	28	1	
22	30	-2	
16	22	1	
259	323	1	
362	365	-2	
363	365	-2	
202	204	-1	
203	207	-2	
201	207	-1	
201	206	-2	
304	308	2	
184	188	-2	
498	503	-1	
59	61	1	
57	61	-4	
32	37	2	
129	134	2	
410	412	2	
411	414	2	
411	415	-3	
232	237	3	
234	238	-3	
466	468	-2	
464	469	2	
9	15	2	
10	15	-2	
8	13	2	
456	460	1	
458	460	-3	
456	463	-2	
392	396	1	
393	399	-2	
349	357	-2	
350	358	3	
371	435	-1	
219	283	-3	
217	281	2	
323	324	-2	
324	332	2	
330	332	1	
17	21	-2	
21	29	1	
27	29	2	
23	31	-2	
80	84	2	
41	46	1	
46	54	1	
47	55	1	
67	131	-1	
128	132	-1	
241	305	-2	
240	304	1	
272	279	-3	
273	279	2	
226	230	-1	
419	483	-2	
418	482	-1	
116	124	-2	
117	125	3	
262	270	3	
256	262	2	
311	319	1	
307	311	2	
378	442	-1	
442	444	-2	
288	295	1	
387	388	1	
473	476	-2	
472	479	2	
92	100	1	
97	100	-2	
296	300	2	
9	14	1	
75	77	-2	
9	73	2	
402	405	-2	
440	445	-2	
281	285	2	
281	345	-2	
280	344	-2	
155	156	-2	
248	253	3	
368	373	-2	
176	180	-1	
173	181	-1	
195	196	1	
192	198	-1	
258	322	-1	
78	86	1	
82	86	-1	
79	87	1	
168	174	-1	
178	183	1	
94	102	-1	
432	439	-1	
435	499	2	
432	496	-2	
118	126	3	
119	127	2	
267	269	1	
331	333	1	
233	239	1	
231	239	1	
243	244	2	
240	245	-2	
185	188	2	
186	191	2	
185	190	-2	
32	38	2	
98	102	-1	
146	150	-2	
145	149	-1	
339	340	-1	
275	278	-2	
154	218	1	
218	221	1	
152	216	-1	
465	471	1	
449	454	2	
347	411	-2	
104	109	2	
27	30	-2	
26	90	2	
359	367	1	
204	212	-3	
205	213	1	
74	76	2	
65	71	-3	
428	436	1	
434	436	2	
429	437	-1	
424	429	3	
161	167	-1	
162	165	1	
160	165	-2	
459	461	-1	
458	463	1	
394	396	-2	
51	115	1	
50	114	1	
219	223	-1	
282	284	-1	
265	271	-1	
329	335	-1	
304	309	2	
226	290	2	
224	288	-1	
487	495	1	
170	234	1	
169	233	1	
412	420	-1	
418	420	-2	
413	421	1	
466	470	-1	
369	372	-1	
372	380	-2	
374	382	-2	
81	84	-2	
135	143	1	
131	135	2	
299	363	1	
297	361	1	
403	406	1	
399	407	-1	
443	446	-3	
442	446	-1	
440	447	1	
41	44	-2	
355	356	2	
247	255	1	
24	31	-1	
11	12	1	
257	261	2	
261	269	-1	
266	270	2	
35	36	-2	
56	60	-1	
58	62	1	
114	118	-1	
156	164	1	
163	164	-1	
232	236	-1	
234	298	-1	
298	303	1	
402	466	-1	
464	471	-1	
370	372	1	
375	383	-2	
370	375	2	
49	113	1	
48	112	-1	
18	23	-1	
448	455	2	
194	199	-1	
146	210	1	
145	209	-2	
185	249	-1	
107	171	1	
89	94	1	
128	133	2	
96	100	-1	
275	277	-1	
242	306	1	
390	398	2	
353	358	1	
351	359	-1	
505	508	2	
264	271	-2	
282	286	-2	
227	229	-2	
221	229	1	
207	215	2	
160	166	-1	
166	174	-1	
167	175	1	
10	74	-1	
251	315	-1	
250	314	-1	
427	428	-1	
426	428	1	
42	106	-1	
56	120	2	
150	158	1	
387	451	-1	
386	450	1	
34	36	-1	
26	28	-1	
371	374	1	
368	375	-1	
67	69	1	
397	405	1	
182	190	-1	
430	438	1	
431	439	-1	
424	431	1	
88	95	1	
200	206	-1	
136	200	1	
106	110	2	
99	103	1	
344	348	1	
476	484	1	
478	486	-2	
266	268	1	
313	377	-1	
325	333	2	
214	222	1	
291	292	2	
352	356	2	
130	194	1	
376	383	2	
491	492	-1	
489	495	-1	
144	148	-1	
416	422	-1	
91	93	1	
272	276	1	
115	179	1	
177	183	1	
393	457	-1	
170	172	1	
354	357	-1	
225	289	-1	
386	388	-1	
321	385	1	
216	220	1	
426	430	-1	
192	256	1	
306	310	-1	
98	162	-1	
433	497	1	
496	501	1	
232	239	1	
73	79	-1	
338	340	-1	
184	189	1	
435	437	-1	
434	498	-1	
346	410	1	
472	477	1	
477	485	-1	
403	405	1	
409	413	-1	
407	415	-1	
292	300	-1	
293	301	-1	
147	211	1	
425	429	-1	
176	182	1	
242	246	-1	
403	404	1	
Energy:	-2108	
