NumberOfQubits	504	
NumberOfSubgraphs	840	
Serial	347	
PlantedSolution:	
0	1	
1	-1	
2	1	
3	1	
4	-1	
5	-1	
6	1	
8	-1	
9	-1	
10	-1	
11	-1	
12	1	
13	-1	
14	1	
15	-1	
16	-1	
17	1	
18	1	
19	-1	
20	1	
21	1	
22	1	
23	1	
24	-1	
25	1	
26	-1	
27	-1	
28	-1	
29	-1	
30	-1	
31	1	
32	-1	
33	1	
34	-1	
35	-1	
36	1	
37	1	
38	1	
39	1	
40	1	
41	-1	
42	1	
43	1	
44	-1	
45	-1	
46	-1	
47	-1	
48	1	
49	-1	
50	-1	
51	1	
52	1	
53	-1	
54	1	
55	-1	
56	1	
57	1	
58	1	
59	1	
60	-1	
61	-1	
62	1	
63	1	
64	-1	
65	-1	
66	-1	
67	-1	
68	-1	
69	1	
70	-1	
71	-1	
72	-1	
73	1	
74	1	
75	1	
76	1	
77	-1	
78	-1	
79	1	
80	-1	
81	-1	
82	1	
83	-1	
84	-1	
85	1	
86	1	
87	-1	
88	1	
89	-1	
90	-1	
91	1	
92	1	
93	1	
94	-1	
95	1	
96	-1	
97	1	
98	-1	
99	1	
100	1	
101	-1	
102	1	
103	-1	
104	1	
105	1	
106	-1	
107	1	
108	1	
109	1	
110	-1	
111	1	
112	1	
113	1	
114	-1	
115	1	
116	-1	
117	1	
118	-1	
119	-1	
120	-1	
121	-1	
123	-1	
124	1	
125	1	
126	-1	
127	1	
128	1	
129	-1	
130	-1	
131	1	
132	1	
133	1	
134	-1	
135	-1	
136	1	
137	-1	
138	-1	
139	1	
141	1	
142	1	
143	-1	
144	-1	
145	-1	
146	-1	
147	-1	
148	-1	
149	1	
150	1	
151	-1	
152	-1	
153	1	
154	-1	
155	1	
156	-1	
157	1	
158	-1	
159	-1	
160	1	
161	-1	
162	1	
163	-1	
164	-1	
165	-1	
166	-1	
167	-1	
168	1	
169	1	
170	-1	
171	-1	
172	1	
173	1	
174	1	
175	1	
176	1	
177	-1	
178	-1	
179	1	
180	1	
181	1	
182	-1	
183	1	
184	1	
185	-1	
186	1	
187	1	
188	-1	
189	1	
190	-1	
191	1	
192	-1	
193	-1	
194	1	
195	1	
196	-1	
197	-1	
198	1	
199	-1	
200	1	
201	-1	
202	-1	
203	-1	
204	-1	
205	1	
206	-1	
207	-1	
208	1	
209	-1	
210	-1	
211	1	
212	-1	
213	1	
214	1	
215	-1	
216	1	
217	1	
218	-1	
219	1	
220	-1	
221	1	
222	-1	
223	-1	
224	-1	
225	1	
226	1	
227	1	
228	-1	
229	-1	
230	1	
231	-1	
232	1	
233	1	
234	1	
235	1	
236	-1	
237	1	
238	-1	
239	1	
240	1	
241	1	
242	1	
243	1	
244	-1	
245	-1	
246	1	
247	-1	
248	-1	
249	-1	
250	1	
251	-1	
252	1	
253	-1	
254	1	
255	1	
256	1	
257	-1	
258	1	
259	1	
260	-1	
261	1	
262	1	
263	-1	
264	1	
265	-1	
266	-1	
267	-1	
268	-1	
269	-1	
270	1	
271	1	
272	1	
273	-1	
274	1	
275	-1	
276	1	
277	-1	
278	1	
279	1	
280	-1	
281	1	
282	1	
283	1	
284	1	
285	1	
286	-1	
287	-1	
288	1	
289	-1	
290	-1	
291	-1	
292	-1	
293	-1	
294	1	
295	1	
296	1	
297	1	
298	-1	
299	1	
300	-1	
301	1	
302	-1	
303	-1	
304	-1	
305	-1	
306	-1	
307	1	
308	1	
309	1	
310	1	
311	-1	
312	-1	
313	-1	
314	-1	
315	1	
316	1	
317	-1	
318	-1	
319	1	
320	1	
321	1	
322	-1	
323	1	
324	-1	
325	-1	
326	-1	
327	1	
328	-1	
329	1	
330	-1	
331	-1	
332	-1	
333	-1	
334	1	
335	1	
336	1	
337	1	
338	-1	
339	-1	
340	1	
341	1	
342	1	
343	-1	
344	-1	
345	1	
346	1	
347	-1	
348	-1	
349	1	
350	1	
351	1	
352	-1	
353	1	
354	1	
355	-1	
356	1	
357	-1	
358	-1	
359	-1	
361	1	
362	-1	
363	1	
364	-1	
365	1	
367	1	
368	1	
369	1	
370	-1	
371	-1	
372	-1	
373	1	
374	-1	
375	-1	
376	1	
377	1	
378	-1	
379	1	
380	-1	
382	-1	
383	-1	
384	1	
385	-1	
386	1	
387	-1	
388	1	
389	1	
390	1	
391	1	
392	1	
393	-1	
394	-1	
396	1	
397	1	
398	-1	
399	1	
400	1	
401	-1	
402	1	
403	1	
404	1	
405	-1	
406	1	
407	-1	
408	-1	
409	1	
410	1	
411	1	
412	1	
413	1	
414	-1	
415	-1	
416	-1	
417	1	
418	-1	
419	-1	
420	1	
421	-1	
422	-1	
424	1	
425	-1	
426	1	
427	-1	
428	1	
429	-1	
430	1	
431	-1	
432	1	
433	-1	
434	-1	
435	-1	
436	1	
437	-1	
438	-1	
439	-1	
440	1	
441	-1	
442	1	
443	1	
444	1	
445	1	
446	-1	
447	-1	
448	1	
449	-1	
450	-1	
451	-1	
452	1	
453	1	
454	1	
455	1	
456	-1	
457	-1	
458	-1	
459	-1	
460	1	
461	1	
462	1	
463	1	
464	1	
465	-1	
466	-1	
467	-1	
468	-1	
469	1	
470	1	
471	-1	
472	1	
473	1	
474	-1	
475	1	
476	-1	
477	1	
478	1	
479	1	
480	-1	
481	1	
482	-1	
483	1	
484	-1	
485	-1	
486	-1	
487	1	
488	-1	
489	-1	
490	1	
491	1	
492	-1	
493	-1	
494	-1	
495	-1	
496	-1	
497	-1	
498	1	
499	1	
500	-1	
501	1	
502	-1	
503	1	
504	-1	
505	-1	
506	-1	
507	-1	
508	1	
509	1	
510	-1	
511	1	
Js:	
496	500	-5	
500	508	5	
507	508	5	
507	510	-5	
502	510	-5	
496	502	-5	
81	85	6	
85	93	5	
90	93	5	
90	94	-5	
86	94	4	
81	86	5	
72	77	-5	
75	77	5	
75	139	2	
139	141	-3	
136	141	-6	
72	136	2	
234	239	-4	
235	239	-5	
235	299	2	
299	303	3	
298	303	-4	
234	298	4	
401	406	4	
402	406	-3	
402	466	4	
466	470	3	
465	470	4	
401	465	3	
256	260	5	
257	260	-4	
257	261	5	
258	261	-4	
258	263	5	
256	263	-4	
338	341	5	
341	349	-2	
344	349	-4	
344	351	5	
343	351	1	
338	343	-4	
10	13	-6	
13	21	3	
19	21	5	
19	22	5	
14	22	-3	
10	14	-3	
353	359	4	
354	359	5	
354	418	-3	
418	420	7	
417	420	-2	
353	417	-4	
216	222	3	
219	222	3	
219	283	4	
283	285	-4	
280	285	6	
216	280	3	
176	180	-3	
179	180	-4	
179	182	5	
177	182	-4	
177	181	-4	
176	181	-6	
35	36	5	
36	44	1	
43	44	-4	
43	46	3	
38	46	2	
35	38	3	
449	453	5	
450	453	4	
450	454	6	
448	454	-4	
448	455	-6	
449	455	-4	
98	101	-4	
99	101	-8	
99	163	2	
163	167	-3	
162	167	5	
98	162	3	
130	132	3	
131	132	-7	
131	135	5	
129	135	-5	
129	134	2	
130	134	-4	
225	228	6	
226	228	-4	
226	231	4	
224	231	-5	
224	229	-3	
225	229	3	
193	197	-6	
195	197	-4	
195	199	4	
192	199	-2	
192	198	4	
193	198	3	
49	52	-4	
51	52	-4	
51	53	4	
48	53	4	
48	54	-3	
49	54	5	
209	213	3	
211	213	-5	
211	214	-5	
208	214	-5	
208	215	4	
209	215	-4	
403	404	-4	
404	412	5	
410	412	-4	
410	415	6	
407	415	-3	
403	407	3	
64	68	-5	
65	68	-2	
65	70	-6	
66	70	4	
66	71	-5	
64	71	-2	
482	484	-4	
484	492	-3	
489	492	-4	
489	495	-2	
487	495	4	
482	487	-3	
154	156	3	
155	156	6	
155	159	5	
153	159	4	
153	157	-3	
154	157	6	
473	476	5	
475	476	4	
475	477	4	
472	477	-4	
472	479	-5	
473	479	-3	
24	28	-4	
27	28	-5	
27	29	-5	
25	29	6	
25	31	4	
24	31	7	
321	325	4	
322	325	-4	
322	386	2	
386	391	-2	
385	391	-5	
321	385	3	
368	372	5	
370	372	-4	
370	374	-5	
371	374	-6	
371	375	-4	
368	375	4	
200	204	3	
201	204	-5	
201	205	4	
202	205	4	
202	206	-4	
200	206	5	
104	108	5	
108	116	2	
115	116	3	
115	117	-4	
109	117	-2	
104	109	-3	
304	309	3	
306	309	4	
306	311	-6	
305	311	-4	
305	310	4	
304	310	5	
186	189	-5	
187	189	-5	
187	251	2	
251	253	-4	
250	253	5	
186	250	2	
217	220	2	
218	220	-2	
218	282	4	
282	286	5	
281	286	-5	
217	281	-3	
435	436	3	
436	444	3	
442	444	-5	
442	446	4	
438	446	-5	
435	438	-5	
232	238	4	
233	238	2	
233	297	-1	
297	300	2	
296	300	-6	
232	296	-5	
426	429	5	
427	429	-6	
427	491	4	
491	494	4	
490	494	3	
426	490	4	
272	276	-4	
274	276	-5	
274	277	3	
275	277	5	
275	279	3	
272	279	-5	
56	60	5	
59	60	3	
59	63	-6	
57	63	-5	
57	62	-6	
56	62	-5	
320	324	4	
324	332	-4	
328	332	-4	
328	335	-3	
327	335	-3	
320	327	-6	
314	316	-7	
315	316	-3	
315	317	7	
313	317	-5	
313	319	4	
314	319	4	
266	269	-3	
267	269	-6	
267	331	-5	
331	334	5	
330	334	5	
266	330	-6	
73	76	5	
74	76	-3	
74	138	3	
138	143	-5	
137	143	-6	
73	137	1	
113	118	5	
118	126	-4	
121	126	-6	
121	127	5	
119	127	5	
113	119	4	
144	148	-4	
145	148	-7	
145	149	4	
147	149	8	
147	150	5	
144	150	4	
288	292	5	
291	292	-3	
291	294	3	
290	294	-6	
290	295	3	
288	295	-4	
456	461	5	
457	461	7	
457	462	6	
458	462	3	
458	463	4	
456	463	-4	
376	383	4	
377	383	5	
377	441	3	
441	447	-4	
440	447	3	
376	440	-3	
240	244	3	
243	244	5	
243	246	-4	
242	246	-5	
242	247	5	
240	247	4	
97	102	-5	
102	110	6	
105	110	-1	
105	111	-4	
103	111	5	
97	103	5	
161	164	-6	
164	172	3	
170	172	3	
170	173	5	
165	173	4	
161	165	-5	
8	12	4	
12	20	-3	
18	20	-5	
18	23	-2	
15	23	3	
8	15	5	
337	340	5	
340	348	4	
346	348	5	
346	350	-3	
342	350	-3	
337	342	-4	
393	396	3	
394	396	6	
394	399	5	
392	399	-4	
392	397	-4	
393	397	5	
2	4	-5	
3	4	7	
3	5	6	
0	5	5	
0	6	-5	
2	6	-6	
433	437	-3	
434	437	-6	
434	498	-4	
498	501	-5	
497	501	3	
433	497	-6	
184	188	4	
185	188	-6	
185	249	-2	
249	254	5	
248	254	-5	
184	248	2	
361	364	6	
362	364	-7	
362	365	3	
363	365	-9	
363	367	-4	
361	367	-4	
82	84	5	
84	92	3	
91	92	-6	
91	95	-5	
87	95	4	
82	87	5	
409	413	-3	
413	421	-1	
416	421	-2	
416	422	-5	
414	422	-1	
409	414	5	
33	37	-7	
37	45	2	
41	45	-5	
41	47	6	
39	47	1	
33	39	-3	
160	166	4	
166	174	5	
171	174	2	
171	175	5	
167	175	2	
160	167	-3	
504	508	4	
505	508	5	
505	509	5	
506	509	5	
506	511	3	
504	511	5	
474	477	5	
477	485	1	
481	485	4	
481	486	5	
478	486	-1	
474	478	3	
352	356	3	
353	356	5	
353	357	3	
355	357	-5	
355	358	-6	
352	358	-6	
425	428	7	
427	428	4	
427	430	-3	
424	430	-6	
424	431	4	
425	431	-6	
384	388	2	
386	388	-7	
386	389	-3	
387	389	4	
387	390	4	
384	390	-4	
265	268	-3	
267	268	-4	
267	270	4	
264	270	-6	
264	271	-4	
265	271	6	
464	468	3	
467	468	-4	
467	469	5	
466	469	3	
466	471	-3	
464	471	6	
378	382	-3	
379	382	5	
379	443	-3	
443	445	-6	
442	445	-1	
378	442	-3	
289	293	-4	
293	301	-2	
298	301	3	
298	302	-5	
294	302	2	
289	294	3	
145	151	-5	
146	151	-5	
146	210	-4	
210	212	-2	
209	212	-4	
145	209	-2	
336	343	5	
339	343	-4	
339	403	4	
403	405	-2	
400	405	5	
336	400	-2	
48	55	5	
50	55	-5	
50	114	-1	
114	117	4	
112	117	4	
48	112	-3	
307	308	-6	
308	316	-2	
312	316	4	
312	318	-4	
310	318	5	
307	310	-4	
120	124	6	
121	124	6	
121	125	4	
123	125	5	
123	126	-5	
120	126	3	
258	262	-5	
259	262	-6	
259	323	-2	
323	326	6	
322	326	4	
258	322	3	
451	452	5	
452	460	-3	
459	460	3	
459	463	6	
455	463	-4	
451	455	4	
32	38	5	
34	38	5	
34	98	-5	
98	100	6	
96	100	4	
32	96	-5	
233	236	-7	
236	244	-2	
241	244	4	
241	245	5	
237	245	2	
233	237	-4	
128	133	5	
130	133	5	
130	194	3	
194	196	5	
192	196	-4	
128	192	2	
88	93	-3	
89	93	4	
89	153	2	
153	158	6	
152	158	-5	
88	152	5	
368	373	-6	
369	373	-6	
369	433	2	
433	439	-5	
432	439	4	
368	432	2	
178	182	-4	
182	190	-4	
187	190	4	
187	191	-5	
183	191	-4	
178	183	-3	
488	493	-4	
493	501	3	
499	501	-5	
499	503	-4	
495	503	-2	
488	495	-5	
273	276	-6	
276	284	-3	
282	284	-6	
282	287	3	
279	287	3	
273	279	2	
9	12	7	
11	12	2	
11	75	4	
75	78	4	
73	78	-2	
9	73	4	
345	349	-3	
347	349	4	
347	411	3	
411	413	-6	
345	409	-3	
419	421	-6	
419	483	4	
483	484	4	
480	484	-4	
416	480	5	
42	44	5	
43	107	-4	
107	110	3	
106	110	-4	
42	106	4	
16	21	5	
17	21	3	
17	81	4	
81	84	-4	
80	84	-6	
16	80	-2	
216	221	-3	
221	229	2	
227	229	5	
227	231	4	
223	231	2	
216	223	4	
1	6	8	
3	6	-3	
3	67	4	
67	69	3	
65	69	3	
1	65	-4	
328	333	-7	
329	333	3	
329	393	2	
393	398	5	
392	398	2	
328	392	2	
136	142	-6	
139	142	-5	
139	203	3	
203	207	-5	
200	207	3	
136	200	2	
248	252	5	
251	252	6	
251	255	3	
249	255	7	
25	28	3	
27	30	-5	
26	30	-4	
26	29	-5	
168	173	-3	
170	174	3	
169	174	-3	
169	175	-2	
168	175	4	
56	61	-6	
59	61	4	
59	62	-6	
58	62	-3	
58	63	-7	
56	63	-2	
74	78	5	
78	86	2	
83	86	3	
83	87	-6	
79	87	-1	
74	79	-5	
408	414	-5	
411	414	4	
411	475	-3	
472	476	5	
408	472	4	
224	230	6	
226	230	3	
226	290	3	
290	293	-5	
288	293	3	
224	288	3	
40	46	8	
42	46	6	
106	108	3	
40	104	-3	
313	318	2	
315	318	4	
315	379	-4	
379	380	4	
377	380	4	
313	377	4	
211	275	4	
275	278	4	
272	278	-3	
208	272	-3	
384	389	-6	
385	389	4	
387	391	5	
465	469	7	
467	471	5	
464	470	-6	
146	148	-3	
146	149	2	
450	452	-4	
451	453	5	
448	453	-4	
259	260	4	
260	268	-4	
266	268	5	
266	271	3	
263	271	4	
259	263	4	
435	437	-4	
437	445	4	
443	447	-4	
439	447	-4	
435	439	-2	
507	511	-5	
505	510	-2	
363	364	-2	
362	367	7	
235	238	5	
238	246	2	
243	247	3	
239	247	-2	
160	164	-4	
163	164	-4	
163	166	-5	
162	166	6	
162	165	3	
160	165	4	
424	429	3	
426	430	-5	
425	430	3	
297	301	-3	
301	309	-4	
303	311	-3	
297	303	-4	
51	55	3	
50	54	4	
67	68	-4	
67	131	2	
131	134	3	
128	134	5	
64	128	2	
345	348	5	
345	350	-5	
312	319	5	
314	378	-4	
378	383	-6	
312	376	4	
99	100	-2	
97	101	2	
96	103	-5	
177	180	4	
179	181	-4	
179	183	-2	
176	183	-4	
329	332	3	
331	332	-4	
331	335	4	
330	335	-4	
329	334	-2	
16	20	4	
19	20	4	
17	22	-6	
17	23	4	
16	23	6	
354	356	-5	
355	356	3	
355	359	3	
352	359	-4	
354	358	2	
400	404	3	
401	404	5	
402	405	5	
89	92	3	
91	94	2	
90	95	3	
89	95	-4	
195	196	-2	
196	204	-4	
203	204	-5	
203	206	-4	
198	206	3	
195	198	-7	
482	485	-6	
483	485	5	
483	486	3	
481	487	-5	
490	492	6	
491	492	4	
491	493	5	
488	494	-5	
217	222	7	
283	287	6	
281	287	4	
256	261	-6	
257	321	2	
321	327	-4	
256	320	1	
457	460	-3	
458	460	7	
456	462	4	
11	13	-6	
11	14	3	
8	14	4	
10	15	-5	
112	116	4	
114	116	-3	
114	119	-5	
115	119	4	
115	118	5	
112	118	4	
32	36	-3	
34	36	5	
34	39	4	
32	37	5	
227	228	4	
227	291	-2	
291	295	6	
289	295	6	
225	289	2	
137	141	5	
138	141	4	
138	202	-3	
137	201	-4	
186	188	5	
186	190	5	
184	190	-4	
184	189	-2	
185	189	4	
240	245	3	
241	305	3	
305	308	-2	
304	308	4	
240	304	6	
152	156	2	
154	159	-2	
152	157	4	
432	436	-4	
441	444	3	
441	446	-5	
432	438	4	
497	500	-2	
497	503	5	
498	503	-3	
498	502	4	
66	69	3	
69	77	4	
72	79	-3	
71	79	5	
371	373	4	
370	375	-4	
369	374	4	
210	213	3	
213	221	3	
218	221	4	
218	223	-3	
215	223	-4	
210	215	-4	
264	269	3	
269	277	-3	
274	278	4	
270	278	-4	
346	351	-5	
346	410	4	
408	412	4	
344	408	-2	
105	109	-4	
107	109	-4	
107	171	-2	
171	172	6	
169	172	-4	
105	169	-4	
0	4	5	
2	5	6	
1	5	-4	
123	124	5	
123	127	5	
120	127	-5	
120	125	7	
232	237	-3	
234	237	3	
296	302	3	
419	420	5	
417	421	-4	
417	422	6	
418	422	-4	
130	135	-4	
194	199	5	
193	199	-5	
129	193	-2	
473	478	-6	
474	479	7	
280	284	4	
281	284	-2	
282	285	-3	
26	28	-5	
26	31	4	
27	31	-2	
24	30	-5	
83	84	2	
83	85	5	
82	85	-1	
82	86	-4	
80	86	2	
58	60	4	
57	61	3	
323	324	4	
325	333	-4	
323	325	5	
392	396	-5	
393	399	4	
394	398	-5	
40	44	2	
42	47	1	
40	45	3	
249	252	-3	
250	255	-5	
336	340	-3	
338	340	4	
338	342	4	
339	342	4	
339	341	-4	
336	341	-4	
289	292	-3	
292	300	-4	
299	300	4	
295	303	2	
138	142	3	
142	150	2	
146	150	5	
143	151	-1	
372	380	-4	
376	380	4	
376	382	-5	
374	382	-3	
161	166	-1	
168	174	-5	
161	167	-5	
232	236	2	
242	244	-2	
242	245	4	
208	212	4	
212	220	-5	
214	222	-2	
90	154	2	
154	158	-5	
347	351	4	
411	415	2	
434	436	4	
435	499	4	
9	14	7	
72	76	2	
8	72	-3	
402	407	5	
403	467	4	
466	468	-5	
489	493	6	
425	489	-2	
440	446	-2	
443	446	2	
443	507	3	
440	504	3	
268	276	1	
273	278	1	
265	270	1	
178	181	2	
181	189	-4	
186	191	-3	
107	108	-2	
113	116	5	
111	119	-1	
107	111	-3	
385	388	4	
387	388	-3	
387	451	-2	
385	449	-2	
129	133	5	
192	197	-5	
307	309	-3	
309	317	-3	
311	319	4	
307	311	2	
32	39	-4	
35	39	6	
35	99	3	
99	102	-4	
96	102	2	
416	420	5	
480	485	-3	
352	357	-4	
354	357	4	
48	52	-5	
50	53	-5	
17	20	-3	
18	21	-3	
19	23	4	
230	238	-3	
231	239	3	
202	204	-3	
201	207	-3	
66	68	-4	
64	69	5	
64	70	-3	
459	462	5	
462	470	3	
463	471	3	
389	397	-3	
394	397	4	
391	399	-5	
384	391	-3	
409	412	-5	
409	415	3	
401	407	-5	
497	502	-4	
432	496	4	
211	212	5	
219	220	5	
219	223	-2	
211	215	2	
320	325	3	
330	333	-3	
326	334	3	
320	326	3	
486	494	2	
489	494	-6	
131	195	-1	
194	197	2	
283	347	5	
280	344	-2	
104	110	3	
104	111	3	
180	188	-2	
185	190	-3	
300	308	4	
302	310	1	
274	279	-5	
274	338	3	
272	336	2	
4	12	1	
9	13	-2	
5	13	1	
162	226	-2	
225	230	-4	
161	225	1	
70	78	-2	
65	71	4	
43	45	-4	
33	38	-3	
440	444	-7	
442	506	4	
504	509	5	
291	293	-5	
288	294	-5	
80	85	4	
83	147	-2	
144	149	5	
80	144	3	
364	372	-3	
371	372	-3	
367	375	-4	
473	477	-3	
475	479	-3	
475	478	-6	
246	254	-4	
248	255	1	
247	255	4	
378	380	-4	
377	382	4	
88	95	-3	
88	94	2	
89	94	-5	
139	143	5	
117	125	-4	
267	271	-1	
329	335	-5	
265	329	5	
25	30	3	
448	452	-4	
449	452	4	
450	455	4	
456	460	4	
460	468	-2	
465	468	-4	
461	469	-2	
57	60	5	
58	61	6	
312	317	-3	
314	318	-3	
488	492	-2	
424	488	4	
405	413	5	
408	413	3	
406	414	3	
400	406	-5	
299	301	-6	
299	363	-3	
361	365	-6	
297	361	-5	
148	156	-4	
151	159	4	
106	109	4	
106	170	1	
169	173	-3	
273	277	-4	
275	339	-3	
337	343	3	
273	337	2	
257	263	3	
259	261	-2	
499	500	-5	
505	511	4	
503	511	-3	
305	369	4	
304	368	-1	
11	15	-5	
75	76	-5	
10	74	3	
388	396	-6	
390	398	6	
386	390	-4	
200	205	-5	
205	213	-3	
207	215	2	
18	22	-4	
18	82	-4	
81	87	1	
123	187	1	
184	191	-5	
120	184	1	
228	236	-3	
229	237	3	
441	445	3	
434	439	-2	
114	178	-6	
113	177	-3	
46	54	2	
49	55	4	
47	55	-3	
40	47	4	
280	286	-4	
171	173	3	
163	165	3	
244	252	4	
250	252	-4	
245	253	-4	
482	486	-4	
458	461	-2	
257	262	5	
322	324	1	
321	324	5	
155	157	-4	
155	158	-1	
152	159	-3	
344	348	-3	
346	349	-4	
344	350	-4	
424	428	-3	
426	431	4	
193	196	3	
194	198	-3	
179	243	-2	
240	246	2	
176	240	-2	
1	4	4	
129	132	5	
128	135	3	
41	44	-5	
44	52	3	
50	52	3	
45	53	2	
283	284	2	
284	292	3	
287	295	1	
170	175	4	
170	234	4	
234	238	2	
168	232	-2	
162	164	1	
96	160	3	
507	509	2	
504	510	-3	
506	510	-5	
371	435	2	
434	438	-2	
370	434	-2	
116	124	3	
73	77	4	
72	78	-5	
355	419	2	
385	390	-2	
16	22	-1	
210	214	-5	
208	213	-3	
330	332	-2	
242	306	-3	
304	311	-1	
67	71	-4	
113	117	-2	
110	118	1	
248	253	-5	
217	221	-3	
226	229	4	
222	230	2	
490	495	6	
29	37	2	
34	37	1	
31	39	-2	
337	341	-4	
297	302	5	
451	454	4	
141	149	-1	
28	36	2	
30	38	2	
203	205	-3	
197	205	3	
272	277	3	
277	285	2	
281	285	-4	
278	286	4	
105	108	-4	
104	168	-3	
216	220	4	
220	228	-2	
225	231	4	
347	348	1	
348	356	2	
351	359	3	
261	269	3	
265	269	-4	
313	316	4	
91	93	-3	
328	334	-2	
321	326	2	
418	421	-3	
421	429	-2	
422	430	1	
202	207	5	
408	415	-4	
243	307	-4	
97	161	2	
178	180	4	
112	176	-4	
433	438	-2	
234	236	3	
235	236	3	
233	239	-2	
339	340	3	
51	54	-6	
209	214	2	
153	156	3	
43	47	5	
41	105	3	
8	13	-2	
172	180	-3	
177	183	4	
175	183	-3	
163	227	3	
227	230	2	
160	224	2	
80	87	-3	
147	148	-2	
0	64	-3	
202	266	-1	
264	268	3	
200	264	-2	
349	357	3	
350	358	2	
468	476	2	
470	478	-2	
441	505	2	
323	327	1	
323	387	2	
320	384	-3	
25	89	2	
88	92	-4	
24	88	-3	
394	458	2	
392	456	3	
433	436	-2	
496	503	3	
306	310	3	
94	102	2	
95	103	-1	
417	481	-4	
480	487	3	
218	222	-3	
334	342	3	
335	343	3	
133	141	-3	
134	142	4	
386	450	-2	
251	254	4	
35	37	3	
42	45	4	
402	404	-3	
403	406	-5	
400	407	-2	
2	66	3	
296	301	-2	
286	294	-1	
379	383	2	
440	445	-4	
115	179	3	
100	108	4	
106	111	4	
98	103	-3	
453	461	2	
457	463	1	
481	484	-4	
480	486	-5	
232	239	-4	
296	303	4	
322	327	6	
168	172	-3	
150	158	2	
501	509	-3	
411	412	-2	
409	473	-3	
305	309	3	
307	371	1	
369	372	-3	
465	471	-2	
149	157	-2	
201	206	-3	
397	405	2	
399	407	-2	
68	76	5	
275	276	1	
209	273	-5	
365	373	-1	
370	373	3	
266	270	-2	
264	328	2	
169	233	-4	
33	36	-4	
97	100	-3	
33	97	3	
419	422	-3	
137	142	2	
195	259	-2	
192	256	3	
449	454	5	
347	350	3	
241	247	4	
241	246	-3	
472	478	2	
426	428	1	
219	221	-5	
187	188	3	
298	362	2	
131	133	-2	
101	109	3	
459	461	4	
235	237	-3	
199	207	-2	
51	115	-3	
49	113	-1	
75	79	-2	
262	270	3	
432	437	2	
306	370	2	
173	181	-2	
176	182	1	
174	182	-2	
332	340	3	
333	341	1	
331	333	2	
485	493	1	
491	495	3	
483	487	-4	
400	464	-3	
250	314	2	
248	312	-2	
144	208	1	
67	70	-3	
90	92	3	
258	260	3	
384	448	-2	
375	383	-3	
91	155	3	
499	502	-2	
464	469	-2	
469	477	-3	
471	479	3	
147	151	2	
144	151	-3	
290	292	-2	
49	53	-4	
66	130	-1	
128	132	-3	
217	223	3	
337	401	2	
171	235	2	
420	428	1	
112	119	1	
251	315	1	
249	313	-1	
185	191	3	
442	447	3	
410	474	-2	
474	476	-3	
41	46	-1	
224	228	-1	
74	77	1	
73	79	-4	
353	358	-2	
352	416	-3	
158	166	1	
159	167	-2	
429	437	-3	
431	439	-3	
427	431	-3	
96	101	-1	
368	374	2	
454	462	-1	
410	414	2	
283	286	1	
467	470	-2	
136	143	2	
135	143	3	
315	319	-1	
299	302	2	
249	253	-2	
250	254	-2	
65	129	-1	
492	500	-1	
194	258	2	
59	123	1	
57	121	-1	
210	274	2	
154	218	4	
153	217	-2	
336	342	-2	
345	351	-2	
291	355	-1	
289	353	2	
201	265	1	
24	29	-1	
26	90	-2	
156	164	-2	
157	165	1	
428	436	-4	
306	308	2	
243	245	-2	
285	293	-1	
19	83	2	
498	500	2	
443	444	-2	
281	345	2	
27	91	1	
418	482	-3	
393	457	1	
490	493	1	
410	413	2	
271	279	-2	
363	427	-2	
362	426	1	
92	100	-1	
93	101	2	
430	438	-2	
152	216	1	
10	12	-3	
147	211	-1	
256	262	-1	
52	60	1	
53	61	-1	
280	287	-1	
425	429	-1	
361	425	1	
290	354	1	
155	219	-1	
369	375	-1	
206	214	1	
401	405	-1	
496	501	1	
178	242	1	
99	103	1	
177	241	1	
145	150	-2	
506	508	-1	
193	257	-1	
82	146	1	
476	484	-1	
479	487	-1	
20	28	1	
21	29	-1	
114	118	1	
77	85	-1	
22	30	1	
23	31	-1	
98	102	-1	
357	365	1	
359	367	1	
282	346	-1	
Energy:	-3756	
