NumberOfQubits	504	
NumberOfSubgraphs	756	
Serial	226	
PlantedSolution:	
0	-1	
1	-1	
2	1	
3	1	
4	1	
5	-1	
6	1	
8	-1	
9	-1	
10	-1	
11	1	
12	-1	
13	1	
14	1	
15	-1	
16	-1	
17	1	
18	-1	
19	1	
20	1	
21	-1	
22	1	
23	1	
24	-1	
25	1	
26	-1	
27	1	
28	1	
29	-1	
30	-1	
31	1	
32	1	
33	1	
34	1	
35	-1	
36	-1	
37	1	
38	1	
39	1	
40	1	
41	-1	
42	-1	
43	1	
44	-1	
45	-1	
46	-1	
47	-1	
48	-1	
49	-1	
50	1	
51	-1	
52	-1	
53	-1	
54	1	
55	-1	
56	-1	
57	-1	
58	-1	
59	-1	
60	-1	
61	1	
62	1	
63	-1	
64	-1	
65	-1	
66	1	
67	1	
68	1	
69	-1	
70	-1	
71	-1	
72	-1	
73	1	
74	1	
75	1	
76	1	
77	-1	
78	-1	
79	1	
80	1	
81	1	
82	-1	
83	-1	
84	1	
85	-1	
86	-1	
87	1	
88	-1	
89	-1	
90	-1	
91	-1	
92	1	
93	1	
94	-1	
95	1	
96	1	
97	-1	
98	1	
99	-1	
100	1	
101	1	
102	1	
103	1	
104	-1	
105	1	
106	-1	
107	-1	
108	1	
109	-1	
110	-1	
111	-1	
112	1	
113	-1	
114	1	
115	1	
116	-1	
117	-1	
118	1	
119	-1	
120	1	
121	-1	
123	1	
124	-1	
125	1	
126	-1	
127	1	
128	1	
129	1	
130	-1	
131	1	
132	-1	
133	1	
134	1	
135	-1	
136	-1	
137	-1	
138	1	
139	-1	
141	-1	
142	-1	
143	-1	
144	-1	
145	-1	
146	1	
147	1	
148	-1	
149	1	
150	1	
151	-1	
152	-1	
153	-1	
154	-1	
155	1	
156	1	
157	-1	
158	-1	
159	1	
160	-1	
161	1	
162	1	
163	-1	
164	1	
165	-1	
166	1	
167	1	
168	1	
169	-1	
170	1	
171	1	
172	-1	
173	1	
174	-1	
175	1	
176	1	
177	1	
178	-1	
179	1	
180	1	
181	-1	
182	1	
183	1	
184	-1	
185	1	
186	1	
187	1	
188	1	
189	1	
190	-1	
191	-1	
192	1	
193	-1	
194	1	
195	1	
196	1	
197	-1	
198	-1	
199	1	
200	1	
201	-1	
202	1	
203	1	
204	-1	
205	1	
206	-1	
207	1	
208	-1	
209	1	
210	1	
211	1	
212	-1	
213	-1	
214	1	
215	-1	
216	-1	
217	1	
218	1	
219	-1	
220	1	
221	-1	
222	1	
223	1	
224	-1	
225	-1	
226	-1	
227	-1	
228	1	
229	1	
230	1	
231	1	
232	1	
233	-1	
234	-1	
235	1	
236	-1	
237	-1	
238	1	
239	1	
240	-1	
241	-1	
242	1	
243	1	
244	1	
245	-1	
246	-1	
247	-1	
248	-1	
249	1	
250	1	
251	1	
252	1	
253	1	
254	-1	
255	-1	
256	1	
257	-1	
258	1	
259	-1	
260	1	
261	1	
262	1	
263	-1	
264	1	
265	-1	
266	-1	
267	1	
268	-1	
269	-1	
270	-1	
271	1	
272	1	
273	-1	
274	1	
275	-1	
276	1	
277	1	
278	1	
279	1	
280	-1	
281	1	
282	-1	
283	-1	
284	1	
285	-1	
286	-1	
287	1	
288	-1	
289	1	
290	-1	
291	-1	
292	1	
293	1	
294	-1	
295	1	
296	-1	
297	1	
298	-1	
299	-1	
300	-1	
301	1	
302	-1	
303	-1	
304	1	
305	-1	
306	-1	
307	1	
308	-1	
309	-1	
310	1	
311	-1	
312	1	
313	1	
314	-1	
315	-1	
316	1	
317	1	
318	1	
319	1	
320	-1	
321	-1	
322	-1	
323	-1	
324	-1	
325	-1	
326	1	
327	-1	
328	1	
329	-1	
330	1	
331	1	
332	-1	
333	-1	
334	-1	
335	1	
336	-1	
337	-1	
338	-1	
339	1	
340	1	
341	1	
342	-1	
343	1	
344	-1	
345	-1	
346	-1	
347	1	
348	-1	
349	1	
350	-1	
351	1	
352	-1	
353	1	
354	1	
355	-1	
356	1	
357	-1	
358	-1	
359	1	
361	-1	
362	-1	
363	-1	
364	1	
365	1	
367	1	
368	1	
369	-1	
370	-1	
371	1	
372	-1	
373	-1	
374	1	
375	1	
376	-1	
377	1	
378	1	
379	1	
380	-1	
382	1	
383	-1	
384	1	
385	1	
386	1	
387	-1	
388	1	
389	-1	
390	1	
391	1	
392	-1	
393	1	
394	1	
396	1	
397	-1	
398	-1	
399	-1	
400	1	
401	-1	
402	-1	
403	1	
404	-1	
405	1	
406	-1	
407	1	
408	1	
409	-1	
410	1	
411	-1	
412	-1	
413	1	
414	1	
415	1	
416	-1	
417	-1	
418	-1	
419	-1	
420	-1	
421	1	
422	-1	
424	1	
425	1	
426	1	
427	-1	
428	-1	
429	1	
430	-1	
431	-1	
432	1	
433	1	
434	-1	
435	-1	
436	-1	
437	1	
438	1	
439	1	
440	-1	
441	-1	
442	-1	
443	1	
444	1	
445	-1	
446	1	
447	1	
448	-1	
449	1	
450	-1	
451	-1	
452	-1	
453	1	
454	-1	
455	1	
456	-1	
457	1	
458	-1	
459	-1	
460	1	
461	-1	
462	1	
463	1	
464	-1	
465	-1	
466	-1	
467	-1	
468	-1	
469	1	
470	1	
471	1	
472	-1	
473	-1	
474	-1	
475	-1	
476	1	
477	-1	
478	1	
479	1	
480	-1	
481	1	
482	1	
483	-1	
484	1	
485	1	
486	1	
487	-1	
488	1	
489	1	
490	-1	
491	1	
492	-1	
493	1	
494	1	
495	-1	
496	-1	
497	1	
498	1	
499	-1	
500	1	
501	1	
502	1	
503	-1	
504	-1	
505	1	
506	-1	
507	-1	
508	-1	
509	1	
510	1	
511	-1	
Js:	
257	260	2	
258	260	-4	
258	262	-5	
259	262	3	
259	263	-4	
257	263	4	
320	325	-4	
321	325	-5	
321	327	-4	
323	327	-4	
323	326	4	
320	326	-3	
352	357	-4	
357	365	2	
362	365	6	
362	367	6	
359	367	-2	
352	359	-3	
43	44	6	
44	52	1	
48	52	-5	
48	54	2	
46	54	1	
43	46	4	
409	412	-5	
412	420	-3	
418	420	-4	
418	421	4	
413	421	-2	
409	413	-3	
152	157	-5	
155	157	-5	
155	219	5	
219	223	3	
216	223	3	
152	216	-4	
402	404	-3	
403	404	4	
403	407	-2	
400	407	-3	
400	405	2	
402	405	5	
232	236	5	
234	236	-3	
234	239	4	
233	239	2	
233	237	-6	
232	237	2	
425	428	5	
427	428	-4	
427	430	-5	
424	430	4	
424	429	-5	
425	429	-4	
458	462	3	
462	470	-3	
466	470	6	
466	471	3	
463	471	-3	
458	463	6	
2	5	6	
3	5	4	
3	67	-6	
67	70	3	
66	70	-3	
2	66	-4	
144	151	-4	
147	151	5	
147	211	-3	
211	212	3	
208	212	-5	
144	208	-2	
448	453	7	
450	453	-3	
450	454	-5	
449	454	2	
449	455	-5	
448	455	4	
129	133	-4	
131	133	-8	
131	195	-3	
195	197	6	
193	197	-5	
129	193	-2	
346	350	-5	
347	350	3	
347	411	3	
411	415	3	
410	415	3	
346	410	2	
97	101	-2	
101	109	3	
105	109	4	
105	110	5	
102	110	2	
97	102	5	
370	375	4	
371	375	-5	
371	435	3	
435	438	3	
434	438	4	
370	434	2	
299	301	3	
301	309	2	
304	309	4	
304	311	2	
303	311	1	
299	303	-5	
290	292	5	
291	292	6	
291	295	4	
289	295	-6	
289	293	-2	
290	293	4	
169	172	-5	
171	172	3	
171	173	-2	
168	173	5	
168	175	-4	
169	175	1	
274	276	-6	
276	284	-3	
281	284	2	
281	286	4	
278	286	3	
274	278	-4	
32	37	4	
35	37	5	
35	38	2	
34	38	-6	
34	39	-6	
32	39	-5	
312	317	-5	
314	317	4	
314	319	-3	
315	319	6	
315	318	4	
312	318	-3	
504	508	-5	
507	508	-3	
507	511	-4	
506	511	-4	
506	510	4	
504	510	-2	
384	390	3	
390	398	6	
394	398	5	
394	399	5	
391	399	4	
384	391	-3	
200	207	-3	
203	207	-2	
203	267	1	
267	268	5	
264	268	2	
200	264	-2	
472	477	-5	
475	477	-5	
475	479	-3	
473	479	4	
473	478	5	
472	478	4	
440	444	4	
443	444	-3	
443	446	-4	
442	446	-1	
442	447	5	
440	447	4	
328	332	-2	
331	332	6	
331	333	3	
329	333	-3	
329	334	-5	
328	334	3	
160	164	4	
161	164	3	
161	166	-5	
163	166	5	
163	165	-3	
160	165	-6	
248	252	4	
251	252	-5	
251	253	-3	
249	253	-4	
249	254	3	
248	254	-5	
176	180	-4	
179	180	-3	
179	182	-5	
177	182	-3	
177	183	-4	
176	183	-4	
16	20	4	
18	20	5	
18	82	-4	
82	85	-5	
80	85	4	
16	80	3	
488	492	4	
490	492	-4	
490	495	-2	
491	495	6	
491	493	2	
488	493	-5	
121	124	-3	
123	124	4	
123	125	-3	
120	125	-5	
120	126	-3	
121	126	-5	
241	246	-4	
243	246	4	
243	307	-4	
307	308	3	
305	308	-5	
241	305	1	
0	4	4	
1	4	3	
1	65	-6	
65	68	-4	
64	68	3	
0	64	-4	
496	500	-4	
497	500	-3	
497	503	3	
499	503	-3	
499	502	3	
496	502	2	
201	206	-5	
202	206	2	
202	266	1	
266	270	4	
265	270	-3	
201	265	-2	
89	94	-4	
90	94	-5	
90	154	-2	
154	156	3	
153	156	5	
89	153	-2	
416	422	-3	
419	422	-4	
419	483	-5	
483	484	6	
480	484	-5	
416	480	-4	
9	14	4	
10	14	4	
10	74	5	
74	79	-4	
73	79	-5	
9	73	3	
114	116	3	
115	116	4	
115	117	-3	
112	117	4	
112	119	5	
114	119	4	
81	84	-4	
84	92	-5	
88	92	2	
88	95	5	
87	95	-3	
81	87	-3	
25	28	-3	
26	28	-4	
26	29	-1	
24	29	-6	
24	30	-2	
25	30	2	
339	340	-3	
340	348	2	
344	348	-3	
344	351	5	
343	351	-3	
339	343	5	
224	229	2	
225	229	2	
225	231	4	
226	231	3	
226	230	-5	
224	230	4	
8	13	2	
11	13	-4	
11	75	-2	
75	77	4	
72	77	-3	
8	72	4	
184	188	5	
185	188	-5	
185	189	-4	
187	189	-5	
187	191	3	
184	191	5	
136	141	-6	
137	141	-2	
137	143	-7	
138	143	5	
138	142	-4	
136	142	-4	
57	61	4	
58	61	5	
58	63	-5	
59	63	-4	
59	62	5	
57	62	4	
42	45	-8	
45	53	1	
49	53	-5	
49	55	-4	
47	55	-1	
42	47	-2	
392	397	2	
393	397	6	
393	457	-4	
457	461	6	
456	461	-4	
392	456	-3	
368	372	5	
369	372	-1	
369	433	-1	
433	437	-4	
432	437	-3	
368	432	-2	
272	277	-5	
273	277	4	
273	337	-5	
337	341	4	
336	341	-4	
272	336	3	
145	148	-6	
146	148	3	
146	210	-2	
210	215	3	
209	215	-4	
145	209	3	
96	100	-3	
100	108	-2	
104	108	7	
104	111	-5	
103	111	-3	
96	103	-7	
128	134	-2	
130	134	6	
130	194	2	
194	196	-5	
192	196	-3	
128	192	3	
376	380	-4	
378	380	-1	
378	382	-5	
379	382	-3	
379	383	4	
376	383	-5	
297	300	5	
298	300	-4	
298	303	-4	
296	303	-3	
296	302	-5	
297	302	3	
321	324	-3	
322	324	-5	
322	386	1	
386	388	-5	
385	388	-6	
321	385	-2	
275	277	1	
277	285	-2	
282	285	-5	
282	287	4	
279	287	-2	
275	279	6	
17	21	-3	
19	21	4	
19	83	4	
83	86	-5	
81	86	3	
17	81	-3	
464	468	-5	
465	468	-6	
465	469	6	
467	469	4	
467	471	6	
464	471	-4	
480	485	3	
482	485	-3	
482	486	-4	
481	486	4	
481	487	7	
480	487	-5	
240	244	5	
242	244	-4	
242	245	3	
241	245	-5	
241	247	-2	
240	247	-5	
210	213	4	
213	221	-2	
218	221	-1	
218	222	-4	
214	222	-3	
210	214	-5	
354	356	-5	
355	356	-2	
355	358	-5	
353	358	4	
353	357	4	
354	357	3	
249	255	2	
250	255	6	
250	314	2	
314	316	3	
313	316	-4	
249	313	-3	
152	158	-2	
158	166	2	
162	166	2	
162	167	-5	
159	167	-3	
152	159	3	
426	428	2	
428	436	-5	
432	436	-4	
432	439	-5	
431	439	6	
426	431	4	
25	31	-6	
27	31	-4	
27	91	-3	
91	93	5	
89	93	1	
25	89	4	
451	452	-5	
452	460	2	
459	460	4	
459	462	7	
454	462	3	
451	454	3	
217	220	-4	
220	228	-4	
227	228	4	
227	230	-2	
222	230	-4	
217	222	-2	
106	111	-4	
107	111	-4	
107	171	2	
171	174	4	
170	174	4	
106	170	2	
113	118	5	
114	118	-2	
114	178	-4	
178	181	-3	
177	181	3	
113	177	3	
256	261	-5	
261	269	4	
265	269	-3	
265	271	-4	
263	271	3	
256	263	2	
401	406	-3	
406	414	-3	
408	414	-5	
408	415	-5	
407	415	-3	
401	407	5	
441	445	-2	
442	445	-5	
442	506	3	
506	509	2	
505	509	-4	
441	505	3	
489	493	-3	
493	501	-2	
498	501	-4	
498	502	-3	
494	502	1	
489	494	-4	
338	341	3	
341	349	-4	
345	349	5	
345	350	-4	
342	350	3	
338	342	-4	
11	14	-4	
14	22	-3	
18	22	4	
18	23	-1	
15	23	5	
11	15	5	
33	36	4	
35	36	-3	
35	99	-4	
99	102	5	
33	97	-4	
328	335	-3	
330	335	-3	
330	394	-1	
394	396	-1	
392	396	6	
328	392	-1	
362	364	4	
363	364	4	
363	367	4	
361	367	3	
361	365	4	
280	285	-3	
285	293	2	
288	293	5	
288	294	-4	
286	294	-2	
280	286	-4	
139	141	-3	
141	149	2	
144	149	4	
144	150	2	
142	150	-2	
139	142	-4	
56	60	-4	
57	60	-4	
57	121	-3	
121	127	5	
120	127	-4	
56	120	-1	
305	310	2	
306	310	-4	
306	370	-3	
370	373	-4	
369	373	-4	
305	369	-3	
200	204	2	
202	204	2	
202	205	-3	
201	205	-2	
200	206	5	
129	132	6	
130	132	-3	
194	198	4	
193	198	-4	
384	388	-4	
386	390	-4	
387	390	5	
387	389	-3	
384	389	6	
468	476	-1	
474	476	5	
474	477	-3	
469	477	2	
464	469	3	
68	76	-5	
75	76	-6	
75	78	4	
70	78	-5	
64	70	-5	
40	45	5	
42	46	5	
41	46	-4	
41	47	-4	
40	47	3	
235	236	3	
235	237	2	
233	238	4	
232	238	2	
184	189	2	
185	191	3	
186	191	5	
186	190	7	
184	190	-3	
49	52	-3	
51	52	-4	
51	54	6	
50	54	-5	
50	55	3	
371	372	3	
372	380	2	
377	380	7	
377	382	-6	
374	382	-4	
371	374	-4	
1	6	5	
3	6	-2	
67	71	3	
65	71	3	
128	135	4	
131	135	4	
195	199	-3	
192	199	-4	
411	412	-6	
417	420	-5	
417	422	3	
414	422	1	
411	414	4	
9	12	3	
12	20	3	
19	20	-3	
19	23	-3	
9	15	-5	
282	284	4	
283	284	4	
283	347	2	
347	348	4	
346	348	-5	
282	346	3	
90	92	4	
92	100	-2	
98	100	-3	
98	101	-4	
93	101	-3	
90	93	3	
66	69	1	
69	77	-4	
74	77	-5	
71	79	4	
66	71	5	
292	300	3	
298	302	-3	
294	302	-5	
290	294	3	
440	446	4	
441	446	4	
505	508	-1	
440	504	-3	
433	438	-4	
434	498	-5	
498	503	2	
433	497	-5	
245	253	3	
248	253	-3	
246	254	-4	
242	246	4	
217	221	4	
221	229	3	
226	229	5	
223	231	-3	
217	223	4	
168	172	3	
169	173	4	
170	173	-3	
168	174	3	
82	86	5	
83	87	6	
80	87	-3	
491	492	5	
489	495	6	
488	494	-4	
266	271	3	
267	271	-4	
267	331	3	
330	332	3	
266	330	5	
27	28	-3	
28	36	2	
32	36	4	
29	37	3	
27	29	3	
320	324	-3	
323	324	-3	
322	327	-3	
322	325	2	
475	476	3	
475	478	4	
472	479	3	
474	479	4	
178	180	1	
180	188	3	
186	188	-2	
182	190	2	
178	182	3	
268	276	2	
272	276	-3	
272	278	1	
270	278	3	
264	270	2	
56	61	3	
56	62	4	
72	76	4	
73	76	-2	
73	137	2	
136	143	-3	
72	136	2	
425	431	-4	
427	431	-3	
148	156	3	
155	156	-4	
149	157	4	
146	149	-3	
145	150	5	
147	150	-2	
211	215	4	
449	452	5	
451	455	5	
449	453	-4	
435	436	-1	
436	444	-4	
443	445	5	
437	445	2	
435	437	5	
112	118	-4	
115	118	-3	
115	179	2	
179	181	3	
176	181	2	
112	176	-3	
308	316	6	
313	317	-2	
309	317	4	
307	309	3	
401	405	3	
402	466	-4	
465	470	2	
401	465	4	
105	108	-4	
107	108	3	
107	109	-3	
106	109	-6	
106	110	-3	
483	485	4	
483	487	-1	
352	356	-3	
354	359	-4	
355	359	4	
352	358	-3	
456	460	4	
457	460	4	
458	461	-3	
456	463	3	
98	103	-3	
98	162	-3	
162	165	5	
96	160	2	
273	279	-2	
275	339	3	
339	342	4	
337	342	-3	
312	319	2	
315	379	3	
312	376	6	
256	260	-5	
259	260	4	
257	262	4	
257	261	4	
113	116	3	
116	124	-5	
117	125	6	
113	117	-3	
389	397	-5	
393	399	4	
387	391	-6	
26	30	-5	
30	38	3	
31	39	2	
26	31	5	
225	228	4	
227	291	-4	
225	289	4	
4	12	2	
10	12	-3	
10	13	4	
5	13	2	
0	5	-4	
244	252	3	
250	252	-2	
247	255	-4	
203	204	-6	
204	212	-2	
208	213	-2	
205	213	3	
203	205	-3	
280	287	-3	
281	287	-4	
281	345	3	
344	349	4	
280	344	-2	
297	301	-1	
299	363	5	
361	364	5	
297	361	4	
156	164	1	
163	164	5	
163	167	2	
154	159	4	
499	501	2	
501	509	5	
507	509	5	
507	510	3	
502	510	-4	
306	311	-4	
368	375	1	
304	368	-4	
333	341	2	
336	343	4	
335	343	-2	
329	335	3	
396	404	4	
403	406	4	
398	406	2	
392	398	-3	
353	417	4	
417	421	2	
416	421	-3	
352	416	-4	
40	44	4	
43	47	5	
40	46	3	
234	238	5	
235	238	-4	
235	239	5	
232	239	-3	
16	22	4	
17	22	-4	
80	84	-5	
410	412	2	
410	413	-5	
408	413	2	
409	415	4	
216	220	3	
219	220	-1	
219	283	-2	
280	284	4	
216	280	-2	
89	92	-3	
89	95	4	
91	95	3	
91	94	-3	
88	94	-3	
50	53	4	
51	53	-1	
51	115	3	
115	119	-3	
50	114	-3	
130	135	6	
195	196	-4	
195	198	2	
192	198	4	
194	199	-5	
153	158	5	
161	167	-4	
153	159	2	
378	442	2	
441	447	3	
377	441	-1	
272	279	-4	
274	279	1	
274	338	3	
338	340	5	
336	340	3	
2	4	-5	
8	12	-6	
8	14	3	
6	14	2	
2	6	-3	
500	508	4	
506	508	-5	
503	511	-3	
496	503	-5	
419	421	4	
482	484	-4	
418	482	5	
139	143	-5	
139	203	4	
202	207	-6	
138	202	4	
322	326	5	
326	334	5	
327	335	4	
258	261	-3	
262	270	4	
218	220	-5	
224	228	3	
224	231	3	
218	223	-5	
172	180	-3	
175	183	-3	
171	175	-5	
426	430	4	
430	438	2	
433	439	-2	
33	39	-2	
35	39	2	
99	100	3	
97	100	3	
123	126	5	
123	187	1	
187	190	4	
185	190	2	
121	185	2	
304	310	-3	
369	374	6	
368	374	-3	
459	463	4	
455	463	-2	
450	455	-2	
146	151	4	
211	214	-3	
64	69	-6	
74	78	3	
249	252	-4	
251	315	2	
313	318	2	
467	470	5	
470	478	1	
471	479	-2	
288	292	2	
296	300	-4	
296	301	-4	
293	301	-4	
52	60	-2	
53	61	-2	
48	53	-5	
20	28	2	
24	28	4	
21	29	-2	
16	21	-4	
105	169	1	
104	168	1	
241	244	3	
243	245	-4	
243	247	3	
347	351	-3	
345	351	4	
400	404	-4	
403	405	-5	
400	406	4	
489	492	4	
490	493	-4	
385	389	3	
320	384	1	
197	205	4	
200	205	-3	
198	206	2	
119	127	4	
365	373	4	
371	373	3	
367	375	-3	
128	133	-3	
133	141	2	
138	141	5	
134	142	2	
289	294	3	
295	303	2	
54	62	2	
58	62	3	
55	63	-2	
51	55	-4	
353	359	-4	
355	419	-3	
434	439	2	
435	439	2	
435	499	-4	
499	500	4	
498	500	-2	
216	221	-4	
216	222	2	
1	5	-4	
443	507	-1	
504	511	-4	
332	340	-2	
337	340	3	
334	342	-2	
331	334	3	
386	450	3	
450	452	-5	
385	449	-2	
275	276	2	
275	278	4	
273	278	3	
274	277	4	
458	460	5	
460	468	1	
461	469	-1	
283	285	-2	
283	286	4	
34	36	2	
32	38	-2	
33	37	-4	
144	148	-4	
208	215	-6	
88	93	4	
99	101	4	
99	103	-1	
95	103	-2	
410	474	4	
473	476	4	
409	473	-5	
260	268	3	
73	78	5	
72	79	4	
13	21	3	
17	23	-5	
104	109	-2	
107	110	5	
187	251	2	
251	254	3	
184	248	-2	
311	319	4	
307	311	5	
174	182	2	
179	183	2	
170	175	-3	
19	22	4	
83	85	-2	
429	437	-1	
426	429	-4	
306	308	-2	
312	316	-3	
310	318	-6	
27	30	5	
26	90	-3	
264	269	5	
266	269	1	
330	333	4	
328	333	5	
264	328	-4	
96	102	1	
98	102	-4	
162	164	-3	
411	475	1	
408	472	2	
356	364	2	
379	380	4	
378	383	5	
145	149	-2	
154	157	-3	
154	158	-4	
150	158	5	
41	44	-3	
485	493	-2	
490	494	5	
486	494	-1	
480	486	1	
196	204	3	
201	204	-3	
201	207	3	
199	207	3	
178	242	-2	
177	241	3	
338	343	2	
339	403	-2	
402	407	3	
338	402	-1	
118	126	3	
161	165	-2	
163	227	-2	
227	231	3	
161	225	2	
0	6	6	
67	69	4	
497	501	-2	
505	510	-5	
497	502	-5	
250	253	-5	
259	323	-3	
256	320	4	
393	396	-6	
416	420	-4	
417	481	4	
219	221	-4	
153	217	3	
59	61	4	
56	63	-4	
50	52	-3	
299	302	-2	
25	29	3	
291	294	1	
288	295	2	
290	295	3	
451	453	3	
448	454	-5	
347	349	-3	
344	350	1	
9	13	3	
10	15	-2	
8	15	3	
177	180	-2	
183	191	2	
466	469	4	
400	464	3	
128	132	5	
129	134	-6	
129	135	2	
370	372	-4	
370	374	1	
368	373	-3	
424	428	2	
425	489	1	
424	488	-4	
209	212	3	
209	214	-2	
211	213	3	
82	84	2	
146	150	-4	
151	159	4	
258	322	2	
257	321	-3	
419	420	-2	
313	319	-3	
313	377	-4	
3	4	4	
67	68	-1	
66	68	-5	
394	397	5	
36	44	3	
39	47	3	
427	491	-2	
491	494	-3	
426	490	3	
234	237	-4	
234	298	2	
233	297	2	
432	496	2	
120	184	1	
17	20	-3	
16	23	3	
336	342	-2	
283	287	4	
105	111	2	
323	325	-4	
325	333	3	
265	268	-2	
266	268	-4	
329	332	-3	
265	329	-4	
411	413	3	
166	174	2	
167	175	-2	
251	255	3	
248	255	-3	
387	388	2	
387	451	-2	
114	117	2	
267	269	3	
258	263	3	
242	306	-3	
96	101	2	
97	103	2	
154	218	2	
226	290	-2	
224	288	2	
181	189	3	
186	189	-4	
304	308	3	
315	316	2	
235	299	2	
232	296	-2	
421	429	3	
422	430	-3	
418	422	-4	
164	172	2	
170	172	-4	
165	173	2	
434	436	-2	
441	444	5	
438	446	-3	
481	485	-3	
488	495	1	
487	495	1	
86	94	2	
80	86	3	
364	372	-3	
65	69	-3	
33	38	-4	
399	407	2	
58	60	-3	
504	509	-2	
505	511	3	
147	148	-2	
410	414	-2	
344	408	3	
314	378	-3	
41	45	-3	
42	106	-2	
41	105	-2	
72	78	-1	
131	132	2	
192	197	2	
120	124	4	
209	213	-4	
459	461	-3	
456	462	-2	
289	292	-3	
337	343	-2	
34	37	1	
34	98	-3	
137	201	-3	
324	332	4	
472	476	4	
476	484	-3	
483	486	4	
478	486	-2	
176	182	-3	
176	240	2	
187	188	-3	
185	249	-2	
300	308	-1	
305	309	3	
298	301	4	
385	391	-3	
384	448	-1	
59	123	-2	
123	127	-3	
269	277	2	
49	54	4	
18	21	-4	
363	427	-3	
427	429	-1	
361	425	2	
169	174	-3	
169	233	-2	
168	232	-2	
65	70	-2	
281	285	4	
369	375	3	
379	443	2	
443	447	-3	
77	85	-1	
81	85	4	
79	87	-1	
259	261	-2	
24	31	2	
160	167	2	
136	200	3	
394	458	-1	
457	463	-2	
206	214	2	
440	445	2	
273	276	2	
236	244	3	
239	247	2	
32	96	-3	
314	318	3	
229	237	3	
230	238	-3	
173	181	2	
386	391	-2	
386	389	3	
59	60	3	
57	63	-3	
346	349	-1	
401	404	-2	
404	412	1	
178	183	3	
355	357	-4	
354	358	4	
256	262	-2	
320	327	-3	
91	92	-2	
85	93	2	
477	485	-3	
479	487	2	
405	413	-3	
240	245	-2	
240	304	2	
496	501	3	
147	149	-3	
193	196	3	
194	197	1	
193	199	-3	
106	108	3	
104	110	-2	
75	139	2	
137	142	-4	
82	87	2	
24	88	2	
433	436	2	
439	447	-1	
339	341	-1	
392	399	3	
305	311	2	
363	365	2	
298	362	-1	
377	383	2	
376	382	-2	
208	214	3	
321	326	-1	
466	468	-3	
121	125	-2	
11	12	3	
48	55	-4	
348	356	2	
350	358	-2	
227	229	-3	
195	259	-2	
192	256	-2	
331	335	-3	
315	317	1	
248	312	1	
402	406	-2	
90	95	-1	
219	222	3	
49	113	-2	
152	156	2	
155	159	-2	
345	348	-2	
353	356	-2	
349	357	-1	
492	500	1	
495	503	-2	
482	487	-2	
297	303	3	
179	243	-3	
453	461	-1	
307	310	-3	
171	235	-2	
170	234	2	
330	334	2	
376	440	-1	
403	467	1	
467	468	2	
194	258	-1	
193	257	-1	
240	246	-2	
250	254	-3	
210	212	-2	
212	220	1	
203	206	2	
264	271	-3	
434	437	3	
375	383	-2	
231	239	-2	
43	45	2	
442	444	-2	
207	215	-1	
237	245	1	
97	161	2	
425	430	2	
67	131	-1	
64	128	-1	
306	309	-2	
351	359	1	
346	351	2	
82	146	2	
80	144	-2	
112	116	2	
464	470	3	
91	155	2	
88	152	-2	
267	270	-2	
299	300	-1	
408	412	-1	
83	84	2	
242	247	2	
291	293	1	
291	355	-2	
288	352	1	
113	119	-2	
336	400	2	
432	438	-2	
73	77	1	
160	166	2	
160	224	-2	
409	414	-1	
40	104	3	
271	279	1	
99	163	-1	
282	286	-1	
38	46	1	
131	134	-2	
37	45	1	
337	401	-1	
217	281	-1	
424	431	1	
211	275	2	
208	272	2	
218	282	-1	
210	274	-2	
209	273	2	
354	418	1	
228	236	2	
233	236	-2	
362	426	-1	
83	147	1	
81	145	1	
130	133	1	
474	478	-2	
42	44	1	
226	228	1	
284	292	1	
153	157	1	
64	71	1	
43	107	-1	
94	102	-1	
448	452	-1	
287	295	-1	
22	30	1	
23	31	1	
108	116	-1	
110	118	1	
145	151	1	
74	76	-1	
388	396	1	
290	354	-1	
Energy:	-3356	
