NumberOfQubits	504	
NumberOfSubgraphs	840	
Serial	470	
PlantedSolution:	
0	-1	
1	-1	
2	1	
3	1	
4	-1	
5	-1	
6	-1	
8	-1	
9	1	
10	-1	
11	-1	
12	1	
13	-1	
14	1	
15	-1	
16	1	
17	-1	
18	-1	
19	1	
20	-1	
21	-1	
22	1	
23	-1	
24	-1	
25	1	
26	-1	
27	1	
28	-1	
29	1	
30	1	
31	-1	
32	1	
33	1	
34	1	
35	1	
36	-1	
37	-1	
38	1	
39	1	
40	-1	
41	1	
42	1	
43	1	
44	1	
45	1	
46	-1	
47	-1	
48	1	
49	-1	
50	1	
51	1	
52	-1	
53	-1	
54	1	
55	1	
56	-1	
57	-1	
58	-1	
59	-1	
60	-1	
61	-1	
62	1	
63	-1	
64	-1	
65	1	
66	1	
67	1	
68	1	
69	-1	
70	1	
71	1	
72	1	
73	1	
74	1	
75	1	
76	-1	
77	-1	
78	1	
79	1	
80	1	
81	-1	
82	1	
83	1	
84	-1	
85	-1	
86	-1	
87	-1	
88	1	
89	1	
90	1	
91	1	
92	-1	
93	-1	
94	1	
95	-1	
96	-1	
97	1	
98	1	
99	-1	
100	-1	
101	1	
102	1	
103	-1	
104	-1	
105	1	
106	1	
107	1	
108	-1	
109	1	
110	1	
111	1	
112	1	
113	-1	
114	1	
115	-1	
116	1	
117	-1	
118	-1	
119	-1	
120	-1	
121	-1	
123	-1	
124	-1	
125	1	
126	-1	
127	-1	
128	-1	
129	1	
130	1	
131	-1	
132	-1	
133	1	
134	-1	
135	-1	
136	-1	
137	-1	
138	1	
139	1	
141	1	
142	1	
143	1	
144	1	
145	-1	
146	-1	
147	-1	
148	1	
149	-1	
150	-1	
151	-1	
152	1	
153	-1	
154	-1	
155	1	
156	1	
157	1	
158	1	
159	1	
160	1	
161	-1	
162	-1	
163	-1	
164	1	
165	1	
166	1	
167	1	
168	1	
169	1	
170	1	
171	1	
172	-1	
173	-1	
174	-1	
175	-1	
176	-1	
177	-1	
178	1	
179	1	
180	1	
181	-1	
182	-1	
183	1	
184	1	
185	-1	
186	-1	
187	-1	
188	1	
189	1	
190	1	
191	1	
192	-1	
193	1	
194	-1	
195	-1	
196	1	
197	-1	
198	-1	
199	1	
200	-1	
201	-1	
202	-1	
203	-1	
204	1	
205	1	
206	-1	
207	1	
208	1	
209	-1	
210	1	
211	-1	
212	1	
213	1	
214	1	
215	1	
216	-1	
217	1	
218	-1	
219	-1	
220	1	
221	-1	
222	-1	
223	1	
224	-1	
225	1	
226	-1	
227	1	
228	1	
229	-1	
230	1	
231	1	
232	-1	
233	-1	
234	1	
235	-1	
236	1	
237	-1	
238	-1	
239	-1	
240	1	
241	1	
242	-1	
243	-1	
244	1	
245	-1	
246	-1	
247	-1	
248	-1	
249	-1	
250	-1	
251	-1	
252	1	
253	1	
254	1	
255	-1	
256	-1	
257	1	
258	1	
259	-1	
260	-1	
261	-1	
262	-1	
263	1	
264	-1	
265	1	
266	1	
267	-1	
268	-1	
269	-1	
270	1	
271	1	
272	-1	
273	1	
274	-1	
275	-1	
276	-1	
277	-1	
278	1	
279	1	
280	-1	
281	-1	
282	1	
283	-1	
284	1	
285	1	
286	1	
287	1	
288	-1	
289	-1	
290	1	
291	1	
292	1	
293	-1	
294	-1	
295	-1	
296	1	
297	1	
298	-1	
299	1	
300	-1	
301	1	
302	1	
303	1	
304	1	
305	-1	
306	1	
307	1	
308	-1	
309	-1	
310	-1	
311	-1	
312	1	
313	-1	
314	1	
315	-1	
316	1	
317	-1	
318	-1	
319	-1	
320	-1	
321	1	
322	-1	
323	-1	
324	-1	
325	-1	
326	1	
327	-1	
328	-1	
329	-1	
330	1	
331	1	
332	1	
333	1	
334	1	
335	1	
336	1	
337	1	
338	-1	
339	-1	
340	1	
341	1	
342	1	
343	1	
344	1	
345	1	
346	1	
347	1	
348	1	
349	-1	
350	1	
351	-1	
352	1	
353	-1	
354	1	
355	1	
356	-1	
357	1	
358	-1	
359	1	
361	1	
362	-1	
363	-1	
364	-1	
365	1	
367	-1	
368	-1	
369	-1	
370	1	
371	1	
372	1	
373	-1	
374	-1	
375	1	
376	-1	
377	1	
378	1	
379	1	
380	-1	
382	-1	
383	1	
384	1	
385	-1	
386	1	
387	-1	
388	1	
389	-1	
390	1	
391	-1	
392	-1	
393	1	
394	-1	
396	-1	
397	1	
398	-1	
399	1	
400	1	
401	1	
402	-1	
403	-1	
404	1	
405	-1	
406	1	
407	-1	
408	1	
409	1	
410	1	
411	-1	
412	1	
413	1	
414	-1	
415	-1	
416	-1	
417	1	
418	1	
419	-1	
420	1	
421	-1	
422	1	
424	1	
425	-1	
426	-1	
427	1	
428	-1	
429	1	
430	1	
431	-1	
432	-1	
433	1	
434	1	
435	-1	
436	1	
437	1	
438	-1	
439	1	
440	-1	
441	1	
442	1	
443	1	
444	1	
445	1	
446	-1	
447	1	
448	-1	
449	1	
450	1	
451	-1	
452	-1	
453	1	
454	1	
455	1	
456	1	
457	1	
458	1	
459	-1	
460	-1	
461	-1	
462	-1	
463	1	
464	-1	
465	1	
466	1	
467	-1	
468	1	
469	1	
470	-1	
471	-1	
472	1	
473	1	
474	1	
475	1	
476	-1	
477	-1	
478	-1	
479	-1	
480	-1	
481	-1	
482	1	
483	-1	
484	-1	
485	1	
486	1	
487	-1	
488	1	
489	1	
490	1	
491	1	
492	-1	
493	-1	
494	1	
495	-1	
496	-1	
497	-1	
498	1	
499	1	
500	1	
501	1	
502	1	
503	-1	
504	-1	
505	-1	
506	1	
507	1	
508	1	
509	-1	
510	1	
511	-1	
Js:	
88	93	-5	
91	93	5	
91	155	-1	
155	156	-4	
152	156	-2	
88	152	-2	
209	212	3	
210	212	-6	
210	213	-3	
208	213	-4	
208	214	-5	
209	214	4	
467	468	5	
468	476	2	
475	476	7	
475	477	6	
469	477	-2	
467	469	2	
305	309	-4	
307	309	2	
307	311	4	
306	311	-1	
306	310	3	
305	310	-4	
499	501	-2	
501	509	3	
504	509	-6	
504	511	-4	
503	511	-4	
499	503	3	
233	239	4	
234	239	2	
234	298	3	
298	301	5	
297	301	-5	
233	297	3	
178	180	-3	
179	180	-2	
179	183	-5	
177	183	-2	
177	182	-2	
178	182	3	
218	220	3	
219	220	6	
219	223	4	
217	223	-6	
217	221	-2	
218	221	-4	
384	389	4	
387	389	-4	
387	451	-3	
451	453	6	
448	453	6	
384	448	-3	
338	340	4	
339	340	3	
339	403	-4	
403	407	-4	
402	407	-6	
338	402	-3	
80	85	3	
82	85	7	
82	86	3	
83	86	2	
83	87	3	
80	87	-2	
24	29	2	
29	37	4	
35	37	3	
35	39	-4	
31	39	3	
24	31	-5	
41	45	-4	
43	45	-5	
43	107	-3	
107	111	-7	
105	111	-6	
41	105	5	
56	60	-5	
58	60	-5	
58	63	-6	
59	63	-3	
59	62	6	
56	62	-3	
154	157	4	
157	165	-4	
162	165	3	
162	167	4	
159	167	-3	
154	159	4	
458	460	5	
459	460	-4	
459	461	6	
456	461	3	
456	462	4	
458	462	4	
275	276	-6	
276	284	4	
281	284	5	
281	286	-3	
278	286	-3	
275	278	2	
242	245	-4	
245	253	6	
248	253	4	
248	255	-6	
247	255	-5	
242	247	-2	
424	429	-6	
429	437	3	
433	437	-5	
433	438	2	
430	438	3	
424	430	-5	
337	341	-6	
341	349	3	
344	349	7	
344	350	2	
342	350	-3	
337	342	-4	
481	484	-5	
483	484	-4	
483	487	-3	
482	487	5	
482	486	-4	
481	486	4	
288	292	4	
292	300	-1	
296	300	5	
296	302	-3	
294	302	2	
288	294	-4	
184	188	-6	
185	188	5	
185	191	-4	
187	191	4	
187	189	5	
184	189	-3	
144	148	-6	
145	148	3	
145	150	-6	
146	150	-3	
146	151	6	
144	151	4	
10	12	6	
12	20	1	
16	20	4	
16	21	4	
13	21	1	
10	13	-6	
392	396	-4	
396	404	3	
400	404	-5	
400	406	-6	
398	406	5	
392	398	-5	
322	325	-8	
325	333	3	
330	333	-3	
330	335	-2	
327	335	-4	
322	327	-2	
264	268	-5	
266	268	5	
266	270	-4	
265	270	-5	
265	269	4	
264	269	-4	
312	316	-7	
314	316	3	
314	318	6	
315	318	-3	
315	317	-5	
312	317	3	
49	52	-4	
51	52	4	
51	54	-3	
48	54	-6	
48	55	-4	
49	55	5	
65	70	-4	
70	78	-6	
73	78	-3	
73	79	-3	
71	79	-4	
65	71	2	
352	356	4	
354	356	4	
354	418	-3	
418	420	-5	
416	420	4	
352	416	-2	
121	124	-5	
123	124	-4	
123	127	-6	
120	127	-4	
120	126	-3	
121	126	-5	
363	365	5	
365	373	4	
371	373	4	
371	375	-3	
367	375	5	
363	367	-4	
96	100	-5	
98	100	5	
98	103	3	
97	103	7	
97	101	3	
96	101	5	
192	196	4	
194	196	6	
194	258	2	
258	262	3	
256	262	-6	
192	256	2	
201	204	5	
203	204	5	
203	207	4	
200	207	2	
200	205	-4	
201	205	6	
369	372	6	
372	380	2	
378	380	3	
378	382	5	
374	382	1	
369	374	-5	
113	116	7	
115	116	3	
115	117	-3	
112	117	2	
112	119	4	
113	119	-3	
128	133	3	
133	141	2	
136	141	3	
136	142	4	
134	142	2	
128	134	-5	
408	412	-2	
411	412	5	
411	415	-4	
410	415	3	
410	413	-3	
408	413	-3	
425	428	-3	
428	436	-2	
435	436	2	
435	439	2	
431	439	4	
425	431	-6	
488	492	2	
490	492	7	
490	493	5	
489	493	4	
489	494	-7	
488	494	-8	
440	445	3	
443	445	-4	
443	446	5	
441	446	-3	
441	447	-4	
440	447	5	
2	4	5	
3	4	6	
3	67	-4	
67	68	1	
66	68	-7	
2	66	-4	
161	166	3	
163	166	-6	
163	227	4	
227	231	-4	
225	231	-5	
161	225	4	
257	260	5	
259	260	-5	
259	323	-3	
323	326	3	
321	326	-6	
257	321	-2	
170	172	4	
171	172	4	
171	174	7	
169	174	4	
169	175	4	
170	175	5	
8	14	-5	
14	22	-2	
18	22	4	
18	23	-4	
15	23	-2	
8	15	-6	
33	36	4	
36	44	-2	
42	44	-5	
42	46	6	
38	46	3	
33	38	-5	
353	358	-6	
355	358	-3	
355	419	3	
419	422	4	
417	422	-5	
353	417	2	
243	244	5	
244	252	-4	
249	252	4	
249	254	7	
246	254	-5	
243	246	-3	
385	388	5	
386	388	-3	
386	450	-4	
450	454	-4	
449	454	-4	
385	449	4	
465	470	5	
470	478	-3	
473	478	6	
473	479	6	
471	479	1	
465	471	6	
274	277	-6	
277	285	3	
282	285	4	
282	287	-5	
279	287	-2	
274	279	3	
226	228	6	
228	236	-2	
232	236	5	
232	237	-4	
229	237	-3	
226	229	-4	
498	500	3	
500	508	-4	
505	508	4	
505	510	5	
502	510	-3	
498	502	-4	
25	28	4	
26	28	-5	
26	90	5	
90	92	5	
89	92	4	
25	89	-4	
74	77	3	
75	77	-4	
75	139	-4	
139	143	-4	
138	143	-4	
74	138	-3	
129	132	6	
131	132	-6	
131	195	-3	
195	199	5	
193	199	-5	
129	193	-3	
289	293	-4	
290	293	7	
290	294	5	
291	294	4	
291	295	4	
289	295	-4	
346	348	-6	
347	348	-3	
347	350	-6	
345	350	-7	
345	351	3	
346	351	-4	
328	332	4	
329	332	6	
329	334	2	
331	334	-6	
331	333	-5	
328	333	2	
104	108	-6	
106	108	6	
106	170	-4	
170	173	3	
168	173	4	
104	168	-3	
393	397	-3	
394	397	7	
394	458	4	
458	463	-4	
457	463	-5	
393	457	4	
313	319	-4	
315	319	-5	
315	379	3	
379	383	-3	
377	383	-6	
313	377	5	
0	5	-7	
1	5	-6	
1	65	4	
65	69	5	
64	69	-6	
0	64	-6	
152	158	5	
153	158	4	
153	217	4	
217	222	3	
216	222	-4	
152	216	3	
368	375	5	
370	375	-4	
370	434	-2	
434	439	4	
432	439	4	
368	432	-3	
240	247	4	
241	247	4	
241	305	2	
305	308	-4	
304	308	2	
240	304	2	
234	238	6	
235	238	-4	
235	299	-3	
299	303	-5	
298	303	1	
50	52	6	
52	60	-2	
57	60	-5	
57	61	-5	
53	61	2	
50	53	2	
99	101	4	
101	109	-4	
104	109	3	
104	110	3	
102	110	-4	
99	102	4	
442	444	-3	
443	444	-4	
443	507	2	
507	511	6	
506	511	2	
442	506	-4	
192	197	-4	
197	205	4	
202	205	2	
202	206	-3	
198	206	-4	
192	198	-5	
72	76	3	
76	84	-2	
81	84	-3	
81	87	-6	
79	87	2	
72	79	-4	
426	428	4	
427	428	5	
427	491	-5	
491	495	6	
490	495	3	
426	490	3	
144	149	4	
147	149	-6	
147	211	-2	
211	215	4	
208	215	3	
144	208	-2	
258	261	5	
261	269	-3	
267	269	-5	
267	271	5	
263	271	4	
258	263	-5	
272	276	-1	
273	276	-4	
273	337	-3	
337	343	-3	
336	343	-6	
272	336	4	
186	190	2	
187	190	7	
187	251	2	
251	253	5	
250	253	3	
186	250	-5	
160	164	-3	
162	164	5	
162	226	-5	
226	230	-3	
224	230	5	
160	224	5	
401	405	5	
405	413	4	
409	413	-4	
409	414	-2	
406	414	2	
401	406	-2	
112	118	-4	
114	118	5	
114	178	-2	
178	181	3	
176	181	-3	
112	176	3	
355	356	5	
356	364	-1	
361	364	6	
361	365	-5	
357	365	1	
355	357	-4	
416	421	-3	
417	421	-3	
417	481	6	
481	485	4	
480	485	4	
416	480	-6	
17	21	-5	
21	29	3	
27	29	-4	
27	30	-4	
22	30	-3	
17	22	5	
32	38	-5	
40	46	2	
40	47	-6	
39	47	2	
32	39	-5	
320	324	-6	
323	324	-4	
323	387	-3	
387	390	5	
384	390	1	
320	384	3	
130	134	7	
137	142	4	
137	143	4	
135	143	2	
130	135	2	
280	286	3	
283	286	4	
283	347	-4	
347	349	3	
280	344	4	
496	501	4	
497	501	4	
497	502	5	
498	503	-7	
496	503	-5	
448	452	-4	
451	452	-3	
449	453	-4	
449	455	5	
448	455	4	
9	12	-7	
11	12	3	
11	13	-7	
8	13	-6	
9	14	-4	
464	469	-4	
466	469	-5	
466	471	5	
464	470	-4	
91	92	-5	
91	94	-4	
89	94	-4	
89	95	5	
90	95	5	
408	414	5	
410	414	4	
410	474	5	
474	476	4	
472	476	4	
408	472	-5	
386	389	-3	
389	397	4	
394	399	4	
391	399	6	
386	391	3	
312	319	4	
377	380	5	
376	380	-5	
312	376	3	
120	124	-6	
121	127	3	
121	125	6	
120	125	2	
34	36	5	
42	45	-6	
37	45	1	
34	37	5	
19	20	5	
20	28	-2	
25	31	3	
23	31	-2	
19	23	5	
361	367	4	
362	367	-7	
362	426	2	
426	431	-2	
361	425	5	
352	357	-6	
353	357	3	
354	358	4	
354	359	-4	
352	359	-3	
1	4	-5	
3	6	6	
2	6	5	
2	5	6	
145	151	-2	
146	210	1	
209	213	4	
145	209	-1	
284	292	-3	
288	295	6	
287	295	2	
281	287	5	
491	493	3	
488	495	-4	
483	485	5	
480	486	4	
200	204	-5	
202	204	3	
202	207	7	
201	207	3	
201	206	-4	
200	206	-2	
80	84	-5	
81	85	-2	
80	86	5	
370	372	4	
370	374	4	
371	374	6	
369	373	-5	
221	229	-5	
225	229	3	
225	230	-7	
222	230	2	
218	222	-6	
49	53	-4	
51	53	5	
51	115	5	
115	118	-5	
113	118	2	
49	113	-4	
440	444	4	
441	444	3	
441	505	4	
504	510	4	
440	504	-2	
107	171	-3	
169	172	4	
105	169	2	
100	108	3	
106	110	-5	
98	102	-4	
156	164	-3	
160	165	4	
155	157	-7	
129	133	-4	
130	133	-6	
130	194	-2	
193	196	-5	
240	246	4	
242	246	-3	
242	306	4	
306	309	4	
304	309	6	
299	300	3	
297	303	-6	
296	301	-5	
338	341	4	
339	341	-2	
184	190	-5	
185	190	3	
185	249	-3	
248	254	4	
184	248	-2	
334	342	1	
336	342	-2	
335	343	-3	
331	335	-4	
74	76	4	
74	78	-4	
75	78	-4	
72	77	6	
56	61	-5	
59	61	-6	
58	62	7	
56	63	-4	
233	236	6	
233	238	-3	
235	239	-4	
232	239	-4	
432	438	2	
435	438	-5	
435	499	5	
499	500	-4	
496	500	4	
432	496	-4	
64	68	3	
66	71	-5	
67	71	-6	
67	70	-4	
64	70	-4	
256	260	-4	
259	262	-4	
257	262	5	
257	261	5	
256	261	-4	
266	330	-6	
330	332	-3	
264	328	5	
321	324	4	
322	324	-3	
320	325	5	
320	326	3	
173	181	-2	
177	181	-6	
175	183	1	
168	175	4	
450	452	4	
452	460	-6	
459	463	4	
455	463	2	
450	455	-7	
211	212	3	
212	220	-3	
216	220	3	
216	223	4	
215	223	3	
270	278	5	
272	278	5	
272	279	6	
271	279	-3	
265	271	-5	
419	421	-5	
421	429	-2	
422	430	-3	
473	477	-3	
475	479	3	
472	479	4	
472	478	3	
99	103	-3	
99	163	-3	
97	161	2	
385	390	5	
390	398	3	
392	399	3	
385	391	2	
307	308	6	
308	316	2	
310	318	-5	
307	310	4	
50	54	-5	
50	114	4	
114	119	3	
48	112	-5	
401	404	5	
401	465	-3	
465	468	-2	
464	468	6	
400	464	3	
345	348	-3	
346	410	-2	
410	412	-3	
409	412	3	
345	409	-4	
137	141	6	
141	149	3	
147	150	-6	
142	150	-2	
186	191	5	
251	252	5	
250	252	5	
176	182	-3	
179	182	5	
179	243	5	
240	244	-2	
176	240	-5	
24	30	-2	
26	30	5	
90	94	-3	
88	94	-3	
24	88	3	
433	436	-5	
436	444	-4	
442	445	-5	
437	445	-3	
128	132	-6	
195	197	-5	
128	192	2	
227	228	-7	
227	291	-3	
291	293	4	
226	290	-1	
378	383	-5	
379	382	6	
376	382	5	
393	396	6	
457	461	4	
392	456	4	
282	286	-5	
274	278	3	
10	15	-2	
9	15	5	
504	508	4	
507	508	-5	
507	510	-3	
506	510	-5	
506	509	-4	
154	156	3	
154	158	5	
153	159	5	
152	159	-4	
41	47	4	
105	109	-2	
40	104	-3	
298	302	-7	
299	302	-5	
299	363	2	
363	364	-6	
362	364	-4	
298	362	-2	
18	20	4	
19	83	-5	
83	84	6	
82	84	2	
18	82	4	
177	180	6	
180	188	-5	
185	189	3	
181	189	5	
412	420	-3	
418	421	5	
413	421	-2	
411	413	2	
32	36	3	
35	36	5	
35	99	4	
32	96	-4	
219	222	-2	
219	283	-2	
283	287	1	
280	287	5	
216	280	3	
241	245	3	
250	255	3	
160	167	-2	
161	167	3	
224	231	5	
136	143	5	
139	203	5	
136	200	-6	
114	116	-3	
116	124	-3	
117	125	7	
114	117	3	
402	405	-3	
403	405	-4	
403	467	-4	
466	468	-3	
402	466	-4	
211	214	3	
211	275	-4	
209	273	3	
434	438	6	
438	446	-2	
440	446	-4	
439	447	-3	
0	6	3	
1	6	-5	
492	500	2	
497	500	5	
493	501	3	
488	493	-3	
309	317	-4	
311	319	-5	
304	311	-6	
17	81	-5	
16	80	-4	
256	263	5	
449	452	3	
456	460	5	
454	462	-5	
324	332	3	
329	335	4	
321	327	5	
43	44	-3	
44	52	-3	
50	55	-3	
47	55	2	
43	47	4	
348	356	4	
355	359	-3	
351	359	6	
33	37	4	
33	39	-3	
27	31	4	
194	198	-3	
195	198	-4	
476	484	-3	
483	486	3	
478	486	-3	
474	478	4	
59	60	-3	
59	123	-2	
123	126	5	
57	121	-3	
73	76	5	
138	141	-4	
73	137	3	
88	92	3	
91	95	1	
168	174	3	
170	174	1	
170	234	-3	
234	237	-3	
168	232	2	
426	429	5	
427	429	2	
491	492	4	
362	365	-5	
368	373	-4	
289	292	5	
291	292	-5	
290	295	-2	
386	390	-6	
387	391	-3	
336	340	-3	
338	342	3	
339	342	-5	
339	343	4	
146	148	6	
144	150	3	
129	134	2	
131	134	-4	
131	135	5	
128	135	-6	
347	411	2	
409	415	4	
34	38	-3	
34	98	-4	
97	100	4	
33	97	-4	
54	62	3	
57	62	3	
57	63	-4	
55	63	3	
243	245	-3	
243	307	-2	
306	308	5	
326	334	-4	
401	407	4	
399	407	3	
393	399	-2	
451	454	4	
75	79	4	
163	165	2	
158	166	-2	
155	158	-4	
466	470	3	
467	470	-5	
467	471	-2	
464	471	-3	
11	14	3	
11	15	-5	
441	445	-5	
442	446	4	
442	447	-2	
368	374	-4	
369	433	2	
432	436	-4	
230	238	-2	
231	239	3	
416	422	5	
418	422	-2	
418	482	3	
480	487	-5	
249	255	-2	
249	313	2	
313	316	4	
248	312	2	
176	180	3	
186	188	4	
183	191	-5	
176	183	3	
260	268	-3	
265	268	-3	
262	270	2	
220	228	-3	
227	229	-3	
219	221	-3	
108	116	-2	
113	117	-3	
109	117	2	
106	109	-5	
203	205	2	
205	213	2	
206	214	2	
203	206	-3	
353	359	4	
352	358	3	
506	508	-5	
505	511	-4	
505	509	-3	
218	223	3	
218	282	2	
281	285	3	
217	281	3	
363	427	-3	
427	431	3	
494	502	-1	
495	503	-2	
489	495	3	
0	4	4	
3	5	2	
397	405	3	
400	405	3	
394	398	3	
458	461	3	
459	462	-4	
457	462	3	
371	372	-2	
371	435	3	
435	437	3	
434	437	-3	
107	110	-4	
110	118	-1	
115	119	-4	
111	119	1	
164	172	3	
167	175	6	
302	310	-1	
305	311	-4	
303	311	2	
296	303	-4	
259	263	-4	
323	327	-5	
258	322	2	
241	244	-4	
251	254	2	
241	246	4	
379	380	5	
376	383	5	
171	173	3	
179	181	1	
174	182	2	
9	73	3	
73	77	3	
8	72	2	
40	44	4	
41	44	-3	
41	46	-4	
40	45	3	
24	28	6	
27	28	2	
26	31	-3	
474	477	3	
273	277	4	
275	277	-2	
273	279	2	
94	102	-3	
96	102	3	
96	103	3	
95	103	-3	
204	212	1	
210	215	-4	
207	215	-1	
280	284	2	
283	284	5	
417	420	-4	
419	420	3	
419	483	-5	
234	236	-3	
298	300	-4	
297	300	4	
81	86	3	
83	147	3	
145	149	-3	
81	145	-3	
264	270	3	
330	334	-4	
328	334	3	
332	340	2	
337	340	-3	
333	341	-2	
329	333	5	
32	37	-3	
314	317	6	
123	187	-2	
120	184	2	
411	414	-4	
411	475	3	
472	477	4	
424	428	3	
434	436	-3	
384	388	-5	
148	156	-4	
153	156	4	
151	159	3	
193	197	4	
194	199	4	
193	198	4	
17	20	-4	
19	21	3	
16	22	-4	
65	68	-5	
67	69	4	
203	267	-1	
201	265	-1	
119	127	-5	
72	78	-3	
139	142	-5	
72	136	2	
344	351	4	
408	415	5	
344	408	-2	
85	93	-7	
89	93	2	
87	95	-2	
82	87	5	
45	53	3	
46	54	-2	
43	46	5	
235	237	-5	
299	301	-4	
232	296	3	
275	279	4	
25	29	-5	
178	242	-3	
242	244	4	
177	241	3	
4	12	2	
10	14	-3	
6	14	3	
378	442	-2	
376	440	-2	
482	484	-3	
484	492	-4	
485	493	2	
482	485	-3	
154	218	-2	
186	189	4	
248	252	2	
461	469	3	
465	469	-4	
463	471	3	
152	157	-2	
155	219	-3	
165	173	-4	
105	108	2	
105	110	-3	
353	356	-2	
251	315	-2	
257	263	-2	
256	320	1	
208	212	4	
210	214	-5	
99	100	-2	
129	135	5	
403	406	2	
336	400	-2	
368	372	3	
369	375	-2	
370	373	3	
507	509	-4	
425	429	2	
433	439	-3	
280	285	3	
283	285	6	
289	294	3	
297	302	-2	
295	303	2	
354	357	2	
16	23	4	
424	488	-3	
379	443	-3	
443	447	-4	
377	441	1	
202	266	1	
200	264	-1	
68	76	4	
69	77	-4	
479	487	-2	
259	261	-3	
323	325	-2	
404	412	-4	
340	348	-3	
346	349	-3	
328	335	3	
329	393	1	
393	398	-4	
328	392	-1	
161	164	3	
166	174	-3	
86	94	3	
432	437	3	
499	502	-4	
496	502	3	
182	190	-5	
66	70	-2	
11	75	2	
74	79	-3	
10	74	3	
233	237	-2	
35	38	-4	
199	207	3	
192	199	3	
272	277	-2	
274	338	3	
338	343	3	
118	126	-5	
307	371	-2	
306	370	3	
350	358	2	
347	351	-2	
489	492	3	
486	494	-2	
266	271	1	
267	331	3	
456	463	-2	
211	213	-4	
213	221	3	
216	221	-3	
214	222	3	
313	318	3	
314	378	-3	
138	142	3	
163	164	-3	
163	167	2	
169	173	4	
169	233	-2	
286	294	2	
420	428	1	
426	430	4	
320	327	-4	
387	388	-2	
48	53	4	
17	23	-3	
288	293	-3	
293	301	1	
184	191	-2	
498	501	-4	
34	39	-3	
51	55	-3	
235	236	3	
407	415	-2	
210	274	1	
208	272	2	
322	326	4	
322	386	-1	
321	385	1	
196	204	-3	
194	197	3	
161	165	3	
27	91	-4	
67	131	-1	
66	130	-1	
267	268	-5	
480	484	1	
424	431	3	
425	489	-1	
251	255	-4	
250	254	4	
346	350	-2	
243	247	-2	
168	172	4	
457	460	2	
107	109	2	
349	357	-2	
475	478	1	
474	479	4	
178	183	-4	
315	316	2	
236	244	-1	
238	246	1	
232	238	-4	
209	215	5	
138	202	4	
388	396	5	
394	396	-2	
384	391	-4	
433	497	5	
160	166	-4	
18	21	-4	
25	30	4	
258	260	3	
130	132	2	
123	125	3	
304	310	3	
56	120	-3	
291	355	-2	
289	353	-3	
104	111	4	
162	166	2	
226	231	1	
392	397	-3	
402	406	3	
425	430	3	
237	245	-3	
240	245	3	
239	247	3	
131	133	3	
92	100	-1	
75	76	2	
139	141	2	
282	284	-1	
28	36	-1	
487	495	-2	
385	389	-3	
343	351	-1	
300	308	1	
147	148	-1	
146	149	-3	
8	12	-1	
171	175	-2	
290	354	3	
288	352	2	
153	157	2	
217	220	-2	
88	95	4	
274	276	-4	
64	71	3	
377	382	3	
224	228	2	
403	404	-2	
26	29	2	
30	38	-2	
97	102	-2	
473	476	-2	
490	494	-2	
451	455	-2	
448	454	3	
78	86	2	
321	325	-2	
314	319	2	
98	101	-3	
266	269	3	
282	346	-3	
143	151	-1	
273	278	-2	
336	341	-3	
121	185	2	
42	47	-2	
195	196	2	
224	229	-2	
275	339	-2	
434	498	-2	
491	494	2	
103	111	1	
9	13	1	
223	231	2	
264	271	2	
364	372	3	
477	485	-2	
345	349	2	
269	277	-1	
147	151	-2	
48	52	-1	
112	116	-2	
106	111	1	
42	106	-1	
137	201	-3	
331	332	-2	
49	54	-3	
409	473	-3	
337	401	-1	
481	487	1	
450	453	-1	
281	345	1	
427	430	-2	
19	22	2	
66	69	1	
84	92	-2	
83	85	1	
265	329	2	
155	159	-1	
414	422	-1	
375	383	1	
82	146	1	
98	162	1	
285	293	1	
249	253	2	
313	317	2	
172	180	1	
195	259	-1	
193	257	1	
58	61	-2	
400	407	-1	
224	288	-1	
80	144	-1	
89	153	-1	
453	461	1	
305	369	-2	
90	93	2	
113	177	1	
290	292	-2	
149	157	-1	
312	318	-1	
402	404	1	
268	276	-1	
107	108	-1	
5	13	1	
344	348	1	
171	235	1	
497	503	-1	
93	101	1	
304	368	1	
267	270	-1	
227	230	-1	
225	289	1	
Energy:	-3758	
