NumberOfQubits	504	
NumberOfSubgraphs	420	
Serial	447	
PlantedSolution:	
0	1	
1	-1	
2	-1	
3	-1	
4	1	
5	-1	
6	-1	
8	1	
9	1	
10	-1	
11	-1	
12	1	
13	1	
14	-1	
15	1	
16	1	
17	-1	
18	1	
19	1	
20	-1	
21	-1	
22	1	
23	1	
24	1	
25	1	
26	-1	
27	1	
28	-1	
29	-1	
30	1	
31	-1	
32	-1	
33	-1	
34	1	
35	1	
36	1	
37	1	
38	1	
39	1	
40	-1	
41	1	
42	1	
43	-1	
44	1	
45	-1	
46	-1	
47	1	
48	-1	
49	1	
50	1	
51	-1	
52	-1	
53	1	
54	-1	
55	-1	
56	-1	
57	-1	
58	-1	
59	1	
60	-1	
61	-1	
62	1	
63	1	
64	1	
65	-1	
66	-1	
67	1	
68	1	
69	1	
70	1	
71	-1	
72	1	
73	1	
74	1	
75	1	
76	1	
77	1	
78	-1	
79	1	
80	1	
81	1	
82	-1	
83	1	
84	-1	
85	-1	
86	1	
87	-1	
88	-1	
89	-1	
90	-1	
91	-1	
92	-1	
93	-1	
94	1	
95	-1	
96	1	
97	1	
98	1	
99	1	
100	-1	
101	-1	
102	-1	
103	1	
104	-1	
105	1	
106	1	
107	-1	
108	-1	
109	1	
110	1	
111	1	
112	1	
113	1	
114	1	
115	1	
116	-1	
117	1	
118	-1	
119	1	
120	1	
121	1	
123	1	
124	-1	
125	1	
126	-1	
127	1	
128	-1	
129	1	
130	-1	
131	1	
132	-1	
133	1	
134	1	
135	-1	
136	-1	
137	1	
138	-1	
139	-1	
141	1	
142	-1	
143	-1	
144	-1	
145	-1	
146	1	
147	-1	
148	-1	
149	1	
150	1	
151	1	
152	-1	
153	1	
154	-1	
155	-1	
156	-1	
157	1	
158	1	
159	1	
160	-1	
161	1	
162	-1	
163	-1	
164	1	
165	1	
166	1	
167	-1	
168	1	
169	1	
170	-1	
171	1	
172	1	
173	1	
174	1	
175	-1	
176	-1	
177	1	
178	1	
179	1	
180	-1	
181	1	
182	1	
183	-1	
184	-1	
185	-1	
186	-1	
187	-1	
188	1	
189	1	
190	-1	
191	1	
192	-1	
193	-1	
194	-1	
195	1	
196	1	
197	-1	
198	-1	
199	1	
200	1	
201	-1	
202	1	
203	1	
204	-1	
205	-1	
206	-1	
207	-1	
208	-1	
209	-1	
210	-1	
211	1	
212	1	
213	1	
214	1	
215	-1	
216	1	
217	-1	
218	1	
219	1	
220	1	
221	-1	
222	-1	
223	1	
224	1	
225	1	
226	1	
227	1	
228	-1	
229	-1	
230	1	
231	1	
232	-1	
233	1	
234	1	
235	-1	
236	-1	
237	1	
238	-1	
239	1	
240	1	
241	1	
242	1	
243	1	
244	1	
245	-1	
246	1	
247	1	
248	-1	
249	-1	
250	1	
251	1	
252	1	
253	1	
254	-1	
255	-1	
256	-1	
257	1	
258	-1	
259	1	
260	1	
261	-1	
262	-1	
263	-1	
264	-1	
265	-1	
266	1	
267	-1	
268	-1	
269	1	
270	-1	
271	1	
272	-1	
273	-1	
274	-1	
275	1	
276	1	
277	-1	
278	-1	
279	-1	
280	-1	
281	1	
282	-1	
283	-1	
284	1	
285	1	
286	-1	
287	1	
288	-1	
289	-1	
290	1	
291	-1	
292	-1	
293	1	
294	1	
295	1	
296	1	
297	1	
298	1	
299	-1	
300	1	
301	-1	
302	-1	
303	-1	
304	1	
305	-1	
306	-1	
307	-1	
308	1	
309	1	
310	-1	
311	1	
312	1	
313	1	
314	1	
315	-1	
316	-1	
317	-1	
318	-1	
319	-1	
320	-1	
321	1	
322	1	
323	1	
324	-1	
325	1	
326	1	
327	1	
328	-1	
329	1	
330	1	
331	1	
332	1	
333	1	
334	1	
335	1	
336	-1	
337	-1	
338	-1	
339	-1	
340	-1	
341	-1	
342	1	
343	-1	
344	1	
345	1	
346	-1	
347	-1	
348	1	
349	1	
350	1	
351	-1	
352	1	
353	1	
354	1	
355	-1	
356	-1	
357	1	
358	-1	
359	1	
361	1	
362	-1	
363	-1	
364	-1	
365	-1	
367	1	
368	1	
369	-1	
370	1	
371	1	
372	-1	
373	1	
374	1	
375	1	
376	1	
377	-1	
378	-1	
379	1	
380	1	
382	-1	
383	1	
384	-1	
385	-1	
386	-1	
387	1	
388	-1	
389	-1	
390	-1	
391	1	
392	-1	
393	-1	
394	1	
396	1	
397	1	
398	-1	
399	1	
400	-1	
401	1	
402	1	
403	-1	
404	1	
405	-1	
406	1	
407	-1	
408	-1	
409	1	
410	1	
411	-1	
412	-1	
413	-1	
414	-1	
415	1	
416	-1	
417	-1	
418	1	
419	-1	
420	1	
421	1	
422	1	
424	-1	
425	1	
426	-1	
427	-1	
428	1	
429	1	
430	-1	
431	1	
432	1	
433	-1	
434	1	
435	1	
436	-1	
437	1	
438	-1	
439	1	
440	-1	
441	1	
442	1	
443	-1	
444	1	
445	1	
446	-1	
447	-1	
448	-1	
449	-1	
450	1	
451	1	
452	1	
453	1	
454	1	
455	1	
456	1	
457	-1	
458	1	
459	-1	
460	1	
461	-1	
462	1	
463	1	
464	-1	
465	1	
466	1	
467	-1	
468	1	
469	-1	
470	1	
471	-1	
472	1	
473	-1	
474	1	
475	-1	
476	-1	
477	1	
478	1	
479	1	
480	-1	
481	-1	
482	1	
483	1	
484	-1	
485	-1	
486	1	
487	1	
488	-1	
489	-1	
490	1	
491	1	
492	-1	
493	1	
494	-1	
495	-1	
496	1	
497	1	
498	-1	
499	1	
500	-1	
501	-1	
502	1	
503	1	
504	1	
505	-1	
506	-1	
507	1	
508	-1	
509	1	
510	1	
511	1	
Js:	
321	325	-4	
323	325	1	
323	327	-2	
320	327	3	
320	326	2	
321	326	-2	
232	236	-2	
234	236	1	
234	239	-4	
235	239	-1	
235	237	3	
232	237	3	
32	36	2	
36	44	1	
43	44	3	
43	45	-2	
37	45	1	
32	37	2	
136	142	3	
139	142	-2	
139	203	1	
203	207	3	
200	207	2	
136	200	3	
273	277	-2	
275	277	3	
275	279	1	
274	279	-3	
274	278	2	
273	278	-3	
48	54	-2	
54	62	2	
57	62	2	
57	63	3	
55	63	-2	
48	55	-3	
17	20	-1	
18	20	3	
18	21	3	
19	21	-2	
19	23	-1	
17	23	3	
82	85	-4	
85	93	-1	
91	93	-4	
91	94	2	
86	94	1	
82	86	4	
185	188	-2	
186	188	2	
186	190	-3	
184	190	-3	
184	191	2	
185	191	3	
216	220	-3	
220	228	1	
225	228	3	
225	231	-1	
223	231	1	
216	223	-3	
266	270	4	
267	270	-2	
267	331	3	
331	335	-3	
330	335	-2	
266	330	1	
368	373	1	
369	373	2	
369	374	3	
371	374	-2	
371	375	-3	
368	375	-3	
440	444	2	
442	444	-2	
442	447	3	
443	447	-3	
443	445	-1	
440	445	5	
449	452	3	
450	452	-4	
450	455	-3	
448	455	2	
448	453	-1	
449	453	3	
402	404	-3	
403	404	-2	
403	407	-2	
400	407	-4	
400	405	-3	
402	405	2	
74	76	1	
75	76	-3	
75	78	2	
73	78	3	
73	79	-4	
74	79	-2	
66	68	-1	
67	68	-4	
67	70	-3	
64	70	-3	
64	69	-3	
66	69	3	
170	173	3	
171	173	-2	
171	175	2	
169	175	3	
169	174	2	
170	174	1	
433	437	3	
435	437	-1	
435	499	-2	
499	500	2	
497	500	-1	
433	497	2	
392	397	1	
393	397	2	
393	457	-2	
457	462	-2	
456	462	-3	
392	456	2	
112	116	2	
115	116	3	
115	119	-2	
113	119	-2	
113	118	2	
112	118	3	
281	285	-3	
283	285	1	
283	286	-2	
280	286	2	
280	287	1	
281	287	-3	
242	246	-3	
246	254	2	
249	254	-2	
249	255	-3	
247	255	2	
242	247	2	
154	156	-4	
155	156	-2	
155	159	3	
153	159	-3	
153	158	-2	
154	158	-1	
386	388	-1	
387	388	3	
387	391	-3	
385	391	1	
385	389	2	
386	389	-3	
104	108	-1	
105	108	4	
105	111	-1	
107	111	3	
107	110	-4	
104	110	3	
408	415	1	
411	415	3	
411	475	-3	
475	476	1	
472	476	3	
408	472	2	
298	301	-2	
301	309	3	
304	309	-2	
304	311	-2	
303	311	2	
298	303	3	
498	502	2	
502	510	-1	
505	510	-4	
505	511	2	
503	511	-1	
498	503	3	
354	357	-3	
355	357	2	
355	358	-3	
353	358	2	
353	359	-2	
354	359	-2	
345	348	-1	
346	348	3	
346	349	2	
347	349	3	
347	350	1	
345	350	3	
425	429	-2	
427	429	2	
427	430	-4	
426	430	-2	
426	431	2	
425	431	-2	
89	92	-3	
92	100	-3	
96	100	2	
96	103	-2	
95	103	2	
89	95	-3	
488	492	-4	
490	492	2	
490	495	-3	
491	495	3	
491	493	-2	
488	493	1	
162	164	2	
163	164	-2	
163	167	-3	
160	167	-2	
160	165	4	
162	165	1	
144	149	1	
146	149	-2	
146	210	3	
210	213	1	
208	213	-1	
144	208	-2	
464	469	-2	
466	469	3	
466	470	-2	
465	470	-3	
465	471	2	
464	471	3	
24	28	3	
25	28	-1	
25	30	-2	
27	30	-2	
27	31	3	
24	31	2	
192	197	-3	
193	197	-1	
193	257	3	
257	261	3	
256	261	2	
192	256	-1	
314	317	3	
315	317	2	
315	318	-2	
312	318	3	
312	319	1	
314	319	1	
56	60	-3	
59	60	4	
59	123	-3	
123	126	2	
120	126	3	
56	120	-3	
417	420	3	
419	420	3	
419	483	3	
483	485	2	
481	485	-3	
417	481	-4	
33	39	3	
35	39	-1	
35	99	3	
99	101	2	
97	101	3	
33	97	3	
289	292	1	
292	300	2	
296	300	-2	
296	302	3	
294	302	2	
289	294	3	
336	340	-4	
338	340	-2	
338	342	3	
337	342	1	
337	341	1	
336	341	-5	
9	12	-4	
11	12	2	
11	13	-1	
8	13	-3	
8	14	1	
9	14	3	
129	133	-4	
131	133	-2	
131	135	4	
128	135	-3	
128	134	4	
129	134	1	
176	180	2	
179	180	3	
179	181	-2	
178	181	-4	
178	183	2	
176	183	-3	
410	413	2	
413	421	-4	
418	421	-2	
418	422	-3	
414	422	4	
410	414	2	
376	380	-2	
379	380	-3	
379	382	4	
377	382	-3	
377	383	-2	
376	383	-4	
217	221	-2	
221	229	1	
227	229	2	
227	230	-2	
222	230	1	
217	222	-3	
137	143	2	
138	143	-3	
138	202	-3	
202	204	1	
201	204	-2	
137	201	3	
1	4	2	
3	4	3	
3	6	-4	
0	6	2	
0	5	3	
1	5	2	
194	199	2	
195	199	-2	
195	259	-4	
259	260	-2	
258	260	2	
194	258	2	
241	244	-1	
244	252	-2	
250	252	-3	
250	253	-3	
245	253	-2	
241	245	1	
81	87	3	
83	87	3	
83	147	1	
147	148	-1	
145	148	-3	
81	145	-1	
264	268	2	
265	268	-4	
265	329	2	
329	334	-3	
328	334	3	
264	328	-2	
474	478	-3	
478	486	-3	
480	486	2	
480	487	-2	
479	487	-2	
474	479	-2	
362	364	-2	
363	364	-3	
363	367	-1	
361	367	-4	
361	365	2	
362	365	-4	
432	436	-1	
434	436	2	
434	439	-3	
435	439	-2	
435	438	2	
432	438	2	
288	295	3	
290	295	-2	
290	354	2	
354	356	2	
352	356	3	
288	352	2	
41	45	2	
42	45	-2	
42	47	-4	
40	47	2	
40	46	-3	
41	46	2	
459	460	3	
460	468	1	
467	468	3	
467	471	-2	
463	471	1	
459	463	2	
49	52	3	
51	52	-1	
51	53	3	
50	53	-2	
50	54	-2	
49	54	3	
305	308	2	
307	308	-2	
307	310	-2	
306	310	-3	
306	309	2	
305	309	2	
209	212	3	
210	212	3	
210	215	-3	
211	215	2	
211	214	4	
209	214	1	
504	508	3	
507	508	2	
507	509	-4	
506	509	3	
506	510	-1	
504	510	-3	
384	390	-1	
390	398	-2	
394	398	-2	
394	399	-4	
391	399	-3	
384	391	2	
114	117	-3	
117	125	-4	
121	125	-3	
121	127	-1	
119	127	-2	
114	119	3	
16	22	-1	
19	22	-3	
19	83	-2	
83	84	-2	
80	84	2	
16	80	-3	
424	428	2	
425	428	-3	
425	489	2	
489	494	-4	
488	494	-1	
424	488	3	
272	276	3	
276	284	-1	
282	284	2	
282	285	2	
277	285	-2	
272	277	-3	
88	92	-3	
90	92	-1	
90	154	-2	
154	157	1	
152	157	-3	
88	152	-3	
177	181	-2	
181	189	-2	
187	189	-3	
187	190	-1	
182	190	2	
177	182	-2	
8	15	-2	
10	15	3	
10	74	-3	
74	77	-3	
72	77	-3	
8	72	-3	
233	238	2	
235	238	-2	
235	299	-1	
299	302	-1	
297	302	2	
233	297	1	
322	324	3	
324	332	3	
330	332	-3	
330	333	1	
325	333	-2	
322	325	-2	
32	38	3	
34	38	-2	
34	98	-2	
98	102	3	
96	102	-1	
32	96	2	
409	412	2	
410	412	-1	
410	474	-2	
474	477	-1	
473	477	3	
409	473	3	
104	109	3	
106	109	-3	
106	170	2	
170	172	3	
168	172	2	
104	168	1	
65	71	-3	
66	71	-3	
66	130	-1	
130	132	-3	
129	132	3	
65	129	-1	
337	343	-3	
339	343	-3	
339	403	-2	
403	406	2	
401	406	-3	
337	401	-1	
451	453	-2	
453	461	-1	
458	461	2	
458	462	-2	
454	462	-1	
451	454	-5	
192	196	3	
196	204	3	
200	204	3	
200	206	-1	
198	206	-3	
192	198	-4	
248	252	2	
251	252	-2	
251	315	1	
315	316	-1	
312	316	4	
248	312	-1	
224	230	-3	
226	230	-3	
226	290	-1	
290	293	-2	
288	293	-2	
224	288	2	
261	269	-2	
264	269	2	
264	271	2	
263	271	4	
257	263	3	
378	382	-2	
378	442	3	
442	446	3	
441	446	-2	
377	441	3	
416	420	1	
418	420	-1	
418	482	-4	
482	484	-4	
480	484	-1	
416	480	-3	
20	28	-2	
26	28	2	
26	29	-3	
21	29	-2	
368	372	3	
370	372	2	
370	374	-3	
369	375	2	
218	220	-2	
219	220	-2	
219	223	-3	
217	223	-1	
218	222	3	
161	164	-3	
163	166	2	
160	166	2	
161	165	-3	
139	141	2	
141	149	-2	
147	149	2	
147	151	2	
143	151	-1	
139	143	-2	
57	61	-2	
59	61	-2	
123	124	2	
121	124	3	
57	121	2	
496	500	4	
499	503	-3	
497	503	1	
497	501	2	
496	501	3	
240	244	-4	
243	244	-3	
243	246	-3	
242	245	3	
240	245	-1	
344	349	-3	
347	351	-3	
345	351	3	
344	350	-3	
291	292	-2	
297	300	-2	
297	301	2	
293	301	-2	
291	293	3	
203	205	1	
205	213	-2	
209	213	1	
209	215	-2	
207	215	-2	
392	396	3	
394	396	1	
393	399	2	
393	398	-2	
392	398	-2	
144	148	-3	
145	150	3	
146	150	3	
146	151	-1	
144	151	4	
2	4	2	
4	12	-1	
9	13	1	
5	13	1	
2	5	-4	
194	197	-2	
195	197	1	
259	262	3	
258	262	-2	
50	52	3	
52	60	-1	
58	60	-1	
58	63	3	
50	55	2	
250	255	2	
250	314	-1	
314	318	3	
313	318	2	
249	313	-1	
168	173	-2	
169	173	2	
169	233	-2	
233	236	2	
168	232	2	
98	100	4	
100	108	-2	
105	109	-2	
101	109	-2	
98	101	1	
89	93	-2	
91	155	1	
89	153	2	
476	484	-1	
482	486	-3	
472	478	-2	
433	436	-2	
436	444	2	
443	444	3	
443	446	-2	
438	446	-1	
433	438	1	
464	468	2	
467	470	-2	
465	469	3	
280	284	2	
283	284	3	
283	287	2	
282	287	2	
282	286	-2	
24	29	1	
26	31	2	
24	30	-3	
400	404	1	
401	405	-1	
401	407	2	
265	269	3	
267	269	3	
331	334	-2	
426	429	2	
429	437	-2	
432	437	-2	
432	439	-2	
431	439	2	
256	262	2	
262	270	-2	
266	271	-1	
256	263	-1	
384	388	-2	
387	451	-3	
448	454	3	
384	448	-3	
356	364	-1	
361	364	2	
359	367	2	
352	359	-2	
113	177	-2	
177	180	2	
112	176	2	
78	86	-1	
80	86	-2	
80	87	2	
79	87	2	
184	188	4	
186	189	2	
187	191	2	
34	36	3	
35	36	-3	
35	37	-2	
33	37	2	
34	39	-1	
64	68	-1	
65	68	2	
67	71	2	
67	69	2	
116	124	-3	
120	124	-2	
120	125	-1	
115	117	-2	
274	276	2	
275	276	2	
275	339	1	
338	343	-2	
274	338	-1	
408	413	-3	
416	421	3	
416	422	1	
408	414	-1	
385	390	-2	
386	390	-3	
386	450	2	
385	449	2	
306	311	2	
307	311	4	
307	371	1	
371	373	3	
370	373	-2	
306	370	1	
506	508	-2	
506	511	3	
507	511	-2	
504	509	-3	
489	493	3	
490	493	-3	
491	494	3	
40	44	-1	
41	44	-3	
41	47	-3	
42	46	2	
320	324	-2	
323	324	2	
323	326	-2	
322	326	3	
322	327	-1	
131	132	3	
130	134	-2	
227	228	1	
227	231	-2	
226	231	3	
226	229	1	
225	229	3	
457	460	2	
456	463	-2	
456	461	2	
457	461	-2	
99	102	2	
102	110	2	
103	111	-2	
99	103	-2	
11	14	-2	
14	22	-3	
17	22	1	
15	23	-2	
11	15	2	
76	84	2	
82	84	-1	
77	85	1	
75	77	2	
171	174	2	
174	182	-1	
178	182	-2	
175	183	-2	
240	247	-3	
241	247	-3	
241	305	2	
305	310	-2	
304	310	2	
240	304	2	
475	477	2	
477	485	2	
481	487	3	
475	479	-3	
137	142	2	
138	142	-1	
202	206	2	
201	206	-2	
289	295	3	
291	295	-2	
291	355	-2	
289	353	2	
299	303	2	
299	363	-3	
363	365	-3	
298	362	2	
328	332	-2	
332	340	1	
333	341	1	
328	333	3	
441	445	-3	
376	440	2	
88	94	3	
90	94	-1	
152	156	-2	
208	212	2	
209	273	1	
273	279	-2	
272	279	-2	
208	272	-1	
48	53	2	
53	61	-1	
58	61	-2	
58	62	4	
308	316	-1	
313	316	2	
313	317	3	
309	317	1	
161	166	-2	
162	166	3	
162	167	-2	
408	412	-3	
409	415	-4	
411	413	1	
193	196	2	
193	199	3	
194	198	1	
248	253	2	
251	253	3	
251	254	3	
248	255	-2	
424	430	-2	
427	491	2	
491	492	2	
498	501	-2	
499	502	-3	
496	503	1	
2	6	2	
2	66	-2	
66	70	2	
0	64	-3	
211	213	-2	
213	221	1	
218	221	2	
214	222	2	
347	348	2	
344	351	2	
346	350	-1	
233	237	-2	
233	239	-3	
234	238	4	
232	238	1	
378	380	2	
379	443	-2	
483	487	-2	
136	141	2	
147	150	1	
142	150	1	
114	118	3	
118	126	-1	
120	127	-3	
385	388	-2	
388	396	2	
393	396	2	
389	397	3	
152	158	1	
155	158	2	
155	219	1	
152	216	-1	
169	172	1	
172	180	1	
179	183	1	
278	286	-1	
281	286	2	
279	287	2	
16	23	-3	
17	81	2	
81	84	-1	
260	268	2	
265	271	2	
258	263	1	
25	31	1	
26	90	-3	
90	95	-2	
25	89	2	
427	428	1	
428	436	2	
434	438	2	
430	438	2	
1	6	-2	
469	477	1	
473	479	2	
471	479	-1	
466	471	1	
38	46	1	
43	46	-3	
43	47	-2	
39	47	-1	
32	39	1	
329	333	-2	
329	335	-3	
327	335	2	
321	327	-2	
51	55	2	
49	55	1	
452	460	-1	
458	460	2	
458	463	-4	
455	463	-1	
10	13	3	
106	111	-3	
97	103	-2	
289	293	1	
296	301	2	
339	342	3	
402	406	-2	
338	402	-1	
187	188	1	
185	190	1	
130	135	-1	
130	133	-1	
441	505	-1	
505	508	-3	
440	504	1	
224	228	-2	
228	236	-3	
235	236	-2	
229	237	2	
224	229	1	
203	204	-3	
203	206	2	
201	205	-2	
200	205	2	
179	243	2	
243	245	1	
178	242	-1	
56	62	1	
352	357	1	
355	359	2	
352	358	2	
372	380	-2	
374	382	1	
312	317	1	
315	319	-3	
313	319	3	
424	429	2	
434	437	-1	
424	431	1	
299	300	2	
297	361	1	
394	397	-3	
397	405	1	
399	407	-1	
149	157	-2	
153	157	-3	
150	158	-2	
492	500	1	
493	501	3	
27	28	2	
27	91	2	
24	88	-1	
241	246	-2	
330	334	-1	
326	334	-1	
114	116	-2	
230	238	1	
231	239	-2	
105	110	1	
83	85	2	
81	86	-2	
410	415	-2	
474	476	2	
473	476	-3	
25	29	2	
29	37	1	
34	37	-2	
30	38	2	
68	76	2	
75	79	-1	
71	79	2	
337	340	2	
340	348	1	
346	351	-2	
343	351	-2	
216	221	2	
217	281	1	
280	285	2	
216	280	-1	
12	20	2	
18	22	-1	
304	308	-2	
211	212	-1	
208	214	3	
208	215	-1	
257	262	-1	
164	172	-1	
168	174	-3	
166	174	-1	
273	276	2	
275	278	3	
272	278	1	
369	372	-2	
507	510	-1	
267	268	-1	
266	269	-2	
264	270	-1	
288	292	-2	
290	292	2	
290	294	-1	
291	294	2	
248	254	-3	
72	78	3	
73	137	-1	
136	143	1	
72	136	1	
396	404	-2	
401	404	-2	
398	406	-2	
218	223	-2	
219	283	-1	
218	282	1	
344	348	-2	
348	356	1	
353	356	2	
353	357	-2	
349	357	1	
459	461	2	
461	469	-1	
462	470	-1	
459	462	3	
128	133	1	
133	141	2	
134	142	1	
42	44	1	
40	45	-3	
113	116	2	
176	182	-3	
148	156	-2	
154	159	2	
151	159	2	
426	428	2	
426	490	-1	
490	494	1	
33	36	1	
97	102	1	
314	316	-2	
314	378	2	
378	383	3	
312	376	-2	
107	171	-1	
411	412	-2	
412	420	2	
417	422	2	
411	414	1	
256	260	3	
257	260	-1	
257	321	-1	
320	325	1	
256	320	1	
0	4	-2	
1	65	-2	
65	69	-1	
466	468	-3	
464	470	2	
341	349	1	
345	349	-2	
342	350	-2	
336	342	1	
161	167	2	
163	227	2	
161	225	1	
435	436	3	
497	502	-2	
197	205	-1	
202	205	-2	
472	477	1	
483	486	-2	
450	453	-1	
121	126	2	
123	187	1	
185	189	2	
121	185	1	
13	21	-1	
16	21	3	
441	444	-1	
56	61	1	
56	63	2	
331	332	-1	
51	115	2	
112	119	-1	
48	112	2	
93	101	-2	
96	101	-2	
91	95	-1	
457	463	2	
481	484	-2	
484	492	-1	
488	495	1	
487	495	1	
160	164	-2	
162	226	2	
160	224	1	
44	52	1	
46	54	1	
199	207	1	
258	261	-2	
259	261	1	
259	323	-1	
258	322	1	
434	498	1	
498	500	-2	
432	496	1	
3	67	1	
65	70	-1	
19	20	2	
384	389	-1	
387	389	-1	
451	455	-1	
419	421	2	
419	422	2	
315	379	1	
313	377	-1	
138	141	2	
135	143	-1	
129	135	1	
472	479	-2	
186	191	2	
183	191	1	
145	209	-2	
362	367	3	
362	426	-1	
361	425	1	
298	302	1	
296	303	1	
297	303	2	
107	108	-2	
123	127	-2	
33	38	1	
31	39	1	
403	405	-1	
400	406	1	
243	307	1	
73	76	-1	
219	221	-2	
232	239	2	
266	268	-1	
369	433	1	
368	432	-2	
338	341	-1	
11	75	-1	
171	172	-2	
242	306	1	
18	82	-1	
178	180	-1	
180	188	1	
184	189	1	
495	503	1	
489	495	1	
49	53	-2	
113	117	1	
49	113	-1	
131	195	-1	
195	196	-1	
194	196	-1	
130	194	-2	
201	207	-1	
392	399	-2	
456	460	-1	
346	410	1	
345	409	1	
370	375	-1	
427	431	-1	
483	484	1	
267	271	-1	
42	106	-1	
40	104	-1	
402	407	-1	
402	466	-1	
465	468	-1	
401	465	-1	
475	478	1	
440	447	-2	
439	447	2	
17	21	-1	
81	85	1	
50	114	1	
451	452	-1	
449	454	-1	
449	455	1	
75	139	1	
74	138	1	
300	308	-2	
163	165	1	
165	173	-1	
167	175	-1	
186	250	1	
249	252	-1	
185	249	-1	
212	220	-1	
217	220	-1	
494	502	-1	
417	421	-1	
480	485	-2	
145	149	1	
155	157	-1	
202	207	1	
321	385	1	
320	384	1	
90	93	-1	
177	241	-1	
123	125	-2	
128	192	-1	
443	507	1	
442	506	-1	
57	60	1	
59	62	-1	
10	14	-1	
9	73	-1	
355	356	-1	
354	358	-1	
403	467	-1	
400	464	-1	
94	102	-1	
377	380	-1	
283	347	1	
282	346	-1	
224	231	-1	
193	198	-1	
195	198	1	
259	263	-1	
147	211	1	
368	374	1	
370	434	-1	
339	341	1	
482	485	1	
219	222	1	
171	235	-1	
170	234	1	
496	502	1	
22	30	1	
302	310	1	
265	270	-1	
448	452	-1	
128	132	1	
115	118	1	
80	85	-1	
331	333	1	
8	12	1	
9	15	-1	
177	183	1	
106	108	1	
104	111	1	
35	38	-1	
281	284	-1	
284	292	1	
288	294	1	
286	294	-1	
146	148	-1	
48	52	-1	
251	255	-1	
371	372	1	
375	383	-1	
306	308	1	
299	301	1	
202	266	-1	
200	264	1	
27	29	1	
23	31	-1	
72	76	-1	
70	78	1	
357	365	1	
386	391	-1	
473	478	-1	
99	100	-1	
227	291	1	
437	445	-1	
433	439	-1	
97	161	-1	
96	160	1	
69	77	-1	
72	79	1	
Energy:	-1752	
