NumberOfQubits	504	
NumberOfSubgraphs	840	
Serial	471	
PlantedSolution:	
0	-1	
1	1	
2	-1	
3	-1	
4	-1	
5	1	
6	-1	
8	-1	
9	-1	
10	1	
11	1	
12	-1	
13	1	
14	-1	
15	-1	
16	1	
17	-1	
18	-1	
19	1	
20	-1	
21	-1	
22	1	
23	-1	
24	1	
25	1	
26	-1	
27	1	
28	-1	
29	-1	
30	1	
31	1	
32	-1	
33	1	
34	-1	
35	1	
36	-1	
37	-1	
38	-1	
39	1	
40	1	
41	1	
42	1	
43	1	
44	1	
45	1	
46	1	
47	-1	
48	1	
49	-1	
50	-1	
51	1	
52	-1	
53	-1	
54	-1	
55	1	
56	-1	
57	-1	
58	-1	
59	1	
60	1	
61	-1	
62	1	
63	-1	
64	1	
65	-1	
66	-1	
67	1	
68	-1	
69	1	
70	1	
71	1	
72	1	
73	1	
74	-1	
75	-1	
76	1	
77	1	
78	1	
79	-1	
80	1	
81	1	
82	1	
83	1	
84	1	
85	1	
86	-1	
87	1	
88	-1	
89	-1	
90	1	
91	1	
92	-1	
93	-1	
94	-1	
95	-1	
96	-1	
97	-1	
98	-1	
99	1	
100	1	
101	-1	
102	-1	
103	1	
104	1	
105	-1	
106	-1	
107	-1	
108	1	
109	-1	
110	-1	
111	-1	
112	1	
113	-1	
114	1	
115	1	
116	1	
117	-1	
118	1	
119	-1	
120	-1	
121	-1	
123	1	
124	-1	
125	-1	
126	1	
127	1	
128	-1	
129	-1	
130	1	
131	-1	
132	1	
133	1	
134	-1	
135	1	
136	-1	
137	1	
138	-1	
139	1	
141	1	
142	1	
143	-1	
144	-1	
145	-1	
146	1	
147	-1	
148	1	
149	-1	
150	1	
151	-1	
152	1	
153	1	
154	1	
155	-1	
156	1	
157	-1	
158	-1	
159	-1	
160	-1	
161	1	
162	-1	
163	1	
164	1	
165	1	
166	-1	
167	-1	
168	1	
169	1	
170	1	
171	-1	
172	1	
173	-1	
174	-1	
175	-1	
176	1	
177	1	
178	1	
179	-1	
180	1	
181	1	
182	-1	
183	-1	
184	1	
185	1	
186	1	
187	-1	
188	-1	
189	1	
190	-1	
191	-1	
192	-1	
193	1	
194	-1	
195	1	
196	-1	
197	1	
198	1	
199	1	
200	-1	
201	-1	
202	-1	
203	1	
204	-1	
205	1	
206	1	
207	-1	
208	1	
209	1	
210	-1	
211	1	
212	1	
213	-1	
214	1	
215	1	
216	-1	
217	1	
218	1	
219	-1	
220	-1	
221	-1	
222	-1	
223	1	
224	1	
225	1	
226	-1	
227	1	
228	1	
229	-1	
230	-1	
231	-1	
232	1	
233	-1	
234	1	
235	1	
236	1	
237	-1	
238	-1	
239	-1	
240	-1	
241	1	
242	-1	
243	1	
244	1	
245	-1	
246	-1	
247	-1	
248	1	
249	1	
250	1	
251	-1	
252	1	
253	1	
254	-1	
255	1	
256	1	
257	-1	
258	-1	
259	1	
260	-1	
261	-1	
262	-1	
263	-1	
264	1	
265	-1	
266	-1	
267	1	
268	1	
269	-1	
270	-1	
271	1	
272	-1	
273	1	
274	-1	
275	-1	
276	1	
277	-1	
278	1	
279	-1	
280	1	
281	-1	
282	1	
283	-1	
284	-1	
285	-1	
286	-1	
287	-1	
288	1	
289	1	
290	-1	
291	1	
292	1	
293	1	
294	-1	
295	-1	
296	1	
297	1	
298	-1	
299	-1	
300	-1	
301	-1	
302	-1	
303	1	
304	1	
305	-1	
306	-1	
307	1	
308	-1	
309	1	
310	-1	
311	-1	
312	1	
313	-1	
314	1	
315	-1	
316	1	
317	-1	
318	1	
319	1	
320	1	
321	1	
322	1	
323	1	
324	-1	
325	-1	
326	1	
327	-1	
328	1	
329	-1	
330	-1	
331	-1	
332	-1	
333	1	
334	-1	
335	-1	
336	1	
337	1	
338	-1	
339	-1	
340	1	
341	-1	
342	1	
343	1	
344	-1	
345	-1	
346	1	
347	-1	
348	1	
349	-1	
350	1	
351	-1	
352	-1	
353	-1	
354	-1	
355	-1	
356	1	
357	1	
358	-1	
359	1	
361	-1	
362	1	
363	1	
364	1	
365	-1	
367	-1	
368	-1	
369	-1	
370	-1	
371	-1	
372	-1	
373	-1	
374	1	
375	-1	
376	-1	
377	1	
378	1	
379	1	
380	-1	
382	-1	
383	-1	
384	1	
385	1	
386	-1	
387	1	
388	-1	
389	-1	
390	1	
391	1	
392	1	
393	1	
394	-1	
396	-1	
397	-1	
398	-1	
399	-1	
400	1	
401	1	
402	1	
403	1	
404	1	
405	-1	
406	-1	
407	-1	
408	1	
409	1	
410	-1	
411	1	
412	1	
413	-1	
414	1	
415	-1	
416	1	
417	1	
418	1	
419	1	
420	-1	
421	-1	
422	1	
424	1	
425	1	
426	1	
427	1	
428	1	
429	1	
430	-1	
431	1	
432	1	
433	-1	
434	1	
435	1	
436	1	
437	-1	
438	1	
439	-1	
440	1	
441	1	
442	1	
443	1	
444	-1	
445	1	
446	1	
447	-1	
448	1	
449	1	
450	-1	
451	-1	
452	1	
453	-1	
454	-1	
455	1	
456	-1	
457	-1	
458	1	
459	-1	
460	-1	
461	-1	
462	-1	
463	-1	
464	1	
465	-1	
466	1	
467	-1	
468	-1	
469	-1	
470	1	
471	1	
472	-1	
473	1	
474	-1	
475	1	
476	-1	
477	1	
478	1	
479	-1	
480	1	
481	-1	
482	1	
483	-1	
484	-1	
485	-1	
486	-1	
487	-1	
488	1	
489	-1	
490	1	
491	1	
492	1	
493	1	
494	-1	
495	1	
496	-1	
497	-1	
498	-1	
499	-1	
500	-1	
501	1	
502	1	
503	-1	
504	1	
505	-1	
506	-1	
507	-1	
508	-1	
509	1	
510	-1	
511	1	
Js:	
472	476	-5	
473	476	5	
473	477	-4	
474	477	6	
474	479	-4	
472	479	3	
138	142	4	
142	150	-3	
144	150	-5	
144	151	-3	
143	151	-1	
138	143	-5	
440	447	4	
442	447	4	
442	506	3	
506	509	6	
504	509	-4	
440	504	2	
481	485	-4	
485	493	4	
491	493	-5	
491	495	3	
487	495	3	
481	487	-4	
321	325	3	
323	325	5	
323	387	-3	
387	391	-2	
385	391	-3	
321	385	2	
41	47	5	
43	47	4	
43	107	3	
107	109	-4	
105	109	-5	
41	105	4	
408	412	-6	
411	412	-5	
411	413	5	
409	413	6	
409	414	-3	
408	414	-3	
176	180	-3	
179	180	5	
179	182	-3	
177	182	4	
177	183	2	
176	183	-7	
218	222	5	
222	230	-5	
224	230	3	
224	231	-4	
223	231	3	
218	223	-4	
64	68	4	
66	68	-4	
66	71	8	
67	71	-3	
67	69	-5	
64	69	-6	
80	84	-6	
82	84	-5	
82	85	5	
83	85	-4	
83	87	-6	
80	87	-3	
456	461	-6	
458	461	6	
458	463	4	
459	463	6	
459	462	-5	
456	462	-5	
184	188	7	
186	188	5	
186	190	3	
185	190	5	
185	189	-7	
184	189	4	
433	436	5	
434	436	3	
434	438	-4	
432	438	-7	
432	439	4	
433	439	-3	
345	348	-5	
346	348	-5	
346	349	6	
344	349	-5	
344	351	-3	
345	351	-4	
274	276	7	
276	284	-2	
282	284	4	
282	287	6	
279	287	-4	
274	279	-2	
480	484	3	
484	492	-4	
489	492	4	
489	494	-5	
486	494	-3	
480	486	4	
202	204	-4	
203	204	5	
203	267	2	
267	269	5	
266	269	-1	
202	266	-3	
330	332	-4	
332	340	2	
337	340	-6	
337	341	-4	
333	341	1	
330	333	4	
370	372	-4	
372	380	-2	
377	380	8	
377	383	4	
375	383	-3	
370	375	2	
25	29	6	
26	29	-4	
26	31	3	
24	31	-5	
24	30	7	
25	30	-2	
155	157	-5	
157	165	4	
162	165	4	
162	167	-3	
159	167	-2	
155	159	8	
297	301	2	
299	301	-7	
299	363	-3	
363	365	5	
361	365	-5	
297	361	3	
8	12	-4	
11	12	5	
11	15	5	
10	15	4	
10	13	-4	
8	13	4	
289	292	-6	
291	292	-5	
291	295	4	
290	295	-4	
290	294	-6	
289	294	3	
74	76	4	
75	76	4	
75	77	5	
73	77	-6	
73	79	4	
74	79	1	
129	135	6	
131	135	6	
131	195	2	
195	197	-3	
193	197	-6	
129	193	2	
392	396	4	
394	396	-5	
394	398	2	
393	398	7	
393	397	2	
392	397	4	
169	175	-4	
171	175	-2	
171	235	2	
235	237	6	
233	237	-5	
169	233	2	
208	212	-5	
209	212	4	
209	213	5	
211	213	4	
211	215	-6	
208	215	-2	
304	308	2	
306	308	-4	
306	309	3	
305	309	5	
305	311	3	
304	311	7	
256	261	4	
259	261	3	
259	262	5	
258	262	-4	
258	263	-3	
256	263	5	
113	117	-5	
114	117	3	
114	118	-3	
115	118	-5	
115	119	-2	
113	119	-4	
91	93	6	
93	101	-2	
96	101	-5	
96	102	-4	
94	102	-3	
91	94	-2	
56	60	7	
59	60	-5	
59	63	7	
58	63	-5	
58	61	-5	
56	61	-4	
240	244	3	
242	244	-5	
242	246	-5	
243	246	4	
243	247	5	
240	247	-4	
249	252	-4	
251	252	4	
251	253	3	
250	253	-6	
250	255	3	
249	255	-4	
401	405	6	
403	405	5	
403	467	2	
467	469	-7	
465	469	-4	
401	465	-6	
216	220	-3	
217	220	7	
217	281	-4	
281	285	-3	
280	285	4	
216	280	3	
32	36	-5	
33	36	5	
33	39	-4	
34	39	-5	
34	38	-4	
32	38	-4	
448	452	-5	
450	452	5	
450	454	-4	
449	454	-7	
449	455	-5	
448	455	-5	
352	356	-2	
353	356	4	
353	358	-7	
355	358	-2	
355	359	5	
352	359	7	
496	501	3	
497	501	3	
497	502	4	
498	502	3	
498	503	-4	
496	503	-7	
16	20	5	
18	20	-4	
18	22	4	
17	22	7	
17	21	-5	
16	21	4	
425	429	-5	
426	429	-3	
426	430	5	
424	430	6	
424	431	-5	
425	431	6	
232	239	5	
234	239	5	
234	298	3	
298	303	4	
296	303	-4	
232	296	-3	
336	342	-5	
338	342	5	
338	402	-1	
402	404	-5	
400	404	-3	
336	400	-2	
49	52	4	
51	52	4	
51	55	-4	
50	55	3	
50	54	-5	
49	54	-4	
120	124	5	
121	124	-5	
121	127	5	
123	127	-4	
123	125	6	
120	125	-8	
161	166	5	
163	166	6	
163	227	-3	
227	229	4	
225	229	2	
161	225	-4	
0	4	-3	
2	4	-8	
2	6	-4	
1	6	6	
1	5	-3	
0	5	6	
314	316	-6	
315	316	3	
315	318	4	
313	318	6	
313	317	-5	
314	317	-4	
88	92	3	
90	92	4	
90	154	-3	
154	156	-4	
152	156	-5	
88	152	3	
128	132	6	
130	132	-3	
130	194	2	
194	196	2	
192	196	-5	
128	192	-2	
136	141	5	
137	141	-5	
137	201	5	
201	207	-4	
200	207	3	
136	200	-5	
104	108	-6	
106	108	5	
106	170	2	
170	173	4	
168	173	-4	
104	168	-4	
416	420	2	
419	420	4	
419	422	-5	
417	422	-4	
417	421	3	
416	421	6	
322	326	-2	
326	334	6	
331	334	-5	
331	335	-4	
327	335	-5	
322	327	6	
441	446	-6	
443	446	-4	
443	507	-2	
507	510	-3	
505	510	-4	
441	505	3	
369	372	-5	
371	372	3	
371	373	-5	
368	373	-5	
368	374	4	
369	374	4	
145	148	5	
147	148	5	
147	149	-5	
146	149	4	
146	150	-5	
145	150	2	
273	277	5	
275	277	-4	
275	279	-3	
272	279	-6	
272	278	7	
273	278	-6	
264	268	-6	
265	268	5	
265	270	-3	
267	270	-3	
267	271	-4	
264	271	-3	
457	460	-4	
460	468	-2	
464	468	3	
464	471	-5	
463	471	-2	
457	463	-6	
97	100	6	
98	100	3	
98	101	-4	
99	101	6	
99	103	4	
97	103	4	
320	324	5	
322	324	2	
322	386	3	
386	388	-4	
384	388	5	
320	384	2	
40	44	-4	
44	52	3	
48	52	5	
48	53	3	
45	53	3	
40	45	-5	
312	319	-4	
315	319	-5	
315	379	4	
379	382	3	
376	382	-5	
312	376	3	
177	181	-4	
178	181	-4	
178	242	-1	
242	245	-3	
241	245	3	
177	241	-4	
184	191	-3	
187	191	-7	
187	251	-2	
251	254	-5	
248	254	3	
184	248	-2	
160	164	4	
162	164	5	
162	226	-4	
226	228	4	
224	228	4	
160	224	3	
339	342	2	
342	350	-6	
347	350	-6	
347	351	-6	
343	351	6	
339	343	5	
499	500	-5	
500	508	-4	
505	508	2	
505	511	7	
503	511	1	
499	503	-3	
72	78	3	
78	86	4	
81	86	3	
81	87	-2	
79	87	3	
72	79	7	
283	285	-4	
285	293	3	
288	293	-4	
288	294	6	
286	294	4	
283	286	-4	
435	436	-4	
436	444	7	
441	444	2	
441	445	-4	
437	445	5	
435	437	-3	
88	95	-4	
89	95	-4	
89	153	-3	
153	158	4	
152	158	7	
403	406	3	
406	414	4	
410	414	6	
410	415	-4	
407	415	-4	
403	407	-3	
298	300	-6	
300	308	-3	
307	308	-5	
307	310	5	
302	310	-4	
298	302	-4	
210	213	-4	
213	221	-2	
219	221	-4	
219	222	-3	
214	222	2	
210	214	4	
466	468	7	
468	476	-3	
475	476	3	
475	478	-5	
470	478	-2	
466	470	8	
35	37	4	
37	45	5	
42	45	-2	
42	46	6	
38	46	1	
35	38	6	
362	367	4	
363	367	6	
363	427	-3	
427	428	-7	
426	428	-4	
362	426	2	
19	20	4	
20	28	2	
27	28	4	
27	31	-3	
23	31	3	
19	23	5	
418	421	6	
419	421	-1	
419	483	7	
483	487	-4	
482	487	3	
418	482	-6	
328	335	-4	
329	335	-6	
329	393	2	
393	399	5	
392	399	3	
328	392	-1	
192	197	4	
197	205	-3	
201	205	5	
201	206	4	
198	206	5	
192	198	4	
1	4	6	
3	4	4	
3	67	5	
67	70	-7	
65	70	7	
1	65	5	
354	356	4	
356	364	-3	
362	364	-6	
362	365	6	
357	365	-2	
354	357	5	
107	110	-3	
110	118	-3	
112	118	-3	
112	119	4	
111	119	-3	
107	111	-3	
386	390	-1	
387	390	-5	
387	451	4	
451	453	-3	
450	453	-6	
386	450	-2	
130	133	-6	
133	141	-3	
139	141	-4	
139	142	3	
134	142	3	
130	134	5	
193	199	4	
194	199	5	
194	258	-4	
258	260	-6	
257	260	-6	
193	257	2	
57	62	5	
59	62	2	
59	123	-1	
123	126	-5	
121	126	6	
57	121	-2	
234	236	-5	
236	244	3	
241	244	-4	
241	246	4	
238	246	-2	
234	238	4	
170	172	-5	
171	172	2	
171	174	-6	
168	174	3	
168	175	-3	
170	175	4	
11	13	6	
11	14	2	
9	14	-7	
9	15	-4	
488	493	-5	
490	493	2	
490	494	5	
489	495	6	
488	495	-5	
112	116	1	
114	116	-5	
114	178	-3	
178	182	5	
176	182	4	
112	176	-2	
384	389	2	
389	397	-4	
394	397	-7	
394	399	3	
391	399	7	
384	391	-4	
378	382	8	
378	442	-4	
442	445	-4	
440	445	-5	
376	440	-3	
280	284	-1	
284	292	3	
288	292	-2	
288	295	4	
287	295	-2	
280	287	6	
102	110	-4	
105	110	-5	
105	111	-6	
103	111	4	
96	103	3	
232	237	4	
235	239	2	
233	239	-6	
233	238	-3	
232	238	-4	
481	484	-5	
483	484	-3	
483	486	-4	
482	486	3	
482	485	4	
400	405	3	
401	406	3	
402	406	5	
402	407	5	
400	407	4	
248	252	-4	
250	252	4	
250	314	-2	
312	316	-6	
248	312	-2	
346	410	2	
409	415	4	
345	409	2	
204	212	-1	
210	212	5	
210	215	4	
207	215	2	
203	207	4	
34	36	-5	
36	44	2	
41	44	-4	
39	47	4	
275	276	6	
275	339	-4	
338	343	2	
274	338	-4	
449	452	-3	
451	454	-5	
448	453	5	
501	509	-2	
506	510	3	
502	510	3	
496	502	6	
227	228	3	
225	228	-6	
75	78	4	
73	78	1	
74	77	6	
260	268	4	
264	269	-4	
261	269	-4	
257	261	-5	
458	460	4	
459	460	-6	
304	309	-3	
306	310	2	
307	311	2	
353	359	4	
353	417	-2	
417	420	5	
352	416	2	
469	477	2	
472	477	4	
472	478	-4	
467	470	3	
370	373	-4	
370	374	5	
371	374	6	
371	375	-4	
368	375	-5	
83	147	2	
147	151	-5	
146	151	5	
82	146	-2	
50	53	-5	
51	53	3	
48	55	-4	
48	54	-4	
430	438	-1	
434	439	3	
431	439	3	
296	301	5	
299	303	3	
297	303	-6	
297	302	3	
296	302	5	
154	158	4	
154	218	-3	
217	223	1	
153	217	-3	
187	188	-3	
187	190	-4	
185	191	-3	
186	191	5	
321	324	6	
324	332	3	
331	332	-4	
321	326	-4	
19	21	4	
21	29	-1	
24	29	4	
22	30	-2	
19	22	-4	
58	60	4	
58	62	6	
57	63	4	
56	63	-3	
129	132	4	
129	134	-4	
131	134	-3	
131	133	4	
128	133	-2	
108	116	-2	
113	116	3	
109	117	-2	
106	109	3	
26	28	-6	
27	91	-4	
90	93	5	
26	90	-3	
81	84	-5	
81	145	2	
145	149	-5	
144	149	-3	
80	144	-2	
290	293	4	
291	293	-3	
291	355	2	
355	357	4	
290	354	3	
256	262	5	
262	270	-4	
266	270	-5	
266	271	4	
263	271	-4	
344	350	2	
347	411	2	
344	408	2	
65	68	-4	
65	71	2	
66	69	3	
243	245	4	
245	253	3	
249	253	-5	
247	255	3	
273	337	-3	
336	340	2	
272	336	3	
169	172	-3	
172	180	-2	
179	181	5	
173	181	2	
169	173	4	
160	165	6	
160	167	-3	
433	437	-6	
435	499	4	
497	500	-3	
433	497	-5	
136	143	-3	
138	202	-3	
202	205	4	
200	205	4	
33	37	-3	
35	99	-5	
99	100	-2	
33	97	4	
378	380	3	
379	380	4	
379	443	-4	
443	447	5	
5	13	-1	
8	14	-3	
6	14	-2	
0	6	5	
385	388	5	
388	396	-5	
392	398	3	
390	398	-6	
385	390	-5	
427	429	-3	
427	491	-2	
491	492	-5	
490	492	-4	
426	490	-4	
219	220	-4	
219	283	-4	
281	286	-4	
325	333	4	
328	333	-5	
323	327	3	
216	221	-4	
221	229	-5	
226	229	-2	
226	231	-6	
216	223	6	
401	404	-2	
465	471	6	
400	464	-5	
18	21	-4	
18	23	3	
16	23	5	
16	22	-2	
89	92	-5	
91	92	3	
91	95	-4	
88	94	-5	
89	94	-6	
144	148	4	
145	209	-2	
209	214	-3	
208	214	-6	
144	208	3	
312	317	3	
115	117	4	
117	125	-4	
120	126	4	
118	126	-5	
193	196	5	
195	196	3	
195	199	-5	
194	198	5	
193	198	1	
411	475	-4	
475	479	6	
473	479	4	
409	473	-3	
40	46	-4	
42	106	5	
40	104	-2	
418	420	5	
420	428	4	
425	428	3	
425	430	2	
422	430	3	
418	422	-2	
504	508	5	
507	508	-6	
507	511	5	
506	511	5	
504	510	5	
361	364	5	
364	372	3	
369	375	-5	
367	375	1	
361	367	-6	
265	271	3	
266	330	-4	
329	332	-4	
265	329	-4	
4	12	1	
9	12	-3	
379	383	5	
443	444	-3	
377	441	-3	
137	143	3	
139	143	6	
139	203	-5	
203	206	-4	
57	61	-6	
56	120	-1	
97	101	-3	
98	162	2	
161	164	-3	
97	161	2	
228	236	-2	
235	236	-3	
235	238	4	
230	238	-3	
225	230	-1	
43	45	-3	
49	53	-4	
49	55	-4	
47	55	2	
272	277	-3	
339	341	-4	
336	341	4	
297	300	5	
305	308	-4	
303	311	1	
176	181	-3	
181	189	-2	
186	189	-3	
183	191	-2	
477	485	2	
480	485	-4	
478	486	3	
474	478	4	
66	70	-1	
66	130	2	
130	135	-2	
65	129	-1	
320	327	3	
386	389	-6	
432	436	-2	
440	444	5	
440	446	1	
438	446	-5	
453	461	-3	
457	461	-3	
455	463	2	
450	455	3	
289	293	-5	
282	285	-3	
347	349	-2	
349	357	2	
353	357	3	
350	358	1	
488	492	-2	
492	500	1	
498	500	4	
498	501	5	
493	501	-2	
83	86	6	
240	246	3	
246	254	-4	
248	255	-6	
30	38	-1	
32	39	4	
31	39	-2	
25	31	-4	
466	469	2	
467	471	4	
465	470	3	
174	182	-2	
178	183	4	
175	183	-2	
153	156	-3	
154	159	4	
153	157	3	
259	260	-2	
258	261	-4	
211	212	-4	
209	215	-5	
3	5	6	
64	71	-3	
0	64	4	
116	124	4	
123	124	-4	
119	127	5	
313	316	3	
249	313	-2	
323	324	4	
387	389	5	
385	389	3	
24	28	3	
28	36	-1	
32	37	-4	
29	37	2	
427	431	-2	
361	425	1	
141	149	-2	
136	142	4	
265	269	-4	
329	333	4	
264	328	-3	
10	12	4	
11	75	2	
10	74	-1	
92	100	3	
96	100	4	
156	164	-2	
163	164	-2	
158	166	2	
301	309	-2	
305	310	-3	
299	302	-3	
416	422	-5	
480	487	4	
416	480	-5	
43	46	-4	
104	109	4	
344	348	4	
410	412	3	
226	230	-3	
216	222	2	
280	286	2	
170	234	2	
396	404	-3	
403	404	-5	
397	405	-3	
52	60	1	
54	62	2	
434	437	4	
434	498	-4	
497	503	-5	
17	20	-2	
18	82	3	
17	81	-4	
202	207	-4	
199	207	3	
376	380	-3	
377	382	-3	
378	383	4	
376	383	-4	
355	356	-6	
352	358	-4	
354	358	-6	
452	460	2	
454	462	-1	
505	509	4	
273	276	-2	
338	341	-5	
177	180	-5	
179	243	4	
398	406	-2	
399	407	-2	
435	439	4	
499	502	3	
432	496	-3	
8	15	-5	
9	73	3	
73	76	-4	
72	76	-3	
8	72	-2	
482	484	4	
417	481	-6	
196	204	-5	
200	204	-4	
200	206	4	
98	103	3	
34	98	-4	
131	132	5	
128	134	-5	
474	476	3	
473	478	-4	
490	495	-3	
365	373	-2	
267	331	3	
330	334	-4	
163	165	-3	
227	231	3	
218	220	2	
283	287	2	
218	282	-3	
232	236	-4	
296	300	-3	
244	252	-4	
42	44	-3	
106	111	-3	
306	311	-3	
306	370	-3	
304	368	-2	
80	85	-4	
85	93	3	
90	95	3	
87	95	3	
147	211	2	
211	214	-4	
384	390	-5	
451	455	5	
384	448	-2	
50	52	-3	
51	115	-4	
50	114	-4	
345	350	2	
336	343	-4	
259	263	-5	
259	323	-1	
323	326	-4	
320	326	-6	
256	320	-2	
19	83	-3	
80	86	3	
16	80	-2	
53	61	-2	
59	61	5	
55	63	1	
25	28	4	
26	30	4	
27	30	-4	
27	29	5	
274	277	-3	
274	278	-2	
456	460	-4	
457	462	-6	
458	462	4	
456	463	2	
169	174	4	
410	413	-4	
411	414	-3	
411	415	3	
427	430	3	
424	429	-3	
467	468	-2	
464	469	4	
464	470	-3	
291	294	-2	
307	309	-3	
309	317	4	
310	318	4	
67	68	2	
64	70	2	
442	446	4	
441	447	2	
138	141	3	
338	340	3	
340	348	-4	
341	349	-4	
386	391	4	
233	236	3	
240	245	-5	
237	245	-2	
258	322	1	
322	325	-6	
257	321	2	
314	319	-5	
314	318	-2	
312	318	-2	
267	268	-3	
328	332	-3	
283	284	-3	
281	284	-5	
32	96	3	
147	150	3	
145	151	-4	
161	167	4	
225	231	3	
369	373	-4	
475	477	-2	
426	431	-2	
424	488	-5	
9	13	3	
496	500	-3	
499	501	5	
42	47	4	
40	47	3	
41	46	-3	
88	93	-4	
91	155	1	
155	158	1	
184	190	4	
182	190	-2	
208	213	3	
185	188	3	
186	250	-2	
250	254	3	
249	254	5	
185	249	-2	
337	343	-3	
339	403	-2	
337	401	-3	
439	447	-5	
491	494	3	
57	60	-3	
298	362	2	
90	94	2	
154	157	4	
330	394	-1	
451	452	5	
449	453	3	
404	412	-2	
408	415	-3	
268	276	1	
269	277	-2	
75	79	-3	
72	77	2	
179	183	-3	
176	240	3	
107	108	4	
107	171	-3	
35	39	-3	
99	102	2	
98	102	-4	
218	221	3	
224	229	3	
235	299	-3	
281	345	-4	
345	349	-3	
280	344	-4	
51	54	3	
115	116	-5	
257	262	-2	
400	406	3	
328	334	4	
164	172	-4	
168	172	-4	
167	175	-5	
421	429	-3	
251	255	4	
248	253	-3	
68	76	-4	
74	78	5	
70	78	-3	
227	291	-4	
225	289	-4	
432	437	3	
241	247	2	
242	247	-3	
242	306	-3	
241	305	3	
128	135	-4	
49	113	-4	
48	112	-4	
352	357	4	
359	367	3	
270	278	1	
273	279	-3	
271	279	2	
43	44	-4	
12	20	-3	
13	21	2	
178	180	-3	
180	188	-2	
95	103	2	
293	301	-1	
295	303	2	
101	109	-2	
413	421	1	
414	422	-1	
148	156	-3	
153	159	4	
151	159	-2	
315	317	-2	
311	319	4	
459	461	-3	
371	435	1	
370	434	2	
146	210	1	
2	66	2	
321	327	3	
320	325	2	
160	166	-3	
231	239	1	
408	413	4	
408	472	4	
243	307	-2	
488	494	-3	
194	197	2	
363	364	-3	
339	340	3	
171	173	-5	
170	174	3	
264	270	4	
112	117	4	
104	110	3	
187	189	4	
74	138	-3	
72	136	3	
506	508	-3	
483	485	2	
257	263	-3	
229	237	-2	
272	276	2	
99	163	-3	
34	37	-2	
442	444	3	
334	342	-1	
217	221	2	
219	223	-3	
10	14	5	
304	310	2	
240	304	-2	
202	206	2	
195	198	-3	
494	502	-1	
283	347	3	
479	487	-2	
155	156	3	
56	62	5	
3	6	-5	
120	127	4	
368	372	-3	
410	474	-3	
129	133	3	
290	292	-2	
289	295	2	
137	142	-3	
282	346	-3	
346	350	-3	
69	77	-3	
313	377	2	
337	342	-1	
2	5	6	
385	449	-2	
448	454	3	
203	205	2	
205	213	2	
206	214	-1	
243	244	1	
81	85	-4	
152	157	3	
152	216	2	
425	489	3	
227	230	-3	
224	288	-3	
192	199	3	
195	259	-4	
192	256	2	
75	139	-2	
41	45	-2	
113	118	-3	
354	418	1	
347	348	1	
443	445	-2	
507	509	4	
275	278	-1	
155	219	-2	
165	173	-1	
465	468	1	
471	479	1	
402	405	3	
314	378	1	
435	438	-4	
33	38	4	
82	86	-2	
166	174	-2	
100	108	2	
393	396	3	
393	457	-1	
392	456	3	
355	419	-1	
64	128	1	
201	204	1	
504	511	-2	
25	89	4	
212	220	-1	
462	470	1	
313	319	2	
17	23	-2	
135	143	2	
83	84	-1	
82	87	-3	
298	301	-3	
65	69	-1	
387	388	-1	
121	125	2	
73	137	2	
215	223	1	
461	469	-1	
307	371	3	
305	369	-2	
105	169	-1	
163	167	-1	
374	382	-1	
346	351	1	
220	228	-1	
217	222	3	
104	111	-1	
481	486	-3	
84	92	2	
211	275	2	
210	274	2	
292	300	-2	
308	316	2	
71	79	2	
401	407	2	
86	94	-2	
113	177	1	
277	285	-3	
282	286	1	
278	286	3	
289	353	2	
146	148	3	
150	158	2	
234	237	1	
331	333	2	
15	23	-2	
489	493	2	
106	110	2	
394	458	-2	
409	412	2	
114	119	2	
428	436	1	
256	260	-2	
96	160	1	
251	315	-2	
35	36	2	
299	300	1	
368	432	-1	
239	247	-3	
97	102	1	
288	352	1	
348	356	-1	
266	268	3	
330	335	1	
466	471	-2	
233	297	1	
149	157	-1	
161	165	2	
76	84	1	
424	428	-1	
476	484	-1	
14	22	-1	
162	166	-2	
402	466	-1	
46	54	2	
354	359	-1	
429	437	1	
209	273	1	
208	272	1	
105	108	-1	
201	265	1	
226	290	-1	
433	438	1	
24	88	-1	
294	302	-1	
Energy:	-3788	
