NumberOfQubits	504	
NumberOfSubgraphs	588	
Serial	414	
PlantedSolution:	
0	1	
1	1	
2	1	
3	-1	
4	1	
5	-1	
6	1	
8	1	
9	1	
10	1	
11	1	
12	1	
13	1	
14	1	
15	-1	
16	-1	
17	1	
18	1	
19	-1	
20	1	
21	1	
22	-1	
23	-1	
24	-1	
25	1	
26	1	
27	1	
28	-1	
29	-1	
30	-1	
31	1	
32	1	
33	-1	
34	1	
35	1	
36	1	
37	-1	
38	-1	
39	-1	
40	-1	
41	1	
42	1	
43	1	
44	-1	
45	1	
46	-1	
47	-1	
48	1	
49	1	
50	1	
51	1	
52	1	
53	1	
54	1	
55	-1	
56	-1	
57	1	
58	-1	
59	-1	
60	1	
61	1	
62	-1	
63	1	
64	1	
65	-1	
66	-1	
67	1	
68	1	
69	-1	
70	-1	
71	1	
72	1	
73	1	
74	-1	
75	1	
76	1	
77	1	
78	1	
79	-1	
80	-1	
81	1	
82	-1	
83	1	
84	1	
85	1	
86	1	
87	-1	
88	1	
89	1	
90	1	
91	1	
92	-1	
93	-1	
94	1	
95	1	
96	-1	
97	-1	
98	-1	
99	1	
100	-1	
101	1	
102	1	
103	-1	
104	-1	
105	-1	
106	-1	
107	1	
108	1	
109	1	
110	1	
111	-1	
112	-1	
113	-1	
114	-1	
115	1	
116	-1	
117	-1	
118	-1	
119	1	
120	1	
121	-1	
123	-1	
124	-1	
125	-1	
126	-1	
127	1	
128	-1	
129	1	
130	-1	
131	1	
132	-1	
133	1	
134	1	
135	-1	
136	-1	
137	-1	
138	1	
139	1	
141	-1	
142	-1	
143	1	
144	-1	
145	1	
146	-1	
147	-1	
148	1	
149	1	
150	1	
151	1	
152	-1	
153	-1	
154	1	
155	1	
156	-1	
157	1	
158	-1	
159	1	
160	1	
161	-1	
162	1	
163	-1	
164	-1	
165	-1	
166	-1	
167	-1	
168	-1	
169	1	
170	1	
171	-1	
172	-1	
173	1	
174	1	
175	-1	
176	-1	
177	-1	
178	-1	
179	1	
180	1	
181	-1	
182	-1	
183	-1	
184	-1	
185	-1	
186	-1	
187	1	
188	-1	
189	1	
190	-1	
191	-1	
192	-1	
193	-1	
194	1	
195	1	
196	-1	
197	-1	
198	1	
199	-1	
200	1	
201	-1	
202	1	
203	-1	
204	-1	
205	1	
206	1	
207	-1	
208	-1	
209	-1	
210	-1	
211	1	
212	-1	
213	1	
214	1	
215	1	
216	1	
217	-1	
218	-1	
219	1	
220	-1	
221	-1	
222	-1	
223	-1	
224	-1	
225	1	
226	-1	
227	1	
228	-1	
229	1	
230	-1	
231	-1	
232	1	
233	1	
234	1	
235	-1	
236	1	
237	1	
238	1	
239	1	
240	-1	
241	1	
242	-1	
243	1	
244	-1	
245	1	
246	-1	
247	1	
248	-1	
249	1	
250	1	
251	-1	
252	1	
253	1	
254	1	
255	1	
256	-1	
257	-1	
258	-1	
259	1	
260	-1	
261	-1	
262	-1	
263	-1	
264	1	
265	-1	
266	1	
267	-1	
268	1	
269	-1	
270	1	
271	1	
272	-1	
273	-1	
274	-1	
275	1	
276	1	
277	1	
278	1	
279	-1	
280	-1	
281	1	
282	-1	
283	1	
284	1	
285	-1	
286	1	
287	-1	
288	-1	
289	-1	
290	-1	
291	1	
292	-1	
293	-1	
294	1	
295	-1	
296	-1	
297	-1	
298	1	
299	-1	
300	-1	
301	1	
302	-1	
303	1	
304	1	
305	-1	
306	1	
307	1	
308	1	
309	1	
310	1	
311	-1	
312	1	
313	1	
314	-1	
315	-1	
316	1	
317	-1	
318	1	
319	1	
320	-1	
321	1	
322	1	
323	1	
324	-1	
325	1	
326	1	
327	-1	
328	1	
329	1	
330	1	
331	1	
332	1	
333	-1	
334	-1	
335	-1	
336	-1	
337	1	
338	1	
339	1	
340	-1	
341	1	
342	1	
343	-1	
344	1	
345	1	
346	-1	
347	1	
348	1	
349	1	
350	1	
351	-1	
352	1	
353	-1	
354	1	
355	-1	
356	1	
357	1	
358	1	
359	-1	
361	-1	
362	-1	
363	-1	
364	1	
365	-1	
367	-1	
368	1	
369	1	
370	-1	
371	1	
372	-1	
373	1	
374	-1	
375	-1	
376	1	
377	1	
378	1	
379	-1	
380	-1	
382	1	
383	1	
384	1	
385	1	
386	1	
387	-1	
388	-1	
389	-1	
390	1	
391	1	
392	1	
393	-1	
394	1	
396	-1	
397	1	
398	1	
399	-1	
400	1	
401	-1	
402	-1	
403	-1	
404	1	
405	-1	
406	1	
407	-1	
408	-1	
409	-1	
410	1	
411	-1	
412	1	
413	-1	
414	-1	
415	1	
416	-1	
417	1	
418	1	
419	-1	
420	-1	
421	-1	
422	-1	
424	1	
425	1	
426	-1	
427	-1	
428	1	
429	1	
430	1	
431	1	
432	1	
433	-1	
434	-1	
435	1	
436	-1	
437	1	
438	1	
439	-1	
440	-1	
441	-1	
442	1	
443	-1	
444	1	
445	-1	
446	1	
447	1	
448	-1	
449	1	
450	1	
451	1	
452	1	
453	1	
454	1	
455	-1	
456	-1	
457	1	
458	1	
459	1	
460	-1	
461	-1	
462	1	
463	1	
464	1	
465	1	
466	1	
467	1	
468	1	
469	-1	
470	1	
471	1	
472	-1	
473	1	
474	-1	
475	1	
476	-1	
477	1	
478	1	
479	-1	
480	1	
481	1	
482	-1	
483	-1	
484	1	
485	1	
486	1	
487	1	
488	1	
489	-1	
490	1	
491	1	
492	1	
493	-1	
494	-1	
495	1	
496	-1	
497	-1	
498	1	
499	-1	
500	-1	
501	-1	
502	-1	
503	-1	
504	-1	
505	-1	
506	1	
507	-1	
508	-1	
509	-1	
510	-1	
511	1	
Js:	
232	236	-1	
233	236	-2	
233	239	-4	
235	239	2	
235	237	4	
232	237	4	
266	268	-5	
268	276	-3	
274	276	3	
274	277	-3	
269	277	3	
266	269	4	
72	76	-3	
75	76	-3	
75	77	3	
73	77	-3	
73	79	4	
72	79	3	
43	44	4	
44	52	1	
51	52	-2	
51	54	3	
46	54	2	
43	46	4	
451	452	-5	
452	460	2	
458	460	-3	
458	461	3	
453	461	2	
451	453	-3	
129	132	5	
131	132	4	
131	135	4	
128	135	-3	
128	134	4	
129	134	-3	
321	326	-5	
323	326	-4	
323	387	1	
387	388	3	
385	388	1	
321	385	-2	
482	485	3	
485	493	1	
488	493	-4	
488	494	4	
486	494	1	
482	486	2	
281	284	-3	
282	284	3	
282	346	-2	
346	348	3	
345	348	-3	
281	345	-3	
48	53	-3	
50	53	4	
50	114	3	
114	119	3	
112	119	5	
48	112	3	
89	93	3	
93	101	2	
97	101	2	
97	102	4	
94	102	1	
89	94	-4	
505	509	-3	
506	509	4	
506	510	4	
504	510	-3	
504	511	3	
505	511	5	
378	382	-2	
379	382	4	
379	443	2	
443	444	3	
442	444	-4	
378	442	-4	
249	254	-3	
250	254	-5	
250	314	-1	
314	316	4	
313	316	-4	
249	313	-1	
10	12	-3	
11	12	-6	
11	14	-4	
9	14	3	
9	13	-3	
10	13	-4	
432	437	-4	
434	437	2	
434	498	2	
498	501	2	
496	501	3	
432	496	3	
203	204	-5	
204	212	-3	
210	212	-3	
210	214	-1	
206	214	-4	
203	206	2	
184	188	2	
186	188	-4	
186	190	-3	
185	190	-3	
185	191	-3	
184	191	-4	
105	109	-2	
107	109	-3	
107	111	2	
104	111	-4	
104	110	4	
105	110	4	
178	180	3	
179	180	-4	
179	181	2	
177	181	4	
177	182	-3	
178	182	-5	
329	335	3	
330	335	-2	
330	394	-2	
394	399	2	
393	399	-4	
329	393	2	
401	407	-3	
402	407	-3	
402	466	2	
466	471	-2	
465	471	-4	
401	465	-2	
297	302	-4	
299	302	-4	
299	363	-2	
363	365	-3	
361	365	-3	
297	361	1	
424	428	-3	
427	428	3	
427	430	-1	
426	430	2	
426	429	4	
424	429	-3	
139	142	3	
142	150	-2	
146	150	4	
146	151	4	
143	151	-3	
139	143	-4	
288	295	-5	
290	295	-2	
290	354	3	
354	356	-2	
352	356	-2	
288	352	2	
408	415	-3	
410	415	-3	
410	474	2	
474	476	-5	
472	476	-2	
408	472	-2	
161	166	-2	
163	166	-3	
163	227	3	
227	231	3	
225	231	3	
161	225	-4	
368	372	4	
369	372	1	
369	374	-4	
370	374	-3	
370	375	-2	
368	375	3	
240	245	4	
243	245	-3	
243	246	3	
242	246	-3	
242	247	4	
240	247	-2	
280	285	-3	
285	293	3	
289	293	-4	
289	294	2	
286	294	-3	
280	286	3	
16	20	6	
18	20	-3	
18	82	3	
82	87	-4	
80	87	-4	
16	80	-3	
194	199	3	
195	199	5	
195	259	-1	
259	263	5	
258	263	-3	
194	258	-1	
320	324	-4	
322	324	4	
322	386	-3	
386	389	2	
384	389	3	
320	384	-2	
337	342	-2	
342	350	-2	
347	350	-4	
347	351	3	
343	351	1	
337	343	4	
217	220	-3	
218	220	2	
218	221	-3	
219	221	3	
219	222	5	
217	222	-2	
58	60	4	
59	60	2	
59	62	-2	
57	62	2	
57	63	-4	
58	63	-2	
264	271	-3	
267	271	5	
267	331	3	
331	332	-3	
328	332	-4	
264	328	-5	
19	21	4	
21	29	2	
26	29	4	
26	30	3	
22	30	-3	
19	22	4	
90	92	1	
91	92	2	
91	155	1	
155	157	-1	
154	157	-5	
90	154	-1	
416	420	2	
418	420	4	
418	421	5	
419	421	-2	
419	422	-3	
416	422	-5	
137	141	-3	
138	141	3	
138	202	3	
202	207	4	
201	207	-6	
137	201	-4	
1	6	-3	
2	6	-5	
2	66	-2	
66	69	-5	
65	69	-2	
1	65	4	
144	148	5	
145	148	1	
145	209	1	
209	215	5	
208	215	2	
144	208	-2	
32	36	3	
35	36	-4	
35	37	3	
34	37	5	
34	39	2	
32	39	3	
121	124	-3	
123	124	2	
123	126	-4	
120	126	2	
120	125	6	
121	125	-4	
304	308	-5	
307	308	-2	
307	309	-4	
306	309	-5	
306	310	2	
304	310	-3	
169	172	3	
170	172	3	
170	173	-3	
171	173	5	
171	174	-3	
169	174	-4	
376	380	4	
377	380	-2	
377	441	1	
441	446	4	
440	446	2	
376	440	3	
336	341	5	
339	341	-2	
339	403	4	
403	404	2	
400	404	4	
336	400	4	
160	164	1	
162	164	4	
162	226	2	
226	229	5	
224	229	-3	
160	224	3	
433	436	6	
435	436	2	
435	499	4	
499	500	-1	
497	500	-3	
433	497	-3	
248	255	3	
251	255	4	
251	315	1	
315	319	4	
312	319	-3	
248	312	1	
409	414	2	
411	414	-4	
411	475	3	
475	478	-3	
473	478	-3	
409	473	3	
192	197	-3	
193	197	-4	
193	257	1	
257	261	-4	
256	261	-4	
192	256	-1	
480	484	-3	
484	492	1	
489	492	3	
489	495	4	
487	495	-1	
480	487	-2	
0	4	-5	
3	4	-4	
3	67	4	
67	68	-5	
64	68	-3	
0	64	-2	
448	454	2	
454	462	-2	
456	462	3	
456	463	4	
455	463	2	
448	455	6	
296	300	-3	
298	300	4	
298	301	-4	
299	301	-4	
299	303	3	
296	303	3	
112	116	-1	
115	116	2	
115	117	-2	
113	117	-4	
113	118	-3	
112	118	-3	
98	100	-3	
99	100	3	
99	103	5	
96	103	-4	
96	101	-3	
98	101	5	
353	357	6	
354	357	-1	
354	359	4	
355	359	-3	
355	358	4	
353	358	-3	
464	468	-2	
467	468	-6	
467	470	-3	
466	470	-4	
466	469	2	
464	469	3	
24	28	-4	
27	28	2	
27	31	-4	
25	31	-3	
25	29	2	
24	29	1	
152	156	-5	
153	156	-2	
153	158	-6	
155	158	5	
155	159	-3	
152	159	3	
40	44	-2	
41	44	4	
41	45	1	
42	45	-6	
42	47	2	
40	47	-5	
392	397	-4	
397	405	-3	
400	405	1	
400	406	-4	
398	406	-3	
392	398	-3	
272	276	3	
275	276	-4	
275	279	4	
273	279	-3	
273	278	4	
272	278	3	
82	84	1	
83	84	2	
83	86	-4	
81	86	-4	
81	85	-5	
82	85	3	
227	228	4	
228	236	2	
234	236	-3	
234	238	-4	
230	238	-1	
227	230	2	
168	172	-3	
172	180	1	
176	180	4	
176	183	-2	
175	183	-1	
168	175	3	
144	149	-5	
147	149	2	
147	211	1	
211	213	-4	
208	213	3	
425	430	-3	
430	438	-3	
434	438	4	
434	439	-3	
431	439	3	
425	431	-4	
49	53	-2	
53	61	-3	
56	61	4	
56	63	4	
55	63	-1	
49	55	2	
362	364	3	
364	372	3	
371	372	4	
371	373	-3	
365	373	-2	
362	365	-4	
64	70	3	
70	78	3	
74	78	4	
74	79	3	
71	79	2	
64	71	-4	
241	244	4	
244	252	4	
248	252	4	
248	253	2	
245	253	-3	
241	245	-2	
338	340	3	
340	348	-2	
344	348	-2	
344	349	-4	
341	349	-3	
338	341	-3	
8	14	-3	
14	22	2	
17	22	4	
17	23	5	
15	23	-2	
8	15	4	
216	223	3	
219	223	2	
219	283	-2	
283	287	4	
280	287	-2	
216	280	-3	
256	260	-3	
260	268	2	
265	268	-2	
265	270	4	
262	270	3	
256	262	-3	
441	447	2	
443	447	4	
443	507	-1	
507	508	-4	
505	508	-2	
441	505	3	
473	477	-2	
477	485	-5	
483	485	2	
483	487	-3	
479	487	4	
473	479	2	
128	133	3	
130	133	4	
130	194	-2	
194	196	5	
192	196	-3	
128	192	-2	
195	197	3	
197	205	3	
200	205	-3	
200	206	-4	
198	206	3	
195	198	-2	
491	494	3	
494	502	2	
499	502	-3	
499	503	-4	
495	503	2	
491	495	-4	
305	309	2	
309	317	-2	
315	317	-2	
315	318	5	
310	318	-3	
305	310	3	
385	390	-4	
386	390	-4	
386	450	-3	
450	453	-3	
449	453	-4	
385	449	-4	
322	325	-3	
325	333	4	
330	333	3	
330	334	5	
326	334	-1	
322	326	-3	
409	412	3	
412	420	2	
417	420	2	
417	421	4	
413	421	-2	
409	413	2	
120	127	3	
123	127	4	
123	187	2	
187	189	-3	
184	189	2	
120	184	1	
289	292	3	
290	292	-3	
291	295	2	
291	293	3	
161	165	-4	
165	173	2	
171	175	-4	
167	175	-3	
161	167	2	
88	93	1	
91	93	3	
91	94	-1	
90	94	-3	
90	95	-3	
88	95	3	
457	461	2	
458	462	-2	
459	462	-5	
459	463	2	
457	463	-3	
32	38	4	
33	38	-2	
33	97	3	
96	102	4	
32	96	3	
105	108	3	
107	108	-5	
106	109	-3	
106	110	2	
384	388	4	
388	396	2	
393	396	-3	
391	399	2	
384	391	-4	
376	383	-3	
378	383	4	
442	445	2	
440	445	-3	
136	142	3	
139	203	2	
200	204	3	
136	200	3	
361	367	-4	
362	367	4	
362	426	-2	
426	428	1	
425	428	-2	
361	425	2	
1	5	4	
3	5	-2	
67	71	3	
65	71	4	
490	492	-3	
492	500	2	
496	500	-3	
493	501	-2	
490	493	1	
323	325	-3	
329	333	-1	
327	335	-2	
323	327	5	
297	300	-5	
300	308	-2	
305	308	3	
305	311	-3	
303	311	4	
297	303	3	
417	422	3	
417	481	-4	
481	486	-4	
480	486	-3	
416	480	-2	
80	84	4	
81	84	-3	
83	87	3	
213	221	-1	
218	222	-3	
214	222	1	
211	214	-4	
146	148	3	
148	156	2	
152	157	3	
149	157	-2	
146	149	-2	
284	292	4	
291	292	2	
291	294	4	
281	286	-4	
410	412	-3	
411	412	1	
411	413	-3	
408	413	-2	
331	334	3	
328	334	-1	
229	237	-2	
231	239	-1	
226	231	-3	
465	468	-4	
467	471	2	
464	471	-4	
464	470	-4	
465	470	-2	
25	28	3	
28	36	1	
35	39	-1	
31	39	2	
427	429	5	
429	437	-1	
435	437	-3	
435	439	2	
427	431	-3	
185	189	4	
186	189	-1	
186	250	3	
185	249	2	
8	12	1	
11	13	-2	
9	15	4	
49	52	-4	
48	54	-2	
48	55	4	
448	452	3	
451	454	-3	
450	454	-5	
450	455	3	
346	349	3	
349	357	-2	
352	357	-3	
352	359	2	
351	359	2	
346	351	-1	
338	342	3	
338	402	3	
402	405	-3	
401	405	-3	
337	401	3	
40	45	3	
42	46	3	
41	46	3	
41	47	-2	
368	373	1	
369	373	-3	
369	375	4	
368	374	3	
176	182	-3	
178	242	-1	
176	240	-2	
115	118	4	
115	179	1	
179	183	3	
177	183	-4	
113	177	-1	
258	260	-5	
259	260	3	
257	263	-3	
257	262	-4	
258	262	-4	
131	133	-2	
130	135	-4	
129	135	-2	
158	166	1	
160	166	4	
160	167	4	
159	167	2	
153	159	3	
98	103	-2	
99	163	-1	
163	165	-2	
162	165	1	
98	162	2	
273	277	3	
274	279	-4	
272	279	-2	
504	508	-3	
507	511	3	
506	511	2	
504	509	-2	
387	389	-5	
389	397	2	
390	398	-2	
387	390	4	
75	78	-3	
73	78	-3	
72	77	-4	
19	20	1	
19	23	1	
18	23	2	
18	21	-3	
16	21	3	
475	476	-2	
475	479	3	
474	479	-3	
474	477	2	
472	477	3	
56	60	2	
57	60	-3	
57	61	3	
59	61	3	
56	62	-2	
314	319	3	
312	317	5	
313	317	3	
114	116	-2	
116	124	-5	
121	127	3	
119	127	2	
137	143	2	
138	143	-3	
232	238	-3	
234	298	-2	
296	301	3	
232	296	3	
209	212	-2	
212	220	1	
216	220	3	
215	223	1	
106	111	-3	
106	170	1	
170	174	-4	
168	174	2	
104	168	1	
436	444	3	
441	444	3	
438	446	-2	
433	438	2	
3	6	4	
2	5	5	
0	5	3	
336	343	-3	
339	343	3	
403	407	1	
400	407	2	
242	244	-2	
243	244	1	
243	307	-3	
307	311	1	
306	311	3	
242	306	-2	
29	37	2	
34	38	2	
30	38	-1	
378	380	2	
379	380	-4	
377	382	-4	
377	383	-4	
281	285	3	
283	285	3	
283	347	2	
345	350	-3	
355	356	4	
356	364	4	
363	364	2	
363	367	-3	
359	367	-2	
419	420	4	
419	483	-4	
483	484	3	
482	484	2	
418	482	4	
321	324	4	
320	327	4	
249	252	-3	
249	253	-4	
251	253	3	
66	68	3	
68	76	-4	
74	76	-2	
74	77	1	
69	77	3	
88	92	3	
92	100	-2	
95	103	1	
145	149	-4	
147	150	5	
147	151	1	
145	151	-5	
224	228	-3	
225	228	2	
226	230	2	
224	230	-4	
394	396	2	
396	404	3	
403	406	4	
394	398	-3	
193	199	-3	
193	198	4	
192	198	3	
497	501	3	
499	501	-2	
498	502	3	
498	503	2	
497	503	-2	
264	268	-2	
265	269	2	
264	270	-3	
456	460	3	
459	460	2	
457	462	-2	
187	188	4	
187	190	3	
184	190	2	
186	191	-3	
427	491	2	
424	488	-3	
240	246	-3	
241	246	2	
241	305	2	
240	304	-1	
114	117	-3	
117	125	-4	
121	126	-3	
118	126	-3	
114	118	-2	
275	278	-4	
278	286	1	
282	286	2	
282	287	-5	
279	287	-1	
129	133	-2	
133	141	1	
136	141	-4	
134	142	2	
437	445	3	
443	445	-3	
439	447	-2	
432	439	3	
289	295	-3	
289	353	-1	
352	358	-2	
210	213	4	
205	213	2	
203	205	3	
84	92	3	
89	92	-3	
85	93	3	
330	332	-2	
332	340	3	
339	340	-1	
339	342	-4	
334	342	3	
154	156	3	
154	218	2	
218	223	-4	
217	223	2	
153	217	-2	
385	391	-3	
386	391	-2	
168	173	3	
169	173	-1	
169	233	-2	
233	237	-2	
168	232	2	
426	431	3	
426	490	-4	
490	495	-2	
425	489	3	
481	485	1	
478	486	-2	
474	478	2	
24	30	-2	
27	30	3	
27	91	-4	
91	95	-3	
24	88	4	
12	20	-1	
17	20	2	
10	15	3	
50	52	-2	
52	60	-3	
58	62	-5	
54	62	3	
50	54	-3	
43	45	-2	
43	107	-3	
106	108	-2	
42	106	3	
344	351	4	
347	411	1	
408	414	3	
344	408	2	
466	468	-2	
467	469	-2	
465	469	2	
259	261	-5	
161	164	-2	
163	164	-4	
313	318	1	
370	373	5	
371	435	-1	
435	438	2	
370	434	-1	
33	39	-4	
500	508	2	
507	510	-3	
502	510	-3	
496	502	-2	
296	302	-2	
64	69	-2	
66	70	-3	
65	70	-2	
181	189	4	
183	191	-2	
13	21	-1	
10	14	-2	
336	340	-2	
51	55	-3	
51	115	-3	
115	119	-2	
34	36	2	
36	44	3	
38	46	-2	
338	343	-1	
402	404	3	
401	404	1	
320	325	2	
331	333	2	
331	335	3	
164	172	-2	
170	175	-1	
162	167	2	
210	215	3	
211	215	-2	
211	275	1	
210	274	-3	
379	383	1	
376	382	2	
236	244	-1	
241	247	-3	
239	247	-1	
234	239	-3	
41	105	2	
104	108	1	
40	104	-2	
83	147	2	
147	148	3	
80	144	1	
201	206	2	
199	207	-1	
154	159	-3	
152	158	-2	
369	433	1	
432	436	2	
368	432	-1	
290	294	4	
291	355	2	
354	358	-3	
387	451	-2	
384	448	1	
394	458	-3	
457	460	4	
393	457	3	
261	269	-2	
266	271	-2	
263	271	-1	
1	4	-3	
0	6	2	
442	446	-3	
442	506	1	
440	504	-3	
280	284	2	
283	284	-2	
282	285	2	
179	182	2	
176	181	2	
473	476	4	
472	479	-4	
472	478	3	
346	350	4	
346	410	-1	
345	409	2	
307	310	2	
304	311	3	
73	137	-2	
72	136	3	
353	356	2	
361	364	4	
357	365	2	
250	253	-2	
246	254	-1	
128	132	2	
130	134	3	
208	214	2	
209	214	2	
209	273	2	
272	277	4	
208	272	-2	
59	63	3	
59	123	-2	
56	120	2	
219	220	3	
216	222	-1	
216	221	3	
217	221	-2	
482	487	-1	
481	487	-3	
26	28	3	
26	90	-4	
25	89	-4	
171	235	-2	
235	238	2	
233	238	-2	
75	139	-3	
74	138	2	
488	492	-2	
489	493	-4	
491	493	-2	
488	495	-1	
113	116	-4	
120	124	-2	
459	461	3	
461	469	-2	
463	471	-2	
267	270	3	
329	332	3	
265	329	4	
399	407	-3	
392	399	3	
193	196	-3	
196	204	1	
501	509	-2	
503	511	1	
226	290	-1	
288	292	-2	
224	288	-1	
363	427	-2	
187	251	2	
251	252	2	
184	248	-3	
162	166	3	
96	160	1	
27	29	3	
33	37	-2	
82	86	2	
80	86	2	
410	413	3	
409	415	2	
302	310	-1	
315	316	-1	
312	318	-1	
314	317	-2	
104	109	2	
105	111	-3	
145	150	-3	
440	447	4	
442	447	-2	
449	455	2	
372	380	-2	
374	382	2	
371	374	-2	
66	71	1	
9	12	-3	
8	13	-2	
424	430	-4	
424	431	1	
58	61	1	
225	230	3	
227	291	-1	
225	289	-1	
35	38	3	
35	99	-3	
97	100	-4	
24	31	3	
23	31	2	
392	396	4	
121	185	1	
498	500	3	
490	494	4	
160	165	3	
202	205	-2	
203	267	1	
202	266	-2	
251	254	-2	
249	255	-1	
324	332	-1	
328	333	2	
275	277	1	
480	485	2	
195	196	2	
194	197	-1	
371	375	2	
235	236	3	
240	244	2	
242	245	2	
414	422	-2	
155	156	-3	
153	157	1	
208	212	-3	
178	181	-2	
67	70	1	
256	263	-2	
112	117	1	
113	119	1	
353	359	1	
217	281	3	
131	134	2	
2	4	-2	
344	350	1	
222	230	-2	
224	231	-2	
223	231	-2	
9	73	1	
8	72	-2	
496	503	-3	
329	334	-1	
393	398	1	
476	484	3	
481	484	-2	
288	293	-4	
287	295	-2	
100	108	-1	
101	109	-2	
166	174	-1	
19	83	2	
83	85	1	
138	142	1	
88	94	3	
313	319	-2	
314	378	2	
313	377	-3	
180	188	-1	
182	190	-3	
441	445	-3	
433	437	1	
274	338	-1	
337	340	3	
273	337	1	
387	391	1	
449	452	-2	
307	371	2	
304	368	-2	
32	37	1	
264	269	1	
328	335	2	
404	412	-1	
408	412	2	
407	415	2	
235	299	-1	
11	75	-1	
75	79	1	
10	74	2	
220	228	-2	
227	229	-1	
221	229	-2	
86	94	-2	
89	95	2	
87	95	2	
243	247	-2	
202	206	-1	
207	215	-1	
67	69	-2	
67	131	-1	
65	129	1	
266	270	1	
347	348	-2	
348	356	-2	
102	110	-2	
103	111	1	
157	165	2	
386	388	2	
394	397	2	
392	456	2	
45	53	-1	
50	55	2	
47	55	-2	
469	477	1	
475	477	1	
470	478	-1	
139	141	2	
141	149	1	
144	151	1	
337	341	1	
401	406	2	
449	454	-2	
169	175	-2	
312	316	-2	
312	376	-2	
247	255	-2	
178	183	-2	
17	21	1	
25	30	2	
194	198	-2	
192	199	2	
420	428	2	
422	430	1	
403	405	-2	
20	28	1	
16	23	2	
434	436	-2	
49	54	-3	
49	113	-1	
314	318	2	
315	379	1	
225	229	-1	
270	278	2	
298	302	-2	
233	297	2	
370	372	-2	
321	325	-2	
322	327	-1	
321	327	2	
458	463	1	
33	36	1	
39	47	2	
211	212	2	
209	213	-2	
250	255	2	
80	85	2	
483	486	2	
11	15	1	
350	358	-2	
137	142	-3	
200	207	1	
301	309	-1	
491	492	-1	
34	98	-1	
506	508	3	
179	243	-2	
433	439	1	
497	502	-1	
355	419	-1	
416	421	2	
352	416	3	
267	269	2	
271	279	2	
305	369	1	
170	234	-2	
202	204	2	
393	397	1	
347	349	-2	
345	351	3	
450	452	2	
107	110	-1	
306	308	-1	
308	316	-1	
48	52	-2	
51	53	-3	
385	389	2	
375	383	2	
65	68	1	
226	228	1	
448	453	2	
456	461	-2	
82	146	1	
156	164	1	
177	180	1	
177	241	-1	
411	415	-2	
257	260	-1	
257	321	1	
320	326	-1	
256	320	-1	
131	195	1	
298	303	1	
297	301	1	
443	446	3	
96	100	1	
99	102	-2	
333	341	-2	
428	436	1	
410	414	2	
130	132	-1	
129	193	1	
136	143	1	
90	93	-2	
152	216	-1	
17	81	-2	
258	261	-1	
201	265	-1	
237	245	-2	
238	246	2	
306	370	1	
98	102	1	
403	467	1	
37	45	1	
250	252	-1	
451	455	-1	
155	219	1	
114	178	-1	
112	176	1	
353	417	-1	
298	362	1	
73	76	1	
76	84	-1	
79	87	-1	
335	343	2	
311	319	2	
405	413	-2	
135	143	1	
507	509	-1	
400	464	-1	
185	188	1	
421	429	-1	
440	444	-1	
18	22	1	
432	438	-1	
57	121	2	
232	239	1	
72	78	1	
248	254	-1	
203	207	1	
201	205	1	
505	510	-1	
97	103	-1	
163	167	1	
110	118	-1	
111	119	1	
406	414	-1	
280	344	-1	
265	271	1	
290	293	-1	
293	301	1	
294	302	1	
273	276	-1	
354	418	-1	
43	47	-1	
323	324	1	
367	375	-1	
283	286	-1	
Energy:	-2530	
