NumberOfQubits	504	
NumberOfSubgraphs	420	
Serial	23	
PlantedSolution:	
0	1	
1	1	
2	1	
3	1	
4	-1	
5	1	
6	1	
8	1	
9	-1	
10	1	
11	-1	
12	-1	
13	-1	
14	-1	
15	1	
16	-1	
17	1	
18	-1	
19	-1	
20	1	
21	-1	
22	1	
23	1	
24	-1	
25	-1	
26	-1	
27	-1	
28	-1	
29	-1	
30	-1	
31	1	
32	1	
33	1	
34	1	
35	-1	
36	-1	
37	1	
38	-1	
39	-1	
40	1	
41	-1	
42	1	
43	1	
44	-1	
45	1	
46	-1	
47	1	
48	-1	
49	-1	
50	-1	
51	-1	
52	-1	
53	1	
54	-1	
55	1	
56	1	
57	1	
58	1	
59	-1	
60	-1	
61	1	
62	-1	
63	1	
64	1	
65	-1	
66	1	
67	-1	
68	1	
69	1	
70	-1	
71	1	
72	1	
73	-1	
74	1	
75	1	
76	-1	
77	1	
78	-1	
79	-1	
80	-1	
81	-1	
82	1	
83	-1	
84	-1	
85	-1	
86	-1	
87	-1	
88	1	
89	1	
90	-1	
91	-1	
92	-1	
93	1	
94	-1	
95	1	
96	1	
97	-1	
98	1	
99	1	
100	-1	
101	1	
102	-1	
103	-1	
104	-1	
105	1	
106	1	
107	-1	
108	1	
109	-1	
110	-1	
111	-1	
112	1	
113	-1	
114	1	
115	-1	
116	1	
117	1	
118	1	
119	-1	
120	-1	
121	1	
123	1	
124	-1	
125	1	
126	-1	
127	1	
128	-1	
129	-1	
130	1	
131	1	
132	1	
133	-1	
134	-1	
135	-1	
136	1	
137	1	
138	1	
139	1	
141	1	
142	-1	
143	1	
144	1	
145	1	
146	-1	
147	-1	
148	1	
149	1	
150	1	
151	-1	
152	1	
153	-1	
154	1	
155	1	
156	-1	
157	1	
158	1	
159	-1	
160	1	
161	1	
162	1	
163	1	
164	-1	
165	1	
166	1	
167	-1	
168	1	
169	-1	
170	-1	
171	1	
172	1	
173	1	
174	-1	
175	-1	
176	-1	
177	-1	
178	-1	
179	1	
180	-1	
181	-1	
182	1	
183	-1	
184	1	
185	1	
186	1	
187	-1	
188	-1	
189	1	
190	-1	
191	-1	
192	-1	
193	-1	
194	-1	
195	-1	
196	-1	
197	-1	
198	-1	
199	1	
200	-1	
201	1	
202	-1	
203	-1	
204	1	
205	1	
206	1	
207	-1	
208	1	
209	-1	
210	1	
211	-1	
212	1	
213	-1	
214	-1	
215	1	
216	-1	
217	1	
218	1	
219	-1	
220	1	
221	1	
222	-1	
223	1	
224	-1	
225	-1	
226	-1	
227	-1	
228	1	
229	1	
230	1	
231	-1	
232	1	
233	-1	
234	-1	
235	-1	
236	-1	
237	-1	
238	-1	
239	-1	
240	1	
241	-1	
242	1	
243	1	
244	-1	
245	1	
246	-1	
247	-1	
248	-1	
249	1	
250	-1	
251	-1	
252	-1	
253	1	
254	-1	
255	-1	
256	-1	
257	-1	
258	-1	
259	-1	
260	1	
261	1	
262	-1	
263	-1	
264	-1	
265	1	
266	1	
267	1	
268	1	
269	1	
270	1	
271	1	
272	-1	
273	-1	
274	-1	
275	1	
276	1	
277	1	
278	-1	
279	-1	
280	-1	
281	-1	
282	1	
283	1	
284	1	
285	-1	
286	1	
287	-1	
288	-1	
289	1	
290	1	
291	1	
292	-1	
293	1	
294	1	
295	1	
296	-1	
297	1	
298	1	
299	1	
300	-1	
301	-1	
302	1	
303	1	
304	1	
305	1	
306	-1	
307	1	
308	1	
309	1	
310	1	
311	-1	
312	1	
313	-1	
314	1	
315	-1	
316	-1	
317	-1	
318	-1	
319	1	
320	-1	
321	-1	
322	-1	
323	1	
324	-1	
325	-1	
326	1	
327	1	
328	1	
329	1	
330	1	
331	1	
332	1	
333	-1	
334	1	
335	1	
336	1	
337	-1	
338	1	
339	1	
340	1	
341	1	
342	-1	
343	-1	
344	1	
345	-1	
346	-1	
347	1	
348	-1	
349	1	
350	-1	
351	-1	
352	-1	
353	1	
354	1	
355	-1	
356	1	
357	-1	
358	1	
359	-1	
361	-1	
362	-1	
363	-1	
364	-1	
365	-1	
367	1	
368	1	
369	1	
370	1	
371	-1	
372	1	
373	1	
374	-1	
375	-1	
376	-1	
377	1	
378	1	
379	1	
380	1	
382	1	
383	-1	
384	1	
385	-1	
386	1	
387	1	
388	-1	
389	-1	
390	1	
391	1	
392	-1	
393	1	
394	-1	
396	-1	
397	1	
398	-1	
399	1	
400	-1	
401	-1	
402	1	
403	-1	
404	-1	
405	-1	
406	-1	
407	-1	
408	-1	
409	-1	
410	1	
411	-1	
412	1	
413	-1	
414	1	
415	-1	
416	-1	
417	-1	
418	-1	
419	1	
420	-1	
421	1	
422	1	
424	-1	
425	-1	
426	1	
427	-1	
428	1	
429	-1	
430	-1	
431	-1	
432	-1	
433	1	
434	1	
435	-1	
436	1	
437	-1	
438	1	
439	-1	
440	-1	
441	1	
442	1	
443	1	
444	-1	
445	1	
446	-1	
447	-1	
448	1	
449	-1	
450	1	
451	-1	
452	-1	
453	1	
454	1	
455	-1	
456	1	
457	1	
458	-1	
459	1	
460	1	
461	1	
462	-1	
463	1	
464	-1	
465	1	
466	-1	
467	-1	
468	-1	
469	-1	
470	1	
471	1	
472	-1	
473	1	
474	1	
475	-1	
476	-1	
477	-1	
478	1	
479	1	
480	1	
481	1	
482	-1	
483	1	
484	-1	
485	-1	
486	1	
487	1	
488	1	
489	1	
490	1	
491	-1	
492	1	
493	1	
494	-1	
495	1	
496	-1	
497	1	
498	1	
499	1	
500	-1	
501	-1	
502	1	
503	-1	
504	-1	
505	-1	
506	-1	
507	1	
508	1	
509	-1	
510	-1	
511	1	
Js:	
201	204	-3	
203	204	4	
203	206	2	
200	206	-2	
200	207	-2	
201	207	1	
145	151	3	
146	151	-1	
146	210	1	
210	212	2	
209	212	2	
145	209	1	
225	228	3	
227	228	-3	
227	230	1	
226	230	3	
226	229	3	
225	229	2	
16	21	1	
18	21	-3	
18	22	3	
19	22	3	
19	23	4	
16	23	1	
480	484	4	
482	484	2	
482	485	-2	
481	485	2	
481	486	-3	
480	486	-1	
321	327	4	
323	327	-3	
323	387	-1	
387	390	-2	
385	390	3	
321	385	1	
282	284	-3	
284	292	1	
289	292	4	
289	295	-2	
287	295	2	
282	287	-2	
345	351	-1	
347	351	4	
347	411	-1	
411	415	-2	
409	415	-2	
345	409	-2	
64	68	-3	
67	68	2	
67	69	2	
66	69	-2	
66	70	3	
64	70	3	
338	340	-4	
339	340	-4	
339	343	2	
337	343	1	
337	342	-4	
338	342	3	
170	173	2	
173	181	2	
176	181	-4	
176	182	2	
174	182	-2	
170	174	-2	
155	156	1	
156	164	-2	
161	164	2	
161	165	-2	
157	165	-1	
155	157	2	
249	255	-2	
250	255	-4	
250	314	2	
314	317	4	
313	317	-2	
249	313	1	
266	268	-2	
267	268	-3	
267	271	-2	
264	271	3	
264	270	3	
266	270	-3	
49	53	2	
53	61	-3	
58	61	-2	
58	63	-3	
55	63	2	
49	55	3	
322	324	-2	
324	332	3	
329	332	-3	
329	333	3	
325	333	2	
322	325	-2	
408	413	-3	
413	421	3	
419	421	-2	
419	422	-3	
414	422	1	
408	414	2	
257	260	2	
259	260	2	
259	263	-5	
256	263	1	
256	262	-3	
257	262	-4	
185	189	-4	
187	189	3	
187	190	-2	
186	190	3	
186	191	4	
185	191	-3	
467	468	-2	
468	476	1	
475	476	-3	
475	477	-3	
469	477	-1	
467	469	-2	
233	236	-2	
234	236	-1	
234	298	1	
298	302	-2	
297	302	-3	
233	297	-2	
74	77	-1	
77	85	1	
83	85	-3	
83	87	2	
79	87	-2	
74	79	4	
312	316	2	
315	316	-4	
315	379	1	
379	383	4	
376	383	-3	
312	376	-1	
10	12	3	
11	12	2	
11	14	-3	
9	14	-2	
9	15	4	
10	15	-3	
424	428	3	
426	428	1	
426	429	3	
425	429	-2	
425	430	-3	
424	430	-3	
32	38	1	
38	46	-1	
41	46	1	
41	47	3	
39	47	2	
32	39	3	
171	172	-3	
172	180	2	
178	180	2	
178	183	-1	
175	183	-2	
171	175	2	
113	116	2	
116	124	3	
121	124	3	
121	126	3	
118	126	-3	
113	118	4	
96	101	-1	
99	101	-4	
99	103	2	
97	103	-2	
97	102	3	
96	102	2	
435	437	-3	
437	445	2	
442	445	-2	
442	447	4	
439	447	1	
435	439	-3	
208	213	1	
211	213	1	
211	275	3	
275	279	3	
272	279	-2	
208	272	2	
449	452	-4	
451	452	-4	
451	453	2	
450	453	-3	
450	455	3	
449	455	1	
24	28	-3	
25	28	-2	
25	89	-1	
89	95	-3	
88	95	-3	
24	88	2	
499	502	-2	
502	510	2	
504	510	-1	
504	511	3	
503	511	3	
499	503	-3	
217	222	-2	
219	222	-4	
219	283	2	
283	286	-1	
281	286	4	
217	281	1	
384	388	2	
388	396	2	
394	396	-3	
394	399	2	
391	399	-2	
384	391	-3	
352	356	-3	
353	356	-3	
353	357	2	
354	357	2	
354	358	-2	
352	358	1	
241	245	3	
242	245	-2	
242	247	1	
240	247	2	
240	246	3	
241	246	2	
400	405	1	
402	405	3	
402	407	2	
403	407	-2	
403	406	-4	
400	406	-3	
465	470	-3	
470	478	1	
474	478	-4	
474	479	-3	
471	479	-1	
465	471	-3	
368	373	-4	
371	373	3	
371	374	-2	
369	374	-3	
369	375	3	
368	375	2	
130	132	4	
131	132	-2	
131	134	1	
128	134	-3	
128	135	-3	
130	135	1	
106	108	-2	
107	108	2	
107	109	-2	
104	109	-3	
104	110	1	
106	110	2	
489	492	2	
490	492	-2	
490	493	-2	
488	493	-1	
488	494	3	
489	494	2	
136	141	4	
138	141	-3	
138	143	-3	
139	143	-2	
139	142	3	
136	142	2	
304	308	-1	
307	308	4	
307	311	2	
306	311	-1	
306	310	2	
304	310	-3	
193	197	-2	
194	197	-3	
194	199	-3	
195	199	3	
195	198	-3	
193	198	-3	
392	397	-2	
393	397	-3	
393	457	-2	
457	461	-3	
456	461	-1	
392	456	4	
73	76	-3	
76	84	-2	
81	84	-2	
81	86	-1	
78	86	-1	
73	78	3	
1	4	2	
3	4	3	
3	5	-3	
2	5	-3	
2	6	-3	
1	6	-4	
153	158	2	
158	166	2	
163	166	-3	
163	167	1	
159	167	-1	
153	159	-1	
50	52	-2	
51	52	-1	
51	115	-2	
115	119	2	
114	119	2	
50	114	2	
497	500	1	
500	508	1	
507	508	-2	
507	509	-2	
501	509	-2	
497	501	2	
362	364	-5	
363	364	1	
363	365	-4	
361	365	-2	
361	367	3	
362	367	2	
232	237	3	
235	237	-2	
235	299	2	
299	300	2	
296	300	-3	
232	296	3	
26	29	-2	
27	29	-3	
27	91	-2	
91	94	-3	
90	94	-2	
26	90	1	
432	436	2	
436	444	1	
441	444	3	
441	446	3	
438	446	-2	
432	438	2	
35	36	-3	
36	44	-1	
40	44	3	
40	45	-2	
37	45	2	
35	37	2	
56	60	2	
59	60	-3	
59	123	3	
123	127	-4	
120	127	-2	
56	120	3	
217	220	-3	
218	220	-3	
218	223	-2	
216	223	2	
216	221	3	
217	221	-2	
344	348	3	
346	348	-4	
346	349	2	
345	349	1	
345	350	-2	
344	350	-3	
328	333	2	
331	333	3	
331	335	-2	
330	335	-3	
330	334	-3	
328	334	3	
288	293	2	
290	293	-3	
290	295	1	
291	295	-2	
291	294	-3	
288	294	1	
265	269	-2	
269	277	1	
274	277	2	
274	278	-2	
270	278	2	
265	270	-2	
243	244	3	
244	252	-1	
248	252	3	
248	254	-3	
246	254	-1	
243	246	2	
448	454	-3	
454	462	2	
458	462	-2	
458	463	2	
455	463	2	
448	455	-2	
146	148	3	
147	148	2	
147	150	3	
144	150	-1	
144	149	-2	
146	149	-3	
370	372	-2	
372	380	1	
377	380	-3	
377	382	-3	
374	382	2	
370	374	3	
184	188	2	
187	188	3	
187	251	-1	
251	253	3	
248	253	2	
184	248	2	
104	111	1	
105	111	3	
105	169	1	
169	174	-2	
168	174	2	
104	168	1	
48	54	-3	
54	62	-1	
57	62	2	
57	63	-4	
48	55	2	
410	412	2	
412	420	2	
416	420	-3	
416	421	3	
410	413	2	
8	13	1	
11	13	-4	
11	75	-1	
75	77	-3	
72	77	-2	
8	72	-2	
224	230	1	
230	238	2	
235	238	-3	
235	239	-3	
231	239	2	
224	231	-3	
336	341	-4	
337	341	2	
337	401	2	
401	404	-2	
400	404	-2	
336	400	2	
96	100	3	
98	100	3	
98	162	1	
162	167	1	
160	167	4	
96	160	-1	
298	301	3	
301	309	3	
305	309	1	
305	311	3	
303	311	1	
298	303	-2	
426	431	2	
427	431	-2	
427	491	-2	
491	495	-2	
490	495	-2	
426	490	-3	
128	133	-2	
129	133	-3	
129	193	-2	
193	196	1	
192	196	-4	
128	192	-2	
256	261	1	
258	261	4	
258	322	-1	
322	326	2	
320	326	2	
256	320	1	
273	276	2	
276	284	2	
280	284	3	
280	285	-1	
277	285	2	
273	277	3	
202	205	3	
205	213	2	
209	213	-3	
209	215	-2	
207	215	1	
202	207	-1	
432	437	-2	
434	437	1	
434	498	-4	
498	500	2	
496	500	3	
432	496	-3	
16	20	3	
17	20	-4	
17	81	1	
81	87	-2	
80	87	-1	
16	80	1	
112	116	-2	
121	125	-2	
117	125	-2	
112	117	3	
353	359	2	
354	359	3	
354	418	-1	
418	420	-3	
417	420	-2	
353	417	1	
386	389	3	
389	397	-1	
393	398	4	
390	398	3	
386	390	-2	
25	30	-3	
30	38	1	
34	38	3	
34	39	3	
31	39	2	
25	31	2	
0	5	-4	
1	5	-2	
1	65	-2	
65	71	4	
64	71	-1	
0	64	-2	
473	476	1	
476	484	-1	
483	484	2	
483	487	-4	
479	487	-2	
473	479	2	
459	460	-2	
460	468	1	
466	468	-4	
466	470	2	
462	470	1	
459	462	-3	
88	92	-2	
90	92	-4	
90	154	2	
154	156	3	
152	156	1	
88	152	-3	
443	445	-2	
443	507	2	
507	510	3	
506	510	-3	
442	506	1	
440	444	-3	
441	505	-1	
505	508	3	
504	508	2	
440	504	-2	
313	316	-2	
315	318	-1	
312	318	3	
312	319	-3	
313	319	-2	
177	180	-3	
179	180	-2	
179	183	2	
176	183	-2	
177	181	-1	
41	45	4	
43	45	-2	
43	46	-3	
42	46	2	
42	47	-2	
82	85	-1	
85	93	3	
89	93	-2	
89	94	2	
86	94	-2	
82	86	2	
352	357	-2	
355	357	-2	
355	419	-1	
416	422	1	
352	416	-1	
33	37	-2	
35	99	2	
97	101	3	
33	97	-2	
376	380	3	
378	380	-3	
378	382	-2	
379	382	-2	
211	212	1	
211	215	3	
208	215	-3	
208	214	2	
210	214	4	
408	412	1	
409	412	3	
409	473	-1	
473	477	2	
472	477	-3	
408	472	-2	
73	79	-1	
75	79	-2	
75	139	-2	
139	141	-1	
137	141	-1	
73	137	2	
461	469	1	
464	469	2	
464	471	2	
463	471	-1	
457	463	-3	
433	438	1	
434	438	-1	
498	503	1	
497	503	2	
433	497	-3	
480	485	2	
485	493	2	
489	493	-1	
489	495	-3	
487	495	1	
480	487	-1	
218	221	-2	
219	221	2	
283	287	3	
218	282	-2	
162	164	-2	
162	165	-3	
163	165	-1	
161	166	-2	
184	189	-3	
184	190	2	
232	236	4	
236	244	2	
242	244	1	
237	245	2	
281	285	-2	
285	293	2	
290	294	-2	
286	294	1	
339	403	1	
403	404	1	
402	404	3	
338	402	-1	
114	117	-3	
115	117	-1	
115	179	1	
179	182	-2	
178	182	1	
114	178	2	
259	261	-3	
257	263	-3	
258	262	-2	
80	84	2	
83	84	-1	
83	147	-2	
147	149	2	
80	144	2	
305	308	-1	
306	308	1	
306	370	1	
369	372	-2	
305	369	1	
19	20	2	
18	23	3	
17	23	1	
249	252	2	
251	252	-3	
250	253	2	
384	389	2	
385	389	-3	
385	449	-1	
449	453	-2	
448	453	-2	
384	448	-3	
307	310	-1	
307	371	-1	
304	368	-1	
297	301	-1	
299	301	1	
299	303	-3	
296	303	1	
296	302	2	
49	52	-2	
52	60	2	
56	61	-3	
196	204	2	
201	206	-3	
198	206	-1	
192	198	-2	
328	332	-4	
331	332	-1	
331	334	-3	
328	335	1	
320	325	-3	
321	325	3	
323	326	-3	
224	228	2	
227	229	3	
225	231	-2	
137	142	4	
142	150	3	
145	150	-2	
143	151	2	
137	143	2	
427	428	3	
427	430	1	
425	431	-2	
424	431	-3	
67	70	-3	
67	131	1	
66	130	-1	
26	28	-3	
26	30	-2	
27	30	3	
24	29	-3	
106	111	-1	
107	111	-3	
107	171	1	
170	172	1	
106	170	1	
264	268	-3	
266	269	-3	
265	271	-2	
8	14	3	
10	14	-1	
10	74	-1	
74	78	2	
72	78	3	
392	399	-1	
394	458	-2	
458	460	2	
456	460	-3	
153	157	4	
155	159	2	
152	159	2	
152	158	-1	
361	364	-2	
362	365	-2	
363	367	-3	
347	349	-3	
344	351	2	
272	276	3	
275	276	-1	
275	278	-1	
274	279	-2	
100	108	2	
105	108	-2	
105	110	-2	
102	110	-3	
98	102	2	
386	388	-1	
387	388	1	
387	451	2	
450	452	1	
386	450	-2	
410	414	-2	
411	414	3	
411	475	2	
475	478	1	
410	474	-1	
112	118	-2	
123	126	2	
119	127	2	
112	119	1	
288	292	-3	
291	292	1	
291	355	-2	
355	359	-2	
352	359	-2	
288	352	-1	
195	197	-2	
197	205	-1	
200	205	3	
199	207	2	
169	173	-1	
170	234	-2	
234	238	-2	
233	238	-2	
169	233	-3	
417	421	1	
418	421	1	
418	482	-4	
482	486	-2	
417	481	4	
2	4	2	
0	6	-2	
432	439	1	
435	499	2	
499	501	2	
496	501	-2	
32	36	2	
33	36	3	
33	38	2	
34	37	3	
32	37	-3	
91	92	-2	
92	100	-1	
99	100	-1	
95	103	2	
91	95	2	
488	492	-2	
492	500	2	
498	502	2	
494	502	2	
67	71	2	
65	69	3	
64	69	1	
336	342	2	
401	406	-1	
9	13	-3	
442	444	1	
443	444	2	
443	446	2	
440	446	1	
440	447	-3	
312	317	1	
314	318	3	
313	318	-2	
43	44	2	
44	52	-1	
48	52	-2	
46	54	-1	
57	60	3	
59	62	-3	
58	62	-3	
506	508	2	
506	511	2	
504	509	2	
505	509	-2	
240	244	1	
241	244	-2	
243	247	3	
219	220	-1	
216	222	-2	
217	223	-2	
130	133	2	
131	133	-3	
131	135	4	
129	135	-2	
129	134	-3	
130	134	3	
465	469	2	
466	469	-2	
467	470	-1	
467	471	3	
370	375	2	
370	434	1	
434	436	-1	
433	436	-2	
369	433	-1	
139	203	2	
202	204	-1	
138	202	4	
348	356	2	
353	358	1	
350	358	2	
346	350	-1	
401	405	-2	
405	413	1	
408	415	-2	
407	415	-2	
401	407	-2	
333	341	-1	
336	343	1	
335	343	1	
329	335	-2	
160	166	-1	
166	174	-1	
168	175	1	
167	175	-1	
113	117	1	
120	125	4	
113	119	-2	
42	44	3	
42	106	-3	
106	109	1	
40	104	-3	
385	388	-2	
392	396	-1	
392	398	-2	
387	391	3	
451	454	2	
226	231	-1	
48	53	2	
50	53	3	
50	54	-2	
51	54	3	
51	55	2	
185	188	1	
185	249	1	
249	254	2	
192	197	-2	
194	258	1	
258	260	2	
256	260	3	
192	256	-1	
19	21	-1	
21	29	-2	
24	31	2	
23	31	1	
74	76	-2	
82	84	2	
82	87	3	
292	300	-1	
295	303	1	
144	148	-2	
148	156	2	
154	159	2	
151	159	-2	
144	151	-1	
378	383	2	
376	382	-1	
483	485	-2	
491	493	3	
491	494	-1	
486	494	1	
483	486	-2	
209	214	-1	
211	214	-2	
273	279	2	
209	273	-1	
425	489	2	
320	324	-3	
320	327	1	
216	280	1	
304	309	2	
306	309	2	
305	310	-3	
304	311	1	
452	460	1	
449	454	2	
264	269	1	
267	269	-2	
267	270	1	
266	271	-2	
177	182	3	
88	93	-2	
89	153	-2	
152	157	-2	
141	149	-1	
472	476	-3	
474	476	-1	
475	479	1	
291	293	-2	
293	301	-1	
294	302	-1	
280	286	2	
281	345	-1	
280	344	1	
411	412	1	
410	415	2	
409	414	-2	
160	164	1	
163	164	3	
163	227	2	
224	229	-1	
160	224	2	
56	62	-1	
123	125	-2	
28	36	-1	
33	39	-1	
26	31	2	
17	21	3	
16	22	2	
4	12	1	
9	12	-1	
6	14	1	
3	6	-2	
234	237	-2	
241	247	1	
239	247	-2	
234	239	-2	
265	268	-2	
267	331	1	
329	334	-1	
265	329	-1	
195	259	-1	
193	257	1	
396	404	3	
397	405	3	
394	397	3	
43	107	2	
41	105	2	
497	502	-2	
507	511	1	
91	93	2	
83	86	2	
201	205	1	
210	213	3	
206	214	1	
430	438	2	
435	438	2	
431	439	1	
339	341	-2	
341	349	1	
343	351	-2	
365	373	2	
371	375	-1	
367	375	1	
416	480	2	
75	76	2	
428	436	-2	
433	437	1	
429	437	1	
427	429	-2	
274	276	-1	
273	278	-2	
272	278	-2	
162	226	2	
226	228	-1	
161	225	2	
398	406	1	
399	407	1	
393	399	-2	
440	445	1	
441	447	-1	
168	172	-3	
169	172	3	
169	175	2	
171	173	-2	
168	173	-3	
250	252	-1	
251	315	-1	
315	317	3	
453	461	1	
458	461	2	
98	101	-2	
98	103	1	
96	103	2	
297	300	1	
417	422	2	
419	483	2	
481	487	-2	
2	66	-2	
66	71	-1	
355	356	1	
355	358	2	
208	212	-2	
212	220	-1	
215	223	1	
186	188	3	
185	190	1	
464	468	1	
464	470	2	
82	146	2	
145	148	1	
81	145	2	
323	324	2	
326	334	-2	
91	155	-1	
155	158	-1	
154	158	-3	
491	492	2	
493	501	1	
364	372	-1	
368	372	-3	
178	181	-3	
112	176	1	
308	316	1	
315	319	2	
311	319	2	
136	200	3	
40	47	-2	
104	108	1	
194	196	-1	
203	207	-1	
283	285	2	
288	295	-2	
57	61	-1	
243	245	-1	
245	253	1	
248	255	-2	
247	255	-1	
8	12	1	
10	13	2	
8	15	3	
386	391	-2	
66	68	1	
506	509	-2	
505	510	-1	
505	511	1	
336	340	1	
473	478	-2	
472	479	-1	
314	378	1	
313	377	1	
35	38	-2	
459	461	-2	
456	462	1	
456	463	-1	
115	118	-1	
49	113	-1	
242	246	2	
242	306	1	
240	304	-2	
289	294	-2	
290	354	-2	
289	353	1	
403	467	-2	
400	464	1	
180	188	1	
183	191	-1	
177	183	-2	
101	109	2	
107	110	2	
99	102	1	
495	503	1	
488	495	-1	
297	303	-2	
298	362	-1	
297	361	3	
330	332	1	
330	333	1	
84	92	-1	
90	93	1	
80	85	-2	
221	229	1	
222	230	1	
249	253	-2	
251	255	1	
251	254	-3	
371	372	-1	
379	443	1	
443	447	1	
378	442	-2	
128	132	2	
130	194	1	
194	198	-1	
56	63	-1	
203	267	-1	
201	265	-1	
75	78	2	
72	79	1	
160	165	1	
162	166	-1	
161	167	2	
425	428	-1	
43	47	-1	
278	286	1	
275	339	-1	
274	338	-1	
18	20	-1	
235	236	1	
345	348	1	
346	410	1	
409	413	-2	
0	4	-2	
171	174	-1	
260	268	-1	
262	270	1	
450	454	1	
179	243	-1	
177	241	1	
321	326	1	
34	98	-1	
32	96	1	
433	439	2	
434	439	2	
498	501	-1	
80	86	-2	
220	228	-1	
227	231	-1	
223	231	1	
108	116	-1	
115	116	1	
111	119	-1	
120	124	-1	
123	124	-1	
121	127	-2	
120	126	-2	
349	357	2	
347	350	-1	
300	308	2	
307	309	-2	
296	301	-1	
377	441	1	
376	440	-2	
131	195	-1	
65	68	1	
68	76	-1	
73	77	1	
69	77	-2	
27	28	-1	
225	289	-1	
224	288	-1	
187	191	-1	
310	318	-1	
282	285	-1	
281	287	-2	
282	286	-1	
402	466	2	
465	468	1	
401	465	-1	
114	116	1	
48	112	1	
299	302	-2	
299	363	2	
457	460	1	
155	219	-1	
152	216	1	
342	350	-1	
338	343	1	
94	102	-1	
441	445	-1	
261	269	-1	
263	271	1	
145	149	-1	
424	488	1	
170	175	-2	
275	277	1	
272	277	1	
178	242	1	
176	240	-1	
478	486	-1	
327	335	-1	
322	327	-1	
105	109	2	
375	383	-1	
195	196	-2	
314	316	1	
314	319	-1	
459	463	-1	
457	462	-1	
49	54	-2	
51	53	2	
404	412	1	
400	407	-1	
418	422	-1	
137	201	1	
250	254	-1	
499	500	1	
22	30	1	
17	22	1	
344	349	1	
71	79	2	
136	143	-1	
202	206	1	
232	239	1	
298	300	1	
490	494	1	
337	340	-1	
257	261	-1	
153	156	-1	
149	157	-1	
426	430	-1	
387	389	1	
279	287	-1	
370	373	-1	
474	477	-1	
472	478	1	
216	220	1	
218	222	1	
27	31	-1	
150	158	-1	
147	151	1	
184	191	1	
356	364	1	
359	367	1	
283	284	-1	
283	347	-1	
346	351	-1	
282	346	-1	
240	245	-1	
241	305	-1	
70	78	1	
103	111	1	
402	406	-1	
232	238	-1	
411	413	-1	
59	61	-1	
35	39	-1	
193	199	1	
192	199	-1	
481	484	1	
259	323	-1	
257	321	-1	
50	55	1	
268	276	1	
393	396	1	
171	235	-1	
233	237	-1	
Energy:	-1722	
