NumberOfQubits	504	
NumberOfSubgraphs	420	
Serial	246	
PlantedSolution:	
0	-1	
1	-1	
2	1	
3	1	
4	-1	
5	-1	
6	-1	
8	-1	
9	-1	
10	-1	
11	1	
12	-1	
13	1	
14	1	
15	-1	
16	1	
17	-1	
18	1	
19	1	
20	1	
21	-1	
22	1	
23	-1	
24	-1	
25	1	
26	-1	
27	1	
28	1	
29	-1	
30	1	
31	1	
32	1	
33	1	
34	-1	
35	1	
36	1	
37	-1	
38	-1	
39	-1	
40	-1	
41	1	
42	1	
43	-1	
44	1	
45	-1	
46	-1	
47	-1	
48	-1	
49	-1	
50	-1	
51	-1	
52	1	
53	-1	
54	1	
55	-1	
56	-1	
57	1	
58	-1	
59	1	
60	1	
61	1	
62	1	
63	1	
64	1	
65	1	
66	-1	
67	-1	
68	-1	
69	1	
70	-1	
71	1	
72	-1	
73	1	
74	1	
75	1	
76	-1	
77	1	
78	-1	
79	1	
80	-1	
81	-1	
82	-1	
83	-1	
84	-1	
85	1	
86	1	
87	-1	
88	-1	
89	-1	
90	1	
91	-1	
92	-1	
93	-1	
94	1	
95	1	
96	-1	
97	1	
98	1	
99	-1	
100	-1	
101	-1	
102	-1	
103	1	
104	1	
105	-1	
106	1	
107	-1	
108	-1	
109	-1	
110	1	
111	-1	
112	-1	
113	1	
114	-1	
115	1	
116	1	
117	1	
118	-1	
119	-1	
120	-1	
121	-1	
123	-1	
124	-1	
125	-1	
126	-1	
127	1	
128	-1	
129	-1	
130	1	
131	-1	
132	1	
133	-1	
134	1	
135	1	
136	1	
137	-1	
138	1	
139	-1	
141	1	
142	-1	
143	1	
144	1	
145	1	
146	1	
147	-1	
148	1	
149	1	
150	1	
151	-1	
152	-1	
153	-1	
154	1	
155	-1	
156	-1	
157	1	
158	-1	
159	1	
160	-1	
161	1	
162	1	
163	-1	
164	1	
165	1	
166	-1	
167	-1	
168	-1	
169	1	
170	1	
171	1	
172	1	
173	-1	
174	-1	
175	-1	
176	-1	
177	-1	
178	-1	
179	1	
180	1	
181	-1	
182	1	
183	1	
184	1	
185	1	
186	-1	
187	-1	
188	1	
189	-1	
190	1	
191	1	
192	1	
193	1	
194	-1	
195	1	
196	1	
197	1	
198	1	
199	1	
200	1	
201	-1	
202	1	
203	1	
204	1	
205	1	
206	1	
207	1	
208	-1	
209	1	
210	1	
211	1	
212	-1	
213	-1	
214	1	
215	-1	
216	1	
217	1	
218	1	
219	-1	
220	1	
221	-1	
222	-1	
223	1	
224	1	
225	-1	
226	-1	
227	-1	
228	1	
229	1	
230	-1	
231	-1	
232	-1	
233	-1	
234	-1	
235	1	
236	1	
237	1	
238	1	
239	-1	
240	1	
241	1	
242	1	
243	-1	
244	1	
245	-1	
246	1	
247	1	
248	1	
249	-1	
250	1	
251	1	
252	-1	
253	1	
254	-1	
255	1	
256	1	
257	-1	
258	-1	
259	-1	
260	1	
261	-1	
262	-1	
263	1	
264	1	
265	-1	
266	-1	
267	-1	
268	-1	
269	-1	
270	-1	
271	1	
272	-1	
273	-1	
274	1	
275	1	
276	1	
277	-1	
278	-1	
279	1	
280	-1	
281	1	
282	-1	
283	1	
284	-1	
285	-1	
286	-1	
287	-1	
288	-1	
289	1	
290	1	
291	-1	
292	-1	
293	1	
294	-1	
295	1	
296	1	
297	-1	
298	-1	
299	-1	
300	-1	
301	1	
302	1	
303	1	
304	-1	
305	1	
306	-1	
307	1	
308	-1	
309	-1	
310	-1	
311	1	
312	1	
313	-1	
314	1	
315	1	
316	-1	
317	-1	
318	-1	
319	-1	
320	-1	
321	-1	
322	1	
323	-1	
324	1	
325	-1	
326	1	
327	1	
328	1	
329	1	
330	-1	
331	-1	
332	1	
333	1	
334	1	
335	-1	
336	-1	
337	-1	
338	1	
339	-1	
340	1	
341	-1	
342	1	
343	1	
344	1	
345	-1	
346	-1	
347	-1	
348	1	
349	1	
350	-1	
351	-1	
352	-1	
353	-1	
354	-1	
355	1	
356	-1	
357	1	
358	-1	
359	1	
361	-1	
362	-1	
363	-1	
364	-1	
365	-1	
367	-1	
368	-1	
369	1	
370	-1	
371	1	
372	1	
373	-1	
374	-1	
375	1	
376	1	
377	1	
378	1	
379	1	
380	-1	
382	1	
383	-1	
384	-1	
385	1	
386	-1	
387	-1	
388	-1	
389	-1	
390	1	
391	1	
392	-1	
393	-1	
394	-1	
396	-1	
397	1	
398	-1	
399	1	
400	-1	
401	1	
402	1	
403	1	
404	1	
405	-1	
406	-1	
407	1	
408	-1	
409	1	
410	-1	
411	-1	
412	-1	
413	-1	
414	-1	
415	-1	
416	1	
417	-1	
418	1	
419	1	
420	-1	
421	1	
422	1	
424	-1	
425	1	
426	1	
427	-1	
428	-1	
429	1	
430	1	
431	-1	
432	-1	
433	-1	
434	1	
435	1	
436	1	
437	-1	
438	1	
439	1	
440	1	
441	1	
442	1	
443	1	
444	-1	
445	-1	
446	-1	
447	-1	
448	-1	
449	1	
450	1	
451	-1	
452	-1	
453	-1	
454	1	
455	1	
456	-1	
457	-1	
458	-1	
459	1	
460	1	
461	1	
462	1	
463	1	
464	-1	
465	-1	
466	1	
467	1	
468	1	
469	-1	
470	-1	
471	1	
472	1	
473	-1	
474	1	
475	1	
476	1	
477	1	
478	1	
479	-1	
480	1	
481	-1	
482	-1	
483	1	
484	1	
485	1	
486	-1	
487	-1	
488	-1	
489	-1	
490	-1	
491	1	
492	1	
493	-1	
494	-1	
495	1	
496	-1	
497	-1	
498	-1	
499	-1	
500	1	
501	-1	
502	1	
503	-1	
504	1	
505	-1	
506	1	
507	1	
508	-1	
509	-1	
510	1	
511	1	
Js:	
266	269	-2	
269	277	-2	
272	277	-2	
272	279	3	
271	279	-3	
266	271	2	
32	37	4	
33	37	1	
33	97	-2	
97	101	-1	
96	101	-4	
32	96	2	
104	110	1	
106	110	-3	
106	170	-3	
170	175	2	
168	175	-2	
104	168	3	
227	230	-3	
230	238	1	
232	238	2	
232	239	2	
231	239	-2	
227	231	-3	
57	60	-3	
58	60	2	
58	63	3	
59	63	-3	
59	62	-3	
57	62	1	
280	286	-2	
281	286	4	
281	345	-1	
345	348	3	
344	348	-2	
280	344	3	
241	246	2	
246	254	2	
249	254	-3	
249	255	3	
247	255	-2	
241	247	-3	
10	13	4	
13	21	2	
16	21	3	
16	22	-4	
14	22	2	
10	14	3	
354	357	-2	
355	357	-3	
355	359	-3	
352	359	2	
352	358	-2	
354	358	-3	
160	164	3	
161	164	-2	
161	165	-2	
163	165	-1	
163	166	-3	
160	166	-1	
288	292	-3	
290	292	2	
290	293	-2	
289	293	-3	
289	294	4	
288	294	3	
498	501	-3	
499	501	-3	
499	502	2	
496	502	3	
496	503	1	
498	503	-3	
192	196	3	
193	196	-2	
193	199	-2	
195	199	-2	
195	198	-3	
192	198	-2	
27	28	-2	
28	36	-2	
35	36	-3	
35	38	2	
30	38	-3	
27	30	-3	
304	308	1	
307	308	3	
307	371	-1	
371	373	2	
368	373	-4	
304	368	-3	
450	452	1	
452	460	1	
458	460	4	
458	462	1	
454	462	1	
450	454	-3	
392	396	-1	
393	396	-4	
393	398	-2	
394	398	2	
394	399	3	
392	399	3	
177	180	2	
178	180	-2	
178	182	2	
176	182	2	
176	181	-3	
177	181	-3	
402	404	-2	
403	404	-3	
403	407	-2	
400	407	-1	
400	405	-4	
402	405	1	
416	420	3	
417	420	-3	
417	481	-3	
481	484	4	
480	484	1	
416	480	-2	
322	324	-4	
323	324	2	
323	327	2	
321	327	2	
321	326	3	
322	326	1	
504	508	-1	
506	508	4	
506	510	-2	
505	510	2	
505	511	2	
504	511	-2	
72	76	-3	
76	84	-1	
82	84	-2	
82	87	-2	
79	87	1	
72	79	-3	
120	124	-1	
121	124	-4	
121	125	-2	
123	125	2	
123	126	-3	
120	126	-3	
145	148	-3	
146	148	-3	
146	150	-2	
147	150	2	
147	149	2	
145	149	3	
369	374	3	
370	374	-2	
370	434	2	
434	436	-3	
433	436	-3	
369	433	1	
152	157	3	
154	157	1	
154	218	-2	
218	223	-2	
216	223	-1	
152	216	3	
488	492	2	
489	492	1	
489	493	-5	
491	493	2	
491	495	2	
488	495	2	
331	332	4	
332	340	-1	
336	340	3	
336	342	2	
334	342	1	
331	334	3	
410	413	-1	
411	413	-2	
411	475	-2	
475	476	-3	
474	476	-1	
410	474	3	
313	319	-3	
315	319	-2	
315	379	-3	
379	382	-2	
377	382	-2	
313	377	3	
48	52	2	
51	52	3	
51	115	3	
115	117	-2	
112	117	3	
48	112	1	
426	428	3	
427	428	-1	
427	430	-3	
424	430	1	
424	429	2	
426	429	-3	
466	468	-3	
467	468	2	
467	469	4	
464	469	-3	
464	470	-3	
466	470	1	
128	132	4	
131	132	3	
131	133	-3	
130	133	2	
130	134	-2	
128	134	2	
432	437	-3	
437	445	-1	
441	445	4	
441	446	2	
438	446	2	
432	438	-2	
0	4	-3	
2	4	-3	
2	6	3	
1	6	-3	
1	5	-3	
0	5	-2	
298	301	2	
299	301	4	
299	363	1	
363	365	-3	
362	365	-3	
298	362	-2	
64	69	-3	
67	69	-2	
67	71	3	
66	71	2	
66	70	-3	
64	70	2	
24	31	2	
25	31	-3	
25	89	2	
89	93	-2	
88	93	3	
24	88	-3	
91	92	-2	
92	100	-1	
98	100	-1	
98	102	2	
94	102	2	
91	94	4	
11	12	3	
12	20	2	
17	20	2	
17	23	-1	
15	23	2	
11	15	3	
209	212	3	
211	212	3	
211	213	3	
208	213	2	
208	214	2	
209	214	-1	
41	45	2	
45	53	1	
49	53	-3	
49	55	-2	
47	55	-1	
41	47	2	
153	159	2	
155	159	3	
155	219	1	
219	220	3	
217	220	-3	
153	217	2	
385	389	4	
387	389	-3	
387	391	2	
384	391	-3	
384	390	2	
385	390	-1	
185	189	3	
186	189	-2	
186	191	3	
187	191	-2	
187	190	1	
185	190	-3	
201	205	2	
203	205	-2	
203	206	-4	
202	206	-1	
202	207	-3	
201	207	-1	
267	268	-4	
268	276	3	
275	276	-2	
275	278	3	
270	278	-2	
267	270	1	
258	261	-3	
259	261	-3	
259	263	2	
256	263	-2	
256	262	3	
258	262	2	
73	78	2	
74	78	2	
74	138	-2	
138	141	-4	
137	141	-3	
73	137	2	
337	341	-4	
341	349	2	
347	349	3	
347	351	-3	
343	351	-1	
337	343	3	
451	453	-1	
453	461	-1	
456	461	3	
456	463	4	
455	463	-1	
451	455	3	
296	302	-3	
302	310	2	
305	310	2	
305	311	-1	
303	311	2	
296	303	-4	
418	421	3	
419	421	-2	
419	483	-3	
483	487	2	
482	487	-2	
418	482	2	
248	253	-3	
250	253	-2	
250	314	-1	
314	317	-1	
312	317	4	
248	312	-2	
408	414	-4	
409	414	1	
409	473	2	
473	477	-1	
472	477	-4	
408	472	3	
107	108	-3	
108	116	3	
113	116	-3	
113	119	-2	
111	119	-1	
107	111	-2	
235	236	1	
236	244	-2	
240	244	-2	
240	245	1	
237	245	3	
235	237	-2	
376	380	3	
378	380	2	
378	442	-3	
442	447	4	
440	447	-1	
376	440	-4	
283	285	2	
285	293	2	
291	293	2	
291	295	2	
287	295	-3	
283	287	2	
320	325	-2	
325	333	3	
328	333	1	
328	335	4	
327	335	2	
320	327	3	
224	228	-4	
226	228	-2	
226	230	-3	
225	230	-2	
225	229	3	
224	229	-1	
40	44	3	
42	44	-5	
42	46	4	
43	46	-4	
43	47	2	
40	47	-4	
75	77	-2	
77	85	-1	
81	85	2	
81	86	-3	
78	86	1	
75	78	1	
361	364	-3	
364	372	2	
369	372	2	
369	375	-3	
367	375	1	
361	367	-3	
105	109	-2	
107	109	2	
107	171	1	
171	172	-3	
169	172	-1	
105	169	1	
136	142	3	
142	150	-1	
144	150	-1	
144	151	3	
143	151	1	
136	143	-2	
200	204	-3	
201	204	2	
201	265	-2	
265	270	4	
264	270	1	
200	264	-1	
490	492	3	
492	500	1	
497	500	2	
497	502	2	
494	502	1	
490	494	-3	
346	348	3	
348	356	1	
353	356	-3	
353	358	-2	
350	358	2	
346	350	-3	
178	183	2	
179	183	-2	
179	243	1	
243	244	2	
242	244	2	
178	242	1	
209	215	2	
210	215	3	
210	274	-2	
274	277	-2	
273	277	-2	
209	273	3	
233	236	2	
234	236	-2	
234	298	-2	
298	300	-3	
297	300	-3	
233	297	-2	
425	430	-2	
430	438	-2	
435	438	1	
435	439	-2	
431	439	2	
425	431	2	
24	29	-2	
26	29	-2	
26	90	2	
90	95	2	
88	95	2	
401	406	2	
402	406	3	
402	466	-2	
466	471	-2	
465	471	2	
401	465	3	
440	444	1	
443	444	2	
443	507	-1	
507	509	3	
504	509	3	
440	504	2	
50	54	3	
51	54	-2	
115	118	1	
114	118	-3	
50	114	-2	
98	103	-2	
99	103	4	
99	163	-3	
163	167	2	
162	167	4	
98	162	-2	
65	68	5	
67	68	2	
67	131	-1	
131	135	2	
129	135	3	
65	129	1	
184	188	-2	
187	188	-1	
187	251	1	
251	252	3	
248	252	2	
184	248	-2	
193	197	-3	
194	197	3	
194	258	-2	
258	260	2	
257	260	5	
193	257	-2	
474	478	-1	
478	486	2	
481	486	1	
481	487	-2	
479	487	-1	
474	479	3	
306	308	3	
308	316	-2	
314	316	4	
314	318	3	
310	318	-2	
306	310	-1	
385	388	2	
386	388	-1	
386	450	2	
450	455	-3	
449	455	-3	
385	449	1	
217	221	1	
218	221	2	
218	282	1	
282	284	-2	
281	284	-1	
217	281	-1	
18	23	4	
19	23	3	
19	83	2	
83	85	2	
82	85	3	
18	82	-2	
56	61	2	
57	61	-4	
57	121	1	
121	127	3	
120	127	-3	
56	120	-1	
329	334	-2	
330	334	2	
330	394	-2	
394	397	1	
393	397	4	
329	393	-1	
35	37	2	
35	39	1	
34	39	-3	
34	38	2	
32	38	1	
155	156	-3	
156	164	1	
161	166	3	
158	166	1	
155	158	-1	
404	412	1	
411	412	1	
411	415	-3	
407	415	2	
337	340	-1	
339	340	3	
339	343	1	
338	343	-2	
338	342	-3	
337	342	3	
459	460	-2	
459	462	-3	
457	462	4	
457	461	2	
458	461	-2	
169	173	2	
171	173	2	
171	174	-2	
168	174	-4	
169	175	4	
8	12	2	
9	12	-2	
9	73	1	
73	76	2	
8	72	-1	
416	422	-2	
419	422	-2	
483	485	-1	
480	485	4	
212	220	2	
216	220	-1	
216	222	4	
214	222	2	
211	214	3	
313	317	-1	
315	317	3	
379	383	-1	
377	383	3	
129	134	2	
134	142	-1	
139	142	-2	
139	143	3	
135	143	-2	
243	246	3	
243	307	3	
307	309	3	
305	309	4	
241	305	-2	
384	388	-2	
387	388	-3	
387	451	-2	
451	452	-3	
448	452	-3	
384	448	1	
1	4	1	
3	4	3	
3	5	3	
2	5	2	
17	21	-1	
17	81	-2	
80	86	3	
16	80	2	
202	205	-3	
203	267	-1	
267	269	-2	
202	266	2	
355	356	3	
352	357	3	
353	357	-2	
344	349	-1	
346	349	2	
346	351	-2	
345	351	1	
345	350	-1	
344	350	2	
274	278	4	
275	339	1	
339	341	-2	
338	341	-1	
274	338	-1	
469	477	2	
472	478	-1	
470	478	3	
467	470	-1	
408	413	-2	
413	421	2	
418	422	-3	
414	422	1	
89	92	-3	
90	94	-2	
89	95	3	
493	501	-1	
497	501	-2	
497	503	-3	
495	503	-1	
489	495	2	
256	260	-2	
257	321	-1	
320	326	-3	
256	320	1	
370	373	-3	
434	439	-1	
432	439	1	
368	432	1	
9	13	3	
10	15	1	
8	15	-3	
8	14	4	
9	14	3	
283	284	3	
284	292	-2	
286	294	-1	
283	286	1	
105	108	-1	
114	116	2	
110	118	-3	
105	110	2	
299	300	-1	
296	301	-2	
297	303	-1	
505	508	-2	
507	510	-3	
505	509	1	
25	28	1	
26	28	3	
26	30	2	
27	31	-2	
195	196	-2	
195	197	-2	
194	198	3	
148	156	3	
153	156	-1	
153	157	-2	
149	157	-1	
146	149	-2	
233	237	-2	
234	237	2	
234	239	-1	
235	239	2	
235	238	-3	
233	238	2	
362	364	-2	
362	426	-1	
425	429	-2	
361	425	2	
41	44	1	
43	45	-3	
56	60	3	
59	60	-2	
58	62	-2	
56	62	2	
179	180	-2	
180	188	-3	
186	188	2	
186	190	2	
182	190	3	
179	182	-3	
371	372	-3	
372	380	-2	
376	383	3	
375	383	3	
371	375	-1	
227	228	1	
227	229	2	
225	231	-3	
226	231	-1	
112	119	-2	
113	177	2	
112	176	-3	
64	71	-1	
66	130	1	
130	132	3	
64	128	1	
250	252	2	
251	254	-1	
250	255	-3	
441	444	1	
442	444	3	
443	447	2	
443	445	-2	
97	100	2	
99	100	-3	
99	101	-1	
96	102	-3	
97	102	-2	
49	52	2	
50	52	-1	
48	54	2	
48	53	-2	
264	268	1	
272	276	2	
264	271	3	
328	332	-1	
329	332	-2	
329	333	-2	
330	333	-2	
330	335	-3	
424	431	1	
427	431	-3	
427	491	2	
491	494	1	
488	494	-3	
424	488	-3	
240	247	-3	
242	247	-1	
242	306	2	
306	311	3	
304	311	3	
240	304	-1	
392	397	1	
397	405	-2	
400	406	-2	
398	406	-1	
392	398	-3	
465	468	2	
468	476	-2	
473	476	-2	
473	479	-3	
471	479	3	
213	221	-2	
219	221	-3	
219	223	2	
215	223	2	
208	215	-1	
80	87	-2	
83	87	-3	
83	147	-2	
147	151	3	
80	144	3	
74	77	-2	
75	139	-2	
139	141	2	
157	165	1	
162	165	-2	
159	167	1	
152	159	2	
258	263	2	
259	323	1	
323	325	-2	
322	325	3	
258	322	1	
104	109	1	
106	109	-1	
170	174	1	
432	436	1	
435	436	-1	
435	499	3	
499	500	2	
496	500	2	
432	496	2	
282	285	-2	
290	295	-2	
282	287	-2	
312	316	-1	
313	318	-2	
312	319	1	
123	124	-2	
123	187	-2	
185	191	-1	
121	185	1	
409	412	3	
410	412	2	
410	414	-2	
411	414	-2	
409	415	2	
449	452	2	
451	454	1	
448	454	4	
448	453	-2	
449	453	-3	
200	206	-1	
206	214	-1	
210	214	1	
207	215	2	
200	207	-3	
386	389	-2	
386	390	3	
385	391	-1	
18	20	-1	
19	20	-3	
19	22	1	
18	21	2	
418	420	-1	
482	485	2	
481	485	2	
33	36	-2	
34	36	2	
34	98	-2	
97	103	-3	
64	68	1	
65	70	2	
66	69	-2	
459	461	-2	
459	463	-3	
456	462	-1	
357	365	2	
363	367	-3	
359	367	1	
354	359	2	
425	428	1	
428	436	1	
433	437	-1	
429	437	1	
152	158	2	
154	158	4	
218	222	1	
261	269	-2	
265	269	-1	
262	270	-1	
259	262	-2	
378	382	-3	
374	382	3	
371	374	1	
137	142	-2	
137	201	-2	
136	200	-3	
164	172	-2	
170	172	-3	
170	173	-2	
165	173	2	
160	165	2	
117	125	3	
120	125	-1	
119	127	3	
115	119	2	
394	396	-1	
396	404	2	
401	404	-1	
401	407	-2	
399	407	1	
483	484	2	
484	492	-2	
486	494	-1	
483	486	2	
181	189	-2	
184	189	-2	
184	191	-2	
183	191	-2	
177	183	3	
297	302	2	
232	296	-1	
224	230	2	
225	289	1	
289	295	-1	
288	295	2	
224	288	-1	
29	37	1	
34	37	-1	
31	39	2	
11	13	-3	
11	75	1	
75	79	-1	
74	79	-2	
10	74	1	
498	502	1	
502	510	-1	
507	511	2	
503	511	2	
241	245	2	
243	245	1	
280	285	-2	
283	347	2	
344	351	-2	
53	61	3	
58	61	1	
55	63	3	
48	55	1	
273	279	-1	
273	337	-1	
272	336	-1	
84	92	-3	
90	92	2	
90	93	2	
85	93	2	
41	105	2	
105	111	-2	
104	111	3	
40	104	-1	
128	133	1	
129	133	-3	
129	193	1	
192	199	-2	
128	192	1	
321	324	1	
324	332	-1	
331	333	-1	
321	325	-2	
475	478	-3	
475	479	1	
464	471	-1	
0	6	-3	
242	245	2	
245	253	-1	
249	253	2	
242	246	-2	
440	446	3	
441	505	1	
80	84	-2	
81	84	-1	
81	145	2	
144	149	-2	
226	229	3	
227	291	-1	
291	292	-3	
226	290	-1	
114	117	2	
118	126	-1	
306	370	1	
68	76	-2	
72	78	-2	
70	78	-2	
147	148	1	
151	159	1	
17	22	2	
251	253	-2	
251	315	1	
185	188	-2	
162	166	1	
166	174	1	
169	174	2	
167	175	-1	
347	350	2	
345	349	2	
338	340	1	
339	403	2	
403	406	2	
338	402	-2	
265	268	-1	
267	331	-2	
265	329	-1	
96	100	-2	
100	108	-1	
101	109	-1	
210	213	-1	
211	275	-3	
408	415	1	
410	415	-2	
474	477	-2	
194	196	1	
196	204	-2	
203	204	2	
198	206	-2	
388	396	-2	
389	397	-2	
228	236	-1	
232	236	2	
224	231	2	
363	364	-2	
362	367	-2	
361	365	1	
378	383	2	
500	508	-2	
506	509	2	
501	509	-1	
352	356	-1	
355	419	2	
352	416	2	
280	284	-2	
281	287	-2	
52	60	-2	
54	62	-2	
49	54	-1	
433	438	2	
433	439	2	
320	324	2	
322	327	-1	
323	326	3	
133	141	-1	
138	143	-1	
485	493	1	
487	495	2	
480	487	1	
99	102	1	
95	103	-1	
91	95	2	
40	45	2	
401	405	2	
465	469	1	
400	464	-2	
390	398	2	
391	399	-2	
386	391	2	
197	205	1	
199	207	-1	
412	420	-1	
417	421	2	
409	413	-2	
266	330	-2	
264	328	-1	
244	252	-1	
235	299	-1	
299	302	1	
298	302	2	
69	77	-2	
73	77	-2	
73	79	-1	
71	79	-2	
441	447	1	
25	29	-2	
27	29	2	
27	91	1	
91	93	-1	
259	260	-1	
257	263	1	
217	223	2	
456	460	-1	
457	460	2	
208	212	-2	
273	276	-3	
208	272	-2	
112	116	1	
176	183	-1	
424	428	-3	
426	490	-2	
290	294	2	
290	354	1	
289	353	-1	
476	484	-1	
482	484	2	
482	486	-2	
473	478	2	
300	308	1	
301	309	1	
297	301	1	
154	156	2	
150	158	-1	
145	150	-1	
434	437	-1	
435	437	3	
434	498	2	
50	53	-1	
57	63	-1	
50	55	3	
10	12	1	
336	343	-2	
32	39	3	
33	39	2	
315	316	2	
315	318	-1	
314	319	3	
187	189	-1	
120	184	1	
464	468	-1	
467	471	-2	
104	108	-1	
107	110	1	
106	111	2	
3	6	1	
379	380	2	
379	443	2	
443	446	1	
136	141	-2	
97	161	-2	
498	500	-1	
304	310	-1	
88	94	1	
86	94	-1	
83	86	2	
217	222	-1	
115	116	-2	
116	124	-1	
475	477	-1	
256	261	1	
257	261	-1	
370	375	2	
146	210	-1	
210	212	2	
144	208	-1	
394	458	-1	
392	456	-1	
425	489	1	
419	420	1	
74	76	-1	
65	69	-1	
234	238	2	
233	239	-2	
225	228	-1	
507	508	-1	
504	510	-2	
450	453	1	
25	30	-2	
33	38	1	
282	286	-1	
280	287	-1	
200	205	-1	
205	213	-1	
209	213	1	
42	45	1	
328	334	-2	
329	335	-2	
241	244	-1	
240	246	1	
249	252	-2	
251	255	2	
403	467	-1	
168	173	-2	
171	175	1	
480	486	2	
98	101	-1	
160	167	-1	
96	160	-1	
114	178	1	
365	373	1	
354	356	-1	
354	418	-1	
417	422	1	
353	417	-1	
24	28	-1	
88	92	-1	
67	70	-1	
274	279	-1	
265	271	1	
309	317	1	
312	318	2	
9	15	-1	
400	404	1	
146	151	1	
145	151	1	
194	199	1	
155	157	2	
154	159	-1	
153	158	-1	
336	341	-2	
458	463	-2	
179	181	2	
109	117	1	
113	117	-1	
113	118	2	
131	134	-1	
130	135	-2	
128	135	1	
436	444	1	
442	446	-2	
434	438	-1	
296	300	2	
299	303	-2	
221	229	1	
222	230	-1	
219	222	1	
405	413	-1	
59	61	-2	
51	55	-2	
87	95	2	
275	277	1	
75	76	1	
137	143	1	
186	250	1	
250	254	1	
248	254	-1	
168	172	-1	
2	66	2	
0	64	2	
232	237	1	
363	427	1	
465	470	2	
355	358	1	
351	359	1	
491	492	-1	
387	390	-2	
311	319	1	
20	28	-1	
21	29	1	
19	21	1	
377	441	1	
440	445	1	
264	269	1	
263	271	-1	
506	511	-2	
123	127	1	
121	126	-1	
138	142	1	
138	202	2	
161	167	1	
304	309	-1	
305	369	1	
368	374	-1	
41	46	1	
43	107	1	
56	63	-2	
3	67	1	
1	65	1	
266	270	-1	
420	428	1	
421	429	-2	
416	421	-1	
328	392	1	
277	285	-1	
281	285	1	
278	286	-1	
288	293	-1	
162	164	-1	
163	164	-1	
171	235	1	
170	234	1	
106	108	1	
192	197	-1	
192	256	-1	
239	247	1	
297	361	1	
321	385	1	
384	389	-1	
320	384	1	
490	493	-1	
490	495	1	
489	494	1	
340	348	1	
36	44	-1	
38	46	-1	
393	399	1	
426	430	-1	
422	430	-1	
176	180	-1	
220	228	1	
223	231	1	
184	190	1	
368	372	1	
26	31	1	
72	77	1	
449	454	1	
82	146	-1	
433	497	-1	
16	20	1	
18	22	-1	
313	316	1	
377	380	1	
216	221	1	
353	359	1	
339	342	-1	
139	203	1	
201	206	1	
266	268	1	
330	332	1	
195	259	-1	
37	45	-1	
39	47	-1	
472	476	-1	
472	479	-1	
298	303	1	
356	364	1	
202	204	-1	
83	84	1	
333	341	1	
335	343	1	
Energy:	-1720	
