NumberOfQubits	504	
NumberOfSubgraphs	588	
Serial	387	
PlantedSolution:	
0	-1	
1	-1	
2	-1	
3	1	
4	-1	
5	-1	
6	1	
8	-1	
9	-1	
10	-1	
11	-1	
12	-1	
13	1	
14	-1	
15	1	
16	-1	
17	-1	
18	-1	
19	-1	
20	1	
21	1	
22	1	
23	1	
24	1	
25	-1	
26	1	
27	-1	
28	1	
29	-1	
30	-1	
31	1	
32	-1	
33	-1	
34	1	
35	-1	
36	-1	
37	-1	
38	1	
39	-1	
40	1	
41	-1	
42	1	
43	-1	
44	-1	
45	1	
46	1	
47	-1	
48	1	
49	-1	
50	1	
51	1	
52	1	
53	-1	
54	-1	
55	-1	
56	-1	
57	-1	
58	-1	
59	1	
60	1	
61	-1	
62	-1	
63	1	
64	1	
65	1	
66	1	
67	1	
68	-1	
69	-1	
70	-1	
71	1	
72	1	
73	-1	
74	-1	
75	1	
76	1	
77	1	
78	-1	
79	-1	
80	1	
81	1	
82	1	
83	1	
84	1	
85	1	
86	-1	
87	-1	
88	-1	
89	-1	
90	-1	
91	1	
92	1	
93	1	
94	1	
95	-1	
96	-1	
97	-1	
98	-1	
99	1	
100	-1	
101	1	
102	1	
103	1	
104	-1	
105	1	
106	1	
107	-1	
108	-1	
109	1	
110	1	
111	1	
112	1	
113	-1	
114	1	
115	-1	
116	1	
117	1	
118	1	
119	1	
120	-1	
121	-1	
123	1	
124	1	
125	-1	
126	1	
127	-1	
128	-1	
129	1	
130	-1	
131	-1	
132	1	
133	1	
134	-1	
135	-1	
136	1	
137	1	
138	-1	
139	1	
141	-1	
142	1	
143	-1	
144	1	
145	-1	
146	-1	
147	-1	
148	1	
149	1	
150	1	
151	-1	
152	-1	
153	1	
154	-1	
155	-1	
156	1	
157	-1	
158	1	
159	-1	
160	1	
161	-1	
162	1	
163	1	
164	-1	
165	-1	
166	1	
167	-1	
168	1	
169	-1	
170	1	
171	-1	
172	-1	
173	-1	
174	1	
175	1	
176	-1	
177	1	
178	1	
179	1	
180	-1	
181	1	
182	1	
183	-1	
184	-1	
185	1	
186	1	
187	1	
188	1	
189	-1	
190	-1	
191	1	
192	-1	
193	1	
194	1	
195	1	
196	1	
197	1	
198	-1	
199	1	
200	1	
201	1	
202	1	
203	-1	
204	1	
205	-1	
206	1	
207	1	
208	-1	
209	-1	
210	-1	
211	-1	
212	1	
213	1	
214	-1	
215	1	
216	1	
217	1	
218	1	
219	1	
220	1	
221	-1	
222	-1	
223	1	
224	1	
225	-1	
226	1	
227	1	
228	-1	
229	-1	
230	1	
231	1	
232	1	
233	-1	
234	1	
235	1	
236	-1	
237	-1	
238	1	
239	1	
240	-1	
241	-1	
242	1	
243	-1	
244	-1	
245	-1	
246	1	
247	1	
248	1	
249	-1	
250	-1	
251	-1	
252	-1	
253	-1	
254	-1	
255	1	
256	-1	
257	-1	
258	-1	
259	-1	
260	-1	
261	1	
262	-1	
263	-1	
264	1	
265	1	
266	1	
267	-1	
268	-1	
269	-1	
270	-1	
271	1	
272	1	
273	-1	
274	1	
275	1	
276	-1	
277	1	
278	-1	
279	-1	
280	1	
281	1	
282	-1	
283	1	
284	-1	
285	1	
286	-1	
287	1	
288	-1	
289	1	
290	-1	
291	-1	
292	-1	
293	1	
294	1	
295	1	
296	-1	
297	1	
298	1	
299	-1	
300	-1	
301	-1	
302	-1	
303	1	
304	-1	
305	-1	
306	1	
307	1	
308	-1	
309	-1	
310	-1	
311	1	
312	1	
313	1	
314	-1	
315	1	
316	-1	
317	-1	
318	1	
319	-1	
320	1	
321	1	
322	-1	
323	1	
324	-1	
325	-1	
326	1	
327	1	
328	1	
329	1	
330	1	
331	-1	
332	1	
333	1	
334	1	
335	-1	
336	1	
337	-1	
338	-1	
339	-1	
340	-1	
341	1	
342	-1	
343	1	
344	-1	
345	1	
346	1	
347	-1	
348	1	
349	-1	
350	1	
351	-1	
352	-1	
353	-1	
354	-1	
355	-1	
356	1	
357	1	
358	1	
359	1	
361	-1	
362	1	
363	1	
364	-1	
365	1	
367	-1	
368	-1	
369	1	
370	1	
371	1	
372	1	
373	-1	
374	-1	
375	1	
376	-1	
377	-1	
378	-1	
379	1	
380	-1	
382	-1	
383	1	
384	-1	
385	-1	
386	1	
387	-1	
388	-1	
389	-1	
390	1	
391	1	
392	1	
393	-1	
394	-1	
396	1	
397	1	
398	1	
399	1	
400	-1	
401	-1	
402	-1	
403	1	
404	1	
405	-1	
406	-1	
407	-1	
408	1	
409	-1	
410	1	
411	-1	
412	-1	
413	-1	
414	1	
415	-1	
416	-1	
417	-1	
418	-1	
419	-1	
420	1	
421	-1	
422	1	
424	-1	
425	-1	
426	1	
427	1	
428	-1	
429	-1	
430	1	
431	1	
432	-1	
433	-1	
434	1	
435	1	
436	-1	
437	1	
438	1	
439	-1	
440	-1	
441	1	
442	-1	
443	1	
444	1	
445	-1	
446	-1	
447	-1	
448	1	
449	-1	
450	1	
451	1	
452	1	
453	1	
454	-1	
455	1	
456	-1	
457	1	
458	1	
459	1	
460	1	
461	-1	
462	1	
463	-1	
464	1	
465	-1	
466	1	
467	1	
468	-1	
469	1	
470	1	
471	1	
472	1	
473	-1	
474	1	
475	1	
476	-1	
477	-1	
478	1	
479	1	
480	-1	
481	-1	
482	1	
483	1	
484	-1	
485	-1	
486	-1	
487	-1	
488	-1	
489	-1	
490	-1	
491	-1	
492	-1	
493	1	
494	-1	
495	-1	
496	1	
497	-1	
498	1	
499	-1	
500	1	
501	-1	
502	1	
503	1	
504	-1	
505	-1	
506	1	
507	-1	
508	1	
509	1	
510	1	
511	1	
Js:	
416	421	2	
419	421	-3	
419	483	4	
483	485	4	
480	485	-4	
416	480	-4	
488	492	-4	
492	500	-1	
497	500	2	
497	503	4	
495	503	2	
488	495	-3	
208	212	2	
212	220	-3	
216	220	-2	
216	223	-3	
215	223	2	
208	215	2	
331	332	4	
332	340	2	
336	340	4	
336	341	-3	
333	341	2	
331	333	2	
306	308	1	
308	316	-3	
312	316	1	
312	317	2	
309	317	2	
306	309	4	
426	430	-2	
430	438	-2	
432	438	3	
432	439	5	
431	439	2	
426	431	-6	
42	44	4	
44	52	2	
49	52	4	
49	53	-4	
45	53	-2	
42	45	-3	
224	230	-3	
225	230	3	
225	289	-2	
289	295	-4	
288	295	2	
224	288	2	
321	325	6	
323	325	3	
323	387	3	
387	389	3	
385	389	-3	
321	385	2	
472	478	-4	
478	486	2	
481	486	-6	
481	487	-3	
479	487	2	
472	479	-3	
121	124	4	
123	124	-2	
123	126	-4	
120	126	-4	
120	125	-5	
121	125	-3	
81	85	-4	
82	85	2	
82	146	2	
146	148	2	
145	148	4	
81	145	1	
232	236	2	
236	244	-3	
243	244	1	
243	247	4	
239	247	-2	
232	239	-2	
376	380	2	
378	380	-3	
378	382	-4	
377	382	-3	
377	383	3	
376	383	6	
2	4	4	
4	12	-2	
9	12	-3	
9	13	2	
5	13	2	
2	5	-4	
249	253	-3	
251	253	-4	
251	255	4	
248	255	-2	
248	254	3	
249	254	-3	
256	261	3	
257	261	4	
257	263	2	
258	263	-3	
258	262	-3	
256	262	-4	
272	276	3	
276	284	-2	
281	284	4	
281	287	4	
279	287	2	
272	279	4	
32	36	-2	
34	36	5	
34	98	1	
98	101	-4	
96	101	2	
32	96	-1	
346	349	5	
349	357	2	
353	357	4	
353	358	-1	
350	358	-2	
346	350	-1	
369	375	-4	
370	375	-4	
370	434	-3	
434	436	3	
433	436	-2	
369	433	2	
107	109	4	
109	117	-1	
115	117	2	
115	118	2	
110	118	1	
107	110	2	
448	452	5	
449	452	5	
449	453	4	
450	453	-3	
450	455	-4	
448	455	-4	
298	301	4	
299	301	1	
299	363	3	
363	365	-3	
362	365	-3	
298	362	-4	
176	181	-1	
177	181	-5	
177	241	2	
241	246	2	
240	246	5	
176	240	-2	
18	21	3	
21	29	2	
26	29	-5	
26	31	-2	
23	31	-2	
18	23	4	
344	348	4	
345	348	3	
345	409	2	
409	415	-3	
408	415	3	
344	408	2	
90	92	2	
92	100	-1	
97	100	-4	
97	102	1	
94	102	-2	
90	94	4	
152	156	2	
154	156	3	
154	157	-5	
153	157	2	
153	158	-4	
152	158	4	
458	461	2	
461	469	2	
465	469	4	
465	471	6	
463	471	2	
458	463	-3	
178	180	6	
180	188	2	
186	188	-5	
186	191	-4	
183	191	1	
178	183	-2	
265	268	-1	
267	268	-3	
267	270	-4	
266	270	5	
266	271	-1	
265	271	-3	
65	68	3	
67	68	4	
67	69	2	
64	69	5	
64	70	3	
65	70	-3	
48	54	3	
54	62	-2	
56	62	-3	
56	63	4	
55	63	2	
48	55	6	
129	135	3	
131	135	-4	
131	195	3	
195	199	-2	
193	199	-4	
129	193	2	
505	509	3	
506	509	-3	
506	511	-4	
504	511	4	
504	510	3	
505	510	5	
200	204	4	
202	204	-3	
202	207	-4	
203	207	3	
203	206	2	
200	206	-6	
392	396	-4	
396	404	1	
400	404	3	
400	406	-4	
398	406	2	
392	398	-3	
138	142	2	
142	150	-2	
147	150	4	
147	151	-4	
143	151	-2	
138	143	-4	
161	165	-2	
162	165	5	
162	166	-2	
160	166	-4	
160	167	3	
161	167	1	
72	76	-1	
76	84	-2	
83	84	1	
83	86	6	
78	86	-2	
72	78	4	
168	173	4	
169	173	-3	
169	174	4	
171	174	3	
171	175	4	
168	175	1	
16	20	3	
20	28	-3	
27	28	2	
27	30	-4	
22	30	-1	
16	22	5	
322	326	3	
326	334	-3	
330	334	-3	
330	335	-2	
327	335	4	
322	327	3	
40	46	-3	
41	46	3	
41	105	3	
105	111	-3	
104	111	3	
40	104	2	
274	278	-3	
275	278	2	
275	339	3	
339	342	-4	
338	342	-3	
274	338	3	
226	231	-4	
227	231	-2	
227	291	2	
291	294	2	
290	294	5	
226	290	2	
441	445	4	
443	445	2	
443	447	5	
440	447	4	
440	446	-3	
441	446	4	
297	302	-3	
302	310	-2	
307	310	3	
307	311	-3	
303	311	-3	
297	303	-2	
457	460	-5	
460	468	1	
467	468	5	
467	470	-3	
462	470	1	
457	462	-3	
489	493	4	
493	501	-1	
499	501	-3	
499	502	4	
494	502	2	
489	494	-2	
73	77	3	
75	77	-2	
75	139	-4	
139	141	5	
137	141	6	
73	137	-2	
393	397	2	
397	405	2	
402	405	-4	
402	407	-3	
399	407	-1	
393	399	3	
210	213	4	
213	221	1	
218	221	3	
218	222	3	
214	222	-2	
210	214	1	
354	356	2	
356	364	2	
361	364	-4	
361	367	-4	
359	367	1	
354	359	-3	
411	412	-6	
412	420	1	
418	420	2	
418	422	4	
414	422	1	
411	414	3	
128	133	3	
130	133	5	
130	194	-2	
194	198	3	
192	198	-3	
128	192	-3	
24	28	2	
25	28	4	
25	89	-3	
89	95	-2	
88	95	-2	
24	88	3	
409	413	-3	
410	413	3	
410	474	-3	
474	476	4	
473	476	3	
409	473	-2	
33	37	-3	
35	37	-2	
35	99	2	
99	103	-4	
97	103	2	
33	97	-2	
313	317	3	
314	317	-2	
314	319	-4	
315	319	3	
315	318	3	
313	318	-4	
385	388	2	
386	388	2	
386	391	-3	
384	391	4	
384	390	2	
385	390	3	
233	237	-4	
235	237	2	
235	238	-5	
234	238	1	
234	239	-4	
233	239	3	
280	286	5	
283	286	5	
283	347	2	
347	351	-2	
344	351	-3	
280	344	-1	
179	181	-3	
181	189	3	
184	189	3	
184	190	-4	
182	190	2	
179	182	-4	
8	12	-4	
11	12	-4	
11	15	1	
10	15	3	
10	14	-4	
8	14	3	
112	116	-3	
114	116	-2	
114	119	-3	
113	119	-3	
113	117	3	
112	117	-2	
368	372	6	
371	372	-4	
371	374	3	
370	374	3	
370	373	-2	
368	373	-5	
57	60	4	
58	60	-3	
58	61	-4	
59	61	3	
59	62	3	
57	62	-3	
424	428	-5	
427	428	2	
427	431	3	
425	431	1	
425	429	-5	
424	429	-3	
195	196	-2	
196	204	-2	
201	204	-3	
201	205	4	
197	205	3	
195	197	-4	
80	87	-2	
83	87	1	
83	147	2	
147	149	2	
144	149	-5	
80	144	-3	
155	156	1	
156	164	1	
163	164	4	
163	167	5	
159	167	2	
155	159	-3	
35	38	3	
38	46	1	
43	46	4	
43	47	-4	
39	47	-3	
35	39	-3	
264	269	2	
265	269	6	
265	329	-3	
329	334	-3	
328	334	-2	
264	328	-3	
337	343	5	
339	343	2	
339	403	1	
403	406	2	
401	406	4	
337	401	-3	
273	276	-2	
282	284	-3	
282	285	6	
277	285	-2	
273	277	4	
2	6	3	
3	6	-4	
3	67	-4	
67	71	-4	
66	71	-4	
2	66	3	
435	436	3	
436	444	-4	
442	444	4	
442	445	-3	
437	445	3	
435	437	-2	
106	108	-5	
107	108	-3	
107	171	-2	
171	172	-4	
170	172	3	
106	170	-2	
290	292	-3	
292	300	-1	
296	300	-3	
296	301	-3	
293	301	2	
290	293	-2	
475	476	2	
476	484	-2	
482	484	-4	
482	485	3	
477	485	-2	
475	477	4	
256	260	-3	
259	260	-4	
259	323	1	
323	324	3	
320	324	5	
256	320	-1	
242	244	2	
244	252	-3	
250	252	4	
250	253	-2	
245	253	-2	
242	245	5	
451	453	-4	
453	461	1	
459	461	3	
459	462	-4	
454	462	-2	
451	454	6	
217	220	-3	
220	228	-1	
227	228	3	
227	229	3	
221	229	-3	
217	221	4	
496	500	-4	
500	508	-3	
507	508	2	
507	511	4	
503	511	-2	
496	503	2	
121	127	3	
123	127	3	
123	187	-1	
187	190	3	
185	190	4	
121	185	1	
72	79	3	
74	79	-4	
74	138	1	
136	143	4	
72	136	-3	
352	356	3	
355	356	3	
355	357	2	
354	357	3	
354	358	2	
352	358	4	
88	92	3	
89	92	3	
89	94	-4	
91	94	-3	
91	93	-1	
88	93	6	
392	399	1	
394	399	5	
394	458	2	
458	460	-3	
456	460	3	
392	456	2	
304	309	-2	
307	309	4	
305	311	-4	
305	310	-3	
304	310	-2	
208	213	3	
209	213	2	
209	215	3	
211	215	2	
211	214	2	
208	214	-5	
466	468	4	
467	469	-3	
464	469	-4	
464	470	-5	
466	470	-4	
0	6	4	
1	6	3	
1	65	3	
65	69	2	
0	64	-2	
427	430	-2	
427	491	3	
491	495	-5	
490	495	-3	
426	490	2	
50	55	3	
51	55	3	
51	115	4	
115	119	2	
50	114	-3	
130	132	3	
131	132	-4	
131	134	-2	
129	134	4	
130	135	-4	
19	21	4	
19	23	4	
17	23	3	
17	22	4	
18	22	2	
312	319	5	
315	379	2	
379	383	-4	
312	376	2	
219	223	-3	
219	283	1	
216	280	-2	
419	420	4	
417	421	-3	
417	422	3	
433	439	-2	
434	439	1	
434	498	-3	
498	501	-1	
497	501	-4	
433	497	-3	
504	508	2	
505	508	-4	
506	510	-3	
504	509	3	
193	198	3	
198	206	2	
200	207	-2	
199	207	-3	
272	278	4	
273	278	-2	
273	337	-2	
337	341	-4	
272	336	-2	
371	375	-4	
369	373	-3	
184	191	3	
185	191	-4	
185	249	1	
249	252	-4	
248	252	-2	
184	248	3	
10	13	3	
11	13	2	
11	75	-4	
74	77	2	
10	74	-3	
241	245	3	
242	246	-1	
243	246	3	
241	247	2	
50	52	-4	
50	54	3	
51	54	3	
51	53	-2	
234	236	2	
235	236	-2	
235	299	2	
299	302	-3	
298	302	3	
234	298	-3	
264	270	-2	
266	330	-4	
330	333	-2	
328	333	-3	
43	44	-4	
41	47	2	
41	45	3	
288	292	-3	
291	292	-2	
291	295	3	
289	294	-2	
288	294	2	
145	150	2	
150	158	-3	
152	159	-5	
151	159	1	
145	151	-2	
224	228	-5	
225	228	-3	
225	229	-2	
226	229	3	
224	231	-3	
59	60	-3	
59	63	-3	
56	61	-4	
57	61	-2	
387	388	-2	
388	396	5	
393	396	2	
393	398	-4	
390	398	-2	
387	390	4	
99	101	-3	
98	103	-2	
98	102	3	
96	102	4	
408	413	2	
474	478	-2	
408	472	2	
66	68	2	
68	76	-2	
73	76	4	
73	79	-3	
71	79	2	
490	492	-2	
490	493	3	
488	494	3	
258	261	-4	
258	322	-1	
322	325	-2	
257	321	1	
80	84	-2	
82	84	-4	
146	149	3	
24	29	1	
26	30	2	
25	30	-2	
25	31	4	
24	31	-5	
33	36	-3	
33	38	2	
34	38	-3	
34	39	-2	
32	39	-3	
441	444	-3	
443	444	-2	
442	447	-3	
442	446	-3	
105	108	2	
106	111	-2	
104	110	4	
105	110	-3	
480	484	-2	
482	487	4	
480	486	-3	
404	412	3	
411	415	3	
407	415	-2	
400	407	-3	
176	180	3	
179	180	3	
179	183	1	
177	183	4	
177	182	-2	
176	182	4	
347	349	-3	
347	350	-3	
345	350	-1	
345	351	2	
346	351	4	
450	452	-3	
451	452	-1	
448	454	-1	
139	203	1	
203	205	4	
137	201	-2	
168	172	-3	
170	173	4	
168	174	-4	
217	222	3	
218	282	2	
282	287	3	
217	281	-1	
161	164	-4	
162	164	3	
160	165	-3	
161	166	4	
90	95	3	
91	95	3	
91	155	2	
155	157	-3	
90	154	-1	
232	237	3	
233	297	-2	
297	300	3	
232	296	3	
313	316	4	
314	316	-2	
314	378	2	
377	380	-4	
313	377	2	
260	268	-4	
267	271	-2	
263	271	5	
259	263	-3	
186	189	3	
187	189	2	
187	251	3	
251	254	-3	
250	254	-3	
186	250	-1	
363	364	5	
363	367	-2	
362	367	5	
361	365	3	
324	332	3	
331	335	-2	
320	327	-3	
113	116	4	
116	124	-4	
120	124	4	
118	126	-3	
113	118	1	
435	438	-2	
435	499	3	
496	502	-3	
432	496	3	
210	212	4	
211	212	3	
211	275	3	
275	279	-1	
274	279	2	
210	274	2	
401	405	1	
402	466	2	
466	471	-2	
401	465	-2	
17	20	2	
19	20	3	
19	83	2	
81	86	2	
17	81	3	
0	4	-4	
1	4	-3	
1	5	-3	
3	5	5	
352	359	2	
353	359	4	
353	417	2	
417	420	3	
416	420	3	
352	416	-2	
194	196	-3	
192	196	4	
386	389	2	
389	397	3	
394	397	3	
391	399	-4	
304	308	-4	
305	308	-3	
305	309	1	
306	311	-2	
304	311	4	
337	340	-1	
338	343	2	
336	342	-2	
11	14	-3	
9	14	-3	
9	15	3	
8	15	3	
473	477	-3	
475	479	-4	
473	478	2	
425	428	3	
426	429	1	
424	431	2	
457	461	3	
459	463	3	
456	463	-4	
456	462	2	
75	78	2	
139	142	2	
136	142	-3	
85	93	-2	
90	93	2	
87	95	-3	
81	87	1	
117	125	4	
123	125	2	
119	127	5	
112	119	1	
372	380	-2	
379	380	3	
379	382	3	
374	382	-2	
368	374	-2	
320	326	-4	
321	326	2	
384	389	-3	
320	384	2	
96	100	-3	
99	100	2	
99	163	-1	
96	160	-1	
144	148	2	
145	209	-2	
144	208	2	
281	285	-2	
273	279	-3	
58	62	3	
58	63	4	
443	507	1	
440	504	-2	
27	29	-4	
29	37	-1	
34	37	3	
30	38	-2	
187	188	-3	
178	181	1	
288	293	4	
291	293	4	
291	355	-1	
352	357	-2	
288	352	-1	
155	219	-1	
219	220	-3	
153	217	-1	
403	405	3	
405	413	-3	
409	414	4	
406	414	-2	
250	255	3	
251	315	1	
314	318	3	
250	314	-1	
228	236	-2	
233	236	-3	
233	238	2	
230	238	-2	
40	44	3	
43	107	1	
104	109	3	
491	494	3	
498	502	-4	
498	503	-4	
194	197	-2	
202	205	2	
194	199	-4	
129	132	-3	
128	135	-2	
128	134	-4	
329	335	-3	
328	335	2	
257	260	-2	
266	268	2	
262	270	-1	
257	262	1	
435	439	3	
432	437	2	
434	437	-4	
67	70	2	
64	71	1	
65	71	-3	
170	175	-3	
176	183	-3	
240	245	-1	
483	484	2	
484	492	-2	
488	493	3	
485	493	-1	
465	468	-2	
464	471	2	
347	348	2	
345	349	3	
299	300	-4	
299	303	3	
296	303	3	
296	302	-2	
18	20	3	
16	21	-2	
74	76	2	
82	87	4	
79	87	1	
274	276	1	
275	276	3	
339	340	2	
338	340	-3	
353	356	3	
355	358	3	
499	500	4	
501	509	3	
32	37	-3	
37	45	2	
98	100	-3	
98	162	-1	
97	161	-1	
91	92	-3	
89	93	3	
242	247	-2	
243	307	-1	
306	310	3	
242	306	-2	
249	313	1	
313	319	2	
248	312	1	
146	150	-2	
146	151	-4	
216	222	-2	
280	285	-3	
365	373	4	
367	375	2	
416	422	-3	
417	481	-3	
393	457	2	
322	324	-2	
386	390	3	
322	386	3	
329	332	-1	
330	332	-2	
331	334	-2	
329	333	-3	
112	118	-5	
408	412	2	
410	412	2	
410	415	3	
408	414	-3	
289	293	-3	
298	303	1	
295	303	-2	
52	60	1	
56	60	3	
53	61	-1	
403	404	-3	
403	467	-2	
400	464	-2	
184	188	3	
229	237	2	
234	237	3	
231	239	-2	
8	13	2	
425	430	3	
427	429	3	
153	156	-4	
154	158	-1	
153	159	2	
474	479	-2	
209	214	-4	
210	215	4	
66	69	2	
69	77	3	
73	78	-1	
70	78	-3	
66	70	-3	
377	441	2	
376	440	-2	
259	262	-3	
283	284	3	
284	292	-2	
286	294	-2	
418	421	-3	
483	487	-3	
418	482	3	
27	31	2	
24	30	3	
42	46	-3	
42	106	-2	
138	141	-3	
138	202	2	
3	4	-1	
80	85	1	
16	80	3	
163	166	1	
163	227	-1	
227	230	-3	
161	225	-2	
240	244	-4	
238	246	-1	
115	116	3	
115	179	1	
178	182	1	
114	178	-2	
379	443	2	
378	442	-2	
384	388	-3	
394	396	2	
267	269	1	
269	277	2	
272	277	-1	
270	278	-3	
310	318	-1	
102	110	-2	
103	111	2	
96	103	3	
369	374	2	
434	438	2	
433	438	3	
59	123	-2	
57	121	-2	
338	341	2	
338	402	-1	
401	407	-2	
129	133	-2	
131	133	3	
193	197	-2	
342	350	3	
344	350	4	
343	351	2	
35	36	4	
97	101	4	
449	454	-2	
455	463	1	
449	455	3	
174	182	1	
175	183	3	
169	175	2	
297	361	3	
147	148	3	
144	150	1	
145	149	3	
506	508	-3	
507	509	2	
507	510	3	
323	326	-2	
321	327	-2	
489	492	-4	
490	494	-4	
489	495	-2	
496	501	-2	
51	52	-2	
251	252	-1	
248	253	3	
218	223	-3	
315	316	4	
315	317	3	
433	437	2	
457	463	1	
203	267	-2	
264	271	-3	
200	264	-1	
120	127	-3	
346	348	-2	
160	164	1	
162	167	2	
128	132	2	
130	134	-2	
57	63	3	
100	108	-1	
101	109	-3	
26	28	-3	
72	77	1	
77	85	-1	
83	85	-2	
232	238	-3	
42	47	2	
387	451	1	
386	450	-1	
403	407	3	
464	468	1	
289	292	3	
209	212	-2	
16	23	-1	
241	305	-2	
240	304	-1	
283	287	-3	
137	142	3	
355	359	3	
420	428	1	
424	430	1	
422	430	-2	
169	172	-2	
170	174	-1	
185	189	3	
473	479	2	
195	259	-2	
193	257	2	
266	269	-1	
362	364	1	
363	427	-1	
362	426	-1	
32	38	3	
155	158	-2	
192	199	-1	
194	258	2	
192	256	-2	
179	243	2	
243	245	-3	
178	242	2	
392	397	-4	
402	406	-2	
442	506	1	
472	476	-2	
481	484	-2	
376	382	-2	
385	449	-2	
384	448	2	
75	76	-3	
48	53	4	
50	53	1	
114	118	-2	
48	112	2	
148	156	3	
149	157	1	
105	109	2	
106	110	-2	
401	404	2	
402	404	-2	
466	469	-2	
312	318	-3	
334	342	1	
336	343	-2	
335	343	1	
226	228	2	
226	230	-2	
225	231	2	
216	221	2	
219	221	1	
219	222	3	
217	223	2	
203	204	2	
201	207	-3	
491	493	2	
425	489	-2	
84	92	-2	
354	418	-2	
241	244	-3	
249	255	-2	
247	255	-3	
459	460	-2	
456	461	-3	
346	410	-2	
410	414	-1	
171	173	1	
173	181	1	
80	86	-3	
144	151	1	
49	54	-3	
49	113	-3	
307	371	2	
306	370	-2	
211	213	-3	
275	277	-2	
274	277	-3	
9	73	-3	
8	72	2	
287	295	-1	
280	287	-1	
40	45	3	
40	47	3	
33	39	-2	
385	391	2	
258	260	1	
264	268	3	
298	300	-1	
438	446	2	
470	478	1	
475	478	-3	
471	479	-1	
163	165	2	
328	332	-2	
450	454	3	
193	196	-1	
195	198	-1	
95	103	1	
323	327	-2	
320	325	-1	
0	5	-2	
64	68	3	
498	500	2	
300	308	2	
261	269	2	
139	143	2	
441	447	1	
31	39	1	
468	476	1	
474	477	3	
469	477	1	
105	169	-1	
112	176	1	
18	82	2	
99	102	-2	
281	286	-2	
281	345	-1	
13	21	-1	
17	21	2	
15	23	2	
387	391	1	
154	159	-1	
202	266	-1	
224	229	1	
74	78	-2	
424	488	1	
340	348	2	
458	462	2	
218	220	-2	
41	44	-3	
411	413	-3	
246	254	2	
429	437	-1	
325	333	2	
104	108	-1	
104	168	1	
192	197	1	
301	309	1	
394	398	1	
339	341	2	
337	342	1	
440	444	1	
443	446	2	
440	445	2	
121	126	-3	
482	486	2	
480	487	1	
81	84	-3	
280	284	2	
448	453	-2	
171	235	-2	
235	239	-1	
169	233	-2	
201	206	-2	
187	191	-2	
364	372	-2	
107	111	2	
472	477	1	
27	91	-2	
26	90	2	
355	419	-2	
419	422	1	
75	79	-1	
267	331	-2	
14	22	1	
19	22	1	
378	383	1	
307	308	1	
209	273	-1	
294	302	1	
290	295	-2	
426	428	2	
428	436	-1	
432	436	-1	
223	231	-1	
240	247	-1	
106	109	-1	
400	405	-1	
25	29	-1	
152	157	-2	
154	218	-1	
152	216	1	
114	117	2	
357	365	1	
165	173	-1	
166	174	-1	
164	172	1	
167	175	1	
297	301	1	
268	276	-1	
421	429	1	
371	435	1	
43	45	1	
136	141	-1	
202	206	-2	
136	200	-1	
341	349	1	
467	471	1	
10	12	-1	
185	188	-1	
186	190	-1	
451	455	-2	
205	213	1	
207	215	1	
259	261	-1	
497	502	1	
491	492	-1	
305	369	1	
304	368	-1	
348	356	-1	
134	142	2	
137	143	1	
135	143	-1	
321	324	-1	
89	153	-1	
133	141	1	
168	232	-1	
177	180	1	
162	226	1	
157	165	-1	
439	447	1	
170	234	1	
256	263	1	
330	394	-1	
329	393	1	
483	486	-1	
222	230	-1	
351	359	-1	
86	94	1	
265	270	1	
411	475	-1	
285	293	1	
172	180	-1	
147	211	-1	
146	210	-1	
48	52	-1	
336	400	1	
487	495	-1	
Energy:	-2568	
