NumberOfQubits	504	
NumberOfSubgraphs	840	
Serial	191	
PlantedSolution:	
0	1	
1	-1	
2	-1	
3	-1	
4	-1	
5	-1	
6	-1	
8	-1	
9	-1	
10	1	
11	-1	
12	1	
13	1	
14	-1	
15	1	
16	1	
17	1	
18	-1	
19	1	
20	1	
21	1	
22	-1	
23	1	
24	1	
25	1	
26	-1	
27	1	
28	1	
29	1	
30	-1	
31	-1	
32	1	
33	1	
34	1	
35	1	
36	-1	
37	1	
38	-1	
39	-1	
40	-1	
41	-1	
42	-1	
43	-1	
44	1	
45	-1	
46	-1	
47	-1	
48	-1	
49	-1	
50	-1	
51	1	
52	-1	
53	1	
54	-1	
55	1	
56	1	
57	-1	
58	1	
59	1	
60	-1	
61	-1	
62	1	
63	-1	
64	-1	
65	1	
66	1	
67	-1	
68	1	
69	-1	
70	1	
71	-1	
72	-1	
73	1	
74	-1	
75	1	
76	1	
77	-1	
78	-1	
79	1	
80	1	
81	1	
82	-1	
83	1	
84	1	
85	-1	
86	1	
87	1	
88	-1	
89	-1	
90	-1	
91	1	
92	-1	
93	-1	
94	1	
95	1	
96	1	
97	-1	
98	-1	
99	-1	
100	-1	
101	1	
102	-1	
103	-1	
104	-1	
105	1	
106	-1	
107	1	
108	1	
109	1	
110	-1	
111	1	
112	-1	
113	1	
114	-1	
115	-1	
116	-1	
117	1	
118	-1	
119	1	
120	1	
121	-1	
123	-1	
124	-1	
125	1	
126	-1	
127	1	
128	1	
129	1	
130	-1	
131	-1	
132	1	
133	1	
134	-1	
135	1	
136	-1	
137	1	
138	-1	
139	-1	
141	-1	
142	1	
143	-1	
144	1	
145	-1	
146	1	
147	1	
148	-1	
149	1	
150	-1	
151	1	
152	1	
153	1	
154	1	
155	-1	
156	1	
157	1	
158	1	
159	-1	
160	-1	
161	1	
162	1	
163	1	
164	-1	
165	-1	
166	1	
167	1	
168	-1	
169	1	
170	-1	
171	1	
172	1	
173	-1	
174	1	
175	1	
176	1	
177	-1	
178	1	
179	-1	
180	1	
181	-1	
182	-1	
183	1	
184	-1	
185	-1	
186	-1	
187	-1	
188	-1	
189	1	
190	1	
191	1	
192	1	
193	1	
194	-1	
195	1	
196	1	
197	-1	
198	-1	
199	1	
200	-1	
201	1	
202	-1	
203	-1	
204	-1	
205	-1	
206	1	
207	-1	
208	1	
209	1	
210	-1	
211	-1	
212	1	
213	1	
214	1	
215	1	
216	-1	
217	1	
218	1	
219	-1	
220	-1	
221	-1	
222	1	
223	1	
224	1	
225	1	
226	-1	
227	-1	
228	-1	
229	-1	
230	1	
231	1	
232	-1	
233	-1	
234	1	
235	1	
236	-1	
237	-1	
238	-1	
239	1	
240	-1	
241	-1	
242	1	
243	1	
244	-1	
245	-1	
246	-1	
247	1	
248	1	
249	-1	
250	1	
251	-1	
252	1	
253	-1	
254	1	
255	-1	
256	1	
257	1	
258	1	
259	1	
260	-1	
261	-1	
262	-1	
263	-1	
264	1	
265	1	
266	-1	
267	-1	
268	-1	
269	1	
270	1	
271	1	
272	-1	
273	1	
274	-1	
275	-1	
276	-1	
277	1	
278	-1	
279	-1	
280	1	
281	-1	
282	-1	
283	1	
284	-1	
285	1	
286	-1	
287	-1	
288	-1	
289	-1	
290	1	
291	-1	
292	1	
293	-1	
294	1	
295	-1	
296	1	
297	1	
298	1	
299	-1	
300	-1	
301	-1	
302	-1	
303	-1	
304	-1	
305	-1	
306	1	
307	1	
308	1	
309	-1	
310	-1	
311	-1	
312	1	
313	-1	
314	-1	
315	-1	
316	1	
317	1	
318	1	
319	1	
320	1	
321	1	
322	-1	
323	1	
324	1	
325	-1	
326	1	
327	1	
328	1	
329	1	
330	-1	
331	-1	
332	1	
333	1	
334	1	
335	1	
336	1	
337	-1	
338	-1	
339	-1	
340	1	
341	-1	
342	-1	
343	-1	
344	-1	
345	-1	
346	-1	
347	-1	
348	-1	
349	1	
350	1	
351	-1	
352	-1	
353	1	
354	-1	
355	1	
356	-1	
357	1	
358	-1	
359	-1	
361	1	
362	1	
363	1	
364	-1	
365	1	
367	1	
368	-1	
369	-1	
370	1	
371	1	
372	-1	
373	-1	
374	1	
375	-1	
376	-1	
377	-1	
378	1	
379	1	
380	-1	
382	1	
383	1	
384	-1	
385	1	
386	1	
387	-1	
388	-1	
389	-1	
390	1	
391	-1	
392	-1	
393	1	
394	1	
396	1	
397	1	
398	1	
399	-1	
400	1	
401	-1	
402	1	
403	1	
404	-1	
405	1	
406	1	
407	1	
408	1	
409	1	
410	-1	
411	-1	
412	-1	
413	1	
414	-1	
415	1	
416	1	
417	-1	
418	-1	
419	1	
420	1	
421	1	
422	1	
424	-1	
425	1	
426	-1	
427	-1	
428	1	
429	1	
430	-1	
431	1	
432	1	
433	-1	
434	-1	
435	-1	
436	-1	
437	1	
438	-1	
439	-1	
440	-1	
441	-1	
442	1	
443	1	
444	-1	
445	1	
446	-1	
447	-1	
448	-1	
449	-1	
450	-1	
451	-1	
452	1	
453	-1	
454	1	
455	1	
456	1	
457	1	
458	-1	
459	1	
460	1	
461	1	
462	1	
463	-1	
464	1	
465	-1	
466	1	
467	1	
468	1	
469	-1	
470	1	
471	-1	
472	-1	
473	-1	
474	1	
475	-1	
476	1	
477	1	
478	1	
479	1	
480	-1	
481	1	
482	1	
483	1	
484	-1	
485	-1	
486	-1	
487	-1	
488	1	
489	1	
490	-1	
491	-1	
492	-1	
493	1	
494	-1	
495	1	
496	-1	
497	1	
498	1	
499	-1	
500	-1	
501	-1	
502	-1	
503	1	
504	1	
505	-1	
506	1	
507	-1	
508	-1	
509	1	
510	1	
511	1	
Js:	
280	285	-5	
281	285	-1	
281	345	-3	
345	349	5	
344	349	5	
280	344	4	
474	476	-4	
475	476	4	
475	479	4	
472	479	4	
472	478	5	
474	478	-6	
424	428	6	
425	428	-4	
425	431	-4	
427	431	-2	
427	430	-7	
424	430	-3	
145	148	-5	
148	156	4	
153	156	-4	
153	159	-5	
151	159	4	
145	151	5	
393	396	-5	
396	404	6	
402	404	5	
402	406	-4	
398	406	-5	
393	398	-5	
498	500	5	
500	508	2	
507	508	-4	
507	509	3	
501	509	2	
498	501	3	
273	277	-5	
275	277	4	
275	279	-4	
272	279	-4	
272	278	-3	
273	278	-4	
248	252	-6	
249	252	4	
249	253	-5	
250	253	6	
250	255	3	
248	255	5	
136	143	-6	
137	143	-6	
137	201	-3	
201	205	4	
200	205	-4	
136	200	-4	
97	101	3	
98	101	-5	
98	162	2	
162	166	-5	
161	166	-6	
97	161	3	
48	54	-3	
51	54	6	
51	115	-4	
115	118	-5	
112	118	-7	
48	112	-4	
10	14	5	
14	22	3	
18	22	-6	
18	23	6	
15	23	-4	
10	15	-3	
304	309	-4	
305	309	-5	
305	310	-3	
307	310	-3	
307	311	4	
304	311	-3	
361	364	-5	
364	372	-2	
371	372	4	
371	375	3	
367	375	4	
361	367	-6	
288	292	3	
289	292	5	
289	294	3	
290	294	-3	
290	295	4	
288	295	2	
384	388	-5	
385	388	3	
385	389	4	
386	389	3	
386	390	-6	
384	390	-3	
329	332	-7	
331	332	-4	
331	334	3	
328	334	-5	
328	333	-4	
329	333	-2	
33	37	-5	
34	37	-4	
34	39	5	
32	39	7	
32	38	-5	
33	38	4	
264	268	4	
267	268	-3	
267	269	3	
266	269	5	
266	270	4	
264	270	4	
448	452	3	
452	460	-2	
457	460	5	
457	463	3	
455	463	1	
448	455	6	
482	484	5	
484	492	-2	
488	492	5	
488	494	5	
486	494	-3	
482	486	5	
82	84	6	
83	84	6	
83	147	-4	
147	149	-4	
146	149	-6	
82	146	1	
232	236	-7	
235	236	3	
235	299	2	
299	300	-4	
296	300	5	
232	296	-2	
184	188	-5	
185	188	-7	
185	191	7	
187	191	-5	
187	190	2	
184	190	8	
169	172	-4	
171	172	-3	
171	175	-8	
168	175	2	
168	173	-6	
169	173	3	
105	108	-4	
107	108	-2	
107	110	-1	
104	110	-4	
104	109	4	
105	109	-4	
41	44	4	
42	44	-3	
42	47	-5	
43	47	-5	
43	45	-3	
41	45	-4	
208	213	-6	
210	213	3	
210	214	5	
211	214	5	
211	215	4	
208	215	-2	
256	260	5	
258	260	4	
258	262	6	
257	262	5	
257	263	-5	
256	263	3	
417	420	6	
419	420	-6	
419	483	-4	
483	487	-5	
481	487	4	
417	481	5	
56	60	7	
57	60	-5	
57	62	5	
59	62	-5	
59	61	3	
56	61	5	
195	196	-6	
196	204	4	
202	204	-4	
202	207	-5	
199	207	3	
195	199	5	
408	412	3	
409	412	6	
409	414	4	
410	414	6	
410	413	4	
408	413	-4	
376	380	-7	
379	380	4	
379	382	5	
378	382	-5	
378	383	-5	
376	383	5	
24	28	-5	
25	28	2	
25	31	7	
27	31	4	
27	29	-6	
24	29	-6	
217	221	5	
219	221	-5	
219	222	-4	
216	222	5	
216	223	6	
217	223	-2	
176	180	-3	
177	180	4	
177	241	-3	
241	247	6	
240	247	5	
176	240	3	
401	405	5	
403	405	-2	
403	467	-4	
467	471	4	
465	471	4	
401	465	-4	
0	6	5	
2	6	-7	
2	66	4	
66	70	5	
64	70	3	
0	64	4	
432	436	6	
435	436	-3	
435	437	3	
433	437	4	
433	438	-6	
432	438	3	
353	356	6	
355	356	3	
355	357	-4	
354	357	6	
354	358	-6	
353	358	-3	
65	69	4	
67	69	-6	
67	131	-1	
131	135	5	
129	135	-3	
65	129	1	
224	228	5	
225	228	4	
225	230	-4	
226	230	5	
226	231	5	
224	231	-4	
73	76	-4	
75	76	-4	
75	78	5	
74	78	-5	
74	77	2	
73	77	5	
90	94	5	
94	102	2	
99	102	-3	
99	103	-7	
95	103	-4	
90	95	3	
336	340	4	
340	348	1	
346	348	-5	
346	351	-5	
343	351	-2	
336	343	5	
49	55	-7	
50	55	4	
50	114	-3	
114	117	5	
113	117	-5	
49	113	3	
440	444	-3	
442	444	5	
442	446	-5	
441	446	-5	
441	447	-4	
440	447	-7	
312	316	3	
315	316	7	
315	318	5	
313	318	4	
313	317	4	
312	317	-5	
458	461	5	
461	469	2	
466	469	7	
466	470	-3	
462	470	1	
458	462	3	
121	124	6	
123	124	-5	
123	125	6	
120	125	-7	
120	126	6	
121	126	-6	
320	324	-5	
322	324	7	
322	327	3	
321	327	-5	
321	326	-4	
320	326	5	
88	92	-2	
91	92	6	
91	155	3	
155	158	5	
152	158	6	
88	152	2	
128	133	-4	
133	141	4	
138	141	-6	
138	142	5	
134	142	-3	
128	134	7	
1	4	-3	
4	12	3	
9	12	3	
9	13	3	
5	13	3	
1	5	-4	
497	502	5	
502	510	6	
505	510	5	
505	511	-3	
503	511	-4	
497	503	-4	
234	237	7	
237	245	-3	
242	245	5	
242	246	6	
238	246	3	
234	238	4	
16	20	-5	
17	20	-5	
17	81	-3	
81	85	5	
80	85	-4	
16	80	-6	
193	197	5	
194	197	-7	
194	198	4	
192	198	5	
192	199	-6	
193	199	-4	
160	164	-6	
162	164	2	
162	165	6	
163	165	-5	
163	167	-4	
160	167	3	
297	301	5	
299	301	-4	
299	303	-3	
298	303	4	
298	302	5	
297	302	-2	
337	340	4	
338	340	2	
338	342	-4	
339	342	-5	
339	341	-4	
337	341	-4	
176	181	4	
179	181	-4	
179	182	-4	
178	182	5	
178	183	-4	
176	183	-6	
450	452	6	
451	452	4	
451	454	-5	
449	454	4	
449	453	-4	
450	453	-5	
489	492	4	
490	492	-2	
490	495	5	
491	495	3	
491	493	4	
489	493	-4	
369	373	-6	
370	373	5	
370	375	4	
368	375	-5	
368	374	7	
369	374	3	
328	335	3	
330	335	6	
330	394	1	
394	397	-5	
392	397	3	
328	392	1	
352	359	-4	
354	359	-3	
354	418	1	
418	421	6	
416	421	-5	
352	416	4	
282	284	-4	
283	284	5	
283	286	5	
281	286	-5	
281	287	-4	
282	287	-4	
362	365	-6	
363	365	-5	
363	427	2	
427	429	3	
426	429	4	
362	426	-2	
400	407	-6	
401	407	-2	
465	468	6	
464	468	-5	
400	464	-4	
106	108	4	
108	116	4	
115	116	-3	
115	119	4	
111	119	2	
106	111	3	
154	157	-4	
155	157	-4	
155	219	-3	
219	220	-4	
218	220	5	
154	218	-5	
89	92	-4	
92	100	-4	
96	100	3	
96	101	-3	
93	101	2	
89	93	-3	
250	254	-5	
251	254	5	
251	315	1	
315	319	3	
314	319	3	
250	314	1	
257	261	4	
259	261	6	
259	323	3	
323	325	5	
321	325	5	
257	321	-2	
409	415	-2	
411	415	6	
411	475	-3	
475	477	6	
473	477	4	
409	473	-3	
8	13	4	
11	13	4	
11	75	-3	
75	79	-3	
72	79	4	
8	72	-4	
225	229	4	
227	229	-4	
227	291	3	
291	293	-1	
289	293	-6	
225	289	3	
201	206	-2	
203	206	3	
203	267	-2	
267	271	-3	
265	271	-5	
201	265	-2	
26	28	6	
28	36	3	
35	36	4	
35	38	4	
30	38	-4	
26	30	6	
242	244	3	
243	244	5	
243	307	-2	
307	308	-5	
306	308	-4	
242	306	2	
144	150	5	
145	150	-5	
145	209	2	
209	212	-4	
208	212	-7	
144	208	4	
169	174	-3	
170	174	5	
170	234	4	
234	239	-4	
233	239	5	
169	233	4	
434	437	2	
437	445	-5	
443	445	-5	
443	447	-2	
439	447	-3	
434	439	-8	
48	53	5	
53	61	3	
58	61	5	
58	63	7	
55	63	2	
48	55	3	
64	71	-3	
66	71	3	
66	130	-2	
130	132	5	
128	132	-3	
64	128	2	
16	21	-3	
19	21	-6	
19	83	-4	
83	86	-2	
80	86	3	
416	422	-2	
418	422	5	
418	482	-6	
482	485	4	
480	485	-4	
416	480	5	
387	390	1	
390	398	-5	
394	398	-3	
394	399	3	
391	399	-6	
387	391	4	
40	44	4	
44	52	3	
51	52	5	
46	54	4	
40	46	-3	
496	500	-2	
499	500	5	
499	503	4	
498	503	-4	
498	502	3	
496	502	-6	
347	348	-5	
347	350	7	
345	350	4	
345	351	5	
272	276	-5	
274	276	-4	
274	278	-5	
272	277	5	
187	188	-4	
187	189	5	
186	189	8	
186	191	3	
504	509	-6	
506	509	-6	
506	510	-4	
507	510	-5	
507	511	6	
504	511	-5	
456	460	-4	
459	460	-6	
459	462	-4	
457	462	-5	
456	463	3	
1	6	-5	
3	6	-3	
3	67	-4	
67	68	2	
65	68	4	
1	65	6	
378	380	4	
377	382	7	
377	383	4	
81	86	-6	
86	94	-3	
89	94	5	
89	95	3	
87	95	-4	
81	87	3	
136	141	-4	
139	141	-6	
139	203	4	
203	204	-6	
200	204	-3	
117	125	-5	
120	127	-6	
119	127	3	
114	119	7	
291	294	3	
294	302	5	
295	303	-3	
291	295	-8	
451	453	-4	
450	454	6	
450	455	2	
449	455	5	
77	85	-2	
82	85	2	
82	87	5	
79	87	-4	
73	79	-3	
227	228	-4	
226	229	5	
224	230	-4	
18	20	5	
19	20	-1	
17	21	-6	
17	23	2	
314	317	4	
314	318	3	
313	319	-5	
312	319	-5	
472	476	4	
473	476	-5	
473	479	3	
474	479	-6	
251	253	-3	
251	255	-4	
107	109	3	
107	111	-6	
106	110	-6	
105	110	4	
25	30	4	
24	30	-1	
369	372	-5	
371	374	-6	
368	373	4	
177	181	-3	
178	181	5	
179	183	3	
177	182	-3	
357	365	-2	
361	365	5	
359	367	4	
355	359	5	
339	343	-3	
339	403	3	
403	407	-4	
336	400	2	
420	428	-2	
424	429	-3	
421	429	-2	
419	421	-4	
258	263	4	
259	263	5	
323	324	-3	
258	322	2	
280	286	-1	
283	347	2	
344	350	4	
386	388	5	
387	388	-5	
387	389	-5	
384	389	-3	
384	391	-3	
386	391	-4	
129	133	-5	
131	133	4	
130	135	-5	
130	134	-3	
129	134	4	
266	268	3	
268	276	-2	
274	279	-6	
271	279	1	
266	271	3	
144	149	-3	
149	157	-5	
153	157	-6	
153	158	1	
150	158	5	
218	221	2	
218	223	-5	
217	222	-3	
305	311	-3	
306	311	4	
306	310	3	
304	310	-7	
96	102	-5	
97	102	-4	
161	164	4	
96	160	4	
326	334	-3	
329	334	-2	
329	335	-4	
327	335	-5	
320	327	-5	
481	485	5	
485	493	-1	
488	493	-4	
481	486	3	
233	236	-3	
236	244	-1	
240	244	-6	
239	247	1	
163	166	-3	
166	174	3	
171	174	-4	
167	175	-2	
411	414	-2	
408	415	-7	
193	196	-5	
195	197	3	
193	198	3	
146	148	4	
147	148	5	
147	211	3	
210	215	-7	
146	210	3	
440	446	1	
441	505	-3	
505	508	-6	
504	508	3	
440	504	4	
112	116	-3	
116	124	-5	
123	126	-3	
118	126	-3	
58	60	3	
59	60	7	
59	63	-4	
57	63	-4	
58	62	-5	
235	237	3	
241	245	-2	
241	246	-4	
235	238	6	
40	45	-7	
42	45	-4	
42	46	-5	
43	46	-3	
40	47	-3	
35	37	-5	
35	99	4	
98	103	-2	
34	98	3	
433	436	4	
433	497	4	
497	501	3	
496	501	-5	
432	496	4	
8	12	4	
11	12	3	
11	14	-3	
9	14	-4	
9	15	5	
8	15	-3	
467	469	-5	
464	471	3	
464	470	-8	
88	93	-3	
90	93	-5	
90	154	4	
154	156	-3	
152	156	-3	
202	205	-3	
205	213	3	
209	213	-3	
209	214	-5	
206	214	-2	
202	206	4	
290	292	4	
292	300	3	
297	300	3	
293	301	-3	
290	293	3	
425	430	4	
430	438	2	
434	438	-3	
431	439	2	
256	261	3	
261	269	6	
264	269	-5	
262	270	3	
256	262	5	
402	405	-2	
397	405	3	
393	397	-4	
2	4	-4	
3	4	-5	
3	5	-6	
0	5	4	
352	356	-5	
353	417	3	
417	422	4	
483	484	5	
489	495	-6	
487	495	2	
66	68	-4	
68	76	-3	
74	76	5	
70	78	4	
330	333	4	
333	341	-3	
338	341	-4	
334	342	4	
330	334	3	
139	142	4	
137	142	-5	
138	143	-4	
392	399	-4	
394	458	-4	
456	461	-4	
392	456	5	
168	172	-4	
170	172	5	
170	175	1	
169	175	-4	
32	36	3	
34	36	5	
33	39	3	
443	444	4	
442	445	-3	
442	447	4	
280	284	-4	
282	285	5	
283	285	-3	
283	287	3	
280	287	5	
49	52	-4	
50	52	-3	
50	53	5	
51	53	-3	
49	54	-3	
185	189	4	
186	190	6	
184	191	4	
362	364	4	
363	364	5	
426	430	-2	
313	316	3	
313	377	-3	
377	380	-4	
312	376	3	
69	77	-5	
72	77	-4	
71	79	4	
65	71	4	
57	121	-2	
121	127	5	
56	120	1	
265	268	4	
267	331	-4	
265	329	-5	
300	308	-3	
303	311	-2	
296	303	4	
435	499	-5	
499	501	-5	
259	260	5	
322	325	-6	
225	231	-2	
288	293	-6	
224	288	-2	
99	100	-3	
100	108	-2	
104	108	4	
101	109	-5	
99	101	2	
411	412	-5	
212	220	4	
215	223	-3	
209	215	-3	
152	157	-2	
152	159	4	
146	151	-3	
179	180	3	
179	243	-2	
241	244	-3	
385	449	4	
384	448	-4	
19	22	4	
19	23	-5	
130	194	-2	
192	197	-3	
128	192	-2	
338	402	4	
401	406	3	
337	401	-3	
27	28	-3	
27	91	-3	
90	92	1	
26	90	-4	
480	486	-3	
490	494	-5	
480	487	-5	
347	349	1	
349	357	-4	
350	358	-2	
460	468	2	
466	468	-3	
466	471	5	
463	471	-3	
459	463	5	
234	236	3	
235	239	-3	
232	239	4	
370	372	4	
369	375	-2	
200	207	-4	
201	207	6	
265	270	-3	
200	264	1	
211	275	-2	
275	278	-5	
210	274	1	
163	164	4	
162	167	-3	
83	85	5	
82	86	5	
506	508	5	
113	116	5	
114	116	-2	
112	119	2	
112	117	-2	
251	252	4	
249	255	-4	
249	254	4	
248	254	3	
43	44	5	
41	46	-5	
155	159	1	
356	364	-4	
273	276	-4	
275	276	-4	
18	21	2	
17	22	4	
16	22	-2	
385	391	3	
385	390	-5	
25	29	-3	
25	89	4	
88	95	3	
24	88	5	
392	396	3	
403	404	-3	
403	406	-4	
392	398	4	
281	284	4	
284	292	2	
291	292	3	
287	295	-2	
172	180	-4	
178	180	-4	
174	182	-5	
243	245	5	
243	247	-2	
240	246	2	
408	414	2	
410	474	1	
474	477	-3	
472	477	4	
408	472	3	
330	332	2	
332	340	-3	
335	343	2	
434	498	5	
129	132	-4	
131	132	6	
131	195	3	
129	193	-3	
425	429	-4	
426	431	5	
424	431	5	
72	76	3	
73	137	-4	
72	136	-3	
378	442	-2	
377	441	-2	
257	260	4	
256	320	1	
419	422	-4	
483	485	4	
221	229	-2	
222	230	-3	
465	469	-3	
467	470	-4	
56	62	-4	
453	461	2	
456	462	-4	
454	462	-3	
97	100	-4	
98	100	-4	
98	102	-4	
96	103	2	
97	103	-4	
298	301	-2	
301	309	-2	
302	310	-3	
10	12	4	
10	13	-4	
41	47	-5	
42	106	3	
41	105	2	
35	39	3	
31	39	-2	
26	31	-3	
344	348	-3	
345	348	-4	
346	349	4	
203	205	-4	
138	202	-3	
104	111	2	
107	171	-2	
171	173	-2	
104	168	-3	
400	405	-5	
399	407	2	
393	399	5	
491	492	-5	
491	494	-4	
490	493	-3	
314	316	-5	
312	318	-3	
67	71	4	
65	70	-3	
216	220	2	
216	221	-3	
213	221	3	
123	127	4	
285	293	3	
288	294	3	
286	294	-3	
282	286	-4	
416	420	-4	
418	420	2	
480	484	-3	
443	507	2	
442	506	-3	
232	238	-2	
233	238	-3	
233	297	2	
297	303	4	
263	271	3	
80	84	-2	
144	148	2	
80	144	-2	
307	371	-3	
370	374	3	
306	370	-4	
198	206	5	
200	206	4	
331	333	5	
435	438	-3	
499	502	1	
163	227	-3	
227	231	4	
161	225	-3	
113	118	-3	
113	177	2	
177	183	3	
112	176	2	
91	93	-5	
155	156	4	
10	74	4	
299	302	-2	
299	363	5	
298	362	-5	
379	383	-4	
379	443	-3	
440	445	-2	
376	440	-3	
33	36	4	
32	37	2	
323	326	-5	
409	413	-4	
352	357	2	
353	359	4	
248	253	3	
475	478	1	
473	478	3	
0	4	5	
130	133	3	
131	134	-3	
309	317	3	
311	319	4	
11	15	5	
156	164	2	
160	165	-4	
157	165	-1	
226	228	-3	
226	290	2	
427	491	-4	
425	489	-4	
328	332	-4	
337	343	-3	
394	396	-4	
457	461	-4	
393	457	-3	
88	94	5	
80	87	-3	
115	179	2	
114	178	2	
435	439	-5	
387	451	-3	
448	453	-5	
217	220	4	
219	283	2	
217	281	3	
64	68	5	
67	70	3	
64	69	-3	
417	421	2	
482	487	2	
123	187	-1	
121	185	-1	
347	351	-3	
344	351	-3	
102	110	-4	
22	30	-1	
23	31	-1	
230	238	-2	
231	239	-3	
51	55	-2	
47	55	2	
265	269	-1	
264	271	-3	
467	468	-3	
464	469	2	
147	151	-4	
75	77	-2	
75	139	3	
504	510	2	
441	445	3	
438	446	-3	
194	199	2	
165	173	-3	
170	173	-4	
274	277	3	
273	279	3	
57	61	-4	
45	53	3	
32	96	-3	
240	245	-2	
243	246	4	
242	247	-4	
105	111	-4	
105	169	-2	
81	84	-2	
84	92	3	
85	93	-2	
154	158	-1	
218	222	-3	
152	216	3	
208	214	-1	
297	361	-4	
426	428	4	
426	490	3	
488	495	-3	
424	488	3	
20	28	-1	
26	29	3	
21	29	1	
308	316	-2	
310	318	3	
181	189	2	
183	191	1	
74	138	2	
410	412	-3	
412	420	2	
414	422	3	
289	353	2	
352	358	-3	
288	352	-4	
476	484	2	
483	486	2	
478	486	-4	
386	450	-3	
449	452	5	
273	337	3	
337	342	-3	
336	342	4	
272	336	3	
115	117	2	
114	118	-1	
458	463	-5	
267	270	5	
228	236	-3	
232	237	2	
229	237	-2	
224	229	3	
137	141	2	
241	305	2	
305	308	4	
304	308	2	
240	304	-2	
434	436	2	
436	444	-3	
154	159	3	
89	153	1	
180	188	-2	
182	190	1	
469	477	1	
471	479	-1	
78	86	-1	
74	79	2	
33	97	-2	
339	340	4	
192	196	-3	
201	204	3	
365	373	2	
362	367	-3	
106	170	-1	
348	356	2	
296	302	3	
49	53	1	
314	378	4	
376	382	-2	
451	455	4	
144	151	-4	
145	149	2	
411	413	2	
410	415	-2	
325	333	-2	
492	500	2	
493	501	2	
158	166	-2	
161	167	-5	
159	167	3	
259	262	1	
458	460	1	
324	332	2	
323	327	-2	
218	282	2	
429	437	-2	
48	52	-5	
368	372	-4	
304	368	-2	
468	476	-1	
470	478	-1	
27	30	4	
164	172	2	
505	509	-3	
296	301	-4	
246	254	3	
247	255	-2	
204	212	-2	
211	212	2	
171	235	3	
338	343	-5	
402	407	-3	
106	109	3	
184	189	1	
121	125	2	
197	205	-2	
223	231	2	
315	379	2	
291	355	2	
290	354	4	
306	309	-3	
305	369	-3	
497	500	4	
496	503	3	
176	182	-2	
389	397	5	
244	252	2	
250	252	-2	
245	253	3	
405	413	3	
406	414	1	
477	485	2	
479	487	2	
43	107	4	
428	436	-2	
432	439	3	
135	143	3	
128	135	-4	
443	446	4	
9	73	3	
73	78	3	
72	78	-2	
331	335	2	
266	330	-4	
29	37	1	
459	461	-3	
50	54	-3	
113	119	-2	
195	198	3	
489	494	2	
276	284	-3	
277	285	-3	
66	69	2	
24	31	3	
401	404	-3	
264	328	3	
147	150	2	
322	326	3	
323	387	2	
322	386	-1	
465	470	3	
448	454	-2	
494	502	-1	
18	82	1	
54	62	-1	
194	258	1	
192	256	-1	
441	444	-3	
353	357	2	
355	358	4	
219	223	2	
298	300	2	
139	143	-3	
202	266	1	
307	309	3	
321	324	-3	
321	385	-1	
320	384	2	
187	251	-3	
185	249	-2	
481	484	3	
346	350	3	
347	411	-2	
346	410	-2	
16	23	-4	
194	196	4	
374	382	-1	
375	383	-2	
146	150	3	
336	341	2	
400	406	-3	
99	163	1	
160	166	1	
186	250	-3	
184	248	2	
56	63	-3	
413	421	-3	
2	5	3	
371	373	-3	
371	435	1	
369	433	-1	
91	95	3	
495	503	1	
214	222	-2	
211	213	2	
207	215	-1	
12	20	-3	
8	14	-5	
363	367	3	
36	44	1	
37	45	-1	
168	232	3	
341	349	1	
506	511	-2	
320	325	2	
427	428	2	
315	317	2	
136	142	3	
216	280	-1	
13	21	-2	
260	268	-2	
185	190	1	
209	273	-1	
279	287	2	
402	466	-2	
289	295	-1	
233	237	3	
110	118	-1	
432	437	-4	
210	212	1	
278	286	-2	
153	217	-3	
40	104	-3	
175	183	-3	
120	124	2	
162	226	2	
160	224	2	
422	430	-2	
103	111	1	
220	228	-1	
34	38	3	
351	359	-2	
407	415	-3	
258	261	-1	
275	339	-1	
274	338	1	
400	404	-2	
186	188	-2	
433	439	1	
249	313	-1	
248	312	-1	
388	396	-2	
344	408	-1	
270	278	-1	
109	117	1	
59	123	-1	
173	181	-2	
227	230	2	
203	207	-1	
76	84	-1	
83	87	-1	
345	409	1	
355	419	2	
161	165	1	
81	145	-1	
372	380	-1	
282	346	1	
404	412	-1	
Energy:	-3782	
