NumberOfQubits	504	
NumberOfSubgraphs	840	
Serial	139	
PlantedSolution:	
0	-1	
1	-1	
2	1	
3	1	
4	1	
5	1	
6	-1	
8	1	
9	-1	
10	-1	
11	1	
12	-1	
13	1	
14	-1	
15	1	
16	1	
17	-1	
18	-1	
19	1	
20	1	
21	-1	
22	1	
23	1	
24	-1	
25	1	
26	1	
27	1	
28	1	
29	-1	
30	1	
31	1	
32	-1	
33	-1	
34	-1	
35	-1	
36	1	
37	-1	
38	1	
39	1	
40	-1	
41	1	
42	1	
43	-1	
44	1	
45	1	
46	-1	
47	-1	
48	1	
49	-1	
50	-1	
51	-1	
52	1	
53	1	
54	-1	
55	1	
56	-1	
57	-1	
58	1	
59	1	
60	-1	
61	-1	
62	1	
63	-1	
64	1	
65	-1	
66	1	
67	1	
68	1	
69	-1	
70	-1	
71	1	
72	1	
73	1	
74	-1	
75	1	
76	-1	
77	-1	
78	-1	
79	-1	
80	-1	
81	-1	
82	1	
83	1	
84	1	
85	-1	
86	1	
87	1	
88	-1	
89	1	
90	1	
91	1	
92	-1	
93	1	
94	-1	
95	1	
96	-1	
97	-1	
98	-1	
99	1	
100	1	
101	1	
102	-1	
103	-1	
104	1	
105	-1	
106	1	
107	-1	
108	1	
109	1	
110	1	
111	1	
112	-1	
113	-1	
114	-1	
115	1	
116	-1	
117	-1	
118	1	
119	1	
120	-1	
121	-1	
123	1	
124	-1	
125	1	
126	-1	
127	-1	
128	-1	
129	-1	
130	-1	
131	1	
132	1	
133	-1	
134	1	
135	-1	
136	-1	
137	-1	
138	1	
139	1	
141	1	
142	-1	
143	1	
144	1	
145	1	
146	-1	
147	1	
148	1	
149	-1	
150	1	
151	-1	
152	1	
153	1	
154	1	
155	1	
156	-1	
157	1	
158	-1	
159	1	
160	1	
161	1	
162	-1	
163	-1	
164	1	
165	-1	
166	-1	
167	-1	
168	-1	
169	-1	
170	-1	
171	1	
172	1	
173	1	
174	-1	
175	-1	
176	1	
177	-1	
178	1	
179	1	
180	-1	
181	-1	
182	1	
183	-1	
184	-1	
185	-1	
186	-1	
187	1	
188	1	
189	-1	
190	1	
191	-1	
192	-1	
193	-1	
194	-1	
195	1	
196	-1	
197	1	
198	-1	
199	-1	
200	-1	
201	1	
202	-1	
203	1	
204	1	
205	1	
206	1	
207	1	
208	-1	
209	1	
210	1	
211	1	
212	-1	
213	1	
214	-1	
215	1	
216	-1	
217	-1	
218	1	
219	1	
220	-1	
221	1	
222	-1	
223	1	
224	-1	
225	1	
226	-1	
227	1	
228	1	
229	1	
230	-1	
231	1	
232	-1	
233	-1	
234	1	
235	1	
236	-1	
237	1	
238	1	
239	-1	
240	1	
241	-1	
242	-1	
243	-1	
244	1	
245	-1	
246	1	
247	-1	
248	1	
249	1	
250	-1	
251	-1	
252	-1	
253	1	
254	-1	
255	1	
256	-1	
257	-1	
258	-1	
259	-1	
260	-1	
261	1	
262	1	
263	-1	
264	1	
265	-1	
266	-1	
267	1	
268	-1	
269	-1	
270	1	
271	1	
272	-1	
273	1	
274	-1	
275	-1	
276	1	
277	1	
278	1	
279	1	
280	1	
281	-1	
282	-1	
283	1	
284	-1	
285	1	
286	1	
287	-1	
288	1	
289	-1	
290	1	
291	1	
292	-1	
293	1	
294	1	
295	-1	
296	-1	
297	1	
298	1	
299	1	
300	1	
301	-1	
302	1	
303	-1	
304	-1	
305	-1	
306	-1	
307	1	
308	1	
309	1	
310	1	
311	-1	
312	-1	
313	-1	
314	-1	
315	-1	
316	1	
317	1	
318	-1	
319	1	
320	1	
321	-1	
322	-1	
323	-1	
324	-1	
325	1	
326	1	
327	1	
328	1	
329	-1	
330	1	
331	-1	
332	-1	
333	-1	
334	-1	
335	1	
336	1	
337	1	
338	1	
339	1	
340	1	
341	-1	
342	-1	
343	1	
344	1	
345	-1	
346	-1	
347	-1	
348	1	
349	1	
350	-1	
351	-1	
352	-1	
353	1	
354	1	
355	-1	
356	-1	
357	-1	
358	1	
359	-1	
361	-1	
362	1	
363	-1	
364	-1	
365	1	
367	1	
368	-1	
369	1	
370	-1	
371	-1	
372	-1	
373	-1	
374	1	
375	-1	
376	1	
377	-1	
378	-1	
379	1	
380	1	
382	-1	
383	1	
384	-1	
385	-1	
386	1	
387	1	
388	1	
389	1	
390	-1	
391	-1	
392	-1	
393	1	
394	1	
396	-1	
397	1	
398	1	
399	-1	
400	-1	
401	1	
402	-1	
403	1	
404	1	
405	-1	
406	1	
407	-1	
408	1	
409	-1	
410	-1	
411	-1	
412	1	
413	1	
414	-1	
415	1	
416	1	
417	1	
418	1	
419	1	
420	-1	
421	1	
422	1	
424	1	
425	-1	
426	-1	
427	1	
428	-1	
429	1	
430	1	
431	1	
432	1	
433	1	
434	-1	
435	-1	
436	-1	
437	1	
438	-1	
439	1	
440	1	
441	-1	
442	1	
443	-1	
444	1	
445	1	
446	1	
447	-1	
448	1	
449	-1	
450	1	
451	1	
452	1	
453	-1	
454	-1	
455	-1	
456	-1	
457	-1	
458	-1	
459	1	
460	1	
461	1	
462	1	
463	-1	
464	1	
465	1	
466	1	
467	1	
468	1	
469	1	
470	-1	
471	1	
472	-1	
473	1	
474	1	
475	1	
476	1	
477	-1	
478	1	
479	1	
480	1	
481	1	
482	-1	
483	-1	
484	1	
485	-1	
486	1	
487	1	
488	1	
489	-1	
490	-1	
491	1	
492	1	
493	-1	
494	1	
495	1	
496	-1	
497	1	
498	1	
499	-1	
500	1	
501	-1	
502	-1	
503	-1	
504	1	
505	1	
506	-1	
507	1	
508	1	
509	1	
510	-1	
511	1	
Js:	
385	388	1	
387	388	-6	
387	391	5	
384	391	-4	
384	390	-3	
385	390	5	
338	340	-6	
339	340	-4	
339	342	6	
336	342	3	
336	341	5	
338	341	3	
259	260	5	
260	268	-5	
266	268	-5	
266	269	-3	
261	269	2	
259	261	6	
474	477	5	
475	477	3	
475	479	-6	
472	479	4	
472	478	4	
474	478	-4	
112	116	-4	
115	116	-2	
115	179	-3	
179	183	3	
176	183	6	
112	176	3	
64	69	4	
66	69	5	
66	130	-1	
130	134	5	
128	134	6	
64	128	1	
17	21	-5	
21	29	-3	
26	29	4	
26	30	-5	
22	30	-2	
17	22	-2	
306	308	-4	
307	308	-5	
307	371	3	
371	374	6	
370	374	5	
306	370	-4	
48	52	-4	
50	52	5	
50	53	5	
49	53	5	
49	54	-2	
48	54	4	
152	156	3	
153	156	5	
153	158	3	
154	158	6	
154	157	2	
152	157	-6	
282	286	4	
283	286	-4	
283	347	4	
347	349	4	
346	349	2	
282	346	5	
32	37	-6	
34	37	-4	
34	98	-4	
98	101	5	
96	101	2	
32	96	-4	
65	68	2	
67	68	-7	
67	131	1	
131	132	-6	
129	132	4	
65	129	-1	
312	317	5	
315	317	4	
315	379	3	
379	380	-5	
376	380	2	
312	376	5	
418	420	5	
420	428	-3	
426	428	-3	
426	430	3	
422	430	-3	
418	422	5	
457	460	2	
458	460	5	
458	462	6	
459	462	-2	
459	463	6	
457	463	3	
433	436	2	
434	436	-4	
434	498	-6	
498	501	5	
497	501	4	
433	497	-7	
33	38	5	
35	38	3	
35	99	4	
99	100	-4	
97	100	4	
33	97	-6	
321	325	6	
322	325	1	
322	326	6	
320	326	-4	
320	327	-5	
321	327	-5	
209	215	-5	
211	215	-4	
211	275	3	
275	279	4	
273	279	-4	
209	273	4	
408	413	-2	
409	413	3	
409	415	4	
411	415	4	
411	414	4	
408	414	5	
298	301	5	
299	301	4	
299	303	3	
297	303	5	
297	302	5	
298	302	-4	
201	204	-4	
204	212	-2	
208	212	-3	
208	213	7	
205	213	-2	
201	205	-4	
162	164	4	
163	164	3	
163	227	4	
227	231	-5	
226	231	6	
162	226	-3	
168	172	4	
169	172	6	
169	175	-4	
171	175	5	
171	173	5	
168	173	5	
8	12	3	
11	12	5	
11	15	-7	
10	15	3	
10	14	-3	
8	14	5	
56	63	-4	
59	63	4	
59	123	-3	
123	126	3	
120	126	-5	
56	120	-2	
248	253	-4	
251	253	5	
251	255	5	
250	255	4	
250	254	-6	
248	254	6	
137	141	4	
141	149	3	
146	149	-3	
146	151	-4	
143	151	-3	
137	143	7	
288	292	5	
289	292	-6	
289	295	-3	
290	295	3	
290	294	-4	
288	294	-4	
193	196	-6	
194	196	-7	
194	199	-5	
195	199	-6	
195	198	6	
193	198	-4	
72	76	3	
76	84	3	
81	84	4	
81	86	-5	
78	86	3	
72	78	4	
330	332	6	
331	332	-3	
331	333	-4	
328	333	-5	
328	335	-5	
330	335	-3	
104	108	-5	
106	108	-4	
106	110	-4	
105	110	4	
105	111	-5	
104	111	-4	
40	44	5	
43	44	-4	
43	47	-7	
41	47	4	
41	45	-5	
40	45	5	
240	245	6	
241	245	-4	
241	305	-3	
305	310	6	
304	310	6	
240	304	4	
480	484	1	
483	484	4	
483	485	-3	
482	485	-5	
482	486	4	
480	486	-4	
234	236	4	
235	236	5	
235	237	-3	
233	237	-5	
233	239	-5	
234	239	7	
401	404	-6	
403	404	-4	
403	406	3	
402	406	6	
402	405	-5	
401	405	3	
424	431	-5	
425	431	4	
425	489	-3	
489	492	2	
488	492	-4	
424	488	5	
464	468	-4	
465	468	4	
465	471	-6	
466	471	-5	
466	469	-4	
464	469	-5	
354	357	4	
355	357	-6	
355	358	-2	
352	358	5	
352	359	-5	
354	359	4	
216	221	3	
219	221	-5	
219	223	-3	
218	223	-4	
218	222	-3	
216	222	-4	
18	20	6	
19	20	-4	
19	83	-4	
83	85	3	
82	85	5	
18	82	4	
440	444	-3	
441	444	5	
441	447	-5	
443	447	-5	
443	445	5	
440	445	-6	
506	508	-4	
507	508	-5	
507	510	6	
505	510	5	
505	509	-6	
506	509	6	
178	180	5	
180	188	6	
187	188	4	
187	189	7	
181	189	-5	
178	181	6	
88	93	4	
91	93	-3	
91	94	5	
90	94	5	
90	95	2	
88	95	5	
448	452	4	
449	452	5	
449	454	-4	
451	454	5	
451	455	6	
448	455	3	
392	396	-4	
394	396	6	
394	398	-4	
393	398	-6	
393	399	5	
392	399	-4	
280	285	-4	
281	285	5	
281	345	-4	
345	350	-4	
344	350	6	
280	344	-3	
160	167	4	
161	167	4	
161	225	-5	
225	229	-4	
224	229	4	
160	224	-2	
136	142	-4	
139	142	6	
139	203	-6	
203	206	-3	
200	206	2	
136	200	-5	
313	319	5	
314	319	3	
314	378	2	
378	382	-5	
377	382	-4	
313	377	-4	
361	365	8	
365	373	3	
369	373	7	
369	375	4	
367	375	3	
361	367	5	
0	4	4	
2	4	6	
2	6	3	
3	6	4	
3	5	-5	
0	5	5	
490	494	2	
494	502	1	
499	502	-4	
499	503	-7	
495	503	-1	
490	495	5	
258	262	5	
262	270	-3	
264	270	-3	
264	271	-5	
263	271	-2	
258	263	-5	
114	117	-5	
117	125	7	
121	125	4	
121	127	3	
119	127	6	
114	119	4	
73	76	5	
75	76	5	
75	79	3	
74	79	-2	
74	77	5	
73	77	5	
353	356	6	
355	356	-2	
355	419	3	
419	421	-6	
417	421	-4	
353	417	-3	
184	190	8	
185	190	3	
185	249	2	
249	252	-4	
248	252	5	
184	248	2	
144	148	-5	
147	148	-8	
147	149	4	
145	149	4	
145	150	-6	
144	150	3	
272	276	5	
275	276	5	
275	277	2	
274	277	4	
274	278	-3	
272	278	6	
241	244	5	
243	244	4	
243	247	-4	
242	247	-5	
242	246	6	
241	246	3	
24	28	3	
25	28	-5	
25	89	-5	
89	92	3	
88	92	-4	
24	88	4	
57	60	-5	
58	60	5	
58	62	-6	
56	62	4	
56	61	4	
57	61	-6	
368	372	-6	
371	372	-3	
371	435	2	
435	438	-3	
432	438	3	
368	432	2	
362	364	8	
363	364	-6	
363	427	-2	
427	429	-6	
426	429	3	
362	426	4	
217	220	-6	
220	228	2	
225	228	-3	
225	230	6	
222	230	2	
217	222	-2	
27	28	-4	
28	36	-4	
35	36	3	
35	39	5	
31	39	-3	
27	31	4	
232	238	5	
235	238	-3	
235	299	-4	
299	300	-5	
296	300	4	
232	296	3	
322	324	-6	
323	324	-4	
323	387	-2	
387	389	-5	
386	389	-4	
322	386	1	
202	206	5	
206	214	3	
210	214	4	
210	215	-3	
207	215	-3	
202	207	6	
9	13	4	
13	21	3	
16	21	4	
16	23	-5	
15	23	-3	
9	15	3	
337	340	-3	
340	348	4	
346	348	5	
346	351	-5	
343	351	3	
337	343	-5	
42	46	8	
43	46	-3	
43	107	-2	
107	109	5	
106	109	-4	
42	106	-4	
170	174	-4	
174	182	1	
177	182	3	
177	183	-7	
175	183	1	
170	175	-4	
265	270	4	
267	270	-3	
267	331	-5	
331	334	-6	
329	334	-4	
265	329	-4	
192	197	6	
193	197	4	
193	257	-2	
257	262	4	
256	262	4	
192	256	3	
450	452	-4	
452	460	3	
456	460	3	
456	461	4	
453	461	3	
450	453	7	
400	407	-5	
403	407	5	
403	467	3	
467	470	6	
464	470	4	
400	464	4	
440	446	-3	
442	446	-5	
442	506	2	
506	511	5	
504	511	-5	
440	504	3	
491	492	-6	
492	500	-3	
496	500	5	
496	501	-4	
493	501	3	
491	493	1	
409	412	5	
410	412	4	
410	474	5	
474	476	-2	
473	476	-6	
409	473	6	
49	55	6	
51	55	5	
51	115	4	
115	118	-4	
113	118	-2	
49	113	-5	
155	157	-5	
157	165	-4	
161	165	2	
159	167	3	
155	159	-4	
281	284	-4	
284	292	-3	
291	292	-1	
291	293	-7	
285	293	-3	
416	421	-4	
417	481	4	
481	487	-5	
480	487	-3	
416	480	-8	
129	133	3	
133	141	1	
138	141	-5	
138	143	-2	
135	143	1	
129	135	-5	
312	318	-4	
313	318	-5	
377	383	4	
376	383	7	
305	308	3	
308	316	-6	
315	316	3	
315	319	6	
311	319	5	
305	311	5	
80	84	3	
83	84	-5	
81	85	3	
81	87	3	
80	87	4	
66	68	-4	
67	70	-1	
65	70	-5	
65	71	4	
66	71	-3	
434	437	4	
432	437	-4	
432	439	-5	
433	439	-4	
97	101	4	
98	103	-4	
96	103	-5	
96	102	3	
97	102	-3	
184	188	4	
185	188	3	
185	191	-6	
186	191	-4	
186	190	6	
394	397	-4	
397	405	4	
398	406	2	
160	164	-4	
164	172	-3	
170	172	4	
166	174	-5	
160	166	5	
301	309	4	
304	309	4	
302	310	1	
59	61	5	
123	124	3	
121	124	-5	
57	121	1	
218	221	-4	
218	282	2	
282	287	-5	
280	287	3	
216	280	-2	
2	5	-6	
1	5	3	
1	6	-7	
0	6	-5	
8	13	-4	
10	13	5	
10	74	-5	
72	77	4	
8	72	-4	
352	356	-3	
356	364	-3	
362	367	-4	
359	367	-3	
462	470	1	
465	470	-4	
463	471	1	
458	463	-4	
256	261	6	
259	323	-3	
323	325	5	
320	325	4	
256	320	2	
477	485	-4	
482	487	3	
479	487	-3	
240	244	5	
244	252	4	
250	252	-4	
250	253	3	
245	253	2	
33	36	4	
36	44	-2	
41	44	-6	
39	47	2	
33	39	5	
144	151	3	
145	151	5	
145	209	1	
209	212	5	
144	208	2	
339	341	3	
341	349	-2	
345	349	5	
342	350	-3	
499	500	4	
500	508	-3	
507	511	5	
503	511	3	
369	372	4	
370	372	-4	
368	374	5	
368	373	2	
274	276	3	
274	279	5	
273	277	-6	
272	277	-2	
120	125	3	
118	126	5	
114	118	4	
51	52	5	
51	54	-4	
50	54	-5	
48	53	-3	
232	236	-5	
233	238	-4	
128	133	-4	
131	133	-5	
131	135	4	
130	135	-5	
243	246	4	
243	307	2	
307	309	-4	
306	309	3	
242	306	-3	
386	390	6	
386	450	-4	
449	453	-3	
385	449	-4	
200	204	4	
202	204	-2	
201	207	-3	
200	205	5	
412	420	2	
414	422	3	
410	414	-4	
27	30	-3	
27	91	-5	
91	92	3	
90	92	4	
26	90	-4	
224	228	4	
226	228	5	
226	229	4	
227	229	-3	
224	231	2	
488	493	6	
490	493	-4	
489	495	-2	
489	494	7	
488	494	-3	
435	437	3	
437	445	-5	
443	446	4	
438	446	-4	
154	156	4	
155	156	4	
153	159	4	
329	332	-4	
330	333	3	
328	334	2	
105	108	3	
107	108	4	
107	111	6	
104	110	-4	
75	78	4	
80	86	3	
79	87	3	
344	348	-3	
347	348	6	
347	411	1	
408	415	-4	
344	408	-2	
289	294	-6	
290	354	-4	
354	358	-3	
353	358	-5	
289	353	3	
17	20	5	
18	23	3	
16	22	-4	
195	196	3	
192	199	-3	
192	198	-5	
194	198	-2	
265	268	3	
266	271	3	
264	269	6	
265	269	-4	
425	428	3	
427	428	5	
427	431	-4	
424	430	-4	
425	430	6	
176	180	4	
177	180	-2	
177	181	4	
179	181	4	
179	182	-5	
176	182	-5	
37	45	2	
42	45	-4	
38	46	-2	
34	38	3	
89	94	3	
94	102	-2	
99	102	3	
99	103	4	
95	103	3	
89	95	-4	
146	148	-3	
147	211	-2	
211	214	4	
146	210	3	
384	388	5	
388	396	-7	
392	397	3	
389	397	-5	
384	389	3	
472	476	-5	
476	484	-4	
483	486	3	
478	486	-3	
336	343	-4	
337	401	-4	
400	404	3	
336	400	-1	
378	442	5	
442	447	3	
377	441	4	
113	116	-4	
116	124	-6	
123	127	5	
113	119	-4	
257	260	-3	
258	260	-4	
258	322	-3	
321	326	3	
257	321	2	
283	285	-4	
288	293	-4	
288	295	5	
287	295	2	
283	287	4	
187	191	5	
187	251	-2	
249	255	-6	
459	460	-6	
460	468	1	
467	468	-4	
467	469	-3	
461	469	-1	
459	461	-4	
163	165	-4	
165	173	-2	
168	174	-3	
163	166	-5	
501	509	-2	
504	509	-4	
504	510	4	
502	510	-2	
497	502	4	
297	300	-4	
299	363	-2	
363	365	5	
297	361	2	
312	316	3	
314	316	-4	
314	317	6	
315	318	-3	
3	4	-5	
4	12	2	
9	12	-4	
9	14	-5	
6	14	1	
136	141	4	
138	142	5	
137	142	3	
136	143	5	
448	453	3	
450	455	5	
448	454	7	
56	60	-4	
58	63	7	
59	62	4	
216	220	4	
219	220	2	
217	221	4	
217	223	5	
216	223	4	
66	70	4	
64	71	2	
26	28	-4	
26	31	-3	
24	31	-4	
24	29	-4	
25	29	4	
393	457	-4	
457	461	6	
392	456	-5	
372	380	3	
379	383	-5	
375	383	-4	
352	357	-3	
352	416	-2	
320	324	3	
324	332	-4	
328	332	-4	
327	335	-4	
296	301	-4	
307	311	3	
303	311	2	
296	303	-5	
276	284	4	
281	286	4	
278	286	-2	
275	278	4	
186	188	-5	
186	189	-3	
105	109	3	
107	171	3	
169	173	2	
105	169	-2	
434	439	2	
498	503	2	
496	503	-4	
432	496	4	
11	75	-3	
9	73	4	
200	207	3	
203	207	-2	
203	267	1	
267	268	6	
264	268	2	
200	264	1	
92	100	3	
93	101	-2	
89	93	5	
128	132	5	
131	195	-1	
195	197	-4	
128	192	1	
345	351	-3	
338	343	-4	
481	486	3	
486	494	-3	
491	494	-4	
491	495	-7	
487	495	-3	
229	237	-3	
232	237	3	
230	238	3	
224	230	-6	
44	52	-2	
47	55	-1	
40	47	-3	
18	22	-5	
19	22	-5	
83	86	-3	
82	86	-4	
148	156	3	
152	158	5	
150	158	1	
146	150	4	
246	254	2	
247	255	4	
443	444	3	
443	507	2	
505	508	-2	
441	505	3	
466	468	-5	
468	476	2	
473	479	-2	
471	479	-1	
405	413	3	
411	413	5	
407	415	-3	
401	407	2	
256	260	3	
257	263	-5	
257	261	4	
48	112	4	
210	213	-4	
424	429	-3	
426	431	-3	
98	162	-1	
162	166	1	
96	160	3	
203	204	-6	
137	201	5	
290	293	-4	
291	294	-2	
385	391	-4	
384	448	3	
32	36	-3	
35	37	-5	
34	39	5	
32	39	2	
91	155	-2	
90	154	-2	
433	438	4	
435	499	-3	
267	271	-3	
330	334	3	
266	330	4	
1	65	-5	
64	70	7	
0	64	-4	
130	133	-5	
130	194	-1	
129	193	-1	
170	234	2	
169	233	-3	
417	420	4	
419	420	4	
419	483	5	
481	484	-6	
408	412	-3	
473	478	-2	
408	472	4	
40	46	-4	
40	104	-3	
346	350	-3	
338	342	4	
218	220	3	
219	283	-2	
313	316	4	
390	398	5	
391	399	-5	
386	391	-2	
241	247	-3	
243	245	-4	
161	164	-5	
227	230	-2	
402	404	4	
402	407	-3	
400	406	5	
370	373	-4	
371	373	4	
368	375	-3	
370	375	-4	
182	190	-3	
184	191	3	
183	191	-2	
80	85	-5	
81	145	3	
144	149	4	
80	144	3	
357	365	2	
353	357	-2	
202	205	-3	
211	213	-3	
298	300	-5	
121	126	5	
378	380	6	
442	445	-1	
376	440	-4	
269	277	-3	
273	278	-3	
270	278	-2	
27	29	4	
23	31	-3	
17	23	4	
249	253	-6	
251	254	-4	
325	333	4	
329	333	-3	
329	335	5	
454	462	2	
457	462	5	
455	463	-2	
416	422	-4	
418	482	5	
480	485	4	
54	62	4	
57	62	4	
57	63	-4	
55	63	3	
50	55	2	
490	492	3	
465	469	-4	
466	470	3	
168	175	-4	
171	235	-2	
168	232	-3	
350	358	3	
351	359	-3	
344	351	-2	
162	165	-6	
162	167	-5	
152	159	-3	
85	93	-3	
87	95	-4	
82	87	-2	
67	69	5	
69	77	-3	
73	79	-4	
71	79	5	
67	71	-4	
280	284	6	
286	294	-2	
280	286	-2	
223	231	2	
309	317	-3	
314	318	-4	
310	318	4	
120	124	-4	
120	127	-4	
115	119	-3	
361	425	-2	
410	413	4	
411	475	-3	
99	101	3	
101	109	-4	
104	109	-3	
102	110	5	
272	279	2	
274	338	-2	
336	340	-2	
272	336	3	
435	436	-6	
436	444	5	
442	444	-4	
439	447	-4	
435	439	3	
12	20	-2	
14	22	2	
11	14	4	
142	150	2	
147	150	-4	
147	151	3	
25	30	-3	
30	38	-2	
25	31	-3	
259	263	-2	
323	326	3	
43	45	4	
41	105	3	
186	250	-2	
194	197	4	
456	463	4	
456	462	4	
1	4	3	
379	382	4	
376	382	4	
378	383	2	
179	180	3	
178	183	-1	
128	135	-5	
129	134	6	
74	78	-3	
75	139	-3	
139	141	-3	
74	138	-4	
434	438	-5	
337	342	3	
339	403	2	
32	38	5	
96	100	-3	
154	218	-4	
153	217	3	
11	13	-3	
259	262	4	
233	297	2	
82	84	2	
82	146	3	
64	68	4	
24	30	5	
88	94	-3	
402	466	-1	
345	409	-1	
409	414	-1	
291	355	-3	
354	356	3	
240	247	2	
306	310	-2	
425	429	2	
421	429	-2	
418	421	-3	
497	500	-2	
498	500	-3	
498	502	6	
497	503	-3	
109	117	1	
112	117	2	
112	118	4	
110	118	-1	
282	285	3	
227	228	4	
227	291	-2	
291	295	5	
224	288	2	
42	44	1	
387	451	1	
121	185	-2	
120	184	-2	
249	254	2	
249	313	2	
313	317	2	
248	312	-2	
52	60	-2	
53	61	3	
208	272	-2	
482	484	3	
483	487	-5	
469	477	-1	
470	478	2	
266	270	5	
265	271	5	
330	394	-1	
328	392	1	
83	87	-4	
72	79	3	
369	374	-1	
504	508	-4	
210	212	3	
210	274	3	
161	166	-4	
203	205	-2	
234	237	-4	
237	245	2	
238	246	-3	
234	238	-2	
221	229	-2	
34	36	4	
29	37	3	
178	182	-5	
114	178	-2	
321	324	-3	
429	437	-2	
433	437	-2	
431	439	2	
417	422	-3	
361	364	3	
363	367	5	
151	159	2	
432	436	2	
196	204	2	
201	206	4	
198	206	3	
400	405	-2	
406	414	3	
392	398	3	
48	55	-3	
185	189	-4	
10	12	-4	
8	15	4	
296	302	4	
339	343	-3	
337	341	-4	
374	382	3	
371	375	-2	
279	287	-1	
475	478	-5	
16	20	-3	
17	81	-2	
16	80	4	
489	493	-4	
131	134	-3	
169	174	-3	
167	175	-2	
51	53	-2	
58	61	2	
123	125	-4	
90	93	-3	
73	78	3	
73	137	-1	
72	136	2	
219	222	6	
326	334	4	
349	357	-3	
355	359	-4	
347	351	-4	
98	100	2	
100	108	-4	
98	102	4	
149	157	-2	
256	263	-4	
208	214	5	
208	215	1	
19	21	3	
427	491	-2	
426	490	-4	
193	199	3	
467	471	-4	
393	397	-4	
155	219	-2	
152	216	3	
300	308	-1	
251	252	3	
171	172	-3	
171	174	2	
170	173	4	
112	119	3	
113	177	-2	
344	349	4	
323	327	3	
505	511	-2	
211	212	4	
212	220	3	
215	223	-4	
474	479	-4	
268	276	-1	
242	245	-2	
130	132	5	
160	165	-2	
42	47	3	
267	269	2	
331	335	2	
362	365	-2	
84	92	3	
209	214	3	
115	117	4	
424	428	5	
419	422	-2	
68	76	3	
306	311	-4	
305	369	3	
299	302	-4	
475	476	-3	
195	259	2	
332	340	1	
335	343	-1	
507	509	-2	
59	60	4	
464	471	-3	
377	380	4	
49	52	-2	
281	287	-3	
333	341	1	
334	342	-1	
394	399	4	
304	368	2	
239	247	2	
458	461	2	
197	205	-2	
199	207	3	
114	116	-4	
354	418	2	
41	46	2	
106	111	-2	
99	163	2	
163	167	-2	
451	452	-4	
449	455	-4	
485	493	2	
89	153	2	
250	314	-1	
209	213	-2	
441	446	2	
3	67	-4	
65	69	-3	
403	405	3	
345	348	3	
322	327	3	
298	303	3	
225	231	-3	
393	396	1	
138	202	2	
103	111	3	
506	510	-3	
275	339	2	
307	310	-3	
213	221	-2	
214	222	-3	
86	94	2	
19	23	-2	
242	244	3	
45	53	2	
70	78	-3	
484	492	-2	
107	110	2	
264	328	-3	
386	388	-3	
385	389	3	
158	166	-2	
411	412	3	
288	352	2	
370	434	-1	
338	402	1	
401	406	-3	
499	501	-2	
251	315	1	
379	443	3	
440	447	1	
473	477	-4	
472	477	-3	
451	453	4	
290	292	4	
18	21	-2	
235	239	3	
394	458	1	
154	159	-2	
401	465	-2	
369	433	1	
293	301	-1	
295	303	-2	
113	117	-3	
91	95	-2	
97	103	3	
271	279	-2	
292	300	-1	
294	302	-2	
155	158	-3	
404	412	-3	
410	415	3	
488	495	-2	
228	236	2	
312	319	-1	
496	502	-3	
50	114	1	
139	143	-2	
240	246	-2	
106	170	-2	
298	362	-2	
413	421	1	
441	445	1	
427	430	-1	
348	356	-1	
347	350	-1	
123	187	-2	
184	189	1	
226	230	-1	
231	239	-2	
2	66	-3	
233	236	-3	
297	301	2	
77	85	1	
75	77	2	
258	261	2	
194	258	-1	
179	243	2	
177	241	2	
283	284	2	
304	308	1	
321	385	-3	
320	384	2	
353	359	1	
225	289	1	
5	13	1	
416	420	2	
481	485	2	
273	276	-2	
277	285	1	
192	196	2	
399	407	2	
226	290	-1	
428	436	1	
304	311	-1	
305	309	2	
178	242	-1	
46	54	-1	
450	454	-2	
74	76	-1	
176	240	-1	
153	157	1	
387	390	1	
234	298	1	
273	337	1	
248	255	1	
232	239	-1	
430	438	1	
236	244	1	
282	284	1	
156	164	1	
176	181	1	
83	147	1	
104	168	-1	
289	293	1	
145	148	1	
Energy:	-3734	
