NumberOfQubits	504	
NumberOfSubgraphs	504	
Serial	180	
PlantedSolution:	
0	-1	
1	-1	
2	-1	
3	-1	
4	1	
5	1	
6	1	
8	-1	
9	-1	
10	1	
11	-1	
12	-1	
13	-1	
14	-1	
15	-1	
16	-1	
17	1	
18	1	
19	1	
20	-1	
21	-1	
22	-1	
23	1	
24	-1	
25	1	
26	1	
27	1	
28	1	
29	1	
30	1	
31	-1	
32	-1	
33	-1	
34	1	
35	-1	
36	-1	
37	-1	
38	1	
39	1	
40	-1	
41	-1	
42	-1	
43	1	
44	-1	
45	1	
46	-1	
47	-1	
48	-1	
49	1	
50	1	
51	-1	
52	1	
53	1	
54	-1	
55	1	
56	1	
57	-1	
58	1	
59	1	
60	-1	
61	1	
62	1	
63	-1	
64	1	
65	1	
66	-1	
67	-1	
68	-1	
69	1	
70	1	
71	1	
72	1	
73	-1	
74	-1	
75	-1	
76	-1	
77	-1	
78	-1	
79	-1	
80	-1	
81	-1	
82	-1	
83	1	
84	1	
85	-1	
86	-1	
87	-1	
88	1	
89	1	
90	1	
91	1	
92	1	
93	-1	
94	1	
95	-1	
96	1	
97	1	
98	-1	
99	-1	
100	1	
101	1	
102	-1	
103	1	
104	-1	
105	-1	
106	-1	
107	-1	
108	1	
109	1	
110	1	
111	-1	
112	-1	
113	1	
114	1	
115	-1	
116	-1	
117	1	
118	-1	
119	-1	
120	1	
121	-1	
123	1	
124	-1	
125	1	
126	-1	
127	-1	
128	1	
129	-1	
130	-1	
131	1	
132	1	
133	-1	
134	1	
135	-1	
136	1	
137	-1	
138	-1	
139	1	
141	1	
142	1	
143	1	
144	1	
145	1	
146	-1	
147	-1	
148	1	
149	-1	
150	1	
151	-1	
152	1	
153	1	
154	-1	
155	-1	
156	1	
157	-1	
158	1	
159	-1	
160	-1	
161	-1	
162	-1	
163	1	
164	-1	
165	1	
166	1	
167	-1	
168	1	
169	-1	
170	1	
171	-1	
172	1	
173	-1	
174	1	
175	1	
176	1	
177	-1	
178	-1	
179	-1	
180	1	
181	1	
182	-1	
183	1	
184	1	
185	-1	
186	-1	
187	-1	
188	1	
189	-1	
190	1	
191	1	
192	1	
193	-1	
194	1	
195	1	
196	1	
197	1	
198	1	
199	-1	
200	-1	
201	-1	
202	-1	
203	-1	
204	1	
205	1	
206	-1	
207	1	
208	-1	
209	-1	
210	1	
211	-1	
212	1	
213	1	
214	1	
215	-1	
216	-1	
217	1	
218	-1	
219	-1	
220	1	
221	-1	
222	1	
223	1	
224	1	
225	1	
226	1	
227	1	
228	-1	
229	1	
230	1	
231	-1	
232	-1	
233	-1	
234	-1	
235	1	
236	1	
237	-1	
238	1	
239	1	
240	-1	
241	-1	
242	1	
243	1	
244	-1	
245	-1	
246	1	
247	-1	
248	-1	
249	-1	
250	1	
251	1	
252	-1	
253	1	
254	1	
255	1	
256	-1	
257	-1	
258	-1	
259	-1	
260	1	
261	-1	
262	1	
263	1	
264	-1	
265	-1	
266	1	
267	1	
268	1	
269	-1	
270	-1	
271	-1	
272	1	
273	-1	
274	1	
275	-1	
276	1	
277	1	
278	-1	
279	1	
280	1	
281	-1	
282	1	
283	-1	
284	-1	
285	1	
286	1	
287	-1	
288	1	
289	-1	
290	-1	
291	-1	
292	-1	
293	-1	
294	-1	
295	-1	
296	-1	
297	1	
298	1	
299	-1	
300	-1	
301	1	
302	-1	
303	-1	
304	1	
305	-1	
306	1	
307	-1	
308	-1	
309	-1	
310	1	
311	1	
312	-1	
313	1	
314	-1	
315	-1	
316	-1	
317	1	
318	-1	
319	1	
320	-1	
321	1	
322	1	
323	-1	
324	-1	
325	1	
326	-1	
327	-1	
328	1	
329	-1	
330	1	
331	1	
332	1	
333	-1	
334	1	
335	-1	
336	-1	
337	-1	
338	-1	
339	-1	
340	-1	
341	-1	
342	-1	
343	-1	
344	-1	
345	-1	
346	1	
347	-1	
348	1	
349	1	
350	1	
351	-1	
352	1	
353	-1	
354	-1	
355	1	
356	-1	
357	-1	
358	1	
359	1	
361	-1	
362	-1	
363	-1	
364	-1	
365	-1	
367	-1	
368	1	
369	1	
370	1	
371	-1	
372	1	
373	1	
374	-1	
375	-1	
376	1	
377	1	
378	-1	
379	1	
380	-1	
382	-1	
383	-1	
384	-1	
385	-1	
386	1	
387	-1	
388	-1	
389	1	
390	-1	
391	1	
392	1	
393	1	
394	-1	
396	1	
397	1	
398	1	
399	1	
400	-1	
401	-1	
402	-1	
403	-1	
404	-1	
405	-1	
406	-1	
407	-1	
408	1	
409	-1	
410	-1	
411	1	
412	1	
413	1	
414	1	
415	1	
416	-1	
417	1	
418	1	
419	-1	
420	-1	
421	-1	
422	-1	
424	1	
425	1	
426	1	
427	1	
428	1	
429	1	
430	1	
431	1	
432	-1	
433	-1	
434	1	
435	1	
436	-1	
437	-1	
438	1	
439	-1	
440	1	
441	-1	
442	-1	
443	-1	
444	1	
445	-1	
446	1	
447	1	
448	-1	
449	1	
450	-1	
451	-1	
452	-1	
453	-1	
454	-1	
455	-1	
456	1	
457	-1	
458	-1	
459	-1	
460	-1	
461	1	
462	1	
463	-1	
464	1	
465	-1	
466	1	
467	1	
468	1	
469	-1	
470	1	
471	-1	
472	-1	
473	1	
474	1	
475	1	
476	1	
477	-1	
478	-1	
479	-1	
480	1	
481	1	
482	1	
483	1	
484	-1	
485	1	
486	-1	
487	-1	
488	-1	
489	-1	
490	-1	
491	1	
492	-1	
493	-1	
494	1	
495	1	
496	-1	
497	1	
498	1	
499	1	
500	-1	
501	-1	
502	-1	
503	-1	
504	-1	
505	1	
506	-1	
507	1	
508	1	
509	1	
510	1	
511	1	
Js:	
249	253	-2	
250	253	-4	
250	254	-2	
248	254	2	
248	255	3	
249	255	2	
137	142	2	
139	142	-3	
139	203	3	
203	204	-3	
201	204	4	
137	201	-3	
449	454	3	
454	462	2	
457	462	-2	
457	463	-4	
455	463	-2	
449	455	4	
234	236	2	
235	236	-4	
235	237	3	
232	237	-3	
232	238	3	
234	238	2	
385	389	4	
389	397	-3	
392	397	-2	
392	398	-4	
390	398	3	
385	390	-2	
272	277	-2	
274	277	-4	
274	338	-1	
338	342	-5	
336	342	-3	
272	336	1	
297	300	3	
299	300	-3	
299	303	-3	
298	303	3	
298	302	-1	
297	302	2	
322	324	4	
324	332	3	
331	332	-4	
331	333	3	
325	333	4	
322	325	4	
426	431	-4	
427	431	-5	
427	491	-2	
491	495	3	
490	495	3	
426	490	3	
256	260	4	
258	260	4	
258	262	4	
259	262	3	
259	261	1	
256	261	-4	
280	286	-3	
283	286	-1	
283	347	-4	
347	351	-3	
344	351	-4	
280	344	2	
305	308	-3	
306	308	3	
306	311	-4	
307	311	3	
307	310	3	
305	310	3	
225	228	2	
226	228	3	
226	229	-4	
224	229	-2	
224	230	-4	
225	230	2	
90	92	-2	
92	100	-2	
98	100	2	
98	101	3	
93	101	-2	
90	93	4	
368	372	-2	
370	372	-4	
370	373	-3	
371	373	-3	
371	375	-2	
368	375	3	
352	358	-4	
354	358	2	
354	418	2	
418	421	-2	
416	421	-2	
352	416	3	
65	68	3	
66	68	-3	
66	70	-2	
67	70	2	
67	69	3	
65	69	-3	
80	84	2	
81	84	4	
81	86	-3	
82	86	-3	
82	87	-4	
80	87	2	
433	436	4	
435	436	2	
435	439	4	
434	439	3	
434	438	-1	
433	438	3	
154	156	-1	
155	156	5	
155	159	-3	
152	159	3	
152	157	2	
154	157	-2	
400	407	5	
403	407	-2	
403	467	2	
467	470	-4	
464	470	-4	
400	464	2	
178	181	2	
179	181	3	
179	183	4	
176	183	-2	
176	182	-4	
178	182	-2	
440	444	-3	
442	444	2	
442	447	3	
443	447	4	
443	446	-2	
440	446	-1	
49	52	-2	
50	52	-3	
50	55	-1	
48	55	3	
48	53	1	
49	53	3	
384	391	3	
386	391	-2	
386	450	-4	
450	453	-2	
448	453	-3	
384	448	-4	
504	508	3	
506	508	-2	
506	509	3	
505	509	-2	
505	510	-4	
504	510	4	
144	151	-4	
147	151	-3	
147	211	-2	
211	212	3	
208	212	4	
144	208	1	
264	268	3	
267	268	-2	
267	271	3	
266	271	-2	
266	270	2	
264	270	-2	
104	108	-2	
107	108	3	
107	171	-2	
171	172	3	
168	172	-2	
104	168	1	
40	44	-2	
43	44	2	
43	47	2	
42	47	4	
42	45	2	
40	45	4	
27	28	-5	
28	36	3	
35	36	3	
35	39	5	
31	39	2	
27	31	1	
472	476	4	
476	484	1	
483	484	-2	
483	486	2	
478	486	-1	
472	478	-2	
73	76	-3	
75	76	-5	
75	77	2	
72	77	3	
72	78	2	
73	78	-3	
112	116	-3	
115	116	-4	
115	119	-4	
113	119	2	
113	117	-2	
112	117	-4	
240	244	-2	
243	244	3	
243	246	-2	
242	246	-3	
242	245	2	
240	245	-2	
91	94	-3	
94	102	2	
96	102	2	
96	103	-4	
95	103	2	
91	95	3	
312	317	3	
315	317	3	
315	319	2	
314	319	2	
314	318	-3	
312	318	1	
9	12	-4	
10	12	-3	
10	15	5	
11	15	-4	
11	13	-3	
9	13	-4	
282	284	2	
284	292	-2	
289	292	3	
289	293	-4	
285	293	2	
282	285	-3	
128	132	-4	
130	132	2	
130	133	-2	
131	133	-3	
131	134	-3	
128	134	-3	
488	492	4	
492	500	-1	
498	500	2	
498	501	2	
493	501	-1	
488	493	-5	
56	60	3	
58	60	3	
58	63	3	
59	63	-4	
59	61	-2	
56	61	-4	
210	213	2	
213	221	2	
219	221	-2	
219	223	2	
215	223	3	
210	215	3	
409	412	2	
411	412	-3	
411	415	-3	
410	415	2	
410	413	4	
409	413	-3	
401	405	-2	
402	405	-3	
402	466	-1	
466	471	4	
465	471	-3	
401	465	-3	
185	188	4	
186	188	3	
186	190	2	
187	190	2	
187	189	3	
185	189	-1	
353	356	-3	
356	364	2	
361	364	-4	
361	365	-3	
357	365	-4	
353	357	-2	
193	196	3	
195	196	-3	
195	198	-5	
194	198	1	
194	199	3	
193	199	-4	
1	4	3	
2	4	3	
2	5	3	
0	5	2	
0	6	1	
1	6	-3	
320	326	-2	
326	334	4	
329	334	3	
329	335	3	
327	335	-3	
320	327	-4	
160	164	-4	
163	164	3	
163	167	3	
162	167	4	
162	165	3	
160	165	3	
16	21	-3	
18	21	4	
18	22	3	
17	22	2	
17	23	-3	
16	23	3	
473	477	6	
477	485	1	
481	485	-3	
481	487	2	
479	487	1	
473	479	2	
26	29	-3	
29	37	2	
32	37	-1	
32	38	4	
30	38	1	
26	30	-2	
136	143	-3	
138	143	4	
138	202	-3	
202	207	3	
200	207	2	
136	200	-3	
377	380	5	
378	380	-5	
378	383	-4	
376	383	4	
376	382	4	
377	382	-2	
121	124	3	
123	124	3	
123	125	-6	
120	125	-2	
120	126	3	
121	126	-4	
417	420	2	
420	428	3	
424	428	-4	
424	430	-3	
422	430	2	
417	422	-4	
105	111	-4	
106	111	-3	
106	170	2	
170	175	-3	
169	175	3	
105	169	1	
337	340	-3	
340	348	2	
346	348	2	
346	349	-5	
341	349	2	
337	341	-3	
459	460	-3	
460	468	2	
465	468	3	
465	469	-1	
461	469	-2	
459	461	2	
144	148	-3	
146	148	3	
146	149	2	
145	149	5	
145	150	-3	
144	150	-1	
496	500	-3	
497	500	-3	
497	502	3	
499	502	2	
499	503	3	
496	503	-3	
281	286	-2	
286	294	2	
291	294	-3	
291	295	-2	
287	295	-2	
281	287	-3	
153	158	-3	
154	158	-3	
154	218	-1	
218	222	1	
217	222	-3	
153	217	-2	
273	278	-3	
275	278	-4	
275	339	-1	
339	343	-4	
337	343	1	
273	337	-1	
387	388	-2	
388	396	3	
394	396	3	
394	399	-3	
391	399	-3	
387	391	3	
24	30	-3	
25	30	-2	
25	89	-3	
89	93	2	
88	93	2	
24	88	2	
432	437	-2	
437	445	-4	
441	445	3	
441	446	3	
438	446	-3	
432	438	3	
200	205	2	
205	213	-2	
209	213	4	
209	214	3	
206	214	-2	
200	206	-4	
161	165	3	
165	173	-1	
169	173	-3	
169	174	2	
166	174	-2	
161	166	3	
296	301	5	
301	309	2	
304	309	3	
304	310	-2	
302	310	-1	
296	302	-3	
257	263	3	
259	263	4	
259	323	-3	
323	326	-3	
321	326	2	
257	321	3	
177	180	3	
179	180	2	
179	243	-2	
243	247	1	
241	247	-3	
177	241	-3	
64	70	-3	
70	78	2	
74	78	3	
74	79	-4	
71	79	3	
64	71	-1	
16	20	-3	
19	20	4	
19	83	-2	
83	85	3	
80	85	3	
16	80	-1	
355	357	2	
363	365	-3	
363	367	-4	
359	367	2	
355	359	-4	
51	53	-2	
53	61	-2	
57	61	3	
57	62	2	
54	62	2	
51	54	-5	
128	135	4	
129	135	-3	
129	193	-2	
193	197	-1	
192	197	-3	
128	192	-2	
344	350	4	
345	350	2	
345	409	-1	
409	414	2	
408	414	-3	
344	408	-1	
425	429	-3	
426	429	-3	
490	494	3	
489	494	3	
425	489	-3	
216	220	-1	
220	228	1	
227	228	3	
227	231	3	
223	231	2	
216	223	2	
104	109	3	
109	117	2	
114	117	-3	
114	118	2	
110	118	3	
104	110	3	
184	191	-5	
187	191	3	
187	251	3	
251	252	-2	
248	252	-3	
184	248	3	
33	36	2	
36	44	-2	
41	44	-3	
41	46	-3	
38	46	1	
33	38	4	
265	269	-2	
266	269	3	
266	330	-3	
330	333	4	
329	333	1	
265	329	-2	
369	374	3	
374	382	2	
379	382	4	
379	383	3	
375	383	-1	
369	375	3	
3	5	-2	
5	13	3	
8	13	-2	
8	14	-4	
6	14	2	
3	6	4	
451	452	-4	
452	460	1	
458	460	-2	
458	463	-3	
451	455	-4	
393	396	-3	
396	404	1	
402	404	-2	
402	406	-2	
398	406	-1	
393	398	-2	
313	316	2	
314	316	-2	
314	317	2	
312	319	-2	
313	319	-3	
265	268	-1	
268	276	-3	
273	276	3	
273	279	4	
271	279	1	
265	271	-4	
232	236	-1	
235	239	-2	
233	239	3	
233	238	2	
473	476	-1	
475	476	-4	
475	478	3	
474	478	3	
474	477	-2	
96	101	-2	
97	101	-2	
97	102	2	
99	102	3	
99	103	2	
499	501	3	
501	509	3	
507	509	-2	
507	511	-3	
503	511	4	
288	295	2	
290	295	-3	
290	354	2	
354	356	-2	
352	356	2	
288	352	-3	
418	420	3	
419	420	-2	
419	483	3	
483	485	-2	
482	485	1	
418	482	-3	
138	141	-1	
141	149	1	
145	151	2	
143	151	1	
34	39	-2	
35	99	1	
99	100	3	
34	98	2	
417	421	3	
417	481	-3	
481	486	2	
480	486	3	
416	480	3	
123	126	2	
121	127	-2	
120	127	3	
298	300	3	
299	363	2	
363	364	-2	
362	364	-4	
298	362	2	
328	334	3	
334	342	1	
338	343	-3	
335	343	-1	
328	335	2	
453	461	-1	
456	461	-3	
456	462	-4	
450	454	-3	
425	430	-3	
427	430	-2	
491	494	-3	
152	156	-3	
156	164	1	
163	166	2	
158	166	-1	
152	158	-3	
323	327	-1	
323	387	-1	
387	389	2	
384	389	-2	
320	384	-1	
106	109	3	
107	109	3	
171	174	2	
170	174	2	
225	231	3	
227	291	1	
291	292	-4	
225	289	2	
49	55	-2	
49	113	-3	
112	119	1	
48	112	-4	
257	262	2	
257	261	4	
176	180	-2	
178	180	4	
178	242	-3	
242	247	3	
240	247	-2	
176	240	2	
403	405	-3	
405	413	2	
411	413	1	
411	414	-3	
406	414	2	
403	406	-2	
464	468	-2	
466	468	-4	
467	471	-3	
17	20	4	
19	21	3	
18	23	-2	
441	444	3	
441	505	3	
440	504	2	
41	45	2	
43	45	-1	
43	46	3	
42	46	-1	
41	47	-3	
69	77	2	
72	79	-2	
67	71	2	
369	372	-2	
370	434	-2	
434	437	-2	
433	437	-2	
369	433	2	
283	284	-2	
347	350	2	
346	350	-2	
282	346	1	
203	207	3	
202	206	-2	
201	206	-2	
304	308	3	
307	308	-2	
306	309	-2	
86	94	3	
90	94	-2	
90	95	1	
87	95	1	
241	244	-3	
244	252	-2	
250	252	1	
245	253	2	
241	245	1	
0	4	3	
2	66	-4	
64	68	3	
0	64	4	
130	135	-3	
131	135	1	
131	195	-2	
195	197	-2	
194	197	4	
130	194	2	
105	108	3	
108	116	2	
115	118	-3	
105	110	3	
57	60	-3	
59	62	-2	
210	214	-2	
211	214	4	
211	275	2	
275	279	1	
274	279	-3	
210	274	-3	
186	189	-4	
184	189	-1	
185	191	2	
11	12	2	
11	75	-2	
9	73	-1	
443	507	3	
506	511	2	
442	506	-4	
368	373	-2	
371	435	2	
432	439	-3	
368	432	2	
24	28	2	
27	29	2	
25	29	-2	
25	31	2	
24	31	-3	
153	157	-2	
155	157	-4	
155	219	-1	
217	221	3	
264	269	-4	
267	269	1	
267	331	-3	
328	332	-1	
264	328	-2	
249	254	3	
251	254	-2	
251	315	1	
315	318	-3	
313	318	2	
249	313	-1	
129	133	-3	
133	141	3	
136	141	-2	
136	142	2	
134	142	-4	
129	134	1	
226	230	2	
226	290	1	
290	294	-3	
288	294	3	
224	288	-2	
321	325	-1	
322	386	-1	
386	390	3	
321	385	1	
482	484	3	
484	492	-2	
488	495	2	
487	495	3	
482	487	3	
408	412	-2	
410	412	3	
410	474	2	
474	479	4	
472	479	2	
408	472	3	
168	173	-4	
173	181	2	
177	181	2	
177	183	2	
175	183	-3	
168	175	-1	
339	340	-4	
345	348	4	
345	349	2	
339	341	3	
209	212	1	
212	220	-2	
218	220	3	
218	223	2	
209	215	2	
392	396	-2	
394	397	-1	
393	397	-3	
393	399	-2	
392	399	-3	
234	239	3	
234	298	1	
297	303	-2	
233	297	1	
272	276	-2	
276	284	2	
281	284	-4	
281	285	-1	
277	285	-2	
84	92	-3	
91	92	2	
91	93	1	
85	93	-1	
81	85	-2	
353	359	2	
355	419	1	
419	422	-1	
353	417	2	
33	37	2	
34	37	3	
98	102	-2	
33	97	3	
8	12	-2	
9	15	-1	
9	14	-2	
498	502	3	
496	502	-2	
497	503	3	
146	150	3	
147	150	3	
448	452	-2	
449	453	-2	
161	164	-2	
161	167	-2	
162	166	2	
160	166	2	
51	52	2	
50	54	2	
50	53	-2	
425	428	-2	
427	428	2	
424	431	-1	
424	429	-4	
192	198	-2	
192	199	3	
400	404	-3	
401	404	-3	
216	222	4	
217	281	-1	
280	287	2	
216	280	3	
459	463	-3	
292	300	-1	
296	300	2	
293	301	1	
291	293	-2	
362	367	3	
3	67	-2	
1	65	2	
88	95	-3	
89	95	2	
89	153	-2	
153	159	2	
88	152	-3	
114	116	1	
116	124	-3	
123	127	2	
119	127	-3	
114	119	-1	
137	141	2	
139	141	-3	
203	205	2	
201	205	-1	
409	415	3	
411	475	-2	
475	477	-1	
409	473	1	
176	181	-2	
181	189	1	
182	190	2	
350	358	-2	
355	358	-2	
351	359	-3	
240	246	2	
246	254	-3	
247	255	-3	
308	316	-3	
315	316	-2	
310	318	-3	
266	268	2	
270	278	-3	
370	374	1	
371	374	1	
434	436	2	
258	263	3	
323	324	2	
258	322	1	
40	47	-1	
42	106	-2	
104	111	-2	
40	104	-1	
169	172	-1	
171	235	2	
233	237	-2	
169	233	-2	
74	77	-3	
77	85	1	
83	87	3	
79	87	-1	
442	445	-1	
443	445	-1	
507	508	-3	
22	30	2	
26	31	3	
23	31	-1	
480	485	4	
485	493	1	
488	494	3	
486	494	2	
330	332	-2	
332	340	-1	
336	340	-2	
336	341	-2	
333	341	-1	
385	388	2	
387	390	-2	
385	391	1	
131	132	-4	
208	213	-2	
161	225	1	
225	229	2	
160	224	1	
464	469	3	
467	469	3	
466	470	-1	
464	471	-1	
97	100	-2	
96	100	-2	
32	96	-2	
56	62	3	
56	63	3	
55	63	2	
51	55	2	
394	458	-2	
456	460	1	
392	456	-2	
408	413	-1	
474	476	1	
149	157	-2	
150	158	-2	
418	422	-2	
416	422	-2	
321	327	3	
11	14	1	
72	76	3	
8	72	2	
216	221	-2	
218	221	3	
218	282	2	
282	286	-2	
43	107	2	
41	105	1	
294	302	1	
299	302	-4	
295	303	-1	
347	348	2	
345	351	-2	
177	182	1	
481	484	2	
491	492	3	
269	277	-1	
275	277	2	
337	342	-3	
338	402	-2	
401	406	-3	
337	401	1	
436	444	2	
25	28	-3	
35	37	-3	
372	380	1	
379	380	2	
368	374	3	
57	121	-2	
56	120	1	
66	71	2	
65	71	2	
65	70	-1	
83	84	-2	
89	92	-1	
89	94	-2	
83	86	-1	
250	255	-2	
250	314	-1	
312	316	-3	
248	312	-1	
243	307	-2	
305	311	1	
241	305	-2	
229	237	1	
230	238	-2	
440	445	3	
440	447	2	
439	447	1	
197	205	-2	
202	205	3	
199	207	2	
184	188	-2	
185	190	3	
19	22	-2	
497	501	-2	
504	509	2	
502	510	2	
48	52	3	
50	114	-2	
192	196	2	
196	204	-2	
200	204	1	
198	206	2	
421	429	-1	
419	421	-3	
74	138	-1	
138	142	1	
73	137	-2	
228	236	2	
231	239	-1	
208	215	-2	
272	279	-3	
208	272	3	
262	270	-1	
265	270	-2	
263	271	1	
450	452	-2	
451	453	-2	
3	4	2	
2	6	-2	
1	5	2	
170	173	2	
171	175	3	
168	174	-2	
147	148	2	
148	156	3	
151	159	-1	
99	101	2	
99	163	1	
98	162	-2	
384	388	-2	
404	412	2	
407	415	2	
242	244	3	
251	253	-2	
309	317	3	
313	317	-1	
311	319	-3	
426	430	-1	
490	493	-2	
489	493	-2	
288	293	-2	
289	353	-1	
365	373	2	
369	373	-2	
367	375	2	
361	367	-1	
219	220	3	
219	283	2	
283	287	-1	
282	287	2	
26	90	1	
321	324	2	
320	324	-1	
256	320	-3	
500	508	3	
505	508	1	
505	511	-2	
113	118	3	
106	110	1	
468	476	1	
475	479	2	
471	479	-1	
34	36	-1	
37	45	1	
130	134	3	
139	143	-2	
135	143	-1	
336	343	-3	
298	301	-2	
296	303	-2	
82	84	1	
82	85	-2	
80	86	-2	
331	335	1	
330	335	2	
457	460	-3	
458	461	-1	
457	461	3	
59	60	3	
58	61	-3	
58	62	-3	
483	487	3	
482	486	2	
32	39	4	
33	39	1	
97	103	-2	
120	124	3	
121	125	3	
379	443	2	
376	440	-1	
314	378	2	
313	377	-3	
469	477	1	
473	478	2	
470	478	1	
111	119	-1	
219	222	2	
283	285	2	
280	285	-2	
241	246	2	
240	304	2	
27	91	2	
329	393	2	
328	392	-1	
435	499	2	
434	498	-2	
259	260	-3	
323	325	2	
320	325	1	
363	427	1	
362	426	1	
413	421	1	
414	422	1	
410	414	1	
172	180	-1	
174	182	2	
153	156	-1	
386	388	1	
448	454	-2	
67	68	-2	
67	131	1	
129	132	2	
65	129	-1	
290	293	-1	
291	355	2	
354	357	-3	
163	165	-2	
160	167	2	
75	78	-2	
73	79	-2	
273	277	1	
209	273	-2	
18	20	-1	
19	23	-1	
17	21	2	
44	52	-2	
47	55	2	
88	92	-2	
90	154	-2	
154	159	-3	
233	236	2	
232	239	3	
193	198	2	
184	190	1	
185	249	-2	
249	252	-2	
347	349	-3	
346	351	2	
227	229	-3	
226	231	1	
432	436	-1	
507	510	1	
504	511	1	
251	255	-2	
387	451	2	
385	449	2	
272	278	1	
45	53	-2	
46	54	-2	
40	46	-2	
260	268	1	
261	269	-1	
258	261	-2	
101	109	-1	
107	110	1	
102	110	1	
307	309	-1	
288	292	2	
83	147	1	
147	149	-1	
144	149	1	
80	144	2	
416	420	-2	
480	484	2	
201	207	-1	
408	415	-2	
297	361	2	
466	469	2	
465	470	-2	
114	178	1	
113	177	-1	
435	437	1	
435	438	-1	
214	222	1	
348	356	2	
353	358	2	
10	14	2	
14	22	-1	
16	22	-2	
15	23	-2	
57	63	-2	
26	28	-1	
27	30	-2	
24	29	2	
194	196	-2	
338	341	-1	
394	398	2	
458	462	2	
34	38	-2	
496	501	-1	
498	503	1	
289	295	-2	
4	12	1	
100	108	1	
103	111	1	
81	87	-1	
82	146	-2	
81	145	1	
376	380	-1	
312	376	2	
164	172	2	
170	172	-1	
234	237	2	
237	245	-1	
243	245	2	
238	246	-2	
91	155	1	
397	405	1	
400	405	-1	
399	407	1	
489	495	3	
117	125	-1	
203	267	1	
201	265	-1	
384	390	-2	
222	230	1	
224	231	2	
362	365	-2	
354	359	1	
49	54	-2	
51	115	-1	
304	311	2	
303	311	1	
459	462	-2	
256	262	2	
279	287	-2	
248	253	-2	
378	442	1	
217	220	-2	
211	215	-1	
207	215	1	
328	333	1	
499	500	-2	
307	371	1	
371	372	1	
306	370	-1	
118	126	1	
430	438	-1	
431	439	-1	
425	431	-1	
168	232	2	
224	228	1	
235	238	1	
400	406	-2	
186	250	2	
163	227	1	
162	226	1	
10	74	1	
32	36	-1	
344	349	1	
472	477	1	
315	379	-1	
290	292	-2	
449	452	1	
448	455	1	
297	301	2	
490	492	1	
491	493	1	
322	326	1	
322	327	1	
179	182	-1	
183	191	1	
107	111	1	
355	356	1	
275	276	-2	
73	77	-1	
75	139	1	
137	143	1	
202	204	1	
204	212	-1	
210	212	-1	
167	175	1	
267	270	2	
329	332	-1	
402	407	-2	
370	375	-1	
10	13	1	
42	44	-1	
106	108	-1	
59	123	1	
506	510	-1	
403	404	-1	
349	357	1	
170	234	2	
278	286	2	
66	69	-1	
64	69	-1	
428	436	1	
429	437	1	
187	188	1	
217	223	1	
21	29	1	
442	446	1	
68	76	1	
146	210	-1	
264	271	-1	
305	309	-1	
489	492	-1	
433	497	1	
432	496	-1	
274	278	-1	
128	133	-1	
17	81	-1	
227	230	-1	
330	394	1	
186	191	1	
145	148	-1	
386	389	-1	
450	455	-1	
281	345	1	
146	151	-1	
98	103	1	
97	161	1	
336	400	-1	
331	334	1	
48	54	-1	
113	116	1	
236	244	-1	
13	21	-1	
256	263	1	
Energy:	-2114	
