NumberOfQubits	504	
NumberOfSubgraphs	504	
Serial	369	
PlantedSolution:	
0	1	
1	-1	
2	-1	
3	-1	
4	1	
5	-1	
6	1	
8	-1	
9	-1	
10	1	
11	-1	
12	-1	
13	-1	
14	1	
15	-1	
16	1	
17	1	
18	1	
19	1	
20	-1	
21	-1	
22	1	
23	1	
24	-1	
25	1	
26	1	
27	1	
28	1	
29	1	
30	-1	
31	1	
32	-1	
33	-1	
34	-1	
35	-1	
36	1	
37	1	
38	1	
39	-1	
40	1	
41	-1	
42	1	
43	1	
44	1	
45	1	
46	-1	
47	-1	
48	1	
49	1	
50	-1	
51	1	
52	-1	
53	1	
54	1	
55	1	
56	1	
57	-1	
58	-1	
59	-1	
60	-1	
61	1	
62	-1	
63	-1	
64	-1	
65	1	
66	-1	
67	1	
68	1	
69	-1	
70	1	
71	-1	
72	1	
73	-1	
74	1	
75	1	
76	1	
77	-1	
78	-1	
79	-1	
80	-1	
81	1	
82	1	
83	1	
84	1	
85	-1	
86	-1	
87	-1	
88	1	
89	1	
90	1	
91	-1	
92	-1	
93	1	
94	-1	
95	-1	
96	-1	
97	-1	
98	-1	
99	-1	
100	1	
101	-1	
102	1	
103	-1	
104	1	
105	1	
106	-1	
107	-1	
108	-1	
109	1	
110	1	
111	-1	
112	1	
113	-1	
114	-1	
115	-1	
116	1	
117	1	
118	1	
119	1	
120	1	
121	-1	
123	1	
124	1	
125	1	
126	-1	
127	-1	
128	-1	
129	-1	
130	1	
131	-1	
132	1	
133	1	
134	1	
135	1	
136	-1	
137	1	
138	-1	
139	1	
141	-1	
142	1	
143	1	
144	1	
145	1	
146	1	
147	1	
148	1	
149	-1	
150	1	
151	1	
152	1	
153	-1	
154	1	
155	-1	
156	1	
157	-1	
158	-1	
159	-1	
160	-1	
161	-1	
162	-1	
163	1	
164	1	
165	-1	
166	1	
167	1	
168	-1	
169	-1	
170	1	
171	1	
172	-1	
173	1	
174	-1	
175	-1	
176	-1	
177	-1	
178	1	
179	1	
180	1	
181	1	
182	1	
183	1	
184	1	
185	-1	
186	-1	
187	1	
188	-1	
189	-1	
190	1	
191	1	
192	-1	
193	1	
194	1	
195	1	
196	-1	
197	1	
198	-1	
199	-1	
200	1	
201	-1	
202	-1	
203	1	
204	-1	
205	-1	
206	-1	
207	-1	
208	1	
209	-1	
210	-1	
211	-1	
212	-1	
213	1	
214	1	
215	1	
216	1	
217	1	
218	-1	
219	1	
220	-1	
221	-1	
222	-1	
223	-1	
224	-1	
225	1	
226	-1	
227	-1	
228	-1	
229	1	
230	-1	
231	-1	
232	-1	
233	-1	
234	-1	
235	1	
236	1	
237	1	
238	1	
239	-1	
240	-1	
241	1	
242	1	
243	-1	
244	-1	
245	-1	
246	-1	
247	-1	
248	-1	
249	1	
250	1	
251	-1	
252	1	
253	1	
254	-1	
255	1	
256	-1	
257	1	
258	1	
259	-1	
260	-1	
261	-1	
262	-1	
263	1	
264	-1	
265	1	
266	1	
267	1	
268	-1	
269	-1	
270	-1	
271	1	
272	-1	
273	1	
274	1	
275	-1	
276	-1	
277	-1	
278	-1	
279	1	
280	1	
281	1	
282	-1	
283	1	
284	-1	
285	1	
286	-1	
287	1	
288	-1	
289	-1	
290	-1	
291	-1	
292	-1	
293	-1	
294	1	
295	-1	
296	1	
297	-1	
298	-1	
299	1	
300	-1	
301	1	
302	1	
303	-1	
304	-1	
305	-1	
306	-1	
307	1	
308	-1	
309	1	
310	1	
311	-1	
312	1	
313	1	
314	1	
315	-1	
316	1	
317	-1	
318	-1	
319	-1	
320	1	
321	-1	
322	-1	
323	1	
324	1	
325	1	
326	1	
327	1	
328	-1	
329	1	
330	1	
331	-1	
332	-1	
333	-1	
334	1	
335	-1	
336	1	
337	-1	
338	-1	
339	-1	
340	1	
341	1	
342	1	
343	-1	
344	-1	
345	-1	
346	1	
347	-1	
348	1	
349	1	
350	-1	
351	-1	
352	-1	
353	1	
354	1	
355	-1	
356	-1	
357	-1	
358	-1	
359	1	
361	-1	
362	-1	
363	-1	
364	1	
365	-1	
367	1	
368	-1	
369	1	
370	-1	
371	-1	
372	-1	
373	1	
374	-1	
375	-1	
376	-1	
377	-1	
378	-1	
379	1	
380	1	
382	1	
383	1	
384	1	
385	-1	
386	-1	
387	1	
388	-1	
389	-1	
390	1	
391	1	
392	-1	
393	1	
394	1	
396	-1	
397	-1	
398	-1	
399	1	
400	-1	
401	1	
402	1	
403	1	
404	-1	
405	1	
406	1	
407	1	
408	1	
409	-1	
410	-1	
411	1	
412	-1	
413	1	
414	-1	
415	1	
416	-1	
417	-1	
418	1	
419	-1	
420	-1	
421	1	
422	1	
424	1	
425	1	
426	1	
427	-1	
428	1	
429	-1	
430	-1	
431	-1	
432	-1	
433	1	
434	1	
435	1	
436	1	
437	1	
438	-1	
439	1	
440	-1	
441	1	
442	-1	
443	1	
444	-1	
445	-1	
446	-1	
447	-1	
448	-1	
449	-1	
450	1	
451	-1	
452	1	
453	1	
454	-1	
455	1	
456	-1	
457	1	
458	-1	
459	1	
460	-1	
461	-1	
462	-1	
463	1	
464	-1	
465	-1	
466	1	
467	-1	
468	-1	
469	1	
470	1	
471	-1	
472	-1	
473	-1	
474	1	
475	1	
476	-1	
477	1	
478	1	
479	-1	
480	-1	
481	1	
482	-1	
483	1	
484	1	
485	1	
486	1	
487	-1	
488	-1	
489	-1	
490	1	
491	1	
492	1	
493	1	
494	1	
495	-1	
496	-1	
497	1	
498	1	
499	-1	
500	-1	
501	-1	
502	1	
503	-1	
504	-1	
505	1	
506	1	
507	1	
508	1	
509	-1	
510	1	
511	-1	
Js:	
154	159	2	
155	159	-4	
155	219	3	
219	220	3	
218	220	-3	
154	218	-3	
8	12	-2	
12	20	-3	
17	20	3	
17	22	2	
14	22	-3	
8	14	2	
259	261	-4	
261	269	-3	
266	269	2	
266	270	-3	
262	270	-2	
259	262	-3	
120	127	3	
121	127	-4	
121	185	-2	
185	190	-1	
184	190	-4	
120	184	-1	
144	148	2	
145	148	-3	
145	149	3	
147	149	1	
147	150	-3	
144	150	-3	
369	372	3	
371	372	-4	
371	375	-3	
370	375	-3	
370	373	-2	
369	373	-4	
328	332	-3	
329	332	2	
329	393	1	
393	398	2	
392	398	-3	
328	392	-2	
504	508	4	
507	508	-3	
507	509	3	
505	509	2	
505	511	4	
504	511	-2	
104	108	4	
107	108	-3	
107	171	2	
171	172	-3	
168	172	-2	
104	168	2	
299	300	1	
300	308	-3	
304	308	-1	
304	311	-3	
303	311	1	
299	303	3	
426	428	-4	
428	436	3	
433	436	-5	
433	438	2	
430	438	-3	
426	430	4	
193	198	2	
194	198	4	
194	258	-2	
258	263	-4	
257	263	-3	
193	257	-2	
2	5	-5	
3	5	-4	
3	67	4	
67	71	4	
66	71	-3	
2	66	-4	
216	222	3	
222	230	-3	
224	230	-4	
224	231	-2	
223	231	2	
216	223	3	
33	38	3	
34	38	4	
34	98	-3	
98	100	3	
97	100	-2	
33	97	-4	
473	478	3	
478	486	-2	
481	486	2	
481	487	2	
479	487	-2	
473	479	-1	
203	204	2	
204	212	-2	
210	212	2	
210	214	3	
206	214	2	
203	206	3	
441	444	3	
442	444	-3	
442	447	-2	
443	447	4	
443	445	2	
441	445	4	
282	284	-4	
283	284	2	
283	287	-3	
281	287	-3	
281	285	-3	
282	285	2	
9	15	-2	
11	15	-3	
11	75	4	
75	76	1	
73	76	5	
9	73	-2	
80	84	2	
82	84	-3	
82	87	-1	
83	87	2	
83	86	1	
80	86	-5	
400	404	-3	
404	412	1	
409	412	-4	
409	415	2	
407	415	-3	
400	407	3	
457	460	4	
459	460	4	
459	461	-3	
456	461	-3	
456	463	4	
457	463	-2	
128	133	4	
129	133	3	
129	135	3	
130	135	-3	
130	134	-4	
128	134	2	
50	52	2	
51	52	3	
51	115	3	
115	119	2	
114	119	2	
50	114	-3	
448	452	3	
451	452	4	
451	455	-3	
450	455	-2	
450	454	3	
448	454	-4	
24	28	2	
28	36	-1	
35	36	2	
35	37	-3	
29	37	-3	
24	29	3	
488	492	2	
492	500	2	
496	500	-3	
496	502	2	
494	502	1	
488	494	3	
336	341	-3	
339	341	4	
339	342	3	
338	342	2	
338	343	3	
336	343	2	
403	405	-3	
405	413	-2	
410	413	-4	
410	414	-3	
406	414	2	
403	406	-2	
162	165	-3	
165	173	4	
170	173	-2	
170	175	2	
167	175	2	
162	167	-2	
232	236	2	
233	236	3	
233	238	3	
235	238	-3	
235	239	3	
232	239	2	
88	92	2	
91	92	-3	
91	94	-2	
89	94	3	
89	93	-3	
88	93	-3	
48	54	1	
54	62	3	
56	62	3	
56	63	3	
55	63	2	
48	55	-4	
344	349	3	
349	357	-2	
355	357	-2	
355	359	2	
351	359	1	
344	351	-4	
273	277	3	
274	277	2	
274	278	4	
275	278	-4	
275	279	-1	
273	279	-2	
248	252	3	
250	252	-1	
250	255	-4	
249	255	-3	
249	254	-2	
248	254	-4	
177	180	2	
178	180	-3	
178	183	-4	
176	183	3	
176	182	2	
177	182	-3	
288	292	-4	
290	292	-3	
290	293	3	
289	293	-3	
289	295	-5	
288	295	-1	
321	326	2	
322	326	4	
322	386	-1	
386	391	1	
385	391	4	
321	385	1	
136	141	-3	
139	141	3	
139	142	-4	
137	142	-2	
137	143	-3	
136	143	-2	
312	318	4	
313	318	2	
313	377	2	
377	382	3	
376	382	4	
312	376	2	
240	245	-3	
241	245	2	
241	247	3	
242	247	4	
242	246	3	
240	246	1	
416	420	-4	
418	420	3	
418	422	-3	
417	422	4	
417	421	4	
416	421	3	
40	44	-3	
41	44	4	
41	47	-2	
43	47	2	
43	45	3	
40	45	-3	
200	205	1	
201	205	-3	
201	265	3	
265	271	-2	
264	271	-1	
200	264	2	
489	493	-2	
493	501	2	
499	501	-4	
499	503	-2	
495	503	-1	
489	495	-2	
361	364	4	
362	364	4	
362	367	2	
363	367	5	
363	365	-4	
361	365	1	
467	468	-2	
468	476	-3	
472	476	-3	
472	477	1	
469	477	-1	
467	469	-3	
152	156	-4	
156	164	2	
160	164	2	
160	166	4	
158	166	3	
152	158	3	
345	348	-3	
348	356	1	
353	356	5	
353	358	3	
350	358	-2	
345	350	-4	
320	325	-4	
323	325	-3	
323	387	-2	
387	388	3	
384	388	1	
320	384	2	
105	109	-2	
109	117	2	
113	117	2	
113	118	2	
110	118	-3	
105	110	-1	
0	4	-4	
1	4	5	
1	65	-4	
65	68	-1	
64	68	2	
0	64	4	
427	429	2	
429	437	2	
432	437	3	
432	439	3	
431	439	2	
427	431	-3	
314	317	3	
315	317	-3	
315	379	-2	
379	383	-3	
378	383	3	
314	378	2	
297	301	3	
301	309	-3	
307	309	1	
307	310	-3	
302	310	-1	
297	302	2	
480	484	3	
482	484	-1	
482	485	4	
483	485	-2	
483	487	2	
480	487	-2	
90	93	-2	
93	101	-1	
99	101	-2	
99	103	-4	
95	103	-2	
90	95	3	
266	268	1	
267	268	2	
267	331	3	
331	333	-3	
330	333	-1	
266	330	-2	
401	405	-3	
402	405	-2	
402	466	-2	
466	471	4	
465	471	3	
401	465	2	
58	60	-4	
59	60	-2	
59	63	-4	
57	63	-3	
57	61	4	
58	61	-3	
16	22	-2	
22	30	3	
27	30	3	
27	31	-4	
23	31	-3	
16	23	1	
64	69	-2	
69	77	-3	
72	77	-2	
72	78	3	
70	78	1	
64	70	3	
217	220	2	
220	228	2	
225	228	2	
225	229	-1	
221	229	3	
217	221	4	
179	180	-3	
180	188	3	
186	188	-3	
186	189	-4	
181	189	3	
179	181	2	
208	212	2	
209	212	-2	
209	213	-1	
211	213	3	
211	215	2	
208	215	-5	
192	199	-4	
195	199	3	
195	259	3	
259	260	-2	
256	260	-2	
192	256	-3	
112	116	-4	
116	124	-1	
123	124	4	
123	125	-3	
117	125	-3	
112	117	-2	
280	284	2	
284	292	3	
291	292	-1	
291	294	3	
286	294	3	
280	286	3	
385	389	1	
389	397	-4	
394	397	3	
394	399	-2	
391	399	-4	
32	39	2	
33	39	-2	
97	102	2	
96	102	3	
32	96	-3	
185	191	3	
187	191	-3	
187	251	3	
251	253	2	
249	253	3	
185	249	3	
232	237	2	
234	237	4	
234	298	-3	
298	302	-1	
296	302	-3	
232	296	3	
146	149	3	
149	157	-3	
153	157	2	
153	159	-3	
151	159	2	
146	151	-3	
74	77	2	
77	85	-2	
81	85	4	
81	87	3	
79	87	-2	
74	79	-4	
449	453	3	
453	461	3	
458	461	-3	
458	462	-3	
454	462	-3	
449	454	-3	
42	45	-2	
45	53	-2	
49	53	1	
49	54	-3	
46	54	1	
42	46	4	
272	276	-4	
273	276	4	
273	337	-1	
337	340	5	
336	340	-3	
272	336	1	
10	13	4	
13	21	-2	
18	21	3	
18	23	-3	
15	23	-2	
10	15	3	
440	446	-4	
442	446	-4	
442	506	2	
506	510	-5	
504	510	-1	
440	504	-2	
105	111	3	
106	111	-4	
106	170	2	
170	174	2	
169	174	-2	
105	169	2	
347	351	-2	
347	411	2	
411	412	2	
408	412	-2	
344	408	1	
241	244	2	
243	244	-4	
243	307	3	
307	308	2	
305	308	-5	
241	305	-1	
161	167	3	
163	167	-3	
163	227	-2	
227	231	-3	
225	231	4	
161	225	3	
138	143	4	
138	202	-2	
202	207	-2	
201	207	-2	
137	201	-1	
128	132	3	
131	132	4	
131	195	1	
195	196	-2	
192	196	-2	
128	192	-1	
306	311	5	
306	370	-2	
370	374	-2	
368	374	-4	
304	368	-2	
434	436	2	
434	498	-3	
498	501	2	
497	501	2	
433	497	-2	
464	468	-4	
475	476	2	
475	478	3	
470	478	-1	
464	470	4	
323	324	-2	
324	332	3	
330	332	2	
330	335	-3	
327	335	2	
323	327	-4	
352	356	1	
355	356	-2	
354	357	2	
354	359	-4	
352	359	3	
488	493	4	
490	493	3	
490	495	3	
491	495	4	
491	494	-3	
388	396	-2	
392	396	3	
390	398	4	
387	390	-1	
25	28	3	
26	28	-4	
26	30	2	
25	31	-2	
313	316	-3	
315	316	3	
315	318	-2	
312	319	4	
313	319	3	
425	428	2	
427	428	4	
424	431	3	
424	429	3	
425	429	3	
226	228	-2	
228	236	-3	
230	238	1	
226	230	-2	
3	4	2	
2	6	3	
1	6	-1	
432	438	-2	
435	438	3	
435	499	1	
496	503	3	
432	496	-2	
325	333	2	
329	333	-3	
329	334	-3	
326	334	-1	
320	326	-4	
419	420	-3	
419	483	3	
483	486	-2	
480	486	2	
416	480	-3	
114	118	3	
118	126	-2	
121	126	-4	
119	127	2	
19	21	2	
19	83	-2	
83	84	-3	
18	82	-3	
377	380	-2	
379	380	-3	
379	443	-3	
441	447	1	
377	441	3	
408	413	-2	
410	474	3	
474	479	5	
472	479	-2	
408	472	3	
338	341	2	
341	349	-1	
346	349	-3	
346	350	-2	
342	350	2	
194	197	3	
197	205	3	
202	205	-2	
202	206	-3	
198	206	-3	
217	223	2	
217	281	-1	
281	286	2	
216	280	2	
32	37	3	
35	39	-4	
34	39	-2	
32	38	1	
65	70	-3	
66	70	2	
66	130	1	
130	133	-1	
65	129	-1	
293	301	1	
299	301	-2	
295	303	2	
401	406	-2	
403	467	3	
467	471	-3	
187	190	-2	
251	252	3	
184	248	2	
154	156	-3	
154	158	2	
171	175	3	
169	175	-2	
168	174	-3	
44	52	1	
48	52	3	
47	55	-2	
40	47	3	
364	372	1	
365	373	3	
362	365	3	
59	62	-3	
59	123	1	
120	124	-3	
56	120	-1	
113	116	2	
113	177	1	
177	181	2	
176	181	3	
112	176	2	
240	244	-2	
243	246	-2	
240	247	-3	
450	452	-2	
449	455	3	
450	453	-3	
25	29	2	
25	89	-4	
88	94	3	
24	88	4	
98	101	-2	
101	109	4	
104	109	-2	
104	110	-1	
102	110	-2	
98	102	-3	
264	268	-4	
268	276	-1	
275	276	1	
275	277	-1	
269	277	-3	
264	269	-2	
267	270	-2	
270	278	-1	
274	279	-2	
271	279	-3	
267	271	-3	
506	509	2	
507	511	4	
505	510	-4	
67	68	3	
68	76	-2	
72	76	-1	
72	79	2	
71	79	-2	
145	209	1	
209	215	3	
144	208	-2	
9	13	-3	
10	74	1	
74	78	2	
73	78	-2	
459	463	-2	
458	463	2	
457	462	2	
258	260	2	
257	262	2	
256	262	3	
418	482	2	
481	485	-3	
417	481	-2	
409	414	-2	
411	414	2	
411	475	-3	
475	477	-3	
473	477	-4	
409	473	-3	
425	430	2	
426	490	-1	
490	492	-3	
489	492	3	
425	489	-2	
374	382	3	
376	383	3	
375	383	-1	
368	375	-1	
393	396	3	
396	404	1	
402	404	3	
402	407	-2	
399	407	-1	
393	399	-2	
210	213	4	
213	221	1	
219	221	3	
219	222	1	
214	222	-1	
92	100	2	
96	100	-1	
96	103	-3	
91	95	-3	
288	294	3	
290	294	1	
290	354	3	
354	358	-1	
352	358	-4	
288	352	-2	
16	20	-2	
17	81	-2	
81	86	1	
16	80	3	
163	165	3	
227	229	3	
226	229	2	
162	226	-2	
43	46	1	
43	107	2	
107	111	-2	
42	106	-2	
193	196	3	
196	204	2	
200	204	2	
200	207	3	
199	207	-2	
193	199	2	
282	287	-1	
283	347	2	
347	348	3	
346	348	-3	
282	346	2	
308	316	2	
314	316	-2	
309	317	4	
305	309	-3	
321	324	4	
331	332	-2	
331	335	-2	
321	327	3	
433	437	-2	
434	437	1	
498	502	-3	
497	502	-4	
139	143	-2	
138	142	-2	
136	142	3	
52	60	-1	
53	61	-2	
51	53	-2	
298	300	-2	
296	300	4	
178	181	-2	
186	191	2	
183	191	2	
386	389	2	
394	398	2	
386	390	2	
4	12	-1	
11	12	-2	
11	14	2	
6	14	-2	
0	6	-4	
146	148	-3	
147	148	-3	
145	150	2	
145	151	-2	
464	469	4	
466	470	-5	
435	437	3	
437	445	1	
440	445	-2	
440	447	-2	
439	447	1	
435	439	-2	
153	156	2	
153	158	-1	
155	158	3	
155	157	-2	
152	157	3	
338	340	3	
339	343	-3	
337	342	2	
245	253	3	
250	253	-2	
247	255	-2	
129	132	1	
131	135	-4	
129	134	3	
299	302	-3	
299	363	-2	
361	367	4	
297	361	-3	
314	319	-2	
378	380	4	
376	380	1	
419	421	1	
483	484	3	
186	190	-1	
182	190	-2	
179	182	-2	
265	268	2	
265	329	-2	
328	334	2	
264	328	1	
169	173	3	
171	173	-1	
171	235	1	
233	239	-2	
169	233	-1	
306	310	-1	
307	371	1	
115	117	2	
120	125	-4	
120	126	2	
115	118	2	
497	500	1	
500	508	3	
505	508	-1	
502	510	1	
272	277	1	
277	285	2	
279	287	-2	
272	279	2	
384	389	2	
387	389	3	
387	451	-2	
384	448	2	
443	446	-1	
83	85	3	
85	93	2	
87	95	3	
33	36	3	
36	44	-2	
41	46	3	
38	46	2	
424	430	-1	
427	430	-2	
427	491	1	
491	493	-1	
424	488	2	
203	205	1	
289	294	2	
291	355	-2	
289	353	-1	
410	415	2	
474	477	-2	
50	53	3	
57	62	-2	
50	54	3	
75	77	1	
8	72	3	
160	167	-3	
160	224	-1	
257	261	2	
258	261	1	
258	322	1	
257	321	-1	
99	100	-1	
100	108	3	
105	108	2	
211	212	-3	
212	220	1	
218	223	-3	
215	223	1	
19	20	3	
20	28	-1	
19	22	-3	
345	349	1	
352	357	-1	
249	252	-1	
251	254	-1	
250	254	4	
401	404	1	
402	406	2	
400	406	3	
456	462	-3	
455	463	-2	
448	455	2	
66	68	2	
66	69	-2	
65	69	2	
49	55	-2	
51	55	-3	
113	119	3	
49	113	-2	
235	236	-3	
236	244	-1	
241	246	3	
238	246	2	
17	21	2	
21	29	1	
26	29	-2	
26	31	1	
17	23	-3	
435	436	1	
436	444	1	
440	444	-2	
438	446	-1	
458	460	-1	
460	468	-1	
465	468	-2	
465	469	2	
461	469	-1	
74	76	-2	
75	79	2	
75	78	3	
174	182	1	
178	182	-2	
175	183	-1	
168	175	-2	
259	263	2	
256	263	2	
292	300	-1	
296	303	1	
290	295	-2	
123	126	2	
123	187	1	
97	103	1	
99	163	2	
163	164	-2	
161	164	2	
97	161	-1	
280	285	-2	
283	285	2	
344	348	2	
280	344	1	
153	217	-2	
418	421	-3	
491	492	1	
490	494	-2	
489	494	1	
424	428	1	
426	431	1	
425	431	3	
411	413	-2	
472	478	3	
385	388	-2	
386	388	-4	
384	390	-3	
384	391	2	
5	13	1	
10	14	-2	
82	86	3	
82	146	1	
146	150	-2	
80	144	1	
201	204	-3	
202	204	-1	
202	266	2	
265	270	2	
224	229	2	
227	291	-2	
291	293	-3	
288	293	-1	
224	288	1	
372	380	2	
378	382	-1	
369	374	2	
504	509	3	
501	509	-2	
496	501	-2	
211	275	2	
210	274	2	
306	309	1	
313	317	2	
311	319	-2	
328	333	-2	
333	341	-1	
335	343	-2	
328	335	-2	
32	36	3	
34	37	2	
394	396	3	
393	397	3	
392	399	3	
40	104	-2	
133	141	2	
137	141	3	
134	142	1	
363	364	1	
320	324	-1	
322	327	-2	
322	325	2	
208	214	1	
209	214	2	
209	273	3	
208	272	3	
154	157	2	
218	222	-3	
152	216	-2	
337	401	-2	
401	407	-2	
336	400	1	
90	92	2	
94	102	1	
90	94	2	
56	60	-2	
57	60	-3	
59	61	2	
56	61	-3	
162	164	2	
164	172	2	
170	172	3	
139	203	2	
203	207	3	
136	200	3	
42	47	4	
41	105	2	
474	476	2	
476	484	-1	
481	484	-3	
304	310	4	
305	310	-1	
305	369	1	
368	373	2	
48	53	-2	
114	116	-3	
48	112	-2	
412	420	-2	
419	422	3	
414	422	-1	
237	245	-2	
242	245	1	
239	247	-1	
234	239	-3	
434	439	-3	
498	503	3	
282	286	-3	
346	351	1	
345	351	-3	
281	345	-1	
377	383	2	
266	271	2	
331	334	2	
330	334	-3	
64	71	-2	
67	131	-1	
64	128	-1	
184	188	-3	
186	250	2	
83	147	-1	
147	151	-3	
81	145	1	
451	453	4	
179	183	-3	
257	260	2	
258	262	2	
256	261	-2	
18	22	-1	
8	15	-4	
224	228	-2	
226	231	-2	
227	230	1	
354	356	-1	
298	301	2	
233	297	1	
506	511	-2	
192	197	2	
193	197	-2	
195	198	-1	
1	5	-2	
3	6	-2	
121	124	2	
123	127	-1	
58	62	-3	
58	63	2	
81	84	-1	
84	92	2	
403	407	-1	
107	110	2	
103	111	1	
9	12	2	
131	133	2	
138	141	-3	
135	143	-1	
185	189	-2	
187	189	3	
251	255	-2	
482	486	2	
486	494	-2	
487	495	-3	
482	487	1	
161	166	2	
162	166	-1	
225	230	1	
260	268	2	
370	372	-1	
371	435	2	
370	434	-2	
144	151	-2	
144	149	-2	
499	502	-1	
497	503	3	
307	311	2	
242	306	2	
27	29	-1	
31	39	1	
304	309	2	
310	318	-2	
43	44	-2	
41	45	-1	
216	221	1	
219	223	-1	
210	215	1	
274	276	-1	
106	109	1	
114	117	1	
106	110	3	
24	30	2	
27	91	3	
392	397	1	
387	391	-1	
160	165	1	
168	173	2	
166	174	2	
347	350	-1	
347	349	2	
441	446	2	
232	238	-2	
235	299	-1	
371	373	-1	
367	375	2	
203	267	-1	
403	404	3	
467	470	-1	
385	390	2	
385	449	2	
130	194	-1	
194	199	-1	
129	193	1	
285	293	1	
287	295	1	
280	287	2	
416	422	1	
273	278	1	
16	21	2	
97	101	-2	
96	101	1	
115	116	2	
115	179	-1	
176	180	1	
297	303	-2	
298	303	-1	
298	362	1	
244	252	-2	
248	253	2	
243	245	-1	
353	357	2	
354	418	1	
353	417	2	
394	458	-1	
393	457	-1	
507	510	-1	
410	412	-1	
411	415	-1	
408	415	2	
408	414	2	
312	316	-2	
315	319	-1	
314	318	2	
73	77	-2	
67	69	1	
434	438	1	
49	52	2	
112	119	-2	
205	213	2	
211	214	-1	
169	172	2	
171	174	2	
185	188	1	
187	188	2	
184	191	-2	
265	269	-1	
343	351	-1	
337	343	1	
499	500	-2	
227	228	-1	
233	237	2	
229	237	-1	
26	90	-3	
89	92	1	
471	479	1	
464	471	-1	
35	38	-1	
35	99	-2	
98	103	-1	
386	450	2	
40	46	1	
321	325	1	
246	254	-1	
248	255	1	
397	405	1	
400	405	1	
398	406	-1	
378	442	2	
177	183	1	
276	284	-1	
194	196	-1	
459	462	1	
11	13	1	
9	14	1	
369	375	2	
477	485	-1	
161	165	-1	
130	132	-2	
74	138	-1	
73	137	1	
82	85	-1	
195	197	-2	
67	70	-1	
305	311	1	
426	429	2	
443	444	-1	
443	507	-1	
441	505	-1	
200	206	1	
264	270	-2	
297	300	1	
99	102	1	
96	160	-1	
465	470	-1	
466	469	-1	
339	340	-1	
336	342	-2	
337	341	1	
39	47	1	
322	324	-2	
320	327	-1	
24	31	-1	
91	93	1	
356	364	2	
357	365	-1	
208	213	1	
150	158	2	
170	234	1	
168	232	-1	
498	500	-1	
480	485	2	
329	335	-1	
433	439	-1	
37	45	-1	
75	139	-1	
72	136	1	
272	278	-1	
278	286	1	
283	286	2	
376	440	2	
177	241	1	
176	240	-1	
267	269	-1	
263	271	-1	
355	358	2	
355	419	-2	
352	416	-1	
475	479	1	
452	460	2	
457	461	-1	
448	453	1	
368	372	-1	
368	432	-2	
131	134	2	
19	23	2	
10	12	2	
8	13	-1	
291	295	1	
225	289	1	
235	237	-1	
50	55	-1	
473	476	-1	
78	86	-1	
80	87	-1	
330	394	-1	
192	198	-2	
104	111	-1	
242	244	1	
449	452	-1	
147	211	-1	
159	167	1	
30	38	1	
89	95	1	
323	326	-1	
275	339	-1	
274	338	-1	
485	493	-2	
251	315	-1	
250	314	-1	
506	508	1	
76	84	1	
344	350	-1	
34	36	1	
234	238	1	
359	367	1	
353	359	-1	
484	492	-1	
148	156	1	
51	54	-1	
442	445	-1	
217	222	-1	
338	402	1	
451	454	1	
27	28	1	
65	71	1	
107	109	1	
413	421	1	
409	413	1	
379	382	1	
371	374	-1	
86	94	1	
334	342	-1	
111	119	-1	
179	243	1	
243	247	-1	
178	242	1	
128	135	1	
346	410	-1	
296	301	-1	
216	220	1	
219	283	-1	
231	239	-1	
400	464	1	
25	30	1	
306	308	-1	
488	495	1	
Energy:	-2106	
