NumberOfQubits	504	
NumberOfSubgraphs	756	
Serial	145	
PlantedSolution:	
0	1	
1	1	
2	1	
3	-1	
4	1	
5	-1	
6	-1	
8	1	
9	1	
10	-1	
11	-1	
12	-1	
13	-1	
14	-1	
15	1	
16	1	
17	1	
18	-1	
19	1	
20	-1	
21	-1	
22	1	
23	1	
24	1	
25	-1	
26	-1	
27	-1	
28	-1	
29	1	
30	1	
31	1	
32	-1	
33	1	
34	1	
35	-1	
36	1	
37	-1	
38	1	
39	1	
40	1	
41	-1	
42	1	
43	-1	
44	1	
45	1	
46	1	
47	-1	
48	-1	
49	1	
50	1	
51	-1	
52	1	
53	-1	
54	1	
55	-1	
56	-1	
57	-1	
58	1	
59	-1	
60	-1	
61	1	
62	1	
63	1	
64	-1	
65	-1	
66	-1	
67	1	
68	1	
69	-1	
70	-1	
71	-1	
72	1	
73	-1	
74	-1	
75	1	
76	-1	
77	-1	
78	1	
79	-1	
80	1	
81	-1	
82	-1	
83	1	
84	-1	
85	1	
86	1	
87	1	
88	1	
89	1	
90	-1	
91	-1	
92	1	
93	1	
94	1	
95	-1	
96	1	
97	-1	
98	1	
99	1	
100	1	
101	1	
102	-1	
103	1	
104	-1	
105	1	
106	-1	
107	1	
108	1	
109	1	
110	-1	
111	-1	
112	-1	
113	-1	
114	1	
115	1	
116	1	
117	1	
118	1	
119	1	
120	-1	
121	-1	
123	-1	
124	1	
125	1	
126	1	
127	-1	
128	1	
129	-1	
130	1	
131	1	
132	-1	
133	1	
134	1	
135	-1	
136	-1	
137	1	
138	1	
139	-1	
141	1	
142	-1	
143	-1	
144	-1	
145	1	
146	1	
147	1	
148	1	
149	-1	
150	1	
151	1	
152	1	
153	1	
154	1	
155	1	
156	1	
157	1	
158	1	
159	1	
160	1	
161	-1	
162	-1	
163	-1	
164	1	
165	1	
166	-1	
167	-1	
168	-1	
169	-1	
170	-1	
171	1	
172	1	
173	1	
174	1	
175	1	
176	-1	
177	-1	
178	-1	
179	-1	
180	-1	
181	-1	
182	-1	
183	-1	
184	-1	
185	1	
186	-1	
187	-1	
188	1	
189	-1	
190	1	
191	1	
192	-1	
193	1	
194	-1	
195	-1	
196	1	
197	-1	
198	-1	
199	-1	
200	-1	
201	-1	
202	1	
203	-1	
204	-1	
205	1	
206	1	
207	-1	
208	-1	
209	1	
210	1	
211	1	
212	1	
213	1	
214	-1	
215	-1	
216	1	
217	-1	
218	-1	
219	1	
220	-1	
221	-1	
222	-1	
223	1	
224	1	
225	1	
226	1	
227	-1	
228	-1	
229	-1	
230	1	
231	1	
232	-1	
233	-1	
234	1	
235	-1	
236	-1	
237	-1	
238	1	
239	1	
240	1	
241	1	
242	-1	
243	1	
244	-1	
245	-1	
246	-1	
247	1	
248	-1	
249	1	
250	-1	
251	-1	
252	1	
253	1	
254	-1	
255	1	
256	-1	
257	1	
258	-1	
259	1	
260	-1	
261	1	
262	-1	
263	-1	
264	1	
265	1	
266	1	
267	1	
268	1	
269	1	
270	1	
271	1	
272	1	
273	1	
274	-1	
275	1	
276	-1	
277	1	
278	-1	
279	-1	
280	1	
281	-1	
282	-1	
283	1	
284	1	
285	-1	
286	1	
287	-1	
288	1	
289	-1	
290	1	
291	-1	
292	1	
293	1	
294	-1	
295	1	
296	-1	
297	-1	
298	-1	
299	-1	
300	1	
301	-1	
302	-1	
303	1	
304	-1	
305	-1	
306	-1	
307	1	
308	1	
309	-1	
310	1	
311	1	
312	1	
313	-1	
314	-1	
315	1	
316	-1	
317	1	
318	1	
319	1	
320	1	
321	-1	
322	1	
323	-1	
324	1	
325	-1	
326	1	
327	-1	
328	1	
329	-1	
330	1	
331	1	
332	1	
333	-1	
334	1	
335	1	
336	-1	
337	1	
338	1	
339	-1	
340	1	
341	1	
342	-1	
343	-1	
344	1	
345	1	
346	-1	
347	-1	
348	-1	
349	1	
350	1	
351	1	
352	-1	
353	-1	
354	1	
355	-1	
356	1	
357	-1	
358	-1	
359	-1	
361	-1	
362	1	
363	-1	
364	-1	
365	1	
367	-1	
368	1	
369	-1	
370	-1	
371	-1	
372	-1	
373	-1	
374	1	
375	-1	
376	1	
377	1	
378	1	
379	-1	
380	1	
382	-1	
383	-1	
384	-1	
385	1	
386	1	
387	1	
388	1	
389	1	
390	1	
391	1	
392	-1	
393	-1	
394	1	
396	-1	
397	-1	
398	1	
399	1	
400	1	
401	1	
402	1	
403	1	
404	-1	
405	-1	
406	-1	
407	-1	
408	-1	
409	1	
410	-1	
411	1	
412	-1	
413	-1	
414	-1	
415	1	
416	1	
417	-1	
418	1	
419	1	
420	1	
421	-1	
422	1	
424	-1	
425	-1	
426	1	
427	-1	
428	-1	
429	1	
430	1	
431	1	
432	-1	
433	1	
434	-1	
435	1	
436	1	
437	1	
438	-1	
439	-1	
440	1	
441	1	
442	1	
443	1	
444	1	
445	1	
446	-1	
447	-1	
448	1	
449	1	
450	-1	
451	-1	
452	1	
453	-1	
454	1	
455	1	
456	-1	
457	-1	
458	1	
459	1	
460	1	
461	1	
462	1	
463	-1	
464	1	
465	-1	
466	-1	
467	-1	
468	-1	
469	1	
470	-1	
471	1	
472	1	
473	-1	
474	-1	
475	1	
476	1	
477	-1	
478	-1	
479	1	
480	-1	
481	1	
482	-1	
483	1	
484	1	
485	-1	
486	-1	
487	1	
488	1	
489	-1	
490	-1	
491	1	
492	-1	
493	1	
494	-1	
495	-1	
496	1	
497	-1	
498	1	
499	-1	
500	-1	
501	-1	
502	-1	
503	-1	
504	1	
505	-1	
506	1	
507	-1	
508	1	
509	-1	
510	1	
511	1	
Js:	
370	373	-3	
371	373	-2	
371	375	-4	
369	375	2	
369	374	3	
370	374	5	
264	269	-5	
269	277	-3	
273	277	-5	
273	279	3	
271	279	4	
264	271	4	
353	357	-4	
354	357	6	
354	358	3	
352	358	-6	
352	359	3	
353	359	-3	
322	325	6	
325	333	-3	
328	333	-5	
328	335	-3	
327	335	3	
322	327	2	
152	157	-4	
157	165	5	
163	165	4	
163	167	-4	
159	167	2	
152	159	-1	
193	196	-4	
195	196	6	
195	199	-4	
194	199	-3	
194	198	-4	
193	198	4	
488	492	4	
489	492	2	
489	494	-5	
490	494	-2	
490	495	-4	
488	495	5	
338	341	-4	
341	349	2	
344	349	-3	
344	350	-3	
342	350	3	
338	342	4	
457	460	4	
460	468	1	
465	468	-4	
465	471	4	
463	471	-1	
457	463	-5	
313	317	4	
314	317	-3	
314	378	4	
378	382	4	
377	382	6	
313	377	3	
217	220	-4	
219	220	-4	
219	222	3	
216	222	3	
216	221	4	
217	221	-3	
112	116	3	
113	116	4	
113	117	3	
115	117	-4	
115	118	-2	
112	118	3	
242	245	-4	
243	245	2	
243	246	5	
241	246	5	
241	247	1	
242	247	6	
48	53	-6	
51	53	-5	
51	55	-2	
49	55	4	
49	54	-7	
48	54	3	
298	301	-6	
301	309	-3	
307	309	3	
307	310	-5	
302	310	-2	
298	302	-4	
89	94	-3	
94	102	3	
97	102	-4	
97	103	4	
95	103	4	
89	95	5	
168	172	4	
169	172	4	
169	174	4	
171	174	-3	
171	173	-3	
168	173	-5	
138	142	5	
139	142	-4	
139	203	-5	
203	204	-3	
202	204	3	
138	202	-4	
394	396	-4	
396	404	-4	
400	404	4	
400	406	3	
398	406	2	
394	398	-6	
80	86	-4	
82	86	5	
82	146	-2	
146	149	5	
144	149	-5	
80	144	2	
65	68	3	
67	68	-7	
67	69	-4	
66	69	-3	
66	70	-4	
65	70	-3	
56	60	-3	
59	60	-4	
59	62	-4	
57	62	2	
57	61	7	
56	61	6	
449	452	-3	
450	452	4	
450	453	-3	
451	453	-5	
451	454	5	
449	454	-2	
98	100	-3	
100	108	2	
106	108	2	
106	109	4	
101	109	-2	
98	101	-5	
27	29	2	
29	37	2	
32	37	3	
32	38	3	
30	38	-2	
27	30	3	
409	412	2	
412	420	3	
419	420	-4	
419	421	4	
413	421	3	
409	413	4	
40	44	-3	
43	44	7	
43	45	-1	
42	45	-6	
42	47	3	
40	47	5	
0	4	-3	
1	4	-5	
1	5	3	
3	5	-5	
3	6	3	
0	6	6	
288	292	-4	
289	292	-4	
289	293	5	
291	293	1	
291	295	7	
288	295	-5	
346	351	4	
347	351	-3	
347	411	4	
411	414	3	
410	414	-5	
346	410	-2	
432	438	-7	
435	438	4	
435	499	4	
499	501	-6	
496	501	4	
432	496	-3	
17	20	4	
19	20	-6	
19	22	-4	
18	22	4	
18	23	3	
17	23	-5	
320	326	-3	
323	326	5	
323	387	2	
387	390	4	
384	390	5	
320	384	1	
440	444	-4	
442	444	-2	
442	446	6	
443	446	2	
443	447	5	
440	447	-5	
73	77	3	
75	77	6	
75	78	-2	
74	78	6	
74	79	-4	
73	79	-3	
248	252	4	
251	252	3	
251	254	-6	
249	254	5	
249	255	-3	
248	255	5	
265	268	-4	
266	268	-4	
266	330	-3	
330	334	-2	
329	334	5	
265	329	4	
9	13	5	
11	13	-4	
11	15	3	
10	15	6	
10	14	3	
9	14	4	
480	485	-3	
481	485	4	
481	487	-3	
483	487	-6	
483	486	4	
480	486	-5	
280	284	-3	
282	284	3	
282	287	-4	
281	287	4	
281	286	4	
280	286	-5	
459	461	-4	
461	469	2	
467	469	4	
467	470	-2	
462	470	2	
459	462	-5	
120	124	-4	
121	124	6	
121	185	2	
185	190	-7	
184	190	3	
120	184	-3	
200	206	-3	
206	214	3	
211	214	6	
211	215	4	
207	215	-2	
200	207	-2	
176	180	4	
177	180	-2	
177	181	-3	
178	181	-5	
178	183	-3	
176	183	-5	
474	477	-7	
475	477	5	
475	479	-7	
473	479	-3	
473	478	-5	
474	478	-4	
426	428	6	
427	428	-3	
427	431	-4	
424	431	5	
424	429	3	
426	429	-2	
232	236	1	
233	236	-6	
233	238	6	
234	238	-2	
234	239	-4	
232	239	6	
160	164	-6	
162	164	5	
162	226	4	
226	229	4	
224	229	3	
160	224	-4	
505	508	5	
507	508	-3	
507	510	6	
504	510	-2	
504	509	5	
505	509	-5	
362	364	7	
363	364	-7	
363	367	-6	
361	367	-8	
361	365	6	
362	365	-6	
129	133	5	
131	133	-5	
131	135	5	
128	135	-5	
128	134	-2	
129	134	5	
433	436	-4	
434	436	7	
434	498	4	
498	500	-3	
497	500	-4	
433	497	5	
257	260	5	
258	260	-3	
258	262	-4	
256	262	-4	
256	263	-4	
257	263	6	
145	148	-3	
148	156	3	
155	156	-3	
155	158	-3	
150	158	-2	
145	150	-6	
305	308	3	
308	316	6	
312	316	5	
312	319	-2	
311	319	6	
305	311	3	
272	276	6	
275	276	4	
275	339	4	
339	343	-6	
336	343	-3	
272	336	2	
83	84	4	
84	92	2	
88	92	-7	
88	93	-4	
85	93	-3	
83	85	-4	
24	28	5	
28	36	1	
34	36	-5	
34	39	-7	
31	39	-1	
24	31	5	
385	389	-4	
389	397	5	
393	397	-5	
393	399	6	
391	399	-3	
385	391	-3	
224	228	4	
227	228	-3	
227	231	4	
225	231	-3	
225	230	-4	
224	230	2	
209	212	-3	
210	212	-5	
210	274	2	
274	278	-6	
273	278	-2	
209	273	-2	
296	300	4	
297	300	4	
297	303	5	
299	303	5	
299	302	-4	
296	302	-3	
368	372	4	
372	380	-3	
376	380	-6	
376	383	8	
375	383	-2	
368	375	5	
186	188	6	
187	188	3	
187	189	-6	
185	189	3	
185	191	-3	
186	191	8	
401	405	3	
402	405	5	
402	406	5	
403	406	3	
403	407	5	
401	407	5	
72	76	-5	
73	76	-5	
73	137	4	
137	141	-4	
136	141	4	
72	136	4	
417	422	2	
418	422	5	
418	482	7	
482	484	4	
481	484	-4	
417	481	5	
114	117	-3	
117	125	-4	
123	125	3	
123	127	-5	
119	127	5	
114	119	-4	
105	109	-4	
107	109	3	
107	111	3	
104	111	-5	
104	110	-3	
105	110	6	
331	332	-2	
332	340	-2	
337	340	-6	
337	343	-3	
335	343	2	
331	335	-4	
408	415	3	
409	415	-4	
409	473	4	
473	476	4	
472	476	-4	
408	472	5	
192	197	-3	
195	197	3	
195	259	2	
259	261	-4	
256	261	4	
192	256	-3	
435	437	-4	
437	445	-5	
441	445	-2	
441	447	3	
439	447	-3	
435	439	2	
144	151	4	
147	151	-4	
147	211	-4	
211	213	-2	
208	213	3	
144	208	-4	
498	502	6	
502	510	3	
506	510	-5	
506	511	-3	
503	511	4	
498	503	4	
425	430	5	
427	430	3	
427	491	3	
491	493	-5	
489	493	-3	
425	489	-4	
170	175	6	
171	175	-4	
171	235	2	
235	237	-4	
234	237	-3	
170	234	1	
201	205	3	
203	205	3	
203	267	2	
267	270	-4	
265	270	-5	
201	265	2	
384	388	2	
386	388	-4	
386	450	3	
450	455	-5	
448	455	-4	
384	448	2	
283	285	5	
285	293	4	
290	293	4	
290	294	5	
286	294	3	
283	286	-4	
153	158	-3	
154	158	3	
154	218	3	
218	223	6	
217	223	3	
153	217	3	
345	348	3	
348	356	3	
355	356	4	
355	358	4	
350	358	3	
345	350	-4	
50	52	-6	
52	60	2	
58	60	6	
58	63	-6	
55	63	3	
50	55	4	
64	71	-3	
66	71	-4	
66	130	1	
130	132	8	
128	132	5	
64	128	-1	
240	244	4	
244	252	3	
250	252	3	
250	253	5	
245	253	2	
240	245	4	
16	21	6	
17	21	4	
17	81	3	
81	87	5	
80	87	-3	
16	80	2	
32	36	3	
35	36	4	
35	99	3	
99	100	-4	
96	100	-5	
32	96	-4	
306	308	4	
315	316	3	
315	318	3	
310	318	-5	
306	310	3	
392	397	-3	
394	397	4	
394	458	-2	
458	462	-2	
456	462	-4	
392	456	-2	
25	30	5	
26	30	5	
26	90	-2	
90	93	5	
89	93	2	
25	89	3	
2	4	-4	
4	12	2	
8	12	3	
8	14	4	
6	14	1	
2	6	3	
33	37	3	
37	45	4	
41	45	5	
41	46	-4	
38	46	-3	
33	38	-5	
179	181	-5	
179	183	-2	
177	183	4	
177	182	-2	
178	182	-2	
400	405	6	
402	466	6	
466	470	-4	
464	470	-3	
400	464	-3	
161	166	-6	
163	166	-5	
163	227	2	
227	230	4	
161	225	2	
321	324	6	
323	324	-2	
323	327	-5	
320	327	5	
320	325	3	
321	325	-3	
314	319	3	
315	319	-2	
315	379	4	
379	380	3	
378	380	-5	
416	420	-4	
419	422	-3	
418	421	3	
416	421	4	
120	126	3	
123	126	4	
123	187	1	
184	189	-3	
240	246	4	
243	307	-3	
304	309	-4	
240	304	-2	
91	94	6	
91	95	3	
75	76	2	
75	139	4	
139	143	-3	
136	143	-5	
490	492	-5	
491	492	4	
491	494	5	
488	494	-3	
488	493	-4	
490	493	4	
145	149	4	
146	210	-4	
210	213	-3	
209	213	-4	
145	209	2	
282	346	-2	
346	348	-4	
344	348	4	
280	344	-3	
369	372	-3	
370	372	3	
368	374	-3	
368	373	4	
369	373	-5	
459	460	-5	
458	461	-5	
458	463	4	
197	205	4	
201	207	4	
199	207	-5	
192	199	-3	
106	111	-3	
106	170	-3	
170	173	4	
104	168	-3	
425	429	2	
429	437	-3	
432	437	-3	
430	438	3	
474	476	-4	
475	476	-1	
472	479	-3	
472	477	4	
322	324	-2	
322	386	-2	
386	390	-3	
385	390	-2	
321	385	-1	
118	126	5	
121	126	6	
121	127	-3	
112	119	3	
235	236	-5	
232	237	-2	
232	238	5	
345	349	-5	
349	357	1	
354	359	5	
351	359	-3	
345	351	-2	
499	500	-3	
499	503	-3	
496	503	5	
497	501	-5	
25	28	-4	
26	28	-2	
26	31	4	
24	29	-3	
25	29	4	
331	333	4	
333	341	1	
336	341	4	
336	342	5	
334	342	1	
331	334	-6	
49	52	-3	
50	53	4	
0	5	4	
3	67	4	
67	70	3	
64	70	-4	
0	64	-5	
161	164	1	
162	166	1	
162	167	-3	
160	167	3	
259	260	6	
258	261	4	
258	263	4	
379	382	5	
379	443	2	
443	444	-5	
441	444	-4	
377	441	-2	
299	300	-3	
296	303	4	
296	301	-3	
297	301	-5	
57	63	3	
59	63	5	
56	62	6	
43	46	3	
41	47	-3	
264	270	-2	
270	278	2	
274	279	-5	
18	20	-3	
19	83	-2	
82	84	-5	
18	82	-3	
142	150	2	
147	150	3	
143	151	1	
138	143	4	
291	292	3	
290	295	-3	
289	294	-4	
483	484	1	
483	485	4	
482	486	-2	
154	157	-3	
155	157	-2	
155	219	-2	
218	222	3	
392	396	-5	
403	404	3	
399	407	3	
392	399	4	
451	452	3	
448	454	-5	
448	453	3	
449	453	6	
506	508	-4	
506	509	3	
504	511	-6	
505	511	-2	
363	365	3	
362	367	3	
10	12	-4	
11	12	-4	
9	15	-4	
194	196	3	
196	204	3	
200	204	-5	
198	206	4	
408	412	-3	
410	412	-3	
410	413	-3	
411	413	-3	
408	414	-5	
78	86	2	
81	86	2	
79	87	3	
249	253	-4	
250	254	-3	
251	255	2	
464	468	4	
466	468	-2	
466	469	3	
465	469	4	
464	471	-5	
267	268	-3	
268	276	3	
272	277	-4	
267	269	-5	
172	180	1	
176	182	-3	
174	182	4	
129	132	-4	
130	134	-4	
131	134	-6	
129	135	-4	
216	220	-4	
220	228	-3	
226	228	2	
226	231	-5	
223	231	-4	
216	223	-1	
241	244	4	
242	244	-4	
242	306	2	
306	311	3	
241	305	3	
424	428	-5	
428	436	2	
434	439	-5	
431	439	-2	
35	39	-1	
99	101	-4	
34	98	-3	
352	356	4	
353	356	3	
353	417	-4	
417	420	-3	
352	416	2	
329	332	2	
330	332	-6	
330	394	-2	
393	398	3	
329	393	1	
90	92	-2	
90	154	2	
154	156	-3	
152	156	-5	
88	152	-1	
378	383	2	
378	442	3	
440	446	2	
376	440	-1	
105	108	-3	
108	116	-2	
114	116	-2	
114	118	-5	
110	118	-2	
312	317	4	
313	319	5	
314	318	3	
312	318	-3	
338	340	-3	
338	402	2	
401	406	4	
337	401	-2	
65	71	-4	
283	287	2	
283	347	3	
347	349	5	
281	345	2	
385	388	-4	
387	388	-6	
387	391	-3	
386	391	-3	
386	389	3	
18	21	-5	
19	23	-4	
16	23	-3	
185	188	1	
184	191	4	
208	212	2	
210	214	-1	
208	215	-6	
91	155	3	
155	159	-5	
153	159	-5	
89	153	2	
51	54	4	
51	115	4	
49	113	-2	
139	141	2	
123	124	4	
120	127	-3	
120	125	7	
121	125	-2	
33	97	2	
97	100	3	
275	278	5	
338	343	-3	
274	338	4	
371	374	6	
371	435	1	
433	437	2	
369	433	1	
238	246	3	
240	247	3	
239	247	-3	
179	182	-5	
175	183	-1	
169	175	4	
425	428	1	
426	490	3	
489	495	-4	
453	461	-1	
456	461	3	
456	463	-4	
455	463	2	
449	455	-3	
475	478	-2	
478	486	-3	
481	486	2	
479	487	-2	
202	266	-2	
266	269	-3	
200	264	-2	
221	229	-3	
219	221	5	
283	284	-4	
284	292	-3	
288	293	-3	
440	445	-4	
443	445	-3	
443	507	3	
507	509	-3	
440	504	-2	
298	300	3	
300	308	2	
304	308	3	
258	322	-1	
322	326	-5	
256	320	1	
42	46	-3	
43	107	2	
107	108	-4	
42	106	-4	
128	133	-4	
129	193	2	
192	198	-4	
128	192	-3	
8	13	-4	
5	13	-1	
2	5	7	
80	85	-4	
82	85	2	
146	148	-2	
144	148	4	
467	468	5	
467	471	3	
464	469	-3	
161	165	2	
162	165	4	
356	364	2	
357	365	-3	
355	357	-3	
496	500	-4	
499	502	-2	
496	502	2	
408	413	-2	
410	415	-3	
249	252	3	
251	253	3	
248	253	2	
1	6	5	
1	65	3	
27	28	-5	
26	29	5	
24	30	1	
329	335	5	
328	334	-3	
57	60	-5	
59	61	4	
441	446	3	
442	506	3	
505	510	2	
441	505	4	
138	141	-5	
141	149	-1	
171	172	-4	
225	229	4	
225	289	-1	
288	294	2	
224	288	-2	
315	317	-4	
205	213	2	
203	207	-3	
44	52	2	
47	55	-1	
339	340	2	
339	342	-3	
337	341	-3	
113	177	-3	
176	181	-2	
112	176	-3	
260	268	-2	
262	270	2	
259	262	4	
299	363	-1	
297	361	1	
33	36	-3	
35	37	-4	
34	37	-2	
33	39	-3	
400	407	-1	
421	429	2	
427	429	4	
422	430	1	
416	422	-5	
476	484	-3	
482	485	-3	
477	485	-2	
81	84	-4	
81	85	4	
307	311	-3	
307	371	2	
370	375	-3	
306	370	-4	
194	197	-4	
193	199	3	
104	109	-2	
103	111	3	
99	103	-4	
277	285	-3	
280	285	1	
280	287	4	
279	287	-2	
272	279	2	
237	245	-3	
346	350	4	
222	230	4	
432	439	-4	
433	438	2	
494	502	1	
495	503	-2	
491	495	1	
448	452	-4	
451	455	2	
384	389	4	
390	398	-4	
152	158	-5	
152	216	-2	
83	86	-4	
83	87	-4	
14	22	-2	
17	22	-2	
15	23	-2	
115	119	2	
115	179	1	
179	180	-2	
178	180	-5	
114	178	1	
186	189	-3	
187	190	-6	
257	261	-5	
261	269	-1	
267	271	2	
263	271	3	
458	460	-3	
130	135	3	
323	325	-3	
321	327	3	
321	326	4	
106	110	-2	
41	105	2	
304	310	3	
137	143	4	
156	164	-3	
160	165	-2	
426	431	-4	
424	488	-2	
25	31	2	
27	31	3	
27	91	-5	
347	348	-2	
411	412	4	
344	408	2	
209	214	4	
211	275	1	
273	276	4	
403	405	4	
403	467	4	
12	20	-1	
16	20	-3	
13	21	-1	
10	13	-3	
236	244	1	
282	286	2	
291	294	-4	
287	295	-2	
419	483	-3	
482	487	2	
147	148	-6	
153	156	-3	
151	159	-3	
201	206	3	
202	206	3	
266	270	-3	
53	61	-1	
58	61	-2	
58	62	-4	
54	62	-2	
184	188	4	
186	250	-1	
250	255	4	
184	248	1	
64	69	-3	
69	77	-3	
72	77	3	
72	79	2	
71	79	-3	
442	445	-4	
97	101	3	
98	102	-4	
96	102	5	
297	302	3	
472	478	2	
353	358	-2	
417	421	4	
330	333	4	
384	391	-4	
3	4	6	
48	52	2	
56	63	-3	
48	55	-4	
401	404	-3	
404	412	-3	
411	415	-3	
407	415	3	
241	245	3	
305	310	2	
480	484	4	
484	492	2	
487	495	2	
480	487	-3	
281	284	4	
290	292	-4	
281	285	-2	
91	92	3	
24	88	-4	
130	133	-2	
452	460	2	
457	462	4	
454	462	-1	
450	454	3	
104	108	3	
107	110	4	
371	372	-5	
291	355	-2	
355	359	-3	
288	352	2	
11	14	-4	
8	15	-5	
233	237	4	
169	233	-1	
146	151	1	
320	324	-5	
324	332	3	
275	279	2	
339	341	4	
98	162	1	
96	160	-1	
42	44	-2	
43	47	3	
40	46	-4	
250	314	-2	
314	316	-3	
248	312	3	
466	471	3	
193	197	-4	
200	205	4	
259	323	1	
257	321	-1	
377	380	-3	
376	382	2	
377	383	2	
393	396	1	
394	399	-2	
392	398	3	
435	436	3	
225	228	4	
227	229	2	
226	230	-3	
346	349	2	
35	38	4	
309	317	3	
304	311	4	
137	142	3	
136	142	-3	
234	298	-5	
232	296	-4	
217	222	3	
217	281	-2	
216	280	-2	
112	117	3	
48	112	-3	
2	66	2	
355	419	2	
204	212	3	
158	166	2	
337	342	2	
336	400	1	
194	258	-2	
116	124	-4	
113	119	3	
88	95	-1	
87	95	2	
409	414	-2	
187	251	-2	
185	249	-2	
275	277	2	
272	278	3	
264	268	-2	
266	271	-3	
218	220	-3	
219	223	-2	
74	76	-4	
74	77	-2	
72	78	-2	
243	247	-3	
425	431	3	
424	430	3	
170	172	3	
170	174	1	
168	174	4	
169	173	3	
456	460	3	
459	463	2	
457	461	3	
290	354	-2	
354	356	-2	
289	353	-2	
438	446	-3	
180	188	4	
181	189	-3	
111	119	1	
465	470	-5	
470	478	-2	
471	479	-2	
36	44	-2	
41	44	2	
234	236	3	
235	299	-3	
406	414	-1	
90	94	4	
154	159	-2	
161	167	-5	
224	231	3	
305	309	-3	
306	309	-2	
305	369	-4	
336	340	3	
330	335	1	
66	68	4	
67	71	2	
65	69	-5	
500	508	3	
497	502	-4	
192	196	2	
282	285	-3	
347	350	-1	
203	206	2	
137	201	3	
313	318	4	
249	313	-1	
16	22	-4	
22	30	-2	
23	31	3	
99	163	-2	
97	161	-2	
442	447	2	
208	214	-2	
209	215	-1	
418	420	-3	
393	457	2	
113	118	3	
344	351	-3	
183	191	3	
264	328	-3	
251	315	2	
193	257	-1	
501	509	-2	
89	92	-3	
235	239	3	
202	207	2	
432	436	1	
218	221	1	
219	283	-2	
218	282	-2	
39	47	3	
385	449	-4	
303	311	-1	
273	337	2	
416	480	3	
146	150	-4	
145	151	-3	
73	78	2	
59	123	-1	
57	121	1	
168	175	2	
153	157	-2	
98	103	-2	
96	101	2	
388	396	2	
50	54	-1	
115	116	-3	
50	114	3	
468	476	2	
469	477	2	
485	493	-2	
486	494	-2	
201	204	-3	
411	475	-3	
474	479	1	
410	474	-2	
267	331	2	
433	439	2	
182	190	2	
379	383	-4	
307	308	-2	
133	141	-2	
135	143	1	
93	101	-2	
328	332	-3	
32	39	3	
426	430	-3	
507	511	-3	
313	316	-1	
195	198	-2	
9	12	4	
259	263	-1	
70	78	4	
304	368	-2	
492	500	-1	
40	45	-2	
40	104	2	
163	164	1	
164	172	2	
166	174	2	
257	262	-2	
212	220	2	
215	223	2	
210	215	-3	
345	409	2	
235	238	1	
243	244	-2	
247	255	-2	
46	54	-1	
131	132	-1	
147	149	-1	
92	100	1	
11	75	-1	
8	72	-2	
362	426	2	
361	425	-3	
21	29	2	
202	205	2	
136	200	-2	
228	236	-2	
229	237	-2	
343	351	3	
213	221	2	
214	222	-2	
298	303	2	
107	171	-2	
105	169	-2	
178	242	-2	
176	240	1	
504	508	-3	
90	95	-3	
88	94	-1	
265	271	-2	
99	102	1	
387	389	-2	
387	451	-3	
340	348	2	
179	243	3	
177	241	-2	
51	52	-3	
230	238	1	
233	239	1	
231	239	-1	
274	277	1	
414	422	2	
75	79	-3	
160	166	-2	
352	357	-1	
312	376	1	
131	195	1	
80	84	-3	
248	254	-3	
365	373	2	
367	375	2	
130	194	2	
109	117	-1	
149	157	2	
173	181	2	
68	76	-2	
420	428	-1	
402	404	-1	
265	269	1	
293	301	-1	
295	303	-1	
289	295	2	
361	364	-2	
363	427	-1	
227	291	1	
77	85	1	
167	175	-1	
10	74	-2	
436	444	1	
165	173	-1	
292	300	-2	
294	302	-2	
276	284	1	
64	68	2	
329	333	1	
49	53	2	
246	254	1	
397	405	-1	
434	437	1	
434	438	1	
256	260	-2	
211	212	-1	
328	392	1	
208	272	-1	
401	465	-1	
134	142	-1	
34	38	1	
326	334	1	
102	110	-1	
105	111	-1	
96	103	-1	
20	28	-1	
86	94	-1	
82	87	-1	
339	403	1	
402	407	1	
144	150	1	
9	73	-1	
498	501	1	
405	413	-1	
374	382	1	
359	367	-1	
Energy:	-3358	
