NumberOfQubits	504	
NumberOfSubgraphs	840	
Serial	141	
PlantedSolution:	
0	-1	
1	1	
2	1	
3	-1	
4	1	
5	1	
6	1	
8	1	
9	1	
10	-1	
11	1	
12	1	
13	-1	
14	1	
15	1	
16	-1	
17	1	
18	1	
19	1	
20	1	
21	-1	
22	1	
23	1	
24	1	
25	-1	
26	1	
27	-1	
28	1	
29	1	
30	-1	
31	1	
32	-1	
33	-1	
34	1	
35	1	
36	-1	
37	1	
38	-1	
39	1	
40	-1	
41	1	
42	-1	
43	1	
44	-1	
45	-1	
46	1	
47	1	
48	1	
49	1	
50	1	
51	-1	
52	-1	
53	1	
54	-1	
55	1	
56	1	
57	-1	
58	1	
59	1	
60	1	
61	1	
62	-1	
63	-1	
64	1	
65	1	
66	-1	
67	-1	
68	-1	
69	1	
70	1	
71	-1	
72	1	
73	1	
74	1	
75	-1	
76	1	
77	-1	
78	-1	
79	1	
80	1	
81	-1	
82	-1	
83	-1	
84	1	
85	1	
86	1	
87	1	
88	-1	
89	-1	
90	-1	
91	-1	
92	-1	
93	-1	
94	-1	
95	1	
96	-1	
97	-1	
98	1	
99	-1	
100	-1	
101	-1	
102	-1	
103	-1	
104	-1	
105	-1	
106	1	
107	1	
108	1	
109	-1	
110	1	
111	1	
112	-1	
113	-1	
114	1	
115	1	
116	1	
117	1	
118	1	
119	-1	
120	1	
121	-1	
123	-1	
124	-1	
125	-1	
126	1	
127	-1	
128	1	
129	1	
130	-1	
131	1	
132	1	
133	-1	
134	1	
135	1	
136	-1	
137	-1	
138	-1	
139	1	
141	-1	
142	1	
143	1	
144	-1	
145	-1	
146	-1	
147	-1	
148	1	
149	-1	
150	-1	
151	-1	
152	1	
153	1	
154	-1	
155	-1	
156	-1	
157	-1	
158	-1	
159	1	
160	1	
161	-1	
162	-1	
163	1	
164	1	
165	1	
166	1	
167	-1	
168	1	
169	1	
170	-1	
171	1	
172	-1	
173	-1	
174	1	
175	-1	
176	-1	
177	1	
178	-1	
179	-1	
180	-1	
181	-1	
182	1	
183	-1	
184	1	
185	1	
186	-1	
187	-1	
188	-1	
189	1	
190	1	
191	-1	
192	-1	
193	-1	
194	1	
195	1	
196	-1	
197	1	
198	-1	
199	-1	
200	1	
201	-1	
202	-1	
203	1	
204	1	
205	1	
206	1	
207	-1	
208	1	
209	1	
210	1	
211	1	
212	-1	
213	1	
214	-1	
215	-1	
216	1	
217	1	
218	-1	
219	1	
220	1	
221	1	
222	1	
223	1	
224	1	
225	-1	
226	-1	
227	-1	
228	1	
229	1	
230	1	
231	1	
232	-1	
233	-1	
234	-1	
235	1	
236	1	
237	1	
238	-1	
239	1	
240	-1	
241	1	
242	1	
243	-1	
244	1	
245	-1	
246	-1	
247	1	
248	1	
249	-1	
250	1	
251	-1	
252	1	
253	-1	
254	1	
255	-1	
256	1	
257	-1	
258	-1	
259	-1	
260	1	
261	-1	
262	-1	
263	-1	
264	1	
265	1	
266	1	
267	-1	
268	-1	
269	1	
270	-1	
271	1	
272	-1	
273	-1	
274	1	
275	1	
276	-1	
277	-1	
278	-1	
279	-1	
280	1	
281	-1	
282	-1	
283	1	
284	1	
285	1	
286	1	
287	-1	
288	1	
289	-1	
290	1	
291	-1	
292	-1	
293	1	
294	-1	
295	1	
296	-1	
297	-1	
298	-1	
299	-1	
300	1	
301	-1	
302	-1	
303	-1	
304	1	
305	1	
306	-1	
307	1	
308	-1	
309	1	
310	1	
311	-1	
312	-1	
313	1	
314	-1	
315	-1	
316	1	
317	1	
318	1	
319	-1	
320	-1	
321	1	
322	1	
323	1	
324	1	
325	-1	
326	1	
327	-1	
328	1	
329	1	
330	-1	
331	1	
332	-1	
333	1	
334	-1	
335	1	
336	1	
337	-1	
338	1	
339	1	
340	1	
341	1	
342	-1	
343	1	
344	-1	
345	1	
346	-1	
347	1	
348	-1	
349	1	
350	1	
351	-1	
352	1	
353	1	
354	1	
355	-1	
356	1	
357	-1	
358	1	
359	-1	
361	1	
362	1	
363	1	
364	-1	
365	-1	
367	-1	
368	-1	
369	-1	
370	-1	
371	-1	
372	1	
373	1	
374	-1	
375	1	
376	-1	
377	-1	
378	1	
379	-1	
380	-1	
382	1	
383	1	
384	-1	
385	-1	
386	-1	
387	1	
388	1	
389	1	
390	1	
391	-1	
392	-1	
393	-1	
394	-1	
396	-1	
397	1	
398	1	
399	-1	
400	1	
401	1	
402	1	
403	-1	
404	-1	
405	1	
406	-1	
407	1	
408	-1	
409	1	
410	-1	
411	-1	
412	-1	
413	1	
414	1	
415	-1	
416	1	
417	-1	
418	1	
419	1	
420	-1	
421	-1	
422	1	
424	-1	
425	-1	
426	-1	
427	-1	
428	1	
429	1	
430	1	
431	1	
432	1	
433	1	
434	1	
435	1	
436	1	
437	1	
438	1	
439	-1	
440	-1	
441	-1	
442	1	
443	1	
444	-1	
445	1	
446	-1	
447	-1	
448	-1	
449	-1	
450	1	
451	-1	
452	-1	
453	1	
454	-1	
455	1	
456	1	
457	-1	
458	1	
459	-1	
460	-1	
461	-1	
462	1	
463	1	
464	-1	
465	1	
466	1	
467	1	
468	-1	
469	-1	
470	-1	
471	1	
472	1	
473	1	
474	1	
475	-1	
476	1	
477	-1	
478	1	
479	-1	
480	-1	
481	-1	
482	-1	
483	1	
484	-1	
485	-1	
486	1	
487	1	
488	1	
489	1	
490	-1	
491	-1	
492	-1	
493	-1	
494	-1	
495	1	
496	-1	
497	-1	
498	1	
499	1	
500	-1	
501	-1	
502	-1	
503	-1	
504	-1	
505	-1	
506	1	
507	1	
508	-1	
509	-1	
510	1	
511	1	
Js:	
424	430	5	
426	430	3	
426	490	-5	
490	495	-2	
488	495	-3	
424	488	4	
368	373	4	
371	373	6	
371	435	3	
435	438	-5	
432	438	-3	
368	432	-2	
232	236	3	
236	244	-2	
243	244	6	
243	246	-4	
238	246	-2	
232	238	6	
290	292	4	
292	300	3	
299	300	5	
299	302	-7	
294	302	-3	
290	294	-7	
99	101	5	
101	109	-3	
105	109	-8	
105	111	4	
103	111	2	
99	103	-5	
9	12	-2	
10	12	8	
10	15	4	
8	15	7	
8	13	5	
9	13	3	
162	164	-3	
163	164	-4	
163	227	2	
227	228	4	
226	228	6	
162	226	-2	
80	84	-7	
84	92	3	
91	92	-5	
91	93	-5	
85	93	5	
80	85	-4	
48	53	-3	
49	53	-5	
49	54	4	
51	54	-6	
51	55	4	
48	55	-7	
400	404	3	
402	404	3	
402	407	3	
401	407	-4	
401	405	-5	
400	405	-4	
41	45	6	
42	45	-5	
42	47	-4	
43	47	-3	
43	46	-5	
41	46	-3	
328	332	5	
332	340	3	
338	340	-5	
338	342	4	
334	342	2	
328	334	3	
216	223	-5	
217	223	3	
217	281	4	
281	287	-4	
280	287	2	
216	280	-5	
112	119	-6	
115	119	3	
115	179	4	
179	182	3	
176	182	3	
112	176	2	
201	206	-4	
203	206	-5	
203	267	2	
267	270	-6	
265	270	2	
201	265	3	
347	350	-3	
350	358	-3	
352	358	-6	
352	359	3	
351	359	-3	
347	351	3	
313	316	2	
315	316	3	
315	319	-4	
312	319	-4	
312	317	2	
313	317	-5	
448	452	-4	
452	460	-3	
459	460	-5	
459	463	4	
455	463	3	
448	455	7	
224	229	-5	
229	237	-3	
235	237	5	
235	239	-6	
231	239	-3	
224	231	-4	
272	279	-3	
273	279	-4	
273	337	-3	
337	341	4	
336	341	-3	
272	336	-2	
505	508	7	
507	508	5	
507	511	-4	
506	511	-5	
506	509	3	
505	509	-4	
376	383	6	
377	383	5	
377	441	-3	
441	444	-3	
440	444	-5	
376	440	-4	
193	196	2	
195	196	4	
195	198	3	
192	198	-7	
192	199	-3	
193	199	-5	
241	245	6	
242	245	-4	
242	306	5	
306	311	-3	
305	311	4	
241	305	-5	
409	413	-2	
411	413	5	
411	475	4	
475	477	-5	
473	477	5	
409	473	-6	
83	86	-5	
86	94	4	
89	94	-5	
89	95	3	
87	95	-4	
83	87	5	
18	20	-3	
19	20	-4	
19	22	-5	
17	22	-5	
17	21	6	
18	21	-3	
74	78	3	
75	78	-5	
75	139	4	
139	141	-4	
138	141	-6	
74	138	4	
427	428	4	
428	436	2	
434	436	-6	
434	437	-2	
429	437	-4	
427	429	4	
384	388	-3	
385	388	4	
385	390	7	
387	390	-4	
387	391	4	
384	391	-4	
154	156	-5	
155	156	-5	
155	158	-6	
152	158	6	
152	159	-3	
154	159	5	
26	28	-4	
27	28	5	
27	30	-4	
25	30	-4	
25	31	5	
26	31	-5	
120	127	6	
121	127	4	
121	185	2	
185	190	-7	
184	190	-6	
120	184	-2	
322	325	3	
323	325	6	
323	327	6	
321	327	3	
321	326	4	
322	326	-6	
480	484	3	
481	484	-4	
481	487	4	
483	487	-5	
483	486	-2	
480	486	5	
496	500	-4	
499	500	6	
499	501	-3	
497	501	-7	
497	502	-3	
496	502	-3	
56	60	-7	
58	60	8	
58	63	3	
59	63	6	
59	62	8	
56	62	4	
32	38	-4	
34	38	6	
34	98	-5	
98	102	2	
96	102	-5	
32	96	2	
256	260	-4	
259	260	3	
259	261	-7	
258	261	4	
258	262	-5	
256	262	4	
65	70	-6	
66	70	4	
66	130	-3	
130	134	-4	
129	134	-5	
65	129	-2	
169	172	4	
170	172	-7	
170	175	-4	
171	175	5	
171	173	5	
169	173	-7	
208	213	-5	
209	213	4	
209	214	5	
211	214	3	
211	215	6	
208	215	7	
465	468	6	
466	468	5	
466	471	-5	
467	471	5	
467	469	5	
465	469	5	
145	148	2	
146	148	4	
146	151	-6	
147	151	-3	
147	149	-3	
145	149	-7	
393	396	3	
394	396	-6	
394	398	5	
392	398	4	
392	397	5	
393	397	5	
249	252	6	
250	252	-4	
250	255	3	
251	255	-3	
251	253	-6	
249	253	-4	
113	117	5	
117	125	6	
123	125	-4	
123	126	6	
118	126	-7	
113	118	5	
72	79	-5	
73	79	-5	
73	137	3	
137	142	4	
136	142	6	
72	136	-3	
177	180	3	
180	188	3	
187	188	-7	
187	191	-4	
183	191	-4	
177	183	6	
416	420	5	
418	420	3	
418	422	-6	
417	422	5	
417	421	-4	
416	421	-6	
408	412	-2	
410	412	-5	
410	474	-4	
474	479	5	
472	479	5	
408	472	4	
0	4	2	
2	4	7	
2	6	-5	
1	6	-4	
1	5	-5	
0	5	7	
346	348	-5	
348	356	-2	
353	356	-5	
353	357	5	
349	357	2	
346	349	2	
275	276	4	
276	284	-4	
282	284	3	
282	286	4	
278	286	1	
275	278	3	
378	382	-5	
379	382	4	
379	443	-4	
443	447	3	
442	447	4	
378	442	-5	
362	364	5	
364	372	-2	
369	372	3	
369	375	4	
367	375	4	
362	367	6	
200	205	-4	
202	205	3	
202	266	3	
266	271	-6	
264	271	-2	
200	264	2	
64	71	-3	
67	71	-5	
67	131	1	
131	133	7	
128	133	4	
64	128	-4	
291	293	4	
293	301	3	
297	301	-6	
297	303	5	
295	303	3	
291	295	3	
450	453	-6	
453	461	3	
457	461	-5	
457	462	5	
454	462	-3	
450	454	3	
32	36	-5	
33	36	-4	
33	37	5	
35	37	-6	
35	39	-6	
32	39	4	
304	308	3	
307	308	5	
307	309	1	
306	309	4	
306	310	5	
304	310	-5	
219	221	-6	
221	229	-2	
225	229	-4	
225	230	8	
222	230	-2	
219	222	-3	
104	108	6	
107	108	-5	
107	110	-5	
106	110	-3	
106	111	-4	
104	111	-4	
96	100	-5	
97	100	-4	
97	161	-3	
161	166	5	
160	166	-6	
96	160	-3	
329	333	-4	
330	333	4	
330	334	-4	
331	334	3	
331	335	3	
329	335	-5	
489	492	2	
491	492	-7	
491	494	-3	
490	494	-4	
490	493	-5	
489	493	6	
361	365	6	
363	365	5	
363	427	2	
427	431	5	
425	431	4	
361	425	-2	
178	181	-4	
181	189	4	
186	189	6	
186	190	2	
182	190	3	
178	182	5	
24	29	-6	
26	29	-3	
26	90	4	
90	95	-3	
88	95	6	
24	88	2	
153	157	6	
157	165	2	
163	165	-5	
163	167	5	
159	167	3	
153	159	6	
209	212	4	
210	212	7	
210	274	-3	
274	277	6	
273	277	3	
209	273	4	
464	468	-4	
468	476	3	
475	476	3	
475	478	3	
470	478	-2	
464	470	-4	
67	68	-4	
68	76	5	
73	76	5	
73	77	4	
69	77	4	
67	69	3	
40	44	-4	
44	52	3	
50	52	3	
50	54	5	
46	54	4	
40	46	4	
369	374	-5	
370	374	-3	
370	434	-2	
434	439	6	
433	439	3	
369	433	3	
218	220	6	
219	220	-1	
219	283	3	
283	285	-4	
282	285	5	
218	282	-4	
403	406	-4	
406	414	-2	
408	414	4	
408	415	-8	
407	415	3	
403	407	5	
240	246	7	
246	254	2	
248	254	-6	
248	255	5	
247	255	6	
240	247	2	
498	502	6	
502	510	-4	
504	510	5	
504	511	4	
503	511	3	
498	503	5	
11	14	5	
14	22	-1	
16	22	4	
16	23	4	
15	23	-1	
11	15	-3	
256	263	4	
257	263	-6	
257	321	-2	
321	324	-5	
320	324	4	
256	320	3	
114	116	-6	
116	124	6	
121	124	-6	
121	125	-5	
114	117	-3	
80	86	-3	
82	86	4	
82	146	2	
146	150	-4	
144	150	-4	
80	144	1	
386	389	6	
387	389	-3	
387	451	4	
451	452	4	
450	452	4	
386	450	2	
168	174	-4	
169	174	-3	
169	233	4	
233	238	-4	
168	232	3	
129	132	-4	
130	132	7	
130	194	1	
194	197	4	
193	197	6	
129	193	1	
354	357	4	
355	357	-1	
355	419	-3	
419	422	-4	
354	418	-2	
339	340	-4	
340	348	2	
345	348	5	
345	351	5	
343	351	3	
339	343	-6	
392	399	-3	
394	399	-3	
394	458	4	
458	460	5	
456	460	-3	
392	456	5	
313	318	-3	
314	318	3	
314	378	3	
378	380	4	
377	380	-5	
313	377	3	
232	237	5	
234	237	3	
234	298	-2	
298	301	-3	
296	301	-5	
232	296	1	
201	204	4	
203	204	-5	
267	268	3	
265	268	4	
474	477	2	
477	485	-3	
482	485	-6	
482	486	3	
478	486	-4	
474	478	-5	
288	292	5	
289	294	-4	
289	293	5	
288	293	-5	
56	61	-2	
57	61	6	
57	62	-4	
56	63	6	
128	134	-6	
134	142	-2	
139	142	-6	
139	143	4	
135	143	-4	
128	135	-3	
442	444	5	
442	446	3	
441	446	-4	
441	445	-7	
440	445	3	
200	207	4	
202	207	-5	
266	269	-5	
264	269	-3	
81	84	5	
90	92	-4	
90	93	-4	
81	85	-4	
3	4	6	
3	6	5	
2	5	-4	
385	391	4	
385	449	-4	
449	453	5	
448	453	4	
384	448	-4	
280	286	-4	
283	286	-3	
283	347	-3	
347	349	-5	
344	349	5	
280	344	-2	
353	358	-5	
355	358	5	
419	421	2	
353	417	2	
51	115	-4	
48	112	5	
106	108	-4	
106	170	2	
168	172	4	
104	168	2	
354	356	-6	
356	364	3	
359	367	-3	
354	359	5	
147	148	7	
148	156	-1	
150	158	-3	
147	150	-4	
105	110	6	
102	110	4	
99	102	-4	
483	484	6	
484	492	1	
488	492	3	
487	495	-4	
224	228	4	
227	231	6	
226	231	3	
226	230	5	
224	230	-3	
72	76	-2	
74	76	-5	
74	77	3	
75	77	-5	
72	78	5	
466	469	5	
467	470	4	
465	470	5	
27	29	3	
27	31	-3	
24	30	4	
506	508	7	
506	510	-5	
504	509	-6	
12	20	1	
17	20	-4	
13	21	-1	
10	13	-3	
233	236	-2	
234	236	7	
298	300	3	
297	300	4	
233	297	-2	
338	341	6	
338	402	-3	
401	404	4	
337	401	3	
370	372	6	
372	380	4	
376	380	-3	
375	383	4	
370	375	3	
34	37	-2	
33	39	5	
33	38	-4	
323	324	-6	
322	327	4	
320	326	6	
211	213	-4	
213	221	-5	
217	221	-3	
215	223	5	
178	180	-3	
179	180	-4	
179	183	3	
176	183	-2	
176	181	-3	
251	254	3	
251	315	-2	
248	312	2	
307	310	-5	
307	371	4	
371	374	-3	
368	374	-7	
304	368	-1	
65	68	4	
66	68	-4	
66	69	3	
64	69	-4	
64	70	-3	
133	141	2	
137	141	-5	
137	143	4	
131	135	-5	
424	429	-3	
435	437	-4	
430	438	-4	
432	439	4	
433	497	-2	
496	501	-5	
432	496	5	
185	188	-1	
187	189	4	
186	191	-3	
185	191	5	
258	260	3	
259	262	4	
257	262	-3	
258	263	-3	
456	461	-6	
459	462	7	
456	463	-3	
272	276	-5	
281	284	4	
279	287	-2	
240	244	1	
243	247	5	
241	247	-3	
240	245	3	
161	164	4	
162	165	5	
160	165	-2	
41	44	3	
40	47	6	
192	196	-4	
194	196	5	
195	197	-3	
409	412	2	
411	412	-5	
410	413	5	
410	414	3	
409	414	-4	
52	60	2	
57	60	4	
53	61	-3	
50	53	-4	
18	23	-4	
19	23	5	
19	83	4	
82	87	5	
18	82	5	
397	405	-3	
400	406	5	
398	406	-2	
393	398	5	
113	116	2	
120	124	4	
120	126	4	
330	332	-3	
330	335	6	
331	333	-4	
328	333	-5	
212	220	-4	
218	222	4	
214	222	4	
210	214	5	
305	308	5	
308	316	6	
314	316	4	
314	317	5	
309	317	-5	
305	309	-4	
88	94	-4	
89	153	2	
152	157	5	
88	152	-2	
425	428	4	
426	428	6	
425	489	4	
288	294	2	
299	303	3	
288	295	-3	
269	277	1	
274	278	-4	
270	278	-3	
264	270	4	
336	342	6	
342	350	3	
346	350	5	
346	351	-5	
336	343	4	
417	420	3	
417	481	-6	
481	485	-4	
480	485	-4	
416	480	5	
449	454	-5	
451	454	-6	
451	455	4	
251	252	3	
250	253	-4	
250	254	-4	
249	254	3	
472	476	-5	
473	476	2	
473	478	-6	
146	149	-3	
144	151	6	
145	150	-5	
98	100	4	
99	100	2	
97	102	-3	
97	103	-4	
98	103	4	
386	388	4	
385	389	2	
384	390	2	
166	174	-3	
171	174	-4	
167	175	2	
160	167	3	
441	447	-4	
443	446	5	
440	446	-3	
492	500	-3	
498	500	-2	
495	503	3	
491	495	4	
11	13	6	
8	14	-4	
9	14	-7	
200	204	-3	
203	205	-4	
123	127	5	
119	127	-5	
114	119	4	
171	235	-4	
233	239	5	
225	231	3	
227	291	-3	
291	292	4	
289	292	-3	
225	289	-3	
344	348	-4	
345	409	-3	
409	415	3	
344	408	-3	
396	404	-4	
403	404	-3	
399	407	3	
393	399	-5	
74	79	-3	
136	141	-3	
312	318	-5	
315	318	6	
315	379	-4	
376	382	3	
312	376	-4	
268	276	-2	
275	279	5	
271	279	2	
267	271	2	
3	5	4	
3	67	-5	
0	64	5	
177	181	3	
178	242	2	
177	241	-2	
16	20	-4	
20	28	-4	
21	29	4	
16	21	-4	
43	44	6	
49	52	5	
320	325	3	
325	333	3	
329	334	4	
326	334	4	
435	436	1	
435	499	-5	
499	502	2	
434	498	-2	
154	218	-2	
216	220	-3	
152	216	-2	
194	199	3	
195	199	7	
195	259	3	
194	258	3	
301	309	-1	
304	309	-5	
304	311	3	
303	311	-2	
296	303	-3	
485	493	-1	
488	493	-5	
488	494	5	
486	494	4	
458	462	-3	
462	470	1	
464	471	5	
463	471	1	
458	463	-5	
91	95	1	
81	87	4	
202	204	2	
204	212	1	
208	212	2	
207	215	2	
34	36	4	
35	38	3	
32	37	5	
285	293	1	
289	295	3	
287	295	5	
282	287	-3	
507	510	-4	
505	510	4	
505	511	4	
58	61	-5	
59	61	-4	
57	63	-4	
58	62	4	
370	373	4	
43	45	4	
43	107	2	
42	106	4	
337	343	-4	
339	403	4	
403	405	3	
352	357	4	
131	132	-4	
129	133	5	
129	135	3	
130	135	3	
184	188	2	
187	190	-2	
184	191	4	
265	271	3	
266	330	3	
265	329	-4	
460	468	-1	
467	468	1	
461	469	1	
458	461	3	
97	101	-4	
98	101	4	
98	162	3	
162	167	-2	
161	167	5	
153	156	4	
154	158	-4	
155	157	-2	
379	380	-4	
123	124	-4	
121	126	3	
1	4	-5	
4	12	-2	
11	12	-4	
6	14	-2	
389	397	3	
391	399	-4	
386	391	-4	
314	319	-2	
311	319	-6	
144	149	-3	
170	174	4	
174	182	-2	
177	182	4	
175	183	-3	
193	198	-4	
193	257	2	
257	260	5	
192	256	2	
26	30	4	
90	94	-4	
25	89	5	
476	484	3	
479	487	4	
449	452	-5	
450	455	-5	
50	55	6	
50	114	-2	
114	118	-3	
112	118	3	
210	213	2	
211	275	-3	
275	277	4	
219	223	-6	
280	285	-4	
225	228	-2	
226	229	2	
412	420	-3	
418	421	3	
413	421	3	
336	340	-3	
339	341	-3	
339	342	2	
298	302	-4	
299	363	-4	
363	364	6	
298	362	4	
244	252	-4	
248	252	-3	
432	437	-3	
431	439	2	
424	431	6	
17	23	-2	
17	81	-3	
16	80	4	
497	500	-4	
499	503	-4	
496	503	-3	
322	324	-4	
321	325	5	
18	22	-3	
433	436	-3	
433	438	-5	
164	172	2	
168	173	3	
165	173	3	
107	109	3	
107	111	-5	
104	110	2	
355	359	-3	
416	422	-3	
352	416	-1	
51	53	3	
115	116	-5	
49	113	5	
24	28	-2	
28	36	1	
31	39	1	
24	31	-4	
387	388	-4	
388	396	-5	
390	398	-4	
208	214	-2	
273	278	-4	
272	278	-5	
208	272	2	
71	79	4	
66	71	-4	
250	314	3	
249	313	3	
234	238	-4	
235	238	1	
402	406	5	
402	466	3	
466	470	2	
400	464	4	
242	246	3	
240	304	5	
411	414	3	
88	92	-2	
92	100	2	
96	103	-2	
95	103	3	
365	373	2	
368	375	4	
361	367	4	
197	205	-3	
199	207	-2	
65	69	-4	
72	77	4	
70	78	5	
440	447	-6	
443	507	-2	
507	509	5	
440	504	1	
267	269	3	
267	331	4	
331	332	6	
264	328	5	
216	221	2	
280	284	-3	
291	294	-1	
291	355	-5	
355	356	3	
290	354	-2	
186	188	-5	
179	181	-4	
136	143	4	
59	60	1	
489	494	4	
489	495	-4	
480	487	3	
9	15	-5	
42	46	3	
41	47	-5	
345	349	-4	
344	350	-5	
377	382	4	
442	445	-3	
261	269	4	
266	270	1	
262	270	-4	
296	300	5	
298	303	-4	
296	302	-4	
457	460	-3	
0	6	6	
196	204	5	
198	206	4	
312	316	3	
310	318	-3	
418	482	6	
289	353	-2	
288	352	-5	
217	222	-4	
281	286	-5	
260	268	5	
263	271	5	
401	406	2	
401	465	-2	
88	93	-4	
91	155	-3	
128	132	3	
374	382	4	
411	415	-3	
491	493	-3	
138	202	4	
201	207	-3	
137	201	-2	
386	390	3	
384	389	6	
27	91	-3	
91	94	-3	
96	101	-3	
160	164	-4	
48	52	4	
51	52	-3	
338	343	-2	
144	148	4	
211	212	2	
29	37	2	
30	38	-2	
19	21	2	
258	322	4	
329	332	2	
436	444	-5	
439	447	-3	
504	508	-2	
361	364	4	
363	367	-3	
362	365	5	
105	108	1	
425	430	4	
83	85	3	
228	236	3	
230	238	3	
112	117	4	
474	476	-4	
475	479	3	
99	163	-1	
313	319	-4	
393	457	-3	
227	229	4	
224	288	2	
185	189	-2	
187	251	-3	
185	249	3	
35	36	4	
36	44	2	
39	47	-1	
176	180	-6	
176	240	-2	
419	420	4	
419	483	-5	
131	134	-3	
286	294	3	
290	295	-3	
283	287	4	
152	156	2	
353	359	1	
306	370	-2	
368	372	2	
465	471	2	
320	327	-3	
223	231	-1	
297	302	1	
11	75	2	
75	79	2	
9	73	-3	
2	66	4	
138	143	4	
242	244	-5	
242	247	-3	
438	446	3	
274	276	3	
277	285	3	
426	429	5	
427	491	3	
25	28	4	
89	92	-4	
333	341	-2	
335	343	-1	
115	118	-2	
379	383	4	
145	209	3	
144	208	2	
100	108	3	
402	405	-3	
347	348	4	
482	487	2	
40	45	3	
8	12	-3	
10	14	3	
161	165	3	
162	166	5	
163	166	-3	
178	183	-2	
490	492	-4	
494	502	2	
201	205	4	
202	206	3	
34	39	3	
216	222	-3	
234	239	3	
457	463	4	
184	189	4	
1	65	-4	
404	412	-3	
437	445	-3	
443	445	-4	
145	151	-3	
256	261	-3	
25	29	2	
22	30	2	
284	292	-1	
94	102	-2	
243	245	2	
245	253	-4	
248	253	2	
369	373	-4	
274	279	4	
155	159	3	
155	219	1	
153	217	-1	
328	335	1	
299	301	-2	
425	429	2	
426	431	1	
498	501	3	
241	246	2	
322	386	1	
321	385	1	
77	85	2	
78	86	2	
114	178	4	
169	175	2	
337	340	3	
337	342	-3	
200	206	-3	
471	479	2	
93	101	-1	
23	31	-2	
186	250	-2	
451	453	2	
394	397	2	
290	293	-2	
408	413	1	
414	422	-2	
218	221	2	
218	223	-2	
403	467	3	
464	469	-3	
281	345	2	
45	53	2	
432	436	-3	
235	236	-1	
232	239	2	
233	237	3	
469	477	-1	
82	85	2	
136	200	4	
307	311	-2	
371	372	3	
106	109	3	
154	157	3	
153	158	1	
33	97	-2	
420	428	2	
421	429	2	
346	410	-2	
410	415	-3	
160	224	-2	
42	44	-4	
459	461	-2	
146	210	-1	
472	477	4	
483	485	-2	
192	197	4	
54	62	-2	
55	63	1	
217	220	-5	
281	285	-1	
441	505	-1	
168	175	4	
79	87	1	
371	375	1	
305	369	-1	
10	74	2	
8	72	-1	
113	119	-1	
113	177	2	
283	284	-3	
226	290	2	
89	93	1	
481	486	2	
120	125	3	
156	164	3	
35	99	3	
323	387	1	
320	384	-1	
265	269	2	
264	268	4	
75	76	2	
274	338	-2	
149	157	-2	
497	503	2	
392	396	-2	
115	117	-2	
184	248	2	
297	361	4	
220	228	-1	
172	180	1	
173	181	-2	
170	173	-2	
83	84	2	
482	484	3	
443	444	2	
59	123	1	
56	120	-1	
237	245	1	
239	247	-1	
64	68	-3	
327	335	4	
272	277	-3	
138	142	2	
433	437	-4	
282	346	-1	
67	70	-2	
259	263	-2	
5	13	-2	
81	86	4	
400	407	-2	
424	428	-2	
241	244	-2	
203	207	2	
227	230	1	
347	411	-2	
427	430	-2	
434	438	-2	
40	104	-3	
257	261	-2	
448	454	-3	
449	455	1	
249	255	-1	
315	317	-1	
378	383	-1	
357	365	2	
324	332	-1	
171	172	2	
243	307	3	
501	509	-2	
82	84	2	
341	349	-2	
194	198	4	
302	310	1	
305	310	-1	
147	211	2	
405	413	2	
65	71	2	
345	350	1	
435	439	2	
306	308	1	
41	105	3	
130	133	-2	
275	339	-1	
104	109	3	
139	203	-2	
210	215	2	
47	55	1	
336	400	-2	
80	87	-1	
344	351	-1	
38	46	1	
151	159	2	
273	276	2	
500	508	-1	
473	479	1	
170	234	-1	
206	214	1	
266	268	2	
83	147	-1	
235	299	-1	
90	154	1	
456	462	-1	
329	393	1	
328	392	-1	
259	323	1	
352	356	1	
49	55	-1	
48	54	1	
108	116	1	
111	119	1	
354	358	1	
76	84	1	
Energy:	-3748	
