NumberOfQubits	504	
NumberOfSubgraphs	588	
Serial	374	
PlantedSolution:	
0	1	
1	-1	
2	-1	
3	1	
4	1	
5	1	
6	1	
8	-1	
9	-1	
10	-1	
11	1	
12	1	
13	1	
14	-1	
15	-1	
16	1	
17	-1	
18	1	
19	-1	
20	-1	
21	1	
22	-1	
23	-1	
24	-1	
25	1	
26	1	
27	1	
28	-1	
29	1	
30	1	
31	1	
32	1	
33	1	
34	1	
35	-1	
36	-1	
37	1	
38	1	
39	-1	
40	1	
41	-1	
42	-1	
43	1	
44	1	
45	-1	
46	1	
47	-1	
48	-1	
49	1	
50	-1	
51	1	
52	-1	
53	1	
54	-1	
55	-1	
56	-1	
57	-1	
58	1	
59	-1	
60	-1	
61	1	
62	1	
63	1	
64	1	
65	1	
66	-1	
67	1	
68	1	
69	-1	
70	1	
71	-1	
72	1	
73	-1	
74	1	
75	1	
76	-1	
77	-1	
78	1	
79	1	
80	-1	
81	1	
82	-1	
83	1	
84	-1	
85	-1	
86	-1	
87	1	
88	1	
89	-1	
90	-1	
91	1	
92	1	
93	1	
94	-1	
95	1	
96	-1	
97	1	
98	-1	
99	1	
100	-1	
101	-1	
102	-1	
103	-1	
104	-1	
105	-1	
106	1	
107	1	
108	-1	
109	-1	
110	1	
111	1	
112	-1	
113	-1	
114	1	
115	-1	
116	-1	
117	1	
118	1	
119	1	
120	-1	
121	-1	
123	-1	
124	-1	
125	1	
126	1	
127	-1	
128	-1	
129	1	
130	1	
131	1	
132	1	
133	-1	
134	-1	
135	-1	
136	-1	
137	1	
138	1	
139	-1	
141	-1	
142	1	
143	-1	
144	1	
145	1	
146	1	
147	1	
148	1	
149	-1	
150	-1	
151	1	
152	1	
153	-1	
154	-1	
155	-1	
156	1	
157	-1	
158	-1	
159	-1	
160	1	
161	1	
162	-1	
163	-1	
164	-1	
165	-1	
166	-1	
167	1	
168	-1	
169	1	
170	1	
171	-1	
172	1	
173	-1	
174	-1	
175	-1	
176	-1	
177	-1	
178	1	
179	-1	
180	-1	
181	-1	
182	1	
183	1	
184	1	
185	1	
186	-1	
187	-1	
188	-1	
189	1	
190	-1	
191	1	
192	-1	
193	-1	
194	-1	
195	-1	
196	-1	
197	1	
198	-1	
199	1	
200	-1	
201	1	
202	1	
203	1	
204	-1	
205	-1	
206	1	
207	-1	
208	1	
209	-1	
210	1	
211	-1	
212	1	
213	-1	
214	1	
215	-1	
216	1	
217	-1	
218	-1	
219	-1	
220	-1	
221	-1	
222	-1	
223	-1	
224	-1	
225	-1	
226	-1	
227	-1	
228	-1	
229	-1	
230	-1	
231	1	
232	-1	
233	1	
234	-1	
235	-1	
236	1	
237	-1	
238	-1	
239	-1	
240	1	
241	1	
242	-1	
243	1	
244	-1	
245	1	
246	-1	
247	1	
248	1	
249	-1	
250	1	
251	1	
252	-1	
253	-1	
254	-1	
255	-1	
256	-1	
257	-1	
258	1	
259	-1	
260	-1	
261	1	
262	-1	
263	-1	
264	1	
265	-1	
266	1	
267	1	
268	-1	
269	-1	
270	-1	
271	1	
272	-1	
273	-1	
274	1	
275	1	
276	1	
277	-1	
278	1	
279	-1	
280	1	
281	-1	
282	-1	
283	-1	
284	-1	
285	-1	
286	-1	
287	1	
288	1	
289	1	
290	1	
291	1	
292	-1	
293	-1	
294	1	
295	-1	
296	-1	
297	1	
298	-1	
299	-1	
300	1	
301	-1	
302	-1	
303	-1	
304	-1	
305	1	
306	-1	
307	-1	
308	-1	
309	-1	
310	1	
311	1	
312	1	
313	1	
314	1	
315	1	
316	-1	
317	-1	
318	-1	
319	1	
320	1	
321	-1	
322	-1	
323	1	
324	-1	
325	1	
326	1	
327	1	
328	1	
329	-1	
330	-1	
331	-1	
332	1	
333	-1	
334	-1	
335	1	
336	-1	
337	1	
338	1	
339	-1	
340	-1	
341	-1	
342	-1	
343	1	
344	-1	
345	-1	
346	-1	
347	1	
348	-1	
349	-1	
350	1	
351	-1	
352	1	
353	1	
354	-1	
355	-1	
356	-1	
357	1	
358	-1	
359	-1	
361	1	
362	1	
363	1	
364	-1	
365	-1	
367	-1	
368	-1	
369	-1	
370	-1	
371	1	
372	-1	
373	-1	
374	-1	
375	-1	
376	-1	
377	-1	
378	1	
379	1	
380	-1	
382	1	
383	-1	
384	-1	
385	-1	
386	1	
387	1	
388	1	
389	1	
390	-1	
391	1	
392	1	
393	-1	
394	1	
396	-1	
397	-1	
398	-1	
399	1	
400	-1	
401	-1	
402	1	
403	1	
404	1	
405	-1	
406	-1	
407	-1	
408	1	
409	1	
410	-1	
411	-1	
412	1	
413	-1	
414	1	
415	-1	
416	1	
417	1	
418	1	
419	1	
420	-1	
421	-1	
422	-1	
424	-1	
425	-1	
426	1	
427	1	
428	-1	
429	-1	
430	-1	
431	-1	
432	-1	
433	-1	
434	1	
435	-1	
436	-1	
437	1	
438	-1	
439	1	
440	1	
441	1	
442	-1	
443	1	
444	1	
445	-1	
446	1	
447	-1	
448	-1	
449	-1	
450	-1	
451	1	
452	1	
453	-1	
454	-1	
455	-1	
456	-1	
457	-1	
458	-1	
459	1	
460	-1	
461	-1	
462	-1	
463	-1	
464	-1	
465	1	
466	-1	
467	-1	
468	1	
469	-1	
470	-1	
471	-1	
472	1	
473	-1	
474	-1	
475	1	
476	1	
477	1	
478	-1	
479	-1	
480	1	
481	-1	
482	-1	
483	1	
484	-1	
485	1	
486	-1	
487	1	
488	1	
489	-1	
490	-1	
491	-1	
492	-1	
493	-1	
494	-1	
495	-1	
496	-1	
497	-1	
498	-1	
499	-1	
500	1	
501	-1	
502	-1	
503	1	
504	-1	
505	-1	
506	-1	
507	-1	
508	1	
509	1	
510	-1	
511	1	
Js:	
168	172	1	
170	172	-2	
170	174	-3	
169	174	3	
169	173	2	
168	173	-3	
482	484	-4	
483	484	5	
483	485	-1	
480	485	-4	
480	487	4	
482	487	2	
427	430	-1	
430	438	-4	
435	438	-4	
435	439	3	
431	439	3	
427	431	3	
288	292	3	
290	292	3	
290	354	2	
354	359	-2	
352	359	3	
288	352	-2	
400	407	-4	
402	407	3	
402	466	-4	
466	470	-4	
464	470	-3	
400	464	-3	
200	205	-4	
203	205	3	
203	206	-3	
201	206	-4	
201	207	-3	
200	207	-4	
234	237	-4	
235	237	1	
235	299	-5	
299	303	-3	
298	303	-3	
234	298	-5	
25	29	-2	
26	29	-4	
26	31	3	
24	31	3	
24	30	3	
25	30	-3	
152	156	-3	
156	164	-1	
163	164	-2	
163	166	-5	
158	166	-1	
152	158	5	
34	38	-2	
35	38	-4	
35	99	5	
99	101	3	
98	101	-3	
34	98	3	
160	165	-3	
161	165	4	
161	225	4	
225	228	-3	
224	228	-3	
160	224	3	
498	501	-4	
501	509	3	
505	509	2	
505	511	4	
503	511	-3	
498	503	3	
344	349	-2	
346	349	-3	
346	410	-1	
410	414	2	
408	414	-4	
344	408	-1	
144	148	-3	
147	148	-4	
147	150	4	
145	150	2	
145	149	-3	
144	149	3	
10	14	-4	
14	22	-2	
17	22	-4	
17	23	-2	
15	23	-2	
10	15	-3	
257	261	4	
258	261	-4	
258	322	3	
322	325	-4	
321	325	2	
257	321	-3	
106	108	3	
108	116	1	
115	116	-4	
115	117	6	
109	117	1	
106	109	2	
474	476	5	
475	476	1	
475	478	3	
473	478	-4	
473	477	1	
474	477	2	
82	84	-2	
83	84	4	
83	87	-4	
80	87	3	
80	85	3	
82	85	-4	
330	334	1	
334	342	-2	
338	342	4	
338	343	-5	
335	343	-3	
330	335	3	
128	132	3	
130	132	-5	
130	194	2	
194	196	2	
192	196	-5	
128	192	-2	
440	444	2	
441	444	-2	
441	446	-4	
442	446	3	
442	445	-4	
440	445	2	
1	5	4	
3	5	-4	
3	67	-2	
67	68	-3	
65	68	-4	
1	65	3	
243	244	4	
244	252	-3	
251	252	-2	
251	253	4	
245	253	4	
243	245	-1	
74	79	-3	
75	79	-2	
75	139	-1	
139	142	2	
138	142	-4	
74	138	-1	
386	388	-4	
387	388	2	
387	390	2	
384	390	-4	
384	391	2	
386	391	-4	
448	453	-2	
450	453	-4	
450	455	-4	
451	455	3	
451	454	4	
448	454	-5	
345	351	3	
347	351	3	
347	411	2	
411	415	-4	
409	415	3	
345	409	2	
280	285	5	
281	285	-1	
281	286	-5	
283	286	-1	
283	287	2	
280	287	3	
273	276	2	
274	276	-2	
274	279	5	
275	279	-1	
275	277	3	
273	277	-3	
249	255	-2	
250	255	3	
250	314	-2	
314	317	-5	
313	317	4	
249	313	3	
393	397	-2	
394	397	5	
394	458	2	
458	461	-3	
457	461	1	
393	457	-3	
216	221	5	
218	221	-2	
218	223	-1	
219	223	-5	
219	222	-4	
216	222	-2	
89	92	4	
90	92	4	
90	94	3	
88	94	3	
88	93	-5	
89	93	2	
120	127	-4	
121	127	-5	
121	185	1	
185	188	3	
184	188	3	
120	184	-1	
369	372	-4	
372	380	1	
378	380	5	
378	383	3	
375	383	-3	
369	375	-2	
489	492	3	
490	492	-3	
490	493	-5	
491	493	-1	
491	495	-5	
489	495	-3	
49	52	4	
50	52	-4	
50	53	4	
48	53	4	
48	55	2	
49	55	3	
264	268	4	
267	268	2	
267	331	-3	
331	332	4	
328	332	-2	
264	328	-3	
32	36	-2	
36	44	2	
41	44	4	
41	45	-2	
37	45	2	
32	37	-1	
296	301	-4	
301	309	-2	
306	309	-5	
306	310	2	
302	310	3	
296	302	-3	
416	420	2	
419	420	4	
419	421	-3	
417	421	4	
417	422	4	
416	422	4	
177	180	-4	
179	180	-2	
179	182	3	
178	182	2	
178	183	-2	
177	183	1	
58	60	2	
59	60	-4	
59	63	2	
56	63	-3	
56	62	2	
58	62	-3	
210	212	-3	
211	212	3	
211	213	-4	
208	213	3	
208	215	-3	
210	215	3	
104	110	3	
110	118	1	
113	118	2	
113	119	4	
111	119	-1	
104	111	3	
361	367	3	
362	367	6	
362	426	1	
426	429	5	
425	429	-2	
361	425	3	
337	341	3	
339	341	-4	
339	403	2	
403	405	3	
401	405	1	
337	401	2	
8	13	-1	
9	13	3	
9	73	-3	
73	78	1	
72	78	-2	
8	72	2	
496	500	3	
500	508	3	
507	508	1	
507	510	-4	
502	510	-3	
496	502	-3	
131	133	4	
133	141	-2	
137	141	2	
137	143	5	
135	143	-2	
131	135	-2	
305	308	4	
308	316	-4	
315	316	-3	
315	319	-3	
311	319	-3	
305	311	-3	
0	4	-3	
2	4	3	
2	66	4	
66	71	-4	
64	71	3	
0	64	-3	
289	294	-3	
291	294	3	
291	355	1	
355	357	2	
353	357	-3	
289	353	-3	
232	238	2	
238	246	-1	
240	246	2	
240	247	-4	
239	247	1	
232	239	-4	
256	262	-3	
262	270	4	
266	270	3	
266	271	-3	
263	271	3	
256	263	-6	
368	373	-3	
370	373	-3	
370	434	2	
434	437	-4	
432	437	3	
368	432	1	
456	460	4	
460	468	1	
465	468	-3	
465	471	3	
463	471	-1	
456	463	-4	
225	229	-2	
226	229	-3	
226	230	-3	
227	230	3	
227	231	4	
225	231	3	
146	149	2	
149	157	-3	
155	157	-3	
155	159	-6	
151	159	3	
146	151	-3	
91	94	4	
94	102	-2	
97	102	4	
97	103	4	
95	103	-3	
91	95	-3	
193	198	-3	
195	198	-4	
195	259	-2	
259	260	-4	
257	260	-3	
193	257	-2	
321	324	-4	
323	324	3	
323	326	-4	
320	326	3	
320	327	-4	
321	327	3	
392	396	3	
396	404	-2	
401	404	3	
401	406	-4	
398	406	-1	
392	398	4	
40	45	3	
42	45	-4	
42	46	4	
43	46	3	
43	47	4	
40	47	4	
186	189	2	
187	189	4	
187	191	3	
184	191	-3	
184	190	2	
186	190	-4	
18	20	3	
19	20	-4	
19	22	-4	
16	22	3	
16	21	-4	
18	21	-6	
376	382	3	
379	382	-3	
379	443	-4	
443	447	3	
440	447	5	
376	440	3	
354	356	-3	
356	364	-3	
363	364	5	
363	365	5	
357	365	2	
354	357	4	
385	389	5	
387	389	-4	
387	451	-2	
451	452	-3	
449	452	4	
385	449	-3	
304	311	2	
307	311	5	
307	371	-2	
371	374	1	
368	374	-3	
304	368	-4	
153	158	-3	
154	158	-2	
154	218	-4	
218	220	-4	
217	220	-4	
153	217	-3	
481	485	-3	
485	493	2	
488	493	2	
488	494	4	
486	494	-3	
481	486	-4	
336	340	-5	
340	348	-3	
347	348	3	
347	350	-3	
342	350	-2	
336	342	-1	
433	436	-4	
435	436	-2	
435	499	-2	
499	500	3	
497	500	3	
433	497	3	
121	124	-3	
123	124	4	
123	125	6	
120	125	3	
120	126	1	
121	126	4	
27	28	-3	
28	36	-3	
33	36	4	
33	39	3	
31	39	2	
27	31	-3	
162	164	-5	
164	172	2	
171	172	4	
171	175	-2	
167	175	-2	
162	167	4	
264	269	2	
265	269	-3	
265	329	-3	
329	333	-4	
328	333	3	
248	254	-1	
251	254	3	
251	315	-2	
315	318	4	
312	318	2	
248	312	-1	
51	53	-3	
53	61	-2	
57	61	3	
57	62	4	
54	62	3	
51	54	3	
112	119	4	
114	119	-3	
114	178	-4	
178	181	2	
176	181	-4	
112	176	4	
272	276	3	
276	284	2	
282	284	-5	
282	286	-2	
278	286	-1	
272	278	4	
233	236	-3	
235	236	2	
299	300	-2	
297	300	-4	
233	297	-2	
202	204	5	
204	212	2	
209	212	4	
209	214	3	
206	214	-2	
202	206	1	
459	461	-4	
461	469	-2	
467	469	-3	
467	470	-3	
462	470	-2	
459	462	4	
3	4	-3	
4	12	2	
11	12	-2	
11	14	4	
6	14	2	
3	6	-3	
409	412	-3	
412	420	3	
418	420	-4	
418	421	2	
413	421	-2	
409	413	3	
67	69	3	
69	77	-4	
75	77	-1	
75	78	-3	
70	78	-4	
67	70	-4	
129	134	4	
130	134	3	
194	197	4	
193	197	4	
129	193	2	
96	100	-4	
100	108	2	
105	108	-4	
105	111	3	
103	111	2	
96	103	-2	
80	84	-5	
83	86	3	
81	86	5	
81	87	-3	
425	428	-4	
427	428	4	
424	431	-2	
424	430	-3	
425	430	-2	
288	295	5	
289	295	4	
353	358	-5	
352	358	4	
504	508	3	
506	508	5	
506	511	1	
507	511	3	
507	509	4	
504	509	-3	
469	477	3	
472	477	-3	
472	479	1	
471	479	5	
467	471	-2	
241	246	3	
242	246	-3	
242	306	-3	
305	310	-3	
241	305	2	
72	76	1	
73	76	-3	
73	137	3	
136	141	3	
72	136	3	
312	319	-3	
313	319	-2	
313	377	3	
377	380	-3	
376	380	-3	
312	376	-1	
226	231	2	
227	291	-2	
291	293	4	
290	293	2	
226	290	2	
106	110	-1	
107	110	-5	
107	171	-3	
171	173	-3	
170	173	2	
106	170	-3	
392	397	3	
393	399	4	
394	399	-3	
394	398	2	
196	204	-2	
202	207	2	
199	207	3	
192	199	3	
116	124	-4	
117	125	-5	
324	332	2	
330	332	4	
330	333	-3	
325	333	4	
323	325	2	
259	261	2	
259	263	2	
258	262	3	
48	52	-3	
49	113	2	
112	118	-2	
48	112	-2	
8	12	4	
9	12	-3	
10	13	3	
8	15	-4	
400	404	4	
404	412	2	
408	412	-3	
408	415	3	
407	415	-3	
68	76	3	
74	76	2	
74	77	-3	
65	69	2	
155	156	3	
153	157	-3	
153	159	2	
152	159	2	
146	148	-4	
146	210	1	
210	214	-3	
208	214	-3	
144	208	-2	
432	439	3	
434	439	-1	
434	498	-3	
498	502	-3	
432	496	-4	
345	348	-1	
346	348	-4	
346	350	-1	
344	350	3	
345	349	-3	
220	228	1	
224	229	-5	
221	229	-1	
217	221	-2	
24	28	2	
25	28	4	
25	89	2	
89	95	3	
88	95	-4	
24	88	2	
232	237	-4	
234	239	-1	
233	239	3	
233	238	2	
266	269	3	
269	277	-3	
275	278	-2	
270	278	-3	
16	20	2	
19	23	-3	
18	23	3	
32	38	-3	
38	46	-2	
39	47	-2	
32	39	4	
484	492	-3	
488	492	2	
483	486	3	
370	374	-3	
374	382	-2	
379	383	2	
370	375	-4	
405	413	-3	
410	413	-3	
406	414	4	
403	406	-1	
181	189	-1	
183	191	-2	
176	183	2	
186	188	-3	
186	250	3	
250	252	3	
249	252	3	
185	249	2	
417	481	3	
481	487	2	
416	480	-4	
56	60	-4	
58	63	-4	
59	61	3	
56	61	-3	
298	300	4	
298	362	2	
362	365	3	
361	365	3	
297	361	3	
385	391	1	
386	450	3	
449	455	3	
240	244	2	
243	307	2	
307	308	2	
304	308	-1	
240	304	3	
33	37	-3	
35	37	4	
99	100	3	
97	100	2	
33	97	-2	
458	460	-3	
458	462	-5	
457	462	-2	
457	463	-4	
472	476	3	
474	479	-1	
473	479	-4	
472	478	3	
162	165	1	
160	167	-4	
160	166	2	
161	166	2	
337	340	2	
337	343	3	
339	343	2	
336	341	-4	
436	444	4	
442	444	4	
437	445	-3	
433	437	3	
128	134	-2	
134	142	2	
138	143	-2	
128	135	-2	
104	109	-1	
105	109	-3	
105	169	3	
169	175	3	
168	175	2	
104	168	-3	
283	284	-3	
283	285	-5	
282	287	4	
355	356	-3	
363	367	1	
359	367	-3	
355	359	3	
0	6	-3	
2	6	4	
326	334	3	
331	334	-3	
331	335	3	
327	335	-3	
147	211	1	
211	215	-3	
209	215	2	
145	209	2	
26	30	-4	
27	30	2	
27	91	-2	
91	92	-3	
26	90	2	
241	245	3	
248	253	4	
248	255	3	
247	255	4	
241	247	-3	
201	205	2	
203	267	-1	
267	271	-4	
265	271	-2	
201	265	2	
442	506	-2	
506	510	-2	
505	510	-2	
441	505	-2	
129	132	-2	
131	132	-2	
131	195	2	
195	197	-2	
293	301	-4	
294	302	2	
489	493	-3	
493	501	1	
497	501	-3	
497	503	2	
495	503	1	
466	468	3	
466	469	-1	
464	469	-3	
464	471	1	
41	46	4	
46	54	-1	
50	54	-2	
50	55	-3	
47	55	-3	
41	47	-2	
172	180	3	
177	182	4	
174	182	-1	
171	174	-2	
98	102	-2	
96	102	-3	
312	316	4	
313	316	1	
313	318	3	
314	318	3	
312	317	3	
82	86	-3	
82	146	1	
145	151	3	
81	145	-1	
386	390	3	
384	448	2	
222	230	-1	
223	231	1	
427	429	-2	
427	491	4	
491	492	-2	
426	490	2	
272	277	2	
274	277	2	
273	279	-5	
273	278	1	
371	372	-3	
371	373	4	
369	374	-3	
354	358	-1	
355	358	-3	
355	419	2	
354	418	2	
377	383	2	
441	447	3	
377	441	2	
292	300	2	
296	300	2	
296	303	3	
295	303	-2	
139	141	-4	
139	203	4	
136	200	-4	
452	460	4	
459	460	2	
454	462	2	
449	454	-2	
1	4	3	
11	13	-4	
5	13	-2	
388	396	4	
393	396	-3	
391	399	-5	
387	391	-2	
40	44	-5	
42	44	-1	
42	106	2	
104	108	-2	
40	104	2	
424	428	-5	
428	436	-1	
434	436	-1	
434	438	3	
114	118	3	
118	126	-4	
119	127	1	
152	157	2	
154	157	-2	
218	222	-3	
152	216	-2	
260	268	-2	
264	270	3	
259	262	-3	
339	342	-3	
403	407	-2	
338	402	-2	
72	77	3	
77	85	-2	
82	87	2	
79	87	-2	
72	79	3	
411	414	2	
411	475	4	
408	472	-4	
232	236	-1	
236	244	1	
242	244	-3	
242	245	3	
237	245	1	
499	502	3	
504	510	-3	
504	511	3	
499	503	4	
182	190	2	
179	183	-2	
128	133	-4	
192	198	1	
26	28	-1	
34	36	3	
34	37	-2	
29	37	-2	
280	286	3	
281	345	-3	
344	351	-3	
280	344	5	
57	63	4	
55	63	-1	
51	55	4	
329	334	-3	
322	326	3	
17	20	3	
248	252	3	
250	254	4	
418	422	3	
418	482	3	
482	486	-2	
480	486	-1	
163	165	-4	
165	173	-3	
168	174	-2	
166	174	-3	
385	388	2	
389	397	-2	
306	308	-3	
305	309	1	
90	93	3	
66	68	2	
64	70	-3	
64	69	-2	
66	69	-3	
213	221	-2	
216	223	-3	
215	223	-2	
194	198	-3	
198	206	3	
194	199	2	
97	101	2	
101	109	-3	
107	109	-2	
102	110	3	
81	84	-2	
81	85	3	
83	85	2	
80	86	-2	
402	404	-1	
465	470	1	
401	465	3	
161	167	-2	
234	238	-2	
235	238	3	
9	15	-4	
11	15	1	
11	75	-3	
75	76	-4	
425	489	2	
489	494	-3	
424	488	4	
364	372	-2	
365	373	-1	
349	357	1	
352	357	2	
351	359	-1	
346	351	-3	
148	156	-2	
147	151	2	
322	324	-3	
113	116	-2	
114	116	2	
178	180	3	
113	177	-4	
52	60	-2	
432	438	-1	
438	446	2	
440	446	-2	
439	447	-1	
483	487	-3	
482	485	3	
274	338	-2	
273	337	2	
410	415	3	
475	477	-4	
410	474	-4	
285	293	1	
289	293	3	
287	295	3	
27	29	-2	
25	31	-1	
179	181	-3	
179	243	2	
243	246	2	
176	240	-1	
498	500	1	
506	509	2	
65	70	1	
74	78	-3	
71	79	3	
65	71	3	
314	319	1	
314	378	-3	
378	382	-2	
377	382	4	
451	453	2	
453	461	-4	
459	463	2	
455	463	-2	
267	269	2	
266	330	3	
136	142	2	
138	202	-4	
200	204	-2	
187	190	-4	
185	189	-4	
208	212	-2	
210	213	2	
34	39	2	
98	103	3	
32	96	2	
297	301	2	
304	309	-4	
304	310	-2	
297	302	3	
43	44	-4	
43	107	2	
107	111	-2	
41	105	-2	
256	260	-2	
265	268	-3	
348	356	-1	
353	356	1	
350	358	1	
120	124	-3	
123	126	3	
1	6	-2	
0	5	-3	
429	437	-2	
433	439	3	
426	431	3	
130	133	1	
131	134	3	
129	135	-4	
130	135	4	
150	158	2	
144	150	3	
390	398	3	
281	284	2	
284	292	-2	
290	294	-2	
286	294	2	
467	468	2	
468	476	-3	
473	476	3	
226	228	-2	
228	236	-3	
231	239	2	
246	254	-3	
249	254	-3	
275	276	-4	
275	339	2	
272	336	2	
170	175	2	
441	445	3	
443	445	2	
443	507	2	
320	325	-2	
328	335	2	
51	52	3	
51	115	1	
114	117	1	
50	114	1	
315	379	-1	
379	380	-2	
13	21	1	
362	364	2	
367	375	1	
448	452	3	
400	405	-3	
411	413	-2	
400	406	2	
490	495	-3	
491	494	2	
216	220	-2	
217	223	-2	
219	221	-2	
195	196	-2	
195	199	-2	
192	197	2	
57	60	-2	
59	62	-2	
58	61	-3	
139	143	-3	
137	201	2	
376	383	-4	
329	332	2	
332	340	-2	
338	340	1	
329	335	2	
443	444	-2	
443	446	3	
48	54	-3	
49	54	-4	
163	227	-1	
225	230	-4	
321	326	1	
323	387	-2	
321	385	1	
309	317	1	
393	398	-2	
392	456	3	
12	20	1	
403	404	2	
403	467	4	
464	468	2	
440	504	2	
129	133	3	
153	156	2	
154	156	3	
178	242	-1	
67	71	-1	
419	483	-2	
112	117	1	
24	29	4	
256	261	1	
257	262	-1	
299	302	-3	
307	310	2	
303	311	-1	
98	100	-2	
96	101	-3	
211	214	3	
211	275	-2	
208	272	1	
184	189	3	
184	248	-2	
477	485	-1	
479	487	1	
475	479	2	
138	141	3	
137	142	-2	
264	271	-1	
328	334	4	
450	454	1	
78	86	-1	
233	237	3	
235	239	-3	
145	148	-3	
144	151	-3	
283	347	-2	
344	348	-2	
488	495	-2	
397	405	-2	
402	405	2	
399	407	-1	
341	349	-2	
345	350	4	
337	342	2	
180	188	1	
187	188	-2	
207	215	-1	
160	164	-2	
162	226	-2	
474	478	-2	
409	473	2	
371	435	-2	
435	437	1	
107	108	2	
76	84	1	
73	79	3	
66	70	2	
274	278	-3	
265	270	-1	
320	324	2	
322	386	-1	
384	388	2	
320	384	2	
45	53	-2	
240	245	-2	
242	247	1	
289	292	1	
291	292	3	
249	253	1	
154	159	-2	
155	219	1	
89	94	-2	
363	427	2	
425	431	-1	
18	82	2	
16	80	-1	
496	501	-3	
421	429	-1	
426	430	-3	
422	430	-1	
193	196	1	
202	205	2	
197	205	2	
99	102	2	
10	74	2	
410	412	1	
305	369	1	
402	406	2	
266	268	-2	
169	172	-2	
176	180	1	
175	183	3	
147	149	3	
281	287	2	
282	346	-2	
480	484	-1	
234	236	2	
230	238	-2	
258	260	1	
259	323	1	
323	327	2	
322	327	2	
272	279	-2	
106	111	-3	
457	460	-2	
314	316	2	
315	317	1	
385	390	-2	
185	191	-4	
492	500	1	
494	502	-1	
490	494	-1	
64	68	-2	
67	131	-1	
64	128	1	
10	12	2	
8	14	-3	
33	38	-2	
19	83	1	
17	81	2	
288	293	2	
161	164	2	
163	167	-1	
91	93	2	
57	121	-1	
56	120	-2	
66	130	-1	
65	129	-1	
136	143	-2	
384	389	2	
449	453	-2	
458	463	-1	
187	251	-1	
146	150	3	
401	407	-1	
465	469	2	
169	233	1	
168	232	-1	
243	247	-1	
307	309	1	
408	413	-1	
112	116	-1	
177	181	-1	
217	222	-2	
219	283	-1	
217	281	-1	
333	341	1	
258	263	2	
505	508	2	
209	213	-2	
210	274	-2	
209	273	1	
267	270	2	
241	244	1	
17	21	-3	
16	23	2	
481	484	-2	
371	375	2	
369	373	-3	
227	228	-2	
224	231	-2	
224	230	-1	
155	158	1	
115	119	1	
115	179	-2	
92	100	1	
90	95	1	
203	207	1	
193	199	-2	
432	436	-2	
394	396	2	
470	478	-1	
466	471	-2	
336	343	2	
59	123	-1	
123	127	2	
414	422	1	
409	414	-1	
347	349	-1	
450	452	2	
448	455	2	
43	45	-1	
219	220	-1	
392	399	-1	
268	276	-1	
456	461	-2	
417	420	1	
353	417	-2	
250	253	-1	
361	364	2	
310	318	-2	
227	229	-2	
73	77	1	
251	255	2	
205	213	1	
331	333	1	
105	110	-1	
90	154	1	
89	153	-1	
232	296	-2	
2	5	-1	
194	258	1	
192	256	-1	
368	375	-2	
282	285	1	
277	285	-1	
352	356	-1	
416	421	2	
352	416	-2	
115	118	2	
30	38	1	
261	269	1	
173	181	-1	
288	294	2	
487	495	2	
299	363	1	
176	182	2	
229	237	-1	
203	204	2	
201	204	1	
186	191	2	
306	370	-1	
370	372	-1	
368	372	1	
49	53	-1	
496	503	1	
271	279	1	
99	163	1	
162	166	-1	
98	162	1	
290	295	-1	
22	30	1	
23	31	2	
419	422	-1	
378	442	1	
442	447	2	
424	429	-2	
35	39	-1	
20	28	-1	
257	263	1	
256	320	1	
42	47	-1	
200	264	1	
497	502	1	
386	389	1	
456	462	1	
476	484	1	
478	486	1	
369	433	-1	
9	14	1	
339	340	-1	
343	351	-1	
200	206	-1	
291	295	1	
157	165	-1	
159	167	1	
Energy:	-2520	
