NumberOfQubits	504	
NumberOfSubgraphs	504	
Serial	230	
PlantedSolution:	
0	1	
1	-1	
2	1	
3	1	
4	-1	
5	-1	
6	-1	
8	1	
9	-1	
10	-1	
11	1	
12	1	
13	-1	
14	-1	
15	-1	
16	1	
17	1	
18	-1	
19	1	
20	1	
21	-1	
22	1	
23	1	
24	1	
25	-1	
26	-1	
27	1	
28	-1	
29	1	
30	1	
31	1	
32	1	
33	1	
34	-1	
35	1	
36	1	
37	-1	
38	1	
39	-1	
40	1	
41	1	
42	-1	
43	-1	
44	-1	
45	1	
46	1	
47	-1	
48	1	
49	1	
50	1	
51	-1	
52	-1	
53	-1	
54	1	
55	-1	
56	-1	
57	-1	
58	1	
59	-1	
60	1	
61	1	
62	-1	
63	-1	
64	1	
65	-1	
66	1	
67	1	
68	-1	
69	-1	
70	-1	
71	1	
72	-1	
73	1	
74	1	
75	1	
76	-1	
77	1	
78	1	
79	-1	
80	1	
81	-1	
82	-1	
83	-1	
84	-1	
85	1	
86	-1	
87	-1	
88	-1	
89	1	
90	-1	
91	1	
92	1	
93	-1	
94	1	
95	1	
96	1	
97	1	
98	-1	
99	1	
100	-1	
101	-1	
102	-1	
103	1	
104	1	
105	1	
106	1	
107	1	
108	-1	
109	-1	
110	1	
111	1	
112	1	
113	-1	
114	1	
115	1	
116	1	
117	1	
118	1	
119	1	
120	1	
121	1	
123	1	
124	1	
125	-1	
126	-1	
127	1	
128	1	
129	-1	
130	-1	
131	-1	
132	-1	
133	1	
134	1	
135	-1	
136	-1	
137	-1	
138	-1	
139	1	
141	1	
142	-1	
143	-1	
144	1	
145	-1	
146	1	
147	1	
148	1	
149	1	
150	-1	
151	1	
152	-1	
153	-1	
154	-1	
155	1	
156	1	
157	-1	
158	1	
159	-1	
160	1	
161	1	
162	1	
163	1	
164	-1	
165	1	
166	1	
167	-1	
168	1	
169	1	
170	-1	
171	1	
172	1	
173	1	
174	-1	
175	-1	
176	1	
177	1	
178	-1	
179	-1	
180	1	
181	-1	
182	1	
183	1	
184	-1	
185	-1	
186	1	
187	-1	
188	1	
189	1	
190	-1	
191	1	
192	1	
193	-1	
194	1	
195	1	
196	1	
197	-1	
198	-1	
199	-1	
200	1	
201	1	
202	-1	
203	1	
204	-1	
205	-1	
206	-1	
207	-1	
208	1	
209	-1	
210	1	
211	-1	
212	-1	
213	-1	
214	-1	
215	1	
216	-1	
217	-1	
218	1	
219	-1	
220	1	
221	-1	
222	-1	
223	1	
224	1	
225	1	
226	1	
227	1	
228	-1	
229	1	
230	-1	
231	1	
232	-1	
233	1	
234	-1	
235	-1	
236	-1	
237	-1	
238	1	
239	-1	
240	-1	
241	1	
242	-1	
243	1	
244	1	
245	-1	
246	-1	
247	1	
248	-1	
249	1	
250	-1	
251	1	
252	1	
253	-1	
254	1	
255	-1	
256	-1	
257	-1	
258	-1	
259	1	
260	1	
261	1	
262	-1	
263	1	
264	1	
265	1	
266	1	
267	1	
268	-1	
269	1	
270	1	
271	-1	
272	1	
273	1	
274	-1	
275	1	
276	1	
277	-1	
278	-1	
279	-1	
280	-1	
281	1	
282	1	
283	-1	
284	-1	
285	1	
286	1	
287	1	
288	1	
289	1	
290	-1	
291	-1	
292	1	
293	-1	
294	-1	
295	-1	
296	-1	
297	-1	
298	-1	
299	1	
300	1	
301	1	
302	1	
303	1	
304	1	
305	-1	
306	1	
307	1	
308	1	
309	1	
310	1	
311	1	
312	1	
313	-1	
314	1	
315	-1	
316	1	
317	1	
318	-1	
319	1	
320	1	
321	1	
322	-1	
323	-1	
324	1	
325	-1	
326	1	
327	-1	
328	1	
329	1	
330	-1	
331	-1	
332	1	
333	1	
334	1	
335	1	
336	1	
337	1	
338	1	
339	-1	
340	-1	
341	1	
342	-1	
343	-1	
344	-1	
345	1	
346	-1	
347	-1	
348	1	
349	-1	
350	-1	
351	-1	
352	-1	
353	-1	
354	1	
355	-1	
356	-1	
357	-1	
358	1	
359	-1	
361	-1	
362	1	
363	1	
364	-1	
365	1	
367	1	
368	-1	
369	1	
370	1	
371	-1	
372	1	
373	-1	
374	-1	
375	-1	
376	-1	
377	1	
378	-1	
379	-1	
380	-1	
382	1	
383	1	
384	1	
385	1	
386	-1	
387	-1	
388	1	
389	1	
390	-1	
391	-1	
392	1	
393	1	
394	-1	
396	1	
397	-1	
398	1	
399	1	
400	1	
401	1	
402	-1	
403	1	
404	1	
405	1	
406	-1	
407	1	
408	-1	
409	-1	
410	1	
411	-1	
412	-1	
413	1	
414	1	
415	-1	
416	1	
417	1	
418	1	
419	1	
420	1	
421	1	
422	-1	
424	-1	
425	-1	
426	1	
427	-1	
428	1	
429	-1	
430	-1	
431	-1	
432	-1	
433	-1	
434	1	
435	-1	
436	1	
437	1	
438	-1	
439	1	
440	1	
441	1	
442	-1	
443	1	
444	1	
445	-1	
446	1	
447	1	
448	-1	
449	-1	
450	-1	
451	1	
452	-1	
453	1	
454	1	
455	-1	
456	1	
457	1	
458	-1	
459	1	
460	1	
461	-1	
462	-1	
463	1	
464	-1	
465	-1	
466	-1	
467	-1	
468	1	
469	-1	
470	-1	
471	-1	
472	1	
473	1	
474	1	
475	-1	
476	-1	
477	-1	
478	1	
479	1	
480	1	
481	1	
482	-1	
483	-1	
484	1	
485	-1	
486	-1	
487	-1	
488	1	
489	1	
490	-1	
491	1	
492	-1	
493	-1	
494	1	
495	1	
496	-1	
497	-1	
498	-1	
499	-1	
500	1	
501	1	
502	1	
503	1	
504	1	
505	1	
506	1	
507	1	
508	1	
509	-1	
510	-1	
511	-1	
Js:	
155	157	4	
157	165	-2	
163	165	-2	
163	166	-4	
158	166	-2	
155	158	-1	
321	324	-2	
323	324	3	
323	326	2	
322	326	3	
322	327	1	
321	327	4	
50	52	2	
52	60	1	
57	60	4	
57	61	-1	
53	61	3	
50	53	2	
234	236	-2	
235	236	-4	
235	238	2	
232	238	1	
232	239	-1	
234	239	1	
337	340	2	
339	340	-6	
339	403	1	
403	406	4	
401	406	2	
337	401	2	
66	69	3	
67	69	3	
67	131	1	
131	134	2	
130	134	3	
66	130	-1	
19	22	-3	
22	30	-1	
27	30	-4	
27	31	-3	
23	31	2	
19	23	-2	
200	204	1	
203	204	-3	
203	205	3	
201	205	2	
201	207	4	
200	207	3	
208	214	3	
209	214	-3	
209	273	2	
273	278	3	
272	278	-2	
208	272	-3	
171	172	-3	
172	180	-3	
177	180	-3	
177	181	2	
173	181	2	
171	173	-5	
481	485	1	
485	493	-2	
488	493	3	
488	495	-2	
487	495	2	
481	487	-3	
354	356	3	
355	356	-3	
355	358	3	
352	358	4	
352	359	-3	
354	359	-3	
11	12	-4	
12	20	-2	
18	20	2	
18	21	1	
13	21	-1	
11	13	3	
104	108	2	
107	108	1	
107	110	-2	
105	110	1	
105	111	-3	
104	111	-1	
474	477	-1	
475	477	-5	
475	479	3	
473	479	-4	
473	478	-2	
474	478	-1	
387	389	2	
389	397	3	
393	397	2	
393	399	-4	
391	399	3	
387	391	3	
312	317	3	
315	317	3	
315	379	-3	
379	383	2	
376	383	4	
312	376	2	
33	36	-3	
35	36	1	
35	38	-4	
34	38	3	
34	39	-3	
33	39	3	
368	372	3	
370	372	-3	
370	373	2	
369	373	4	
369	375	3	
368	375	-3	
427	429	-1	
429	437	-3	
432	437	3	
432	438	-3	
430	438	-1	
427	430	-2	
88	92	-5	
91	92	-2	
91	94	-3	
89	94	-2	
89	93	3	
88	93	-5	
296	300	3	
297	300	4	
297	302	3	
299	302	-3	
299	303	-3	
296	303	4	
258	260	4	
259	260	-3	
259	261	-3	
257	261	-1	
257	262	-4	
258	262	-3	
113	116	3	
116	124	-3	
120	124	1	
120	125	5	
117	125	3	
113	117	2	
8	15	2	
10	15	-3	
10	74	-1	
74	78	-4	
72	78	2	
8	72	3	
289	292	3	
291	292	5	
291	295	-6	
288	295	3	
288	294	3	
289	294	2	
264	270	-4	
266	270	-3	
266	330	2	
330	332	3	
328	332	-4	
264	328	-2	
448	454	3	
454	462	3	
458	462	-3	
458	463	3	
455	463	-2	
448	455	-4	
82	87	-1	
83	87	3	
83	147	1	
147	148	-2	
146	148	-4	
82	146	1	
216	222	-2	
222	230	-4	
224	230	3	
224	231	3	
223	231	-3	
216	223	2	
1	4	4	
3	4	3	
3	5	4	
2	5	3	
2	6	3	
1	6	-4	
346	349	-3	
347	349	-3	
347	351	-5	
345	351	3	
345	350	3	
346	350	-2	
465	468	3	
467	468	2	
467	471	-4	
464	471	-5	
464	469	-3	
465	469	-2	
40	44	3	
41	44	-1	
41	46	-2	
42	46	4	
42	45	2	
40	45	-4	
241	246	2	
243	246	-1	
243	307	-2	
307	309	-1	
305	309	5	
241	305	1	
408	413	2	
411	413	5	
411	415	3	
409	415	-2	
409	414	3	
408	414	3	
186	188	-4	
187	188	2	
187	189	2	
184	189	4	
184	191	3	
186	191	2	
496	500	4	
497	500	3	
497	502	4	
499	502	4	
499	503	2	
496	503	3	
416	422	3	
419	422	3	
419	483	-2	
483	486	-1	
480	486	1	
416	480	-2	
440	444	-4	
443	444	-2	
443	447	2	
442	447	3	
442	445	-4	
440	445	3	
194	196	-4	
195	196	-2	
195	199	3	
192	199	4	
192	197	2	
194	197	2	
112	119	-2	
115	119	-2	
115	179	3	
179	183	2	
176	183	-2	
112	176	2	
136	141	3	
138	141	4	
138	142	4	
139	142	4	
139	143	2	
136	143	-4	
361	364	-4	
363	364	-3	
363	367	-3	
362	367	-3	
362	365	-3	
361	365	3	
248	252	3	
250	252	3	
250	255	-4	
249	255	3	
249	254	-3	
248	254	5	
506	509	2	
507	509	-2	
507	510	4	
505	510	4	
505	511	3	
506	511	4	
218	220	-3	
219	220	2	
219	283	-3	
283	286	2	
282	286	-2	
218	282	-2	
97	101	-1	
99	101	2	
99	103	-4	
96	103	-3	
96	102	3	
97	102	2	
64	68	4	
65	68	-1	
65	129	-1	
129	132	-4	
128	132	3	
64	128	1	
313	319	2	
314	319	-4	
314	378	2	
378	380	-4	
377	380	-3	
313	377	3	
73	76	2	
76	84	-3	
80	84	2	
80	85	-3	
77	85	-2	
73	77	1	
49	54	-2	
54	62	2	
58	62	2	
58	63	4	
55	63	2	
49	55	3	
275	276	2	
276	284	3	
281	284	3	
281	285	-3	
277	285	2	
275	277	1	
425	428	3	
426	428	-3	
426	490	-2	
490	494	3	
489	494	-2	
425	489	2	
336	343	2	
338	343	4	
338	402	-1	
402	404	4	
400	404	-3	
336	400	-2	
450	452	-2	
452	460	-1	
456	460	-4	
456	461	3	
453	461	2	
450	453	5	
265	271	3	
267	271	3	
267	331	-2	
331	334	3	
329	334	-4	
265	329	-2	
153	156	4	
156	164	-1	
160	164	3	
160	167	2	
159	167	-3	
153	159	-3	
386	388	3	
388	396	-3	
394	396	2	
394	398	-3	
390	398	3	
386	390	-3	
240	245	-2	
242	245	-2	
242	306	2	
306	308	-3	
304	308	-3	
240	304	-1	
353	357	-3	
354	357	3	
354	418	-2	
418	420	1	
417	420	-5	
353	417	3	
105	109	-3	
106	109	3	
106	170	2	
170	174	-3	
169	174	2	
105	169	-1	
24	28	2	
28	36	-1	
32	36	-2	
32	37	3	
29	37	1	
24	29	-4	
433	436	-1	
434	436	-5	
434	438	2	
435	438	-3	
435	439	3	
433	439	4	
225	228	3	
226	228	3	
226	231	-3	
227	231	-3	
227	229	-3	
225	229	3	
208	212	2	
211	212	-3	
211	215	2	
210	215	-3	
210	213	3	
208	213	-1	
80	86	1	
81	86	2	
81	145	-1	
145	151	6	
144	151	-2	
80	144	-1	
114	118	-3	
118	126	4	
123	126	4	
123	127	-3	
119	127	-2	
114	119	1	
280	287	3	
282	287	-3	
282	346	3	
346	348	-2	
344	348	2	
280	344	-3	
25	29	1	
26	29	3	
26	90	-3	
90	95	2	
89	95	-5	
25	89	-2	
168	174	2	
174	182	-2	
178	182	3	
178	183	1	
175	183	1	
168	175	3	
193	196	-2	
196	204	1	
202	204	-3	
202	206	-4	
198	206	-3	
193	198	-3	
256	263	3	
259	263	-2	
259	323	-3	
323	325	-4	
320	325	3	
256	320	2	
482	484	-1	
484	492	2	
491	492	3	
491	494	-3	
486	494	2	
482	486	-4	
408	412	-2	
410	412	4	
410	474	-3	
474	476	4	
472	476	4	
408	472	-3	
9	14	-4	
11	14	1	
11	75	1	
75	79	2	
73	79	2	
9	73	3	
290	293	-4	
293	301	1	
298	301	3	
298	302	2	
294	302	-1	
290	294	-3	
498	500	-2	
500	508	-3	
504	508	-3	
504	509	3	
501	509	2	
498	501	5	
97	100	2	
98	100	-4	
98	162	1	
162	167	2	
161	167	2	
97	161	3	
185	190	-2	
187	190	-3	
187	251	2	
251	253	4	
249	253	4	
185	249	-2	
306	310	-2	
310	318	2	
314	318	4	
311	319	-2	
306	311	-4	
264	268	3	
268	276	2	
274	276	3	
274	279	-3	
271	279	1	
264	271	1	
377	382	-2	
379	382	2	
379	443	1	
443	446	2	
441	446	-2	
377	441	-2	
384	390	3	
385	390	2	
385	449	5	
449	455	3	
384	448	4	
147	149	-4	
149	157	3	
154	157	3	
154	158	2	
150	158	3	
147	150	3	
330	333	4	
333	341	-3	
338	341	-4	
335	343	-2	
330	335	2	
402	405	3	
403	405	-3	
403	467	2	
467	470	-3	
466	470	-4	
402	466	1	
233	236	1	
236	244	-1	
243	244	-3	
243	245	3	
237	245	-1	
233	237	3	
131	133	3	
133	141	-3	
137	141	3	
137	143	2	
135	143	-2	
131	135	-3	
43	46	1	
46	54	-2	
48	54	-3	
48	55	2	
47	55	1	
43	47	-4	
152	159	-3	
153	217	1	
217	221	-3	
216	221	-2	
152	216	-3	
392	399	-3	
393	457	-3	
457	460	2	
392	456	-2	
16	20	-4	
19	20	-1	
19	21	3	
17	21	3	
17	22	-2	
16	22	1	
371	373	3	
371	374	-2	
370	374	5	
370	375	3	
67	68	2	
67	70	4	
66	70	-2	
66	71	-3	
64	71	-2	
56	62	-3	
59	62	-2	
59	123	3	
123	125	-1	
56	120	3	
424	428	2	
427	428	3	
427	431	-4	
426	431	3	
426	430	-1	
424	430	-3	
451	453	3	
459	461	1	
459	462	4	
451	454	-3	
336	342	3	
337	342	4	
401	407	-4	
400	407	-3	
0	4	2	
4	12	1	
10	12	3	
10	13	-2	
5	13	2	
0	5	4	
202	207	2	
203	207	2	
203	267	-1	
267	269	-3	
266	269	-1	
202	266	1	
416	420	-3	
419	420	-3	
417	422	1	
417	421	2	
416	421	-2	
233	238	-2	
238	246	2	
240	246	-3	
240	247	-3	
239	247	2	
233	239	3	
51	52	2	
51	115	3	
115	117	-1	
114	117	-3	
50	114	-4	
248	253	1	
251	315	1	
315	316	3	
312	316	-2	
248	312	2	
112	116	-2	
121	124	-3	
121	126	3	
112	118	2	
178	180	2	
179	180	1	
179	182	2	
176	182	-3	
176	181	3	
178	181	2	
490	492	2	
491	493	3	
489	493	2	
489	495	-4	
490	495	3	
195	197	1	
197	205	-3	
200	205	-2	
200	206	4	
195	198	3	
74	77	-2	
75	77	-3	
75	139	-3	
74	138	2	
424	429	-1	
433	437	3	
431	439	1	
424	431	-3	
161	164	4	
162	164	2	
162	165	-3	
161	166	1	
209	212	-2	
210	212	2	
211	213	-3	
211	214	-4	
283	284	-1	
284	292	2	
289	295	3	
287	295	1	
283	287	2	
219	221	-2	
221	229	3	
227	230	1	
219	222	4	
184	188	2	
186	190	-4	
185	189	3	
43	45	-2	
43	107	4	
104	110	-3	
40	104	-3	
331	332	2	
329	335	4	
328	335	-2	
32	39	3	
35	39	2	
35	99	3	
32	96	-3	
24	30	-3	
26	30	1	
90	92	2	
24	88	2	
305	308	1	
308	316	2	
313	316	4	
313	317	2	
309	317	-2	
56	60	3	
58	60	-2	
59	63	2	
59	61	3	
56	61	3	
441	444	-2	
441	505	-3	
504	511	2	
440	504	2	
322	325	-3	
322	386	1	
386	389	3	
384	389	-3	
320	384	-2	
496	501	-2	
499	501	3	
497	503	3	
130	132	-2	
128	134	-2	
128	135	2	
129	135	2	
357	365	3	
361	367	-3	
359	367	3	
353	359	-2	
344	349	-2	
345	349	2	
347	350	-1	
344	351	1	
473	476	-2	
475	478	3	
472	478	-3	
409	412	2	
410	414	-3	
411	414	2	
409	413	3	
81	85	1	
82	85	3	
82	86	-2	
83	86	-4	
81	87	-3	
272	277	3	
274	277	-3	
275	279	3	
275	278	4	
168	172	-2	
169	173	-3	
169	175	3	
299	300	1	
299	301	-3	
298	303	2	
193	199	-2	
194	199	2	
194	258	2	
257	260	-2	
193	257	-1	
304	311	-2	
307	311	-2	
307	371	-1	
371	372	4	
304	368	2	
144	148	-3	
145	148	1	
146	151	-3	
146	150	-1	
144	150	3	
466	469	-4	
465	470	-3	
465	471	-2	
480	484	-3	
481	484	-4	
483	487	-4	
483	485	-2	
480	485	3	
241	244	-4	
244	252	-3	
247	255	2	
241	247	1	
100	108	4	
106	108	3	
101	109	-1	
98	101	-3	
385	388	1	
387	388	5	
387	451	3	
451	452	4	
449	452	-3	
65	70	3	
70	78	1	
72	79	-3	
71	79	3	
65	71	4	
256	261	4	
261	269	-2	
265	269	-3	
265	270	-3	
262	270	4	
256	262	1	
224	228	-1	
226	290	1	
288	293	4	
224	288	-1	
217	223	3	
218	223	3	
282	285	-3	
217	281	2	
379	380	-4	
376	382	3	
378	382	-3	
392	396	-4	
396	404	-2	
402	406	-2	
398	406	3	
392	398	1	
90	94	3	
91	155	-2	
155	156	-3	
154	156	-1	
90	154	-1	
20	28	2	
25	28	-3	
25	31	3	
16	23	-2	
443	445	2	
443	507	-3	
506	510	3	
442	506	2	
394	397	-3	
394	458	3	
457	463	-3	
338	340	-2	
339	342	-1	
336	341	-2	
48	52	2	
49	52	3	
49	53	3	
51	53	-2	
51	54	-3	
170	172	2	
170	234	2	
234	237	-4	
232	237	-2	
168	232	3	
42	44	-3	
42	47	-2	
41	47	3	
41	45	-2	
348	356	2	
352	356	-2	
350	358	1	
344	350	4	
8	13	3	
8	14	3	
6	14	-1	
432	436	2	
434	498	3	
432	496	-2	
33	37	3	
34	37	-2	
322	324	3	
323	327	2	
321	326	-4	
137	201	3	
136	200	2	
18	22	3	
18	82	-3	
82	84	2	
81	84	-3	
17	81	2	
356	364	-2	
362	364	3	
355	357	1	
56	63	-2	
57	63	2	
57	121	2	
121	127	-1	
120	127	-4	
418	421	-5	
421	429	1	
425	429	-3	
425	430	2	
422	430	-1	
418	422	3	
438	446	2	
442	446	3	
439	447	-3	
273	276	-1	
280	284	-2	
280	286	-2	
278	286	2	
0	6	3	
3	6	3	
3	67	2	
64	69	2	
0	64	-3	
9	15	-3	
72	76	1	
400	405	-2	
405	413	-1	
407	415	-2	
242	246	-3	
242	247	3	
235	239	3	
180	188	-1	
185	188	3	
185	191	2	
183	191	-2	
177	183	2	
220	228	4	
225	230	2	
107	109	2	
109	117	-1	
113	119	3	
111	119	-2	
107	111	-3	
91	95	-3	
300	308	-1	
307	308	-2	
307	310	-2	
302	310	2	
459	460	-3	
460	468	-2	
464	468	-2	
463	471	1	
459	463	-2	
472	477	-1	
477	485	-3	
482	485	-3	
478	486	3	
384	391	2	
386	391	-2	
386	450	-2	
450	454	3	
152	157	2	
152	158	3	
192	196	-1	
258	263	2	
192	256	-2	
96	160	-1	
250	254	3	
250	314	-1	
312	318	2	
266	268	2	
267	268	3	
331	333	2	
129	133	1	
129	134	-2	
26	31	3	
290	292	3	
291	294	2	
489	492	2	
488	492	-3	
424	488	3	
369	374	1	
209	213	-1	
213	221	-1	
215	223	-1	
209	215	-3	
507	508	-2	
507	511	-1	
504	510	2	
297	303	1	
299	363	-2	
297	361	-3	
2	4	2	
2	66	-2	
65	69	-2	
1	65	-1	
458	461	-3	
461	469	2	
462	470	-1	
50	55	2	
48	112	-2	
264	269	-2	
171	174	-2	
170	175	-3	
251	252	3	
245	253	-2	
241	245	2	
347	411	-1	
411	412	-1	
346	410	-1	
99	100	1	
102	110	2	
99	102	1	
273	277	2	
283	285	3	
279	287	-1	
273	279	2	
397	405	2	
146	149	-2	
145	149	-2	
377	383	2	
441	447	-2	
440	447	-2	
376	440	2	
419	421	-1	
482	487	-1	
418	482	1	
75	76	-2	
80	87	3	
79	87	-1	
193	197	-2	
202	205	1	
36	44	2	
38	46	2	
33	38	-2	
11	15	-3	
10	14	-3	
186	189	-2	
187	191	3	
315	319	-1	
305	311	2	
340	348	-2	
345	348	-3	
343	351	-2	
339	343	-2	
427	491	3	
435	436	2	
435	499	-3	
498	503	-1	
160	166	-3	
163	227	-2	
224	229	1	
160	224	-3	
115	116	-3	
179	181	-2	
113	177	-1	
451	455	1	
449	453	1	
59	60	-2	
154	159	-2	
154	218	3	
216	220	2	
291	355	-1	
353	358	3	
289	353	-1	
474	479	-3	
473	477	2	
417	481	1	
232	236	-4	
234	298	-1	
296	301	-3	
232	296	-1	
83	85	2	
78	86	2	
210	214	-2	
208	215	-3	
137	142	-2	
139	203	-2	
201	204	3	
260	268	3	
321	325	1	
320	327	2	
320	326	-1	
328	333	-1	
337	341	2	
334	342	1	
328	334	-3	
195	259	-1	
178	242	-2	
176	240	2	
368	374	-2	
374	382	2	
378	383	2	
375	383	2	
41	105	-4	
17	20	-1	
17	23	2	
16	21	3	
313	318	-1	
304	310	-2	
401	404	-1	
404	412	1	
408	415	-2	
433	497	2	
34	98	1	
98	103	1	
161	165	-2	
162	226	3	
225	231	-2	
161	225	-2	
58	61	-2	
352	357	1	
363	365	-3	
89	153	-1	
130	133	3	
134	142	1	
320	324	-2	
321	385	1	
490	493	-2	
281	286	-3	
272	276	-1	
274	278	1	
272	279	2	
26	28	2	
27	28	2	
25	30	3	
251	255	2	
506	508	-3	
505	509	3	
442	444	1	
441	445	-1	
235	237	-1	
234	238	2	
123	124	-3	
121	125	3	
457	462	1	
456	463	1	
93	101	-3	
98	102	-2	
94	102	-2	
88	94	1	
258	261	-2	
263	271	3	
433	438	-1	
18	23	3	
16	80	2	
49	113	1	
155	159	1	
410	415	3	
392	397	-2	
329	332	-1	
330	334	1	
331	335	1	
72	77	2	
72	136	1	
130	194	2	
129	193	-2	
106	111	-2	
103	111	-1	
97	103	-3	
312	319	-3	
376	380	-1	
347	348	1	
289	293	3	
181	189	-1	
34	36	-3	
43	44	-1	
39	47	-1	
341	349	1	
342	350	-1	
338	342	2	
448	452	2	
448	453	1	
57	62	-3	
217	220	1	
9	13	-1	
425	431	1	
426	429	3	
298	300	3	
297	301	-1	
304	309	-2	
305	369	-1	
369	372	-2	
84	92	-1	
87	95	1	
35	37	2	
37	45	1	
402	407	-1	
401	405	-1	
169	172	-2	
177	182	-2	
315	318	-3	
266	271	-3	
257	263	2	
393	396	-1	
393	398	-2	
387	390	1	
436	444	1	
437	445	2	
434	437	-1	
66	68	-1	
68	76	-2	
74	76	2	
74	79	1	
476	484	1	
483	484	-1	
479	487	1	
106	110	-3	
104	168	1	
131	132	1	
131	195	2	
128	192	-2	
163	164	2	
48	53	3	
112	117	2	
502	510	1	
498	502	-1	
240	244	-1	
246	254	1	
488	494	1	
466	468	3	
368	373	1	
371	375	-1	
210	274	-1	
184	190	-3	
286	294	-1	
27	29	2	
73	78	-2	
73	137	-2	
324	332	2	
325	333	1	
243	247	1	
85	93	-1	
90	93	-1	
86	94	1	
280	285	1	
216	280	-1	
409	473	2	
472	479	-1	
148	156	-2	
153	158	-1	
40	46	-1	
104	109	2	
113	118	2	
503	511	-2	
401	465	-2	
440	446	-1	
432	439	-1	
385	389	-1	
296	302	1	
303	311	-2	
162	166	-1	
226	230	1	
394	399	1	
457	461	1	
199	207	1	
32	38	-1	
96	101	2	
273	337	2	
272	336	-1	
480	487	-1	
130	135	1	
355	419	-3	
8	12	-1	
9	12	-1	
314	317	-2	
179	243	2	
177	241	-2	
165	173	-1	
167	175	2	
275	339	2	
192	198	-1	
481	486	1	
450	455	-2	
265	268	-1	
217	222	-2	
290	295	-1	
403	404	1	
400	406	1	
144	149	1	
147	211	2	
144	208	-2	
88	95	1	
229	237	1	
230	238	1	
467	469	1	
250	253	1	
248	255	-1	
19	83	1	
83	84	-1	
306	309	-1	
305	310	-2	
51	55	-2	
114	116	1	
128	133	-2	
227	228	1	
69	77	2	
413	421	1	
414	422	1	
385	391	2	
171	235	2	
326	334	-2	
146	210	-1	
145	209	-1	
44	52	-2	
45	53	-1	
27	91	1	
269	277	-1	
352	416	2	
99	163	-1	
120	126	-1	
75	78	-1	
1	5	1	
314	316	-1	
204	212	-1	
205	213	-1	
92	100	1	
21	29	1	
169	233	-1	
400	464	1	
142	150	-1	
145	150	-1	
143	151	1	
138	143	-1	
349	357	1	
110	118	1	
282	284	1	
428	436	-1	
226	229	1	
327	335	1	
64	70	2	
33	97	-1	
288	292	1	
494	502	1	
495	503	-1	
15	23	1	
139	141	1	
203	206	1	
298	362	1	
475	476	1	
355	359	-1	
496	502	1	
354	358	1	
281	345	-1	
371	435	-1	
369	433	-1	
152	156	1	
24	31	-1	
168	173	1	
403	407	-1	
399	407	1	
464	470	1	
166	174	1	
163	167	1	
329	333	1	
274	338	1	
301	309	-1	
370	434	-1	
368	432	1	
155	219	1	
218	221	1	
138	202	-1	
40	47	-1	
42	106	1	
283	347	1	
346	351	-1	
378	442	-1	
258	322	-1	
363	427	1	
361	425	1	
505	508	1	
89	92	-1	
91	93	1	
Energy:	-2116	
