NumberOfQubits	504	
NumberOfSubgraphs	840	
Serial	404	
PlantedSolution:	
0	1	
1	1	
2	-1	
3	-1	
4	1	
5	-1	
6	-1	
8	1	
9	-1	
10	1	
11	1	
12	-1	
13	1	
14	-1	
15	1	
16	-1	
17	-1	
18	-1	
19	-1	
20	1	
21	-1	
22	-1	
23	-1	
24	1	
25	1	
26	-1	
27	1	
28	-1	
29	-1	
30	-1	
31	-1	
32	1	
33	1	
34	-1	
35	-1	
36	-1	
37	1	
38	-1	
39	-1	
40	-1	
41	-1	
42	-1	
43	-1	
44	-1	
45	1	
46	1	
47	-1	
48	-1	
49	-1	
50	1	
51	-1	
52	1	
53	1	
54	1	
55	1	
56	-1	
57	1	
58	1	
59	-1	
60	-1	
61	-1	
62	1	
63	1	
64	-1	
65	1	
66	1	
67	-1	
68	1	
69	1	
70	1	
71	1	
72	-1	
73	1	
74	1	
75	-1	
76	-1	
77	-1	
78	-1	
79	-1	
80	1	
81	-1	
82	-1	
83	1	
84	1	
85	1	
86	1	
87	-1	
88	1	
89	1	
90	-1	
91	1	
92	-1	
93	1	
94	-1	
95	1	
96	-1	
97	1	
98	1	
99	1	
100	1	
101	1	
102	-1	
103	1	
104	-1	
105	1	
106	-1	
107	1	
108	-1	
109	1	
110	1	
111	1	
112	1	
113	1	
114	1	
115	1	
116	-1	
117	-1	
118	-1	
119	-1	
120	-1	
121	1	
123	-1	
124	1	
125	-1	
126	1	
127	-1	
128	-1	
129	-1	
130	1	
131	1	
132	-1	
133	1	
134	-1	
135	-1	
136	-1	
137	1	
138	1	
139	-1	
141	-1	
142	1	
143	-1	
144	-1	
145	-1	
146	-1	
147	-1	
148	-1	
149	1	
150	1	
151	-1	
152	-1	
153	-1	
154	-1	
155	1	
156	-1	
157	-1	
158	1	
159	1	
160	1	
161	1	
162	-1	
163	1	
164	1	
165	-1	
166	-1	
167	-1	
168	1	
169	-1	
170	-1	
171	-1	
172	-1	
173	-1	
174	-1	
175	-1	
176	1	
177	1	
178	1	
179	1	
180	-1	
181	1	
182	-1	
183	-1	
184	-1	
185	1	
186	-1	
187	1	
188	-1	
189	1	
190	-1	
191	1	
192	1	
193	1	
194	-1	
195	1	
196	1	
197	-1	
198	1	
199	-1	
200	1	
201	1	
202	1	
203	-1	
204	1	
205	1	
206	-1	
207	1	
208	1	
209	1	
210	-1	
211	-1	
212	1	
213	-1	
214	1	
215	-1	
216	1	
217	-1	
218	-1	
219	-1	
220	1	
221	-1	
222	-1	
223	1	
224	1	
225	-1	
226	-1	
227	1	
228	1	
229	-1	
230	-1	
231	-1	
232	1	
233	1	
234	1	
235	1	
236	-1	
237	-1	
238	-1	
239	-1	
240	1	
241	-1	
242	-1	
243	1	
244	-1	
245	1	
246	1	
247	1	
248	1	
249	-1	
250	1	
251	1	
252	1	
253	-1	
254	1	
255	1	
256	-1	
257	1	
258	1	
259	-1	
260	-1	
261	1	
262	-1	
263	-1	
264	1	
265	-1	
266	1	
267	-1	
268	1	
269	1	
270	1	
271	1	
272	1	
273	-1	
274	1	
275	-1	
276	-1	
277	-1	
278	-1	
279	1	
280	1	
281	1	
282	1	
283	-1	
284	-1	
285	-1	
286	-1	
287	1	
288	-1	
289	-1	
290	-1	
291	1	
292	-1	
293	1	
294	1	
295	1	
296	1	
297	1	
298	1	
299	1	
300	1	
301	1	
302	-1	
303	1	
304	1	
305	1	
306	-1	
307	1	
308	1	
309	-1	
310	1	
311	-1	
312	1	
313	1	
314	1	
315	1	
316	1	
317	1	
318	1	
319	-1	
320	1	
321	1	
322	-1	
323	-1	
324	1	
325	1	
326	-1	
327	-1	
328	-1	
329	-1	
330	1	
331	-1	
332	-1	
333	1	
334	1	
335	-1	
336	1	
337	-1	
338	-1	
339	1	
340	1	
341	1	
342	1	
343	-1	
344	1	
345	1	
346	1	
347	1	
348	1	
349	1	
350	1	
351	1	
352	1	
353	-1	
354	1	
355	-1	
356	1	
357	1	
358	1	
359	1	
361	1	
362	1	
363	-1	
364	1	
365	-1	
367	1	
368	1	
369	-1	
370	1	
371	-1	
372	1	
373	-1	
374	-1	
375	1	
376	1	
377	1	
378	1	
379	-1	
380	1	
382	-1	
383	1	
384	1	
385	1	
386	1	
387	1	
388	-1	
389	1	
390	1	
391	-1	
392	-1	
393	1	
394	-1	
396	1	
397	-1	
398	1	
399	-1	
400	-1	
401	-1	
402	-1	
403	-1	
404	1	
405	1	
406	-1	
407	1	
408	1	
409	-1	
410	-1	
411	-1	
412	-1	
413	-1	
414	-1	
415	-1	
416	-1	
417	1	
418	1	
419	1	
420	1	
421	-1	
422	1	
424	-1	
425	1	
426	-1	
427	1	
428	1	
429	1	
430	-1	
431	1	
432	1	
433	-1	
434	1	
435	1	
436	-1	
437	1	
438	1	
439	-1	
440	-1	
441	-1	
442	-1	
443	-1	
444	-1	
445	-1	
446	1	
447	1	
448	-1	
449	-1	
450	1	
451	1	
452	-1	
453	-1	
454	-1	
455	1	
456	-1	
457	-1	
458	-1	
459	-1	
460	-1	
461	1	
462	-1	
463	1	
464	1	
465	-1	
466	1	
467	-1	
468	-1	
469	-1	
470	-1	
471	-1	
472	1	
473	-1	
474	-1	
475	1	
476	1	
477	-1	
478	1	
479	1	
480	-1	
481	1	
482	1	
483	-1	
484	-1	
485	-1	
486	-1	
487	1	
488	1	
489	-1	
490	1	
491	-1	
492	-1	
493	-1	
494	1	
495	1	
496	1	
497	1	
498	1	
499	-1	
500	1	
501	-1	
502	-1	
503	-1	
504	-1	
505	1	
506	-1	
507	-1	
508	-1	
509	-1	
510	-1	
511	1	
Js:	
336	341	-5	
338	341	4	
338	402	-2	
402	406	-6	
400	406	-4	
336	400	-2	
153	156	-5	
154	156	-5	
154	159	-5	
155	159	-4	
155	157	3	
153	157	-6	
98	100	-4	
99	100	-3	
99	102	5	
97	102	4	
97	101	3	
98	101	-3	
435	436	4	
436	444	2	
443	444	-4	
443	447	3	
439	447	4	
435	439	4	
211	213	-2	
213	221	-2	
217	221	-3	
217	222	-4	
214	222	-2	
211	214	4	
80	84	3	
83	84	-3	
83	87	4	
82	87	-5	
82	86	5	
80	86	-5	
105	109	-3	
106	109	6	
106	110	3	
107	110	-3	
107	111	-6	
105	111	4	
226	228	4	
227	228	-2	
227	230	4	
225	230	-5	
225	229	-4	
226	229	3	
48	52	4	
49	52	4	
49	113	6	
113	116	-2	
112	116	4	
48	112	3	
128	132	-5	
129	132	-5	
129	134	-5	
131	134	5	
131	133	-3	
128	133	6	
321	324	-6	
322	324	-2	
322	327	-6	
323	327	-6	
323	325	3	
321	325	-2	
0	4	-4	
3	4	6	
3	67	-6	
67	71	5	
64	71	3	
0	64	5	
281	285	4	
282	285	6	
282	346	-2	
346	350	-4	
345	350	-5	
281	345	-2	
161	166	4	
166	174	-3	
168	174	-4	
168	175	5	
167	175	-5	
161	167	5	
8	14	5	
14	22	-3	
16	22	-5	
16	23	-5	
15	23	-4	
8	15	-6	
26	29	-6	
27	29	4	
27	30	5	
24	30	-3	
24	31	5	
26	31	-5	
121	124	6	
123	124	8	
123	127	-6	
120	127	-6	
120	125	-6	
121	125	6	
144	149	5	
147	149	5	
147	150	-3	
145	150	6	
145	151	-4	
144	151	-5	
304	309	5	
307	309	3	
307	371	5	
371	375	3	
368	375	-3	
304	368	6	
354	356	-4	
355	356	6	
355	357	-4	
352	357	-4	
352	358	-6	
354	358	-4	
184	188	-3	
187	188	6	
187	189	3	
186	189	5	
186	190	-5	
184	190	-4	
482	484	3	
483	484	-3	
483	485	7	
480	485	-2	
480	487	6	
482	487	-5	
416	420	-6	
420	428	-5	
427	428	-3	
427	430	5	
422	430	5	
416	422	4	
272	276	5	
273	276	-5	
273	279	5	
274	279	-4	
274	277	5	
272	277	5	
289	293	3	
290	293	5	
290	295	3	
291	295	-6	
291	294	-5	
289	294	6	
408	412	5	
410	412	4	
410	414	-3	
409	414	-5	
409	415	-5	
408	415	3	
328	333	3	
330	333	-7	
330	394	-1	
394	396	3	
392	396	6	
328	392	-1	
248	252	-6	
249	252	5	
249	253	-3	
251	253	7	
251	255	-4	
248	255	-4	
457	460	-5	
459	460	-4	
459	461	6	
458	461	5	
458	463	3	
457	463	-6	
298	301	-5	
299	301	-4	
299	363	-2	
363	365	-5	
362	365	5	
298	362	-3	
42	46	-1	
46	54	-2	
51	54	5	
51	55	3	
47	55	6	
42	47	-5	
256	260	5	
258	260	4	
258	261	-5	
257	261	-4	
257	263	4	
256	263	-4	
312	316	-6	
314	316	-4	
314	378	-3	
378	383	-7	
376	383	3	
312	376	-4	
474	476	6	
475	476	-5	
475	479	4	
473	479	5	
473	478	4	
474	478	4	
497	500	-4	
499	500	5	
499	502	-5	
498	502	3	
498	503	3	
497	503	6	
56	61	-4	
59	61	-5	
59	63	5	
58	63	-5	
58	62	-5	
56	62	5	
465	469	-4	
467	469	-3	
467	470	-5	
464	470	4	
464	471	6	
465	471	-4	
73	77	5	
74	77	-3	
74	79	4	
75	79	-3	
75	78	-2	
73	78	4	
232	236	5	
233	236	3	
233	239	4	
234	239	3	
234	237	4	
232	237	-4	
193	196	-5	
196	204	4	
202	204	-3	
202	207	-4	
199	207	2	
193	199	5	
384	388	6	
387	388	3	
387	391	4	
385	391	4	
385	389	-5	
384	389	5	
504	508	-3	
507	508	-7	
507	511	4	
506	511	5	
506	510	-6	
504	510	-5	
192	197	6	
197	205	1	
200	205	1	
200	206	6	
198	206	3	
192	198	-6	
488	493	5	
491	493	-4	
491	495	6	
489	495	3	
489	494	5	
488	494	-4	
241	244	-4	
242	244	-6	
242	306	1	
306	308	3	
305	308	-5	
241	305	2	
265	269	6	
267	269	4	
267	331	-5	
331	332	-6	
329	332	-4	
265	329	5	
114	117	4	
115	117	3	
115	179	-2	
179	182	-2	
178	182	4	
114	178	-2	
433	437	5	
437	445	4	
440	445	-4	
440	446	4	
438	446	-6	
433	438	-3	
32	36	4	
34	36	-6	
34	38	-2	
35	38	-3	
35	39	-5	
32	39	3	
449	452	-4	
451	452	3	
451	455	-3	
448	455	6	
448	453	-4	
449	453	-6	
89	92	3	
91	92	4	
91	93	-7	
88	93	2	
88	94	4	
89	94	6	
337	340	5	
339	340	-7	
339	403	1	
403	405	-6	
401	405	4	
337	401	-1	
369	372	4	
372	380	-3	
377	380	-6	
377	382	-3	
374	382	-4	
369	374	-5	
208	212	-5	
212	220	-2	
219	220	3	
219	223	4	
215	223	2	
208	215	5	
1	6	5	
2	6	-6	
2	66	4	
66	69	-6	
65	69	-5	
1	65	-5	
136	141	-5	
139	141	6	
139	142	4	
137	142	-5	
137	143	6	
136	143	-5	
160	164	-3	
164	172	-5	
171	172	-3	
171	173	-5	
165	173	-3	
160	165	5	
280	284	4	
283	284	-5	
283	347	3	
347	349	-5	
344	349	-4	
280	344	3	
11	12	3	
12	20	3	
17	20	3	
17	21	-6	
13	21	4	
11	13	5	
296	302	4	
302	310	4	
306	310	7	
306	311	-5	
303	311	4	
296	303	-6	
266	268	-4	
267	268	-3	
267	270	4	
264	270	-5	
264	271	-5	
266	271	-6	
240	245	-6	
242	245	2	
242	246	-5	
243	246	-4	
243	247	-1	
240	247	-4	
313	317	-3	
315	317	-6	
315	318	5	
312	318	-3	
312	319	3	
313	319	6	
177	180	-5	
180	188	-3	
185	188	4	
185	191	-5	
183	191	5	
177	183	5	
40	44	-4	
41	44	-4	
41	105	4	
105	108	-3	
104	108	-5	
40	104	-4	
353	359	5	
354	359	-5	
354	418	3	
418	421	6	
417	421	4	
353	417	3	
424	428	5	
425	428	-1	
425	429	-4	
426	429	4	
426	431	-3	
424	431	3	
386	390	-6	
390	398	-4	
393	398	-5	
393	399	6	
391	399	4	
386	391	5	
130	135	2	
131	135	6	
131	195	-3	
195	199	6	
194	199	-5	
130	194	2	
496	501	4	
501	509	-3	
505	509	3	
505	510	5	
502	510	1	
496	502	6	
256	262	3	
259	262	-5	
259	323	-3	
323	326	-3	
320	326	6	
256	320	3	
152	158	4	
154	158	-4	
154	218	-2	
218	220	5	
216	220	-5	
152	216	3	
145	148	-4	
146	148	-6	
146	210	-2	
210	214	4	
209	214	-3	
145	209	3	
408	413	3	
411	413	-6	
411	475	5	
475	477	4	
472	477	3	
408	472	-3	
33	37	-3	
37	45	-2	
43	45	2	
43	47	3	
39	47	-1	
33	39	4	
450	454	3	
454	462	-3	
456	462	-5	
456	463	4	
455	463	-3	
450	455	-4	
328	334	6	
334	342	1	
338	342	5	
338	343	-2	
335	343	-1	
328	335	-4	
361	364	-5	
364	372	2	
370	372	-4	
370	375	-5	
367	375	-5	
361	367	-5	
275	278	-4	
278	286	-3	
283	286	-5	
283	287	4	
279	287	2	
275	279	5	
90	92	-4	
92	100	3	
96	100	2	
96	103	7	
95	103	2	
90	95	5	
288	292	-6	
292	300	4	
297	300	-4	
297	301	-4	
293	301	-3	
288	293	-3	
64	68	6	
68	76	4	
72	76	-3	
72	78	-6	
70	78	-3	
64	70	5	
50	52	-5	
52	60	3	
57	60	2	
57	61	8	
53	61	-2	
50	53	-4	
224	230	3	
230	238	-4	
235	238	4	
235	239	-4	
231	239	-3	
224	231	5	
481	484	5	
484	492	2	
490	492	3	
490	494	-4	
486	494	1	
481	486	3	
19	20	5	
19	83	4	
83	85	3	
81	85	6	
17	81	-4	
113	118	3	
118	126	4	
121	126	-5	
121	127	3	
119	127	-3	
113	119	7	
170	173	-4	
173	181	-1	
176	181	-5	
176	182	4	
174	182	-1	
170	174	-4	
368	373	4	
370	373	4	
370	434	-3	
434	436	5	
432	436	7	
368	432	3	
401	407	4	
402	407	5	
402	466	3	
466	468	4	
465	468	-5	
401	465	5	
336	340	-3	
340	348	1	
346	348	-5	
346	351	-6	
343	351	4	
336	343	7	
8	13	-2	
10	13	-6	
10	14	1	
9	14	4	
9	15	5	
24	28	6	
25	28	5	
25	30	4	
26	30	-4	
24	29	2	
162	165	-4	
163	165	5	
163	227	-4	
227	231	4	
226	231	-6	
162	226	2	
250	252	4	
250	253	4	
249	254	6	
248	254	-3	
378	382	-5	
379	382	-3	
379	443	-5	
443	445	-4	
442	445	-3	
378	442	3	
396	404	-2	
403	404	7	
397	405	2	
392	397	-5	
201	205	-6	
203	205	6	
203	206	-2	
200	207	-7	
201	207	3	
440	444	-3	
441	444	-6	
441	505	-2	
505	511	-5	
504	511	4	
440	504	-2	
138	142	6	
142	150	-2	
144	150	4	
143	151	-3	
138	143	3	
169	175	-4	
171	175	-3	
171	235	2	
233	238	4	
169	233	3	
419	421	5	
419	483	4	
483	486	-4	
482	486	4	
418	482	-6	
1	4	-4	
1	5	6	
2	5	5	
0	6	5	
16	21	-1	
18	21	-7	
18	82	4	
82	85	2	
80	85	-3	
16	80	4	
36	44	1	
42	44	-6	
42	45	5	
32	37	-6	
309	317	5	
313	318	-3	
310	318	-5	
304	310	-3	
66	68	-5	
74	76	-3	
71	79	4	
66	71	-4	
106	108	-3	
107	109	-3	
104	110	-4	
192	196	4	
194	196	4	
194	197	-4	
193	197	4	
193	198	-3	
211	215	-4	
211	275	3	
275	277	-4	
208	272	-3	
97	103	-4	
98	103	-4	
98	162	1	
162	167	4	
97	161	-2	
394	398	4	
398	406	3	
400	407	5	
399	407	-3	
394	399	-4	
262	270	4	
263	271	5	
259	263	-4	
352	356	-2	
355	419	3	
419	420	-3	
352	416	3	
320	325	-6	
325	333	-3	
330	334	-2	
326	334	4	
281	284	4	
281	286	-4	
282	286	4	
280	285	5	
179	181	-4	
179	243	-5	
243	245	-4	
176	240	-3	
456	461	3	
461	469	3	
464	469	4	
462	470	3	
291	292	1	
298	300	5	
298	302	4	
294	302	1	
473	477	-5	
474	479	2	
472	478	-4	
493	501	-3	
497	501	4	
495	503	4	
219	221	-5	
219	222	-5	
216	222	4	
216	223	-3	
217	223	5	
51	53	5	
48	55	6	
48	54	-3	
50	54	-4	
184	189	5	
187	190	4	
187	191	4	
184	191	4	
432	438	-5	
441	446	2	
441	447	-4	
432	439	3	
386	388	3	
386	450	4	
450	452	6	
448	452	-3	
384	448	3	
96	101	5	
99	101	-3	
99	163	2	
163	164	-4	
96	160	3	
409	412	-4	
410	413	-4	
411	414	-4	
115	116	-5	
115	118	4	
114	118	2	
112	117	5	
75	77	-7	
75	139	-1	
137	141	4	
73	137	-1	
58	60	-7	
59	60	-4	
57	63	-5	
57	62	-4	
91	94	4	
89	95	-3	
88	95	-4	
307	308	-5	
371	374	-4	
305	369	5	
362	367	-6	
363	367	3	
363	427	3	
426	430	3	
362	426	3	
152	157	5	
155	158	-6	
153	158	4	
153	159	4	
152	159	4	
224	229	-4	
225	289	-4	
289	295	2	
288	295	4	
224	288	4	
344	348	-4	
345	348	-5	
345	349	-5	
347	350	-4	
344	350	-4	
130	134	-6	
130	133	-5	
258	322	3	
257	321	-3	
424	429	5	
425	489	-4	
489	492	-4	
488	492	3	
424	488	4	
241	246	3	
246	254	-3	
250	254	-4	
250	255	-4	
247	255	-6	
241	247	-3	
385	390	-4	
387	390	-6	
387	451	-4	
451	454	7	
449	454	3	
385	449	3	
209	213	6	
210	213	-4	
210	274	3	
274	276	3	
209	273	-3	
201	204	3	
202	266	-1	
265	268	5	
201	265	2	
168	172	4	
170	172	-4	
170	234	-3	
234	236	3	
168	232	-2	
434	437	-5	
435	437	-3	
435	499	-4	
498	500	-3	
434	498	-4	
314	319	6	
315	319	-2	
315	379	3	
379	380	4	
378	380	-2	
3	5	-5	
67	70	4	
65	70	5	
20	28	1	
25	31	-3	
23	31	-2	
19	23	-3	
353	357	4	
357	365	4	
361	365	-3	
359	367	-1	
120	124	2	
123	125	-3	
120	126	5	
417	422	-5	
417	481	-5	
481	487	-4	
416	480	-5	
460	468	-1	
467	468	-4	
467	471	-5	
463	471	1	
505	508	5	
507	509	5	
506	509	-5	
10	12	6	
11	15	-3	
9	13	3	
331	333	-2	
330	335	5	
329	335	-6	
178	180	3	
176	183	3	
33	36	5	
34	39	-5	
33	38	6	
339	342	-5	
336	342	2	
337	341	5	
296	300	-4	
297	303	-4	
299	303	2	
296	301	-3	
43	44	-6	
43	46	6	
41	46	6	
41	45	4	
40	45	4	
83	86	-4	
83	147	-2	
146	149	4	
82	146	-2	
81	84	6	
84	92	-2	
87	95	3	
81	87	-2	
313	316	-4	
313	377	-2	
377	383	-6	
393	396	-4	
400	404	-3	
400	405	3	
393	397	3	
72	79	-5	
74	138	-2	
138	141	3	
72	136	-2	
18	22	-3	
22	30	1	
27	31	5	
18	23	-3	
148	156	-4	
149	157	3	
145	149	-2	
362	364	-3	
425	431	-6	
361	425	-4	
109	117	3	
112	119	2	
111	119	2	
236	244	-3	
237	245	3	
129	135	-5	
195	197	3	
129	193	-2	
466	469	5	
466	470	5	
459	462	-5	
350	358	-2	
352	359	-3	
351	359	3	
260	268	3	
266	269	-3	
261	269	-2	
256	261	4	
476	484	3	
477	485	-2	
474	477	-5	
285	293	2	
287	295	3	
282	287	-4	
386	389	-2	
450	453	3	
442	446	5	
187	251	-3	
251	252	3	
185	249	2	
162	164	3	
169	172	-4	
169	174	-4	
162	166	-6	
56	60	-4	
54	62	-3	
49	54	3	
203	204	4	
204	212	-3	
209	212	-2	
205	213	-4	
220	228	-5	
221	229	-3	
218	221	-3	
494	502	4	
496	503	4	
490	495	-4	
305	311	-3	
307	311	3	
371	373	-5	
369	373	-4	
322	325	6	
321	327	-4	
321	326	4	
97	100	-5	
99	103	-3	
410	415	-5	
411	415	-4	
67	69	3	
64	69	3	
273	278	-5	
272	278	3	
394	397	-5	
394	458	-3	
458	460	-5	
456	460	3	
392	456	-3	
155	219	-2	
147	151	-4	
500	508	2	
498	501	5	
384	390	-2	
448	454	4	
168	173	4	
232	239	4	
370	374	4	
49	53	4	
50	114	-5	
114	119	4	
227	291	4	
251	315	1	
314	317	-3	
250	314	-2	
2	4	5	
4	12	1	
9	12	-4	
6	14	-1	
264	269	-3	
200	264	-1	
341	349	2	
345	351	-1	
337	343	-4	
424	430	3	
419	422	-3	
75	76	4	
478	486	5	
479	487	2	
472	479	-6	
181	189	-3	
179	183	-3	
356	364	-3	
363	364	7	
354	357	2	
323	324	5	
324	332	2	
328	332	-4	
327	335	1	
211	212	3	
210	215	4	
208	214	-4	
194	198	3	
195	198	-3	
195	259	2	
258	262	5	
194	258	2	
440	447	4	
442	447	5	
442	506	1	
56	63	5	
59	123	1	
56	120	-2	
89	93	-4	
93	101	-4	
96	102	-2	
94	102	1	
108	116	-2	
110	118	3	
401	404	3	
403	467	-3	
17	22	-4	
281	287	-3	
280	287	-4	
161	165	4	
163	167	2	
160	167	4	
160	166	4	
40	46	5	
43	107	3	
104	111	-1	
29	37	2	
32	38	6	
30	38	-3	
433	439	-6	
499	503	-3	
433	497	3	
480	484	-4	
490	493	4	
485	493	-2	
130	132	5	
128	135	-5	
353	358	4	
355	358	-4	
226	290	-2	
290	292	-4	
170	175	-3	
234	238	4	
379	383	3	
377	441	3	
257	260	5	
267	271	2	
150	158	-2	
146	150	3	
347	348	-4	
347	411	2	
344	408	1	
139	203	-6	
202	206	4	
138	202	-6	
240	244	3	
243	244	4	
243	307	2	
304	308	-3	
240	304	-1	
27	28	-4	
27	91	-2	
88	92	4	
24	88	-4	
274	278	3	
275	339	-2	
274	338	2	
427	431	-5	
427	491	3	
41	47	-2	
0	5	4	
265	270	1	
331	334	4	
329	334	3	
19	21	-4	
185	190	4	
182	190	-3	
177	182	4	
464	468	5	
468	476	1	
471	479	1	
452	460	2	
459	463	3	
449	455	4	
387	389	-3	
384	391	3	
299	302	6	
218	222	-2	
195	196	-3	
35	36	-3	
35	37	5	
34	37	-2	
8	12	5	
11	14	6	
85	93	-2	
90	93	3	
90	94	-2	
86	94	-3	
421	429	2	
427	429	-3	
418	422	-3	
410	474	3	
473	476	3	
409	473	-3	
225	228	3	
228	236	-3	
235	236	3	
235	237	3	
229	237	-4	
451	453	3	
453	461	2	
457	461	3	
457	462	2	
178	181	-5	
186	191	4	
178	183	4	
45	53	3	
492	500	3	
496	500	3	
305	309	4	
147	148	-4	
72	77	-2	
276	284	-2	
282	284	-3	
277	285	-1	
466	471	-3	
400	464	3	
376	380	-5	
376	440	-3	
481	485	3	
25	29	6	
320	324	-3	
322	326	3	
107	171	3	
105	169	2	
251	254	-2	
248	253	3	
337	342	-4	
208	213	2	
163	166	3	
289	292	-3	
290	294	4	
506	508	3	
507	510	-3	
308	316	-3	
315	316	-3	
311	319	-3	
112	118	-4	
392	398	4	
242	247	4	
435	438	4	
432	437	-1	
16	20	5	
18	20	-3	
19	22	-4	
76	84	2	
79	87	-2	
152	156	-2	
156	164	1	
157	165	-1	
206	214	3	
207	215	-2	
469	477	-1	
470	478	-1	
259	261	3	
257	262	3	
100	108	3	
102	110	3	
233	297	2	
232	296	-3	
344	351	-4	
426	490	3	
91	95	-3	
91	155	-2	
89	153	2	
365	373	3	
224	228	-3	
223	231	-1	
218	223	5	
404	412	3	
408	414	5	
406	414	-3	
403	406	1	
35	99	-4	
34	98	5	
186	250	2	
184	248	-3	
442	444	3	
441	445	-3	
266	270	4	
42	106	3	
179	180	4	
177	241	4	
10	15	2	
10	74	-5	
74	78	3	
9	73	4	
434	439	2	
418	420	-2	
480	486	-3	
51	52	3	
51	115	4	
114	116	5	
136	142	4	
90	154	-2	
88	152	2	
385	388	-3	
3	6	-3	
227	229	2	
233	237	-2	
217	281	3	
216	280	-3	
273	277	-3	
330	332	3	
332	340	-1	
338	340	3	
333	341	-1	
375	383	-1	
369	375	3	
312	317	3	
305	310	-1	
405	413	3	
407	415	3	
81	145	-1	
80	144	-1	
123	126	4	
491	492	-5	
504	509	-4	
499	501	3	
291	293	-4	
298	303	-2	
295	303	-2	
161	164	-4	
203	207	2	
202	205	-2	
176	180	3	
49	55	3	
186	188	-4	
40	47	-3	
31	39	-2	
472	476	-4	
475	478	2	
393	457	4	
297	302	3	
297	361	-3	
376	382	5	
417	420	-3	
26	28	-3	
28	36	1	
321	385	-1	
320	384	-1	
488	495	4	
283	285	-2	
217	220	-2	
289	353	-2	
288	352	-2	
433	436	-2	
264	268	-2	
210	212	3	
306	309	-2	
171	174	-4	
177	181	2	
241	245	4	
483	487	-2	
482	485	4	
402	405	2	
401	406	-3	
346	410	-1	
409	413	-3	
345	409	2	
244	252	2	
272	279	-3	
273	337	1	
272	336	-1	
192	199	-2	
161	225	-1	
106	111	3	
151	159	3	
249	313	2	
104	109	3	
136	200	4	
304	311	2	
371	372	4	
368	372	-3	
291	355	2	
290	354	2	
65	68	-3	
73	76	4	
69	77	-3	
392	399	-3	
32	96	-1	
426	428	4	
416	421	-2	
411	412	-1	
121	185	-1	
185	189	-4	
120	184	-1	
489	493	-4	
50	55	-2	
129	133	3	
133	141	1	
139	143	-3	
135	143	-2	
388	396	5	
389	397	5	
25	89	-2	
82	84	2	
80	87	4	
116	124	-2	
355	359	3	
33	97	-4	
201	206	2	
299	300	-2	
300	308	1	
307	310	-2	
249	255	2	
144	148	-2	
225	231	-1	
288	294	-1	
265	271	1	
331	335	-3	
259	260	-3	
192	256	1	
137	201	-4	
368	374	3	
131	132	-3	
128	134	-3	
81	86	1	
301	309	1	
117	125	-3	
432	496	1	
240	246	-3	
266	330	-2	
264	328	-2	
160	224	-1	
347	351	2	
443	446	3	
353	356	2	
402	404	2	
193	257	1	
155	156	3	
147	211	2	
144	208	1	
339	341	-3	
101	109	2	
103	111	-2	
115	119	-2	
329	333	-4	
209	215	3	
107	108	-2	
98	102	3	
491	494	2	
67	68	-2	
59	62	3	
226	230	1	
222	230	-3	
11	75	3	
8	72	2	
429	437	2	
431	439	3	
26	90	2	
284	292	-2	
286	294	3	
235	299	-4	
234	298	-1	
48	53	4	
465	470	-2	
425	430	3	
268	276	-3	
275	276	-2	
269	277	2	
219	283	1	
218	282	3	
17	23	-3	
169	173	-3	
348	356	-3	
66	70	-3	
248	312	1	
105	110	-4	
146	151	-1	
73	79	2	
239	247	2	
339	343	-2	
434	438	1	
104	168	3	
314	318	-4	
320	327	1	
216	221	4	
497	502	1	
458	462	-2	
342	350	-1	
238	246	2	
232	238	2	
106	170	2	
403	407	2	
112	176	-2	
58	61	-1	
346	349	-2	
245	253	1	
113	117	-2	
270	278	2	
65	71	-2	
430	438	-1	
178	242	2	
306	370	2	
200	204	-3	
153	217	-1	
412	420	1	
413	421	1	
77	85	2	
258	263	1	
369	433	1	
154	157	-2	
349	357	-2	
141	149	-1	
443	507	-1	
128	192	-1	
271	279	-1	
78	86	2	
371	435	1	
44	52	-1	
57	121	1	
134	142	-1	
280	286	-1	
487	495	-1	
Energy:	-3736	
