NumberOfQubits	504	
NumberOfSubgraphs	588	
Serial	376	
PlantedSolution:	
0	1	
1	-1	
2	1	
3	1	
4	1	
5	1	
6	1	
8	1	
9	-1	
10	1	
11	1	
12	-1	
13	1	
14	-1	
15	1	
16	1	
17	1	
18	1	
19	1	
20	1	
21	-1	
22	1	
23	-1	
24	1	
25	1	
26	-1	
27	-1	
28	1	
29	1	
30	1	
31	-1	
32	-1	
33	1	
34	-1	
35	1	
36	1	
37	-1	
38	-1	
39	1	
40	1	
41	-1	
42	1	
43	1	
44	-1	
45	1	
46	-1	
47	1	
48	-1	
49	-1	
50	-1	
51	-1	
52	1	
53	1	
54	1	
55	-1	
56	1	
57	1	
58	1	
59	-1	
60	-1	
61	1	
62	1	
63	1	
64	1	
65	1	
66	1	
67	-1	
68	-1	
69	-1	
70	-1	
71	1	
72	-1	
73	1	
74	-1	
75	1	
76	1	
77	-1	
78	-1	
79	-1	
80	1	
81	-1	
82	-1	
83	1	
84	-1	
85	-1	
86	1	
87	1	
88	-1	
89	-1	
90	-1	
91	1	
92	1	
93	-1	
94	1	
95	-1	
96	-1	
97	-1	
98	1	
99	1	
100	-1	
101	1	
102	1	
103	1	
104	1	
105	-1	
106	1	
107	1	
108	1	
109	-1	
110	-1	
111	1	
112	1	
113	1	
114	-1	
115	1	
116	1	
117	-1	
118	-1	
119	-1	
120	1	
121	-1	
123	1	
124	-1	
125	-1	
126	-1	
127	1	
128	-1	
129	-1	
130	1	
131	1	
132	1	
133	-1	
134	1	
135	-1	
136	1	
137	1	
138	1	
139	1	
141	-1	
142	-1	
143	-1	
144	1	
145	1	
146	1	
147	-1	
148	-1	
149	-1	
150	-1	
151	-1	
152	-1	
153	1	
154	1	
155	-1	
156	-1	
157	-1	
158	1	
159	1	
160	-1	
161	-1	
162	-1	
163	1	
164	-1	
165	-1	
166	1	
167	-1	
168	1	
169	1	
170	1	
171	-1	
172	1	
173	-1	
174	1	
175	-1	
176	-1	
177	-1	
178	-1	
179	-1	
180	1	
181	-1	
182	1	
183	1	
184	-1	
185	-1	
186	1	
187	1	
188	-1	
189	-1	
190	-1	
191	1	
192	1	
193	-1	
194	1	
195	1	
196	1	
197	-1	
198	-1	
199	-1	
200	-1	
201	-1	
202	1	
203	-1	
204	-1	
205	-1	
206	1	
207	-1	
208	1	
209	-1	
210	-1	
211	1	
212	-1	
213	-1	
214	-1	
215	-1	
216	-1	
217	1	
218	-1	
219	-1	
220	-1	
221	-1	
222	-1	
223	1	
224	1	
225	-1	
226	-1	
227	1	
228	-1	
229	-1	
230	-1	
231	-1	
232	1	
233	1	
234	1	
235	1	
236	1	
237	1	
238	-1	
239	1	
240	-1	
241	-1	
242	-1	
243	-1	
244	1	
245	1	
246	-1	
247	-1	
248	1	
249	-1	
250	1	
251	1	
252	1	
253	1	
254	-1	
255	1	
256	-1	
257	-1	
258	-1	
259	-1	
260	-1	
261	1	
262	1	
263	-1	
264	-1	
265	-1	
266	-1	
267	1	
268	-1	
269	-1	
270	-1	
271	-1	
272	-1	
273	1	
274	1	
275	-1	
276	1	
277	1	
278	-1	
279	1	
280	-1	
281	-1	
282	-1	
283	1	
284	1	
285	-1	
286	1	
287	1	
288	1	
289	-1	
290	-1	
291	1	
292	-1	
293	1	
294	-1	
295	1	
296	-1	
297	-1	
298	-1	
299	1	
300	1	
301	-1	
302	-1	
303	-1	
304	1	
305	1	
306	1	
307	-1	
308	1	
309	1	
310	1	
311	-1	
312	-1	
313	1	
314	-1	
315	-1	
316	-1	
317	1	
318	-1	
319	-1	
320	-1	
321	-1	
322	1	
323	1	
324	1	
325	1	
326	1	
327	-1	
328	-1	
329	1	
330	-1	
331	-1	
332	1	
333	1	
334	-1	
335	-1	
336	1	
337	-1	
338	-1	
339	1	
340	1	
341	1	
342	-1	
343	-1	
344	1	
345	-1	
346	1	
347	-1	
348	1	
349	-1	
350	-1	
351	-1	
352	-1	
353	1	
354	1	
355	1	
356	1	
357	-1	
358	-1	
359	1	
361	1	
362	-1	
363	1	
364	1	
365	1	
367	1	
368	-1	
369	1	
370	1	
371	-1	
372	1	
373	-1	
374	1	
375	1	
376	1	
377	1	
378	1	
379	-1	
380	1	
382	-1	
383	-1	
384	1	
385	-1	
386	1	
387	1	
388	1	
389	1	
390	-1	
391	-1	
392	-1	
393	-1	
394	-1	
396	-1	
397	-1	
398	1	
399	1	
400	-1	
401	-1	
402	-1	
403	-1	
404	-1	
405	1	
406	-1	
407	-1	
408	-1	
409	1	
410	-1	
411	1	
412	-1	
413	-1	
414	1	
415	-1	
416	-1	
417	-1	
418	-1	
419	1	
420	-1	
421	1	
422	1	
424	1	
425	-1	
426	1	
427	1	
428	1	
429	-1	
430	1	
431	1	
432	-1	
433	1	
434	1	
435	1	
436	1	
437	-1	
438	-1	
439	1	
440	-1	
441	-1	
442	1	
443	1	
444	1	
445	1	
446	1	
447	1	
448	-1	
449	1	
450	1	
451	-1	
452	-1	
453	1	
454	-1	
455	-1	
456	1	
457	1	
458	1	
459	1	
460	-1	
461	-1	
462	1	
463	1	
464	-1	
465	1	
466	1	
467	1	
468	-1	
469	-1	
470	1	
471	1	
472	-1	
473	-1	
474	-1	
475	-1	
476	-1	
477	1	
478	-1	
479	1	
480	-1	
481	-1	
482	-1	
483	-1	
484	1	
485	-1	
486	-1	
487	1	
488	-1	
489	1	
490	1	
491	1	
492	-1	
493	1	
494	1	
495	1	
496	-1	
497	-1	
498	1	
499	1	
500	-1	
501	1	
502	1	
503	1	
504	-1	
505	-1	
506	1	
507	1	
508	-1	
509	1	
510	1	
511	-1	
Js:	
352	357	-4	
354	357	-3	
354	418	1	
418	422	6	
416	422	4	
352	416	-1	
440	444	3	
441	444	-3	
441	505	-2	
505	508	-2	
504	508	-3	
440	504	-2	
200	204	-2	
203	204	-4	
203	205	-3	
201	205	-5	
201	207	-4	
200	207	-3	
410	412	-2	
412	420	-2	
417	420	-5	
417	421	3	
413	421	2	
410	413	3	
56	60	3	
58	60	4	
58	63	-3	
59	63	-5	
59	61	4	
56	61	-5	
329	332	-1	
331	332	4	
331	335	-1	
328	335	-4	
328	334	-2	
329	334	-6	
161	164	-3	
163	164	2	
163	167	4	
160	167	-4	
160	166	2	
161	166	-3	
42	46	4	
46	54	4	
49	54	-1	
49	55	-4	
47	55	1	
42	47	-2	
248	252	4	
251	252	-4	
251	255	-5	
250	255	-1	
250	254	5	
248	254	3	
320	324	4	
323	324	-3	
323	387	-2	
387	390	2	
384	390	2	
320	384	3	
225	228	-4	
227	228	3	
227	231	4	
226	231	-4	
226	230	-2	
225	230	-3	
121	124	3	
123	124	4	
123	187	-2	
187	189	3	
185	189	-4	
121	185	-1	
233	236	3	
234	236	-4	
234	237	-4	
232	237	-4	
232	239	-3	
233	239	-4	
168	173	4	
173	181	-2	
177	181	-4	
177	183	1	
175	183	-2	
168	175	4	
272	276	4	
275	276	2	
275	279	3	
274	279	-3	
274	278	3	
272	278	-3	
64	69	2	
65	69	6	
65	129	1	
129	133	-3	
128	133	3	
64	128	1	
105	109	-2	
106	109	4	
106	111	-4	
104	111	-2	
104	110	5	
105	110	-4	
153	159	-3	
154	159	2	
154	218	4	
218	221	-2	
217	221	4	
153	217	-3	
424	428	4	
428	436	-2	
433	436	-4	
433	437	2	
429	437	-1	
424	429	3	
450	452	-5	
452	460	-2	
459	460	3	
459	462	-4	
454	462	1	
450	454	4	
137	141	4	
138	141	3	
138	143	5	
136	143	2	
136	142	3	
137	142	3	
281	284	4	
282	284	3	
282	287	5	
283	287	-2	
283	285	-2	
281	285	-3	
296	300	3	
298	300	4	
298	303	1	
297	303	-3	
297	302	-2	
296	302	-2	
91	92	2	
92	100	2	
96	100	-4	
96	102	2	
94	102	-2	
91	94	-3	
369	372	-3	
372	380	-2	
377	380	1	
377	383	5	
375	383	2	
369	375	-2	
498	501	-2	
501	509	-2	
506	509	-3	
506	511	6	
503	511	-1	
498	503	-3	
9	13	3	
11	13	-5	
11	15	-2	
8	15	3	
8	14	3	
9	14	-5	
80	84	1	
81	84	-4	
81	86	3	
82	86	-3	
82	85	-2	
80	85	1	
112	118	-3	
114	118	-3	
114	178	-3	
178	182	3	
176	182	3	
112	176	3	
24	31	2	
26	31	3	
26	90	-2	
90	93	-5	
88	93	-1	
24	88	4	
256	261	-1	
261	269	3	
265	269	-3	
265	270	-3	
262	270	3	
256	262	4	
25	28	-5	
28	36	-2	
32	36	3	
32	37	2	
29	37	3	
25	29	-3	
344	348	-4	
345	348	1	
345	351	-3	
346	351	4	
346	349	3	
344	349	-2	
401	405	2	
403	405	2	
403	407	3	
400	407	-3	
400	406	-5	
401	406	-2	
336	340	-2	
339	340	-3	
339	342	-4	
337	342	-2	
337	343	-5	
336	343	4	
288	292	3	
289	292	-3	
289	293	3	
291	293	-4	
291	294	-3	
288	294	3	
34	38	-4	
35	38	3	
35	99	-4	
99	103	1	
98	103	-4	
34	98	3	
144	149	2	
145	149	4	
145	209	1	
209	214	-4	
208	214	3	
144	208	2	
192	196	-5	
195	196	-4	
195	199	3	
193	199	3	
193	198	-4	
192	198	2	
481	484	4	
484	492	2	
491	492	-2	
491	495	-4	
487	495	-2	
481	487	2	
240	247	-3	
241	247	4	
241	305	3	
305	311	5	
304	311	3	
240	304	2	
312	316	-2	
313	316	4	
313	318	3	
315	318	4	
315	317	3	
312	317	4	
385	388	2	
388	396	4	
392	396	-4	
392	397	-4	
389	397	4	
385	389	-1	
466	469	-1	
469	477	2	
475	477	2	
475	478	-3	
470	478	1	
466	470	-4	
242	246	-4	
243	246	-1	
243	307	-2	
307	308	5	
306	308	2	
242	306	3	
72	77	-3	
74	77	-2	
74	78	-3	
75	78	3	
75	79	3	
72	79	5	
425	431	5	
426	431	2	
426	490	-3	
490	493	-5	
489	493	-1	
425	489	4	
17	20	4	
19	20	-3	
19	22	-3	
16	22	-4	
16	21	2	
17	21	4	
2	4	-4	
3	4	3	
3	67	2	
67	68	-3	
66	68	5	
2	66	-3	
146	148	2	
148	156	-2	
152	156	-5	
152	158	-1	
150	158	3	
146	150	3	
355	356	-3	
356	364	-3	
362	364	-2	
362	367	4	
359	367	-3	
355	359	-2	
368	374	5	
370	374	-2	
370	434	1	
434	439	-3	
432	439	3	
368	432	-2	
465	468	2	
468	476	2	
473	476	-4	
473	479	3	
471	479	-1	
465	471	-3	
259	260	-4	
260	268	-3	
267	268	2	
267	271	2	
263	271	-3	
259	263	-4	
40	44	4	
44	52	2	
50	52	2	
50	53	5	
45	53	-3	
40	45	5	
451	453	3	
453	461	-1	
456	461	4	
456	463	-2	
455	463	2	
451	455	-3	
115	117	-3	
117	125	-5	
120	125	5	
120	127	-5	
119	127	3	
115	119	3	
378	382	5	
379	382	-4	
379	443	3	
443	447	-4	
442	447	-2	
378	442	-3	
210	212	-4	
212	220	-3	
219	220	-3	
219	223	4	
215	223	3	
210	215	-3	
329	333	-2	
330	333	-3	
330	394	-1	
394	399	3	
393	399	4	
329	393	1	
480	485	-4	
485	493	-2	
488	493	3	
488	494	2	
486	494	2	
480	486	-1	
170	172	-1	
171	172	-5	
171	174	3	
169	174	-3	
169	175	3	
170	175	4	
257	260	-3	
258	260	-2	
258	322	-1	
322	326	-4	
321	326	3	
257	321	-2	
130	132	-6	
131	132	-4	
131	135	5	
129	135	2	
129	134	5	
130	134	-2	
408	412	-3	
409	412	2	
409	415	3	
411	415	-2	
411	414	-3	
408	414	5	
433	438	2	
435	438	4	
435	499	-4	
499	502	-4	
497	502	3	
433	497	2	
179	180	4	
180	188	3	
186	188	4	
186	190	5	
182	190	-1	
179	182	2	
297	301	-3	
299	301	3	
299	363	-3	
363	365	-6	
361	365	1	
297	361	4	
0	4	-3	
1	4	2	
1	5	4	
3	5	-3	
3	6	-4	
0	6	-3	
89	95	-3	
91	95	4	
91	155	-1	
155	157	-3	
153	157	3	
89	153	1	
241	244	2	
244	252	-3	
249	252	-2	
249	253	3	
245	253	-4	
241	245	2	
200	206	3	
202	206	-3	
202	266	2	
266	270	-2	
264	270	-3	
200	264	-2	
216	222	-2	
218	222	-4	
218	282	-1	
282	286	-1	
280	286	4	
216	280	-2	
41	47	5	
43	47	-2	
43	107	-4	
107	108	-3	
105	108	-4	
41	105	-3	
18	22	-3	
22	30	-2	
27	30	-3	
27	31	-3	
23	31	-2	
18	23	2	
33	39	-4	
35	39	4	
99	101	-4	
97	101	2	
33	97	2	
347	349	-2	
349	357	-3	
353	357	-1	
353	358	3	
350	358	-4	
347	350	-3	
80	87	-4	
83	87	-2	
83	147	-2	
147	151	-4	
144	151	3	
80	144	-3	
336	341	-3	
338	341	4	
338	402	1	
402	404	-4	
400	404	-1	
336	400	2	
224	229	5	
229	237	1	
235	237	1	
235	238	6	
230	238	-2	
224	230	3	
9	12	-2	
10	12	4	
10	74	3	
74	76	-2	
73	76	-4	
9	73	2	
209	213	3	
211	213	5	
211	275	3	
275	277	2	
273	277	-3	
209	273	3	
496	500	-3	
500	508	-2	
507	508	3	
507	510	-3	
502	510	-1	
496	502	-2	
51	55	3	
51	115	4	
115	116	-3	
113	116	-3	
49	113	3	
419	422	-1	
419	483	4	
483	485	1	
482	485	-2	
418	482	-4	
386	390	3	
390	398	4	
394	398	-3	
391	399	4	
386	391	4	
305	309	-2	
309	317	4	
314	317	2	
314	319	-2	
311	319	-4	
57	62	-4	
59	62	2	
59	123	-1	
123	126	5	
121	126	-5	
57	121	1	
306	310	-2	
307	310	2	
307	371	-3	
371	373	-3	
370	373	3	
306	370	-3	
435	437	3	
437	445	4	
440	445	2	
440	446	5	
438	446	2	
64	70	3	
70	78	-3	
72	78	-3	
71	79	3	
64	71	-4	
448	453	5	
449	453	-3	
449	454	3	
451	454	-4	
448	455	-5	
323	325	-2	
325	333	-4	
330	335	-3	
327	335	-3	
323	327	3	
426	428	-2	
426	430	-3	
427	430	-3	
427	431	-3	
424	431	-3	
184	189	-4	
186	189	2	
185	190	3	
185	191	4	
184	191	4	
162	165	-3	
165	173	-2	
168	174	-2	
166	174	1	
162	166	3	
474	477	3	
472	478	-6	
472	479	-4	
474	479	2	
464	468	-4	
466	468	2	
466	471	-3	
467	471	-3	
467	469	-3	
464	469	-5	
192	197	4	
194	197	-2	
194	258	2	
258	262	4	
192	256	3	
290	292	-4	
291	292	2	
291	295	-2	
288	295	3	
288	293	-2	
290	293	1	
456	460	2	
458	460	2	
458	462	-3	
457	462	-3	
457	463	5	
312	319	-2	
313	319	3	
313	377	4	
376	383	5	
312	376	2	
42	44	-4	
48	52	4	
48	54	2	
139	141	4	
139	203	-3	
202	204	4	
138	202	-3	
208	213	4	
213	221	-3	
219	221	3	
208	215	2	
98	101	-4	
101	109	3	
104	109	3	
102	110	2	
98	102	1	
401	407	-4	
403	467	4	
467	470	-3	
465	470	-2	
401	465	4	
416	420	-2	
417	481	-3	
480	487	3	
416	480	-3	
386	388	-2	
393	396	-2	
393	397	1	
386	389	-3	
26	28	3	
34	36	-4	
34	37	-4	
26	29	3	
353	356	-3	
361	364	-5	
361	367	-4	
353	359	-2	
283	286	-3	
283	347	2	
347	348	5	
280	344	-2	
67	69	-5	
67	71	2	
66	71	-3	
66	70	2	
65	70	-2	
337	340	3	
339	343	2	
338	343	2	
337	341	3	
321	324	4	
322	324	-3	
320	326	3	
320	325	2	
321	325	2	
232	236	-3	
233	238	1	
235	239	-3	
250	253	4	
248	255	-1	
249	255	5	
266	268	3	
268	276	1	
274	276	-2	
271	279	3	
266	271	-3	
19	21	3	
19	83	-3	
83	86	-2	
17	81	2	
114	116	3	
112	117	1	
113	117	3	
194	196	-1	
194	198	3	
162	164	-5	
163	227	3	
162	226	-2	
8	12	3	
10	14	-2	
11	14	3	
8	13	-3	
409	414	-2	
410	414	3	
410	474	-3	
474	476	-4	
409	473	-2	
488	492	3	
492	500	-2	
498	500	4	
495	503	-2	
488	495	2	
187	188	-2	
187	191	-2	
183	191	-3	
179	183	4	
97	100	-4	
100	108	3	
107	111	1	
103	111	-4	
97	103	2	
154	156	3	
155	159	5	
152	157	-4	
145	148	5	
147	148	-3	
146	151	4	
146	149	3	
432	436	3	
436	444	3	
442	444	-3	
439	447	-3	
88	92	4	
90	92	-3	
89	93	-3	
89	94	2	
88	94	2	
242	244	4	
243	244	3	
243	247	-5	
240	245	3	
242	245	-2	
371	372	3	
371	375	3	
368	375	2	
368	373	-3	
369	373	4	
128	134	3	
134	142	2	
139	142	2	
139	143	3	
135	143	-3	
128	135	-4	
300	308	-2	
304	308	-2	
304	310	-3	
302	310	3	
298	302	3	
505	509	2	
507	509	-4	
507	511	3	
506	510	-2	
505	510	5	
161	167	-2	
161	225	-2	
224	228	4	
160	224	3	
384	391	3	
385	391	-4	
385	449	-3	
449	452	2	
448	452	-2	
384	448	2	
57	60	-4	
58	62	-4	
56	62	-4	
57	61	-2	
314	316	-5	
315	316	-2	
315	379	-1	
379	380	-2	
378	380	-5	
314	378	3	
76	84	-3	
82	84	-2	
77	85	-3	
73	77	4	
264	269	-3	
267	269	2	
267	331	5	
328	332	2	
264	328	-3	
216	220	2	
214	222	-3	
210	214	-3	
425	430	2	
427	491	-3	
491	494	-3	
489	494	-3	
346	350	2	
352	358	-1	
352	359	-4	
351	359	2	
273	276	-3	
276	284	2	
277	285	3	
293	301	3	
296	301	-3	
296	303	3	
295	303	2	
289	295	2	
404	412	-2	
411	412	3	
411	413	4	
405	413	2	
402	405	-4	
25	30	-1	
30	38	-2	
33	38	2	
31	39	1	
25	31	3	
2	6	-2	
1	6	4	
0	5	-3	
418	421	2	
419	421	-3	
483	486	-3	
482	486	-4	
169	172	-3	
170	174	-4	
170	173	2	
169	173	3	
443	444	-2	
443	445	-4	
441	446	3	
203	207	1	
202	207	2	
201	206	1	
12	20	2	
16	20	2	
16	23	3	
15	23	3	
10	15	-4	
193	197	-2	
195	197	3	
195	259	1	
259	261	-4	
257	261	4	
193	257	-2	
130	133	5	
497	500	-2	
497	503	4	
499	503	-3	
499	501	-2	
496	501	-4	
50	54	4	
40	46	1	
393	398	4	
394	458	3	
458	461	3	
457	461	2	
393	457	2	
290	294	-2	
291	355	-3	
355	358	3	
354	358	3	
290	354	4	
177	180	2	
178	180	-2	
178	181	-3	
176	181	-3	
177	182	4	
120	124	2	
121	127	2	
362	365	4	
363	427	-1	
427	429	-1	
426	429	3	
362	426	1	
406	414	1	
408	415	-3	
407	415	1	
368	372	3	
376	380	-4	
376	382	-1	
374	382	2	
24	30	-3	
27	91	4	
88	95	-3	
270	278	-2	
272	279	-3	
265	271	-2	
51	52	3	
112	119	-2	
48	112	3	
472	476	1	
476	484	2	
480	484	3	
477	485	2	
472	477	2	
33	37	3	
32	96	-3	
18	82	2	
82	87	-2	
16	80	-3	
42	106	-2	
106	108	-3	
221	229	1	
222	230	-1	
217	222	3	
251	315	1	
249	313	1	
320	327	-2	
387	388	-4	
384	388	2	
147	150	-3	
155	158	-2	
151	159	1	
236	244	1	
238	246	-1	
234	238	3	
281	287	2	
282	346	-3	
345	349	-4	
281	345	-3	
136	141	3	
137	201	3	
136	200	3	
460	468	-3	
464	471	-1	
463	471	-3	
459	463	-1	
68	76	2	
75	76	-3	
67	70	2	
330	332	4	
332	340	-3	
338	340	-2	
338	342	-3	
334	342	-2	
330	334	-2	
301	309	-1	
307	309	2	
299	302	3	
184	188	-2	
43	45	-4	
107	110	3	
40	104	-1	
192	199	-1	
194	199	5	
258	263	-3	
256	263	-2	
434	436	-2	
434	437	-2	
432	437	-2	
433	439	-3	
58	61	-3	
160	165	-3	
162	167	-2	
163	166	-2	
451	452	-3	
449	455	3	
450	453	-2	
211	212	3	
275	278	-3	
210	274	2	
506	508	-2	
504	510	3	
490	492	2	
490	494	-3	
491	493	-2	
114	117	1	
114	119	-2	
385	390	-3	
392	398	-1	
392	399	2	
237	245	1	
243	245	2	
239	247	1	
299	300	-1	
305	308	-2	
303	311	-2	
299	303	-3	
416	421	2	
421	429	2	
425	429	2	
422	430	-2	
248	253	-3	
250	314	1	
248	312	1	
83	85	3	
85	93	-2	
90	94	3	
86	94	2	
322	325	4	
328	333	3	
322	327	4	
18	20	-4	
20	28	-1	
24	28	-2	
24	29	-3	
21	29	-1	
18	21	3	
64	68	-1	
0	64	-3	
371	374	-2	
379	383	-4	
149	157	2	
153	158	-3	
145	150	2	
483	484	2	
483	487	-4	
482	487	3	
481	486	-4	
217	220	2	
220	228	-1	
225	231	-3	
223	231	1	
217	223	1	
74	79	-2	
74	138	2	
72	136	1	
32	38	-3	
99	102	-4	
286	294	2	
289	294	-3	
287	295	-3	
211	215	3	
209	215	1	
9	15	2	
363	364	-3	
357	365	2	
355	357	-1	
344	350	3	
345	350	-2	
345	409	1	
344	408	-1	
339	341	-1	
336	342	3	
131	134	2	
331	334	-3	
265	329	3	
459	461	4	
461	469	-2	
462	470	-2	
442	445	-3	
441	447	3	
442	446	-2	
401	404	-2	
403	404	-1	
403	406	-3	
402	406	-1	
434	438	4	
498	502	3	
434	498	-2	
411	475	2	
475	479	4	
75	77	2	
75	139	-2	
73	137	3	
84	92	2	
89	92	1	
87	95	2	
81	87	-2	
177	241	-1	
241	246	-2	
240	246	-3	
176	240	2	
168	172	-2	
172	180	-1	
49	52	4	
49	53	2	
51	53	3	
48	55	-4	
258	261	-2	
387	389	4	
387	451	1	
386	450	-2	
218	223	2	
216	223	-3	
152	216	-2	
297	300	-2	
298	362	-3	
116	124	3	
118	126	-3	
113	118	4	
354	356	2	
352	356	2	
288	352	4	
280	284	2	
280	285	-2	
272	277	2	
187	251	-1	
184	248	2	
306	309	2	
305	369	-1	
1	65	-2	
36	44	1	
41	44	-3	
39	47	-1	
34	39	1	
493	501	1	
497	501	3	
490	495	-1	
355	419	2	
419	420	4	
353	417	2	
197	205	-3	
203	206	3	
198	206	-3	
195	198	2	
171	175	-2	
171	235	1	
170	234	2	
394	397	-2	
456	462	1	
392	456	3	
164	172	2	
161	165	-3	
264	268	-2	
346	348	-2	
347	351	2	
226	228	-1	
227	230	3	
227	229	-1	
489	492	3	
424	488	4	
464	470	-2	
465	469	1	
19	23	2	
473	477	3	
474	478	-2	
144	148	2	
56	63	-2	
57	63	-3	
504	509	-3	
504	511	-1	
310	318	3	
312	318	-3	
377	382	2	
25	89	-2	
457	460	2	
233	237	-3	
233	297	2	
232	296	3	
43	46	2	
193	196	-2	
257	262	3	
427	428	-3	
17	23	2	
181	189	1	
178	183	3	
435	436	-2	
432	496	-2	
250	252	1	
249	254	-2	
219	283	2	
283	284	-3	
217	281	1	
376	440	-2	
266	269	-1	
269	277	-2	
273	279	-2	
354	359	1	
289	353	3	
335	343	-2	
329	335	1	
219	222	1	
340	348	-1	
341	349	2	
97	102	-3	
99	163	-1	
163	165	2	
97	161	-1	
138	142	-1	
8	72	2	
33	36	-3	
35	36	-1	
32	39	3	
155	156	-2	
152	159	-2	
154	157	3	
369	374	3	
82	146	3	
441	445	1	
4	12	2	
5	13	-1	
2	5	3	
398	406	-2	
399	407	1	
473	478	-2	
408	472	-1	
267	270	-1	
199	207	-2	
234	239	-1	
169	233	-1	
273	278	2	
308	316	1	
65	71	-2	
96	103	2	
98	162	1	
160	164	-1	
96	160	1	
282	285	-1	
285	293	-1	
323	326	-3	
321	327	2	
123	127	-2	
187	190	4	
184	190	-1	
120	184	-1	
225	229	2	
226	229	-4	
27	29	-1	
489	495	1	
265	268	-3	
377	441	2	
43	44	2	
107	109	1	
59	60	-2	
73	78	2	
364	372	1	
370	372	-2	
370	375	-3	
367	375	-2	
394	396	-2	
196	204	2	
208	272	2	
158	166	-3	
159	167	1	
240	244	1	
304	309	-3	
235	236	2	
235	299	-1	
410	415	-3	
475	476	-3	
81	85	-3	
280	287	2	
26	30	3	
432	438	-2	
185	188	3	
186	250	-2	
185	249	-1	
333	341	-1	
11	12	3	
6	14	1	
41	46	-3	
40	47	-3	
314	318	-1	
315	319	-3	
179	181	1	
145	151	-2	
144	150	2	
104	108	-1	
107	171	2	
104	168	-2	
505	511	-3	
115	118	-1	
50	114	-2	
96	101	2	
218	220	-1	
216	221	-1	
275	339	3	
274	338	2	
200	205	1	
251	253	-2	
247	255	2	
27	28	3	
120	126	1	
121	125	-2	
409	413	2	
494	502	-1	
448	454	-2	
450	455	1	
156	164	-1	
278	286	1	
396	404	-2	
35	37	2	
80	86	-2	
129	132	2	
51	54	-1	
10	13	-1	
13	21	-1	
384	389	-2	
435	439	1	
305	310	-1	
259	323	1	
209	212	2	
109	117	-1	
113	119	-3	
111	119	1	
105	111	2	
298	301	-1	
98	100	1	
95	103	1	
90	95	-1	
246	254	-3	
339	403	1	
400	405	1	
418	420	1	
66	69	1	
365	373	1	
363	367	1	
83	84	2	
281	286	-1	
408	413	1	
256	260	-2	
176	180	2	
179	243	-1	
482	484	-1	
481	485	-3	
499	500	1	
496	503	3	
206	214	-1	
207	215	-2	
402	407	2	
402	466	2	
141	149	1	
147	149	-2	
142	150	-1	
369	433	-1	
424	430	2	
186	191	-1	
273	337	-1	
228	236	1	
231	239	2	
131	195	1	
128	192	1	
266	330	1	
400	464	-2	
155	219	1	
292	300	2	
48	53	1	
112	116	2	
105	169	1	
17	22	-2	
425	428	-1	
431	439	-1	
123	125	2	
106	170	1	
234	298	2	
93	101	-1	
208	212	1	
130	194	-1	
129	193	-1	
467	468	1	
442	506	-1	
251	254	1	
54	62	-2	
55	63	-1	
50	55	-1	
137	143	1	
202	205	-2	
344	351	2	
73	79	1	
154	158	2	
42	45	-2	
274	277	-2	
171	173	-1	
174	182	1	
321	385	1	
443	507	1	
397	405	1	
294	302	-1	
290	295	2	
264	271	-1	
232	238	1	
131	133	2	
201	204	-1	
204	212	1	
176	183	1	
306	311	2	
65	68	-1	
331	333	1	
326	334	1	
458	463	-1	
348	356	-1	
153	156	1	
11	75	-1	
313	317	1	
304	368	-1	
133	141	1	
417	422	-1	
387	391	1	
167	175	-1	
157	165	-1	
343	351	-1	
226	290	-1	
224	288	-1	
242	247	-1	
146	210	1	
210	213	-1	
52	60	1	
Energy:	-2522	
