NumberOfQubits	504	
NumberOfSubgraphs	756	
Serial	42	
PlantedSolution:	
0	-1	
1	1	
2	1	
3	1	
4	1	
5	1	
6	1	
8	-1	
9	-1	
10	-1	
11	-1	
12	-1	
13	1	
14	-1	
15	1	
16	-1	
17	1	
18	-1	
19	-1	
20	-1	
21	1	
22	1	
23	-1	
24	1	
25	1	
26	-1	
27	-1	
28	-1	
29	-1	
30	-1	
31	1	
32	1	
33	-1	
34	-1	
35	-1	
36	1	
37	1	
38	-1	
39	1	
40	-1	
41	-1	
42	-1	
43	-1	
44	1	
45	1	
46	-1	
47	-1	
48	-1	
49	1	
50	-1	
51	-1	
52	-1	
53	-1	
54	1	
55	1	
56	-1	
57	1	
58	-1	
59	1	
60	-1	
61	-1	
62	-1	
63	1	
64	-1	
65	-1	
66	1	
67	1	
68	1	
69	-1	
70	-1	
71	1	
72	1	
73	1	
74	1	
75	1	
76	-1	
77	1	
78	1	
79	-1	
80	-1	
81	-1	
82	-1	
83	-1	
84	-1	
85	1	
86	1	
87	1	
88	1	
89	1	
90	1	
91	-1	
92	1	
93	1	
94	1	
95	-1	
96	1	
97	-1	
98	-1	
99	-1	
100	-1	
101	1	
102	-1	
103	1	
104	-1	
105	-1	
106	-1	
107	1	
108	1	
109	1	
110	-1	
111	-1	
112	-1	
113	1	
114	-1	
115	-1	
116	1	
117	-1	
118	-1	
119	1	
120	-1	
121	1	
123	1	
124	1	
125	-1	
126	-1	
127	1	
128	-1	
129	-1	
130	1	
131	1	
132	-1	
133	1	
134	1	
135	-1	
136	1	
137	1	
138	-1	
139	1	
141	1	
142	1	
143	1	
144	1	
145	1	
146	-1	
147	1	
148	1	
149	1	
150	1	
151	1	
152	-1	
153	1	
154	-1	
155	-1	
156	1	
157	-1	
158	1	
159	-1	
160	1	
161	-1	
162	1	
163	-1	
164	-1	
165	-1	
166	-1	
167	-1	
168	1	
169	-1	
170	1	
171	-1	
172	-1	
173	-1	
174	1	
175	-1	
176	1	
177	-1	
178	1	
179	-1	
180	1	
181	1	
182	1	
183	1	
184	-1	
185	1	
186	1	
187	-1	
188	1	
189	-1	
190	1	
191	1	
192	1	
193	-1	
194	1	
195	1	
196	-1	
197	-1	
198	1	
199	-1	
200	1	
201	1	
202	-1	
203	1	
204	1	
205	-1	
206	1	
207	-1	
208	1	
209	1	
210	1	
211	-1	
212	-1	
213	1	
214	1	
215	-1	
216	-1	
217	1	
218	-1	
219	-1	
220	1	
221	-1	
222	-1	
223	1	
224	1	
225	1	
226	-1	
227	1	
228	1	
229	1	
230	-1	
231	1	
232	-1	
233	-1	
234	1	
235	1	
236	1	
237	-1	
238	-1	
239	-1	
240	1	
241	1	
242	-1	
243	1	
244	-1	
245	-1	
246	1	
247	1	
248	1	
249	1	
250	-1	
251	-1	
252	1	
253	1	
254	1	
255	1	
256	1	
257	1	
258	-1	
259	1	
260	1	
261	1	
262	1	
263	-1	
264	-1	
265	-1	
266	1	
267	1	
268	-1	
269	-1	
270	1	
271	1	
272	-1	
273	-1	
274	-1	
275	-1	
276	-1	
277	1	
278	1	
279	-1	
280	1	
281	-1	
282	1	
283	-1	
284	-1	
285	-1	
286	-1	
287	-1	
288	-1	
289	1	
290	-1	
291	-1	
292	-1	
293	1	
294	1	
295	1	
296	1	
297	1	
298	1	
299	1	
300	-1	
301	-1	
302	-1	
303	-1	
304	1	
305	1	
306	1	
307	-1	
308	1	
309	1	
310	-1	
311	1	
312	1	
313	-1	
314	-1	
315	1	
316	-1	
317	-1	
318	-1	
319	-1	
320	-1	
321	1	
322	1	
323	-1	
324	1	
325	1	
326	-1	
327	1	
328	-1	
329	1	
330	-1	
331	-1	
332	-1	
333	1	
334	1	
335	-1	
336	1	
337	1	
338	1	
339	-1	
340	-1	
341	-1	
342	-1	
343	1	
344	-1	
345	-1	
346	1	
347	-1	
348	-1	
349	1	
350	-1	
351	1	
352	-1	
353	1	
354	-1	
355	1	
356	-1	
357	1	
358	1	
359	1	
361	-1	
362	-1	
363	1	
364	1	
365	-1	
367	-1	
368	1	
369	1	
370	1	
371	-1	
372	-1	
373	-1	
374	-1	
375	-1	
376	1	
377	-1	
378	1	
379	1	
380	-1	
382	1	
383	1	
384	1	
385	-1	
386	1	
387	-1	
388	-1	
389	-1	
390	-1	
391	-1	
392	1	
393	-1	
394	-1	
396	1	
397	-1	
398	-1	
399	1	
400	1	
401	1	
402	1	
403	1	
404	1	
405	-1	
406	1	
407	1	
408	-1	
409	1	
410	1	
411	1	
412	1	
413	-1	
414	1	
415	-1	
416	-1	
417	-1	
418	1	
419	1	
420	-1	
421	1	
422	-1	
424	1	
425	-1	
426	-1	
427	1	
428	1	
429	-1	
430	1	
431	1	
432	1	
433	-1	
434	-1	
435	-1	
436	1	
437	1	
438	-1	
439	1	
440	-1	
441	1	
442	1	
443	-1	
444	-1	
445	-1	
446	-1	
447	-1	
448	-1	
449	1	
450	-1	
451	-1	
452	1	
453	1	
454	-1	
455	-1	
456	-1	
457	-1	
458	-1	
459	-1	
460	1	
461	1	
462	1	
463	1	
464	1	
465	-1	
466	1	
467	1	
468	1	
469	1	
470	-1	
471	-1	
472	1	
473	-1	
474	-1	
475	-1	
476	1	
477	-1	
478	-1	
479	-1	
480	-1	
481	-1	
482	1	
483	-1	
484	-1	
485	1	
486	-1	
487	-1	
488	1	
489	-1	
490	-1	
491	-1	
492	-1	
493	1	
494	-1	
495	-1	
496	1	
497	-1	
498	1	
499	-1	
500	-1	
501	-1	
502	1	
503	1	
504	-1	
505	1	
506	1	
507	1	
508	1	
509	1	
510	1	
511	1	
Js:	
146	148	4	
147	148	3	
147	151	-4	
145	151	-4	
145	149	-7	
146	149	2	
177	181	3	
179	181	3	
179	182	4	
178	182	-3	
178	183	-5	
177	183	3	
241	244	5	
243	244	-2	
243	247	-4	
242	247	3	
242	246	4	
241	246	-2	
361	364	4	
363	364	-5	
363	427	-4	
427	431	-6	
425	431	4	
361	425	3	
128	135	-3	
130	135	6	
130	194	-2	
194	198	-5	
192	198	-3	
128	192	-2	
224	228	-3	
226	228	5	
226	230	-2	
225	230	3	
225	231	-3	
224	231	-7	
376	383	5	
379	383	-5	
379	443	2	
443	447	-6	
440	447	-4	
376	440	3	
209	213	-4	
211	213	4	
211	275	-3	
275	276	-6	
273	276	4	
209	273	3	
73	76	-3	
75	76	4	
75	79	3	
72	79	5	
72	78	-3	
73	78	-4	
104	108	2	
106	108	4	
106	111	-4	
107	111	3	
107	110	-5	
104	110	-4	
424	430	-5	
426	430	5	
426	490	4	
490	493	3	
488	493	-3	
424	488	-5	
410	414	-5	
411	414	-3	
411	475	3	
475	476	4	
474	476	7	
410	474	3	
448	453	5	
451	453	4	
451	455	4	
450	455	-1	
450	454	-4	
448	454	-3	
472	478	5	
478	486	3	
483	486	-5	
483	487	-4	
479	487	-4	
472	479	3	
41	44	3	
42	44	6	
42	47	4	
43	47	-2	
43	46	-4	
41	46	-4	
168	172	-4	
169	172	-5	
169	233	-2	
233	239	-5	
232	239	-4	
168	232	2	
50	52	-3	
51	52	-5	
51	115	-2	
115	116	3	
114	116	2	
50	114	-3	
184	189	-5	
187	189	-6	
187	190	-2	
186	190	-5	
186	191	-6	
184	191	4	
98	100	-4	
99	100	-6	
99	101	2	
97	101	3	
97	103	3	
98	103	4	
464	469	-4	
466	469	-1	
466	471	7	
467	471	4	
467	470	-3	
464	470	5	
152	158	4	
158	166	3	
160	166	4	
160	167	-5	
159	167	-3	
152	159	-5	
384	388	-1	
388	396	5	
393	396	5	
393	399	3	
391	399	5	
384	391	5	
82	84	3	
83	84	-5	
83	86	4	
81	86	6	
81	85	3	
82	85	6	
432	436	-6	
435	436	5	
435	499	-5	
499	503	4	
496	503	-4	
432	496	2	
256	260	1	
259	260	-4	
259	261	-5	
257	261	-3	
257	262	-5	
256	262	-6	
16	20	-5	
19	20	-4	
19	21	6	
18	21	-3	
18	22	5	
16	22	3	
296	301	3	
297	301	-3	
297	302	3	
298	302	3	
298	303	3	
296	303	3	
9	12	-5	
11	12	-4	
11	14	-4	
10	14	2	
10	15	4	
9	15	3	
392	397	3	
397	405	3	
402	405	2	
402	406	-4	
398	406	3	
392	398	4	
456	461	-2	
459	461	6	
459	463	2	
457	463	4	
457	462	3	
456	462	5	
368	372	6	
372	380	-2	
378	380	2	
378	382	-5	
374	382	3	
368	374	-3	
289	292	-2	
290	292	-4	
290	354	-3	
354	356	-6	
353	356	2	
289	353	-4	
26	28	-6	
27	28	-2	
27	29	-4	
25	29	1	
25	31	4	
26	31	4	
337	341	-2	
339	341	-4	
339	342	-5	
338	342	3	
338	343	-3	
337	343	-5	
312	316	5	
315	316	6	
315	317	4	
314	317	-7	
314	318	-4	
312	318	3	
210	212	-3	
212	220	3	
218	220	3	
218	222	-5	
214	222	4	
210	214	-4	
321	326	2	
323	326	-3	
323	387	1	
387	390	-4	
385	390	-2	
321	385	2	
265	269	-3	
267	269	4	
267	331	4	
331	332	-6	
329	332	2	
265	329	-2	
90	93	-4	
91	93	3	
91	95	-4	
88	95	-3	
88	94	-4	
90	94	-5	
281	286	2	
286	294	4	
288	294	4	
288	295	4	
287	295	3	
281	287	-2	
136	141	-3	
139	141	3	
139	203	-4	
203	205	4	
200	205	4	
136	200	-3	
153	156	-3	
156	164	-3	
162	164	5	
162	165	3	
157	165	-1	
153	157	4	
345	348	-3	
347	348	-3	
347	349	3	
344	349	6	
344	350	-3	
345	350	-4	
66	68	-4	
67	68	-6	
67	70	2	
64	70	-6	
64	69	3	
66	69	6	
32	36	-4	
35	36	3	
35	37	3	
34	37	5	
34	39	4	
32	39	4	
433	437	6	
434	437	5	
434	498	3	
498	500	5	
497	500	-2	
433	497	2	
306	309	-3	
307	309	5	
307	371	-2	
371	375	-5	
370	375	3	
306	370	-3	
416	421	6	
417	421	-2	
417	481	-5	
481	485	3	
480	485	3	
416	480	-5	
120	124	6	
121	124	-3	
121	127	-5	
123	127	-6	
123	125	5	
120	125	-3	
250	252	4	
251	252	2	
251	253	4	
249	253	4	
249	254	-4	
250	254	4	
56	60	-5	
59	60	2	
59	61	4	
57	61	4	
57	63	-4	
56	63	6	
441	444	3	
442	444	6	
442	506	4	
506	509	-3	
505	509	-3	
441	505	-4	
264	268	-4	
266	268	3	
266	330	-5	
330	333	4	
328	333	4	
264	328	-3	
1	4	-3	
3	4	-5	
3	5	-4	
0	5	5	
0	6	5	
1	6	-6	
48	53	-3	
49	53	-7	
49	113	-3	
113	117	3	
112	117	-3	
48	112	-4	
401	404	-5	
404	412	-4	
409	412	-3	
409	415	5	
407	415	4	
401	407	-4	
129	133	4	
131	133	-5	
131	195	-3	
195	196	6	
193	196	3	
129	193	-3	
137	143	-5	
138	143	4	
138	202	-4	
202	207	-5	
201	207	-3	
137	201	-3	
170	175	4	
171	175	-5	
171	235	-3	
235	236	-3	
234	236	-3	
170	234	-3	
216	223	5	
219	223	5	
219	283	-2	
283	285	-3	
280	285	4	
216	280	4	
352	357	3	
357	365	-1	
362	365	-7	
362	367	-4	
359	367	4	
352	359	5	
265	270	7	
270	278	-1	
274	278	4	
274	279	-3	
271	279	-2	
265	271	3	
304	308	-3	
307	308	6	
307	311	-1	
305	311	-4	
305	310	6	
304	310	2	
489	492	-3	
491	492	5	
491	494	-4	
490	494	-4	
490	495	-4	
489	495	-4	
504	508	3	
505	508	4	
505	511	-4	
507	511	-3	
507	510	-4	
504	510	6	
320	324	2	
322	324	-5	
322	325	-3	
321	325	-4	
321	327	-5	
320	327	-5	
354	358	4	
355	358	-3	
355	419	2	
419	422	7	
418	422	3	
354	418	2	
281	284	-4	
282	284	4	
282	346	-5	
346	351	-4	
345	351	4	
281	345	-4	
32	38	5	
33	38	-6	
33	97	3	
97	102	-6	
96	102	5	
32	96	-4	
449	452	-6	
452	460	-4	
458	460	2	
458	463	4	
455	463	3	
449	455	6	
24	30	-1	
25	30	6	
25	89	-3	
89	92	-6	
88	92	-4	
24	88	-2	
8	13	4	
13	21	-2	
17	21	1	
17	23	4	
15	23	2	
8	15	3	
336	340	3	
339	340	-3	
339	403	-2	
403	405	5	
400	405	4	
336	400	-2	
473	476	2	
476	484	-1	
482	484	4	
482	485	-4	
477	485	4	
473	477	-5	
291	292	-3	
292	300	-3	
299	300	3	
299	301	5	
293	301	4	
291	293	3	
176	180	-5	
177	180	4	
177	241	-2	
241	245	3	
240	245	3	
176	240	-3	
50	54	5	
54	62	2	
58	62	-7	
58	63	-3	
55	63	-2	
50	55	5	
208	215	3	
210	215	4	
210	274	3	
274	277	-2	
272	277	2	
208	272	3	
65	69	-3	
69	77	-3	
74	77	-5	
74	79	2	
71	79	5	
65	71	3	
248	255	-6	
249	255	-2	
249	313	1	
313	319	-4	
312	319	-6	
248	312	-1	
80	87	6	
82	87	-1	
82	146	-2	
146	150	4	
144	150	-4	
80	144	4	
227	229	-5	
229	237	4	
232	237	-4	
232	238	4	
230	238	-5	
227	230	4	
40	45	6	
41	45	-3	
41	105	-4	
105	109	3	
104	109	5	
40	104	-5	
432	438	4	
438	446	6	
443	446	-4	
439	447	4	
432	439	-3	
418	420	4	
420	428	4	
425	428	4	
425	429	-4	
421	429	-4	
418	421	-3	
154	156	2	
155	156	4	
155	219	3	
219	221	-3	
218	221	-4	
154	218	-2	
115	118	-3	
118	126	-5	
121	126	6	
119	127	-3	
115	119	-3	
386	389	-4	
389	397	-4	
394	397	-3	
394	398	-4	
390	398	-4	
386	390	6	
194	197	-2	
195	197	4	
195	259	-2	
259	263	4	
258	263	-6	
194	258	1	
161	165	-7	
165	173	-2	
170	173	3	
170	174	-4	
166	174	3	
161	166	-3	
328	332	-4	
331	335	-4	
329	335	5	
329	334	-5	
328	334	4	
184	188	-5	
187	188	4	
187	191	3	
185	191	-5	
185	189	4	
137	142	2	
138	142	4	
202	206	5	
201	206	-3	
497	501	-4	
501	509	-2	
504	509	6	
502	510	-3	
497	502	5	
465	468	5	
466	468	-3	
467	469	-5	
465	469	5	
192	196	6	
196	204	-2	
200	204	-5	
200	207	3	
199	207	-3	
192	199	2	
408	412	4	
410	412	3	
410	415	3	
411	415	4	
411	413	4	
408	413	-5	
369	373	5	
371	373	-2	
371	374	-3	
370	374	3	
369	375	-4	
129	132	-5	
131	132	-5	
128	133	3	
128	134	4	
129	134	5	
377	383	-4	
378	383	-5	
378	442	-1	
442	445	7	
441	445	4	
377	441	2	
217	220	-5	
220	228	-3	
225	228	-4	
225	229	2	
221	229	3	
217	221	3	
2	4	6	
3	67	-6	
2	66	-3	
99	163	-2	
163	167	-3	
162	167	4	
98	162	3	
248	253	-4	
251	255	4	
250	255	5	
248	254	2	
276	284	-2	
283	284	-3	
283	286	4	
278	286	4	
275	278	2	
289	294	-4	
291	294	2	
291	355	-5	
355	357	-5	
353	357	-4	
310	318	-4	
314	319	-3	
311	319	-2	
256	261	-6	
258	261	1	
258	322	1	
322	326	5	
320	326	-6	
256	320	-1	
10	12	-5	
10	74	3	
74	76	3	
9	73	2	
179	180	3	
178	181	-3	
176	181	4	
282	285	4	
346	349	-3	
280	344	-3	
83	87	3	
83	147	2	
147	150	-4	
43	44	5	
43	45	3	
40	47	-3	
416	420	-5	
417	420	-3	
481	484	-5	
480	484	3	
208	212	5	
209	212	2	
211	214	-1	
208	214	-2	
474	478	-3	
474	479	-3	
233	236	5	
236	244	2	
239	247	3	
171	172	-4	
171	173	-3	
168	173	3	
168	174	-5	
169	174	2	
27	30	-5	
30	38	-1	
35	38	-3	
35	39	6	
31	39	1	
27	31	5	
434	436	2	
499	501	-3	
498	501	3	
385	388	-4	
386	388	5	
384	389	5	
385	391	-3	
57	60	4	
58	61	-3	
56	62	2	
426	428	1	
427	428	-4	
427	429	-1	
424	429	3	
91	155	-2	
155	157	-3	
154	157	-5	
90	154	-3	
333	341	3	
336	341	4	
336	342	4	
334	342	-2	
330	334	4	
24	28	-4	
28	36	2	
34	36	6	
29	37	2	
24	29	6	
17	20	4	
18	20	-2	
18	23	-6	
16	23	-3	
17	22	-5	
106	109	4	
109	117	1	
114	117	4	
114	119	3	
111	119	2	
266	269	4	
269	277	2	
272	279	-5	
266	271	-4	
488	492	4	
491	495	-3	
489	494	-3	
488	494	3	
11	13	3	
11	75	3	
75	77	-3	
72	77	-2	
8	72	-2	
313	317	-3	
315	379	3	
379	382	-3	
377	382	3	
313	377	-4	
448	452	-2	
449	454	3	
451	454	-5	
456	460	4	
460	468	-3	
464	468	-4	
462	470	-3	
296	300	4	
299	303	3	
297	303	5	
296	302	5	
403	404	-4	
403	406	-3	
402	407	-4	
226	231	-3	
226	290	-3	
290	293	3	
288	293	2	
224	288	2	
348	356	4	
352	356	-3	
352	358	4	
350	358	4	
347	350	-5	
1	65	5	
65	70	-2	
0	64	-4	
362	364	2	
364	372	4	
368	373	4	
365	373	-3	
51	53	-5	
51	55	4	
48	55	3	
48	54	3	
49	54	-4	
242	245	5	
242	306	3	
304	309	-4	
240	304	-4	
113	116	-4	
116	124	-4	
123	124	-3	
123	126	2	
113	118	-2	
394	396	-4	
394	458	-6	
458	461	2	
457	461	2	
393	457	-6	
408	414	3	
409	414	-5	
409	473	2	
472	477	-3	
408	472	4	
153	159	4	
153	217	-2	
217	222	3	
216	222	-4	
152	216	-3	
496	500	6	
500	508	4	
506	508	-3	
506	511	-6	
503	511	-3	
257	260	-6	
260	268	2	
264	270	5	
262	270	2	
141	149	2	
143	151	-1	
136	143	-3	
437	445	2	
440	445	-3	
440	446	-5	
433	438	-3	
89	94	-1	
94	102	3	
96	103	2	
95	103	2	
89	95	4	
193	197	4	
197	205	-3	
203	206	-3	
198	206	-4	
193	198	4	
130	134	-4	
134	142	-3	
139	142	-4	
139	143	-3	
135	143	2	
323	324	6	
323	327	2	
320	325	3	
234	237	5	
234	238	2	
337	340	5	
340	348	-2	
347	351	-3	
343	351	-2	
81	84	-3	
82	86	4	
105	108	4	
107	108	-3	
106	110	-3	
105	111	-4	
160	164	4	
163	164	-3	
161	167	-2	
186	188	-4	
185	190	-3	
361	367	-2	
363	367	5	
419	483	4	
483	485	3	
418	482	-6	
379	380	5	
376	380	4	
312	376	-2	
387	389	-1	
392	399	6	
387	391	-5	
2	5	-4	
5	13	-3	
9	13	4	
9	14	4	
6	14	1	
2	6	-3	
59	63	3	
59	123	-3	
56	120	-2	
26	30	-4	
26	90	-1	
90	92	-1	
338	402	-2	
402	404	2	
400	404	-2	
171	174	2	
174	182	2	
179	183	4	
175	183	4	
289	293	-5	
298	301	3	
295	303	-3	
289	295	-1	
218	223	-3	
215	223	2	
195	199	3	
193	199	-5	
243	246	-5	
243	307	3	
306	308	4	
475	477	-3	
273	277	5	
277	285	3	
283	287	-4	
279	287	-5	
273	279	-2	
491	493	4	
493	501	2	
494	502	3	
70	78	4	
74	78	-3	
64	71	4	
261	269	3	
267	271	-5	
263	271	-3	
369	374	4	
369	433	3	
433	439	3	
368	432	-3	
48	52	-3	
49	52	3	
113	119	-3	
112	119	2	
461	469	-2	
465	470	-3	
459	462	4	
33	36	3	
36	44	2	
38	46	-2	
443	444	-3	
443	507	3	
144	148	-5	
148	156	-3	
152	156	3	
150	158	2	
387	388	-3	
387	451	-4	
451	452	-1	
450	452	5	
386	450	3	
332	340	-2	
335	343	3	
328	335	3	
232	236	-3	
233	238	-3	
235	238	3	
235	239	3	
244	252	2	
247	255	-1	
241	247	4	
35	99	3	
98	101	4	
34	98	-2	
201	204	-4	
203	204	4	
203	207	2	
200	206	-2	
349	357	-4	
353	359	2	
351	359	-2	
76	84	-3	
78	86	-1	
75	78	3	
401	405	2	
403	467	-2	
467	468	2	
401	465	2	
211	212	-3	
209	215	4	
288	292	-4	
294	302	-2	
325	333	4	
329	333	-4	
327	335	2	
105	169	-2	
104	168	3	
507	508	-4	
498	502	2	
377	380	-5	
267	268	5	
331	334	3	
258	260	5	
256	263	4	
217	223	-2	
217	281	3	
280	284	3	
52	60	2	
58	60	-5	
53	61	-2	
484	492	-3	
490	492	-3	
487	495	-3	
482	487	-1	
400	406	-5	
406	414	2	
400	407	-3	
108	116	-1	
112	116	4	
112	118	-4	
110	118	-2	
8	12	-3	
11	15	6	
8	14	-6	
91	94	2	
417	422	-5	
419	421	-3	
305	308	-2	
308	316	-1	
313	316	-3	
313	318	-3	
42	45	3	
41	47	-4	
40	46	-4	
371	372	-4	
367	375	-3	
163	227	2	
227	231	3	
160	224	-2	
154	158	2	
155	158	4	
155	159	2	
65	68	4	
173	181	3	
424	428	-3	
428	436	-2	
435	438	-2	
430	438	-1	
120	126	-3	
121	185	-1	
185	188	-4	
120	184	-2	
394	399	1	
392	456	2	
248	252	-4	
249	252	-6	
251	254	6	
73	77	-4	
73	137	-3	
136	142	-4	
72	136	-3	
475	479	-4	
473	479	5	
473	478	-2	
384	390	-2	
385	449	3	
448	455	-4	
384	448	4	
92	100	2	
96	100	2	
96	101	-3	
93	101	3	
88	93	-2	
274	276	-3	
275	339	-2	
338	341	4	
274	338	3	
290	295	3	
291	295	4	
355	356	2	
145	148	-3	
146	151	4	
147	149	3	
162	226	2	
161	225	-2	
309	317	3	
304	311	-5	
426	429	-3	
429	437	-3	
434	439	4	
431	439	-2	
426	431	4	
138	141	4	
202	205	-3	
344	351	3	
298	362	4	
361	365	-5	
297	361	4	
115	117	-3	
19	23	2	
19	83	-3	
16	80	-3	
273	278	3	
282	286	-2	
282	287	2	
240	246	-4	
496	501	4	
235	237	3	
235	299	3	
298	300	2	
234	298	-3	
485	493	-1	
489	493	-5	
486	494	-1	
480	486	-5	
375	383	1	
57	62	3	
59	62	4	
57	121	1	
450	453	5	
453	461	-4	
454	462	3	
201	265	2	
200	264	-1	
184	190	3	
441	447	4	
441	446	-1	
442	446	2	
130	132	3	
402	466	-2	
464	471	-3	
400	464	-2	
219	220	2	
32	37	-3	
33	37	3	
411	412	-4	
410	413	-4	
409	413	3	
323	325	4	
370	373	4	
370	434	-2	
488	495	3	
481	487	-4	
117	125	-4	
499	500	1	
499	502	3	
67	69	3	
67	71	3	
66	71	-3	
66	70	4	
283	347	2	
80	85	3	
144	151	3	
44	52	-2	
46	54	2	
42	46	-2	
272	278	4	
338	340	-3	
272	336	2	
178	180	-4	
178	242	1	
227	291	1	
225	289	-2	
4	12	2	
10	13	4	
305	309	3	
306	310	2	
306	311	-3	
353	417	3	
416	422	-1	
352	416	-1	
259	323	2	
321	324	-3	
257	321	2	
19	22	-3	
16	21	4	
170	172	2	
169	173	4	
330	335	-3	
34	38	-1	
33	39	3	
100	108	-4	
103	111	4	
99	103	3	
91	92	3	
89	93	-4	
194	199	5	
435	437	2	
497	503	3	
149	157	3	
152	157	-2	
145	150	-3	
133	141	-3	
160	165	1	
163	166	-2	
72	76	3	
376	382	-4	
234	239	2	
315	318	4	
211	215	-5	
209	214	-4	
275	277	4	
337	342	3	
273	337	-1	
456	463	3	
50	53	-2	
344	348	-3	
24	31	-5	
472	476	-3	
474	477	-2	
475	478	-4	
405	413	-2	
216	220	2	
224	230	3	
222	230	1	
280	286	2	
280	287	2	
115	179	-4	
113	177	3	
419	420	2	
482	486	-3	
43	107	4	
107	109	-2	
154	159	-4	
153	158	-3	
259	262	1	
258	262	4	
434	438	-2	
56	61	-3	
181	189	2	
182	190	-3	
86	94	-3	
90	95	2	
87	95	-3	
81	87	4	
74	138	2	
243	245	4	
245	253	3	
246	254	-2	
393	397	-3	
385	389	-4	
370	372	3	
202	204	1	
0	4	2	
1	5	-2	
37	45	-2	
39	47	2	
443	445	-2	
507	509	-4	
336	343	-3	
98	102	1	
96	160	-2	
346	348	3	
346	410	-2	
345	409	2	
403	407	-2	
114	118	-4	
208	213	-4	
210	213	-2	
272	276	2	
22	30	1	
23	31	1	
226	229	3	
223	231	-1	
106	170	-2	
427	491	2	
425	489	-3	
440	444	-4	
440	504	1	
80	84	-2	
314	378	3	
268	276	1	
281	285	3	
498	503	3	
322	327	-4	
128	132	-5	
131	135	3	
130	133	-3	
393	398	1	
85	93	-2	
75	139	2	
300	308	2	
307	310	-3	
302	310	1	
201	205	3	
466	470	3	
176	182	-3	
176	183	-2	
169	175	-3	
99	102	-2	
163	165	-4	
97	161	3	
213	221	3	
216	221	-2	
504	511	2	
505	510	-3	
356	364	3	
354	359	-2	
240	244	1	
242	244	-4	
392	396	-3	
369	372	1	
435	439	-2	
194	196	3	
192	197	5	
101	109	-3	
186	189	1	
187	251	2	
186	250	2	
339	343	2	
172	180	-1	
299	363	-2	
363	365	2	
481	486	1	
353	358	-3	
73	79	2	
27	91	2	
204	212	2	
207	215	-2	
457	460	-1	
228	236	-2	
83	85	-1	
250	253	3	
240	247	-3	
241	305	-2	
177	182	-3	
266	270	-2	
137	141	3	
337	401	-2	
218	282	1	
3	6	3	
47	55	3	
88	152	1	
146	210	2	
144	208	-1	
459	460	4	
463	471	2	
20	28	2	
26	29	-3	
21	29	2	
164	172	-2	
162	166	3	
121	125	4	
14	22	1	
480	487	-2	
506	510	2	
427	430	1	
422	430	2	
42	106	3	
341	349	-1	
401	406	3	
436	444	2	
129	135	-2	
303	311	1	
495	503	-1	
371	435	-2	
77	85	-1	
147	211	2	
145	209	-1	
105	110	-3	
120	127	-4	
131	134	2	
299	302	2	
264	269	-2	
330	332	-2	
342	350	1	
314	316	-3	
284	292	-2	
285	293	-1	
424	431	-2	
64	68	2	
25	28	2	
355	359	-1	
458	462	-2	
496	502	-2	
17	81	4	
224	229	1	
326	334	2	
290	294	2	
65	129	-1	
64	128	-1	
320	384	1	
425	430	2	
345	349	1	
368	375	-2	
305	369	-1	
265	268	-3	
264	271	-3	
68	76	2	
219	222	1	
233	237	2	
275	279	1	
468	476	-1	
469	477	1	
408	415	-2	
470	478	-1	
471	479	1	
297	300	2	
227	228	-3	
483	484	-2	
324	332	2	
331	333	1	
151	159	2	
114	178	2	
84	92	2	
433	436	1	
161	164	-1	
206	214	1	
347	411	2	
238	246	1	
195	198	-2	
257	263	-1	
193	257	1	
399	407	-1	
142	150	-1	
45	53	1	
49	55	-1	
233	297	1	
232	296	1	
102	110	-1	
465	471	-1	
79	87	1	
104	111	1	
112	176	1	
18	82	2	
288	352	-2	
396	404	1	
168	175	1	
167	175	-1	
51	54	2	
107	171	1	
346	350	1	
144	149	-1	
231	239	-1	
315	319	1	
312	317	1	
180	188	-1	
12	20	1	
203	267	-1	
267	270	-1	
185	249	-1	
184	248	-1	
362	426	1	
205	213	-1	
354	357	1	
123	187	1	
Energy:	-3364	
