NumberOfQubits	504	
NumberOfSubgraphs	840	
Serial	180	
PlantedSolution:	
0	1	
1	-1	
2	-1	
3	1	
4	1	
5	1	
6	-1	
8	-1	
9	-1	
10	-1	
11	-1	
12	1	
13	-1	
14	1	
15	-1	
16	-1	
17	1	
18	-1	
19	1	
20	1	
21	-1	
22	1	
23	-1	
24	-1	
25	-1	
26	-1	
27	1	
28	1	
29	1	
30	-1	
31	1	
32	1	
33	-1	
34	1	
35	-1	
36	-1	
37	-1	
38	1	
39	-1	
40	1	
41	-1	
42	-1	
43	1	
44	1	
45	1	
46	-1	
47	-1	
48	1	
49	1	
50	-1	
51	1	
52	-1	
53	-1	
54	1	
55	-1	
56	-1	
57	-1	
58	1	
59	1	
60	-1	
61	1	
62	1	
63	-1	
64	1	
65	-1	
66	-1	
67	1	
68	-1	
69	1	
70	1	
71	1	
72	1	
73	-1	
74	1	
75	1	
76	1	
77	1	
78	-1	
79	-1	
80	1	
81	1	
82	-1	
83	1	
84	-1	
85	1	
86	1	
87	-1	
88	1	
89	-1	
90	1	
91	-1	
92	1	
93	1	
94	-1	
95	-1	
96	-1	
97	-1	
98	1	
99	1	
100	1	
101	-1	
102	1	
103	-1	
104	1	
105	1	
106	-1	
107	-1	
108	1	
109	-1	
110	1	
111	1	
112	1	
113	1	
114	1	
115	-1	
116	-1	
117	1	
118	1	
119	1	
120	1	
121	1	
123	-1	
124	-1	
125	-1	
126	1	
127	-1	
128	1	
129	-1	
130	1	
131	1	
132	1	
133	-1	
134	-1	
135	1	
136	-1	
137	1	
138	1	
139	1	
141	1	
142	1	
143	-1	
144	1	
145	-1	
146	1	
147	1	
148	1	
149	1	
150	1	
151	1	
152	-1	
153	1	
154	-1	
155	-1	
156	1	
157	-1	
158	1	
159	1	
160	-1	
161	1	
162	1	
163	-1	
164	-1	
165	1	
166	-1	
167	1	
168	-1	
169	-1	
170	1	
171	-1	
172	-1	
173	1	
174	1	
175	-1	
176	1	
177	1	
178	1	
179	1	
180	1	
181	-1	
182	-1	
183	-1	
184	-1	
185	1	
186	1	
187	1	
188	-1	
189	-1	
190	1	
191	1	
192	1	
193	-1	
194	-1	
195	-1	
196	1	
197	1	
198	-1	
199	-1	
200	1	
201	-1	
202	1	
203	-1	
204	-1	
205	-1	
206	-1	
207	1	
208	-1	
209	1	
210	1	
211	1	
212	-1	
213	-1	
214	-1	
215	-1	
216	-1	
217	-1	
218	-1	
219	-1	
220	-1	
221	-1	
222	1	
223	1	
224	1	
225	-1	
226	1	
227	-1	
228	-1	
229	1	
230	-1	
231	1	
232	-1	
233	-1	
234	-1	
235	1	
236	1	
237	1	
238	-1	
239	-1	
240	1	
241	-1	
242	1	
243	-1	
244	1	
245	1	
246	-1	
247	-1	
248	1	
249	-1	
250	1	
251	1	
252	1	
253	1	
254	-1	
255	-1	
256	-1	
257	-1	
258	1	
259	-1	
260	1	
261	-1	
262	-1	
263	-1	
264	1	
265	1	
266	1	
267	-1	
268	1	
269	-1	
270	1	
271	1	
272	-1	
273	1	
274	-1	
275	1	
276	-1	
277	-1	
278	-1	
279	-1	
280	1	
281	-1	
282	-1	
283	1	
284	-1	
285	-1	
286	1	
287	1	
288	1	
289	1	
290	-1	
291	1	
292	1	
293	-1	
294	1	
295	1	
296	1	
297	-1	
298	1	
299	-1	
300	1	
301	-1	
302	-1	
303	1	
304	-1	
305	-1	
306	-1	
307	1	
308	1	
309	1	
310	1	
311	-1	
312	1	
313	1	
314	1	
315	1	
316	-1	
317	1	
318	1	
319	-1	
320	1	
321	1	
322	-1	
323	-1	
324	-1	
325	1	
326	1	
327	-1	
328	-1	
329	1	
330	1	
331	1	
332	1	
333	1	
334	-1	
335	-1	
336	1	
337	-1	
338	1	
339	1	
340	1	
341	1	
342	-1	
343	1	
344	1	
345	1	
346	-1	
347	-1	
348	1	
349	-1	
350	-1	
351	-1	
352	1	
353	1	
354	-1	
355	1	
356	-1	
357	-1	
358	1	
359	1	
361	1	
362	-1	
363	-1	
364	1	
365	1	
367	-1	
368	1	
369	1	
370	1	
371	-1	
372	-1	
373	1	
374	1	
375	-1	
376	-1	
377	-1	
378	1	
379	-1	
380	1	
382	1	
383	1	
384	-1	
385	-1	
386	1	
387	1	
388	-1	
389	-1	
390	1	
391	1	
392	1	
393	-1	
394	1	
396	-1	
397	1	
398	1	
399	1	
400	-1	
401	-1	
402	-1	
403	-1	
404	-1	
405	1	
406	-1	
407	-1	
408	1	
409	-1	
410	-1	
411	1	
412	-1	
413	-1	
414	-1	
415	1	
416	1	
417	1	
418	1	
419	-1	
420	-1	
421	-1	
422	-1	
424	1	
425	-1	
426	-1	
427	-1	
428	-1	
429	1	
430	-1	
431	1	
432	1	
433	1	
434	-1	
435	1	
436	1	
437	-1	
438	1	
439	-1	
440	1	
441	1	
442	1	
443	1	
444	-1	
445	1	
446	1	
447	-1	
448	-1	
449	-1	
450	1	
451	1	
452	1	
453	-1	
454	-1	
455	-1	
456	-1	
457	-1	
458	-1	
459	1	
460	-1	
461	-1	
462	1	
463	1	
464	-1	
465	-1	
466	1	
467	1	
468	1	
469	-1	
470	-1	
471	-1	
472	1	
473	-1	
474	-1	
475	1	
476	-1	
477	-1	
478	1	
479	-1	
480	-1	
481	-1	
482	-1	
483	1	
484	-1	
485	1	
486	-1	
487	1	
488	1	
489	1	
490	1	
491	-1	
492	1	
493	-1	
494	1	
495	1	
496	-1	
497	-1	
498	1	
499	-1	
500	1	
501	-1	
502	1	
503	-1	
504	1	
505	-1	
506	1	
507	1	
508	-1	
509	1	
510	1	
511	-1	
Js:	
424	428	6	
428	436	3	
435	436	-3	
435	438	-6	
430	438	-3	
424	430	7	
88	92	-5	
91	92	-2	
91	95	-7	
89	95	-3	
89	94	-5	
88	94	5	
144	148	-4	
147	148	-4	
147	149	-6	
145	149	3	
145	150	4	
144	150	4	
384	388	-3	
387	388	6	
387	389	-3	
386	389	5	
386	390	-4	
384	390	5	
184	190	5	
186	190	-6	
186	250	-2	
250	253	-5	
248	253	3	
184	248	1	
256	262	-4	
259	262	-8	
259	323	-3	
323	324	-4	
320	324	4	
256	320	-1	
51	52	4	
52	60	-3	
56	60	-7	
56	62	6	
54	62	3	
51	54	-6	
458	460	-7	
459	460	5	
459	461	6	
457	461	4	
457	463	7	
458	463	5	
345	348	-1	
346	348	6	
346	350	-3	
347	350	3	
347	349	-6	
345	349	4	
305	311	-4	
306	311	6	
306	370	3	
370	375	5	
369	375	5	
305	369	4	
338	341	-4	
339	341	-4	
339	342	6	
337	342	-5	
337	343	-4	
338	343	-3	
475	476	-4	
476	484	-3	
483	484	5	
483	485	-6	
477	485	3	
475	477	6	
40	44	-7	
42	44	3	
42	46	-6	
43	46	3	
43	45	-5	
40	45	-3	
464	468	4	
466	468	5	
466	471	4	
465	471	-7	
465	470	-2	
464	470	-4	
114	119	-4	
115	119	3	
115	179	4	
179	181	4	
178	181	4	
114	178	-2	
202	205	2	
205	213	-3	
210	213	-2	
210	214	5	
206	214	-3	
202	206	6	
496	501	-3	
501	509	-2	
507	509	-4	
507	511	8	
503	511	-3	
496	503	-4	
155	158	-2	
158	166	3	
163	166	-4	
163	167	4	
159	167	-3	
155	159	5	
233	239	-4	
234	239	3	
234	298	5	
298	303	-4	
297	303	4	
233	297	-4	
19	21	4	
21	29	3	
24	29	5	
24	31	-5	
23	31	2	
19	23	4	
266	268	-3	
267	268	6	
267	270	3	
265	270	-5	
265	269	-2	
266	269	4	
32	39	5	
34	39	4	
34	98	-2	
98	100	-7	
96	100	-6	
32	96	3	
274	278	-4	
278	286	4	
283	286	2	
283	287	-7	
279	287	2	
274	279	-3	
8	12	3	
11	12	6	
11	13	-6	
9	13	-7	
9	15	-4	
8	15	-6	
488	493	5	
489	493	4	
489	494	-6	
491	494	5	
491	495	7	
488	495	-4	
192	197	-4	
194	197	3	
194	198	-7	
193	198	-5	
193	199	-5	
192	199	3	
224	228	4	
225	228	-4	
225	230	-4	
227	230	-7	
227	231	3	
224	231	-5	
352	356	3	
354	356	4	
354	358	7	
355	358	-6	
355	357	4	
352	357	6	
65	69	5	
66	69	5	
66	71	5	
64	71	-5	
64	70	-5	
65	70	4	
120	125	5	
123	125	-4	
123	126	5	
121	126	-5	
121	127	-5	
120	127	6	
73	77	-5	
74	77	-2	
74	78	6	
75	78	3	
75	79	4	
73	79	-5	
168	172	-3	
171	172	6	
171	173	4	
170	173	-4	
170	174	-7	
168	174	4	
330	333	-5	
331	333	-6	
331	334	5	
328	334	5	
328	335	-2	
330	335	5	
81	85	-3	
83	85	-4	
83	86	-3	
82	86	5	
82	87	3	
81	87	5	
289	293	-3	
291	293	7	
291	295	-3	
288	295	-5	
288	294	-4	
289	294	-5	
218	220	-5	
219	220	2	
219	223	4	
216	223	3	
216	222	4	
218	222	5	
241	244	4	
243	244	4	
243	247	-4	
240	247	5	
240	245	-3	
241	245	4	
378	380	-2	
379	380	5	
379	443	-4	
443	446	-6	
442	446	-4	
378	442	-3	
361	365	-7	
363	365	5	
363	427	2	
427	429	4	
425	429	5	
361	425	3	
394	397	-2	
397	405	-3	
401	405	4	
401	407	-4	
399	407	3	
394	399	6	
105	108	-4	
106	108	5	
106	110	6	
107	110	3	
107	109	-6	
105	109	4	
128	133	4	
130	133	5	
130	134	3	
131	134	-5	
131	135	-5	
128	135	-6	
410	412	-2	
412	420	-2	
417	420	5	
417	421	-3	
413	421	-2	
410	413	-3	
312	316	-6	
315	316	3	
315	318	-5	
314	318	-4	
314	317	-2	
312	317	-3	
376	382	2	
377	382	6	
377	441	-2	
441	444	5	
440	444	4	
376	440	3	
499	500	6	
500	508	2	
506	508	-4	
506	510	-4	
502	510	-3	
499	502	4	
450	452	-6	
451	452	-2	
451	453	7	
449	453	-3	
449	455	-3	
450	455	5	
472	478	-5	
478	486	-2	
480	486	-5	
480	487	6	
479	487	2	
472	479	4	
1	4	5	
3	4	-6	
3	5	-5	
0	5	-5	
0	6	5	
1	6	4	
137	142	-3	
139	142	-3	
139	203	6	
203	204	2	
201	204	-6	
137	201	6	
185	189	3	
187	189	-6	
187	251	-1	
251	254	5	
249	254	-4	
185	249	2	
232	238	-4	
235	238	6	
235	299	-2	
299	302	-3	
296	302	7	
232	296	3	
154	156	3	
156	164	1	
161	164	3	
161	165	5	
157	165	3	
154	157	-7	
208	212	-5	
211	212	4	
211	275	1	
275	276	5	
272	276	-4	
208	272	-2	
393	396	-4	
396	404	1	
403	404	-5	
403	406	-3	
398	406	3	
393	398	4	
48	53	3	
53	61	3	
59	61	-5	
59	63	4	
55	63	3	
48	55	6	
257	260	4	
258	260	-6	
258	322	2	
322	326	3	
321	326	-4	
257	321	-2	
112	117	-3	
113	117	2	
113	177	-2	
177	183	4	
176	183	4	
112	176	-2	
16	20	7	
20	28	-2	
26	28	4	
26	30	-4	
22	30	3	
16	22	4	
33	38	6	
35	38	4	
35	99	-3	
99	101	5	
97	101	-5	
33	97	-2	
304	310	2	
307	310	-3	
307	371	3	
371	373	6	
368	373	4	
304	368	4	
281	284	-4	
282	284	-6	
282	285	-4	
280	285	5	
280	286	-5	
281	286	5	
434	437	-3	
437	445	5	
443	445	-4	
443	447	2	
439	447	-6	
434	439	-3	
408	413	4	
411	413	5	
411	415	-2	
409	415	7	
409	414	-3	
408	414	3	
353	356	4	
356	364	4	
362	364	7	
362	367	-7	
359	367	4	
353	359	-4	
136	141	5	
138	141	-5	
138	202	-4	
202	207	-5	
200	207	5	
136	200	4	
417	422	5	
418	422	6	
418	482	5	
482	486	-6	
481	486	2	
417	481	5	
297	300	4	
300	308	-2	
307	308	-5	
307	309	-3	
301	309	-2	
297	301	-6	
226	228	5	
228	236	3	
233	236	2	
233	237	5	
229	237	-3	
226	229	6	
80	84	7	
84	92	-3	
90	92	-4	
90	93	-5	
85	93	-4	
80	85	-3	
209	215	4	
210	215	5	
210	274	3	
274	277	-4	
273	277	4	
209	273	2	
264	271	-4	
265	271	-5	
265	329	-5	
329	332	-5	
328	332	4	
264	328	5	
129	132	4	
131	132	-6	
131	195	3	
195	196	5	
193	196	4	
129	193	3	
67	68	7	
68	76	4	
72	76	-5	
72	77	3	
69	77	-6	
67	69	-2	
152	157	-5	
153	157	3	
153	217	3	
217	221	4	
216	221	-5	
152	216	-3	
456	461	-5	
461	469	-3	
467	469	5	
467	470	5	
462	470	-3	
456	462	3	
99	102	-4	
102	110	-5	
104	110	3	
104	111	-6	
103	111	4	
99	103	6	
336	340	-3	
340	348	-4	
344	348	-6	
344	351	-2	
343	351	5	
336	343	-5	
384	391	4	
385	391	5	
385	449	-3	
449	454	-6	
448	454	-2	
384	448	-3	
425	431	4	
426	431	6	
426	490	4	
490	492	-4	
489	492	3	
425	489	4	
27	28	-5	
28	36	-3	
32	36	4	
32	37	7	
29	37	1	
27	29	-5	
49	52	4	
50	52	-3	
50	114	3	
114	118	-5	
113	118	-5	
49	113	-6	
179	180	-5	
180	188	4	
185	188	5	
185	191	-5	
183	191	-2	
179	183	2	
433	438	3	
434	438	6	
434	498	6	
498	501	5	
497	501	-4	
433	497	6	
2	4	5	
4	12	2	
10	12	6	
10	14	5	
6	14	3	
2	6	-6	
249	252	6	
250	252	-4	
250	314	-2	
314	319	6	
313	319	5	
249	313	3	
162	164	6	
164	172	-2	
169	172	-3	
169	175	-6	
167	175	3	
162	167	-3	
176	182	3	
178	182	4	
178	242	-4	
242	246	-5	
240	246	4	
176	240	-5	
136	142	6	
142	150	-3	
146	150	-2	
146	151	-4	
143	151	3	
136	143	2	
369	372	-3	
371	372	-4	
371	374	5	
370	374	-4	
290	292	3	
291	292	-4	
290	294	5	
41	44	4	
41	45	7	
42	45	-3	
42	47	-6	
40	47	3	
473	477	4	
475	478	-4	
474	478	5	
474	479	-5	
473	479	-4	
17	21	4	
19	22	-5	
18	22	-4	
18	23	-5	
17	23	4	
57	61	-5	
58	61	-5	
58	63	5	
59	62	-4	
57	62	4	
400	404	4	
402	404	-4	
402	407	-5	
401	406	-5	
400	406	-5	
504	508	6	
505	508	-5	
505	511	-3	
507	510	3	
504	510	-4	
321	324	7	
323	325	4	
322	325	5	
322	327	-6	
321	327	4	
256	260	5	
258	263	5	
259	263	5	
259	261	-4	
256	261	-4	
112	116	-4	
116	124	-7	
123	124	-5	
118	126	-4	
112	118	-3	
416	420	4	
419	420	-6	
419	422	-1	
418	421	6	
416	421	-3	
376	380	5	
377	380	-6	
379	382	4	
379	383	3	
376	383	5	
160	165	4	
161	225	3	
225	229	3	
224	229	-5	
160	224	2	
392	397	-4	
393	397	5	
393	399	5	
394	398	-6	
392	398	-3	
248	255	4	
251	255	6	
251	315	-2	
248	312	-3	
432	437	6	
440	445	-4	
440	447	3	
432	439	5	
25	31	7	
26	31	5	
26	90	4	
90	94	4	
25	89	-4	
280	284	3	
283	285	3	
280	287	-3	
344	350	3	
345	350	7	
345	409	3	
408	415	-6	
344	408	2	
73	76	3	
74	76	-3	
72	78	-3	
72	79	3	
104	108	-3	
105	169	2	
168	175	-3	
104	168	3	
238	246	-2	
243	246	3	
239	247	-2	
235	239	6	
98	101	5	
101	109	3	
107	111	3	
98	103	2	
467	468	-4	
464	469	-5	
464	471	-6	
275	277	4	
275	339	-3	
273	337	3	
147	211	-4	
211	214	4	
209	214	2	
145	209	-5	
448	453	-4	
451	455	4	
450	454	-3	
219	222	4	
222	230	2	
223	231	-4	
427	430	-5	
427	491	-3	
491	492	4	
488	492	-5	
424	488	3	
296	301	5	
306	309	2	
306	310	6	
302	310	3	
197	205	4	
200	205	4	
200	206	3	
198	206	2	
66	130	2	
130	132	-4	
128	132	-4	
64	128	1	
353	357	6	
355	359	3	
352	358	-4	
386	388	3	
387	391	-3	
385	389	-4	
330	332	-3	
331	335	-3	
329	335	6	
268	276	4	
272	278	-5	
270	278	-1	
177	181	-4	
181	189	-3	
184	189	-6	
182	190	3	
177	182	4	
432	436	-4	
433	436	-5	
497	502	4	
496	502	5	
432	496	-3	
137	143	5	
139	143	5	
203	207	4	
201	207	-1	
81	84	4	
82	84	-2	
83	87	5	
50	53	6	
50	54	5	
49	54	-2	
49	55	4	
8	13	-4	
11	14	2	
10	15	-4	
88	95	4	
91	155	-2	
155	156	5	
152	156	4	
88	152	-2	
480	485	3	
485	493	2	
490	493	5	
490	495	-3	
487	495	-2	
33	37	-5	
34	37	5	
34	38	-6	
35	39	-5	
33	39	4	
456	460	-5	
459	463	3	
457	462	4	
1	5	6	
3	67	5	
65	68	-3	
1	65	-3	
299	303	6	
299	363	-3	
363	367	-6	
298	362	-2	
115	116	-3	
121	124	2	
121	125	3	
117	125	6	
115	117	-5	
442	444	3	
442	506	-3	
506	509	-5	
505	509	-3	
441	505	3	
212	220	4	
218	221	-2	
213	221	-3	
208	213	-3	
338	340	-3	
338	402	4	
402	405	-3	
400	405	3	
336	400	4	
234	236	3	
236	244	3	
242	244	-5	
242	245	-4	
237	245	-3	
234	237	5	
257	261	-5	
261	269	-4	
266	271	-4	
263	271	3	
257	263	-4	
346	349	2	
347	411	3	
411	414	3	
410	414	-7	
346	410	-4	
361	364	-4	
364	372	1	
368	372	4	
365	373	-3	
162	165	-3	
165	173	-2	
166	174	-1	
162	166	5	
148	156	-3	
154	159	4	
151	159	3	
144	151	-4	
57	60	-4	
57	121	3	
56	120	1	
305	310	1	
310	318	-5	
313	318	3	
311	319	-5	
129	133	-5	
133	141	-1	
138	142	-4	
134	142	3	
129	134	-4	
473	476	-4	
474	476	-4	
474	477	2	
472	477	5	
425	428	-3	
426	429	4	
424	431	-2	
288	292	-2	
290	295	-4	
290	293	-4	
288	293	2	
435	437	3	
435	499	5	
498	500	4	
192	196	-5	
195	199	3	
194	199	-5	
192	198	3	
41	47	-2	
97	102	4	
96	102	3	
320	325	-5	
325	333	-3	
326	334	-4	
320	326	-6	
17	20	-4	
17	81	5	
16	80	3	
419	483	5	
481	484	-6	
184	188	3	
187	188	3	
187	190	-3	
186	191	-5	
184	191	5	
24	28	4	
25	28	-2	
25	30	-4	
27	30	5	
304	308	4	
308	316	4	
314	316	3	
309	317	-4	
304	309	6	
251	253	-5	
250	255	5	
250	254	2	
248	254	5	
153	158	6	
160	166	-3	
160	167	5	
153	159	-2	
388	396	-6	
392	396	6	
390	398	-4	
387	390	3	
374	382	-5	
378	382	-3	
378	383	-7	
375	383	-3	
371	375	-2	
2	66	-4	
66	70	3	
0	64	-4	
440	446	-4	
443	507	-2	
504	511	2	
440	504	2	
51	55	-2	
51	115	3	
113	119	-4	
176	180	-3	
177	180	-3	
177	241	3	
241	247	3	
494	502	-4	
497	503	5	
495	503	3	
219	221	-5	
219	283	2	
281	287	3	
217	281	-4	
416	422	6	
416	480	5	
226	230	4	
230	238	-2	
232	239	3	
231	239	2	
226	231	-3	
346	351	-4	
347	351	-3	
411	412	6	
264	269	4	
269	277	-2	
273	279	3	
271	279	-3	
448	452	6	
452	460	-1	
455	463	3	
448	455	-5	
13	21	-2	
18	21	-4	
15	23	-2	
144	149	-4	
146	149	-4	
146	210	-2	
208	215	2	
144	208	3	
403	467	6	
465	468	4	
401	465	-3	
258	262	-3	
323	327	-3	
106	109	-4	
107	171	-4	
170	172	4	
106	170	3	
289	292	-4	
292	300	-5	
299	300	2	
295	303	-2	
289	295	4	
34	36	-3	
35	37	-3	
58	60	5	
131	133	3	
128	134	3	
129	135	3	
200	204	4	
204	212	1	
209	212	3	
209	213	4	
74	79	-4	
75	139	-3	
138	143	5	
74	138	-2	
88	93	2	
91	93	5	
90	95	3	
339	340	-3	
344	349	4	
341	349	-3	
244	252	-3	
249	253	2	
245	253	5	
97	103	-3	
99	163	-1	
163	164	-5	
97	161	3	
324	332	3	
330	334	3	
492	500	-4	
499	501	-3	
493	501	-3	
18	20	4	
18	82	-3	
80	86	-5	
466	469	3	
306	308	3	
368	374	-4	
453	461	-2	
458	461	-2	
458	462	-2	
454	462	4	
451	454	5	
313	317	-3	
315	317	-6	
315	379	2	
313	377	4	
75	77	-4	
70	78	2	
217	223	3	
281	285	3	
216	280	3	
403	405	3	
403	407	4	
169	174	-5	
174	182	3	
178	183	5	
175	183	-3	
202	204	3	
202	266	-2	
266	270	-4	
201	265	-1	
44	52	-2	
46	54	3	
40	46	3	
435	439	1	
431	439	3	
427	431	5	
298	300	3	
298	302	4	
232	236	6	
232	237	2	
193	257	2	
192	256	3	
384	389	-4	
386	391	-4	
385	390	4	
504	509	-6	
505	510	4	
108	116	1	
114	116	4	
110	118	1	
105	110	-2	
336	342	2	
338	342	3	
73	137	-2	
137	141	-4	
72	136	3	
274	276	3	
275	279	5	
275	278	2	
145	148	4	
146	148	-5	
147	151	-2	
147	150	-4	
241	246	-2	
243	307	4	
307	311	2	
241	305	-4	
186	188	5	
186	189	-2	
363	364	4	
362	365	-3	
482	484	3	
482	485	4	
483	487	-3	
481	487	5	
409	473	-4	
472	476	3	
408	472	1	
119	127	5	
112	119	-4	
203	206	5	
211	215	4	
207	215	3	
290	354	2	
354	359	4	
352	359	-3	
288	352	-4	
441	447	5	
442	447	4	
89	92	5	
24	88	2	
9	14	5	
155	157	-3	
152	158	3	
420	428	-2	
426	428	-3	
421	429	2	
17	22	-3	
19	83	-3	
33	36	-3	
30	38	2	
168	173	5	
123	187	2	
187	191	-5	
121	185	2	
329	333	3	
327	335	-4	
320	327	3	
342	350	-2	
345	351	4	
369	433	-2	
368	432	-1	
312	319	2	
314	378	-5	
312	376	3	
98	162	-1	
160	164	-1	
96	160	-3	
218	282	-1	
282	286	-3	
330	394	-1	
394	396	3	
328	392	1	
489	495	3	
51	53	3	
56	61	2	
130	194	2	
411	475	-3	
410	474	2	
163	227	-3	
227	228	-3	
75	76	-4	
71	79	2	
67	71	4	
449	452	5	
450	453	-2	
264	268	2	
267	269	-4	
264	270	-5	
457	460	-1	
459	462	-4	
456	463	3	
43	44	-4	
43	47	5	
41	46	-4	
233	238	-4	
87	95	2	
401	404	-3	
404	412	-3	
408	412	-4	
405	413	4	
97	100	3	
100	108	4	
154	158	3	
154	218	-3	
217	220	-4	
193	197	1	
128	192	-2	
48	52	4	
9	12	2	
11	15	4	
8	14	4	
284	292	2	
287	295	-2	
282	287	3	
355	419	-2	
419	421	-4	
354	418	2	
0	4	-4	
272	279	4	
336	341	-3	
272	336	3	
370	372	4	
370	373	-3	
442	445	-3	
312	318	-3	
225	231	-3	
123	127	-2	
400	407	-3	
322	324	2	
178	180	-3	
507	508	3	
171	235	1	
235	236	-3	
168	232	-2	
145	151	4	
210	212	3	
89	93	3	
86	94	3	
361	367	3	
139	141	-3	
482	487	2	
475	479	3	
305	308	4	
313	316	4	
353	417	-2	
352	416	2	
277	285	-2	
41	105	3	
105	111	-5	
40	104	-4	
169	173	3	
173	181	2	
225	289	3	
224	288	-3	
481	485	2	
2	5	3	
393	457	-4	
392	456	4	
120	126	-4	
115	118	2	
251	252	-3	
260	268	-3	
267	271	3	
256	263	-3	
323	326	-3	
321	325	-3	
96	101	1	
96	103	-4	
433	439	2	
498	503	3	
73	78	-5	
357	365	2	
49	53	4	
48	112	-4	
441	446	-3	
240	304	2	
273	276	4	
274	338	3	
337	341	4	
490	494	2	
196	204	4	
201	205	-5	
195	197	6	
58	62	-5	
337	340	5	
347	348	2	
409	412	-3	
179	182	3	
227	291	2	
226	290	2	
377	383	2	
82	146	-3	
80	144	-1	
171	174	-2	
466	470	6	
402	466	4	
152	159	3	
155	219	-3	
35	36	-5	
36	44	2	
39	47	-2	
303	311	1	
217	222	2	
214	222	3	
389	397	6	
391	399	-4	
298	301	2	
488	494	-3	
50	55	-3	
372	380	4	
64	68	3	
66	68	-3	
67	70	-4	
135	143	2	
283	284	5	
257	262	-3	
163	165	3	
194	196	2	
10	13	-2	
26	29	3	
24	30	-2	
248	252	-4	
249	255	3	
57	63	-4	
59	123	-2	
406	414	-4	
267	331	3	
369	373	-4	
371	435	-2	
506	511	4	
499	503	-2	
322	386	-2	
321	385	2	
176	181	3	
82	85	4	
83	147	-2	
234	238	-4	
273	278	4	
169	233	-1	
19	20	-4	
16	21	-3	
16	23	3	
98	102	-3	
355	356	4	
203	205	-2	
27	91	-2	
427	428	-1	
424	429	-2	
426	430	2	
367	375	2	
48	54	1	
339	343	-3	
185	190	-3	
465	469	-4	
265	268	-2	
258	261	3	
81	86	-3	
120	124	4	
114	117	-4	
161	167	2	
285	293	1	
221	229	1	
218	223	4	
394	458	4	
195	198	3	
65	71	4	
65	129	1	
59	60	3	
473	478	4	
266	330	-3	
10	74	3	
8	72	3	
170	175	2	
153	156	-4	
150	158	-3	
443	444	2	
296	300	-4	
286	294	-1	
99	100	-1	
350	358	2	
351	359	2	
130	135	-4	
25	29	3	
387	451	-2	
216	220	-4	
211	213	3	
45	53	1	
332	340	-2	
334	342	-2	
179	243	2	
240	244	1	
259	260	2	
409	413	-2	
425	430	1	
272	277	4	
9	73	-2	
242	247	2	
369	374	-2	
368	375	3	
441	445	2	
246	254	-4	
92	100	-1	
93	101	1	
323	387	3	
283	347	1	
281	345	1	
289	353	-3	
299	301	-2	
297	361	-1	
43	107	-3	
468	476	2	
471	479	-2	
89	153	2	
172	180	2	
227	229	2	
83	84	3	
113	116	1	
201	206	-1	
282	346	-1	
280	344	1	
42	106	-2	
496	500	3	
3	6	4	
208	214	-3	
491	493	1	
262	270	2	
434	436	1	
436	444	-4	
438	446	-3	
331	332	-3	
333	341	-2	
410	415	2	
56	63	-4	
293	301	-3	
305	309	3	
339	403	1	
141	149	2	
291	294	-3	
5	13	1	
171	175	-3	
463	471	1	
64	69	-2	
328	333	3	
11	75	2	
386	450	2	
91	94	2	
296	303	-1	
243	245	1	
235	237	-2	
194	258	-1	
486	494	-2	
161	166	4	
32	38	-1	
385	388	2	
199	207	2	
315	319	2	
294	302	-2	
247	255	-2	
220	228	-1	
362	426	-1	
104	109	1	
14	22	-1	
27	31	1	
422	430	-2	
12	20	1	
460	468	-1	
370	434	1	
304	311	-2	
37	45	-1	
38	46	1	
354	357	-1	
76	84	1	
80	87	-1	
79	87	-2	
107	108	3	
106	111	2	
47	55	-2	
392	399	-2	
349	357	1	
433	437	2	
480	484	1	
407	415	1	
94	102	-1	
95	103	-1	
78	86	1	
353	358	1	
149	157	1	
429	437	-1	
320	384	-1	
215	223	2	
162	226	-2	
348	356	1	
337	401	1	
497	500	1	
483	486	1	
432	438	-1	
418	420	1	
297	302	1	
224	230	-1	
291	355	-1	
400	464	1	
329	334	1	
203	267	-1	
Energy:	-3792	
