NumberOfQubits	504	
NumberOfSubgraphs	420	
Serial	294	
PlantedSolution:	
0	1	
1	1	
2	1	
3	-1	
4	1	
5	1	
6	-1	
8	-1	
9	1	
10	1	
11	1	
12	1	
13	-1	
14	-1	
15	-1	
16	-1	
17	-1	
18	1	
19	-1	
20	-1	
21	-1	
22	-1	
23	1	
24	-1	
25	-1	
26	-1	
27	1	
28	1	
29	1	
30	1	
31	1	
32	1	
33	-1	
34	1	
35	-1	
36	1	
37	1	
38	-1	
39	-1	
40	1	
41	-1	
42	-1	
43	-1	
44	1	
45	-1	
46	1	
47	-1	
48	-1	
49	1	
50	1	
51	1	
52	-1	
53	1	
54	1	
55	-1	
56	-1	
57	1	
58	-1	
59	1	
60	1	
61	-1	
62	-1	
63	-1	
64	-1	
65	1	
66	1	
67	-1	
68	-1	
69	-1	
70	1	
71	1	
72	-1	
73	1	
74	1	
75	-1	
76	1	
77	1	
78	1	
79	1	
80	1	
81	1	
82	-1	
83	-1	
84	-1	
85	-1	
86	-1	
87	-1	
88	1	
89	1	
90	-1	
91	-1	
92	-1	
93	-1	
94	1	
95	-1	
96	1	
97	-1	
98	-1	
99	-1	
100	1	
101	1	
102	-1	
103	-1	
104	1	
105	-1	
106	1	
107	-1	
108	-1	
109	-1	
110	1	
111	-1	
112	1	
113	-1	
114	1	
115	-1	
116	-1	
117	-1	
118	-1	
119	1	
120	-1	
121	-1	
123	-1	
124	-1	
125	1	
126	-1	
127	1	
128	-1	
129	1	
130	-1	
131	-1	
132	1	
133	-1	
134	-1	
135	1	
136	-1	
137	-1	
138	1	
139	-1	
141	-1	
142	1	
143	-1	
144	-1	
145	-1	
146	-1	
147	1	
148	-1	
149	1	
150	1	
151	-1	
152	-1	
153	1	
154	-1	
155	-1	
156	1	
157	1	
158	1	
159	-1	
160	1	
161	-1	
162	-1	
163	-1	
164	-1	
165	-1	
166	1	
167	-1	
168	-1	
169	-1	
170	1	
171	-1	
172	1	
173	-1	
174	-1	
175	-1	
176	1	
177	-1	
178	-1	
179	1	
180	-1	
181	1	
182	-1	
183	-1	
184	1	
185	-1	
186	1	
187	1	
188	1	
189	1	
190	1	
191	1	
192	1	
193	-1	
194	1	
195	-1	
196	-1	
197	-1	
198	-1	
199	1	
200	-1	
201	-1	
202	1	
203	-1	
204	1	
205	1	
206	1	
207	1	
208	-1	
209	1	
210	1	
211	-1	
212	-1	
213	-1	
214	1	
215	-1	
216	-1	
217	-1	
218	1	
219	-1	
220	-1	
221	1	
222	1	
223	-1	
224	1	
225	-1	
226	-1	
227	-1	
228	-1	
229	-1	
230	-1	
231	-1	
232	-1	
233	-1	
234	-1	
235	-1	
236	1	
237	-1	
238	1	
239	-1	
240	1	
241	1	
242	-1	
243	-1	
244	1	
245	1	
246	1	
247	-1	
248	-1	
249	-1	
250	1	
251	1	
252	1	
253	1	
254	-1	
255	1	
256	1	
257	1	
258	-1	
259	1	
260	-1	
261	1	
262	1	
263	-1	
264	1	
265	1	
266	1	
267	1	
268	-1	
269	1	
270	-1	
271	-1	
272	-1	
273	1	
274	1	
275	1	
276	1	
277	1	
278	-1	
279	-1	
280	-1	
281	1	
282	-1	
283	-1	
284	1	
285	1	
286	-1	
287	-1	
288	1	
289	-1	
290	1	
291	1	
292	1	
293	1	
294	1	
295	-1	
296	-1	
297	1	
298	1	
299	1	
300	1	
301	-1	
302	-1	
303	-1	
304	1	
305	-1	
306	1	
307	1	
308	-1	
309	-1	
310	1	
311	1	
312	-1	
313	1	
314	1	
315	-1	
316	1	
317	1	
318	1	
319	-1	
320	1	
321	1	
322	-1	
323	-1	
324	1	
325	-1	
326	-1	
327	-1	
328	-1	
329	1	
330	-1	
331	1	
332	1	
333	1	
334	1	
335	1	
336	-1	
337	-1	
338	1	
339	-1	
340	1	
341	-1	
342	1	
343	1	
344	-1	
345	-1	
346	-1	
347	-1	
348	-1	
349	1	
350	1	
351	-1	
352	-1	
353	-1	
354	1	
355	1	
356	-1	
357	-1	
358	1	
359	1	
361	1	
362	-1	
363	1	
364	-1	
365	-1	
367	-1	
368	-1	
369	-1	
370	1	
371	1	
372	1	
373	-1	
374	-1	
375	-1	
376	-1	
377	-1	
378	-1	
379	-1	
380	-1	
382	1	
383	1	
384	-1	
385	-1	
386	-1	
387	-1	
388	-1	
389	1	
390	-1	
391	-1	
392	1	
393	1	
394	-1	
396	-1	
397	1	
398	1	
399	1	
400	1	
401	1	
402	-1	
403	-1	
404	1	
405	-1	
406	-1	
407	-1	
408	-1	
409	-1	
410	1	
411	-1	
412	1	
413	-1	
414	-1	
415	1	
416	1	
417	1	
418	-1	
419	-1	
420	-1	
421	1	
422	-1	
424	-1	
425	1	
426	-1	
427	-1	
428	-1	
429	-1	
430	-1	
431	-1	
432	-1	
433	1	
434	-1	
435	1	
436	1	
437	-1	
438	1	
439	-1	
440	-1	
441	1	
442	1	
443	1	
444	-1	
445	-1	
446	-1	
447	-1	
448	1	
449	-1	
450	1	
451	1	
452	1	
453	-1	
454	1	
455	1	
456	1	
457	-1	
458	-1	
459	-1	
460	-1	
461	-1	
462	-1	
463	1	
464	-1	
465	1	
466	1	
467	1	
468	1	
469	1	
470	-1	
471	1	
472	1	
473	-1	
474	1	
475	1	
476	1	
477	1	
478	-1	
479	1	
480	-1	
481	1	
482	-1	
483	1	
484	1	
485	1	
486	1	
487	-1	
488	1	
489	-1	
490	1	
491	1	
492	-1	
493	-1	
494	1	
495	1	
496	-1	
497	-1	
498	-1	
499	-1	
500	-1	
501	-1	
502	-1	
503	1	
504	1	
505	1	
506	-1	
507	1	
508	-1	
509	-1	
510	-1	
511	1	
Js:	
393	398	-4	
398	406	1	
400	406	3	
400	407	-2	
399	407	2	
393	399	-3	
465	468	2	
468	476	-1	
474	476	-4	
474	478	3	
470	478	-2	
465	470	1	
56	61	-3	
59	61	2	
59	63	2	
57	63	-3	
57	62	2	
56	62	-3	
27	30	-4	
30	38	1	
32	38	3	
32	39	2	
31	39	1	
27	31	4	
65	68	3	
67	68	-4	
67	70	-1	
66	70	-4	
66	71	-2	
65	71	-2	
97	100	3	
99	100	2	
99	163	-1	
163	167	1	
161	167	-4	
97	161	-2	
8	12	2	
10	12	-2	
10	15	2	
11	15	4	
11	14	3	
8	14	-2	
281	286	-2	
286	294	3	
290	294	-4	
290	295	3	
287	295	-2	
281	287	3	
248	255	2	
250	255	-3	
250	314	-1	
314	319	2	
312	319	-2	
248	312	1	
489	493	-3	
493	501	-1	
499	501	2	
499	502	-2	
494	502	1	
489	494	2	
457	460	-3	
459	460	3	
459	462	-2	
458	462	-2	
458	461	-4	
457	461	-3	
304	311	-4	
306	311	-3	
306	370	-2	
370	373	3	
368	373	-3	
304	368	-2	
232	238	3	
234	238	-1	
234	298	3	
298	301	3	
296	301	-2	
232	296	-3	
249	254	-4	
251	254	1	
251	315	1	
315	318	1	
313	318	-2	
249	313	-1	
224	228	3	
228	236	2	
235	236	2	
235	239	-3	
231	239	2	
224	231	3	
338	341	2	
341	349	2	
346	349	2	
346	351	-3	
343	351	-3	
338	343	-3	
40	47	3	
43	47	3	
43	107	-1	
107	108	-2	
104	108	2	
40	104	-1	
137	142	2	
139	142	3	
139	203	-1	
203	207	2	
201	207	2	
137	201	3	
169	174	-2	
174	182	-1	
176	182	2	
176	183	3	
175	183	2	
169	175	-2	
337	342	-2	
339	342	3	
339	403	-1	
403	404	2	
401	404	-3	
337	401	1	
384	389	2	
386	389	1	
386	390	-3	
387	390	2	
387	391	-3	
384	391	-3	
185	189	4	
186	189	3	
186	190	-2	
187	190	-1	
187	191	-2	
185	191	2	
152	157	3	
153	157	-3	
153	158	-1	
155	158	3	
155	159	2	
152	159	-3	
18	21	3	
19	21	-2	
19	22	-3	
17	22	2	
17	23	4	
18	23	-3	
377	380	-4	
378	380	-2	
378	383	3	
376	383	-2	
376	382	2	
377	382	2	
432	436	3	
434	436	-1	
434	438	3	
433	438	-1	
433	437	3	
432	437	-2	
73	76	-1	
75	76	3	
75	79	1	
74	79	-4	
74	78	2	
73	78	-2	
256	260	1	
260	268	-3	
264	268	2	
264	269	-2	
261	269	2	
256	261	-2	
48	52	-3	
51	52	-2	
51	54	-1	
50	54	-1	
50	53	-4	
48	53	1	
144	148	-2	
146	148	-3	
146	210	1	
210	213	3	
208	213	2	
144	208	-1	
409	412	1	
410	412	-3	
410	413	3	
411	413	-2	
411	414	-3	
409	414	2	
417	420	3	
418	420	-4	
418	482	-2	
482	486	3	
481	486	4	
417	481	-1	
217	220	-3	
219	220	-2	
219	222	-1	
218	222	-2	
218	221	-2	
217	221	3	
257	262	-3	
259	262	-2	
259	323	2	
323	326	1	
321	326	4	
257	321	-2	
424	428	-3	
427	428	-3	
427	430	-2	
425	430	-1	
425	429	2	
424	429	-2	
328	332	3	
330	332	3	
330	335	1	
331	335	-3	
331	334	4	
328	334	2	
81	86	1	
86	94	1	
89	94	-3	
89	95	3	
87	95	1	
81	87	2	
129	133	3	
130	133	-4	
130	134	-2	
131	134	1	
131	135	4	
129	135	-2	
299	300	-4	
300	308	-1	
307	308	1	
307	310	-3	
302	310	2	
299	302	1	
225	229	-2	
227	229	-3	
227	291	3	
291	292	3	
289	292	2	
225	289	-2	
177	181	-2	
179	181	-2	
179	243	2	
243	247	-2	
241	247	3	
177	241	2	
362	364	-3	
363	364	2	
363	365	3	
361	365	3	
361	367	-2	
362	367	-3	
274	276	-3	
275	276	2	
275	278	3	
272	278	-2	
272	279	-3	
274	279	3	
352	356	-1	
355	356	4	
355	358	-3	
354	358	-2	
354	357	-3	
352	357	-2	
441	444	1	
442	444	3	
442	445	2	
440	445	-2	
440	446	2	
441	446	3	
114	117	2	
117	125	2	
120	125	4	
120	127	1	
119	127	2	
114	119	-4	
24	29	3	
26	29	4	
26	90	-1	
90	93	-3	
88	93	-4	
24	88	1	
490	492	3	
492	500	1	
497	500	-2	
497	503	1	
495	503	-1	
490	495	-1	
449	452	2	
450	452	-3	
450	453	3	
451	453	3	
451	454	3	
449	454	1	
96	102	-2	
98	102	-1	
98	162	-1	
162	166	2	
160	166	-2	
96	160	-2	
280	285	4	
283	285	-1	
283	347	-1	
347	350	1	
344	350	3	
280	344	-2	
192	196	4	
195	196	-3	
195	198	2	
194	198	3	
194	199	-1	
192	199	-3	
504	508	3	
506	508	2	
506	510	-2	
505	510	2	
505	511	-1	
504	511	-2	
35	36	2	
36	44	-2	
42	44	4	
42	45	-3	
37	45	2	
35	37	2	
472	477	-2	
477	485	-2	
483	485	-2	
483	487	2	
479	487	-1	
472	479	-3	
2	4	-2	
3	4	2	
3	6	-3	
1	6	-4	
1	5	-2	
2	5	-4	
138	141	3	
141	149	2	
147	149	-2	
147	151	3	
143	151	1	
138	143	3	
200	204	2	
204	212	2	
211	212	-4	
211	214	3	
206	214	2	
200	206	4	
112	116	-1	
116	124	-2	
121	124	-3	
121	126	-3	
118	126	-2	
112	118	3	
202	205	-3	
203	205	2	
203	267	3	
267	270	-2	
266	270	2	
202	266	-2	
416	421	-3	
419	421	3	
419	483	-2	
483	484	-1	
480	484	3	
416	480	1	
106	109	3	
107	109	-2	
107	171	-4	
171	172	2	
170	172	2	
106	170	-4	
320	324	-2	
323	324	2	
323	325	-2	
322	325	-2	
322	327	-2	
320	327	-3	
466	468	1	
467	468	-3	
467	469	-2	
464	469	3	
464	471	2	
466	471	-3	
305	309	-3	
307	309	3	
307	371	-2	
371	374	2	
369	374	-3	
305	369	2	
394	396	-2	
396	404	1	
402	404	2	
402	405	-4	
397	405	2	
394	397	-3	
80	84	2	
82	84	-3	
82	87	-3	
83	87	1	
83	85	-2	
80	85	2	
240	244	-2	
244	252	-3	
248	252	-1	
248	253	3	
245	253	-3	
240	245	-3	
282	284	-3	
284	292	-2	
288	292	-2	
288	293	-3	
285	293	-1	
282	285	2	
233	237	-2	
234	237	-2	
298	303	-1	
297	303	3	
233	297	2	
90	92	-2	
91	92	-1	
91	155	-1	
155	156	2	
154	156	-2	
90	154	-1	
41	46	4	
46	54	-2	
49	54	-3	
49	55	2	
47	55	-1	
41	47	1	
193	197	-2	
194	197	3	
194	258	1	
258	263	-3	
257	263	2	
193	257	-1	
435	437	1	
437	445	2	
443	445	3	
443	447	1	
439	447	-2	
435	439	3	
336	340	2	
340	348	3	
345	348	-2	
345	351	-1	
336	343	2	
208	215	-3	
209	215	2	
209	273	-2	
273	277	3	
272	277	1	
208	272	-2	
97	102	-2	
102	110	2	
105	110	1	
105	111	-4	
103	111	-3	
97	103	2	
8	13	-3	
9	13	3	
9	73	-2	
73	77	-3	
72	77	-1	
8	72	-2	
162	164	-2	
164	172	2	
168	172	2	
168	173	-4	
165	173	-1	
162	165	2	
448	454	-2	
454	462	3	
456	462	-1	
456	463	-3	
455	463	-2	
448	455	-3	
64	69	-3	
65	69	3	
65	129	-1	
129	132	1	
128	132	5	
64	128	-1	
264	271	-2	
265	271	3	
265	329	-2	
329	333	-3	
328	333	2	
264	328	2	
178	180	-2	
180	188	-4	
184	188	-3	
184	191	-2	
183	191	2	
178	183	-1	
16	20	-3	
20	28	2	
25	28	4	
25	31	2	
23	31	1	
16	23	1	
216	222	-2	
222	230	2	
226	230	-1	
226	231	-2	
223	231	-1	
216	223	-3	
496	501	-4	
501	509	-2	
507	509	2	
507	511	-3	
503	511	-3	
496	503	-2	
408	415	3	
409	415	2	
409	473	-2	
473	479	2	
408	472	2	
385	388	-3	
388	396	-2	
392	396	3	
392	397	-2	
389	397	-2	
385	389	2	
424	431	-1	
427	431	-2	
427	491	-1	
491	493	2	
488	493	2	
424	488	2	
136	141	-2	
145	149	4	
145	150	1	
142	150	-1	
136	142	-3	
370	372	-1	
372	380	1	
379	380	-2	
379	383	3	
375	383	1	
370	375	-1	
352	359	-3	
353	359	2	
353	417	3	
417	422	2	
416	422	2	
352	416	1	
34	39	2	
34	98	-2	
98	101	3	
96	101	-2	
32	96	-2	
57	60	-2	
58	60	4	
58	63	-2	
56	63	-2	
176	181	-3	
178	181	-3	
178	242	-2	
242	246	3	
240	246	-2	
176	240	-2	
113	117	1	
115	117	-3	
115	119	2	
112	119	-2	
113	118	-4	
313	316	-2	
314	316	-3	
315	319	-2	
315	317	3	
313	317	2	
473	476	3	
475	478	3	
475	477	-3	
473	477	-1	
33	36	4	
40	44	2	
40	45	1	
33	37	3	
421	429	4	
426	429	-1	
426	430	-2	
422	430	3	
419	422	-1	
120	124	-2	
123	126	-2	
123	125	-3	
0	4	-4	
3	67	-3	
64	68	1	
0	64	3	
435	438	2	
435	499	2	
499	500	-2	
498	500	-3	
434	498	-3	
104	110	-3	
106	110	-1	
170	175	1	
168	175	-3	
104	168	-1	
154	158	2	
158	166	-2	
161	166	1	
159	167	2	
154	159	-2	
91	93	-1	
91	95	-4	
88	94	-1	
224	230	2	
225	230	2	
289	295	-2	
288	295	1	
224	288	-2	
72	76	3	
75	139	-2	
139	143	-2	
136	143	-3	
72	136	-2	
241	244	-2	
242	244	2	
242	247	-2	
243	245	2	
241	245	2	
322	324	3	
324	332	1	
329	332	-2	
329	335	-2	
327	335	2	
339	340	-1	
345	350	3	
342	350	-2	
265	270	2	
270	278	-1	
275	279	-1	
271	279	-1	
400	405	2	
401	405	1	
401	407	-2	
403	407	-2	
403	406	-1	
195	259	-1	
259	261	-3	
192	256	-1	
21	29	2	
26	30	1	
22	30	-1	
18	22	3	
9	12	-2	
11	12	-2	
11	13	1	
10	13	3	
10	14	-3	
9	14	1	
392	398	-3	
393	457	2	
456	460	3	
392	456	2	
480	485	3	
481	485	-3	
482	487	-3	
480	487	-2	
297	301	2	
299	301	1	
299	303	4	
296	303	1	
296	302	-2	
297	302	1	
131	132	1	
130	135	2	
128	134	4	
186	250	-3	
250	253	-2	
249	253	1	
185	249	-2	
82	86	-2	
83	86	2	
83	147	2	
147	150	-2	
146	150	4	
82	146	-1	
448	452	-4	
449	453	2	
449	455	4	
361	364	3	
364	372	1	
368	372	-1	
365	373	-2	
442	446	-1	
443	446	2	
443	507	-2	
506	509	-3	
442	506	2	
218	223	2	
218	282	3	
280	284	1	
216	280	-2	
304	308	2	
308	316	3	
312	316	3	
312	318	3	
310	318	-3	
304	310	2	
353	356	-2	
355	357	3	
354	359	-2	
201	205	3	
205	213	1	
210	215	3	
207	215	-1	
51	53	-3	
50	55	2	
48	55	-3	
411	412	3	
411	415	2	
408	413	2	
467	470	3	
466	470	-3	
386	388	2	
386	391	-2	
384	390	-2	
385	390	-2	
70	78	-2	
71	79	-3	
177	180	-3	
184	190	-2	
182	190	4	
177	182	-2	
232	237	-2	
233	239	2	
235	238	3	
153	156	-2	
156	164	-2	
163	164	-3	
163	165	-1	
157	165	2	
377	441	2	
441	447	2	
440	447	-4	
376	440	-2	
226	229	-2	
291	293	2	
290	293	-2	
226	290	1	
425	431	2	
426	431	-3	
426	490	1	
490	494	3	
425	489	2	
274	277	-2	
274	338	-2	
337	341	-3	
273	337	3	
219	283	-2	
283	287	1	
217	281	1	
321	325	2	
325	333	2	
330	333	2	
330	334	-1	
326	334	1	
81	85	4	
81	145	-2	
145	151	-2	
144	151	-3	
80	144	1	
100	108	2	
105	108	2	
99	103	-3	
433	436	-2	
433	497	-3	
497	502	-2	
496	502	-1	
432	496	-2	
1	4	-2	
2	6	2	
0	6	-1	
371	375	3	
369	375	-2	
258	260	-3	
267	268	-2	
267	271	1	
263	271	-2	
346	348	-3	
347	348	-2	
347	349	2	
344	349	2	
346	350	-1	
35	39	-3	
34	38	2	
33	38	1	
17	20	-3	
19	23	2	
16	22	-2	
192	197	2	
193	198	3	
193	199	2	
59	60	-2	
57	61	2	
58	61	-3	
169	173	-2	
171	174	2	
171	175	-2	
43	44	-2	
43	46	2	
41	45	-4	
505	508	3	
504	509	2	
24	28	3	
27	29	-1	
488	492	-2	
490	493	2	
491	495	-4	
488	495	-1	
461	469	1	
465	469	-2	
465	471	2	
463	471	-1	
458	463	3	
113	116	-3	
115	116	-2	
114	118	2	
249	252	2	
251	252	-2	
251	255	-3	
250	254	-1	
363	367	2	
363	427	-1	
426	428	-1	
362	426	-2	
121	127	3	
123	127	2	
123	187	2	
187	189	-2	
121	185	1	
137	143	-3	
138	202	-2	
402	407	-1	
394	399	4	
370	374	3	
368	374	-2	
266	268	2	
268	276	1	
269	277	1	
266	269	-2	
353	358	3	
354	418	-1	
378	382	-2	
379	382	2	
379	443	1	
443	444	3	
378	442	1	
209	213	-2	
213	221	2	
217	222	2	
214	222	-1	
209	214	-2	
99	101	2	
101	109	3	
104	109	-2	
99	102	-1	
475	476	-2	
476	484	1	
481	484	-2	
433	439	1	
434	439	-1	
69	77	-2	
73	79	-1	
64	71	2	
234	236	2	
234	239	-2	
81	84	1	
84	92	-1	
89	92	2	
89	93	-1	
85	93	-1	
387	451	-1	
451	452	-2	
384	448	1	
243	246	2	
283	284	3	
291	294	-1	
283	286	-2	
256	262	-3	
320	326	3	
256	320	1	
334	342	-1	
336	342	2	
335	343	-1	
152	156	1	
160	164	1	
152	158	2	
49	53	2	
51	115	3	
49	113	2	
232	236	1	
233	236	2	
297	300	-1	
296	300	-2	
314	317	1	
315	379	-2	
314	378	2	
344	351	2	
347	351	-1	
347	411	-1	
408	414	-3	
344	408	-1	
9	15	2	
130	132	3	
129	134	3	
459	463	2	
456	461	1	
67	69	-1	
1	65	-2	
305	310	1	
313	319	-2	
311	319	2	
305	311	2	
266	330	-1	
74	76	1	
74	138	-1	
498	502	-2	
502	510	-2	
504	510	-2	
498	503	1	
83	84	-2	
80	86	1	
80	87	2	
49	52	1	
52	60	1	
59	62	-2	
54	62	2	
293	301	-1	
298	302	3	
294	302	1	
357	365	-1	
359	367	2	
177	183	-1	
98	100	2	
96	103	1	
419	420	-3	
169	172	1	
105	169	-3	
403	467	2	
402	466	2	
386	450	1	
450	455	-2	
385	449	-1	
425	428	2	
489	492	-2	
160	165	1	
160	167	3	
196	204	2	
203	204	2	
199	207	-3	
195	199	-1	
273	278	-1	
275	339	2	
339	341	-2	
179	180	2	
186	188	-2	
179	182	3	
88	92	2	
90	94	3	
91	94	2	
88	95	2	
229	237	-2	
235	237	-2	
230	238	2	
216	220	1	
218	220	1	
123	124	-1	
120	184	-1	
259	260	1	
258	322	1	
435	436	-2	
436	444	2	
440	444	1	
401	406	2	
401	465	-1	
464	468	2	
400	464	3	
345	349	2	
346	410	1	
409	413	-2	
345	409	1	
441	445	1	
438	446	2	
432	438	2	
267	331	-1	
331	333	-1	
306	308	2	
312	317	2	
309	317	2	
306	309	-1	
50	114	-3	
48	112	2	
453	461	-2	
457	462	-1	
19	20	2	
16	21	-2	
247	255	-2	
472	476	1	
474	479	-1	
475	479	-1	
472	478	2	
369	372	2	
371	372	2	
371	373	1	
210	212	-1	
208	214	1	
278	286	-2	
279	287	-2	
35	38	-2	
38	46	1	
39	47	-1	
26	28	1	
26	31	3	
24	30	2	
197	205	1	
200	205	2	
198	206	2	
0	5	-2	
2	66	-2	
64	70	2	
427	429	-1	
163	227	2	
227	228	-3	
226	228	-1	
162	226	-3	
480	486	1	
486	494	-1	
491	494	-2	
487	495	-2	
292	300	1	
295	303	-1	
75	77	-1	
73	137	1	
106	111	1	
170	173	-1	
155	219	-2	
219	223	1	
154	218	2	
272	276	-1	
338	340	-3	
272	336	-1	
145	148	1	
148	156	1	
149	157	-1	
323	327	-2	
323	387	-1	
387	389	1	
320	384	1	
32	36	2	
34	37	-2	
496	500	-1	
500	508	1	
505	509	1	
356	364	1	
355	359	-1	
248	254	-2	
246	254	-2	
131	133	-3	
128	135	2	
410	415	-2	
257	261	-2	
259	263	1	
256	263	-2	
41	44	1	
42	47	-1	
376	380	-1	
120	126	-1	
66	68	1	
68	76	-1	
75	78	1	
170	174	2	
289	293	1	
289	353	-1	
352	358	2	
288	352	-1	
216	221	1	
215	223	-1	
321	324	2	
322	386	-1	
321	385	1	
507	510	2	
499	503	2	
25	29	-2	
17	21	-1	
361	425	1	
451	455	-1	
368	375	-2	
202	206	-2	
266	271	1	
200	264	2	
483	486	-1	
473	478	-2	
471	479	-2	
209	212	2	
211	275	1	
275	277	-1	
336	341	1	
187	251	-2	
393	396	2	
394	398	-1	
417	421	1	
418	422	-2	
173	181	2	
331	332	-1	
405	413	-1	
406	414	-2	
402	406	-1	
18	82	-1	
16	80	2	
434	437	-2	
282	286	-1	
282	287	1	
305	308	-1	
315	316	-1	
194	196	1	
195	197	-2	
488	494	-1	
377	383	1	
220	228	-1	
227	230	1	
137	141	-1	
139	141	-2	
35	99	-1	
98	103	-1	
108	116	1	
110	118	1	
507	508	1	
201	204	1	
267	269	1	
265	269	-2	
201	265	1	
161	165	-1	
225	231	-2	
161	225	-2	
74	77	-2	
56	60	1	
44	52	1	
48	54	-1	
42	46	2	
147	148	1	
144	150	-2	
281	284	-1	
280	286	2	
281	285	-2	
25	30	1	
27	91	-1	
25	89	1	
354	356	2	
8	15	1	
452	460	1	
459	461	-1	
432	439	-1	
320	325	2	
262	270	1	
258	262	-1	
153	159	1	
219	221	2	
153	217	1	
384	388	1	
387	388	-2	
474	477	1	
424	430	-2	
367	375	-1	
224	229	-1	
112	117	2	
404	412	-2	
407	415	1	
240	247	1	
166	174	1	
163	166	2	
482	484	2	
484	492	1	
491	492	1	
202	207	-2	
76	84	1	
78	86	1	
72	78	-2	
33	97	-1	
96	100	-1	
210	274	1	
185	190	1	
179	183	-1	
393	397	-1	
457	463	1	
43	45	-2	
40	46	-1	
441	505	-1	
440	504	-1	
301	309	1	
104	111	1	
273	276	-1	
469	477	-1	
291	295	1	
288	294	-1	
152	216	-1	
321	327	-1	
312	376	-1	
58	62	-1	
55	63	1	
416	420	-1	
420	428	-1	
114	116	1	
242	306	1	
241	305	-1	
138	142	-1	
313	377	1	
299	363	-2	
297	361	1	
391	399	1	
385	391	-1	
172	180	1	
458	460	-1	
460	468	-1	
462	470	-1	
281	345	-1	
184	189	1	
184	248	1	
337	340	1	
339	343	1	
32	37	-1	
33	39	1	
160	224	1	
66	69	-1	
77	85	1	
79	87	-1	
489	495	1	
329	334	-1	
328	335	1	
236	244	-1	
238	246	1	
408	412	-1	
131	195	-1	
130	194	-1	
498	501	-1	
144	149	1	
146	151	-1	
106	108	-1	
154	157	1	
51	55	-1	
506	511	1	
208	212	-1	
210	214	-1	
369	373	1	
202	204	1	
107	111	1	
258	261	1	
466	469	1	
187	188	-1	
251	253	1	
19	83	1	
232	239	1	
418	421	1	
57	121	-1	
121	125	1	
56	120	-1	
410	474	1	
390	398	1	
14	22	-1	
15	23	1	
314	318	-1	
442	447	-1	
450	454	1	
322	326	-1	
67	71	1	
65	70	1	
306	310	1	
307	311	-1	
24	31	1	
298	300	-1	
362	365	1	
298	362	1	
274	278	1	
280	287	-1	
411	475	1	
353	357	-1	
355	419	-1	
Energy:	-1724	
