NumberOfQubits	504	
NumberOfSubgraphs	756	
Serial	80	
PlantedSolution:	
0	1	
1	-1	
2	-1	
3	1	
4	1	
5	1	
6	-1	
8	1	
9	-1	
10	-1	
11	1	
12	-1	
13	-1	
14	-1	
15	1	
16	1	
17	-1	
18	-1	
19	1	
20	1	
21	1	
22	-1	
23	1	
24	-1	
25	-1	
26	1	
27	-1	
28	-1	
29	-1	
30	-1	
31	1	
32	-1	
33	-1	
34	-1	
35	-1	
36	-1	
37	1	
38	1	
39	-1	
40	1	
41	1	
42	-1	
43	-1	
44	1	
45	1	
46	1	
47	1	
48	1	
49	1	
50	1	
51	-1	
52	1	
53	-1	
54	-1	
55	-1	
56	1	
57	1	
58	-1	
59	1	
60	1	
61	-1	
62	-1	
63	1	
64	-1	
65	1	
66	1	
67	-1	
68	1	
69	-1	
70	-1	
71	-1	
72	-1	
73	-1	
74	-1	
75	1	
76	1	
77	-1	
78	1	
79	-1	
80	1	
81	-1	
82	-1	
83	-1	
84	1	
85	-1	
86	-1	
87	1	
88	-1	
89	-1	
90	-1	
91	-1	
92	1	
93	-1	
94	-1	
95	-1	
96	1	
97	1	
98	1	
99	-1	
100	-1	
101	-1	
102	-1	
103	1	
104	1	
105	-1	
106	-1	
107	1	
108	-1	
109	-1	
110	-1	
111	1	
112	-1	
113	-1	
114	1	
115	-1	
116	-1	
117	1	
118	1	
119	-1	
120	1	
121	1	
123	-1	
124	-1	
125	1	
126	-1	
127	1	
128	1	
129	-1	
130	-1	
131	-1	
132	-1	
133	1	
134	1	
135	1	
136	-1	
137	-1	
138	-1	
139	-1	
141	-1	
142	-1	
143	-1	
144	1	
145	-1	
146	1	
147	1	
148	-1	
149	-1	
150	1	
151	1	
152	1	
153	1	
154	-1	
155	1	
156	-1	
157	1	
158	-1	
159	-1	
160	1	
161	1	
162	1	
163	-1	
164	1	
165	-1	
166	-1	
167	1	
168	1	
169	1	
170	-1	
171	1	
172	1	
173	1	
174	-1	
175	1	
176	-1	
177	1	
178	1	
179	-1	
180	1	
181	1	
182	1	
183	1	
184	1	
185	-1	
186	1	
187	1	
188	-1	
189	-1	
190	1	
191	-1	
192	-1	
193	-1	
194	1	
195	1	
196	1	
197	-1	
198	-1	
199	1	
200	1	
201	-1	
202	-1	
203	1	
204	-1	
205	1	
206	1	
207	-1	
208	1	
209	1	
210	1	
211	1	
212	-1	
213	1	
214	1	
215	1	
216	1	
217	1	
218	1	
219	1	
220	-1	
221	1	
222	-1	
223	1	
224	-1	
225	-1	
226	-1	
227	-1	
228	1	
229	1	
230	-1	
231	-1	
232	-1	
233	-1	
234	-1	
235	1	
236	1	
237	1	
238	1	
239	1	
240	-1	
241	-1	
242	1	
243	-1	
244	-1	
245	-1	
246	-1	
247	-1	
248	-1	
249	-1	
250	1	
251	-1	
252	1	
253	1	
254	-1	
255	-1	
256	1	
257	1	
258	1	
259	1	
260	1	
261	1	
262	-1	
263	-1	
264	1	
265	-1	
266	-1	
267	1	
268	1	
269	1	
270	1	
271	1	
272	-1	
273	-1	
274	1	
275	-1	
276	1	
277	-1	
278	1	
279	-1	
280	-1	
281	1	
282	-1	
283	1	
284	1	
285	-1	
286	-1	
287	-1	
288	1	
289	-1	
290	-1	
291	-1	
292	-1	
293	1	
294	-1	
295	-1	
296	-1	
297	-1	
298	1	
299	-1	
300	1	
301	1	
302	1	
303	-1	
304	-1	
305	-1	
306	1	
307	1	
308	-1	
309	-1	
310	-1	
311	1	
312	1	
313	1	
314	-1	
315	1	
316	-1	
317	1	
318	1	
319	1	
320	-1	
321	1	
322	1	
323	1	
324	-1	
325	-1	
326	-1	
327	-1	
328	-1	
329	-1	
330	1	
331	-1	
332	-1	
333	1	
334	-1	
335	1	
336	-1	
337	-1	
338	-1	
339	-1	
340	-1	
341	1	
342	-1	
343	1	
344	-1	
345	1	
346	-1	
347	-1	
348	1	
349	1	
350	1	
351	-1	
352	-1	
353	-1	
354	1	
355	1	
356	-1	
357	-1	
358	1	
359	-1	
361	-1	
362	-1	
363	1	
364	-1	
365	-1	
367	-1	
368	-1	
369	1	
370	-1	
371	1	
372	1	
373	1	
374	1	
375	-1	
376	-1	
377	-1	
378	1	
379	-1	
380	1	
382	1	
383	1	
384	1	
385	1	
386	-1	
387	-1	
388	1	
389	1	
390	-1	
391	1	
392	1	
393	1	
394	1	
396	-1	
397	1	
398	1	
399	1	
400	-1	
401	-1	
402	-1	
403	1	
404	-1	
405	1	
406	-1	
407	-1	
408	-1	
409	1	
410	-1	
411	-1	
412	1	
413	1	
414	-1	
415	-1	
416	-1	
417	1	
418	1	
419	1	
420	-1	
421	-1	
422	1	
424	-1	
425	1	
426	-1	
427	1	
428	1	
429	1	
430	-1	
431	-1	
432	-1	
433	1	
434	-1	
435	1	
436	1	
437	1	
438	1	
439	1	
440	1	
441	1	
442	-1	
443	1	
444	-1	
445	-1	
446	1	
447	-1	
448	-1	
449	1	
450	-1	
451	-1	
452	-1	
453	1	
454	-1	
455	-1	
456	1	
457	1	
458	1	
459	1	
460	-1	
461	-1	
462	-1	
463	1	
464	1	
465	-1	
466	1	
467	-1	
468	-1	
469	-1	
470	-1	
471	-1	
472	1	
473	-1	
474	-1	
475	-1	
476	-1	
477	-1	
478	-1	
479	-1	
480	-1	
481	1	
482	-1	
483	1	
484	1	
485	1	
486	-1	
487	1	
488	1	
489	-1	
490	-1	
491	1	
492	-1	
493	-1	
494	-1	
495	1	
496	1	
497	-1	
498	1	
499	1	
500	1	
501	1	
502	1	
503	1	
504	-1	
505	-1	
506	1	
507	1	
508	1	
509	-1	
510	-1	
511	1	
Js:	
41	44	-3	
42	44	4	
42	46	4	
43	46	4	
43	47	5	
41	47	-4	
26	28	3	
27	28	-3	
27	30	-4	
25	30	-4	
25	29	-4	
26	29	3	
425	430	4	
430	438	-2	
433	438	-3	
433	439	-2	
431	439	3	
425	431	4	
410	413	4	
411	413	4	
411	475	-4	
475	479	-3	
474	479	-6	
410	474	-4	
104	109	5	
109	117	2	
114	117	-5	
114	118	1	
110	118	3	
104	110	3	
272	277	6	
275	277	-5	
275	339	-3	
339	342	-3	
336	342	-5	
272	336	-2	
163	164	6	
164	172	-3	
170	172	3	
170	174	-6	
166	174	3	
163	166	-2	
448	452	-3	
450	452	-3	
450	455	-4	
449	455	5	
449	453	-4	
448	453	-7	
153	156	2	
154	156	3	
154	157	5	
152	157	-4	
152	158	1	
153	158	5	
400	405	-3	
402	405	6	
402	466	1	
466	469	5	
464	469	7	
400	464	3	
75	76	-3	
76	84	-3	
83	84	4	
83	87	-1	
79	87	3	
75	79	3	
178	181	-6	
179	181	3	
179	182	3	
177	182	5	
177	183	-2	
178	183	-4	
258	262	4	
259	262	6	
259	323	-3	
323	325	-4	
322	325	5	
258	322	-3	
504	508	4	
506	508	-3	
506	510	5	
507	510	4	
507	511	-4	
504	511	5	
88	92	4	
92	100	-5	
96	100	1	
96	101	6	
93	101	-3	
88	93	-3	
225	229	6	
226	229	4	
226	290	-3	
290	293	4	
289	293	4	
225	289	-3	
129	132	-6	
131	132	-6	
131	135	3	
128	135	-4	
128	133	-3	
129	133	4	
0	4	-4	
2	4	4	
2	66	-4	
66	71	4	
64	71	-5	
0	64	4	
328	333	5	
330	333	-2	
330	334	2	
331	334	-6	
331	335	2	
328	335	-2	
57	60	-4	
59	60	-3	
59	63	-6	
58	63	5	
58	62	-3	
57	62	-6	
184	191	5	
185	191	-2	
185	249	-2	
249	255	2	
248	255	-5	
184	248	2	
442	444	-5	
443	444	3	
443	447	4	
440	447	4	
440	445	2	
442	445	-5	
385	389	-4	
387	389	4	
387	390	-3	
384	390	5	
384	391	-4	
385	391	-3	
489	492	-4	
491	492	3	
491	494	6	
488	494	5	
488	493	-3	
489	493	-4	
282	285	-3	
283	285	4	
283	287	-4	
280	287	-2	
280	286	-3	
282	286	-5	
312	317	-4	
313	317	-5	
313	377	3	
377	380	3	
376	380	5	
312	376	4	
250	253	-4	
251	253	3	
251	315	2	
315	316	4	
314	316	-3	
250	314	-2	
401	404	-3	
403	404	5	
403	467	3	
467	470	3	
465	470	-6	
401	465	-5	
193	196	5	
195	196	-3	
195	198	8	
194	198	-5	
194	199	-5	
193	199	3	
216	220	3	
220	228	3	
227	228	5	
227	230	-4	
222	230	-4	
216	222	6	
232	237	4	
234	237	4	
234	298	-1	
298	303	2	
296	303	-6	
232	296	-2	
32	36	-4	
35	36	-3	
35	38	4	
34	38	-3	
34	39	-5	
32	39	-3	
265	269	-3	
266	269	6	
266	270	2	
267	270	-5	
267	271	-4	
265	271	4	
353	356	-4	
355	356	4	
355	357	-4	
354	357	3	
354	358	-5	
353	358	6	
481	485	-3	
482	485	5	
482	487	7	
483	487	-3	
483	486	6	
481	486	6	
496	500	-4	
497	500	5	
497	502	3	
498	502	-5	
498	503	2	
496	503	-5	
306	308	5	
307	308	3	
307	309	3	
305	309	-7	
305	311	4	
306	311	5	
144	149	-3	
147	149	3	
147	211	-3	
211	213	-3	
208	213	-6	
144	208	-2	
297	300	-4	
299	300	5	
299	363	4	
363	367	5	
361	367	-5	
297	361	-2	
200	204	3	
201	204	-5	
201	205	-5	
202	205	2	
202	206	4	
200	206	-3	
16	23	-5	
18	23	3	
18	82	-4	
82	86	7	
80	86	5	
16	80	-6	
457	460	4	
458	460	-7	
458	463	-3	
459	463	-6	
459	462	6	
457	462	3	
97	102	4	
98	102	4	
98	162	-4	
162	167	-5	
161	167	-5	
97	161	4	
416	420	-2	
417	420	6	
417	421	4	
419	421	4	
419	422	-4	
416	422	5	
242	244	6	
243	244	-3	
243	245	-4	
241	245	-4	
241	246	-6	
242	246	2	
370	373	4	
371	373	-3	
371	374	-6	
369	374	-5	
369	375	2	
370	375	4	
72	78	2	
74	78	-5	
74	138	-3	
138	143	-5	
136	143	-4	
72	136	-4	
337	340	-4	
340	348	5	
345	348	-4	
345	351	4	
343	351	4	
337	343	-4	
8	13	5	
13	21	2	
17	21	5	
17	22	3	
14	22	-1	
8	14	4	
48	52	-3	
49	52	-4	
49	55	-2	
50	55	4	
50	53	5	
48	53	3	
256	261	-4	
257	261	-5	
257	321	-3	
321	326	2	
320	326	-5	
256	320	-3	
392	396	3	
394	396	4	
394	398	-2	
393	398	-7	
393	399	-3	
392	399	-3	
105	111	-2	
107	111	-4	
107	171	-1	
171	173	-5	
169	173	-4	
105	169	2	
145	151	4	
146	151	-4	
146	210	-4	
210	212	2	
209	212	-4	
145	209	3	
408	415	-6	
409	415	3	
409	473	3	
473	478	-3	
472	478	4	
408	472	3	
112	116	-4	
116	124	-3	
121	124	8	
121	127	3	
119	127	5	
112	119	-4	
426	428	4	
428	436	-3	
435	436	-3	
435	437	-5	
429	437	-2	
426	429	3	
1	6	-6	
3	6	6	
3	67	5	
67	70	-4	
65	70	2	
1	65	5	
9	12	-6	
10	12	-5	
10	14	-6	
11	14	5	
11	15	-4	
9	15	5	
288	292	3	
289	292	-4	
289	294	-3	
291	294	-3	
291	295	3	
288	295	2	
90	92	3	
91	92	1	
91	95	-4	
89	95	2	
89	94	-4	
90	94	-5	
233	236	5	
234	236	3	
234	238	-5	
235	238	-5	
235	239	-4	
233	239	6	
186	188	6	
187	188	-5	
187	189	3	
185	189	-6	
185	190	4	
186	190	-4	
344	349	4	
347	349	5	
347	351	-3	
346	351	-3	
346	350	5	
344	350	5	
273	276	4	
274	276	-4	
274	278	-4	
275	278	2	
275	279	-5	
273	279	-5	
217	220	-2	
218	220	3	
218	221	-5	
219	221	-3	
219	223	-3	
217	223	-6	
73	77	5	
75	77	5	
75	139	3	
139	142	-6	
137	142	-4	
73	137	-4	
56	61	4	
59	61	-3	
59	123	2	
123	126	-5	
120	126	7	
56	120	-1	
362	364	-7	
364	372	-2	
368	372	4	
368	373	3	
365	373	3	
362	365	-3	
128	134	-4	
130	134	5	
130	194	3	
194	197	5	
192	197	-4	
128	192	3	
240	247	-4	
243	247	-3	
243	307	-3	
307	310	3	
304	310	-6	
240	304	-4	
379	380	-6	
379	383	3	
378	383	-4	
378	382	-6	
377	382	4	
386	388	5	
387	388	4	
387	451	-3	
451	454	-5	
450	454	-6	
386	450	3	
203	206	-4	
206	214	-2	
208	214	3	
208	215	-2	
207	215	4	
203	207	4	
499	500	-3	
500	508	-2	
505	508	6	
505	509	-4	
501	509	2	
499	501	3	
322	324	5	
324	332	-5	
329	332	-3	
329	335	6	
327	335	5	
322	327	-1	
160	165	5	
163	165	-5	
163	227	-1	
227	231	-3	
224	231	3	
160	224	1	
33	36	-5	
36	44	3	
40	44	-4	
40	45	-5	
37	45	-3	
33	37	-2	
49	54	5	
51	54	-4	
51	115	-3	
115	118	3	
113	118	3	
49	113	-5	
99	100	-4	
100	108	-4	
106	108	-4	
106	111	5	
103	111	-5	
99	103	3	
480	484	5	
484	492	4	
490	492	4	
490	495	4	
487	495	-2	
480	487	4	
19	20	1	
20	28	3	
24	28	-5	
24	31	4	
23	31	-2	
19	23	-3	
168	172	-2	
172	180	-3	
176	180	-4	
176	183	4	
175	183	-1	
168	175	-5	
258	260	-5	
260	268	-5	
264	268	-4	
264	271	3	
263	271	4	
258	263	3	
456	461	4	
461	469	1	
464	471	3	
463	471	2	
456	463	-4	
336	341	4	
338	341	5	
338	402	-2	
402	407	-4	
400	407	-4	
336	400	-3	
432	437	3	
437	445	4	
441	445	-3	
441	446	-7	
438	446	-2	
432	438	3	
81	85	-5	
83	85	-5	
83	147	1	
147	150	-5	
145	150	4	
81	145	1	
352	359	-3	
354	359	4	
354	418	-3	
418	421	6	
416	421	-4	
352	416	-3	
404	412	3	
411	412	5	
411	414	-2	
406	414	3	
403	406	6	
144	148	5	
148	156	-6	
155	156	-3	
155	159	1	
151	159	3	
144	151	-4	
472	476	3	
474	476	2	
473	479	-3	
473	477	-4	
472	477	4	
65	68	-6	
66	68	-4	
64	69	-5	
65	69	4	
248	252	3	
251	252	5	
315	318	-3	
312	318	-4	
248	312	-1	
424	428	-2	
427	428	-4	
427	430	6	
426	430	-5	
426	431	-4	
424	431	-6	
280	284	3	
281	284	-4	
281	286	-3	
280	285	-4	
296	301	4	
299	301	4	
299	302	3	
297	302	4	
297	303	-6	
249	254	-6	
250	254	4	
314	319	3	
313	319	-4	
249	313	1	
130	133	4	
133	141	-3	
138	141	-5	
138	142	-3	
134	142	1	
3	4	-3	
4	12	3	
11	12	2	
11	13	-5	
5	13	2	
3	5	-2	
115	117	4	
117	125	-6	
123	125	-2	
123	127	6	
115	119	-3	
433	436	-5	
434	436	3	
434	498	-4	
498	501	-3	
497	501	4	
433	497	4	
328	332	2	
330	332	4	
330	394	-2	
394	397	-5	
392	397	-5	
328	392	2	
466	468	4	
468	476	-3	
475	476	-5	
475	478	2	
470	478	-3	
466	470	5	
40	47	-2	
41	105	4	
105	108	-3	
104	108	4	
40	104	3	
232	236	6	
235	236	-2	
235	237	-5	
233	237	1	
232	239	-5	
56	60	-3	
58	60	6	
58	61	4	
57	61	3	
57	63	-4	
56	63	-3	
16	20	-4	
18	20	5	
257	260	-3	
266	268	-4	
261	269	-5	
320	324	-3	
321	324	3	
321	385	-2	
384	389	-3	
320	384	-2	
178	180	-2	
180	188	3	
184	188	1	
184	189	-5	
181	189	3	
440	444	4	
441	444	-3	
441	505	1	
504	509	-3	
440	504	3	
196	204	4	
202	204	-4	
202	207	-5	
199	207	2	
195	199	-4	
35	39	-4	
35	99	2	
98	103	-4	
34	98	3	
168	173	-4	
171	174	2	
170	175	3	
24	29	-3	
25	89	-4	
89	93	-6	
24	88	-3	
240	244	2	
242	245	3	
240	246	-2	
361	365	-5	
363	365	5	
363	427	-1	
427	429	-3	
425	429	-5	
361	425	-2	
50	52	3	
51	53	-2	
51	55	-4	
48	55	4	
211	212	3	
211	214	-3	
210	214	-4	
210	215	-4	
209	215	-4	
409	412	3	
412	420	2	
417	422	-3	
414	422	2	
409	414	4	
338	340	-3	
344	348	2	
342	350	-2	
338	342	-5	
72	76	6	
73	76	3	
73	78	4	
74	79	-5	
72	79	-3	
224	228	4	
225	228	2	
225	231	-4	
226	231	-5	
226	230	1	
224	230	-5	
456	460	4	
458	461	2	
457	461	5	
456	462	3	
274	277	2	
274	279	4	
273	278	3	
272	278	4	
290	292	4	
291	292	-5	
288	294	5	
288	293	-4	
155	158	5	
155	219	-2	
153	217	-3	
161	165	-1	
162	166	5	
160	166	3	
298	300	-6	
300	308	-1	
305	308	-2	
301	309	3	
298	301	-4	
449	452	5	
451	452	-5	
451	453	3	
448	454	-2	
449	454	2	
494	502	1	
499	502	-5	
499	503	-5	
495	503	-2	
488	495	3	
401	405	3	
405	413	-3	
410	415	3	
407	415	-3	
401	407	-2	
154	218	2	
218	222	2	
152	216	3	
481	484	-3	
483	484	-3	
483	485	-3	
482	486	-2	
352	357	-4	
352	358	4	
388	396	4	
393	396	-4	
390	398	3	
386	390	-3	
374	382	-3	
375	383	-2	
371	375	4	
137	143	-4	
139	143	-3	
139	203	5	
203	205	-3	
137	201	-3	
306	310	2	
306	370	4	
370	372	4	
304	368	2	
442	446	3	
443	446	-4	
443	507	3	
442	506	1	
26	31	-5	
27	31	3	
27	91	-6	
90	95	-4	
26	90	-3	
42	45	2	
43	45	3	
43	107	5	
107	109	-3	
106	109	-4	
42	106	-4	
32	38	2	
33	38	6	
33	97	-2	
97	101	4	
32	96	3	
325	333	4	
331	333	5	
326	334	-4	
323	326	4	
283	284	-3	
283	347	3	
345	349	-3	
281	345	-3	
113	116	-3	
113	177	3	
176	182	4	
112	176	-2	
67	69	-1	
67	131	-1	
65	129	-1	
1	4	4	
2	6	-2	
0	6	-3	
0	5	-5	
1	5	3	
193	197	-5	
193	257	2	
257	263	5	
256	263	3	
192	256	-1	
19	22	5	
19	83	5	
81	84	5	
17	81	-3	
123	124	-4	
120	125	-3	
121	125	-5	
136	141	-5	
141	149	1	
146	149	6	
146	150	-2	
142	150	1	
136	142	-3	
337	341	4	
339	343	4	
467	468	-5	
467	471	-5	
465	471	-3	
465	469	3	
434	437	-2	
435	438	-3	
432	439	4	
434	439	3	
262	270	4	
265	270	3	
259	263	3	
491	493	3	
489	495	4	
10	13	2	
9	14	-3	
8	15	-4	
369	372	-4	
367	375	-3	
362	367	-3	
187	190	-4	
184	190	-3	
186	191	5	
313	316	3	
314	318	-3	
314	317	4	
244	252	5	
251	255	-4	
247	255	-2	
242	247	4	
200	207	3	
203	267	-1	
264	270	2	
200	264	-3	
355	359	5	
355	419	-3	
386	389	3	
389	397	4	
394	399	-4	
391	399	-5	
386	391	3	
77	85	-3	
80	85	-3	
80	87	-3	
376	383	4	
379	443	-2	
376	440	3	
50	54	3	
50	114	-3	
114	119	3	
113	119	-2	
219	283	-1	
282	287	-2	
218	282	3	
99	102	-4	
94	102	-1	
88	94	-3	
131	195	-2	
192	198	-3	
320	325	1	
329	333	1	
320	327	-4	
18	21	3	
21	29	-4	
22	30	-3	
18	22	-3	
224	229	4	
229	237	-2	
230	238	-1	
294	302	-3	
295	303	-2	
289	295	-3	
453	461	2	
459	461	4	
455	463	3	
169	172	-4	
179	180	4	
174	182	2	
169	174	3	
496	501	-5	
506	509	-5	
506	511	-4	
503	511	-2	
249	253	5	
250	255	-3	
248	254	-3	
152	156	2	
156	164	2	
161	164	-5	
159	167	-2	
152	159	6	
64	68	-1	
66	70	3	
67	71	-3	
41	45	-3	
41	46	-4	
38	46	-3	
408	412	1	
408	414	-4	
476	484	2	
480	485	3	
477	485	-3	
210	213	1	
210	274	-3	
272	276	4	
208	272	2	
308	316	-4	
312	316	-2	
312	319	-3	
311	319	-4	
108	116	-2	
115	116	3	
146	148	2	
147	148	3	
144	150	-4	
424	429	5	
427	491	3	
424	488	4	
59	62	4	
56	62	5	
339	340	-4	
346	348	3	
98	101	-1	
96	160	-3	
44	52	3	
51	52	3	
47	55	2	
42	47	4	
281	285	2	
285	293	2	
291	293	4	
287	295	-4	
281	287	4	
91	94	-3	
91	155	3	
155	157	4	
153	157	-2	
89	153	2	
385	388	-3	
183	191	-3	
169	233	2	
168	232	3	
256	260	-3	
265	268	3	
135	143	2	
130	135	4	
211	275	3	
273	277	-2	
209	273	2	
347	350	3	
347	411	-2	
411	415	1	
344	408	-2	
474	478	-3	
478	486	-3	
479	487	-2	
331	332	3	
322	326	3	
505	510	-4	
502	510	-2	
464	470	3	
240	245	-3	
241	247	-4	
243	246	-3	
12	20	-1	
15	23	-2	
304	309	-2	
307	311	-4	
223	231	3	
216	223	2	
298	362	-4	
452	460	-2	
454	462	3	
200	205	-4	
197	205	3	
28	36	2	
31	39	2	
352	356	-3	
356	364	-2	
361	364	-4	
357	365	-2	
72	77	1	
346	349	-3	
346	410	-2	
409	413	-3	
345	409	-2	
378	442	-2	
377	441	3	
102	110	3	
107	110	4	
97	103	-2	
417	481	-4	
416	480	4	
323	327	4	
323	387	1	
114	116	3	
369	373	-3	
368	375	-3	
368	374	3	
2	5	6	
195	259	-2	
194	258	-1	
86	94	-2	
87	95	4	
82	87	4	
45	53	2	
48	54	5	
46	54	3	
40	46	2	
209	213	-4	
213	221	-3	
217	221	-3	
217	222	2	
214	222	3	
209	214	3	
397	405	-2	
402	406	1	
398	406	2	
392	398	-2	
171	175	-5	
171	235	-2	
170	234	-3	
426	490	-3	
490	493	-6	
425	489	2	
276	284	-4	
278	286	3	
145	148	-2	
154	159	-2	
19	21	-4	
27	29	-2	
432	436	3	
497	503	2	
432	496	-2	
137	141	-3	
460	468	-1	
266	271	1	
266	330	4	
264	328	4	
120	127	-2	
123	187	-1	
120	184	-2	
315	317	-3	
315	379	4	
353	359	3	
419	420	4	
353	417	1	
293	301	-2	
296	302	5	
337	401	2	
131	134	4	
201	206	-4	
32	37	4	
34	37	4	
96	103	-3	
448	455	-4	
475	477	-4	
472	479	2	
67	68	-4	
66	69	3	
112	118	6	
177	180	-2	
160	164	-2	
162	165	4	
160	167	4	
251	254	-2	
248	253	2	
442	447	-2	
439	447	-3	
435	439	-3	
267	268	2	
267	331	2	
329	334	-4	
265	329	-4	
90	93	-2	
90	154	-3	
154	158	-3	
17	20	4	
17	23	-3	
418	420	2	
419	483	3	
418	482	5	
310	318	4	
313	318	2	
182	190	-3	
179	183	4	
211	215	3	
192	199	4	
236	244	-1	
239	247	1	
434	438	5	
435	499	-2	
330	335	2	
321	327	4	
348	356	2	
350	358	1	
345	350	-2	
425	428	3	
424	430	-1	
97	100	2	
105	110	-5	
371	372	-3	
372	380	-1	
379	382	3	
393	457	-4	
392	456	-3	
216	280	2	
145	149	-4	
147	151	-3	
35	37	3	
33	39	3	
105	109	-2	
112	117	1	
121	126	2	
118	126	-4	
82	84	2	
83	86	2	
169	175	3	
168	174	2	
353	357	-3	
359	367	-2	
339	341	3	
336	343	3	
226	228	3	
488	492	3	
490	494	-1	
465	468	-3	
466	471	3	
507	508	-3	
505	511	-3	
259	261	-2	
321	325	4	
384	388	-2	
387	391	3	
284	292	1	
290	295	-4	
237	245	2	
238	246	2	
202	266	1	
264	269	-2	
88	95	-3	
88	152	2	
69	77	-3	
70	78	4	
64	70	-3	
396	404	-1	
402	404	4	
399	407	3	
306	309	3	
305	369	2	
215	223	1	
451	455	-2	
115	179	-2	
114	178	3	
480	486	-2	
187	251	2	
250	252	-3	
186	250	-2	
344	351	-3	
129	135	3	
161	166	3	
377	383	5	
53	61	-4	
55	63	2	
498	500	-4	
418	422	2	
304	308	-3	
277	285	-3	
10	74	-2	
8	72	2	
363	364	3	
410	412	2	
25	28	-4	
26	30	4	
89	92	2	
99	101	-2	
339	403	1	
401	406	-3	
177	241	3	
176	240	-3	
120	124	3	
121	185	1	
227	291	-3	
224	288	-1	
208	212	3	
212	220	-3	
219	220	4	
219	222	3	
393	397	-2	
385	390	4	
443	445	4	
441	447	3	
369	433	-2	
368	432	3	
458	462	3	
157	165	-2	
158	166	-2	
315	319	-2	
192	196	5	
233	238	3	
10	15	3	
9	13	-4	
467	469	2	
450	453	2	
504	510	-3	
16	22	3	
68	76	1	
73	79	-2	
71	79	-2	
24	30	-1	
91	93	3	
113	117	2	
259	260	2	
341	349	-1	
218	223	-3	
473	476	-3	
225	230	-3	
49	53	2	
101	109	-2	
304	311	1	
171	172	-3	
170	173	2	
403	407	2	
400	406	-3	
408	413	2	
177	181	-3	
178	242	2	
282	346	2	
280	344	-2	
371	435	-2	
82	85	-1	
78	86	1	
75	78	-2	
185	188	-3	
187	191	3	
128	132	4	
268	276	-2	
270	278	-2	
84	92	-3	
81	87	3	
309	317	-2	
34	36	-3	
471	479	-2	
400	404	-2	
234	239	2	
507	509	4	
283	286	3	
153	159	4	
489	494	-4	
486	494	1	
8	12	3	
249	252	2	
245	253	-2	
96	102	2	
436	444	1	
433	437	2	
74	77	-1	
410	414	3	
305	310	3	
25	31	-2	
216	221	-2	
221	229	-2	
138	202	-2	
286	294	1	
290	294	-3	
267	269	2	
256	262	4	
474	477	1	
129	193	2	
273	337	-2	
150	158	2	
493	501	-1	
491	495	-3	
104	168	2	
464	468	2	
241	244	-1	
246	254	3	
296	300	1	
299	303	-2	
347	348	-2	
354	356	3	
349	357	2	
378	380	-3	
314	378	3	
403	405	1	
271	279	2	
186	189	1	
176	181	1	
289	353	-1	
288	352	-1	
52	60	-2	
385	449	-2	
384	448	2	
99	163	-3	
217	281	-2	
11	75	2	
370	374	-1	
420	428	2	
422	430	2	
496	502	-2	
39	47	-1	
165	173	1	
338	343	2	
337	342	2	
328	334	-3	
131	133	2	
98	100	2	
351	359	-1	
198	206	-1	
298	302	-1	
57	121	-1	
65	71	2	
481	487	2	
307	371	-2	
440	446	-2	
394	458	-3	
258	261	-2	
136	200	-2	
43	44	1	
279	287	-2	
292	300	-1	
204	212	-1	
228	236	1	
74	76	2	
427	431	1	
370	434	1	
322	386	-1	
179	243	-2	
355	358	-2	
80	84	-1	
81	86	-1	
107	108	1	
282	284	1	
48	112	3	
178	182	-1	
130	132	-2	
129	134	-2	
302	310	2	
469	477	2	
362	426	-1	
485	493	1	
29	37	2	
30	38	2	
274	338	1	
193	198	1	
323	324	-2	
203	204	1	
332	340	-1	
335	343	1	
457	463	2	
227	229	-2	
194	196	-1	
333	341	1	
334	342	-1	
173	181	-2	
201	265	-1	
233	297	1	
376	382	-2	
139	141	1	
95	103	1	
167	175	-1	
163	167	1	
195	197	1	
111	119	1	
104	111	1	
297	301	-1	
85	93	-1	
205	213	1	
106	170	-1	
336	340	1	
149	157	1	
482	484	1	
242	306	1	
6	14	1	
Energy:	-3344	
