NumberOfQubits	504	
NumberOfSubgraphs	588	
Serial	160	
PlantedSolution:	
0	-1	
1	1	
2	1	
3	-1	
4	1	
5	-1	
6	-1	
8	1	
9	-1	
10	-1	
11	-1	
12	1	
13	-1	
14	-1	
15	-1	
16	-1	
17	-1	
18	-1	
19	1	
20	1	
21	1	
22	1	
23	-1	
24	1	
25	-1	
26	1	
27	1	
28	-1	
29	1	
30	1	
31	-1	
32	-1	
33	-1	
34	-1	
35	-1	
36	1	
37	-1	
38	1	
39	-1	
40	-1	
41	-1	
42	1	
43	-1	
44	1	
45	1	
46	-1	
47	-1	
48	1	
49	1	
50	1	
51	-1	
52	1	
53	1	
54	1	
55	1	
56	-1	
57	-1	
58	-1	
59	-1	
60	-1	
61	-1	
62	1	
63	1	
64	1	
65	1	
66	-1	
67	1	
68	-1	
69	-1	
70	-1	
71	1	
72	1	
73	1	
74	-1	
75	1	
76	-1	
77	-1	
78	-1	
79	1	
80	-1	
81	1	
82	-1	
83	1	
84	-1	
85	1	
86	1	
87	-1	
88	1	
89	-1	
90	-1	
91	1	
92	1	
93	1	
94	1	
95	-1	
96	1	
97	-1	
98	-1	
99	-1	
100	-1	
101	1	
102	1	
103	-1	
104	-1	
105	1	
106	-1	
107	-1	
108	-1	
109	1	
110	1	
111	-1	
112	-1	
113	-1	
114	1	
115	-1	
116	1	
117	1	
118	-1	
119	1	
120	-1	
121	1	
123	-1	
124	-1	
125	-1	
126	1	
127	-1	
128	1	
129	1	
130	-1	
131	-1	
132	1	
133	-1	
134	1	
135	1	
136	1	
137	-1	
138	-1	
139	1	
141	-1	
142	-1	
143	-1	
144	-1	
145	1	
146	-1	
147	-1	
148	1	
149	-1	
150	-1	
151	-1	
152	1	
153	-1	
154	-1	
155	-1	
156	1	
157	-1	
158	-1	
159	1	
160	-1	
161	-1	
162	1	
163	-1	
164	1	
165	-1	
166	-1	
167	1	
168	-1	
169	-1	
170	-1	
171	1	
172	-1	
173	-1	
174	-1	
175	-1	
176	-1	
177	-1	
178	1	
179	-1	
180	1	
181	1	
182	1	
183	-1	
184	1	
185	1	
186	1	
187	1	
188	1	
189	1	
190	1	
191	-1	
192	1	
193	1	
194	1	
195	-1	
196	-1	
197	1	
198	1	
199	1	
200	1	
201	-1	
202	-1	
203	-1	
204	1	
205	1	
206	1	
207	1	
208	-1	
209	1	
210	-1	
211	1	
212	-1	
213	1	
214	1	
215	-1	
216	-1	
217	1	
218	-1	
219	-1	
220	-1	
221	-1	
222	-1	
223	1	
224	-1	
225	-1	
226	1	
227	1	
228	1	
229	1	
230	1	
231	-1	
232	-1	
233	-1	
234	1	
235	-1	
236	1	
237	-1	
238	1	
239	-1	
240	1	
241	-1	
242	-1	
243	-1	
244	-1	
245	-1	
246	-1	
247	-1	
248	-1	
249	1	
250	-1	
251	1	
252	1	
253	-1	
254	-1	
255	-1	
256	-1	
257	-1	
258	1	
259	1	
260	-1	
261	-1	
262	-1	
263	1	
264	-1	
265	-1	
266	1	
267	1	
268	-1	
269	-1	
270	1	
271	-1	
272	-1	
273	1	
274	-1	
275	-1	
276	1	
277	1	
278	1	
279	1	
280	-1	
281	1	
282	-1	
283	-1	
284	1	
285	-1	
286	1	
287	-1	
288	-1	
289	-1	
290	1	
291	1	
292	1	
293	1	
294	1	
295	-1	
296	1	
297	1	
298	1	
299	-1	
300	1	
301	1	
302	1	
303	1	
304	-1	
305	-1	
306	1	
307	-1	
308	1	
309	-1	
310	-1	
311	1	
312	-1	
313	-1	
314	-1	
315	1	
316	1	
317	1	
318	-1	
319	-1	
320	1	
321	1	
322	1	
323	1	
324	1	
325	1	
326	1	
327	-1	
328	-1	
329	-1	
330	-1	
331	-1	
332	-1	
333	1	
334	1	
335	1	
336	-1	
337	-1	
338	-1	
339	-1	
340	1	
341	-1	
342	-1	
343	1	
344	-1	
345	1	
346	1	
347	1	
348	1	
349	1	
350	1	
351	-1	
352	1	
353	1	
354	-1	
355	1	
356	-1	
357	-1	
358	-1	
359	-1	
361	1	
362	1	
363	1	
364	-1	
365	1	
367	1	
368	1	
369	-1	
370	-1	
371	-1	
372	1	
373	1	
374	1	
375	1	
376	-1	
377	1	
378	1	
379	-1	
380	1	
382	-1	
383	-1	
384	-1	
385	1	
386	-1	
387	-1	
388	-1	
389	-1	
390	-1	
391	1	
392	-1	
393	1	
394	1	
396	-1	
397	-1	
398	-1	
399	-1	
400	-1	
401	-1	
402	1	
403	-1	
404	1	
405	1	
406	1	
407	-1	
408	1	
409	-1	
410	-1	
411	-1	
412	-1	
413	1	
414	-1	
415	1	
416	1	
417	-1	
418	1	
419	1	
420	1	
421	-1	
422	1	
424	-1	
425	-1	
426	-1	
427	-1	
428	1	
429	-1	
430	1	
431	-1	
432	-1	
433	-1	
434	1	
435	-1	
436	1	
437	1	
438	1	
439	-1	
440	1	
441	-1	
442	1	
443	1	
444	1	
445	1	
446	1	
447	-1	
448	-1	
449	1	
450	-1	
451	-1	
452	-1	
453	-1	
454	-1	
455	-1	
456	-1	
457	1	
458	-1	
459	-1	
460	1	
461	-1	
462	1	
463	1	
464	1	
465	-1	
466	1	
467	1	
468	-1	
469	-1	
470	-1	
471	-1	
472	1	
473	-1	
474	-1	
475	1	
476	-1	
477	-1	
478	-1	
479	-1	
480	1	
481	-1	
482	1	
483	1	
484	-1	
485	-1	
486	-1	
487	1	
488	1	
489	1	
490	1	
491	-1	
492	1	
493	-1	
494	1	
495	-1	
496	1	
497	-1	
498	-1	
499	1	
500	-1	
501	-1	
502	-1	
503	-1	
504	-1	
505	1	
506	1	
507	1	
508	-1	
509	1	
510	1	
511	1	
Js:	
74	76	-2	
76	84	-1	
80	84	-3	
80	87	-3	
79	87	-3	
74	79	3	
176	182	4	
179	182	3	
179	243	-3	
243	244	2	
240	244	4	
176	240	2	
154	156	4	
155	156	4	
155	157	2	
153	157	-4	
153	159	3	
154	159	3	
11	13	-4	
13	21	-3	
17	21	5	
17	22	4	
14	22	2	
11	14	-4	
145	150	2	
146	150	-3	
146	210	-3	
210	215	1	
209	215	3	
145	209	-3	
328	334	5	
329	334	3	
329	393	2	
393	399	3	
392	399	-3	
328	392	1	
481	484	-2	
483	484	3	
483	485	4	
480	485	3	
480	486	2	
481	486	-3	
337	342	-2	
342	350	2	
345	350	4	
345	351	4	
343	351	3	
337	343	2	
449	453	5	
453	461	1	
456	461	-4	
456	462	1	
454	462	3	
449	454	4	
35	37	-3	
37	45	1	
43	45	5	
43	46	-3	
38	46	-1	
35	38	4	
137	141	-3	
141	149	-1	
144	149	-6	
144	151	-4	
143	151	1	
137	143	-5	
25	29	2	
26	29	-4	
26	30	-4	
24	30	-3	
24	31	4	
25	31	-3	
361	364	5	
362	364	5	
362	426	3	
426	429	-3	
425	429	2	
361	425	3	
272	276	2	
274	276	4	
274	279	3	
275	279	3	
275	277	-3	
272	277	3	
257	262	-4	
259	262	4	
259	323	-2	
323	327	2	
321	327	5	
257	321	-2	
496	500	5	
499	500	3	
499	503	4	
497	503	-6	
497	502	3	
496	502	5	
336	340	2	
338	340	4	
338	402	2	
402	404	2	
400	404	4	
336	400	-2	
217	222	3	
222	230	2	
227	230	-3	
227	231	-3	
223	231	1	
217	223	-4	
408	415	-4	
411	415	3	
411	475	3	
475	477	3	
472	477	4	
408	472	1	
128	132	-2	
131	132	6	
131	134	2	
129	134	3	
129	135	-5	
128	135	-5	
248	254	-4	
249	254	3	
249	313	2	
313	317	2	
312	317	-3	
248	312	-1	
105	110	-2	
106	110	-3	
106	170	-3	
170	173	-3	
169	173	-4	
105	169	3	
90	94	4	
94	102	-2	
98	102	2	
98	103	-4	
95	103	-3	
90	95	-3	
218	221	-5	
219	221	-4	
219	283	-2	
283	285	-3	
282	285	-3	
218	282	3	
193	196	-1	
194	196	5	
194	199	-3	
192	199	-3	
192	197	-4	
193	197	-5	
265	268	-2	
266	268	4	
266	269	-2	
264	269	-3	
264	270	4	
265	270	3	
435	436	2	
436	444	-3	
440	444	-3	
440	447	2	
439	447	-3	
435	439	3	
186	189	-3	
187	189	-2	
187	191	3	
185	191	3	
185	190	-2	
186	190	-5	
347	348	2	
348	356	3	
355	356	2	
355	357	2	
349	357	3	
347	349	-2	
113	119	5	
114	119	-2	
114	178	-1	
178	180	-5	
177	180	4	
113	177	1	
304	309	-4	
305	309	-2	
305	369	-3	
369	372	-3	
368	372	-2	
304	368	2	
506	508	3	
507	508	3	
507	509	-3	
504	509	3	
504	510	3	
506	510	-3	
432	437	3	
437	445	-2	
441	445	3	
441	446	-2	
438	446	-2	
432	438	3	
48	52	3	
51	52	3	
51	54	4	
49	54	-3	
49	53	-6	
48	53	-3	
288	292	-1	
291	292	-4	
291	295	4	
290	295	4	
290	294	-2	
288	294	3	
451	452	-3	
452	460	-1	
459	460	4	
459	463	4	
455	463	3	
451	455	-4	
56	60	-2	
57	60	2	
57	63	3	
59	63	5	
59	62	2	
56	62	5	
232	238	4	
234	238	-2	
234	298	-2	
298	300	-3	
296	300	-3	
232	296	-1	
465	469	-4	
466	469	4	
466	470	2	
467	470	-3	
467	471	2	
465	471	-2	
488	492	-5	
489	492	-2	
489	494	-4	
491	494	3	
491	495	-3	
488	495	3	
65	68	6	
66	68	-3	
66	71	3	
67	71	-3	
67	69	4	
65	69	3	
200	204	-4	
203	204	2	
203	205	5	
202	205	3	
202	206	-2	
200	206	-3	
386	388	-3	
387	388	-4	
387	390	2	
385	390	4	
385	389	3	
386	389	-2	
89	92	2	
92	100	2	
99	100	-3	
99	101	-2	
93	101	-3	
89	93	5	
242	245	-3	
245	253	-2	
251	253	-2	
251	255	4	
247	255	-3	
242	247	-2	
314	318	-4	
315	318	5	
315	379	2	
379	380	2	
378	380	-5	
314	378	-3	
417	420	3	
418	420	-3	
418	421	3	
419	421	-2	
419	422	-3	
417	422	3	
256	263	3	
258	263	-4	
258	322	-2	
322	325	-4	
320	325	3	
256	320	2	
1	4	-5	
2	4	-4	
2	6	3	
3	6	-4	
3	5	-4	
1	5	4	
121	124	3	
123	124	-3	
123	127	2	
120	127	-5	
120	125	-3	
121	125	3	
162	164	-3	
164	172	4	
171	172	6	
171	174	2	
166	174	2	
162	166	4	
72	77	3	
77	85	3	
82	85	5	
82	86	2	
78	86	3	
72	78	3	
409	412	-3	
410	412	-3	
410	474	2	
474	476	-4	
473	476	-3	
409	473	-2	
8	12	2	
12	20	-2	
18	20	3	
18	23	-3	
15	23	-3	
8	15	5	
233	237	-4	
235	237	-5	
235	299	1	
299	303	3	
297	303	-2	
233	297	2	
306	308	-3	
307	308	-4	
307	371	-2	
371	374	2	
370	374	6	
306	370	1	
160	165	-3	
161	165	-5	
161	225	1	
225	228	3	
224	228	2	
160	224	-1	
34	36	4	
36	44	-1	
41	44	5	
41	47	-5	
39	47	1	
34	39	-4	
107	108	-2	
108	116	2	
115	116	4	
115	117	2	
109	117	1	
107	109	2	
394	397	6	
397	405	2	
403	405	2	
403	406	2	
398	406	3	
394	398	-3	
208	212	-3	
211	212	3	
211	214	-4	
210	214	2	
210	213	5	
208	213	-1	
266	271	-1	
267	271	4	
267	331	3	
331	333	1	
330	333	5	
266	330	2	
424	428	4	
426	428	3	
426	431	-2	
427	431	-5	
427	430	4	
424	430	2	
353	357	3	
354	357	-4	
354	359	-3	
352	359	-3	
352	358	3	
353	358	3	
273	276	-3	
276	284	-3	
281	284	-4	
281	286	-4	
278	286	3	
273	278	-2	
363	365	-5	
365	373	-3	
369	373	4	
369	375	-1	
367	375	-3	
363	367	-3	
384	391	1	
386	391	4	
386	450	-2	
450	453	-5	
448	453	-1	
384	448	3	
24	28	-1	
27	28	4	
27	91	-3	
91	92	-3	
88	92	-3	
24	88	-3	
152	158	5	
153	158	-2	
153	217	2	
217	220	3	
216	220	-6	
152	216	2	
75	76	3	
75	139	-2	
139	142	5	
138	142	-4	
74	138	-2	
81	85	-3	
83	85	-1	
83	147	1	
147	148	-3	
145	148	-4	
81	145	-1	
280	287	-4	
282	287	-3	
282	346	-2	
346	348	-5	
344	348	4	
280	344	-4	
32	37	-3	
33	37	-4	
33	97	2	
97	101	1	
96	101	-3	
32	96	2	
473	478	-4	
478	486	-3	
482	486	1	
482	487	-2	
479	487	3	
473	479	2	
40	44	3	
42	44	-1	
42	106	3	
106	111	-2	
104	111	2	
40	104	-3	
168	173	-3	
173	181	1	
176	181	3	
176	183	-3	
175	183	1	
168	175	-3	
377	380	-3	
378	383	-3	
376	383	-3	
376	382	-3	
377	382	4	
433	438	4	
434	438	2	
434	498	2	
498	501	-4	
497	501	-4	
433	497	-1	
48	55	2	
50	55	-5	
50	114	-2	
114	118	5	
112	118	-3	
48	112	3	
64	70	4	
66	70	-4	
66	130	1	
130	133	-6	
128	133	3	
64	128	-1	
289	293	-4	
293	301	-2	
299	301	2	
299	302	4	
294	302	-1	
289	294	3	
241	244	3	
244	252	2	
250	252	2	
250	254	-3	
246	254	-3	
241	246	-1	
195	198	4	
198	206	-2	
201	206	4	
201	207	3	
199	207	-4	
195	199	-2	
400	407	3	
401	407	-3	
401	465	-4	
465	468	-1	
464	468	4	
400	464	2	
162	167	-3	
163	167	2	
163	227	2	
227	229	-1	
226	229	-2	
162	226	2	
308	316	-3	
313	316	2	
313	319	-3	
311	319	3	
307	311	3	
333	341	3	
339	341	2	
339	343	4	
335	343	-1	
330	335	3	
443	445	-2	
443	507	-2	
507	511	4	
505	511	-1	
441	505	2	
323	324	-4	
324	332	3	
329	332	-3	
326	334	5	
323	326	-3	
120	126	2	
121	126	-4	
121	185	2	
185	188	-3	
184	188	-3	
120	184	1	
393	396	4	
394	396	1	
394	458	2	
458	461	-4	
457	461	4	
393	457	2	
408	413	-4	
413	421	1	
416	421	-4	
416	422	-3	
414	422	2	
408	414	1	
256	260	-6	
259	260	-2	
259	261	3	
257	261	-3	
257	263	2	
234	236	-4	
235	236	-4	
233	239	-2	
234	239	4	
56	61	3	
58	61	-4	
58	63	4	
57	62	3	
490	492	-4	
490	494	-4	
489	493	2	
488	493	3	
16	20	4	
18	22	3	
19	22	-3	
19	23	3	
16	23	-3	
10	12	4	
11	12	2	
9	14	-4	
9	15	3	
10	15	-3	
73	77	-1	
73	137	4	
136	143	3	
72	136	-4	
0	4	-4	
0	6	-4	
442	444	2	
442	506	-2	
506	511	-3	
504	511	5	
440	504	2	
296	302	-4	
302	310	2	
305	310	-3	
305	311	4	
303	311	-2	
296	303	3	
456	460	3	
460	468	-2	
467	468	3	
463	471	3	
456	463	2	
410	415	4	
475	476	4	
155	219	2	
154	218	-2	
388	396	-3	
392	396	-4	
392	397	2	
389	397	-3	
387	389	-3	
130	134	3	
131	195	-2	
195	196	-3	
130	194	2	
208	214	2	
211	275	1	
208	272	-2	
42	46	-3	
46	54	3	
51	55	4	
47	55	2	
42	47	5	
104	108	-4	
107	111	4	
105	111	3	
105	109	-3	
104	109	3	
178	182	-3	
179	181	4	
177	181	-1	
187	188	-3	
187	251	-3	
251	252	4	
248	252	3	
184	248	3	
371	435	-3	
434	439	2	
370	434	2	
401	404	1	
403	404	3	
403	407	-4	
402	407	-1	
402	406	-3	
401	406	4	
280	286	-1	
281	345	-2	
345	349	-3	
344	349	2	
363	364	2	
361	365	-3	
361	367	-3	
362	367	3	
264	268	2	
265	271	-4	
267	269	2	
32	36	3	
34	38	3	
35	39	1	
32	39	-4	
147	149	1	
147	150	-5	
146	151	-4	
25	28	-5	
27	31	-2	
26	31	2	
25	30	2	
498	500	-3	
499	501	3	
499	502	4	
288	293	3	
290	293	3	
290	354	1	
354	356	-3	
352	356	3	
288	352	1	
339	340	-2	
339	342	-5	
337	341	-5	
338	341	-2	
202	204	3	
204	212	2	
209	212	-1	
207	215	1	
202	207	3	
312	316	3	
314	316	2	
315	319	-3	
312	319	-3	
152	157	2	
157	165	-2	
161	166	3	
158	166	-2	
112	117	-3	
117	125	4	
123	125	-4	
123	126	6	
118	126	2	
321	324	-2	
322	324	-4	
322	326	-3	
320	326	-2	
321	325	-3	
67	68	2	
64	69	3	
64	71	3	
65	71	-1	
90	93	2	
88	94	3	
88	95	1	
89	95	-3	
170	172	-2	
171	175	3	
169	175	2	
169	174	-3	
170	174	-2	
419	420	-3	
419	483	-4	
482	485	3	
418	482	-5	
238	246	3	
243	246	-3	
243	247	-3	
239	247	2	
232	239	-4	
73	78	3	
80	86	3	
73	79	-2	
226	228	-4	
225	229	4	
225	231	-4	
224	231	-2	
425	428	3	
425	431	-1	
427	429	1	
424	429	-3	
240	245	3	
242	306	-2	
306	309	3	
240	304	2	
96	102	4	
99	102	2	
99	163	-4	
163	164	2	
160	164	3	
96	160	3	
449	452	2	
450	452	-2	
450	455	3	
448	455	-2	
448	454	-2	
49	52	-3	
52	60	3	
59	60	-5	
59	61	2	
53	61	2	
283	284	2	
284	292	-3	
287	295	2	
283	287	-2	
136	142	2	
139	203	3	
200	205	-1	
136	200	2	
347	350	-4	
350	358	2	
355	358	-4	
355	359	3	
351	359	-4	
347	351	2	
19	21	-2	
19	83	3	
83	84	3	
81	84	2	
17	81	3	
469	477	-2	
472	478	3	
470	478	-3	
390	398	-2	
392	398	-4	
391	399	-4	
385	391	-3	
129	193	-2	
193	198	-3	
192	198	2	
128	192	-2	
369	433	-2	
433	436	2	
432	436	3	
368	432	3	
480	484	3	
484	492	3	
490	495	-1	
487	495	3	
480	487	-3	
378	382	2	
379	382	-3	
379	443	2	
443	446	-4	
442	446	-3	
378	442	1	
186	191	2	
186	250	-2	
250	253	-4	
249	253	2	
185	249	-2	
113	116	4	
116	124	4	
120	124	-4	
119	127	-2	
505	508	4	
505	510	4	
274	278	4	
275	278	4	
273	279	-4	
330	332	1	
331	332	-4	
331	335	5	
328	335	3	
330	334	2	
97	100	-4	
98	100	-3	
99	103	-4	
97	102	-2	
297	300	-5	
299	300	-2	
298	303	-4	
298	301	-4	
297	301	-3	
457	460	3	
459	462	3	
458	462	3	
219	220	-2	
219	222	-3	
216	223	4	
408	412	-2	
409	414	-5	
411	414	-4	
411	413	1	
258	260	1	
260	268	-3	
267	268	4	
267	270	-1	
262	270	2	
258	262	-3	
9	12	3	
8	13	4	
9	13	1	
43	44	4	
40	46	-3	
40	45	-5	
41	45	2	
313	377	4	
377	383	2	
312	376	-3	
417	421	-5	
417	481	-4	
416	480	-3	
427	491	-4	
491	493	-2	
424	488	-3	
133	141	-2	
138	141	-3	
134	142	3	
0	5	-2	
2	5	3	
2	66	-2	
0	64	4	
181	189	-3	
184	189	-4	
184	191	2	
183	191	2	
179	183	-3	
241	245	-3	
250	255	-2	
241	247	-3	
107	110	2	
110	118	2	
115	118	-3	
115	119	2	
111	119	3	
320	327	4	
321	385	1	
384	389	-3	
320	384	2	
368	373	-4	
368	375	2	
468	476	2	
474	479	-4	
471	479	-1	
464	471	4	
228	236	-1	
235	238	2	
230	238	-1	
226	230	-3	
90	92	-2	
91	155	2	
155	159	2	
90	154	-1	
75	77	3	
75	78	-1	
353	356	-3	
346	349	-3	
201	204	2	
210	212	1	
205	213	-2	
201	205	2	
27	29	3	
29	37	3	
33	38	2	
30	38	-2	
27	30	-2	
434	437	-4	
435	437	1	
435	499	2	
498	503	1	
165	173	1	
167	175	3	
160	167	4	
336	343	3	
338	343	1	
402	405	-4	
400	405	-2	
50	53	-2	
55	63	1	
194	197	-2	
194	258	-1	
258	261	3	
193	257	-1	
285	293	2	
286	294	-1	
283	286	3	
144	148	2	
304	308	3	
306	310	3	
304	311	2	
440	445	2	
442	445	-3	
442	447	3	
443	447	2	
440	446	-3	
451	454	-3	
16	22	3	
65	70	3	
67	70	2	
67	131	1	
129	132	-3	
65	129	1	
176	180	2	
180	188	-3	
186	188	2	
182	190	-2	
401	405	3	
98	101	2	
54	62	-2	
195	197	2	
195	259	1	
192	256	1	
229	237	2	
232	237	-2	
231	239	-2	
481	487	4	
472	479	-3	
72	76	3	
73	76	3	
136	141	-3	
208	215	3	
209	273	-1	
273	277	-4	
323	325	-2	
323	387	-1	
387	391	2	
322	386	2	
332	340	-2	
337	340	4	
329	333	3	
290	292	-3	
281	287	2	
148	156	2	
153	156	3	
149	157	-2	
145	149	3	
200	207	-3	
202	266	2	
266	270	3	
200	264	1	
500	508	-3	
502	510	2	
490	493	4	
489	495	-4	
416	420	-2	
420	428	2	
425	430	3	
422	430	-1	
296	301	-3	
297	302	2	
114	116	-1	
114	117	3	
168	172	-1	
168	174	-4	
106	108	-3	
105	108	-2	
41	105	1	
404	412	2	
407	415	2	
177	183	-4	
178	183	1	
178	242	2	
242	244	-3	
177	241	-3	
28	36	1	
31	39	2	
374	382	-2	
379	383	-3	
375	383	3	
370	375	4	
10	13	-1	
11	75	-2	
75	79	-3	
10	74	-3	
249	255	2	
501	509	2	
506	509	-3	
503	511	-1	
218	220	-1	
280	285	-4	
216	280	-2	
441	444	2	
441	447	-4	
432	439	1	
307	309	-2	
309	317	3	
315	317	-2	
310	318	-3	
307	310	-2	
18	82	-2	
82	84	3	
16	80	-4	
457	462	-3	
462	470	-1	
465	470	-3	
457	463	-2	
224	230	4	
227	291	-3	
291	294	2	
224	288	-3	
43	107	-1	
3	4	2	
1	6	3	
384	388	-2	
387	451	-2	
448	452	-4	
364	372	2	
371	372	3	
371	373	-3	
211	213	-3	
213	221	3	
218	222	-3	
214	222	-3	
91	94	-2	
155	158	-2	
88	152	-1	
261	269	-2	
265	269	-3	
263	271	-1	
259	263	-2	
161	167	2	
97	161	-3	
170	234	2	
233	236	2	
169	233	2	
139	143	-2	
203	206	2	
137	201	-2	
473	477	-3	
429	437	2	
433	437	2	
433	439	-3	
431	439	2	
49	113	2	
113	117	1	
466	468	2	
464	470	2	
464	469	2	
321	326	-1	
327	335	2	
272	279	1	
274	338	2	
338	342	-3	
336	342	-2	
272	336	-4	
123	187	1	
187	190	-2	
354	358	-2	
352	357	2	
394	399	3	
243	245	-2	
240	246	2	
240	247	-1	
83	87	4	
82	87	-2	
346	410	-1	
410	413	3	
344	408	2	
10	14	-3	
8	14	1	
57	61	-3	
57	121	1	
121	127	3	
56	120	-1	
24	29	-3	
34	37	-2	
193	199	2	
130	132	-3	
131	135	2	
32	38	2	
96	100	1	
51	115	1	
152	159	3	
428	436	-2	
434	436	-2	
430	438	-2	
426	430	2	
248	253	-2	
107	171	3	
26	28	2	
320	324	-1	
386	390	-3	
384	390	3	
280	284	1	
289	292	2	
269	277	2	
274	277	-1	
270	278	-1	
74	78	-3	
298	302	-1	
299	363	2	
298	362	-2	
58	60	-2	
58	62	4	
48	54	-1	
257	260	-2	
481	485	1	
435	438	3	
236	244	2	
504	508	-1	
483	486	2	
486	494	3	
483	487	-1	
314	317	2	
314	319	-2	
306	311	-2	
43	47	-1	
396	404	2	
399	407	-1	
288	295	-3	
146	148	3	
151	159	3	
179	180	-1	
17	20	-1	
81	86	-3	
163	165	-3	
163	166	1	
209	213	2	
209	214	-2	
206	214	-1	
9	73	3	
377	441	-1	
376	440	2	
88	93	-3	
91	93	-2	
91	95	2	
496	501	-1	
472	476	-1	
475	479	3	
474	477	-2	
451	453	2	
268	276	-1	
271	279	2	
168	232	-2	
101	109	-3	
102	110	-2	
424	431	-2	
491	492	2	
192	196	2	
196	204	-1	
283	347	-2	
212	220	-4	
219	223	-1	
215	223	4	
211	215	2	
405	413	-1	
409	413	2	
406	414	-1	
138	143	-2	
135	143	1	
353	359	3	
355	419	-2	
353	417	1	
35	36	3	
35	99	-1	
34	98	1	
315	316	-2	
249	252	-3	
248	255	1	
224	229	2	
147	151	-3	
368	374	1	
403	467	2	
467	469	-2	
18	21	3	
443	444	2	
69	77	-3	
74	77	1	
71	79	-2	
385	388	2	
459	461	-1	
81	87	2	
482	484	3	
485	493	3	
201	265	-1	
272	278	-2	
275	339	-2	
498	502	-2	
112	119	2	
50	54	-3	
354	418	1	
352	416	-2	
26	90	2	
3	67	2	
325	333	-2	
305	308	-1	
217	221	1	
242	246	-2	
450	454	-2	
458	463	2	
154	157	2	
154	158	-2	
150	158	-3	
144	150	-1	
33	36	2	
33	39	4	
131	133	-1	
129	133	-2	
372	380	-1	
371	375	1	
264	271	-2	
264	328	2	
89	94	2	
97	103	-2	
402	466	-2	
466	471	2	
138	202	1	
243	307	-1	
241	305	1	
68	76	2	
277	285	1	
279	287	-1	
19	20	-3	
83	86	-2	
227	228	-2	
100	108	-1	
507	510	-2	
250	314	-1	
313	318	1	
113	118	-1	
56	63	3	
346	351	3	
344	350	2	
235	239	2	
152	156	-1	
418	422	2	
170	175	-2	
425	489	2	
496	503	2	
41	46	1	
275	276	1	
256	261	-1	
393	398	2	
70	78	1	
72	79	-1	
185	189	2	
84	92	2	
85	93	-1	
147	211	1	
411	412	1	
412	420	1	
292	300	-1	
376	380	3	
139	141	-2	
1	65	-2	
282	286	2	
233	238	2	
50	52	-2	
51	53	-2	
17	23	1	
265	329	-1	
458	460	1	
144	208	1	
291	355	-1	
289	353	1	
177	182	1	
328	332	1	
328	333	2	
505	509	1	
385	449	1	
221	229	-1	
42	45	-2	
87	95	2	
347	411	2	
392	456	-2	
96	103	-1	
362	365	1	
203	207	2	
130	135	1	
25	89	-2	
112	116	1	
341	349	-1	
226	231	2	
226	290	1	
289	295	-1	
225	289	-1	
104	110	1	
304	310	-1	
426	490	-1	
232	236	-1	
251	254	-1	
370	372	-1	
178	181	2	
98	162	2	
194	198	1	
171	173	2	
474	478	-2	
330	394	-1	
393	397	1	
312	318	1	
345	409	1	
128	134	-1	
184	190	-1	
449	455	-2	
64	68	-1	
66	69	-1	
331	334	1	
336	341	1	
80	85	-1	
4	12	-1	
5	13	1	
225	230	1	
410	414	-1	
409	415	-1	
322	327	1	
369	374	1	
475	478	-1	
421	429	-1	
104	168	1	
172	180	-1	
174	182	1	
282	284	1	
145	151	1	
146	149	1	
400	406	1	
20	28	1	
23	31	1	
86	94	-1	
237	245	-1	
256	262	-1	
339	403	-1	
337	401	-1	
197	205	-1	
217	281	-1	
281	285	-1	
21	29	1	
22	30	-1	
432	496	-1	
45	53	-1	
Energy:	-2508	
