NumberOfQubits	504	
NumberOfSubgraphs	756	
Serial	348	
PlantedSolution:	
0	1	
1	1	
2	-1	
3	-1	
4	-1	
5	1	
6	-1	
8	-1	
9	1	
10	1	
11	1	
12	1	
13	1	
14	1	
15	1	
16	1	
17	1	
18	1	
19	-1	
20	-1	
21	-1	
22	1	
23	1	
24	-1	
25	1	
26	1	
27	1	
28	1	
29	-1	
30	-1	
31	1	
32	1	
33	-1	
34	-1	
35	-1	
36	1	
37	-1	
38	1	
39	-1	
40	1	
41	1	
42	1	
43	1	
44	1	
45	1	
46	-1	
47	-1	
48	1	
49	-1	
50	-1	
51	1	
52	-1	
53	1	
54	1	
55	-1	
56	-1	
57	1	
58	1	
59	1	
60	1	
61	-1	
62	1	
63	1	
64	1	
65	-1	
66	-1	
67	-1	
68	1	
69	-1	
70	-1	
71	-1	
72	-1	
73	-1	
74	1	
75	-1	
76	1	
77	1	
78	1	
79	1	
80	-1	
81	-1	
82	1	
83	-1	
84	1	
85	-1	
86	1	
87	-1	
88	1	
89	-1	
90	1	
91	-1	
92	-1	
93	1	
94	-1	
95	1	
96	1	
97	1	
98	-1	
99	1	
100	1	
101	1	
102	1	
103	-1	
104	1	
105	1	
106	1	
107	-1	
108	1	
109	-1	
110	-1	
111	-1	
112	1	
113	1	
114	-1	
115	1	
116	-1	
117	1	
118	-1	
119	-1	
120	-1	
121	-1	
123	-1	
124	1	
125	-1	
126	1	
127	1	
128	1	
129	-1	
130	-1	
131	1	
132	-1	
133	1	
134	1	
135	1	
136	1	
137	1	
138	1	
139	-1	
141	1	
142	-1	
143	1	
144	-1	
145	-1	
146	1	
147	1	
148	1	
149	1	
150	1	
151	-1	
152	1	
153	1	
154	1	
155	-1	
156	-1	
157	1	
158	-1	
159	1	
160	-1	
161	-1	
162	-1	
163	1	
164	1	
165	1	
166	1	
167	1	
168	-1	
169	-1	
170	1	
171	-1	
172	-1	
173	-1	
174	-1	
175	-1	
176	1	
177	1	
178	1	
179	1	
180	-1	
181	-1	
182	1	
183	-1	
184	-1	
185	-1	
186	1	
187	-1	
188	-1	
189	-1	
190	-1	
191	1	
192	1	
193	-1	
194	-1	
195	1	
196	-1	
197	-1	
198	1	
199	-1	
200	-1	
201	1	
202	-1	
203	-1	
204	1	
205	-1	
206	-1	
207	1	
208	-1	
209	-1	
210	1	
211	1	
212	1	
213	-1	
214	1	
215	1	
216	-1	
217	1	
218	-1	
219	-1	
220	-1	
221	-1	
222	-1	
223	-1	
224	1	
225	-1	
226	-1	
227	1	
228	-1	
229	1	
230	-1	
231	-1	
232	1	
233	1	
234	1	
235	-1	
236	-1	
237	1	
238	-1	
239	1	
240	-1	
241	-1	
242	-1	
243	1	
244	-1	
245	1	
246	-1	
247	-1	
248	1	
249	1	
250	-1	
251	-1	
252	-1	
253	1	
254	1	
255	-1	
256	-1	
257	1	
258	-1	
259	1	
260	1	
261	-1	
262	1	
263	1	
264	-1	
265	1	
266	1	
267	1	
268	1	
269	1	
270	1	
271	1	
272	-1	
273	-1	
274	-1	
275	1	
276	1	
277	1	
278	1	
279	1	
280	1	
281	1	
282	-1	
283	-1	
284	-1	
285	1	
286	1	
287	1	
288	-1	
289	-1	
290	-1	
291	1	
292	1	
293	-1	
294	-1	
295	1	
296	-1	
297	1	
298	-1	
299	1	
300	-1	
301	1	
302	1	
303	-1	
304	-1	
305	1	
306	-1	
307	-1	
308	1	
309	1	
310	1	
311	-1	
312	-1	
313	1	
314	-1	
315	1	
316	1	
317	1	
318	1	
319	-1	
320	1	
321	-1	
322	1	
323	-1	
324	-1	
325	1	
326	-1	
327	-1	
328	-1	
329	1	
330	1	
331	1	
332	1	
333	1	
334	1	
335	-1	
336	1	
337	1	
338	1	
339	-1	
340	-1	
341	-1	
342	-1	
343	-1	
344	1	
345	1	
346	1	
347	-1	
348	1	
349	1	
350	-1	
351	1	
352	-1	
353	1	
354	-1	
355	-1	
356	1	
357	-1	
358	1	
359	1	
361	-1	
362	-1	
363	-1	
364	-1	
365	-1	
367	1	
368	1	
369	-1	
370	-1	
371	1	
372	1	
373	1	
374	-1	
375	1	
376	-1	
377	-1	
378	-1	
379	1	
380	1	
382	-1	
383	1	
384	1	
385	-1	
386	1	
387	1	
388	1	
389	-1	
390	-1	
391	-1	
392	1	
393	-1	
394	1	
396	-1	
397	-1	
398	1	
399	-1	
400	-1	
401	1	
402	1	
403	1	
404	-1	
405	-1	
406	1	
407	1	
408	1	
409	1	
410	-1	
411	1	
412	-1	
413	1	
414	1	
415	-1	
416	1	
417	-1	
418	-1	
419	-1	
420	1	
421	-1	
422	1	
424	1	
425	1	
426	1	
427	1	
428	1	
429	1	
430	1	
431	-1	
432	1	
433	-1	
434	1	
435	-1	
436	-1	
437	1	
438	1	
439	-1	
440	1	
441	1	
442	-1	
443	-1	
444	1	
445	-1	
446	-1	
447	-1	
448	-1	
449	1	
450	-1	
451	1	
452	1	
453	-1	
454	-1	
455	-1	
456	-1	
457	1	
458	1	
459	-1	
460	1	
461	1	
462	-1	
463	1	
464	-1	
465	1	
466	1	
467	1	
468	1	
469	-1	
470	-1	
471	1	
472	1	
473	-1	
474	1	
475	1	
476	-1	
477	-1	
478	-1	
479	1	
480	1	
481	1	
482	-1	
483	-1	
484	1	
485	-1	
486	1	
487	1	
488	-1	
489	1	
490	1	
491	1	
492	1	
493	1	
494	1	
495	-1	
496	1	
497	-1	
498	1	
499	1	
500	1	
501	-1	
502	-1	
503	-1	
504	1	
505	-1	
506	-1	
507	1	
508	1	
509	-1	
510	1	
511	1	
Js:	
306	308	6	
307	308	4	
307	371	4	
371	372	2	
370	372	6	
306	370	-3	
384	388	-4	
386	388	-5	
386	389	-2	
387	389	3	
387	390	4	
384	390	3	
449	453	4	
453	461	-2	
456	461	4	
456	463	4	
455	463	4	
449	455	2	
26	29	6	
29	37	-3	
34	37	-3	
34	38	3	
30	38	-4	
26	30	4	
417	421	5	
421	429	3	
427	429	-3	
427	430	-1	
422	430	-4	
417	422	5	
232	237	-3	
233	237	-6	
233	297	3	
297	303	4	
296	303	-6	
232	296	2	
114	118	-5	
118	126	5	
123	126	-7	
123	127	5	
119	127	5	
114	119	-5	
177	183	5	
179	183	3	
179	243	-3	
243	247	-3	
241	247	-3	
177	241	2	
272	276	4	
274	276	-4	
274	338	1	
338	341	3	
336	341	4	
272	336	2	
201	204	4	
202	204	4	
202	205	-3	
200	205	-3	
200	206	-3	
201	206	3	
344	348	-3	
348	356	-4	
355	356	4	
355	357	5	
349	357	4	
344	349	-3	
211	212	-4	
212	220	3	
219	220	-5	
219	221	-5	
213	221	-4	
211	213	-4	
97	102	-4	
99	102	-5	
99	163	-4	
163	167	-4	
161	167	4	
97	161	2	
56	60	5	
57	60	-4	
57	63	-6	
59	63	2	
59	62	-5	
56	62	5	
226	228	-3	
227	228	5	
227	230	7	
224	230	4	
224	231	-4	
226	231	-2	
105	109	5	
106	109	2	
106	170	-4	
170	174	2	
169	174	4	
105	169	3	
482	484	4	
484	492	-3	
488	492	6	
488	495	-2	
487	495	-1	
482	487	4	
16	20	3	
19	20	-4	
19	21	5	
17	21	3	
17	22	-6	
16	22	-4	
2	5	4	
5	13	-1	
9	13	-5	
9	14	-5	
6	14	-1	
2	6	-6	
441	447	5	
443	447	-5	
443	507	5	
507	508	-2	
505	508	6	
441	505	-3	
248	254	3	
249	254	-3	
249	313	-1	
313	318	-4	
312	318	4	
248	312	3	
144	148	7	
147	148	3	
147	149	-5	
146	149	-5	
146	151	2	
144	151	-2	
464	468	5	
466	468	-2	
466	471	-6	
467	471	-5	
467	470	3	
464	470	4	
403	404	4	
404	412	-4	
408	412	4	
408	415	3	
407	415	-3	
403	407	-4	
339	342	-3	
342	350	-3	
347	350	-3	
347	351	2	
343	351	3	
339	343	4	
216	222	-4	
218	222	-3	
218	282	4	
282	285	3	
280	285	-5	
216	280	4	
128	132	7	
131	132	4	
131	135	-2	
129	135	-7	
129	134	4	
128	134	-3	
89	92	-5	
91	92	-5	
91	94	3	
88	94	2	
88	95	-5	
89	95	3	
474	477	4	
477	485	-3	
480	485	-4	
480	486	-3	
478	486	2	
474	478	7	
304	309	4	
305	309	-6	
305	369	2	
369	373	-3	
368	373	-4	
304	368	3	
329	334	-2	
330	334	-4	
330	394	1	
394	398	-4	
393	398	4	
329	393	2	
42	44	-6	
44	52	4	
51	52	-2	
51	53	-3	
45	53	-4	
42	45	-3	
152	157	-4	
155	157	7	
155	159	3	
154	159	-4	
154	158	3	
152	158	5	
186	190	5	
187	190	-5	
187	251	-3	
251	252	7	
250	252	-4	
186	250	3	
433	436	-2	
434	436	6	
434	437	4	
432	437	-4	
432	438	-3	
433	438	4	
498	501	2	
501	509	-4	
504	509	3	
504	511	-5	
503	511	4	
498	503	5	
74	79	-5	
75	79	-2	
75	139	-3	
139	141	6	
138	141	-5	
74	138	-2	
281	286	-4	
286	294	2	
291	294	4	
291	295	-5	
287	295	1	
281	287	-6	
193	196	-4	
194	196	-4	
194	258	3	
258	261	-6	
257	261	5	
193	257	2	
80	84	5	
82	84	-5	
82	87	3	
81	87	-4	
81	86	5	
80	86	5	
362	364	3	
363	364	-6	
363	367	3	
361	367	6	
361	365	-3	
362	365	-6	
48	55	7	
49	55	-2	
49	113	6	
113	116	4	
112	116	5	
48	112	-5	
160	164	2	
164	172	4	
171	172	-5	
171	173	-1	
165	173	5	
160	165	-3	
120	124	3	
121	124	8	
121	185	-1	
185	188	-7	
184	188	-5	
120	184	1	
264	268	4	
265	268	-6	
265	270	-4	
267	270	-5	
267	271	-4	
264	271	6	
451	452	-5	
452	460	-2	
457	460	-5	
457	462	4	
454	462	-2	
451	454	3	
321	325	4	
323	325	5	
323	326	-4	
322	326	5	
322	327	-2	
321	327	-4	
64	68	5	
67	68	3	
67	70	-1	
65	70	-3	
65	69	-4	
64	69	4	
376	380	5	
378	380	4	
378	442	-3	
442	446	-4	
440	446	3	
376	440	3	
402	405	5	
405	413	2	
411	413	-5	
411	414	-4	
406	414	1	
402	406	-3	
234	238	5	
235	238	-6	
235	299	2	
299	300	6	
298	300	4	
234	298	3	
72	76	5	
73	76	3	
73	137	4	
137	142	-2	
136	142	5	
72	136	3	
27	28	-3	
28	36	2	
32	36	-4	
32	39	4	
31	39	3	
27	31	-3	
289	293	-4	
290	293	-5	
290	354	2	
354	359	6	
353	359	-5	
289	353	4	
425	428	-5	
426	428	-4	
426	490	-4	
490	493	-5	
489	493	-5	
425	489	-4	
40	47	5	
43	47	3	
43	107	4	
107	110	3	
104	110	3	
40	104	-4	
192	199	4	
195	199	4	
195	259	-2	
259	260	-6	
256	260	5	
192	256	-1	
176	182	-3	
178	182	-2	
178	242	4	
242	244	-5	
240	244	-5	
176	240	3	
8	12	6	
11	12	-5	
11	15	-4	
10	15	-5	
10	14	1	
8	14	5	
328	332	-3	
329	332	-1	
329	333	-5	
331	333	-3	
331	335	3	
328	335	-3	
496	500	-4	
497	500	3	
497	501	4	
499	501	2	
499	502	3	
496	502	2	
145	150	6	
146	150	-4	
146	210	-3	
210	215	-4	
209	215	4	
145	209	-4	
98	100	5	
99	100	-3	
99	103	-2	
96	103	3	
96	101	-5	
98	101	4	
312	316	4	
315	316	-3	
315	317	-5	
314	317	4	
314	319	-4	
312	319	-3	
473	476	-5	
475	476	3	
475	478	-3	
472	478	3	
472	479	-6	
473	479	3	
371	374	4	
374	382	-4	
379	382	7	
379	383	-4	
375	383	3	
371	375	-4	
272	277	-2	
275	277	-5	
275	278	-5	
273	278	5	
273	279	2	
272	279	6	
352	358	5	
355	358	4	
355	419	-4	
419	420	3	
416	420	-6	
352	416	4	
385	388	3	
388	396	4	
392	396	-4	
392	399	3	
391	399	-3	
385	391	-3	
345	351	-5	
346	351	-3	
346	410	4	
410	412	-3	
409	412	-3	
345	409	-2	
208	214	5	
214	222	3	
217	222	4	
217	223	4	
215	223	-2	
208	215	3	
66	71	-4	
67	71	-4	
67	131	2	
131	133	-5	
130	133	5	
66	130	-3	
400	406	5	
401	406	-3	
401	465	-5	
465	469	5	
464	469	-5	
400	464	-3	
41	44	-4	
50	52	-7	
50	54	3	
46	54	4	
41	46	5	
0	4	5	
1	4	6	
1	6	3	
3	6	-4	
3	5	-5	
0	5	-4	
83	85	-5	
85	93	3	
90	93	-5	
90	95	3	
87	95	2	
83	87	-4	
424	430	-4	
430	438	-1	
435	438	3	
435	439	3	
431	439	-3	
424	431	5	
202	207	3	
203	207	5	
203	267	-1	
267	269	-4	
266	269	-3	
202	266	1	
161	166	3	
162	166	2	
162	226	-4	
226	229	5	
225	229	6	
161	225	-6	
283	284	-3	
284	292	1	
288	292	-5	
288	294	-3	
283	286	5	
297	302	-3	
302	310	1	
306	310	2	
306	311	-5	
303	311	-1	
18	20	6	
20	28	3	
24	28	4	
24	31	3	
23	31	2	
18	23	-5	
178	181	-5	
181	189	-4	
187	189	-5	
187	191	5	
183	191	3	
178	183	4	
240	245	-2	
245	253	-4	
250	253	4	
250	255	-4	
247	255	-4	
240	247	-4	
256	262	5	
257	262	-3	
257	321	3	
321	324	-3	
320	324	3	
256	320	3	
106	108	-4	
108	116	3	
115	116	-3	
115	119	3	
111	119	-1	
106	111	3	
483	484	3	
491	492	-5	
491	494	4	
486	494	-1	
483	486	7	
442	444	5	
443	444	4	
507	510	-4	
506	510	-3	
442	506	-3	
168	175	-4	
171	175	-4	
171	235	2	
235	239	5	
232	239	-5	
168	232	2	
338	340	6	
339	340	-4	
339	341	-5	
337	341	4	
337	342	5	
338	342	3	
192	197	3	
194	197	-4	
194	199	-3	
195	198	3	
192	198	-3	
448	453	-5	
451	453	4	
451	455	4	
450	455	-3	
450	454	3	
448	454	-6	
49	53	4	
53	61	2	
58	61	-3	
58	62	-4	
54	62	-2	
49	54	4	
73	77	3	
75	77	6	
139	143	-2	
137	143	-5	
33	36	5	
34	36	3	
35	37	-6	
35	38	3	
33	38	4	
459	460	4	
459	461	6	
458	461	-2	
458	463	-4	
457	463	4	
152	156	4	
153	156	4	
153	159	-3	
114	117	4	
117	125	5	
121	125	-5	
121	126	3	
376	382	-4	
377	382	-3	
377	441	-2	
441	445	2	
440	445	5	
417	420	-1	
418	420	6	
418	482	-4	
482	485	-4	
481	485	4	
417	481	4	
234	236	4	
236	244	-2	
242	246	6	
238	246	-1	
384	389	4	
389	397	-3	
394	397	4	
390	398	4	
298	301	4	
299	301	-1	
299	363	-1	
363	365	-4	
298	362	-2	
179	180	3	
180	188	-3	
185	190	-3	
182	190	-2	
179	182	-5	
258	263	3	
259	263	-3	
259	323	2	
323	327	-4	
258	322	2	
25	30	4	
26	90	1	
89	93	3	
25	89	2	
64	70	3	
70	78	6	
74	78	-4	
71	79	4	
64	71	3	
241	246	-5	
243	246	1	
243	307	-2	
307	309	2	
241	305	3	
424	428	-3	
428	436	1	
432	436	-3	
432	439	2	
274	277	2	
277	285	-4	
281	285	-3	
279	287	-4	
274	279	5	
209	212	4	
208	213	-4	
209	214	4	
16	21	3	
19	83	-3	
80	85	-2	
16	80	4	
163	165	-4	
168	173	-3	
168	174	-5	
166	174	3	
163	166	3	
266	268	-3	
266	271	-3	
264	269	3	
265	269	-3	
225	228	-1	
225	231	-3	
104	108	-1	
105	108	-4	
107	109	-4	
107	111	2	
104	111	6	
498	502	3	
502	510	3	
506	511	4	
40	45	-3	
42	47	3	
41	47	4	
40	46	-3	
196	204	4	
198	206	6	
193	198	3	
304	308	3	
308	316	-4	
313	316	-3	
313	319	4	
311	319	-5	
304	311	-3	
345	348	3	
347	348	4	
347	411	2	
409	413	-2	
488	493	3	
489	495	6	
491	495	5	
488	494	3	
290	292	3	
291	292	-3	
291	293	2	
288	293	-4	
288	295	3	
290	295	3	
145	148	-2	
145	151	-4	
147	151	5	
144	149	3	
369	372	3	
370	434	1	
433	437	3	
369	433	-2	
393	396	-5	
396	404	-2	
400	404	-3	
400	407	4	
399	407	-4	
393	399	-4	
248	252	3	
251	253	3	
249	253	-6	
249	255	4	
248	255	4	
130	132	-3	
129	133	2	
128	135	-2	
330	332	-4	
331	332	-5	
331	334	3	
328	334	4	
328	333	4	
330	333	-3	
59	60	-4	
59	123	3	
120	127	4	
56	120	2	
216	220	-3	
218	220	-3	
218	223	-7	
217	221	3	
216	221	-4	
352	357	-5	
354	357	2	
354	418	-1	
418	421	-2	
416	421	3	
96	100	-3	
97	101	3	
97	103	5	
472	476	4	
473	477	2	
475	477	6	
475	479	-3	
344	350	2	
346	350	-4	
410	414	5	
408	414	-4	
344	408	-4	
24	29	-3	
27	29	1	
27	91	5	
88	92	-1	
24	88	4	
465	468	2	
467	468	-5	
466	470	5	
465	471	-3	
10	12	-4	
11	13	-4	
9	15	-4	
315	379	-5	
378	383	5	
314	378	-4	
65	68	4	
68	76	-3	
72	77	-3	
69	77	5	
17	23	-4	
18	82	3	
82	86	-4	
17	81	4	
162	164	5	
170	172	-2	
170	175	4	
167	175	4	
162	167	2	
51	55	3	
51	115	-6	
115	117	-4	
112	117	-2	
353	356	3	
356	364	2	
361	364	-4	
359	367	-3	
386	391	4	
386	450	3	
450	452	6	
449	452	-5	
385	449	-3	
273	276	-3	
273	337	2	
337	343	5	
336	343	3	
136	141	-2	
139	203	-3	
200	207	6	
136	200	-3	
500	508	-3	
505	509	-4	
496	501	4	
176	180	5	
184	189	3	
176	181	3	
419	422	4	
419	483	-3	
483	487	3	
481	487	-3	
392	397	5	
394	458	-4	
458	462	-4	
456	462	-4	
392	456	3	
56	61	-4	
57	61	-5	
58	63	-5	
224	228	3	
228	236	-3	
233	236	4	
229	237	1	
224	229	-2	
280	284	4	
282	284	-5	
282	286	3	
283	285	3	
370	373	5	
370	375	-1	
368	374	6	
89	94	-4	
90	94	3	
90	154	-4	
154	156	5	
89	153	3	
3	4	-5	
1	5	-4	
427	428	4	
426	429	-4	
426	430	-3	
425	430	-5	
33	39	-4	
35	39	2	
32	37	2	
296	300	-3	
298	302	3	
297	301	-5	
296	301	5	
322	324	6	
323	324	2	
320	325	-3	
320	326	2	
339	403	-3	
403	405	1	
338	402	-3	
134	142	4	
138	142	4	
138	143	-2	
135	143	-3	
259	262	-4	
258	262	2	
256	263	4	
435	437	-3	
437	445	3	
438	446	5	
269	277	-1	
270	278	1	
116	124	-3	
113	117	-2	
377	380	4	
441	444	-3	
184	191	4	
186	191	-3	
250	254	4	
184	248	2	
99	101	3	
101	109	2	
106	110	5	
102	110	1	
157	165	-2	
160	166	6	
158	166	1	
195	197	5	
197	205	-4	
81	84	-2	
81	145	-1	
144	150	3	
80	144	-2	
401	404	4	
402	404	1	
402	466	-4	
466	469	-1	
490	492	-3	
492	500	1	
497	502	-4	
494	502	3	
490	494	-4	
43	44	-3	
50	53	-2	
43	45	-5	
309	317	-4	
315	318	-2	
310	318	-3	
305	310	-4	
347	349	-3	
350	358	4	
169	172	-5	
172	180	-2	
177	180	3	
177	181	2	
173	181	-1	
169	173	3	
66	68	-3	
72	78	2	
66	70	-3	
235	237	-2	
237	245	-3	
241	245	4	
239	247	2	
8	13	1	
13	21	2	
14	22	3	
387	451	2	
384	448	2	
210	212	2	
210	213	3	
325	333	-4	
329	335	6	
327	335	2	
320	327	6	
506	508	5	
506	509	3	
505	511	2	
457	461	-2	
459	463	3	
459	462	-3	
409	415	6	
411	415	5	
435	436	-3	
435	499	4	
499	503	3	
496	503	3	
432	496	-5	
25	29	4	
27	30	4	
25	31	-3	
293	301	-3	
295	303	3	
289	295	3	
3	67	-4	
67	69	-4	
0	64	-5	
400	405	-3	
401	405	-5	
401	407	-1	
403	406	-4	
424	429	-4	
425	429	-3	
424	488	-4	
92	100	2	
97	100	-3	
94	102	4	
9	12	-2	
10	74	3	
73	79	4	
9	73	2	
41	105	-2	
105	111	3	
133	141	1	
131	134	-3	
115	179	-1	
114	178	-1	
192	196	4	
203	204	-3	
203	205	-4	
266	270	5	
265	271	-2	
365	373	4	
369	375	4	
367	375	-3	
227	229	1	
226	230	-2	
304	310	-4	
112	118	4	
113	118	-2	
113	177	-1	
176	183	3	
112	176	-1	
156	164	2	
159	167	1	
219	223	-2	
219	283	-3	
280	287	-2	
281	345	-3	
345	349	-3	
280	344	1	
289	294	-3	
290	294	-3	
210	214	4	
210	274	2	
274	278	4	
209	273	-2	
83	86	2	
83	147	-1	
82	146	-2	
185	189	-2	
249	252	2	
185	249	2	
19	22	5	
16	23	-4	
32	38	-3	
34	98	-3	
98	103	2	
32	96	-3	
474	476	3	
476	484	-1	
480	484	-3	
480	487	-5	
479	487	-2	
474	479	-2	
332	340	1	
336	340	4	
336	342	5	
334	342	1	
368	372	-3	
372	380	-3	
379	380	-2	
363	427	2	
427	431	6	
426	431	3	
362	426	2	
169	175	-2	
170	234	-1	
234	239	2	
233	239	-2	
169	233	1	
193	199	-5	
418	422	5	
419	421	-4	
243	244	3	
243	245	-4	
242	245	1	
240	246	-3	
58	60	-4	
59	61	4	
443	445	-5	
439	447	-5	
434	439	2	
387	388	-4	
392	398	-4	
49	52	2	
48	54	-1	
120	125	-5	
8	15	-3	
11	75	2	
75	78	4	
8	72	-3	
292	300	3	
299	302	-6	
294	302	3	
136	143	-5	
137	201	-3	
201	207	-2	
346	348	-3	
2	66	-4	
65	71	3	
1	65	3	
333	341	1	
335	343	1	
330	335	3	
107	108	4	
42	106	2	
82	85	3	
88	93	-4	
211	215	-3	
211	275	-3	
275	279	1	
208	272	-3	
314	316	2	
376	383	3	
312	376	-3	
171	174	-3	
232	238	2	
153	158	-2	
155	158	-5	
155	219	-1	
219	222	-2	
153	217	-3	
448	455	-5	
440	447	-3	
504	510	-5	
440	504	-3	
324	332	4	
326	334	4	
321	326	-3	
410	413	3	
409	414	2	
130	134	4	
146	148	-2	
147	150	2	
186	188	3	
184	190	3	
393	397	-4	
397	405	-2	
402	407	-2	
491	493	-2	
493	501	2	
495	503	2	
257	260	2	
307	311	-2	
306	309	-2	
163	164	3	
248	253	-3	
251	254	4	
251	255	-2	
433	439	-3	
433	497	-4	
482	486	2	
76	84	-2	
83	84	3	
77	85	-1	
460	468	2	
461	469	2	
436	444	3	
434	438	2	
51	54	-4	
47	55	-2	
227	291	-2	
224	288	3	
377	383	3	
276	284	4	
282	287	3	
490	495	2	
201	205	3	
232	236	4	
233	238	-2	
110	118	-3	
346	349	-2	
351	359	-2	
123	124	4	
98	102	2	
10	13	-5	
507	509	4	
505	510	3	
470	478	-2	
473	478	3	
471	479	-2	
179	181	3	
177	182	-5	
168	172	-2	
314	318	-3	
90	92	2	
91	95	2	
195	196	-2	
386	390	3	
387	391	-4	
384	391	4	
450	453	-3	
307	310	4	
273	277	4	
275	339	1	
296	302	2	
298	303	-2	
394	396	3	
458	460	-4	
456	460	3	
244	252	-2	
246	254	4	
291	355	2	
283	347	-2	
427	491	-2	
50	114	-3	
161	165	-1	
162	165	3	
105	110	3	
129	132	-2	
130	135	2	
328	392	-1	
26	28	-3	
21	29	1	
18	21	4	
313	317	-2	
313	377	-4	
371	373	-2	
258	260	2	
260	268	3	
261	269	4	
148	156	4	
151	159	4	
186	189	4	
185	191	3	
344	351	-3	
408	413	-3	
337	340	-2	
104	109	4	
103	111	-3	
0	6	4	
91	93	-2	
483	485	-2	
48	53	-3	
113	119	3	
112	119	3	
34	39	-4	
33	37	-4	
19	23	1	
15	23	-2	
217	281	-1	
280	286	2	
385	389	-6	
449	454	4	
194	198	-3	
202	206	-4	
199	207	2	
231	239	2	
467	469	3	
462	470	1	
411	412	3	
411	475	-1	
410	474	2	
123	125	-1	
170	173	5	
74	76	-4	
80	87	2	
79	87	1	
259	261	1	
257	263	3	
441	446	5	
368	375	-3	
275	276	-3	
73	78	2	
42	46	4	
43	46	1	
41	45	3	
398	406	-2	
409	473	3	
408	472	-2	
141	149	-2	
142	150	-1	
139	142	-2	
266	330	-3	
264	328	-3	
481	486	-3	
434	498	-3	
235	236	1	
234	237	-3	
96	160	2	
323	387	-1	
321	385	-1	
200	204	2	
289	292	3	
305	311	-2	
465	470	3	
154	157	2	
153	157	-3	
52	60	3	
340	348	1	
341	349	3	
11	14	3	
178	180	2	
345	350	2	
338	343	-2	
208	212	2	
211	214	-2	
131	195	-2	
129	193	-2	
267	331	-2	
265	329	2	
81	85	-2	
241	244	-1	
242	247	-2	
504	508	-2	
507	511	-3	
362	367	3	
297	361	-1	
354	356	4	
352	359	3	
353	358	-2	
222	230	2	
227	231	3	
223	231	-2	
489	494	-3	
369	374	-4	
371	435	2	
121	127	2	
312	317	-1	
394	399	4	
95	103	3	
364	372	-3	
161	164	-2	
130	194	1	
128	192	-3	
120	126	3	
416	422	-2	
416	480	3	
152	159	-3	
57	62	-2	
251	315	1	
498	500	-3	
499	500	4	
497	503	-1	
472	477	3	
263	271	-3	
25	28	3	
26	31	-4	
440	444	-3	
442	445	-3	
35	36	4	
35	99	1	
72	79	2	
149	157	-2	
150	158	-2	
385	390	2	
315	319	2	
217	220	-3	
220	228	-1	
40	44	-3	
84	92	1	
86	94	-2	
278	286	2	
203	206	-2	
33	97	-1	
96	102	-2	
481	484	4	
485	493	1	
24	30	-2	
38	46	-1	
39	47	-1	
429	437	1	
353	357	3	
201	265	1	
200	264	-1	
272	278	1	
226	290	2	
100	108	-2	
12	20	1	
128	133	-3	
283	287	-2	
393	457	1	
147	211	-2	
144	208	-1	
55	63	3	
50	55	-3	
322	325	2	
354	358	3	
464	471	-1	
138	202	3	
378	382	2	
262	270	-2	
2	4	-4	
361	425	2	
88	152	-2	
57	121	1	
145	149	1	
193	197	-2	
299	303	-2	
443	446	1	
218	221	-1	
17	20	-1	
370	374	2	
91	155	1	
225	230	1	
160	224	2	
403	467	2	
137	141	2	
305	308	1	
152	216	2	
98	162	-2	
204	212	1	
207	215	-2	
357	365	1	
412	420	1	
413	421	1	
297	300	-2	
230	238	-2	
209	213	-2	
104	168	-2	
468	476	-2	
160	167	3	
250	314	-1	
267	268	-2	
56	63	-2	
143	151	1	
65	129	-1	
410	415	-1	
425	431	-1	
109	117	-1	
368	432	-1	
205	213	1	
355	359	1	
353	417	1	
264	270	1	
93	101	1	
240	304	-1	
66	69	1	
352	356	1	
469	477	-2	
225	289	-1	
107	171	1	
216	223	-1	
75	76	-1	
221	229	1	
322	386	1	
320	384	-1	
115	118	1	
281	284	-1	
420	428	1	
463	471	-1	
174	182	1	
155	156	-1	
Energy:	-3356	
