NumberOfQubits	504	
NumberOfSubgraphs	588	
Serial	370	
PlantedSolution:	
0	-1	
1	-1	
2	1	
3	-1	
4	-1	
5	-1	
6	1	
8	1	
9	1	
10	1	
11	1	
12	-1	
13	1	
14	1	
15	-1	
16	1	
17	1	
18	1	
19	1	
20	1	
21	1	
22	-1	
23	1	
24	-1	
25	1	
26	1	
27	1	
28	-1	
29	1	
30	-1	
31	1	
32	-1	
33	1	
34	-1	
35	-1	
36	1	
37	-1	
38	-1	
39	-1	
40	1	
41	1	
42	-1	
43	1	
44	1	
45	1	
46	-1	
47	1	
48	-1	
49	1	
50	1	
51	1	
52	1	
53	1	
54	-1	
55	1	
56	1	
57	1	
58	-1	
59	1	
60	-1	
61	-1	
62	-1	
63	-1	
64	-1	
65	-1	
66	-1	
67	-1	
68	-1	
69	-1	
70	1	
71	-1	
72	-1	
73	1	
74	1	
75	-1	
76	1	
77	1	
78	1	
79	-1	
80	-1	
81	-1	
82	1	
83	1	
84	-1	
85	-1	
86	1	
87	-1	
88	-1	
89	1	
90	1	
91	-1	
92	-1	
93	1	
94	-1	
95	-1	
96	1	
97	-1	
98	1	
99	1	
100	-1	
101	-1	
102	-1	
103	-1	
104	-1	
105	-1	
106	1	
107	-1	
108	-1	
109	1	
110	1	
111	1	
112	1	
113	-1	
114	1	
115	1	
116	1	
117	-1	
118	1	
119	-1	
120	-1	
121	1	
123	-1	
124	1	
125	1	
126	-1	
127	-1	
128	-1	
129	1	
130	-1	
131	-1	
132	-1	
133	1	
134	-1	
135	1	
136	1	
137	-1	
138	-1	
139	-1	
141	-1	
142	-1	
143	1	
144	-1	
145	1	
146	1	
147	-1	
148	-1	
149	-1	
150	1	
151	-1	
152	-1	
153	-1	
154	-1	
155	1	
156	1	
157	-1	
158	1	
159	-1	
160	1	
161	-1	
162	1	
163	1	
164	1	
165	1	
166	1	
167	1	
168	1	
169	-1	
170	-1	
171	-1	
172	1	
173	1	
174	1	
175	-1	
176	-1	
177	1	
178	-1	
179	-1	
180	1	
181	1	
182	-1	
183	-1	
184	-1	
185	1	
186	1	
187	1	
188	-1	
189	-1	
190	-1	
191	1	
192	1	
193	-1	
194	-1	
195	-1	
196	1	
197	1	
198	-1	
199	1	
200	-1	
201	-1	
202	1	
203	1	
204	1	
205	-1	
206	-1	
207	1	
208	1	
209	1	
210	-1	
211	1	
212	1	
213	1	
214	1	
215	-1	
216	-1	
217	-1	
218	-1	
219	-1	
220	-1	
221	-1	
222	-1	
223	-1	
224	-1	
225	-1	
226	-1	
227	1	
228	1	
229	1	
230	-1	
231	-1	
232	1	
233	1	
234	1	
235	1	
236	-1	
237	1	
238	-1	
239	1	
240	-1	
241	-1	
242	-1	
243	-1	
244	1	
245	1	
246	-1	
247	1	
248	-1	
249	1	
250	1	
251	-1	
252	1	
253	1	
254	1	
255	-1	
256	1	
257	1	
258	1	
259	-1	
260	1	
261	1	
262	1	
263	1	
264	-1	
265	-1	
266	1	
267	-1	
268	-1	
269	-1	
270	1	
271	1	
272	-1	
273	-1	
274	-1	
275	-1	
276	-1	
277	-1	
278	-1	
279	1	
280	1	
281	-1	
282	-1	
283	1	
284	1	
285	-1	
286	-1	
287	-1	
288	1	
289	-1	
290	1	
291	1	
292	1	
293	1	
294	1	
295	1	
296	1	
297	-1	
298	1	
299	1	
300	1	
301	1	
302	-1	
303	1	
304	-1	
305	-1	
306	1	
307	1	
308	1	
309	-1	
310	-1	
311	1	
312	-1	
313	1	
314	-1	
315	1	
316	-1	
317	1	
318	-1	
319	1	
320	-1	
321	1	
322	-1	
323	1	
324	1	
325	1	
326	1	
327	-1	
328	-1	
329	-1	
330	1	
331	1	
332	1	
333	-1	
334	-1	
335	-1	
336	1	
337	-1	
338	-1	
339	1	
340	-1	
341	1	
342	1	
343	1	
344	1	
345	1	
346	1	
347	-1	
348	-1	
349	-1	
350	1	
351	-1	
352	-1	
353	-1	
354	1	
355	1	
356	-1	
357	1	
358	-1	
359	-1	
361	1	
362	-1	
363	1	
364	1	
365	-1	
367	1	
368	-1	
369	1	
370	1	
371	1	
372	1	
373	-1	
374	-1	
375	-1	
376	1	
377	1	
378	1	
379	1	
380	1	
382	-1	
383	-1	
384	1	
385	1	
386	-1	
387	-1	
388	-1	
389	1	
390	1	
391	-1	
392	-1	
393	-1	
394	-1	
396	1	
397	-1	
398	-1	
399	1	
400	1	
401	-1	
402	1	
403	-1	
404	-1	
405	1	
406	-1	
407	-1	
408	-1	
409	1	
410	1	
411	1	
412	1	
413	-1	
414	1	
415	-1	
416	-1	
417	1	
418	-1	
419	-1	
420	-1	
421	1	
422	1	
424	1	
425	1	
426	1	
427	1	
428	1	
429	-1	
430	1	
431	-1	
432	-1	
433	-1	
434	-1	
435	-1	
436	-1	
437	1	
438	-1	
439	-1	
440	-1	
441	-1	
442	-1	
443	-1	
444	1	
445	1	
446	1	
447	-1	
448	1	
449	-1	
450	1	
451	1	
452	-1	
453	1	
454	1	
455	-1	
456	1	
457	1	
458	1	
459	-1	
460	-1	
461	1	
462	-1	
463	1	
464	-1	
465	-1	
466	1	
467	1	
468	-1	
469	1	
470	1	
471	-1	
472	-1	
473	-1	
474	1	
475	-1	
476	1	
477	1	
478	-1	
479	1	
480	1	
481	-1	
482	-1	
483	-1	
484	-1	
485	1	
486	1	
487	-1	
488	-1	
489	-1	
490	-1	
491	1	
492	-1	
493	-1	
494	-1	
495	-1	
496	1	
497	1	
498	-1	
499	1	
500	-1	
501	-1	
502	-1	
503	1	
504	1	
505	-1	
506	1	
507	-1	
508	1	
509	-1	
510	-1	
511	1	
Js:	
489	492	-2	
491	492	5	
491	494	4	
488	494	3	
488	495	-4	
489	495	-4	
344	350	-3	
347	350	5	
347	411	1	
411	414	-3	
408	414	3	
344	408	-3	
152	157	-3	
153	157	-2	
153	217	2	
217	222	-4	
216	222	-3	
152	216	-3	
306	308	-2	
308	316	4	
315	316	4	
315	318	2	
310	318	-4	
306	310	-5	
441	445	-4	
443	445	4	
443	447	-3	
442	447	-4	
442	446	6	
441	446	2	
401	406	-5	
402	406	2	
402	466	-3	
466	469	-5	
465	469	5	
401	465	1	
81	84	-5	
82	84	3	
82	85	4	
80	85	-2	
80	87	-3	
81	87	2	
224	228	5	
225	228	-2	
225	230	-3	
226	230	-5	
226	231	-2	
224	231	-2	
168	174	-4	
170	174	4	
170	234	-2	
234	236	3	
232	236	3	
168	232	-3	
330	333	3	
333	341	5	
337	341	-1	
337	342	3	
334	342	2	
330	334	1	
248	252	2	
250	252	-6	
250	255	-2	
251	255	-2	
251	254	5	
248	254	3	
313	319	-3	
314	319	3	
314	378	3	
378	382	3	
377	382	3	
313	377	-3	
290	292	3	
291	292	-2	
291	295	-5	
289	295	2	
289	294	4	
290	294	-3	
24	29	3	
27	29	3	
27	30	4	
25	30	3	
25	31	-4	
24	31	2	
457	460	-2	
459	460	-3	
459	463	3	
458	463	-5	
458	461	-2	
457	461	-3	
104	109	3	
106	109	-5	
106	111	-3	
105	111	2	
105	110	5	
104	110	4	
178	180	-1	
180	188	3	
186	188	3	
186	190	2	
182	190	-2	
178	182	-4	
320	324	3	
323	324	-3	
323	387	1	
387	389	4	
384	389	-3	
320	384	-3	
192	197	1	
194	197	4	
194	198	-2	
195	198	-3	
195	199	3	
192	199	-4	
264	268	-2	
266	268	4	
266	269	-2	
267	269	-4	
267	271	3	
264	271	3	
432	438	-5	
434	438	-3	
434	498	-4	
498	501	-3	
496	501	4	
432	496	-4	
281	284	3	
282	284	3	
282	286	-2	
283	286	4	
283	285	3	
281	285	4	
433	437	2	
435	437	-4	
435	499	3	
499	503	-2	
497	503	-3	
433	497	3	
41	44	-3	
44	52	-1	
50	52	-4	
50	55	-4	
47	55	-2	
41	47	5	
32	39	3	
33	39	4	
33	97	5	
97	102	-3	
96	102	3	
32	96	2	
209	212	-4	
210	212	-1	
210	213	4	
211	213	-3	
211	215	2	
209	215	4	
64	71	-3	
65	71	-3	
65	129	3	
129	135	2	
128	135	3	
64	128	-1	
121	126	3	
123	126	-6	
123	187	2	
187	189	2	
185	189	3	
121	185	1	
425	428	-4	
426	428	-2	
426	430	-4	
427	430	-4	
427	431	4	
425	431	3	
8	12	5	
12	20	-1	
19	20	-4	
19	21	-3	
13	21	-1	
8	13	-5	
201	205	-2	
202	205	2	
202	206	2	
203	206	-4	
203	207	-4	
201	207	4	
66	69	-4	
69	77	4	
74	77	1	
74	78	-3	
70	78	-3	
66	70	3	
353	356	-3	
354	356	4	
354	357	-4	
355	357	2	
355	359	3	
353	359	-2	
368	372	2	
371	372	-5	
371	374	-3	
370	374	3	
370	375	5	
368	375	-3	
472	476	3	
473	476	2	
473	477	4	
475	477	4	
475	478	-4	
472	478	-3	
112	116	-5	
113	116	3	
113	117	-3	
115	117	3	
115	118	-4	
112	118	4	
297	300	3	
299	300	-2	
299	302	5	
298	302	2	
298	303	-5	
297	303	-2	
400	407	3	
403	407	2	
403	467	3	
467	470	-4	
464	470	4	
400	464	1	
256	260	-4	
259	260	-1	
259	263	3	
258	263	-3	
258	262	-3	
256	262	-3	
386	388	-3	
388	396	4	
394	396	4	
394	398	-2	
390	398	5	
386	390	3	
160	165	-3	
163	165	-3	
163	166	-3	
162	166	-4	
162	167	-2	
160	167	-5	
90	92	2	
91	92	-3	
91	155	1	
155	159	4	
154	159	2	
90	154	3	
449	452	-3	
451	452	-2	
451	453	-5	
448	453	-2	
448	455	2	
449	455	-6	
240	244	2	
243	244	5	
243	246	-3	
242	246	-3	
242	245	4	
240	245	4	
272	276	-4	
275	276	-3	
275	278	-4	
273	278	-3	
273	277	-2	
272	277	2	
72	79	3	
75	79	-2	
75	139	-5	
139	142	-4	
136	142	2	
72	136	3	
49	53	-3	
53	61	1	
59	61	-5	
59	62	1	
54	62	-4	
49	54	4	
481	484	-3	
482	484	-4	
482	487	-2	
480	487	5	
480	485	-3	
481	485	4	
35	37	-3	
37	45	2	
40	45	-5	
40	46	4	
38	46	-2	
35	38	3	
169	175	-4	
171	175	3	
171	235	2	
235	238	3	
233	238	4	
169	233	3	
506	508	-2	
507	508	3	
507	509	-4	
505	509	-5	
505	511	-1	
506	511	-5	
331	332	-3	
332	340	3	
338	340	-5	
338	343	1	
335	343	-2	
331	335	4	
144	148	-3	
147	148	-4	
147	149	-2	
146	149	4	
146	151	3	
144	151	4	
416	420	4	
417	420	4	
417	421	-5	
419	421	2	
419	422	4	
416	422	3	
0	4	-5	
3	4	-4	
3	6	4	
1	6	4	
1	5	4	
0	5	-3	
362	364	5	
363	364	-4	
363	367	-4	
361	367	-2	
361	365	4	
362	365	2	
345	349	3	
346	349	-2	
346	410	-1	
410	412	-2	
409	412	-4	
345	409	-3	
88	93	4	
93	101	3	
99	101	5	
99	103	-3	
95	103	-2	
88	95	-5	
11	14	-3	
14	22	1	
17	22	3	
17	23	-3	
15	23	1	
11	15	-4	
130	133	5	
133	141	3	
137	141	-1	
137	142	-4	
134	142	-3	
130	134	3	
240	247	3	
241	247	3	
241	305	-2	
305	311	2	
304	311	5	
240	304	2	
218	220	-4	
219	220	-4	
219	221	-2	
217	221	-4	
217	223	-2	
218	223	2	
179	181	3	
181	189	2	
184	189	-2	
184	191	4	
183	191	-3	
179	183	-2	
376	380	-3	
379	380	-5	
379	443	-1	
443	444	2	
440	444	5	
376	440	3	
56	60	3	
57	60	4	
57	62	4	
58	62	-3	
58	63	-6	
56	63	5	
321	325	-3	
322	325	5	
322	326	4	
320	326	2	
320	327	-5	
321	327	4	
385	389	-2	
389	397	4	
392	397	-2	
392	399	4	
391	399	5	
385	391	-3	
114	117	2	
117	125	5	
120	125	4	
120	127	-4	
119	127	3	
114	119	4	
89	92	2	
92	100	-3	
98	100	2	
98	102	3	
94	102	2	
89	94	5	
248	253	2	
249	253	4	
249	313	-1	
313	317	-4	
312	317	3	
248	312	-1	
155	156	-3	
156	164	-1	
161	164	3	
161	166	2	
158	166	-2	
155	158	1	
144	150	2	
145	150	-3	
145	209	3	
209	214	-1	
208	214	-3	
144	208	3	
274	276	-2	
276	284	2	
280	284	-3	
280	287	3	
279	287	3	
274	279	-5	
193	196	3	
194	196	5	
194	258	3	
258	261	-2	
257	261	-4	
193	257	-3	
288	293	-4	
291	293	-3	
291	355	1	
355	358	3	
352	358	-4	
288	352	3	
200	204	3	
201	204	3	
201	265	-1	
265	270	2	
264	270	-4	
200	264	-1	
42	47	2	
43	47	-2	
43	107	2	
107	108	3	
106	108	2	
42	106	3	
26	28	-3	
28	36	3	
34	36	2	
34	39	-1	
31	39	2	
26	31	-3	
67	68	-4	
68	76	3	
73	76	2	
73	78	-3	
67	70	3	
296	300	-5	
300	308	1	
307	308	-3	
307	309	3	
301	309	1	
296	301	-3	
424	429	5	
426	429	3	
426	490	3	
490	493	-4	
488	493	-3	
424	488	-2	
450	452	3	
452	460	-2	
456	460	3	
456	462	4	
454	462	2	
450	454	4	
464	468	-2	
468	476	3	
474	476	-3	
474	479	-4	
471	479	3	
464	471	4	
227	229	-3	
229	237	-3	
235	237	-3	
235	239	4	
231	239	2	
227	231	4	
497	500	3	
500	508	2	
504	508	-4	
504	510	4	
502	510	1	
497	502	2	
336	342	-4	
339	342	-1	
339	403	-3	
403	405	2	
400	405	-3	
336	400	-3	
418	421	3	
419	483	-3	
483	486	3	
482	486	3	
418	482	3	
328	334	-3	
329	334	-3	
329	393	-4	
393	396	2	
392	396	4	
328	392	2	
369	373	3	
371	373	4	
371	435	2	
435	436	-3	
433	436	4	
369	433	1	
171	172	3	
172	180	-1	
176	180	4	
176	181	-2	
173	181	-2	
171	173	3	
18	22	3	
19	22	5	
19	83	-1	
83	86	2	
82	86	-2	
18	82	-1	
131	133	2	
138	141	-4	
138	143	4	
135	143	2	
131	135	4	
346	348	4	
348	356	-2	
354	359	3	
351	359	2	
346	351	4	
49	52	-3	
51	52	-3	
51	54	2	
48	54	-2	
48	55	-5	
49	55	-3	
9	13	-3	
10	13	-3	
10	74	-1	
74	79	3	
73	79	3	
9	73	2	
402	405	-3	
405	413	3	
410	413	4	
410	415	4	
407	415	-4	
402	407	2	
0	6	3	
2	6	-3	
2	66	3	
66	71	-3	
0	64	3	
378	380	-2	
379	383	2	
376	383	4	
376	382	3	
177	182	2	
179	182	3	
179	243	-2	
241	244	3	
177	241	3	
120	124	4	
121	124	-6	
123	127	3	
16	21	-3	
17	21	2	
17	81	3	
81	86	4	
80	86	3	
16	80	3	
128	132	-4	
131	132	-3	
131	195	1	
192	198	4	
128	192	1	
428	436	2	
434	436	-2	
434	439	3	
431	439	-3	
401	404	-4	
404	412	3	
408	412	3	
406	414	4	
363	365	-4	
365	373	-3	
369	375	3	
367	375	3	
224	230	-2	
226	290	2	
288	292	-3	
224	288	2	
34	38	-4	
35	99	3	
98	101	3	
34	98	2	
233	236	3	
234	238	3	
234	237	1	
232	237	-2	
387	390	-3	
393	398	-3	
393	399	3	
387	391	-3	
219	283	2	
283	287	3	
282	287	-3	
218	282	-2	
478	486	-2	
480	486	-2	
479	487	1	
472	479	3	
304	309	-3	
305	309	-3	
305	310	-2	
307	310	2	
307	311	-3	
280	286	3	
281	286	-2	
281	345	3	
345	348	4	
344	348	-1	
280	344	-1	
245	253	-2	
249	255	2	
247	255	3	
242	247	3	
211	275	2	
275	279	2	
210	274	-2	
321	324	-4	
323	325	-5	
321	326	3	
83	85	4	
85	93	-1	
87	95	-1	
83	87	4	
9	12	3	
9	15	-2	
10	15	5	
10	14	-4	
8	14	-2	
104	108	-2	
108	116	1	
112	119	1	
111	119	-1	
104	111	5	
43	44	-3	
43	46	5	
41	45	-4	
440	447	-3	
442	506	2	
504	511	4	
440	504	1	
336	341	-2	
336	343	-3	
330	335	4	
148	156	3	
154	156	2	
154	158	4	
150	158	3	
147	150	4	
493	501	-1	
496	503	-3	
495	503	2	
490	495	2	
466	468	-2	
467	468	5	
465	470	4	
384	388	2	
386	450	4	
448	454	-3	
384	448	-3	
187	190	3	
187	251	3	
251	252	2	
186	250	-2	
161	165	2	
163	227	-4	
225	229	-3	
161	225	-2	
26	30	2	
27	91	4	
91	94	-1	
90	94	5	
26	90	2	
65	68	-3	
72	76	-1	
72	77	4	
65	69	-1	
136	143	-4	
138	202	4	
202	207	-4	
200	207	2	
136	200	-3	
257	260	1	
257	263	-3	
259	261	2	
256	261	-4	
168	172	-3	
170	172	3	
170	175	-3	
169	173	3	
168	173	2	
456	461	1	
459	461	4	
458	462	2	
312	316	-3	
315	317	1	
314	317	3	
314	318	-4	
312	318	-3	
265	268	-3	
266	271	3	
265	269	-4	
297	301	3	
298	301	-3	
296	303	-2	
296	302	2	
297	302	-4	
59	60	4	
59	63	3	
58	61	-2	
56	61	4	
492	500	1	
499	500	4	
499	502	4	
494	502	-2	
409	415	1	
411	415	4	
411	475	3	
409	473	-3	
24	28	-4	
32	36	4	
32	37	1	
29	37	3	
347	349	-3	
349	357	2	
353	357	3	
353	358	2	
350	358	2	
196	204	-2	
203	204	-2	
203	205	3	
197	205	3	
193	197	3	
429	437	-1	
432	437	2	
430	438	2	
424	430	-2	
149	157	-3	
153	159	-3	
151	159	-3	
113	118	2	
114	118	-2	
114	178	3	
178	183	-2	
177	183	3	
113	177	-2	
214	222	2	
216	223	3	
215	223	-3	
208	215	2	
96	103	3	
98	103	2	
98	162	2	
162	164	-2	
160	164	-2	
96	160	-2	
418	420	-3	
418	422	3	
416	421	-1	
272	278	4	
273	337	-2	
337	340	-2	
336	340	1	
272	336	1	
443	507	-2	
507	510	-2	
505	510	-4	
441	505	-1	
1	4	-3	
3	5	-3	
2	5	4	
370	372	-3	
369	374	3	
368	374	-3	
18	20	-4	
16	22	3	
16	23	-5	
18	23	-3	
48	53	3	
51	53	-4	
51	115	-4	
48	112	3	
130	132	2	
131	134	-3	
129	134	3	
129	133	-1	
289	293	2	
291	294	-2	
288	295	1	
105	109	2	
107	111	2	
107	110	-2	
453	461	-4	
457	463	3	
455	463	2	
451	455	2	
329	332	3	
330	332	-2	
330	394	2	
394	397	-4	
393	397	1	
185	188	4	
186	191	-4	
480	484	-3	
483	484	-4	
481	486	3	
298	300	-2	
298	362	-1	
361	364	-5	
297	361	2	
75	78	2	
73	137	2	
339	340	3	
403	404	-3	
402	404	2	
338	402	2	
33	36	-2	
97	100	-3	
96	100	-3	
377	383	3	
377	441	3	
441	444	4	
267	270	2	
267	331	2	
328	335	-2	
264	328	-3	
145	148	3	
152	156	-4	
152	159	-2	
145	151	1	
274	277	-4	
277	285	-3	
282	285	-3	
386	391	-3	
385	449	2	
241	246	2	
246	254	2	
248	255	-3	
427	428	-2	
433	439	-2	
169	174	2	
233	239	1	
232	239	-3	
116	124	-2	
121	125	-3	
163	167	2	
227	228	-1	
160	224	1	
344	351	3	
345	351	2	
409	413	2	
408	413	-3	
24	30	2	
25	89	-3	
89	95	2	
24	88	-3	
501	509	-2	
506	509	2	
503	511	1	
498	503	3	
311	319	-3	
306	311	-3	
202	204	-2	
204	212	-2	
211	212	-2	
211	214	5	
206	214	1	
467	471	2	
52	60	2	
50	54	2	
193	199	3	
195	259	-3	
259	262	4	
257	262	-3	
177	180	-2	
179	180	3	
176	183	-3	
177	181	-2	
80	84	-3	
83	84	1	
82	87	-3	
42	46	-3	
107	109	4	
3	67	-1	
1	65	-1	
11	12	4	
488	492	-2	
489	493	-3	
490	494	-2	
346	350	-2	
352	359	-3	
208	212	-3	
212	220	2	
216	220	1	
216	221	-3	
213	221	3	
208	213	-2	
438	446	3	
439	447	-4	
323	326	2	
322	327	-3	
294	302	-1	
299	303	-3	
295	303	-2	
290	295	-3	
385	388	3	
240	246	-3	
243	307	1	
362	367	4	
192	196	-3	
256	263	1	
192	256	-1	
35	39	-3	
97	103	-3	
154	157	-2	
157	165	-1	
162	165	-3	
71	79	-2	
200	205	-3	
201	206	-2	
200	206	-2	
331	333	3	
338	341	3	
338	342	-3	
331	334	2	
483	485	3	
482	485	2	
275	277	2	
275	339	1	
339	343	-4	
337	343	4	
425	430	1	
427	491	-2	
491	495	2	
425	489	3	
218	221	-2	
219	223	-3	
219	222	-3	
129	132	3	
130	135	3	
226	229	3	
20	28	2	
26	29	-2	
21	29	-2	
18	21	-3	
50	53	-2	
115	119	2	
50	114	-2	
91	93	-2	
90	93	-1	
249	252	1	
250	253	-4	
251	253	2	
249	254	-4	
184	190	-3	
120	184	-1	
401	405	-2	
401	407	-2	
464	469	3	
466	470	-2	
465	471	-2	
315	319	-4	
372	380	-2	
379	382	-3	
374	382	-2	
451	454	-4	
449	454	-1	
400	404	-2	
411	412	-2	
400	406	2	
40	44	-2	
42	44	4	
164	172	-2	
167	175	2	
161	167	3	
347	348	-3	
74	76	-4	
75	76	3	
139	141	-4	
74	138	2	
268	276	-1	
270	278	2	
266	270	-3	
228	236	3	
230	238	-2	
145	149	3	
146	210	2	
210	215	-3	
368	373	-3	
368	432	-1	
458	460	4	
457	462	3	
456	463	-2	
2	4	4	
64	70	2	
496	502	2	
497	501	-3	
475	476	2	
474	478	3	
474	477	3	
328	332	3	
57	63	1	
417	481	1	
481	487	-3	
416	480	1	
289	292	3	
292	300	-1	
293	301	2	
100	108	-1	
105	108	-5	
102	110	2	
242	244	-2	
242	306	1	
305	308	3	
170	173	-2	
178	181	3	
174	182	2	
142	150	1	
143	151	1	
321	385	-2	
385	390	-2	
384	390	-1	
185	191	-2	
34	37	-3	
30	38	-2	
260	268	-3	
261	269	2	
378	383	5	
378	442	1	
442	444	-1	
51	55	-1	
194	199	2	
193	198	2	
352	357	2	
354	358	-1	
8	15	2	
424	428	-3	
425	429	2	
153	156	3	
152	158	-1	
153	158	3	
123	125	-2	
262	270	-1	
263	271	-2	
83	147	2	
81	145	1	
437	445	-3	
443	446	2	
435	438	-1	
137	143	3	
137	201	-2	
459	462	-2	
67	69	-2	
73	77	-2	
237	245	-2	
238	246	-1	
232	238	-1	
483	487	1	
322	324	-2	
324	332	-2	
326	334	3	
473	479	2	
408	472	-3	
498	502	-3	
299	363	1	
88	92	1	
99	100	2	
57	61	2	
337	401	-2	
220	228	2	
224	229	-2	
221	229	2	
273	276	-2	
210	214	2	
112	117	1	
113	119	-3	
165	173	-2	
36	44	1	
32	38	-2	
313	316	2	
309	317	3	
106	110	-1	
187	188	3	
187	191	-1	
186	189	-3	
369	372	-2	
284	292	-2	
287	295	-1	
432	436	-1	
498	500	-1	
496	500	3	
128	133	3	
505	508	3	
504	509	-1	
17	20	-3	
312	376	-1	
266	330	-2	
413	421	1	
414	422	1	
410	414	-2	
33	37	2	
97	101	2	
225	289	1	
403	406	-1	
155	157	3	
155	219	2	
234	239	-4	
235	299	-1	
234	298	-3	
64	68	-2	
426	431	2	
490	492	-3	
139	203	-1	
469	477	-1	
470	478	1	
384	391	2	
448	452	2	
176	182	-3	
243	247	2	
176	240	-2	
352	356	-1	
355	356	2	
355	419	3	
419	420	-2	
352	416	-3	
166	174	-2	
195	196	-1	
82	146	-1	
387	388	-2	
392	398	-2	
27	31	-2	
91	95	-3	
9	14	-2	
339	341	-2	
341	349	1	
344	349	3	
343	351	-2	
45	53	-1	
370	373	1	
315	379	1	
377	380	-2	
436	444	2	
115	116	-2	
49	113	-1	
236	244	1	
243	245	-1	
233	237	-3	
65	70	3	
67	131	-1	
269	277	-1	
272	279	2	
271	279	-2	
265	271	1	
408	415	1	
472	477	2	
227	291	1	
195	197	3	
198	206	-3	
103	111	-1	
154	218	-1	
218	222	-1	
35	36	2	
185	190	2	
185	249	-2	
184	248	3	
328	333	1	
121	127	2	
120	126	-3	
77	85	2	
78	86	-2	
72	78	-3	
354	418	2	
353	417	2	
397	405	1	
399	407	1	
507	511	3	
58	60	-3	
466	471	-2	
299	301	2	
258	260	-3	
40	47	-2	
169	172	2	
171	174	2	
178	242	1	
163	164	2	
450	455	2	
440	445	1	
114	116	-1	
84	92	-1	
86	94	-1	
199	207	2	
25	29	-1	
226	228	-1	
235	236	1	
280	285	3	
216	280	-1	
432	439	1	
290	354	-2	
289	353	-2	
11	13	-2	
304	310	1	
225	231	-3	
223	231	-1	
128	134	2	
144	149	-2	
473	478	-3	
273	279	2	
209	213	-1	
205	213	-1	
325	333	1	
347	351	-1	
345	350	1	
67	71	3	
64	69	-3	
489	494	2	
27	28	1	
232	296	2	
146	150	-1	
147	211	2	
434	437	2	
118	126	2	
136	141	2	
288	294	-1	
286	294	-1	
329	335	2	
420	428	-1	
421	429	2	
387	451	-1	
56	62	-2	
33	38	1	
19	23	1	
411	413	-1	
162	226	-1	
42	45	2	
90	95	1	
88	152	-1	
393	457	1	
392	456	-2	
442	445	2	
440	446	1	
449	453	2	
307	371	-2	
306	370	-2	
59	123	1	
123	124	2	
57	121	-1	
11	75	1	
394	399	-1	
209	273	1	
107	171	-1	
104	168	1	
66	68	-2	
66	130	-1	
217	220	-1	
217	281	1	
290	293	1	
184	188	-1	
342	350	-1	
96	101	1	
55	63	1	
475	479	-1	
25	28	-1	
312	319	-1	
313	318	1	
417	422	-2	
409	414	1	
244	252	-1	
208	272	1	
89	93	-1	
99	102	1	
465	468	2	
146	148	1	
278	286	-2	
274	278	1	
484	492	-1	
486	494	-1	
75	77	1	
222	230	1	
281	287	1	
283	347	1	
506	510	1	
39	47	-1	
427	429	-1	
304	308	1	
305	369	-2	
304	368	-2	
485	493	-2	
487	495	-2	
264	269	-1	
265	329	1	
433	438	-2	
160	166	1	
22	30	-1	
356	364	2	
359	367	-1	
81	85	1	
323	327	2	
175	183	1	
168	175	1	
23	31	-1	
267	268	-1	
394	458	1	
306	309	1	
89	153	1	
363	427	-1	
361	425	1	
10	12	1	
450	453	-1	
410	474	-1	
283	284	-1	
491	493	1	
79	87	-1	
329	333	-1	
282	346	1	
386	389	1	
259	323	1	
256	320	-1	
435	439	1	
314	316	1	
422	430	1	
48	52	1	
462	470	1	
463	471	1	
499	501	-1	
227	230	1	
241	245	-1	
40	104	-1	
115	179	1	
357	365	-1	
76	84	-1	
476	484	1	
Energy:	-2544	
