NumberOfQubits	504	
NumberOfSubgraphs	672	
Serial	68	
PlantedSolution:	
0	1	
1	1	
2	-1	
3	1	
4	-1	
5	1	
6	-1	
8	-1	
9	-1	
10	-1	
11	1	
12	-1	
13	-1	
14	-1	
15	1	
16	-1	
17	1	
18	1	
19	-1	
20	1	
21	1	
22	1	
23	-1	
24	-1	
25	-1	
26	1	
27	1	
28	1	
29	1	
30	-1	
31	-1	
32	-1	
33	-1	
34	-1	
35	1	
36	-1	
37	-1	
38	1	
39	-1	
40	1	
41	-1	
42	1	
43	1	
44	-1	
45	1	
46	1	
47	1	
48	1	
49	1	
50	-1	
51	-1	
52	-1	
53	1	
54	1	
55	-1	
56	1	
57	-1	
58	-1	
59	1	
60	-1	
61	1	
62	1	
63	-1	
64	-1	
65	-1	
66	-1	
67	1	
68	1	
69	1	
70	1	
71	-1	
72	-1	
73	1	
74	-1	
75	-1	
76	1	
77	1	
78	-1	
79	1	
80	-1	
81	-1	
82	1	
83	1	
84	1	
85	-1	
86	-1	
87	-1	
88	1	
89	1	
90	1	
91	-1	
92	1	
93	1	
94	1	
95	1	
96	1	
97	1	
98	1	
99	-1	
100	-1	
101	-1	
102	1	
103	-1	
104	1	
105	1	
106	-1	
107	1	
108	1	
109	1	
110	1	
111	-1	
112	1	
113	1	
114	1	
115	1	
116	1	
117	1	
118	-1	
119	1	
120	-1	
121	1	
123	-1	
124	1	
125	1	
126	-1	
127	-1	
128	1	
129	-1	
130	1	
131	1	
132	-1	
133	1	
134	1	
135	-1	
136	-1	
137	1	
138	-1	
139	1	
141	-1	
142	-1	
143	-1	
144	-1	
145	1	
146	1	
147	1	
148	1	
149	-1	
150	1	
151	1	
152	1	
153	-1	
154	-1	
155	-1	
156	1	
157	1	
158	-1	
159	-1	
160	-1	
161	-1	
162	-1	
163	-1	
164	-1	
165	-1	
166	-1	
167	-1	
168	-1	
169	-1	
170	1	
171	-1	
172	1	
173	-1	
174	1	
175	1	
176	1	
177	1	
178	-1	
179	1	
180	-1	
181	-1	
182	1	
183	-1	
184	1	
185	1	
186	-1	
187	-1	
188	-1	
189	1	
190	-1	
191	-1	
192	1	
193	1	
194	-1	
195	-1	
196	-1	
197	1	
198	-1	
199	1	
200	1	
201	1	
202	-1	
203	-1	
204	-1	
205	1	
206	1	
207	-1	
208	-1	
209	-1	
210	-1	
211	1	
212	1	
213	-1	
214	1	
215	-1	
216	1	
217	1	
218	1	
219	1	
220	-1	
221	1	
222	-1	
223	1	
224	1	
225	1	
226	1	
227	1	
228	1	
229	-1	
230	1	
231	-1	
232	1	
233	1	
234	-1	
235	1	
236	1	
237	1	
238	1	
239	1	
240	-1	
241	-1	
242	1	
243	1	
244	-1	
245	1	
246	-1	
247	-1	
248	-1	
249	1	
250	1	
251	1	
252	1	
253	-1	
254	-1	
255	1	
256	-1	
257	-1	
258	-1	
259	1	
260	-1	
261	1	
262	-1	
263	1	
264	-1	
265	-1	
266	-1	
267	1	
268	-1	
269	-1	
270	-1	
271	1	
272	-1	
273	1	
274	-1	
275	-1	
276	1	
277	-1	
278	1	
279	-1	
280	1	
281	1	
282	-1	
283	1	
284	1	
285	1	
286	1	
287	1	
288	1	
289	1	
290	-1	
291	-1	
292	1	
293	1	
294	-1	
295	1	
296	1	
297	1	
298	1	
299	1	
300	1	
301	-1	
302	1	
303	1	
304	1	
305	1	
306	-1	
307	-1	
308	-1	
309	-1	
310	-1	
311	1	
312	1	
313	-1	
314	-1	
315	-1	
316	1	
317	-1	
318	-1	
319	1	
320	1	
321	-1	
322	-1	
323	-1	
324	-1	
325	1	
326	1	
327	1	
328	-1	
329	1	
330	-1	
331	-1	
332	1	
333	1	
334	-1	
335	1	
336	-1	
337	1	
338	-1	
339	1	
340	1	
341	-1	
342	-1	
343	-1	
344	1	
345	1	
346	-1	
347	-1	
348	-1	
349	-1	
350	-1	
351	1	
352	1	
353	1	
354	-1	
355	1	
356	1	
357	-1	
358	1	
359	-1	
361	1	
362	-1	
363	-1	
364	-1	
365	-1	
367	1	
368	1	
369	-1	
370	1	
371	1	
372	-1	
373	1	
374	1	
375	1	
376	1	
377	1	
378	1	
379	-1	
380	-1	
382	1	
383	-1	
384	1	
385	-1	
386	-1	
387	1	
388	-1	
389	1	
390	1	
391	-1	
392	1	
393	1	
394	1	
396	-1	
397	1	
398	-1	
399	-1	
400	1	
401	1	
402	-1	
403	1	
404	1	
405	1	
406	1	
407	-1	
408	1	
409	-1	
410	-1	
411	1	
412	1	
413	1	
414	1	
415	-1	
416	-1	
417	-1	
418	1	
419	1	
420	1	
421	1	
422	-1	
424	1	
425	-1	
426	1	
427	-1	
428	-1	
429	-1	
430	-1	
431	1	
432	1	
433	1	
434	-1	
435	1	
436	1	
437	1	
438	-1	
439	1	
440	-1	
441	1	
442	1	
443	-1	
444	-1	
445	-1	
446	1	
447	-1	
448	-1	
449	1	
450	-1	
451	-1	
452	-1	
453	1	
454	1	
455	1	
456	-1	
457	1	
458	1	
459	1	
460	1	
461	-1	
462	-1	
463	1	
464	1	
465	-1	
466	1	
467	-1	
468	1	
469	-1	
470	1	
471	-1	
472	1	
473	-1	
474	1	
475	-1	
476	-1	
477	-1	
478	1	
479	1	
480	1	
481	1	
482	1	
483	-1	
484	1	
485	1	
486	-1	
487	-1	
488	1	
489	-1	
490	1	
491	1	
492	-1	
493	-1	
494	-1	
495	1	
496	1	
497	-1	
498	-1	
499	1	
500	-1	
501	1	
502	1	
503	1	
504	-1	
505	1	
506	-1	
507	1	
508	-1	
509	1	
510	1	
511	1	
Js:	
137	141	3	
139	141	4	
139	203	-2	
203	204	-5	
201	204	4	
137	201	-3	
392	399	5	
393	399	-3	
393	457	-3	
457	460	-4	
456	460	2	
392	456	2	
483	485	3	
485	493	2	
490	493	3	
490	495	-6	
487	495	2	
483	487	-3	
81	86	-4	
83	86	3	
83	147	-2	
147	150	-5	
145	150	2	
81	145	2	
208	213	-1	
210	213	-5	
210	215	-3	
211	215	2	
211	214	-2	
208	214	-5	
168	172	3	
170	172	-5	
170	234	-3	
234	236	1	
232	236	-2	
168	232	1	
496	501	-3	
498	501	4	
498	503	3	
497	503	5	
497	502	-2	
496	502	-4	
337	341	6	
341	349	-2	
347	349	-3	
347	351	5	
343	351	-3	
337	343	4	
98	102	-4	
99	102	3	
99	163	1	
163	166	-3	
162	166	-2	
98	162	4	
0	4	4	
3	4	3	
3	67	-4	
67	69	-4	
64	69	5	
0	64	4	
506	508	-4	
507	508	4	
507	509	-4	
505	509	-4	
505	510	3	
506	510	6	
296	300	-4	
300	308	3	
307	308	-2	
307	309	-3	
301	309	-2	
296	301	3	
176	180	3	
177	180	4	
177	183	3	
178	183	-4	
178	181	-2	
176	181	3	
401	405	-3	
405	413	-3	
411	413	-4	
411	415	3	
407	415	-3	
401	407	-3	
368	373	-4	
371	373	-4	
371	374	-4	
370	374	-5	
370	375	-4	
368	375	-2	
352	359	3	
354	359	-6	
354	418	2	
418	420	-4	
416	420	4	
352	416	2	
242	245	-4	
243	245	1	
243	247	5	
241	247	-5	
241	246	-3	
242	246	3	
449	452	7	
451	452	2	
451	454	4	
450	454	4	
450	455	4	
449	455	-3	
224	228	-5	
226	228	-3	
226	290	2	
290	294	-4	
288	294	3	
224	288	1	
440	444	-4	
441	444	4	
441	445	-3	
442	445	6	
442	446	-3	
440	446	2	
113	116	-5	
114	116	-3	
114	118	3	
115	118	2	
115	117	-5	
113	117	3	
424	429	4	
429	437	-1	
434	437	5	
434	439	3	
431	439	-2	
424	431	-3	
257	260	3	
258	260	-1	
258	322	-3	
322	324	-3	
321	324	-5	
257	321	-3	
328	332	3	
329	332	-4	
329	335	-4	
331	335	3	
331	334	-4	
328	334	-5	
192	196	4	
194	196	-4	
194	198	4	
195	198	-3	
195	199	4	
192	199	-4	
49	52	3	
50	52	-5	
50	55	-4	
48	55	2	
48	54	3	
49	54	-3	
152	157	-5	
153	157	4	
153	159	-6	
154	159	-4	
154	158	-2	
152	158	4	
41	47	2	
43	47	-4	
43	107	-5	
107	111	-2	
105	111	4	
41	105	5	
248	253	-2	
249	253	-3	
249	255	-5	
250	255	-3	
250	254	3	
248	254	-6	
120	127	-3	
121	127	4	
121	185	-1	
185	189	-3	
184	189	-6	
120	184	-1	
467	469	-2	
469	477	-1	
475	477	-3	
475	479	-3	
471	479	2	
467	471	-4	
128	133	-6	
129	133	3	
129	134	4	
130	134	-5	
130	135	3	
128	135	5	
312	316	-7	
313	316	1	
313	318	-5	
314	318	-5	
314	319	-1	
312	319	-3	
56	60	5	
58	60	-3	
58	61	5	
57	61	5	
57	62	5	
56	62	2	
89	92	-5	
90	92	2	
90	94	-3	
88	94	-3	
88	95	-3	
89	95	-4	
281	285	-3	
282	285	6	
282	287	-2	
280	287	-3	
280	286	-3	
281	286	-3	
267	269	-3	
269	277	-2	
273	277	5	
273	278	-2	
270	278	2	
267	270	5	
17	21	3	
19	21	4	
19	22	4	
18	22	-6	
18	23	3	
17	23	3	
169	173	4	
171	173	-3	
171	235	3	
235	239	-5	
233	239	-1	
169	233	3	
27	28	-3	
28	36	1	
34	36	-3	
34	39	-5	
31	39	1	
27	31	4	
8	13	-3	
10	13	-3	
10	14	5	
9	14	-4	
9	15	2	
8	15	6	
336	342	-4	
338	342	-3	
338	402	-4	
402	406	5	
400	406	2	
336	400	3	
72	76	3	
74	76	1	
74	78	-5	
73	78	3	
73	79	-6	
72	79	-2	
344	348	4	
345	348	2	
345	409	-1	
409	414	3	
408	414	-3	
344	408	-3	
353	356	-3	
356	364	2	
361	364	6	
361	365	4	
357	365	-3	
353	357	4	
384	388	4	
386	388	3	
386	390	3	
385	390	4	
385	391	-5	
384	391	3	
256	261	1	
259	261	-4	
259	323	2	
323	327	-5	
320	327	-3	
256	320	2	
1	6	5	
2	6	-4	
2	66	-4	
66	71	3	
65	71	-5	
1	65	4	
376	380	5	
378	380	-4	
378	382	-4	
377	382	-5	
377	383	6	
376	383	4	
217	220	4	
218	220	3	
218	221	-4	
219	221	-4	
219	222	4	
217	222	-3	
298	303	-6	
299	303	-4	
299	363	2	
363	367	5	
362	367	5	
298	362	3	
265	268	-4	
268	276	3	
272	276	3	
272	279	-5	
271	279	-1	
265	271	4	
33	37	-2	
37	45	4	
40	45	1	
40	46	-4	
38	46	-4	
33	38	5	
474	476	3	
476	484	1	
481	484	-4	
481	486	3	
478	486	-2	
474	478	-4	
80	85	-3	
82	85	4	
82	146	-1	
146	148	-5	
144	148	6	
80	144	1	
97	100	2	
100	108	3	
106	108	4	
106	109	-3	
101	109	4	
97	101	3	
427	428	-4	
428	436	-1	
432	436	-6	
432	438	3	
430	438	-2	
427	430	-2	
225	229	6	
227	229	3	
227	291	3	
291	293	3	
289	293	-5	
225	289	-2	
136	142	5	
138	142	-4	
138	202	-4	
202	205	3	
200	205	-2	
136	200	3	
305	308	3	
306	308	-4	
306	311	-2	
304	311	-3	
304	310	4	
305	310	3	
448	453	4	
453	461	4	
458	461	2	
458	463	-3	
455	463	-3	
448	455	-2	
185	188	2	
186	188	-6	
186	190	-4	
187	190	-4	
187	191	-4	
185	191	-4	
488	492	3	
491	492	4	
491	494	-4	
489	494	-7	
489	493	-4	
488	493	5	
161	164	-3	
162	164	-3	
162	165	-2	
160	165	-2	
160	167	2	
161	167	-4	
24	28	1	
25	28	5	
25	29	-3	
26	29	-3	
26	30	4	
24	30	-4	
464	468	-2	
466	468	-3	
466	470	-3	
465	470	3	
465	469	3	
464	469	6	
353	358	-3	
355	358	-5	
355	419	-3	
419	421	-4	
417	421	-4	
353	417	3	
387	389	-3	
389	397	-4	
394	397	-5	
394	398	3	
390	398	3	
387	390	4	
40	44	4	
42	44	4	
42	106	4	
106	110	2	
104	110	-4	
40	104	2	
11	12	5	
12	20	-2	
16	20	4	
16	21	4	
13	21	1	
11	13	3	
369	372	-4	
371	372	3	
371	435	-3	
435	438	-2	
433	438	4	
369	433	3	
240	244	-3	
244	252	6	
251	252	4	
251	253	2	
245	253	5	
240	245	3	
216	222	3	
222	230	-2	
224	230	-2	
224	231	4	
223	231	1	
216	223	-4	
112	117	1	
117	125	-5	
123	125	4	
123	126	-2	
118	126	-5	
112	118	3	
91	93	3	
93	101	1	
96	101	3	
96	103	3	
95	103	3	
91	95	-4	
339	340	-3	
340	348	3	
346	348	-5	
346	350	-5	
342	350	-2	
339	342	5	
169	174	2	
174	182	-2	
179	182	4	
179	183	4	
175	183	2	
169	175	6	
320	325	-5	
325	333	-3	
330	333	4	
330	334	-2	
326	334	-3	
320	326	-4	
129	132	-5	
131	132	6	
131	195	2	
195	197	4	
193	197	-3	
129	193	2	
403	404	-5	
404	412	2	
410	412	4	
410	415	-3	
403	407	4	
51	53	4	
53	61	1	
59	61	-4	
59	63	5	
55	63	-2	
51	55	-4	
283	284	-3	
284	292	-3	
288	292	-2	
288	295	-5	
287	295	-4	
283	287	-4	
499	500	3	
500	508	-3	
504	508	5	
504	511	2	
503	511	-3	
499	503	-4	
200	206	-5	
202	206	2	
202	266	4	
266	269	-3	
264	269	-2	
200	264	3	
75	76	4	
76	84	2	
82	84	-4	
77	85	3	
75	77	3	
379	380	-5	
379	443	-3	
443	447	-3	
440	447	-4	
376	440	3	
141	149	-1	
145	149	-4	
145	151	-4	
143	151	2	
139	143	4	
232	238	-3	
233	238	-5	
233	297	1	
297	302	-3	
296	302	-4	
232	296	-2	
209	212	3	
211	212	-3	
211	275	3	
275	277	-3	
209	273	-1	
416	422	-5	
418	422	3	
418	482	-3	
482	485	-4	
480	485	-4	
416	480	4	
473	476	-4	
475	476	-6	
475	478	-3	
472	478	-3	
472	477	5	
473	477	-3	
314	317	-3	
315	317	-4	
315	379	-2	
379	382	3	
314	378	-4	
152	156	-3	
155	156	4	
155	158	4	
153	158	-3	
425	428	-5	
427	431	3	
426	431	-4	
426	430	3	
425	430	-4	
32	36	-3	
35	36	4	
35	38	-3	
32	37	4	
459	460	-4	
459	463	-3	
456	463	5	
456	462	4	
457	462	2	
2	5	-4	
3	5	-5	
67	70	-3	
66	70	3	
256	260	-4	
259	260	6	
259	262	-3	
257	262	-4	
257	263	3	
256	263	4	
116	124	-4	
121	124	-3	
119	127	4	
114	119	3	
204	212	2	
208	212	5	
208	215	-2	
207	215	2	
203	207	-5	
171	172	3	
235	237	-2	
234	237	3	
264	268	-3	
274	276	3	
274	278	5	
264	270	-4	
75	78	-3	
78	86	-3	
83	87	-2	
79	87	2	
75	79	2	
392	396	3	
394	396	5	
393	398	5	
1	4	5	
65	68	3	
64	68	2	
41	44	3	
43	44	2	
107	110	-3	
105	110	-2	
331	332	-3	
329	333	-2	
328	333	3	
19	20	3	
19	23	-4	
15	23	1	
11	15	-5	
465	468	4	
467	468	5	
464	471	3	
464	470	-3	
441	446	-4	
443	446	2	
443	507	-3	
441	505	-3	
8	14	-4	
10	74	-4	
74	77	2	
72	77	5	
8	72	-3	
201	205	-5	
205	213	-2	
210	214	3	
206	214	-2	
201	206	-1	
354	357	-2	
362	365	-3	
359	367	-1	
27	30	4	
25	31	-5	
448	452	-3	
449	454	1	
451	453	3	
291	294	-3	
290	295	3	
289	295	-3	
368	372	5	
433	436	-3	
368	432	1	
409	413	5	
406	414	-2	
401	406	-4	
225	228	2	
226	231	4	
227	231	3	
219	220	3	
219	283	-2	
281	284	-3	
217	281	2	
489	492	-3	
491	495	-4	
488	495	-3	
488	494	3	
243	244	4	
250	252	-3	
246	254	-3	
243	246	-2	
298	302	-3	
302	310	2	
307	310	1	
307	311	4	
303	311	-1	
88	92	4	
92	100	2	
99	100	-4	
94	102	-2	
163	164	-2	
163	167	-3	
160	166	-4	
161	166	-4	
336	343	3	
338	343	-4	
402	404	2	
400	404	-3	
344	349	1	
347	411	2	
411	412	-3	
408	412	2	
180	188	-2	
186	189	2	
181	189	-2	
177	181	5	
216	221	-1	
218	282	3	
280	285	3	
216	280	-3	
130	132	-2	
131	134	-2	
128	134	-2	
130	133	-4	
497	500	-3	
498	500	-4	
498	502	2	
499	502	5	
499	501	-3	
497	501	4	
194	197	4	
193	199	2	
385	388	-2	
385	389	4	
386	389	3	
386	391	3	
417	422	-4	
419	422	-3	
419	483	3	
483	484	5	
417	481	2	
56	63	5	
59	123	1	
123	124	6	
120	124	3	
56	120	-1	
323	324	-3	
322	327	3	
322	326	3	
321	326	5	
48	52	4	
49	53	-5	
51	54	4	
90	93	-4	
91	155	-3	
154	156	-3	
90	154	3	
184	191	4	
187	251	-3	
251	255	-4	
248	255	2	
184	248	3	
32	39	2	
34	98	3	
98	103	2	
32	96	3	
315	316	-2	
315	319	6	
313	319	3	
313	317	-3	
312	317	4	
240	247	2	
241	305	4	
305	309	3	
304	309	4	
240	304	2	
435	437	-3	
437	445	4	
442	447	4	
439	447	-4	
435	439	-2	
142	150	1	
146	150	-3	
146	151	-4	
136	143	-3	
297	301	5	
299	301	3	
363	364	3	
297	361	-3	
112	119	-3	
115	119	-3	
115	179	-3	
176	182	-3	
112	176	-1	
16	22	-1	
17	22	-2	
17	81	4	
81	87	-3	
80	87	-3	
16	80	-5	
348	356	3	
352	356	-5	
352	358	3	
350	358	3	
273	279	2	
275	279	4	
275	339	2	
339	341	4	
273	337	-2	
473	478	3	
480	486	4	
480	487	3	
479	487	1	
473	479	3	
258	261	3	
261	269	4	
267	271	-4	
263	271	-3	
258	263	5	
374	382	-2	
375	383	-2	
147	149	4	
144	149	-3	
456	461	-3	
458	462	-4	
459	462	5	
170	173	3	
171	175	-3	
168	175	4	
168	174	5	
170	174	-3	
41	45	4	
42	45	-2	
42	46	-3	
43	46	1	
504	509	5	
506	509	1	
505	511	-4	
104	108	-3	
107	108	-3	
107	109	-3	
105	109	2	
104	111	2	
57	60	-5	
59	60	3	
58	62	5	
426	429	3	
426	490	-3	
424	488	-2	
233	236	-4	
235	236	-5	
232	239	4	
232	237	-4	
233	237	-2	
66	69	4	
65	70	4	
64	70	5	
74	138	2	
137	142	3	
73	137	-2	
0	5	-5	
5	13	2	
9	13	-4	
6	14	-2	
0	6	3	
396	404	2	
403	405	-3	
397	405	2	
420	428	-1	
425	429	-3	
421	429	2	
418	421	-4	
266	271	3	
266	330	2	
330	335	4	
265	329	2	
410	414	5	
410	474	2	
474	477	4	
408	472	-2	
120	125	4	
120	126	-4	
113	118	2	
274	338	1	
338	340	5	
336	340	3	
272	336	-3	
281	345	3	
345	351	-5	
344	351	-3	
280	344	-3	
370	373	3	
435	436	-3	
434	436	2	
370	434	1	
192	198	3	
198	206	-1	
203	206	3	
199	207	3	
242	247	2	
242	306	1	
306	310	-5	
35	99	3	
97	102	-4	
33	97	3	
290	292	4	
291	292	3	
291	355	3	
355	359	2	
290	354	2	
18	21	2	
21	29	-2	
24	29	3	
22	30	3	
250	253	4	
250	314	1	
249	313	2	
83	84	-3	
84	92	-3	
89	94	2	
86	94	2	
387	451	3	
451	455	4	
386	450	-2	
212	220	2	
216	220	4	
215	223	-3	
209	215	-4	
178	180	-3	
187	188	-4	
182	190	2	
178	182	3	
256	262	-3	
258	262	3	
322	325	2	
229	237	3	
234	238	3	
230	238	-3	
225	230	-3	
157	165	-2	
163	165	-5	
159	167	-2	
152	159	2	
496	500	4	
50	54	3	
54	62	1	
58	63	-3	
443	444	-3	
442	444	2	
378	442	-1	
131	133	-2	
133	141	1	
137	143	3	
135	143	-2	
131	135	-4	
299	300	-2	
299	302	4	
296	303	-3	
482	484	-4	
481	487	-4	
482	486	2	
466	469	3	
466	471	4	
467	470	-6	
67	68	3	
68	76	-4	
73	76	-2	
71	79	2	
67	71	4	
449	453	-3	
450	453	2	
448	454	4	
144	151	2	
145	209	2	
209	214	4	
144	208	-3	
387	388	1	
388	396	-4	
391	399	3	
387	391	2	
352	357	-1	
155	219	2	
219	223	-1	
218	223	-4	
154	218	2	
323	326	1	
285	293	-3	
288	293	-3	
179	243	-1	
242	244	2	
178	242	-2	
347	350	-3	
339	343	1	
96	100	3	
98	100	-2	
160	164	-4	
96	160	3	
20	28	-2	
23	31	3	
16	23	-2	
411	475	3	
409	473	-3	
195	196	-3	
196	204	2	
197	205	-2	
85	93	2	
89	93	-2	
87	95	3	
82	87	3	
330	332	2	
50	114	-2	
112	116	-4	
48	112	-4	
306	309	-2	
309	317	-2	
311	319	-3	
458	460	-4	
459	461	4	
457	461	4	
433	439	-3	
425	431	-2	
272	277	-4	
274	277	-2	
275	278	2	
289	292	-3	
289	294	2	
286	294	-2	
283	286	-4	
185	249	2	
249	254	2	
226	230	-3	
227	230	3	
130	194	2	
193	198	5	
36	44	1	
35	37	3	
490	492	4	
491	493	2	
490	494	-2	
104	109	-3	
103	111	-3	
97	103	-2	
432	437	2	
434	498	-3	
432	496	-2	
200	207	3	
202	207	-2	
266	268	-4	
507	511	-4	
506	511	3	
504	510	4	
161	165	-2	
165	173	-3	
166	174	4	
377	441	-1	
441	447	-1	
402	466	3	
401	465	2	
11	75	-2	
51	115	2	
113	119	-2	
49	113	-4	
369	373	-5	
369	375	4	
368	374	-3	
123	127	5	
121	126	5	
408	415	5	
474	479	-3	
472	479	4	
393	397	2	
308	316	2	
312	318	-2	
310	318	-1	
32	38	2	
40	47	-3	
39	47	3	
363	427	-2	
427	429	3	
362	426	1	
147	148	-1	
148	156	2	
153	156	1	
151	159	1	
147	151	-3	
337	340	1	
345	349	4	
211	213	5	
213	221	3	
217	221	-3	
214	222	2	
177	241	2	
240	246	-3	
176	240	3	
81	84	2	
80	84	2	
262	270	-3	
26	90	-3	
88	93	-4	
24	88	3	
186	250	2	
106	170	-1	
104	168	2	
297	300	4	
65	69	2	
400	407	4	
9	12	3	
10	12	-2	
9	73	3	
234	239	2	
128	132	3	
129	135	-2	
323	325	4	
321	327	-2	
136	141	-3	
138	141	-4	
138	143	-2	
139	142	2	
24	31	3	
27	91	2	
91	94	4	
412	420	1	
417	420	3	
414	422	2	
146	149	3	
147	211	1	
146	210	2	
17	20	-2	
257	261	2	
265	269	2	
265	270	-2	
107	171	2	
105	169	1	
424	428	3	
424	430	4	
371	375	1	
369	374	2	
34	37	-3	
43	45	-4	
282	286	2	
283	347	2	
346	349	-4	
282	346	2	
185	190	4	
186	191	-2	
384	390	-2	
384	448	3	
114	117	-3	
121	125	-3	
273	276	-4	
275	276	2	
194	199	1	
482	487	3	
158	166	-1	
33	36	-4	
288	352	-2	
329	334	3	
329	393	-1	
392	398	2	
328	392	-1	
228	236	4	
231	239	4	
443	445	-2	
51	52	-2	
336	341	-2	
496	503	3	
355	357	2	
289	353	1	
83	85	3	
400	464	-2	
179	181	2	
108	116	1	
111	119	1	
106	111	-2	
2	4	-2	
4	12	-2	
11	14	-1	
409	412	4	
314	316	2	
201	265	2	
66	68	2	
324	332	3	
327	335	-3	
394	399	2	
501	509	-2	
502	510	-2	
378	383	3	
468	476	2	
470	478	-1	
280	284	-3	
26	28	-4	
25	89	2	
243	307	-3	
305	311	-3	
156	164	-1	
155	159	-1	
362	364	-4	
361	367	-2	
450	452	-2	
57	63	1	
221	229	1	
432	439	-2	
34	38	-2	
99	101	-2	
98	101	1	
259	263	-1	
41	46	2	
42	47	-3	
249	252	-2	
251	254	2	
10	15	2	
172	180	-2	
483	486	-2	
237	245	2	
241	245	1	
238	246	2	
210	274	-2	
1	5	2	
408	413	1	
427	491	-2	
355	356	1	
267	331	-1	
331	333	3	
264	328	-3	
27	29	-3	
461	469	-1	
465	471	-4	
463	471	1	
457	463	-3	
81	85	-1	
72	78	1	
201	207	-1	
283	285	1	
322	386	-2	
320	384	-2	
102	110	-2	
150	158	2	
48	53	3	
442	506	2	
168	173	-1	
173	181	-2	
176	183	-1	
74	79	2	
184	188	-2	
187	189	3	
3	6	4	
376	382	2	
392	397	-3	
109	117	-1	
110	118	-1	
202	204	3	
155	157	2	
154	157	2	
234	298	2	
26	31	2	
337	401	-2	
313	377	2	
385	449	2	
363	365	-4	
361	425	1	
247	255	2	
105	108	2	
35	39	3	
489	495	-1	
434	438	-2	
480	484	-1	
481	485	-3	
272	278	-1	
50	53	2	
49	55	-1	
164	172	-3	
162	167	-3	
162	226	2	
226	229	2	
161	225	3	
217	223	-3	
260	268	-2	
364	372	1	
370	372	1	
367	375	-3	
59	62	3	
56	61	-1	
353	359	2	
354	358	2	
210	212	1	
179	180	2	
114	178	2	
292	300	-1	
293	301	1	
411	414	1	
75	139	2	
72	136	-2	
248	252	1	
227	228	-2	
18	20	3	
18	82	-2	
99	103	-3	
193	196	3	
193	257	-1	
192	256	2	
384	389	-2	
312	376	-2	
400	405	-2	
402	405	-1	
422	430	-1	
167	175	2	
149	157	-1	
144	150	3	
44	52	-2	
46	54	2	
89	153	-1	
304	308	-2	
64	71	2	
426	428	2	
425	489	1	
192	197	-3	
194	258	1	
454	462	3	
82	86	2	
274	279	-3	
344	350	2	
333	341	1	
337	342	1	
334	342	1	
433	437	-1	
321	325	2	
323	387	1	
321	385	-1	
297	303	-2	
419	420	-3	
315	318	1	
505	508	2	
507	510	1	
145	148	-2	
486	494	-1	
69	77	1	
438	446	3	
393	396	2	
403	406	-2	
398	406	-1	
281	287	-2	
276	284	-1	
282	284	3	
278	286	2	
171	174	2	
235	299	1	
298	301	2	
160	224	-1	
349	357	-2	
351	359	-2	
153	217	1	
152	216	1	
25	30	-1	
372	380	-2	
134	142	1	
332	340	1	
335	343	1	
184	190	2	
80	86	-2	
33	39	2	
484	492	-1	
435	499	1	
452	460	-2	
209	213	-2	
163	227	2	
410	413	-2	
399	407	-1	
177	182	-2	
241	244	1	
328	335	1	
45	53	1	
306	370	2	
304	368	-1	
416	421	-1	
440	445	-1	
440	504	-2	
345	350	-1	
320	324	2	
183	191	-2	
401	404	-2	
394	458	1	
307	371	-1	
436	444	-1	
70	78	1	
251	315	-1	
97	161	-2	
298	300	-2	
472	476	2	
365	373	2	
96	102	1	
379	383	-1	
224	229	1	
339	403	-1	
402	407	1	
433	497	2	
354	356	-2	
279	287	1	
88	152	-1	
203	267	-1	
492	500	1	
494	502	1	
170	175	-1	
47	55	1	
347	348	-1	
19	83	-1	
413	421	-1	
403	467	1	
291	295	1	
290	293	-1	
264	271	-1	
338	341	1	
90	95	-1	
115	116	1	
Energy:	-2914	
