NumberOfQubits	504	
NumberOfSubgraphs	840	
Serial	359	
PlantedSolution:	
0	-1	
1	-1	
2	-1	
3	-1	
4	1	
5	-1	
6	1	
8	1	
9	1	
10	1	
11	-1	
12	1	
13	1	
14	1	
15	-1	
16	-1	
17	-1	
18	1	
19	1	
20	-1	
21	-1	
22	1	
23	-1	
24	-1	
25	-1	
26	-1	
27	1	
28	1	
29	1	
30	1	
31	1	
32	-1	
33	1	
34	-1	
35	1	
36	1	
37	-1	
38	-1	
39	-1	
40	-1	
41	-1	
42	1	
43	-1	
44	-1	
45	1	
46	-1	
47	1	
48	1	
49	1	
50	1	
51	-1	
52	-1	
53	1	
54	-1	
55	1	
56	-1	
57	1	
58	1	
59	1	
60	-1	
61	1	
62	1	
63	-1	
64	-1	
65	-1	
66	1	
67	1	
68	-1	
69	1	
70	-1	
71	-1	
72	-1	
73	-1	
74	-1	
75	-1	
76	1	
77	-1	
78	1	
79	1	
80	1	
81	-1	
82	1	
83	1	
84	-1	
85	1	
86	-1	
87	1	
88	1	
89	1	
90	-1	
91	-1	
92	-1	
93	1	
94	-1	
95	-1	
96	1	
97	-1	
98	1	
99	-1	
100	-1	
101	-1	
102	1	
103	1	
104	1	
105	-1	
106	1	
107	1	
108	1	
109	1	
110	1	
111	-1	
112	1	
113	-1	
114	-1	
115	1	
116	1	
117	1	
118	-1	
119	-1	
120	1	
121	1	
123	1	
124	-1	
125	1	
126	1	
127	1	
128	1	
129	-1	
130	1	
131	1	
132	1	
133	1	
134	-1	
135	1	
136	-1	
137	-1	
138	-1	
139	1	
141	-1	
142	1	
143	-1	
144	-1	
145	-1	
146	1	
147	1	
148	1	
149	-1	
150	-1	
151	1	
152	1	
153	1	
154	-1	
155	1	
156	-1	
157	-1	
158	-1	
159	1	
160	1	
161	-1	
162	-1	
163	1	
164	-1	
165	-1	
166	-1	
167	-1	
168	-1	
169	1	
170	-1	
171	-1	
172	-1	
173	1	
174	-1	
175	1	
176	-1	
177	1	
178	1	
179	-1	
180	-1	
181	1	
182	-1	
183	1	
184	-1	
185	1	
186	-1	
187	1	
188	-1	
189	-1	
190	-1	
191	1	
192	-1	
193	1	
194	1	
195	-1	
196	1	
197	-1	
198	-1	
199	-1	
200	1	
201	-1	
202	-1	
203	1	
204	-1	
205	-1	
206	1	
207	-1	
208	1	
209	-1	
210	-1	
211	1	
212	-1	
213	1	
214	-1	
215	-1	
216	-1	
217	-1	
218	-1	
219	-1	
220	-1	
221	-1	
222	-1	
223	-1	
224	1	
225	1	
226	-1	
227	1	
228	-1	
229	1	
230	-1	
231	-1	
232	-1	
233	1	
234	1	
235	1	
236	-1	
237	1	
238	-1	
239	-1	
240	-1	
241	1	
242	1	
243	1	
244	1	
245	1	
246	1	
247	-1	
248	1	
249	-1	
250	1	
251	1	
252	1	
253	1	
254	1	
255	1	
256	1	
257	1	
258	1	
259	-1	
260	1	
261	1	
262	-1	
263	-1	
264	1	
265	1	
266	1	
267	-1	
268	-1	
269	1	
270	1	
271	1	
272	1	
273	1	
274	-1	
275	-1	
276	1	
277	1	
278	-1	
279	1	
280	-1	
281	-1	
282	1	
283	-1	
284	-1	
285	-1	
286	-1	
287	1	
288	1	
289	1	
290	1	
291	1	
292	-1	
293	1	
294	-1	
295	1	
296	1	
297	-1	
298	1	
299	-1	
300	-1	
301	1	
302	-1	
303	-1	
304	-1	
305	1	
306	1	
307	-1	
308	-1	
309	1	
310	-1	
311	1	
312	-1	
313	1	
314	-1	
315	1	
316	1	
317	1	
318	1	
319	-1	
320	-1	
321	-1	
322	-1	
323	1	
324	-1	
325	-1	
326	1	
327	1	
328	1	
329	-1	
330	1	
331	-1	
332	1	
333	1	
334	-1	
335	-1	
336	1	
337	-1	
338	1	
339	1	
340	1	
341	-1	
342	1	
343	-1	
344	-1	
345	1	
346	-1	
347	1	
348	-1	
349	-1	
350	1	
351	-1	
352	1	
353	1	
354	-1	
355	-1	
356	-1	
357	1	
358	-1	
359	-1	
361	-1	
362	1	
363	1	
364	1	
365	1	
367	1	
368	1	
369	-1	
370	1	
371	1	
372	1	
373	1	
374	-1	
375	-1	
376	1	
377	1	
378	1	
379	-1	
380	-1	
382	1	
383	1	
384	-1	
385	-1	
386	1	
387	-1	
388	1	
389	-1	
390	-1	
391	-1	
392	-1	
393	1	
394	-1	
396	1	
397	-1	
398	-1	
399	1	
400	1	
401	1	
402	1	
403	-1	
404	-1	
405	1	
406	1	
407	1	
408	-1	
409	1	
410	-1	
411	1	
412	1	
413	1	
414	1	
415	-1	
416	1	
417	1	
418	1	
419	-1	
420	1	
421	-1	
422	-1	
424	1	
425	-1	
426	-1	
427	1	
428	-1	
429	-1	
430	1	
431	1	
432	1	
433	1	
434	1	
435	1	
436	-1	
437	1	
438	1	
439	1	
440	-1	
441	-1	
442	-1	
443	-1	
444	1	
445	-1	
446	-1	
447	1	
448	1	
449	1	
450	-1	
451	-1	
452	1	
453	-1	
454	1	
455	1	
456	1	
457	-1	
458	1	
459	-1	
460	-1	
461	-1	
462	-1	
463	-1	
464	-1	
465	1	
466	1	
467	-1	
468	-1	
469	-1	
470	-1	
471	1	
472	-1	
473	1	
474	-1	
475	-1	
476	-1	
477	1	
478	-1	
479	-1	
480	-1	
481	1	
482	-1	
483	1	
484	1	
485	-1	
486	1	
487	1	
488	1	
489	1	
490	-1	
491	1	
492	-1	
493	1	
494	1	
495	1	
496	1	
497	1	
498	1	
499	1	
500	-1	
501	-1	
502	1	
503	-1	
504	1	
505	1	
506	1	
507	1	
508	1	
509	1	
510	-1	
511	1	
Js:	
82	84	3	
83	84	5	
83	86	3	
81	86	-6	
81	85	3	
82	85	-5	
232	236	-4	
233	236	4	
233	297	2	
297	301	5	
296	301	-4	
232	296	-1	
144	149	-2	
149	157	2	
155	157	5	
155	159	-5	
151	159	-5	
144	151	4	
105	108	4	
108	116	1	
112	116	-3	
112	118	4	
110	118	2	
105	110	4	
322	324	-4	
324	332	4	
330	332	-3	
330	335	5	
327	335	-3	
322	327	5	
40	44	-3	
41	44	-2	
41	45	6	
42	45	-2	
42	47	-5	
40	47	-3	
201	205	-6	
203	205	2	
203	267	1	
267	270	2	
265	270	-6	
201	265	-1	
250	254	-6	
251	254	-4	
251	315	-3	
315	319	-2	
314	319	-6	
250	314	2	
338	342	-6	
342	350	-3	
344	350	5	
344	351	-3	
343	351	-3	
338	343	-6	
50	52	4	
52	60	-3	
58	60	5	
58	63	4	
55	63	3	
50	55	-5	
25	28	3	
27	28	-5	
27	30	-4	
24	30	4	
24	29	4	
25	29	-4	
458	461	6	
461	469	-3	
467	469	-3	
467	470	-5	
462	470	2	
458	462	5	
434	436	6	
436	444	5	
442	444	5	
442	446	-2	
438	446	5	
434	438	3	
128	133	-5	
131	133	-4	
131	135	-5	
130	135	-3	
130	134	4	
128	134	4	
8	12	-3	
10	12	-4	
10	15	-5	
9	15	4	
9	14	-4	
8	14	-4	
72	78	3	
74	78	7	
74	138	2	
138	142	4	
136	142	5	
72	136	-2	
163	164	7	
164	172	-1	
171	172	-5	
171	174	-4	
166	174	5	
163	166	4	
184	188	-3	
187	188	4	
187	190	4	
185	190	-6	
185	189	3	
184	189	-2	
96	101	3	
99	101	-5	
99	103	4	
98	103	4	
98	102	-6	
96	102	-2	
18	20	5	
19	20	6	
19	23	4	
17	23	-4	
17	22	5	
18	22	-4	
386	388	3	
387	388	3	
387	391	-6	
385	391	-4	
385	390	-4	
386	390	5	
417	422	6	
418	422	4	
418	482	5	
482	485	-4	
481	485	4	
417	481	-5	
369	374	-5	
374	382	5	
378	382	-7	
378	383	-6	
375	383	-4	
369	375	-5	
226	228	-6	
227	228	-3	
227	291	-3	
291	293	-5	
290	293	-4	
226	290	1	
353	356	4	
354	356	-4	
354	357	4	
352	357	-5	
352	358	4	
353	358	6	
496	500	2	
500	508	3	
506	508	-3	
506	511	-3	
503	511	4	
496	503	-3	
394	397	-5	
397	405	5	
403	405	4	
403	407	-3	
399	407	-4	
394	399	5	
200	204	6	
202	204	-4	
202	266	1	
266	269	-8	
264	269	-4	
200	264	1	
280	284	-3	
283	284	-4	
283	285	-4	
282	285	-3	
282	287	-2	
280	287	6	
210	212	-6	
212	220	-4	
217	220	-4	
217	223	-5	
215	223	-2	
210	215	-4	
88	92	-6	
89	92	4	
89	93	-3	
90	93	5	
90	94	-5	
88	94	5	
176	180	-4	
178	180	5	
178	181	-2	
177	181	7	
177	182	2	
176	182	-5	
258	260	4	
259	260	5	
259	263	-6	
257	263	5	
257	262	3	
258	262	5	
121	124	2	
123	124	5	
123	126	-3	
120	126	-5	
120	125	4	
121	125	-5	
306	310	5	
307	310	-4	
307	371	3	
371	372	-7	
370	372	-6	
306	370	-2	
472	477	-3	
474	477	4	
474	479	-4	
473	479	2	
473	478	5	
472	478	-5	
208	213	-3	
211	213	-4	
211	275	3	
275	277	-4	
272	277	-3	
208	272	-3	
489	492	4	
491	492	-3	
491	494	-6	
490	494	2	
490	493	5	
489	493	-5	
240	245	2	
241	245	-3	
241	247	3	
242	247	3	
242	246	-3	
240	246	-4	
450	452	-7	
451	452	3	
451	455	6	
448	455	-4	
448	453	5	
450	453	-4	
193	196	7	
194	196	-4	
194	198	6	
192	198	-4	
192	197	-4	
193	197	4	
409	412	-4	
410	412	4	
410	413	3	
411	413	-3	
411	415	3	
409	415	4	
336	340	-5	
340	348	-3	
346	348	-4	
346	349	-5	
341	349	-3	
336	341	3	
427	429	3	
429	437	4	
435	437	-5	
435	439	-3	
431	439	-3	
427	431	4	
32	36	5	
33	36	-7	
33	38	4	
34	38	-8	
34	39	3	
32	39	-7	
248	253	-5	
249	253	5	
249	313	3	
313	318	-3	
312	318	5	
248	312	-2	
65	69	5	
67	69	-3	
67	70	5	
66	70	4	
66	71	5	
65	71	4	
497	501	5	
501	509	3	
507	509	-4	
507	510	6	
502	510	4	
497	502	1	
298	303	5	
299	303	-4	
299	363	-4	
363	365	-7	
362	365	-6	
298	362	-2	
2	4	7	
3	4	3	
3	6	6	
0	6	5	
0	5	-7	
2	5	-4	
49	53	2	
51	53	5	
51	115	5	
115	119	4	
113	119	-4	
49	113	4	
224	229	-6	
225	229	-8	
225	289	-3	
289	295	-4	
288	295	-5	
224	288	1	
162	165	-5	
165	173	3	
168	173	6	
168	175	-3	
167	175	5	
162	167	-5	
393	396	-7	
396	404	3	
401	404	4	
401	406	-3	
398	406	-2	
393	398	5	
456	460	6	
460	468	-2	
465	468	5	
465	471	-3	
463	471	-3	
456	463	6	
320	325	-4	
325	333	1	
328	333	-5	
328	334	-4	
326	334	4	
320	326	4	
146	148	2	
148	156	3	
153	156	4	
153	158	4	
150	158	-4	
146	150	5	
376	380	6	
377	380	6	
377	441	1	
441	447	3	
440	447	-7	
376	440	3	
416	420	-7	
419	420	4	
419	483	5	
483	487	-6	
480	487	3	
416	480	5	
73	76	4	
75	76	4	
75	139	2	
139	143	-4	
137	143	-6	
73	137	-4	
218	221	-5	
219	221	-3	
219	223	-5	
216	223	4	
216	222	-4	
218	222	-4	
424	428	-3	
425	428	-8	
425	430	5	
426	430	5	
426	431	4	
424	431	-4	
56	61	-2	
57	61	-7	
57	62	-4	
59	62	-2	
59	63	5	
56	63	-5	
273	276	-4	
274	276	7	
274	278	-4	
275	278	-6	
275	279	3	
273	279	-7	
106	109	-7	
109	117	1	
114	117	3	
114	119	-2	
111	119	-2	
106	111	4	
305	308	3	
307	308	-3	
307	309	-5	
304	309	1	
304	311	6	
305	311	-5	
227	230	6	
230	238	-2	
234	238	3	
234	239	6	
231	239	4	
227	231	4	
355	356	-2	
356	364	5	
361	364	4	
361	367	5	
359	367	5	
355	359	5	
368	373	-6	
369	373	4	
369	433	3	
433	438	-3	
432	438	-2	
368	432	-2	
40	46	-5	
43	46	-3	
43	107	3	
107	108	-5	
104	108	-5	
40	104	3	
290	292	4	
292	300	-3	
298	300	-4	
298	302	4	
294	302	-6	
290	294	4	
195	198	-5	
198	206	-4	
200	206	-4	
200	207	2	
199	207	-4	
195	199	-5	
74	77	-2	
77	85	2	
80	85	5	
80	87	-5	
79	87	-3	
74	79	4	
145	151	5	
147	151	1	
147	211	-4	
211	214	2	
209	214	-7	
145	209	-3	
475	476	-5	
476	484	2	
483	484	1	
483	486	-4	
478	486	3	
475	478	-3	
281	286	-5	
283	286	-3	
283	347	3	
347	351	5	
345	351	4	
281	345	4	
96	100	4	
97	100	-6	
97	161	-3	
161	167	3	
160	167	4	
96	160	-2	
400	406	-3	
402	406	-6	
402	466	-3	
466	470	4	
464	470	-5	
400	464	4	
11	13	3	
13	21	2	
16	21	-5	
16	23	-5	
15	23	1	
11	15	-4	
177	183	-4	
179	183	3	
179	243	4	
243	244	-3	
241	244	-3	
177	241	-6	
26	31	-3	
27	31	-4	
27	91	2	
91	95	-7	
90	95	-5	
26	90	-3	
64	68	-7	
65	68	-4	
65	129	-1	
129	132	3	
128	132	-5	
64	128	-1	
384	389	-6	
385	389	-2	
385	449	4	
449	454	-6	
448	454	-6	
384	448	3	
265	268	5	
267	268	-6	
267	331	4	
331	334	-3	
329	334	-3	
265	329	4	
170	174	-5	
171	235	4	
235	237	-5	
234	237	-3	
170	234	-2	
379	383	4	
379	443	3	
443	445	-5	
442	445	-4	
378	442	1	
184	191	6	
186	191	-4	
186	250	4	
250	252	-3	
248	252	-5	
184	248	2	
256	261	-7	
259	261	3	
259	323	3	
323	326	4	
256	320	4	
408	413	4	
413	421	3	
418	421	5	
414	422	-2	
408	414	2	
488	494	-5	
494	502	-3	
499	502	-4	
499	503	4	
495	503	-2	
488	495	-4	
48	54	5	
51	54	-5	
115	117	-4	
112	117	-5	
48	112	-6	
504	508	-5	
505	508	-4	
505	511	-6	
507	511	-3	
504	509	-3	
306	308	4	
308	316	5	
312	316	3	
312	317	-5	
309	317	-3	
306	309	-5	
154	156	-5	
155	156	3	
152	159	3	
152	158	6	
154	158	-3	
34	36	-2	
35	36	-4	
35	37	4	
33	37	6	
457	460	-3	
459	460	-6	
459	461	-4	
457	462	4	
337	340	5	
339	340	-5	
339	342	-4	
337	343	-5	
139	141	5	
141	149	-2	
146	149	5	
142	150	-2	
139	142	-3	
321	324	-5	
323	324	5	
323	325	5	
322	325	-5	
321	327	5	
261	269	-4	
266	271	-4	
263	271	-4	
256	263	1	
392	396	-3	
393	397	3	
394	398	-3	
392	398	-4	
120	124	7	
121	127	-4	
123	127	-5	
123	125	-5	
1	4	7	
2	6	-5	
1	5	-4	
435	436	2	
435	499	-4	
499	500	-5	
498	500	3	
434	498	-4	
169	173	-5	
169	233	-2	
233	238	6	
232	238	3	
168	232	-4	
240	244	5	
244	252	-5	
249	252	-3	
249	255	5	
247	255	4	
240	247	-5	
288	292	4	
289	292	-4	
291	295	-4	
288	293	-4	
281	284	-2	
282	284	-6	
282	286	5	
280	286	-3	
280	285	-3	
281	285	-5	
221	229	-1	
225	230	4	
222	230	-1	
219	222	-3	
480	484	8	
482	484	4	
482	486	5	
481	486	2	
480	485	-2	
81	84	-4	
83	87	-4	
82	87	-5	
82	86	3	
195	197	-5	
197	205	-4	
202	205	-4	
202	207	-5	
56	60	-5	
59	60	-6	
59	61	-5	
56	62	7	
91	92	-3	
91	93	-4	
88	93	-4	
89	94	4	
42	44	5	
43	44	-6	
43	45	2	
41	47	3	
347	349	-3	
347	411	-3	
410	415	-4	
346	410	-2	
420	428	2	
424	429	6	
421	429	-1	
416	421	4	
400	407	-3	
401	407	-4	
401	465	4	
464	468	-3	
178	182	4	
182	190	-3	
187	191	-3	
183	191	-4	
178	183	-3	
70	78	3	
72	79	5	
71	79	2	
67	71	6	
208	212	-3	
210	214	-4	
209	215	-2	
208	215	5	
104	109	3	
106	110	-3	
107	110	-4	
107	111	4	
104	111	6	
16	20	2	
19	21	6	
17	21	-3	
16	22	6	
24	28	3	
26	28	6	
26	30	5	
25	30	3	
432	437	-3	
433	437	-5	
433	497	-6	
496	501	6	
432	496	-4	
161	164	-5	
163	165	-3	
160	165	3	
160	166	4	
161	166	-5	
9	12	-4	
11	12	5	
10	13	-5	
10	14	4	
488	492	4	
490	492	-7	
489	495	5	
469	477	-3	
475	477	5	
475	479	-4	
471	479	1	
467	471	4	
99	100	-3	
99	102	5	
98	101	4	
97	101	-3	
384	388	5	
386	389	4	
387	389	-5	
384	391	-1	
353	357	-5	
355	357	6	
352	359	3	
441	445	-5	
443	447	2	
440	446	-4	
441	446	-4	
328	332	-4	
329	332	6	
329	333	-2	
331	333	5	
331	335	-5	
328	335	4	
133	141	-3	
137	141	-2	
135	143	3	
362	364	-5	
364	372	-2	
368	372	2	
368	375	5	
367	375	1	
362	367	-6	
272	276	-2	
274	279	4	
273	278	2	
272	278	4	
313	316	-6	
315	316	-3	
315	379	4	
379	380	-6	
313	377	-5	
297	300	-5	
299	300	-4	
296	303	5	
49	52	-5	
50	53	-4	
48	53	-3	
49	54	3	
228	236	-3	
235	236	2	
235	239	5	
226	231	-6	
449	453	4	
450	455	5	
451	454	4	
152	157	3	
154	157	-5	
154	218	-4	
218	220	-2	
216	220	-3	
152	216	3	
180	188	-5	
186	188	-4	
186	189	-5	
181	189	4	
176	181	3	
194	258	-2	
193	257	-2	
68	76	4	
75	77	-4	
69	77	-5	
64	69	1	
345	350	5	
345	409	-1	
408	412	4	
344	408	-2	
243	245	2	
245	253	-5	
251	253	-3	
246	254	-4	
243	246	-4	
361	365	4	
363	427	2	
427	430	-4	
361	425	-3	
305	310	4	
310	318	4	
314	318	4	
311	319	6	
339	341	5	
339	403	2	
400	405	-4	
336	400	-2	
392	399	-7	
393	399	-1	
393	457	4	
457	463	-2	
392	456	3	
130	132	-7	
129	134	-6	
129	135	4	
128	135	-3	
203	204	5	
203	206	-4	
201	206	6	
201	207	-3	
80	84	2	
81	145	3	
145	148	3	
144	148	6	
80	144	3	
114	116	-4	
113	117	3	
113	118	-5	
505	510	2	
506	510	-3	
506	509	-6	
35	39	8	
168	172	-6	
170	172	-5	
170	173	5	
169	175	-6	
372	380	-1	
376	382	-4	
370	374	3	
264	268	3	
267	271	3	
266	270	4	
264	270	-3	
472	476	3	
473	476	4	
473	477	-5	
474	478	-4	
419	422	4	
481	487	-5	
402	404	4	
404	412	2	
411	412	-5	
411	414	5	
406	414	-1	
304	310	2	
371	373	-5	
304	368	2	
289	294	4	
296	302	4	
295	303	-3	
155	219	2	
219	220	-5	
153	217	-3	
74	76	3	
138	143	-5	
54	62	-2	
58	62	-5	
48	55	-3	
3	5	-5	
5	13	2	
8	13	-4	
6	14	1	
321	326	3	
330	334	4	
274	277	-3	
277	285	4	
279	287	-2	
162	226	-3	
224	228	2	
160	224	-4	
121	126	-7	
121	185	-1	
184	190	-4	
120	184	1	
91	94	-2	
94	102	-1	
95	103	2	
347	348	3	
348	356	-3	
354	359	-4	
351	359	1	
179	182	-5	
243	247	4	
178	242	4	
147	148	-4	
144	208	3	
250	255	-3	
251	255	5	
315	317	-6	
314	317	4	
432	436	-3	
442	447	3	
439	447	-5	
432	439	-6	
384	390	-4	
386	450	3	
448	452	-4	
427	491	-3	
426	490	-5	
2	66	4	
1	65	-4	
192	199	-4	
194	199	2	
256	260	-4	
192	256	2	
41	46	4	
42	46	3	
42	106	-3	
106	108	-2	
41	105	-5	
20	28	3	
23	31	3	
18	23	5	
466	468	5	
466	471	-4	
459	463	-5	
338	340	2	
337	342	3	
336	343	3	
115	116	-4	
116	124	6	
119	127	7	
234	236	5	
232	237	-4	
232	239	-4	
491	493	-3	
493	501	2	
498	501	-1	
498	502	-5	
139	203	-4	
136	200	5	
83	85	-3	
80	86	3	
96	103	-5	
209	213	5	
213	221	3	
217	221	-3	
217	222	3	
214	222	-3	
145	150	4	
153	159	-5	
176	240	-2	
66	69	-4	
72	77	-5	
440	444	4	
443	444	3	
443	507	4	
504	510	5	
440	504	3	
293	301	-4	
299	301	4	
299	302	-4	
291	294	-3	
179	180	-3	
21	29	3	
22	30	-3	
19	22	-2	
257	260	-4	
257	321	-3	
44	52	-2	
49	55	-4	
47	55	-3	
43	47	4	
497	500	6	
276	284	2	
278	286	-2	
355	419	3	
419	421	-4	
352	416	-1	
479	487	3	
472	479	-6	
305	309	-5	
370	375	-3	
305	369	1	
456	461	2	
466	469	4	
456	462	3	
344	348	-5	
345	348	2	
346	350	2	
344	349	-5	
170	175	2	
163	167	3	
363	364	-4	
88	95	3	
330	333	-5	
330	394	1	
328	392	1	
426	428	-2	
426	429	-5	
425	431	-3	
387	451	-2	
451	453	-5	
227	229	-2	
224	231	-2	
224	230	5	
131	134	-4	
131	195	4	
129	193	3	
105	109	3	
107	109	-3	
107	171	-1	
169	172	3	
105	169	1	
337	341	-3	
403	404	-3	
337	401	-3	
410	414	3	
409	414	-5	
408	415	-7	
11	75	-3	
75	79	2	
73	79	4	
9	73	-4	
32	37	1	
34	37	-6	
35	38	2	
218	223	-2	
233	237	-4	
237	245	-3	
242	245	-5	
238	246	2	
354	358	-3	
354	418	2	
418	420	2	
417	420	-4	
353	417	-2	
265	271	-3	
264	271	-5	
378	380	3	
379	382	3	
377	383	-5	
147	149	5	
211	212	4	
146	210	2	
304	308	-5	
313	319	3	
442	506	-5	
441	505	4	
104	110	-4	
114	118	-4	
40	45	6	
45	53	-2	
46	54	-3	
434	439	-3	
498	503	5	
3	67	4	
67	68	2	
0	64	-4	
192	196	4	
196	204	2	
201	204	2	
389	397	3	
390	398	-6	
284	292	-1	
287	295	-2	
283	287	-4	
258	261	-3	
258	322	-2	
187	189	6	
187	251	-1	
251	252	-4	
185	249	3	
477	485	2	
130	133	-5	
138	141	-4	
331	332	3	
467	468	5	
465	470	4	
465	469	4	
464	469	-3	
26	29	-3	
27	29	-5	
24	31	6	
17	20	3	
371	374	2	
370	373	-4	
11	14	5	
8	15	6	
401	405	-2	
403	406	5	
402	407	-4	
297	302	-1	
297	303	-3	
449	452	-3	
162	166	-2	
275	276	3	
273	277	-5	
457	461	-5	
458	463	4	
131	132	-5	
130	194	3	
411	475	3	
474	476	-4	
410	474	4	
385	388	-5	
388	396	-4	
394	396	3	
435	438	-5	
50	114	5	
113	116	4	
259	262	-5	
262	270	5	
312	376	2	
285	293	1	
286	294	2	
216	221	-3	
0	4	4	
136	141	-4	
57	63	5	
58	61	-4	
72	76	4	
75	78	5	
225	228	4	
226	230	-2	
32	38	-3	
34	98	1	
32	96	4	
185	191	-3	
186	190	-3	
424	430	-3	
169	174	3	
92	100	-1	
93	101	2	
329	335	-5	
289	353	-1	
288	352	-3	
347	350	-3	
280	344	-2	
83	147	-3	
499	501	-3	
496	502	-3	
25	89	-4	
179	181	4	
481	484	-4	
507	508	-5	
504	511	-4	
323	327	2	
320	327	5	
322	326	3	
338	341	4	
48	52	3	
51	52	3	
128	192	2	
392	397	-2	
437	445	-3	
409	473	-4	
408	472	-3	
18	82	-5	
17	81	-5	
386	391	4	
33	39	2	
282	346	3	
9	13	-4	
314	378	-3	
490	495	1	
489	494	-2	
371	375	-2	
368	374	5	
156	164	-1	
161	165	-5	
157	165	1	
153	157	4	
272	279	-5	
273	337	-1	
336	342	-4	
272	336	-3	
242	244	-4	
176	183	5	
452	460	-3	
455	463	2	
260	268	3	
266	268	1	
257	261	3	
403	467	-3	
427	428	4	
203	207	4	
138	202	-3	
290	295	-4	
291	355	-1	
355	358	-3	
290	354	3	
226	229	2	
118	126	3	
97	102	3	
102	110	3	
103	111	1	
97	103	2	
84	92	-5	
87	95	2	
137	142	4	
174	182	-1	
175	183	1	
171	175	3	
211	215	5	
433	436	3	
453	461	2	
454	462	3	
50	54	2	
483	485	-4	
314	316	3	
258	263	4	
194	197	3	
193	199	3	
193	198	-1	
147	150	3	
346	351	-4	
1	6	5	
402	405	-4	
405	413	-1	
407	415	-2	
248	255	-3	
248	254	-3	
57	60	3	
117	125	-4	
376	383	-3	
64	70	4	
64	71	-3	
33	97	-1	
281	287	4	
177	180	3	
160	164	3	
163	227	2	
505	509	-4	
488	493	-3	
424	488	-4	
296	300	4	
298	301	-2	
333	341	-2	
334	342	2	
443	446	-5	
256	262	2	
202	206	-3	
137	201	-2	
105	111	3	
155	158	3	
409	413	-4	
4	12	1	
200	205	2	
205	213	2	
210	213	3	
207	215	-2	
291	292	4	
289	293	2	
352	356	-4	
363	367	-3	
82	146	-1	
146	151	-5	
320	324	2	
321	325	-3	
267	269	4	
264	328	-2	
235	238	4	
400	404	4	
464	471	5	
98	162	2	
249	254	3	
37	45	-2	
38	46	-2	
208	214	3	
491	495	-5	
425	489	2	
391	399	3	
59	123	-2	
56	120	1	
315	318	-2	
25	31	4	
129	133	-3	
86	94	-3	
480	486	2	
8	72	3	
195	196	-1	
36	44	2	
39	47	2	
458	460	2	
459	462	-3	
18	21	-1	
365	373	1	
417	421	3	
101	109	3	
115	118	-2	
441	444	3	
377	382	-3	
209	212	-2	
210	274	-1	
209	273	-1	
288	294	3	
449	455	-3	
492	500	1	
53	61	-2	
219	283	-2	
218	282	3	
353	359	-2	
394	458	3	
297	361	-4	
81	87	-1	
242	306	-1	
240	304	-2	
171	173	-1	
66	68	3	
486	494	-2	
487	495	-1	
482	487	-2	
369	372	2	
370	434	2	
345	349	4	
154	159	2	
440	445	-1	
185	188	4	
217	281	-2	
216	280	-3	
73	78	2	
241	246	-3	
243	307	3	
307	311	-2	
241	305	-2	
233	239	2	
484	492	1	
485	493	-2	
106	170	-1	
104	168	1	
152	156	4	
114	178	2	
112	176	-1	
274	338	1	
250	253	2	
136	143	2	
312	319	-3	
16	80	-2	
85	93	-2	
120	127	4	
89	95	3	
99	163	-1	
162	164	-3	
51	55	2	
91	155	2	
89	153	2	
145	149	-2	
416	422	-3	
430	438	-2	
339	343	3	
98	100	3	
100	108	3	
428	436	-1	
434	437	-2	
425	429	1	
35	99	-2	
19	83	2	
350	358	2	
65	70	2	
115	179	1	
225	231	2	
497	503	-2	
387	390	-1	
134	142	2	
57	121	-1	
422	430	1	
468	476	-2	
204	212	1	
29	37	1	
30	38	1	
371	435	1	
412	420	1	
266	330	-2	
206	214	1	
112	119	-1	
24	88	1	
301	309	1	
302	310	-1	
90	92	1	
236	244	2	
306	311	1	
362	426	1	
313	317	-2	
12	20	1	
73	77	-2	
229	237	1	
265	269	1	
322	386	-1	
320	384	-1	
323	387	1	
321	385	-1	
144	150	2	
234	298	1	
10	74	2	
268	276	2	
270	278	-2	
220	228	-2	
223	231	2	
357	365	-2	
269	277	1	
271	279	-1	
90	154	1	
88	152	-1	
338	402	-1	
450	454	-1	
76	84	-1	
275	339	-1	
161	225	1	
239	247	1	
Energy:	-3746	
