NumberOfQubits	504	
NumberOfSubgraphs	420	
Serial	64	
PlantedSolution:	
0	-1	
1	-1	
2	-1	
3	-1	
4	1	
5	1	
6	-1	
8	-1	
9	1	
10	-1	
11	-1	
12	1	
13	1	
14	1	
15	1	
16	1	
17	1	
18	-1	
19	1	
20	-1	
21	-1	
22	1	
23	-1	
24	1	
25	1	
26	1	
27	1	
28	-1	
29	-1	
30	-1	
31	-1	
32	-1	
33	-1	
34	-1	
35	1	
36	-1	
37	1	
38	1	
39	-1	
40	1	
41	1	
42	-1	
43	-1	
44	-1	
45	-1	
46	-1	
47	1	
48	-1	
49	-1	
50	1	
51	1	
52	-1	
53	-1	
54	1	
55	1	
56	1	
57	-1	
58	-1	
59	-1	
60	1	
61	-1	
62	1	
63	1	
64	-1	
65	1	
66	-1	
67	1	
68	-1	
69	-1	
70	1	
71	1	
72	-1	
73	-1	
74	-1	
75	1	
76	1	
77	-1	
78	-1	
79	-1	
80	-1	
81	-1	
82	1	
83	1	
84	1	
85	1	
86	-1	
87	1	
88	-1	
89	1	
90	1	
91	-1	
92	-1	
93	1	
94	1	
95	-1	
96	1	
97	1	
98	1	
99	-1	
100	1	
101	-1	
102	1	
103	1	
104	-1	
105	-1	
106	-1	
107	1	
108	1	
109	1	
110	-1	
111	1	
112	1	
113	-1	
114	1	
115	1	
116	-1	
117	-1	
118	-1	
119	-1	
120	1	
121	-1	
123	-1	
124	1	
125	-1	
126	1	
127	-1	
128	1	
129	1	
130	-1	
131	-1	
132	1	
133	-1	
134	1	
135	1	
136	1	
137	1	
138	-1	
139	1	
141	-1	
142	-1	
143	-1	
144	-1	
145	1	
146	1	
147	1	
148	-1	
149	-1	
150	1	
151	-1	
152	1	
153	1	
154	1	
155	-1	
156	-1	
157	1	
158	-1	
159	-1	
160	1	
161	1	
162	-1	
163	1	
164	-1	
165	1	
166	-1	
167	-1	
168	1	
169	1	
170	1	
171	1	
172	1	
173	-1	
174	1	
175	1	
176	1	
177	1	
178	1	
179	-1	
180	-1	
181	1	
182	-1	
183	1	
184	-1	
185	1	
186	1	
187	1	
188	-1	
189	1	
190	1	
191	-1	
192	-1	
193	1	
194	1	
195	-1	
196	-1	
197	-1	
198	1	
199	1	
200	1	
201	1	
202	-1	
203	1	
204	1	
205	1	
206	1	
207	1	
208	1	
209	-1	
210	1	
211	-1	
212	1	
213	-1	
214	1	
215	1	
216	1	
217	1	
218	1	
219	-1	
220	1	
221	-1	
222	-1	
223	1	
224	1	
225	1	
226	-1	
227	1	
228	-1	
229	1	
230	1	
231	-1	
232	-1	
233	1	
234	-1	
235	-1	
236	-1	
237	-1	
238	-1	
239	-1	
240	-1	
241	1	
242	-1	
243	-1	
244	-1	
245	-1	
246	1	
247	1	
248	-1	
249	1	
250	1	
251	-1	
252	1	
253	1	
254	-1	
255	1	
256	-1	
257	-1	
258	-1	
259	-1	
260	1	
261	-1	
262	-1	
263	1	
264	1	
265	-1	
266	1	
267	1	
268	-1	
269	-1	
270	-1	
271	-1	
272	-1	
273	1	
274	1	
275	1	
276	-1	
277	1	
278	-1	
279	-1	
280	-1	
281	1	
282	1	
283	-1	
284	1	
285	-1	
286	-1	
287	1	
288	1	
289	1	
290	1	
291	-1	
292	-1	
293	-1	
294	1	
295	1	
296	-1	
297	1	
298	1	
299	-1	
300	-1	
301	-1	
302	1	
303	-1	
304	-1	
305	1	
306	1	
307	-1	
308	-1	
309	1	
310	1	
311	-1	
312	1	
313	-1	
314	-1	
315	-1	
316	1	
317	-1	
318	1	
319	-1	
320	-1	
321	1	
322	-1	
323	-1	
324	1	
325	-1	
326	1	
327	-1	
328	-1	
329	1	
330	1	
331	-1	
332	1	
333	-1	
334	-1	
335	-1	
336	-1	
337	-1	
338	1	
339	-1	
340	1	
341	-1	
342	1	
343	1	
344	1	
345	-1	
346	-1	
347	1	
348	-1	
349	1	
350	1	
351	-1	
352	-1	
353	1	
354	1	
355	-1	
356	-1	
357	-1	
358	1	
359	1	
361	1	
362	1	
363	-1	
364	-1	
365	1	
367	1	
368	1	
369	-1	
370	1	
371	1	
372	-1	
373	1	
374	1	
375	-1	
376	-1	
377	-1	
378	1	
379	1	
380	1	
382	-1	
383	1	
384	-1	
385	1	
386	1	
387	1	
388	1	
389	1	
390	1	
391	-1	
392	1	
393	-1	
394	-1	
396	1	
397	1	
398	-1	
399	-1	
400	1	
401	-1	
402	-1	
403	1	
404	-1	
405	-1	
406	-1	
407	-1	
408	1	
409	1	
410	-1	
411	-1	
412	-1	
413	-1	
414	1	
415	-1	
416	-1	
417	-1	
418	1	
419	-1	
420	1	
421	1	
422	1	
424	1	
425	-1	
426	-1	
427	-1	
428	1	
429	-1	
430	-1	
431	-1	
432	-1	
433	-1	
434	1	
435	-1	
436	1	
437	-1	
438	-1	
439	1	
440	1	
441	1	
442	-1	
443	-1	
444	-1	
445	-1	
446	1	
447	1	
448	1	
449	1	
450	-1	
451	1	
452	-1	
453	1	
454	1	
455	1	
456	1	
457	-1	
458	1	
459	-1	
460	-1	
461	1	
462	-1	
463	1	
464	1	
465	1	
466	-1	
467	1	
468	-1	
469	1	
470	1	
471	1	
472	-1	
473	-1	
474	-1	
475	1	
476	-1	
477	1	
478	1	
479	1	
480	-1	
481	-1	
482	1	
483	1	
484	1	
485	1	
486	1	
487	1	
488	-1	
489	1	
490	-1	
491	-1	
492	-1	
493	1	
494	-1	
495	1	
496	1	
497	-1	
498	1	
499	-1	
500	1	
501	1	
502	-1	
503	-1	
504	1	
505	-1	
506	1	
507	-1	
508	-1	
509	-1	
510	1	
511	-1	
Js:	
505	508	-3	
507	508	-4	
507	511	3	
504	511	2	
504	510	-5	
505	510	1	
98	100	-3	
100	108	-2	
106	108	2	
106	111	3	
103	111	2	
98	103	-2	
49	53	-2	
53	61	-2	
57	61	-4	
57	62	-2	
54	62	-2	
49	54	2	
304	309	3	
305	309	-1	
305	310	-3	
306	310	-3	
306	311	1	
304	311	1	
113	116	-2	
116	124	3	
120	124	-2	
120	127	-3	
119	127	-3	
113	119	-2	
457	460	-2	
458	460	4	
458	463	-2	
456	463	-3	
456	461	1	
457	461	3	
64	71	2	
67	71	-2	
67	131	1	
131	135	-2	
128	135	-4	
64	128	1	
392	396	-4	
396	404	2	
403	404	2	
403	406	-1	
398	406	-2	
392	398	3	
73	76	3	
74	76	3	
74	78	-3	
72	78	-3	
72	77	1	
73	77	-3	
257	261	-2	
258	261	-2	
258	322	-2	
322	327	1	
321	327	3	
257	321	2	
433	436	4	
436	444	2	
442	444	-3	
442	447	2	
439	447	1	
433	439	3	
256	262	-3	
259	262	-4	
259	323	1	
323	325	-2	
320	325	-4	
256	320	-1	
112	117	2	
117	125	-2	
123	125	-3	
123	126	4	
118	126	2	
112	118	3	
264	271	-1	
267	271	2	
267	331	2	
331	335	-3	
328	335	-2	
264	328	2	
194	198	-3	
198	206	1	
200	206	-2	
200	207	-2	
199	207	-1	
194	199	-3	
424	431	3	
425	431	-3	
425	489	3	
489	493	-2	
488	493	3	
424	488	3	
80	84	3	
83	84	-4	
83	147	-2	
147	151	3	
144	151	3	
80	144	-2	
345	349	3	
349	357	2	
353	357	3	
353	359	3	
351	359	3	
345	351	-3	
242	244	1	
243	244	-2	
243	245	-3	
241	245	1	
241	247	-4	
242	247	3	
418	420	-3	
419	420	3	
419	483	2	
483	484	1	
482	484	-3	
418	482	-1	
312	317	3	
313	317	-2	
313	318	2	
315	318	4	
315	319	-2	
312	319	-3	
227	228	3	
228	236	1	
232	236	-2	
232	238	-3	
230	238	2	
227	230	-3	
152	159	-2	
154	159	2	
154	218	-2	
218	223	-3	
216	223	-3	
152	216	-2	
16	20	2	
20	28	-2	
25	28	1	
25	31	3	
23	31	-2	
16	23	-2	
275	276	2	
276	284	-2	
282	284	-3	
282	287	-4	
279	287	1	
275	279	3	
178	182	3	
182	190	-1	
186	190	-5	
186	191	4	
183	191	1	
178	183	-1	
291	293	-2	
293	301	-3	
299	301	-2	
299	303	-3	
295	303	-1	
291	295	3	
209	213	-4	
211	213	-3	
211	215	-2	
208	215	-4	
208	214	-3	
209	214	4	
169	172	-3	
170	172	1	
170	173	1	
171	173	3	
171	174	-3	
169	174	-1	
41	44	-2	
43	44	-3	
43	47	3	
40	47	-2	
40	46	3	
41	46	2	
449	452	3	
450	452	-2	
450	454	2	
448	454	2	
448	453	-3	
449	453	-3	
427	429	-3	
429	437	-2	
435	437	-2	
435	438	-4	
430	438	1	
427	430	-3	
8	12	3	
9	12	-4	
9	15	2	
11	15	4	
11	14	3	
8	14	1	
368	373	-2	
369	373	-3	
369	374	2	
371	374	-2	
371	375	2	
368	375	2	
496	500	-3	
497	500	4	
497	501	-1	
498	501	-2	
498	502	2	
496	502	3	
51	52	-2	
52	60	1	
56	60	-4	
56	63	-3	
55	63	-1	
51	55	-2	
250	252	-1	
251	252	3	
251	254	-2	
248	254	1	
248	255	4	
250	255	-3	
481	486	2	
486	494	1	
491	494	2	
491	495	3	
487	495	-1	
481	487	3	
24	30	3	
26	30	2	
26	90	-3	
90	93	2	
88	93	3	
24	88	2	
409	415	2	
411	415	1	
411	475	2	
475	476	3	
473	476	-2	
409	473	4	
376	382	-2	
379	382	4	
379	443	1	
443	445	-2	
440	445	-3	
376	440	1	
2	4	4	
3	4	5	
3	6	1	
0	6	-4	
0	5	3	
2	5	1	
161	164	2	
162	164	-3	
162	166	-3	
163	166	-1	
163	167	2	
161	167	2	
464	469	-3	
467	469	2	
467	471	-3	
465	471	-2	
465	470	-4	
464	470	-1	
226	229	3	
229	237	2	
233	237	3	
233	239	-2	
231	239	-1	
226	231	-3	
32	36	-2	
33	36	-2	
33	37	-2	
34	37	3	
34	39	-2	
32	39	-3	
337	341	-2	
339	341	-1	
339	343	3	
336	343	3	
336	342	3	
337	342	-2	
385	389	-2	
389	397	-2	
393	397	2	
393	399	-2	
391	399	1	
385	391	2	
280	285	4	
283	285	-2	
283	347	3	
347	350	-2	
344	350	-2	
280	344	2	
288	294	-3	
290	294	-2	
290	354	-2	
354	356	-3	
352	356	-2	
288	352	2	
129	133	-3	
133	141	-2	
138	141	-3	
138	142	-3	
134	142	2	
129	134	-2	
17	22	-3	
18	22	2	
18	82	-2	
82	86	4	
81	86	-2	
17	81	2	
177	180	1	
180	188	-1	
187	188	3	
187	189	-4	
181	189	1	
177	181	-2	
408	412	2	
410	412	-3	
410	474	-3	
474	478	3	
472	478	-4	
408	472	1	
297	302	-1	
298	302	-3	
298	362	1	
362	364	3	
361	364	2	
297	361	-2	
265	268	-3	
266	268	1	
266	330	-2	
330	334	3	
329	334	3	
265	329	-2	
195	196	-2	
196	204	1	
201	204	-2	
201	205	-3	
197	205	-1	
195	197	-2	
89	92	-1	
91	92	-2	
91	155	-2	
155	156	-2	
153	156	2	
89	153	-2	
99	101	-2	
101	109	-2	
107	109	-2	
107	110	2	
102	110	2	
99	102	2	
272	277	2	
274	277	-2	
274	279	3	
273	279	1	
273	278	-2	
272	278	-4	
146	148	2	
147	148	-1	
147	149	2	
145	149	3	
145	150	-2	
146	150	-3	
64	68	-3	
66	68	-4	
66	70	2	
65	70	-3	
65	69	-3	
64	69	-2	
370	372	1	
372	380	1	
378	380	-1	
378	383	4	
375	383	1	
370	375	2	
217	222	-4	
219	222	-1	
219	283	-1	
283	286	-2	
281	286	4	
217	281	-1	
384	388	2	
387	388	-3	
387	390	-1	
386	390	-1	
386	391	-2	
384	391	-3	
400	405	3	
402	405	-2	
402	406	-2	
401	406	3	
401	407	-4	
400	407	2	
73	79	-3	
75	79	3	
75	139	-3	
139	143	-3	
137	143	3	
73	137	1	
408	413	2	
413	421	3	
417	421	2	
417	422	3	
414	422	3	
408	414	-3	
480	484	2	
484	492	2	
490	492	2	
490	493	2	
485	493	-2	
480	485	2	
19	21	3	
21	29	-2	
27	29	-3	
27	31	2	
19	23	3	
104	108	-1	
105	108	4	
105	169	1	
169	175	-4	
168	175	-2	
104	168	1	
210	212	-4	
212	220	-2	
218	220	-3	
218	221	2	
213	221	1	
210	213	1	
35	37	-2	
37	45	2	
42	45	-4	
42	46	-2	
38	46	2	
35	38	2	
160	165	-2	
161	165	-2	
161	225	-2	
225	230	2	
224	230	-1	
160	224	-2	
441	446	-4	
442	446	2	
442	506	2	
506	509	3	
505	509	-5	
441	505	-1	
362	367	-2	
363	367	2	
363	427	2	
427	428	2	
426	428	3	
362	426	2	
240	245	2	
245	253	3	
249	253	-2	
249	254	3	
246	254	4	
240	246	5	
296	300	-2	
300	308	-2	
307	308	-2	
307	311	3	
303	311	-2	
296	303	-2	
346	348	-3	
348	356	-1	
355	356	-2	
355	358	5	
350	358	2	
346	350	3	
451	454	-3	
454	462	2	
459	462	-1	
459	463	3	
455	463	-1	
451	455	2	
328	332	2	
332	340	-1	
338	340	-3	
338	341	1	
333	341	2	
328	333	-3	
115	118	3	
115	179	1	
179	183	4	
176	183	2	
112	176	-1	
434	438	3	
435	499	-2	
499	503	-2	
498	503	-3	
434	498	-1	
80	85	-1	
85	93	-1	
91	93	2	
91	95	-3	
87	95	1	
80	87	2	
192	196	-4	
193	196	1	
193	257	1	
257	263	2	
256	263	2	
192	256	2	
121	127	-1	
121	185	2	
185	188	2	
184	188	-3	
120	184	1	
202	204	2	
203	204	-2	
203	267	-1	
267	269	4	
266	269	1	
202	266	-1	
313	316	3	
314	316	4	
314	378	3	
377	383	2	
313	377	-3	
466	469	2	
469	477	-2	
474	477	2	
474	479	1	
471	479	-2	
466	471	-2	
1	5	3	
5	13	2	
10	13	1	
10	14	3	
6	14	1	
1	6	-2	
33	39	-2	
33	97	2	
97	103	-4	
96	103	-1	
32	96	-2	
149	157	3	
154	157	-2	
154	158	2	
150	158	-2	
322	324	2	
323	324	3	
320	326	-2	
322	326	3	
59	60	-3	
59	63	2	
58	63	3	
58	62	2	
56	62	-2	
289	292	3	
290	292	2	
290	293	1	
288	293	-2	
288	295	-1	
289	295	-2	
234	236	-1	
235	236	-2	
235	238	-3	
232	237	2	
234	237	-2	
48	52	-4	
50	52	-1	
50	53	3	
49	55	3	
48	55	2	
130	132	4	
131	132	3	
131	134	2	
128	134	-2	
130	135	2	
259	260	3	
260	268	4	
264	268	2	
264	270	2	
262	270	-3	
394	397	3	
394	399	-3	
392	399	-1	
393	398	-1	
417	420	-1	
418	422	-4	
416	422	2	
416	421	3	
403	405	3	
403	467	1	
467	468	3	
464	468	4	
400	464	-2	
113	117	-2	
114	117	3	
114	178	-1	
177	182	-4	
113	177	1	
136	141	3	
138	143	-2	
137	142	2	
136	142	2	
88	94	3	
89	94	-2	
153	159	3	
88	152	2	
368	374	-2	
369	433	-1	
432	439	2	
368	432	-1	
357	365	2	
361	365	-3	
361	367	-3	
359	367	-2	
409	414	-1	
411	414	2	
475	479	3	
473	479	1	
18	20	-3	
24	28	2	
24	29	3	
18	21	-2	
8	15	3	
10	15	3	
10	74	-1	
72	76	-3	
8	72	-1	
488	492	2	
489	492	2	
489	495	-2	
490	495	3	
490	494	-2	
488	494	-2	
184	191	-2	
185	191	3	
185	249	-1	
249	252	-3	
248	252	-1	
184	248	-1	
452	460	-2	
459	460	-3	
459	461	3	
453	461	1	
96	102	-2	
98	102	-2	
98	162	-1	
160	166	1	
96	160	-1	
211	214	1	
211	275	1	
273	276	1	
209	273	-1	
224	228	3	
225	228	2	
225	229	-1	
224	231	-2	
243	246	1	
243	307	1	
307	309	3	
240	304	-1	
41	47	-2	
43	107	2	
105	110	1	
41	105	2	
312	316	-1	
314	318	1	
315	317	2	
234	239	-2	
235	239	-2	
235	299	-2	
299	302	-1	
234	298	2	
440	444	2	
441	444	-1	
443	446	2	
443	447	2	
440	447	-2	
281	285	1	
282	286	2	
280	287	2	
506	508	2	
506	510	-2	
497	502	2	
499	502	-1	
499	501	3	
496	501	-2	
130	133	-2	
130	194	2	
193	198	-2	
129	193	-1	
187	190	-3	
187	251	1	
251	253	2	
250	253	-2	
186	250	1	
67	68	2	
67	69	3	
481	485	3	
483	487	-3	
483	486	3	
480	486	2	
337	340	2	
338	342	-3	
337	343	2	
216	220	-2	
219	220	3	
219	221	-4	
217	221	2	
216	222	2	
144	148	-2	
146	210	2	
208	212	-2	
144	208	1	
321	324	-1	
324	332	-3	
329	332	-1	
329	335	-1	
327	335	-3	
384	389	2	
386	389	-3	
386	450	3	
450	455	-2	
448	455	-1	
384	448	1	
168	172	2	
172	180	2	
176	180	2	
176	181	-2	
173	181	2	
168	173	3	
203	205	-3	
203	207	-1	
202	207	2	
202	206	3	
201	206	3	
425	428	-2	
426	430	-3	
424	430	1	
261	269	-4	
265	269	-2	
265	271	1	
263	271	3	
258	263	2	
344	348	-2	
346	349	1	
344	351	2	
75	77	2	
77	85	2	
81	85	3	
81	87	-1	
79	87	2	
40	44	2	
42	44	-2	
42	106	2	
106	109	1	
104	109	2	
40	104	2	
401	404	-1	
404	412	1	
410	415	-2	
407	415	-2	
242	306	1	
306	308	1	
305	308	1	
241	305	1	
466	468	-2	
468	476	-2	
472	476	-2	
470	478	-2	
466	470	2	
363	364	-3	
364	372	-2	
371	372	3	
371	373	-2	
365	373	1	
363	365	2	
84	92	1	
90	92	3	
90	94	3	
86	94	1	
83	86	1	
156	164	-2	
163	164	-2	
163	165	-3	
157	165	-2	
155	157	3	
59	61	1	
59	123	-2	
121	126	2	
57	121	-1	
50	54	-1	
51	54	-3	
51	115	-1	
115	116	-2	
114	116	2	
50	114	-1	
376	380	3	
377	380	3	
377	382	-2	
379	383	2	
376	383	3	
4	12	-1	
9	13	-3	
3	5	1	
288	292	-1	
291	292	-1	
291	355	-2	
352	358	2	
26	28	2	
28	36	-2	
34	36	1	
34	38	3	
30	38	2	
385	388	-3	
388	396	1	
394	396	1	
394	398	-2	
390	398	2	
385	390	-2	
99	100	-1	
97	101	1	
273	277	-3	
272	279	-1	
458	461	-1	
456	462	-3	
457	462	-3	
330	332	1	
331	332	2	
331	333	-1	
329	333	2	
292	300	1	
297	300	3	
297	301	2	
289	293	1	
432	436	3	
434	436	-2	
434	437	-2	
433	437	-1	
433	438	-1	
432	438	-1	
171	172	-2	
171	175	-1	
170	175	-2	
170	174	-3	
168	174	-2	
192	197	-3	
193	197	-3	
193	199	-2	
195	199	3	
195	198	2	
192	198	2	
17	21	2	
16	22	-2	
1	65	3	
65	71	-2	
0	64	3	
139	141	2	
139	203	-2	
200	204	2	
136	200	-3	
25	30	-1	
27	30	2	
27	91	2	
89	95	2	
25	89	-3	
158	166	-2	
161	166	1	
159	167	2	
491	492	-1	
491	493	-1	
482	485	-2	
233	236	3	
236	244	-1	
241	244	2	
239	247	1	
355	419	-1	
419	421	2	
352	416	1	
387	389	-1	
387	451	-3	
451	453	-2	
450	453	-1	
227	291	1	
291	294	-1	
289	294	-2	
225	289	-2	
501	509	2	
506	511	-1	
503	511	-2	
496	503	1	
215	223	-1	
210	215	1	
74	77	-2	
82	85	-2	
78	86	1	
304	308	-2	
304	310	-2	
302	310	-1	
296	302	3	
114	119	3	
338	343	-1	
339	403	-1	
338	402	1	
40	45	1	
345	350	1	
347	411	1	
411	413	-3	
409	413	-1	
345	409	1	
121	125	-2	
123	187	1	
185	189	2	
265	270	-2	
48	53	1	
58	61	-3	
48	54	2	
465	469	-2	
472	477	2	
250	314	1	
314	319	-3	
248	312	2	
441	447	-3	
440	446	-2	
425	429	-2	
434	439	-2	
431	439	1	
107	111	-1	
107	171	1	
106	170	1	
145	151	2	
147	211	2	
145	209	-1	
178	181	-2	
179	181	-1	
179	243	-2	
242	245	-1	
178	242	3	
353	356	2	
354	418	-2	
353	417	2	
322	325	-2	
321	326	-3	
320	327	-2	
280	284	2	
283	287	1	
8	13	2	
9	14	1	
368	372	2	
370	374	2	
129	132	-2	
131	133	1	
128	133	2	
129	135	-2	
3	67	3	
66	71	-1	
2	66	-3	
266	270	3	
328	334	1	
301	309	1	
88	92	1	
92	100	2	
96	100	-2	
96	101	2	
93	101	2	
160	164	1	
162	165	1	
162	167	-1	
160	167	3	
489	494	1	
494	502	-2	
495	503	1	
49	52	2	
49	113	-1	
48	112	1	
146	149	2	
155	158	-2	
222	230	1	
227	231	1	
223	231	2	
217	223	-1	
362	365	2	
36	44	1	
39	47	1	
387	391	2	
449	455	-2	
385	449	-1	
393	396	2	
393	457	-2	
392	456	-2	
336	340	2	
340	348	1	
347	348	1	
347	349	-2	
341	349	-1	
336	341	-1	
256	261	1	
138	202	1	
424	428	-3	
424	429	2	
76	84	-1	
83	87	1	
406	414	1	
408	415	1	
240	244	-2	
244	252	-2	
179	180	-2	
177	183	-1	
176	182	1	
315	379	-1	
379	380	-2	
272	276	-2	
281	284	-2	
278	286	-1	
507	510	2	
504	509	2	
416	420	1	
480	487	3	
416	480	1	
104	110	-2	
110	118	-2	
115	119	1	
111	119	2	
104	111	-2	
306	370	-3	
370	373	-2	
305	369	1	
194	196	2	
194	197	-1	
192	199	1	
57	60	2	
59	62	2	
57	63	1	
26	31	2	
90	95	-1	
18	23	-1	
17	23	-2	
186	189	1	
184	189	2	
400	404	2	
402	404	2	
402	466	-2	
206	214	-2	
207	215	-2	
201	207	-2	
448	452	3	
458	462	3	
35	39	3	
35	99	-1	
97	102	-2	
41	45	2	
442	445	-1	
437	445	1	
432	437	-2	
409	412	-1	
473	477	2	
148	156	-2	
151	159	-1	
275	277	-3	
275	339	2	
339	342	2	
273	337	2	
344	349	1	
354	357	1	
354	359	-1	
75	78	2	
136	143	1	
72	136	1	
224	229	1	
226	290	2	
224	288	-1	
323	327	1	
384	390	-2	
378	382	2	
312	376	1	
435	436	-1	
499	500	2	
433	497	-2	
257	260	-2	
258	260	2	
91	94	1	
298	300	-1	
296	301	-2	
10	12	2	
12	20	-1	
19	20	1	
19	22	-2	
14	22	-1	
482	486	-2	
51	53	2	
50	55	-2	
169	173	-1	
128	132	-1	
248	253	-1	
249	255	-1	
65	68	1	
216	221	-1	
218	222	2	
81	84	-1	
82	87	-1	
121	124	-2	
123	124	1	
120	126	-2	
120	125	1	
66	69	-2	
308	316	2	
309	317	-1	
346	410	1	
410	413	-1	
344	408	-1	
330	333	1	
330	394	1	
329	393	-1	
137	201	-2	
461	469	-1	
463	471	1	
108	116	1	
115	117	2	
109	117	1	
105	109	2	
274	278	2	
274	338	-1	
272	336	1	
32	38	1	
34	98	1	
11	13	2	
227	229	1	
234	238	-1	
152	156	-2	
152	158	2	
285	293	-1	
287	295	-2	
83	85	-1	
81	145	-1	
369	375	-2	
402	407	-1	
242	246	-1	
176	240	2	
426	431	-2	
297	303	1	
299	363	1	
264	269	-1	
259	261	-1	
505	511	-2	
475	477	-2	
472	479	1	
153	157	-2	
155	219	-1	
153	217	1	
497	503	-1	
26	29	1	
441	445	1	
257	262	-1	
266	271	-2	
335	343	1	
225	231	-1	
310	318	1	
311	319	-2	
305	311	1	
99	103	-1	
99	163	1	
97	161	-1	
112	119	1	
175	183	1	
411	412	1	
412	420	2	
347	351	-1	
281	345	2	
137	141	2	
247	255	1	
243	247	1	
481	484	2	
483	485	-1	
35	36	2	
98	101	1	
203	206	-1	
200	205	-1	
274	276	-2	
320	324	-1	
323	326	1	
321	325	1	
80	86	1	
82	146	-1	
144	150	2	
232	239	2	
298	303	1	
232	296	-1	
456	460	-1	
70	78	-1	
71	79	1	
352	357	-2	
352	359	1	
401	465	1	
443	444	2	
443	507	-1	
174	182	1	
154	156	2	
163	227	1	
282	346	1	
306	309	-1	
307	371	1	
2	6	-2	
131	195	1	
331	334	-2	
386	388	1	
241	246	-1	
473	478	-1	
113	118	-2	
211	212	1	
492	500	1	
290	295	-1	
354	358	1	
123	127	1	
465	468	1	
467	470	-1	
256	260	-1	
259	263	1	
235	237	-1	
397	405	1	
401	405	1	
399	407	-1	
142	150	1	
143	151	-1	
1	4	2	
16	21	1	
19	83	-1	
16	80	-1	
88	95	1	
294	302	-1	
427	431	-1	
427	491	-1	
426	490	1	
369	372	1	
367	375	1	
251	255	1	
251	315	-1	
432	496	1	
474	476	-1	
202	205	-1	
205	213	1	
29	37	-1	
283	284	-1	
325	333	1	
162	226	-1	
226	230	1	
217	220	-1	
270	278	-2	
275	278	1	
271	279	-1	
304	368	1	
75	76	-2	
72	79	-1	
355	359	2	
326	334	1	
43	45	-1	
43	46	-1	
204	212	1	
449	454	1	
106	110	-1	
177	241	-1	
17	20	1	
233	238	1	
299	300	1	
233	297	-1	
286	294	-1	
145	148	-1	
400	406	-1	
339	340	-1	
27	28	1	
31	39	1	
56	120	-1	
186	188	1	
184	190	-1	
220	228	1	
11	12	-1	
267	268	1	
346	351	-1	
74	138	1	
426	429	-1	
435	439	-1	
504	508	-1	
67	70	1	
64	70	1	
268	276	-1	
194	258	1	
258	262	-1	
Energy:	-1736	
