NumberOfQubits	504	
NumberOfSubgraphs	840	
Serial	339	
PlantedSolution:	
0	-1	
1	1	
2	-1	
3	-1	
4	1	
5	-1	
6	1	
8	-1	
9	1	
10	-1	
11	-1	
12	-1	
13	-1	
14	1	
15	-1	
16	1	
17	-1	
18	1	
19	-1	
20	-1	
21	1	
22	-1	
23	1	
24	1	
25	1	
26	-1	
27	1	
28	-1	
29	-1	
30	1	
31	-1	
32	-1	
33	1	
34	1	
35	-1	
36	-1	
37	1	
38	1	
39	1	
40	1	
41	1	
42	-1	
43	-1	
44	1	
45	-1	
46	1	
47	-1	
48	1	
49	1	
50	1	
51	-1	
52	1	
53	-1	
54	-1	
55	1	
56	-1	
57	1	
58	-1	
59	1	
60	-1	
61	1	
62	-1	
63	-1	
64	-1	
65	-1	
66	-1	
67	-1	
68	1	
69	-1	
70	1	
71	1	
72	1	
73	1	
74	1	
75	1	
76	1	
77	-1	
78	1	
79	-1	
80	1	
81	1	
82	1	
83	1	
84	1	
85	-1	
86	-1	
87	-1	
88	-1	
89	1	
90	-1	
91	1	
92	-1	
93	-1	
94	-1	
95	1	
96	-1	
97	-1	
98	1	
99	1	
100	1	
101	1	
102	1	
103	-1	
104	-1	
105	-1	
106	-1	
107	-1	
108	1	
109	-1	
110	1	
111	1	
112	1	
113	-1	
114	-1	
115	-1	
116	-1	
117	1	
118	-1	
119	1	
120	-1	
121	-1	
123	1	
124	1	
125	1	
126	1	
127	1	
128	1	
129	-1	
130	-1	
131	1	
132	-1	
133	-1	
134	-1	
135	-1	
136	1	
137	1	
138	-1	
139	-1	
141	1	
142	1	
143	1	
144	1	
145	1	
146	-1	
147	1	
148	1	
149	-1	
150	1	
151	1	
152	1	
153	-1	
154	-1	
155	-1	
156	-1	
157	1	
158	-1	
159	-1	
160	1	
161	1	
162	-1	
163	-1	
164	1	
165	-1	
166	-1	
167	-1	
168	1	
169	-1	
170	-1	
171	1	
172	1	
173	-1	
174	-1	
175	1	
176	1	
177	-1	
178	1	
179	-1	
180	-1	
181	1	
182	-1	
183	1	
184	-1	
185	1	
186	-1	
187	-1	
188	1	
189	-1	
190	1	
191	1	
192	1	
193	1	
194	1	
195	1	
196	-1	
197	1	
198	-1	
199	1	
200	1	
201	-1	
202	1	
203	1	
204	-1	
205	-1	
206	1	
207	-1	
208	-1	
209	1	
210	-1	
211	1	
212	1	
213	1	
214	-1	
215	-1	
216	1	
217	-1	
218	1	
219	1	
220	1	
221	-1	
222	-1	
223	1	
224	-1	
225	-1	
226	-1	
227	-1	
228	1	
229	1	
230	1	
231	-1	
232	1	
233	1	
234	1	
235	1	
236	1	
237	1	
238	-1	
239	-1	
240	1	
241	1	
242	-1	
243	1	
244	1	
245	-1	
246	-1	
247	-1	
248	1	
249	1	
250	1	
251	-1	
252	-1	
253	1	
254	-1	
255	-1	
256	1	
257	1	
258	1	
259	-1	
260	1	
261	1	
262	1	
263	1	
264	1	
265	-1	
266	-1	
267	-1	
268	1	
269	1	
270	-1	
271	-1	
272	-1	
273	1	
274	1	
275	1	
276	-1	
277	-1	
278	1	
279	1	
280	1	
281	1	
282	-1	
283	-1	
284	1	
285	1	
286	-1	
287	1	
288	-1	
289	1	
290	-1	
291	-1	
292	1	
293	-1	
294	-1	
295	1	
296	1	
297	1	
298	-1	
299	-1	
300	-1	
301	-1	
302	-1	
303	-1	
304	-1	
305	-1	
306	-1	
307	-1	
308	-1	
309	-1	
310	-1	
311	-1	
312	-1	
313	1	
314	-1	
315	-1	
316	1	
317	-1	
318	1	
319	1	
320	-1	
321	1	
322	-1	
323	-1	
324	-1	
325	1	
326	-1	
327	1	
328	1	
329	1	
330	1	
331	-1	
332	1	
333	-1	
334	1	
335	1	
336	-1	
337	-1	
338	-1	
339	1	
340	1	
341	-1	
342	1	
343	-1	
344	1	
345	-1	
346	-1	
347	1	
348	1	
349	1	
350	1	
351	1	
352	-1	
353	-1	
354	1	
355	1	
356	1	
357	-1	
358	-1	
359	-1	
361	-1	
362	-1	
363	-1	
364	1	
365	-1	
367	1	
368	-1	
369	-1	
370	1	
371	1	
372	1	
373	-1	
374	1	
375	-1	
376	-1	
377	-1	
378	1	
379	1	
380	-1	
382	-1	
383	1	
384	-1	
385	-1	
386	1	
387	1	
388	1	
389	1	
390	-1	
391	1	
392	-1	
393	1	
394	-1	
396	-1	
397	1	
398	-1	
399	1	
400	-1	
401	1	
402	-1	
403	1	
404	1	
405	-1	
406	-1	
407	-1	
408	1	
409	1	
410	-1	
411	1	
412	-1	
413	-1	
414	1	
415	-1	
416	1	
417	-1	
418	-1	
419	1	
420	1	
421	1	
422	-1	
424	-1	
425	-1	
426	-1	
427	1	
428	-1	
429	1	
430	1	
431	1	
432	-1	
433	1	
434	1	
435	1	
436	-1	
437	1	
438	-1	
439	-1	
440	-1	
441	-1	
442	-1	
443	-1	
444	1	
445	-1	
446	1	
447	1	
448	1	
449	1	
450	1	
451	1	
452	-1	
453	-1	
454	-1	
455	-1	
456	1	
457	1	
458	-1	
459	-1	
460	-1	
461	-1	
462	1	
463	1	
464	-1	
465	-1	
466	1	
467	-1	
468	-1	
469	1	
470	1	
471	-1	
472	-1	
473	-1	
474	1	
475	-1	
476	-1	
477	-1	
478	-1	
479	-1	
480	-1	
481	-1	
482	-1	
483	-1	
484	1	
485	1	
486	1	
487	1	
488	1	
489	-1	
490	-1	
491	1	
492	-1	
493	-1	
494	-1	
495	-1	
496	1	
497	-1	
498	1	
499	1	
500	-1	
501	1	
502	-1	
503	1	
504	-1	
505	1	
506	1	
507	1	
508	-1	
509	-1	
510	1	
511	-1	
Js:	
320	327	4	
322	327	4	
322	386	2	
386	390	2	
384	390	-5	
320	384	4	
400	404	4	
403	404	-6	
403	407	5	
402	407	-6	
402	406	-2	
400	406	-3	
57	60	4	
59	60	5	
59	63	4	
56	63	-6	
56	62	-4	
57	62	-4	
352	356	5	
355	356	-5	
355	419	3	
419	421	-6	
416	421	-4	
352	416	4	
152	158	7	
158	166	-4	
160	166	-3	
160	167	5	
159	167	-3	
152	159	3	
17	20	-4	
20	28	4	
27	28	5	
27	29	5	
21	29	4	
17	21	7	
129	134	-3	
130	134	-5	
130	194	3	
194	198	4	
193	198	2	
129	193	-2	
89	92	3	
90	92	-5	
90	93	-2	
91	93	4	
91	95	5	
89	95	-5	
121	124	6	
123	124	-4	
123	187	-1	
187	191	5	
185	191	-3	
121	185	1	
232	236	-7	
233	236	-7	
233	237	-5	
235	237	-4	
235	239	7	
232	239	4	
368	372	3	
372	380	3	
376	380	-4	
376	382	-3	
374	382	4	
368	374	5	
105	108	3	
107	108	5	
107	111	5	
104	111	3	
104	110	5	
105	110	-2	
409	412	3	
411	412	-7	
411	415	3	
408	415	6	
408	413	4	
409	413	3	
338	340	4	
339	340	-4	
339	343	3	
336	343	-4	
336	341	-6	
338	341	4	
441	444	4	
442	444	7	
442	447	5	
443	447	3	
443	445	-4	
441	445	-3	
176	183	-4	
178	183	-3	
178	242	-3	
242	245	-6	
240	245	2	
176	240	-3	
32	36	-7	
34	36	5	
34	39	-4	
35	39	6	
35	37	3	
32	37	4	
280	284	-1	
283	284	-7	
283	285	3	
282	285	5	
282	286	-3	
280	286	7	
208	213	4	
209	213	-4	
209	273	2	
273	276	3	
272	276	-4	
208	272	-1	
506	508	4	
507	508	4	
507	510	-4	
504	510	6	
504	511	-5	
506	511	6	
249	255	3	
250	255	6	
250	314	-1	
314	316	4	
313	316	-6	
249	313	-3	
427	430	-5	
430	438	4	
433	438	4	
433	439	6	
431	439	4	
427	431	6	
96	100	4	
98	100	-4	
98	103	4	
97	103	-2	
97	101	3	
96	101	2	
74	77	4	
77	85	-3	
83	85	-3	
83	86	4	
78	86	3	
74	78	-4	
344	348	-4	
347	348	-4	
347	351	-5	
346	351	4	
346	349	4	
344	349	4	
224	229	5	
225	229	5	
225	231	-3	
226	231	-4	
226	230	8	
224	230	3	
289	292	-6	
290	292	-4	
290	295	5	
288	295	4	
288	294	-6	
289	294	5	
42	44	3	
43	44	8	
43	46	4	
40	46	-5	
40	45	4	
42	45	6	
144	148	-3	
145	148	6	
145	150	-3	
146	150	4	
146	151	4	
144	151	-5	
498	501	-5	
499	501	-6	
499	502	4	
497	502	-3	
497	503	3	
498	503	-3	
480	484	3	
483	484	-7	
483	485	5	
482	485	4	
482	487	5	
480	487	4	
304	309	-5	
307	309	-5	
307	311	-3	
306	311	-4	
306	310	-4	
304	310	3	
298	300	-6	
299	300	-5	
299	363	-1	
363	365	-8	
362	365	3	
298	362	-3	
449	453	-5	
450	453	5	
450	455	6	
448	455	4	
448	454	3	
449	454	6	
258	260	-4	
259	260	5	
259	261	3	
256	261	-4	
256	263	6	
258	263	-5	
211	212	-4	
212	220	-5	
219	220	3	
219	222	7	
214	222	-5	
211	214	4	
328	335	-4	
330	335	-4	
330	394	-2	
394	398	-5	
392	398	-6	
328	392	1	
192	196	4	
196	204	-6	
200	204	-4	
200	205	5	
197	205	5	
192	197	-6	
131	133	-5	
133	141	3	
136	141	-6	
136	143	-3	
135	143	2	
131	135	6	
161	164	-3	
164	172	-4	
171	172	3	
171	173	4	
165	173	-2	
161	165	5	
66	68	5	
67	68	4	
67	71	1	
64	71	6	
64	70	-3	
66	70	2	
2	4	6	
4	12	3	
9	12	-6	
9	13	4	
5	13	-2	
2	5	-6	
459	460	-5	
460	468	1	
467	468	-4	
467	470	5	
462	470	-2	
459	462	7	
264	268	-6	
267	268	3	
267	270	-2	
266	270	-7	
266	269	3	
264	269	4	
48	53	4	
50	53	6	
50	114	3	
114	119	3	
112	119	4	
48	112	-4	
241	244	-4	
244	252	7	
248	252	5	
248	254	5	
246	254	-5	
241	246	4	
49	55	-3	
51	55	-5	
51	115	-3	
115	117	5	
113	117	5	
49	113	6	
474	476	5	
475	476	-3	
475	479	-3	
472	479	-3	
472	477	-4	
474	477	5	
72	76	-5	
76	84	-3	
82	84	-3	
82	87	3	
79	87	3	
72	79	4	
353	359	-6	
354	359	3	
354	418	3	
418	420	9	
417	420	3	
353	417	-4	
321	324	3	
323	324	-5	
323	387	2	
387	388	-3	
385	388	4	
321	385	2	
489	492	4	
491	492	5	
491	493	6	
488	493	3	
488	494	5	
489	494	-5	
18	22	4	
22	30	4	
25	30	4	
25	31	5	
23	31	2	
18	23	-5	
426	428	-5	
428	436	-5	
434	436	4	
434	437	-2	
429	437	-5	
426	429	6	
137	142	-5	
139	142	3	
139	203	7	
203	207	3	
201	207	-4	
137	201	3	
179	181	6	
181	189	-3	
186	189	-4	
186	190	5	
182	190	5	
179	182	-6	
458	461	-6	
461	469	-2	
465	469	4	
465	471	-7	
463	471	1	
458	463	5	
153	156	-5	
154	156	-5	
154	218	-2	
218	221	3	
217	221	-5	
153	217	-4	
169	173	-5	
170	173	-5	
170	175	4	
168	175	2	
168	174	5	
169	174	-4	
274	277	6	
275	277	3	
275	278	-4	
273	278	-4	
273	279	5	
274	279	-1	
361	364	-6	
364	372	-3	
371	372	-2	
371	375	5	
367	375	3	
361	367	5	
312	318	6	
315	318	4	
315	379	4	
379	383	-4	
376	383	6	
312	376	-4	
321	325	3	
325	333	3	
329	333	4	
329	334	-5	
326	334	4	
321	326	6	
10	12	-5	
11	12	3	
11	15	-5	
8	15	-7	
8	14	4	
10	14	5	
1	6	-5	
3	6	7	
3	67	-5	
67	69	-5	
65	69	-3	
1	65	-5	
385	389	4	
389	397	-5	
393	397	-5	
393	399	-5	
391	399	-7	
385	391	-5	
296	301	4	
297	301	6	
297	302	3	
298	302	-4	
298	303	-4	
296	303	-5	
305	308	-5	
306	308	6	
306	370	4	
370	373	3	
369	373	-6	
305	369	-3	
216	220	-3	
220	228	-2	
227	228	3	
227	231	-5	
223	231	-1	
216	223	-3	
345	349	5	
349	357	4	
354	357	4	
354	358	5	
350	358	4	
345	350	6	
115	116	-3	
116	124	6	
120	124	2	
120	126	5	
118	126	5	
115	118	-4	
432	436	3	
435	436	3	
435	499	-6	
499	500	1	
496	500	5	
432	496	5	
177	180	-3	
180	188	3	
184	188	5	
184	190	5	
177	182	-3	
147	149	4	
149	157	5	
155	157	-5	
155	159	-3	
151	159	2	
147	151	-3	
473	478	-3	
478	486	3	
481	486	-5	
481	487	4	
479	487	2	
473	479	-5	
98	102	-4	
99	102	-5	
99	163	4	
163	167	-3	
162	167	-3	
98	162	-2	
33	38	-6	
38	46	-2	
41	46	-4	
41	47	7	
39	47	-1	
33	39	-5	
24	31	5	
26	31	5	
26	90	-2	
90	94	-6	
88	94	-5	
24	88	5	
331	332	-5	
332	340	-3	
337	340	3	
337	342	5	
334	342	-1	
331	334	5	
201	206	3	
202	206	-8	
202	266	-1	
266	271	-2	
265	271	-3	
201	265	-2	
234	238	7	
238	246	2	
243	246	5	
243	247	3	
239	247	-1	
234	239	4	
193	199	-7	
195	199	-2	
195	259	-4	
259	262	4	
257	262	-7	
193	257	-3	
281	285	-2	
285	293	4	
291	293	-4	
291	295	-5	
287	295	-2	
281	287	-5	
440	446	5	
441	446	5	
441	505	4	
505	509	6	
504	509	-3	
440	504	1	
401	405	6	
405	413	-2	
410	413	2	
410	414	8	
406	414	2	
401	406	7	
249	253	-3	
251	253	5	
251	315	1	
315	319	5	
313	319	-6	
16	20	4	
17	81	2	
81	85	5	
80	85	-2	
16	80	-5	
392	396	-4	
393	396	7	
393	457	-3	
457	463	-5	
456	463	7	
392	456	2	
49	53	4	
53	61	4	
58	61	5	
58	62	-6	
54	62	-3	
49	54	-2	
424	428	3	
425	428	-5	
425	489	-2	
489	495	-5	
488	495	5	
424	488	4	
466	469	-4	
466	470	-3	
464	470	4	
464	471	-3	
377	380	-6	
379	380	4	
378	383	-6	
378	382	6	
377	382	2	
72	77	5	
73	77	1	
73	78	-4	
75	78	4	
75	79	4	
128	132	3	
130	132	-6	
129	135	-4	
128	135	5	
210	213	6	
211	213	-2	
208	214	-6	
208	215	3	
210	215	-4	
449	452	3	
451	452	3	
451	453	-3	
449	455	4	
41	45	2	
42	106	-5	
106	109	-3	
105	109	-6	
41	105	3	
117	125	-4	
123	125	-5	
123	127	-5	
119	127	-5	
113	119	3	
19	21	2	
24	29	4	
24	30	-3	
19	22	-6	
1	4	-5	
0	5	-7	
0	6	6	
410	412	-3	
412	420	2	
418	422	-5	
414	422	3	
307	308	-4	
308	316	3	
314	317	5	
309	317	-5	
490	492	-7	
492	500	-2	
497	500	-6	
495	503	2	
490	495	4	
48	52	-5	
50	52	-2	
50	55	-6	
51	54	-5	
48	54	3	
138	141	-3	
139	141	4	
203	206	-2	
138	202	6	
146	148	3	
148	156	4	
154	157	4	
146	149	-5	
292	300	2	
296	300	3	
296	302	5	
294	302	2	
217	223	3	
218	223	-6	
218	282	-3	
282	287	3	
217	281	3	
265	269	3	
267	269	7	
267	331	-2	
329	332	-4	
265	329	4	
235	236	3	
235	299	2	
299	301	-3	
233	297	-3	
416	422	4	
419	422	3	
419	483	4	
480	485	6	
416	480	4	
32	38	2	
35	38	-5	
35	99	2	
99	103	3	
96	103	-6	
32	96	-4	
187	188	3	
185	189	5	
184	189	2	
104	108	-4	
107	171	3	
171	174	3	
104	168	3	
250	252	4	
250	253	-4	
251	254	-4	
64	68	4	
65	68	3	
66	69	-4	
66	71	-4	
178	181	-4	
179	243	2	
242	247	-3	
362	367	5	
363	367	5	
363	427	3	
426	431	2	
362	426	-3	
8	13	-5	
9	14	-4	
10	15	3	
371	373	6	
371	374	-4	
368	375	-6	
369	375	-5	
91	92	5	
88	93	-6	
89	94	4	
257	260	3	
260	268	-4	
264	271	4	
263	271	6	
257	263	-1	
274	276	5	
275	276	4	
275	339	-4	
338	343	-5	
274	338	5	
443	444	5	
443	507	-4	
442	506	3	
73	76	-7	
74	76	-3	
74	138	-3	
138	142	4	
73	137	-3	
320	325	4	
322	325	3	
386	388	-6	
384	388	3	
356	364	-2	
361	365	-5	
357	365	-2	
352	357	-3	
346	348	4	
347	350	-2	
345	351	4	
80	84	-4	
83	84	-4	
83	147	-2	
147	150	-2	
144	150	-5	
80	144	1	
194	196	5	
195	196	2	
195	198	5	
192	198	4	
194	197	-3	
56	61	2	
57	61	-6	
57	121	1	
121	126	6	
56	120	4	
432	439	4	
434	439	4	
434	498	-5	
498	502	4	
496	502	5	
394	396	2	
396	404	3	
401	404	-1	
397	405	4	
394	397	4	
473	476	-4	
476	484	2	
481	484	5	
155	158	2	
155	219	4	
216	222	4	
152	216	-4	
162	164	3	
163	164	4	
163	165	-5	
161	166	2	
162	166	4	
448	452	7	
452	460	-3	
454	462	-1	
224	228	4	
226	228	5	
227	230	4	
227	229	-5	
425	429	3	
435	437	4	
435	438	5	
425	430	6	
204	212	2	
209	212	-3	
209	215	4	
207	215	-1	
200	207	3	
241	245	1	
241	305	-4	
305	311	-3	
304	311	-4	
240	304	3	
411	475	5	
475	477	-5	
408	472	6	
400	407	-5	
403	467	-4	
464	468	-6	
400	464	-5	
101	109	3	
106	110	4	
102	110	-5	
97	102	-3	
170	172	4	
172	180	3	
177	183	5	
175	183	3	
387	390	4	
390	398	-6	
392	399	5	
387	391	-3	
328	333	-4	
333	341	-3	
337	341	-4	
337	343	-4	
335	343	3	
36	44	-1	
43	45	-4	
37	45	2	
34	37	-6	
16	23	-3	
18	82	-4	
82	86	-3	
80	86	3	
272	278	6	
278	286	3	
280	287	3	
279	287	-6	
272	279	5	
355	359	4	
417	421	6	
131	132	3	
128	133	4	
130	133	-3	
25	28	3	
27	91	-5	
25	89	-4	
257	261	-6	
258	261	-4	
256	262	-6	
320	324	-5	
323	327	3	
321	327	-4	
320	326	-2	
312	317	-6	
314	319	3	
313	318	-2	
232	237	-3	
234	237	-5	
235	238	3	
232	238	4	
490	493	-6	
493	501	2	
494	502	2	
490	494	-2	
440	445	-7	
442	445	4	
441	447	5	
112	116	3	
114	116	-5	
114	118	-5	
113	118	-3	
112	117	-5	
288	292	3	
291	292	3	
290	293	-3	
290	294	-2	
506	509	3	
506	510	-4	
505	511	4	
457	461	5	
458	462	4	
456	462	-3	
58	60	-4	
57	63	-3	
81	87	4	
83	87	4	
145	149	-3	
81	145	-3	
40	47	3	
43	47	-2	
43	107	2	
40	104	4	
336	340	3	
340	348	-3	
344	350	-2	
342	350	2	
336	342	3	
276	284	3	
277	285	4	
75	76	-2	
75	139	1	
139	143	-5	
72	136	-1	
3	5	-4	
67	70	5	
0	64	-3	
161	167	-4	
161	225	3	
224	231	-5	
160	224	2	
33	37	-5	
34	98	-2	
97	100	5	
33	97	-2	
307	310	-4	
307	371	2	
370	372	-6	
264	270	3	
266	330	5	
330	333	4	
264	328	-5	
203	204	3	
210	212	4	
205	213	-1	
203	205	4	
402	466	4	
466	468	4	
409	415	5	
410	415	-2	
410	474	-4	
473	477	-3	
409	473	5	
424	431	6	
427	491	-3	
242	244	4	
248	255	3	
247	255	5	
379	382	5	
377	383	-5	
387	389	-3	
387	451	-5	
451	455	3	
385	449	-2	
120	125	7	
121	125	2	
123	126	4	
120	127	4	
169	172	3	
176	180	5	
169	175	5	
153	158	-3	
216	221	4	
19	20	-4	
26	28	-4	
26	30	4	
418	482	-5	
482	486	4	
417	481	-3	
40	44	4	
44	52	-2	
51	52	3	
46	54	4	
369	433	1	
368	432	-2	
299	303	-5	
9	15	3	
11	14	5	
201	205	-4	
199	207	6	
192	199	2	
353	357	-3	
355	357	-2	
353	358	-3	
185	188	-6	
187	190	2	
225	228	4	
491	494	4	
209	214	4	
219	223	-4	
215	223	3	
315	317	-3	
311	319	3	
112	118	-2	
114	178	2	
178	182	3	
176	182	3	
112	176	-2	
273	337	2	
272	336	3	
500	508	-3	
505	508	4	
503	511	-5	
496	503	-4	
233	238	2	
437	445	2	
438	446	3	
434	438	-5	
322	326	-5	
329	335	-2	
327	335	-3	
408	412	3	
475	478	-4	
472	478	-4	
467	469	4	
465	470	-2	
466	471	5	
93	101	4	
99	101	-4	
94	102	-2	
138	143	4	
137	143	-4	
193	196	-3	
194	199	-3	
81	86	3	
82	146	2	
145	151	-4	
289	293	3	
293	301	-3	
297	303	-2	
295	303	3	
289	295	-1	
56	60	-4	
59	62	3	
58	63	-5	
261	269	-3	
100	108	-3	
105	111	-4	
103	111	3	
388	396	4	
386	389	-4	
402	404	4	
403	406	4	
402	405	-6	
362	364	6	
363	364	3	
421	429	-1	
426	430	3	
422	430	-1	
281	284	-4	
283	347	4	
281	345	4	
160	164	-6	
163	166	-3	
160	165	3	
243	245	5	
245	253	5	
249	254	5	
482	484	2	
483	487	3	
459	461	-5	
453	461	1	
448	453	6	
26	29	-3	
17	23	5	
129	132	-6	
131	134	4	
128	134	5	
129	133	-5	
49	52	-5	
154	159	-5	
153	157	4	
2	66	-5	
35	36	-4	
32	39	3	
394	399	4	
384	391	4	
282	346	-3	
280	344	-3	
312	316	4	
310	318	5	
305	310	2	
433	436	-3	
497	501	4	
433	497	4	
106	170	-2	
170	174	4	
339	341	3	
64	69	-4	
69	77	2	
75	77	5	
71	79	5	
176	181	-3	
177	181	4	
177	241	4	
240	244	-4	
136	142	-4	
200	206	-4	
136	200	-6	
324	332	4	
330	332	-2	
323	325	7	
121	127	4	
115	119	-4	
84	92	-3	
90	95	4	
87	95	1	
80	87	5	
262	270	3	
265	270	-4	
184	191	-5	
186	191	4	
186	250	4	
184	248	3	
291	355	3	
288	352	-3	
147	148	-4	
147	211	-5	
144	208	-4	
218	220	-4	
213	221	-5	
107	109	-4	
105	169	-2	
409	414	-5	
474	479	4	
507	509	6	
0	4	4	
6	14	1	
424	430	3	
370	374	-5	
375	383	1	
370	375	-2	
16	21	-5	
18	21	-1	
19	23	-3	
16	22	3	
24	28	3	
27	30	-3	
41	44	-4	
42	47	-5	
456	460	5	
457	460	4	
451	454	6	
290	354	3	
352	358	5	
377	441	1	
440	447	4	
376	440	-3	
411	413	4	
472	476	3	
1	5	3	
65	70	5	
137	141	3	
141	149	1	
142	150	-3	
258	262	-2	
258	322	3	
257	321	-2	
82	85	5	
281	286	-2	
251	252	2	
368	373	-3	
371	435	-1	
432	437	5	
11	13	-5	
11	75	2	
8	72	3	
328	332	2	
331	335	4	
59	123	-3	
502	510	4	
96	102	-1	
113	116	-2	
89	93	4	
195	197	-3	
178	180	5	
225	230	3	
157	165	-1	
154	158	-3	
168	172	-3	
171	175	-4	
338	342	4	
315	316	-3	
314	318	3	
489	493	2	
202	205	-1	
369	374	2	
346	350	4	
344	351	-3	
265	268	4	
267	271	-5	
465	468	2	
297	300	4	
299	302	-4	
152	156	2	
155	156	-4	
481	485	3	
480	486	3	
130	135	3	
413	421	3	
417	422	-4	
50	54	3	
48	55	-4	
400	405	2	
450	454	4	
386	450	3	
284	292	-2	
233	239	2	
10	74	4	
9	73	-3	
256	260	-2	
259	323	2	
256	320	1	
187	251	-5	
251	255	3	
504	508	5	
501	509	2	
211	215	3	
211	275	-2	
273	277	4	
443	446	3	
106	108	4	
59	61	-3	
306	309	-1	
162	165	-6	
2	6	-3	
384	389	4	
385	390	-3	
143	151	-2	
348	356	-3	
353	356	3	
351	359	-3	
477	485	1	
217	220	3	
219	221	2	
25	29	2	
313	317	-1	
313	377	4	
457	462	-3	
70	78	-5	
65	71	4	
18	20	4	
45	53	-2	
51	53	2	
401	465	3	
104	109	-3	
109	117	1	
110	118	-1	
416	420	4	
194	258	-2	
168	173	4	
170	234	1	
168	232	1	
183	191	-3	
179	183	4	
240	246	3	
240	247	5	
153	159	-4	
282	284	3	
227	291	-2	
226	290	-1	
330	334	3	
328	334	-2	
8	12	-3	
27	31	2	
483	486	3	
369	372	3	
81	84	-3	
314	378	4	
394	458	-3	
218	222	2	
280	285	-4	
216	280	-2	
106	111	4	
433	437	-2	
228	236	-2	
229	237	2	
166	174	-4	
192	256	-1	
468	476	-3	
469	477	4	
464	469	-2	
187	189	-6	
144	149	2	
152	157	-3	
150	158	3	
499	503	-3	
179	180	1	
274	278	-2	
210	274	-1	
488	492	1	
491	495	2	
201	204	-4	
198	206	3	
289	353	-1	
99	100	-2	
97	161	3	
339	342	-5	
91	94	1	
88	95	3	
52	60	3	
230	238	-2	
231	239	-2	
73	79	2	
74	79	2	
241	247	3	
243	307	2	
33	36	-2	
470	478	4	
471	479	3	
365	373	2	
108	116	1	
111	119	1	
72	78	-2	
283	286	-3	
3	4	4	
425	431	2	
361	425	2	
442	446	2	
439	447	-1	
186	188	3	
185	190	-3	
10	13	-3	
378	380	3	
193	197	-3	
355	358	3	
450	452	2	
404	412	2	
407	415	2	
68	76	-2	
298	301	-3	
291	294	-3	
392	397	-2	
208	212	2	
19	83	3	
436	444	2	
440	444	2	
47	55	-2	
346	410	-1	
408	414	-1	
344	408	-2	
92	100	2	
98	101	-4	
505	510	-2	
162	226	2	
304	308	-2	
304	368	1	
331	333	-2	
275	279	-3	
337	401	2	
336	400	1	
474	478	2	
145	209	-3	
455	463	1	
163	227	1	
202	204	-1	
202	207	3	
297	361	2	
171	235	1	
169	233	1	
419	420	-4	
322	324	3	
243	244	1	
249	252	4	
427	428	2	
424	429	4	
305	309	-3	
146	210	-2	
210	214	-3	
221	229	-1	
29	37	2	
34	38	-3	
30	38	-2	
95	103	-2	
288	293	-3	
217	222	-2	
55	63	2	
248	253	-3	
250	254	1	
458	460	-2	
459	463	-1	
359	367	2	
379	443	-1	
286	294	2	
486	494	2	
487	495	2	
131	195	-2	
128	192	-3	
232	296	-3	
323	326	-1	
432	438	-1	
507	511	2	
302	310	-2	
303	311	1	
237	245	1	
242	246	-1	
272	277	-3	
498	500	3	
496	501	1	
312	319	1	
484	492	1	
485	493	1	
88	92	-2	
96	160	1	
411	414	-1	
185	249	-2	
42	46	1	
225	289	2	
347	349	-3	
13	21	-1	
15	23	2	
113	177	1	
435	439	1	
398	406	-2	
234	236	-1	
234	298	-2	
259	263	2	
167	175	2	
343	351	-1	
386	391	-3	
427	429	-1	
226	229	2	
86	94	-2	
248	312	-1	
17	22	2	
301	309	1	
401	407	-1	
354	356	-2	
266	268	2	
268	276	1	
270	278	-1	
134	142	-1	
219	283	2	
347	411	-2	
345	409	1	
28	36	1	
31	39	1	
107	110	1	
114	117	2	
115	179	1	
224	288	1	
399	407	-1	
467	471	-1	
426	490	-1	
14	22	1	
242	306	-1	
456	461	1	
203	267	-1	
90	154	1	
88	152	1	
339	403	1	
283	287	1	
329	393	-1	
393	398	1	
378	442	1	
Energy:	-3790	
