NumberOfQubits	504	
NumberOfSubgraphs	756	
Serial	312	
PlantedSolution:	
0	-1	
1	-1	
2	1	
3	-1	
4	1	
5	-1	
6	1	
8	-1	
9	-1	
10	-1	
11	1	
12	1	
13	-1	
14	1	
15	1	
16	1	
17	-1	
18	-1	
19	-1	
20	1	
21	1	
22	1	
23	-1	
24	1	
25	1	
26	-1	
27	-1	
28	-1	
29	1	
30	1	
31	-1	
32	1	
33	-1	
34	1	
35	1	
36	1	
37	-1	
38	-1	
39	1	
40	-1	
41	-1	
42	-1	
43	1	
44	-1	
45	1	
46	1	
47	1	
48	-1	
49	1	
50	-1	
51	1	
52	1	
53	-1	
54	1	
55	1	
56	1	
57	1	
58	-1	
59	1	
60	-1	
61	-1	
62	-1	
63	-1	
64	1	
65	1	
66	1	
67	1	
68	1	
69	1	
70	1	
71	1	
72	-1	
73	-1	
74	1	
75	1	
76	-1	
77	1	
78	-1	
79	1	
80	-1	
81	-1	
82	1	
83	-1	
84	-1	
85	-1	
86	-1	
87	-1	
88	1	
89	1	
90	-1	
91	-1	
92	1	
93	1	
94	1	
95	-1	
96	1	
97	1	
98	-1	
99	1	
100	-1	
101	1	
102	-1	
103	-1	
104	-1	
105	-1	
106	-1	
107	-1	
108	-1	
109	1	
110	1	
111	1	
112	-1	
113	1	
114	-1	
115	-1	
116	-1	
117	1	
118	-1	
119	1	
120	-1	
121	1	
123	-1	
124	1	
125	-1	
126	-1	
127	-1	
128	1	
129	-1	
130	-1	
131	1	
132	-1	
133	-1	
134	-1	
135	-1	
136	1	
137	1	
138	-1	
139	-1	
141	-1	
142	1	
143	1	
144	-1	
145	-1	
146	-1	
147	1	
148	1	
149	-1	
150	-1	
151	1	
152	1	
153	-1	
154	1	
155	-1	
156	-1	
157	1	
158	-1	
159	-1	
160	-1	
161	1	
162	1	
163	1	
164	-1	
165	1	
166	1	
167	-1	
168	-1	
169	-1	
170	-1	
171	1	
172	1	
173	1	
174	1	
175	-1	
176	-1	
177	1	
178	1	
179	1	
180	-1	
181	-1	
182	1	
183	-1	
184	1	
185	-1	
186	-1	
187	-1	
188	-1	
189	1	
190	1	
191	-1	
192	-1	
193	1	
194	-1	
195	1	
196	-1	
197	1	
198	1	
199	-1	
200	-1	
201	1	
202	1	
203	1	
204	1	
205	1	
206	-1	
207	-1	
208	-1	
209	-1	
210	1	
211	1	
212	-1	
213	-1	
214	-1	
215	-1	
216	1	
217	-1	
218	-1	
219	1	
220	-1	
221	1	
222	1	
223	-1	
224	-1	
225	1	
226	1	
227	-1	
228	-1	
229	-1	
230	-1	
231	1	
232	-1	
233	-1	
234	1	
235	-1	
236	1	
237	1	
238	-1	
239	1	
240	-1	
241	-1	
242	-1	
243	-1	
244	-1	
245	1	
246	1	
247	-1	
248	1	
249	-1	
250	-1	
251	1	
252	1	
253	-1	
254	-1	
255	-1	
256	1	
257	-1	
258	-1	
259	1	
260	-1	
261	-1	
262	-1	
263	1	
264	-1	
265	1	
266	1	
267	1	
268	1	
269	1	
270	-1	
271	-1	
272	-1	
273	1	
274	1	
275	1	
276	-1	
277	1	
278	-1	
279	1	
280	-1	
281	-1	
282	-1	
283	-1	
284	1	
285	-1	
286	1	
287	-1	
288	-1	
289	1	
290	1	
291	-1	
292	1	
293	-1	
294	1	
295	-1	
296	1	
297	-1	
298	-1	
299	1	
300	1	
301	-1	
302	1	
303	-1	
304	-1	
305	1	
306	1	
307	-1	
308	1	
309	-1	
310	1	
311	1	
312	-1	
313	1	
314	-1	
315	-1	
316	-1	
317	-1	
318	1	
319	-1	
320	-1	
321	1	
322	1	
323	-1	
324	-1	
325	-1	
326	-1	
327	-1	
328	1	
329	1	
330	1	
331	-1	
332	1	
333	-1	
334	-1	
335	1	
336	1	
337	1	
338	-1	
339	-1	
340	1	
341	1	
342	1	
343	-1	
344	1	
345	-1	
346	-1	
347	-1	
348	1	
349	-1	
350	-1	
351	-1	
352	-1	
353	1	
354	-1	
355	1	
356	1	
357	-1	
358	-1	
359	-1	
361	1	
362	-1	
363	-1	
364	1	
365	-1	
367	1	
368	-1	
369	-1	
370	1	
371	1	
372	-1	
373	-1	
374	1	
375	-1	
376	1	
377	-1	
378	-1	
379	1	
380	-1	
382	1	
383	-1	
384	1	
385	1	
386	-1	
387	-1	
388	-1	
389	-1	
390	-1	
391	1	
392	-1	
393	-1	
394	-1	
396	1	
397	-1	
398	1	
399	-1	
400	-1	
401	-1	
402	1	
403	-1	
404	-1	
405	1	
406	1	
407	-1	
408	1	
409	-1	
410	-1	
411	-1	
412	-1	
413	-1	
414	-1	
415	1	
416	1	
417	-1	
418	-1	
419	-1	
420	-1	
421	1	
422	1	
424	-1	
425	-1	
426	1	
427	1	
428	1	
429	1	
430	1	
431	1	
432	1	
433	1	
434	-1	
435	-1	
436	-1	
437	1	
438	-1	
439	1	
440	1	
441	1	
442	-1	
443	1	
444	-1	
445	-1	
446	-1	
447	-1	
448	-1	
449	-1	
450	-1	
451	-1	
452	-1	
453	-1	
454	-1	
455	1	
456	1	
457	-1	
458	-1	
459	-1	
460	-1	
461	-1	
462	-1	
463	1	
464	1	
465	-1	
466	-1	
467	-1	
468	1	
469	1	
470	-1	
471	-1	
472	1	
473	1	
474	-1	
475	-1	
476	-1	
477	1	
478	-1	
479	1	
480	-1	
481	1	
482	-1	
483	-1	
484	1	
485	-1	
486	1	
487	1	
488	-1	
489	-1	
490	1	
491	-1	
492	1	
493	-1	
494	-1	
495	1	
496	1	
497	-1	
498	1	
499	1	
500	1	
501	1	
502	1	
503	-1	
504	-1	
505	-1	
506	-1	
507	-1	
508	-1	
509	1	
510	1	
511	1	
Js:	
49	52	-5	
50	52	2	
50	54	5	
51	54	-3	
51	53	5	
49	53	4	
136	141	4	
141	149	-2	
144	149	3	
144	150	-2	
142	150	3	
136	142	-4	
225	228	2	
227	228	-4	
227	291	1	
291	292	4	
289	292	-5	
225	289	-2	
8	14	3	
9	14	5	
9	73	-4	
73	79	3	
72	79	4	
8	72	-2	
177	180	5	
178	180	-4	
178	181	4	
179	181	4	
179	182	-3	
177	182	-6	
432	437	-4	
433	437	-4	
433	497	6	
497	503	-4	
496	503	3	
432	496	6	
257	260	-4	
260	268	3	
266	268	-5	
266	271	3	
263	271	4	
257	263	5	
481	485	4	
485	493	-4	
491	493	5	
491	495	5	
487	495	-2	
481	487	-4	
368	374	5	
374	382	-4	
379	382	-5	
379	383	5	
375	383	2	
368	375	-3	
281	284	6	
282	284	4	
282	287	-2	
280	287	-5	
280	285	5	
281	285	-3	
417	420	-3	
420	428	3	
427	428	-6	
427	429	-5	
421	429	3	
417	421	4	
42	44	-5	
43	44	6	
43	47	-3	
41	47	4	
41	45	5	
42	45	-3	
232	237	4	
233	237	5	
233	239	4	
235	239	5	
235	238	5	
232	238	-2	
344	348	-3	
348	356	-2	
353	356	-4	
353	357	3	
349	357	1	
344	349	3	
218	222	6	
222	230	2	
226	230	4	
226	231	-4	
223	231	-2	
218	223	-5	
249	254	-7	
251	254	4	
251	315	2	
315	319	-3	
313	319	4	
249	313	-2	
449	452	-4	
451	452	-3	
451	454	-4	
448	454	-4	
448	455	4	
449	455	6	
272	277	3	
275	277	-4	
275	339	2	
339	341	4	
336	341	-3	
272	336	2	
160	165	4	
165	173	-2	
171	173	-3	
171	175	5	
167	175	1	
160	167	-3	
385	388	5	
387	388	-4	
387	391	4	
386	391	4	
386	390	-6	
385	390	-4	
17	23	-2	
19	23	-4	
19	83	-3	
83	84	2	
81	84	-2	
17	81	-4	
241	244	-2	
242	244	-4	
242	246	4	
240	246	-4	
240	245	5	
241	245	3	
441	444	-3	
443	444	3	
443	507	5	
507	509	4	
505	509	4	
441	505	4	
472	476	7	
473	476	4	
473	479	6	
475	479	5	
475	478	-3	
472	478	6	
185	188	-6	
187	188	5	
187	191	-4	
186	191	-2	
186	190	7	
185	190	3	
88	93	-4	
90	93	4	
90	154	-3	
154	159	4	
152	159	4	
88	152	-3	
459	462	-6	
462	470	-2	
467	470	2	
467	471	-3	
463	471	3	
459	463	2	
34	38	6	
35	38	2	
35	99	5	
99	101	-6	
98	101	3	
34	98	2	
104	108	-5	
105	108	3	
105	110	4	
106	110	5	
106	109	4	
104	109	3	
401	404	-3	
402	404	7	
402	405	-4	
403	405	2	
403	406	5	
401	406	3	
409	412	-6	
411	412	-3	
411	414	-3	
410	414	-5	
410	415	3	
409	415	4	
202	204	-2	
204	212	3	
210	212	-5	
210	214	7	
206	214	-3	
202	206	3	
89	95	5	
91	95	-2	
91	155	-1	
155	156	5	
153	156	-2	
89	153	1	
298	300	4	
300	308	-3	
307	308	3	
307	309	4	
301	309	-2	
298	301	-5	
328	335	-5	
329	335	-4	
329	393	2	
393	398	4	
392	398	-3	
328	392	2	
56	61	5	
57	61	6	
57	121	-2	
121	127	6	
120	127	-4	
56	120	-1	
65	70	-3	
67	70	-4	
67	131	1	
131	135	5	
129	135	-5	
65	129	2	
192	197	6	
195	197	-2	
195	199	3	
194	199	-5	
194	198	-4	
192	198	3	
16	20	-7	
20	28	1	
24	28	4	
24	30	-5	
22	30	-2	
16	22	2	
338	342	3	
342	350	3	
345	350	-4	
345	351	-5	
343	351	-2	
338	343	4	
112	117	7	
115	117	2	
115	118	-5	
113	118	4	
113	119	4	
112	119	3	
256	261	6	
261	269	4	
264	269	4	
264	270	-6	
262	270	3	
256	262	4	
322	324	3	
323	324	-5	
323	325	2	
320	325	-3	
320	327	-3	
322	327	4	
296	302	-3	
302	310	-3	
305	310	2	
305	311	-5	
303	311	2	
296	303	6	
482	484	-2	
484	492	-2	
489	492	5	
489	494	-3	
486	494	4	
482	486	4	
32	39	-4	
33	39	5	
33	97	-2	
97	100	4	
96	100	5	
32	96	-5	
74	77	-5	
75	77	-2	
75	139	-3	
139	143	3	
138	143	3	
74	138	2	
248	253	5	
250	253	5	
250	314	-1	
314	317	-3	
312	317	-4	
248	312	1	
64	71	-3	
66	71	-3	
66	130	-1	
130	133	-4	
128	133	5	
64	128	-2	
361	364	4	
363	364	5	
363	365	-7	
362	365	-4	
362	367	4	
361	367	-6	
498	500	-5	
500	508	4	
506	508	-4	
506	510	7	
502	510	3	
498	502	-5	
288	293	-2	
290	293	4	
290	354	2	
354	359	-5	
352	359	3	
288	352	-2	
3	4	6	
4	12	-2	
10	12	3	
10	13	-3	
5	13	2	
3	5	-5	
162	164	3	
164	172	3	
168	172	-3	
168	174	3	
166	174	-2	
162	166	-3	
201	205	-2	
205	213	1	
211	213	5	
211	215	5	
207	215	1	
201	207	4	
426	430	-4	
430	438	-1	
434	438	-3	
434	439	3	
431	439	-2	
426	431	-5	
456	460	4	
460	468	-4	
464	468	-4	
464	469	-5	
461	469	1	
456	461	4	
376	380	5	
378	380	-5	
378	442	-3	
442	447	-4	
440	447	4	
376	440	-2	
57	60	3	
59	60	4	
59	62	-6	
58	62	-4	
58	63	-7	
57	63	4	
331	332	6	
332	340	-2	
337	340	-5	
337	342	2	
334	342	2	
331	334	-5	
25	28	4	
27	28	-4	
27	31	5	
26	31	-5	
26	29	5	
25	29	-4	
81	87	-4	
82	87	4	
82	146	5	
146	148	6	
145	148	3	
81	145	-3	
216	220	4	
220	228	-2	
224	228	-4	
224	229	4	
221	229	2	
216	221	-4	
370	372	5	
371	372	-6	
371	375	5	
369	375	-4	
369	373	-6	
370	373	4	
272	276	-2	
273	276	3	
273	278	-6	
274	278	2	
274	279	-6	
272	279	4	
352	358	5	
355	358	4	
355	419	1	
419	422	4	
416	422	-6	
352	416	2	
114	116	-4	
116	124	4	
123	124	4	
123	126	-4	
118	126	-4	
114	118	-4	
384	388	3	
388	396	5	
394	396	5	
394	397	-3	
389	397	-5	
384	389	5	
74	76	4	
76	84	-2	
80	84	-6	
80	86	3	
78	86	-2	
74	78	4	
432	436	2	
435	436	-4	
435	499	4	
499	501	-5	
496	501	-3	
243	244	-4	
244	252	-4	
250	252	3	
250	255	-5	
247	255	-3	
243	247	-2	
321	325	3	
325	333	-6	
330	333	5	
330	334	2	
326	334	-3	
321	326	3	
0	6	5	
2	6	-7	
2	66	-4	
66	68	-6	
64	68	4	
0	64	3	
282	286	5	
283	286	4	
283	347	-4	
347	350	-2	
346	350	-4	
282	346	3	
169	174	5	
170	174	5	
170	234	2	
234	236	-4	
233	236	4	
169	233	2	
400	405	3	
405	413	3	
408	413	5	
408	415	4	
407	415	3	
400	407	-3	
99	102	4	
102	110	2	
107	110	3	
107	111	-6	
103	111	2	
99	103	3	
11	13	5	
13	21	2	
18	21	5	
18	23	3	
15	23	4	
11	15	-6	
176	181	-3	
181	189	3	
184	189	-6	
184	191	4	
183	191	-4	
176	183	-5	
40	46	4	
46	54	-2	
48	54	2	
48	55	5	
47	55	-2	
40	47	-5	
153	157	5	
157	165	-3	
163	165	-5	
163	166	-3	
158	166	-2	
153	158	-5	
304	308	3	
308	316	5	
312	316	-5	
312	318	2	
310	318	-5	
304	310	4	
201	206	-5	
203	206	3	
203	267	-2	
267	268	-5	
265	268	-3	
201	265	-2	
288	294	6	
294	302	-2	
299	302	-5	
299	303	-2	
295	303	-2	
288	295	-3	
424	431	6	
425	431	-3	
425	489	-2	
488	494	-4	
424	488	-3	
440	445	2	
443	445	5	
507	511	4	
504	511	-4	
440	504	3	
193	196	3	
195	196	6	
195	259	-2	
259	261	5	
257	261	-4	
193	257	2	
144	151	5	
145	151	4	
145	209	3	
209	213	-5	
208	213	-5	
144	208	-2	
450	453	-3	
453	461	2	
457	461	-4	
457	463	6	
455	463	-2	
450	455	2	
466	469	6	
469	477	-1	
474	477	5	
474	479	-1	
471	479	1	
466	471	-5	
88	92	-3	
90	92	1	
90	94	4	
89	94	2	
89	93	-3	
137	142	-4	
147	150	5	
147	151	-5	
143	151	-3	
137	143	-6	
217	221	4	
219	221	-5	
219	223	2	
217	222	4	
480	484	5	
483	484	3	
483	485	3	
482	485	-3	
482	487	3	
480	487	5	
34	36	-4	
35	36	-5	
35	39	-4	
32	37	4	
34	37	4	
377	382	4	
378	382	3	
442	446	-4	
441	446	-2	
377	441	2	
129	132	-3	
130	132	-7	
130	134	-4	
128	134	-3	
128	135	5	
392	399	-5	
394	399	-4	
394	458	-3	
458	462	-4	
456	462	4	
392	456	-1	
1	6	5	
3	6	-3	
3	67	4	
67	69	-4	
65	69	-3	
1	65	5	
258	262	-6	
267	270	3	
267	271	3	
258	263	3	
120	125	2	
123	125	-6	
123	187	-3	
187	189	3	
120	184	4	
200	204	-3	
203	204	-5	
203	207	3	
202	207	1	
202	205	-7	
200	205	4	
241	247	-4	
242	247	-3	
242	306	4	
306	311	-3	
241	305	3	
72	77	3	
77	85	3	
83	85	-3	
83	87	2	
79	87	1	
353	358	3	
354	358	-5	
354	418	1	
418	421	5	
353	417	2	
297	300	-4	
298	362	-3	
297	361	4	
426	429	-3	
427	491	2	
491	492	4	
490	492	-3	
426	490	3	
402	466	2	
466	470	4	
465	470	-5	
401	465	-1	
97	103	4	
98	103	4	
98	162	2	
162	167	4	
161	167	5	
97	161	-3	
180	188	-3	
186	188	-3	
182	190	2	
108	116	-2	
112	116	-4	
109	117	-2	
105	109	4	
17	21	3	
21	29	-2	
25	30	-5	
17	22	7	
152	156	5	
154	156	2	
154	157	-4	
155	157	2	
155	158	-2	
152	158	-2	
146	149	-4	
147	149	3	
147	211	1	
211	214	3	
146	210	2	
497	500	3	
499	500	3	
498	501	-3	
497	502	5	
284	292	-1	
290	292	-3	
290	294	-6	
286	294	1	
281	286	2	
323	326	4	
321	327	5	
433	436	-2	
434	436	-5	
435	438	-5	
435	439	3	
433	439	-4	
192	196	-4	
194	196	-2	
193	198	-6	
193	197	-3	
386	450	-2	
450	452	-5	
385	449	2	
170	172	4	
171	172	-4	
171	235	-1	
235	237	1	
234	237	-5	
304	309	-3	
306	309	3	
306	370	-3	
368	373	-4	
304	368	3	
40	44	-5	
42	106	3	
106	111	2	
104	111	4	
40	104	-3	
338	340	5	
340	348	-3	
346	348	-2	
346	349	-6	
341	349	4	
338	341	4	
266	269	5	
266	330	-3	
330	335	-3	
264	328	3	
51	52	5	
51	55	-3	
48	53	-3	
226	229	3	
227	229	-3	
227	230	-3	
225	230	5	
225	231	-3	
411	475	-3	
475	477	5	
473	477	-3	
409	473	4	
505	508	-3	
504	510	3	
505	511	4	
273	277	-4	
274	277	-3	
275	279	-3	
275	278	3	
56	60	4	
56	63	3	
249	253	-2	
251	253	4	
315	317	-3	
313	317	4	
73	78	-2	
75	78	4	
139	141	-6	
137	141	2	
73	137	3	
416	420	4	
425	428	-4	
425	430	6	
422	430	-2	
9	12	4	
11	12	1	
10	15	4	
10	14	5	
33	37	4	
37	45	2	
41	46	5	
38	46	3	
33	38	-4	
336	343	3	
339	343	3	
339	403	-5	
400	406	4	
336	400	3	
408	414	4	
410	474	-2	
474	476	-3	
408	472	1	
179	183	2	
179	243	2	
243	246	2	
176	240	-3	
387	389	-2	
387	451	-2	
384	448	-2	
18	20	5	
18	82	3	
82	85	-4	
80	85	-4	
16	80	2	
283	285	-3	
285	293	-1	
291	293	-5	
291	295	-7	
287	295	-1	
283	287	4	
355	356	-4	
356	364	-3	
357	365	-3	
355	357	5	
91	92	-3	
92	100	3	
96	102	2	
94	102	2	
91	94	4	
121	126	3	
119	127	4	
115	119	5	
168	173	5	
169	173	4	
232	239	3	
168	232	-1	
0	4	6	
1	4	-2	
1	5	-6	
2	5	3	
377	380	5	
376	383	4	
393	399	-2	
458	460	-3	
457	460	3	
393	457	-2	
208	212	2	
212	220	-4	
217	220	-3	
217	223	-3	
215	223	-3	
208	215	-4	
160	164	-3	
163	164	-3	
163	227	3	
160	224	-3	
368	372	-3	
369	374	3	
232	236	3	
235	236	2	
235	299	4	
299	301	5	
296	301	4	
232	296	5	
488	493	3	
488	495	4	
344	351	3	
347	351	-4	
347	411	-2	
411	413	-3	
344	408	2	
314	316	-5	
314	318	2	
313	318	-3	
312	319	3	
26	28	-4	
27	29	3	
24	29	2	
24	31	4	
248	252	-4	
251	252	-6	
251	255	-2	
249	255	-4	
248	254	4	
320	324	-5	
324	332	3	
331	333	-2	
256	260	5	
258	260	-4	
259	262	3	
465	468	4	
467	468	6	
467	469	5	
464	470	6	
131	132	-4	
131	133	3	
129	133	-4	
129	134	-3	
418	420	-2	
419	420	-5	
419	483	4	
483	486	5	
418	482	-6	
435	437	2	
437	445	4	
440	446	-4	
438	446	-3	
138	141	-4	
138	202	5	
136	200	4	
66	70	-4	
64	69	-4	
219	220	4	
219	283	1	
283	284	2	
280	284	3	
216	280	-2	
50	53	-1	
50	114	4	
113	116	2	
49	113	-5	
328	333	-3	
329	333	2	
393	397	-5	
392	397	-4	
242	245	-2	
243	245	5	
243	307	-3	
307	311	3	
274	276	5	
274	338	1	
273	337	1	
33	36	3	
36	44	-1	
39	47	-2	
501	509	-3	
503	511	4	
88	95	2	
90	95	-4	
173	181	3	
178	183	3	
175	183	2	
168	175	-4	
8	12	6	
73	76	-4	
72	76	4	
436	444	-5	
442	444	2	
439	447	4	
120	124	2	
121	124	-4	
121	185	-1	
185	191	-4	
459	461	-5	
454	462	-1	
450	454	-6	
292	300	-2	
297	303	-4	
289	295	3	
98	100	-3	
100	108	-2	
107	108	2	
107	109	3	
101	109	-2	
210	215	2	
209	215	-3	
424	430	3	
488	492	4	
19	22	3	
83	86	-5	
81	86	3	
345	348	4	
354	356	3	
351	359	2	
476	484	3	
480	486	2	
478	486	-2	
400	404	-4	
401	405	-5	
401	407	-3	
161	166	-5	
162	226	-2	
225	229	4	
161	225	2	
192	199	-3	
387	390	-3	
385	391	-2	
58	60	-4	
59	61	3	
267	269	2	
265	271	5	
265	270	3	
236	244	-3	
241	246	4	
238	246	3	
234	238	4	
117	125	4	
123	127	-2	
69	77	-3	
74	79	2	
71	79	-4	
65	71	-3	
82	84	-2	
84	92	4	
89	92	-4	
87	95	-3	
363	367	4	
359	367	-4	
355	359	3	
42	46	3	
216	222	-3	
218	282	-1	
280	286	2	
339	342	3	
335	343	2	
331	335	2	
201	204	-2	
200	207	-5	
200	206	-2	
259	263	-4	
259	323	2	
323	327	2	
257	321	3	
379	380	3	
379	443	-1	
441	445	4	
489	495	2	
293	301	2	
298	302	2	
136	143	-2	
473	478	1	
474	478	-5	
505	510	3	
369	372	-2	
371	373	4	
370	374	-2	
208	214	2	
211	275	-3	
208	272	-3	
465	471	-6	
456	463	-3	
97	102	4	
105	111	3	
315	316	2	
315	318	4	
307	310	2	
156	164	-3	
161	164	3	
159	167	-2	
155	159	-5	
186	189	4	
417	422	3	
406	414	3	
403	407	-3	
48	52	3	
50	55	6	
169	175	-2	
19	20	3	
16	21	-3	
85	93	2	
91	93	4	
86	94	3	
451	453	-5	
448	453	-5	
8	15	5	
245	253	2	
248	255	4	
240	247	3	
32	36	-4	
96	101	-3	
258	322	3	
322	326	4	
320	326	2	
256	320	2	
330	332	-5	
329	332	-3	
265	329	-3	
281	345	-4	
345	349	-2	
280	344	3	
176	180	-3	
179	180	3	
177	183	2	
392	396	3	
393	396	-3	
394	398	5	
2	4	4	
25	31	2	
68	76	-2	
75	76	2	
70	78	3	
128	132	4	
131	134	3	
224	230	-2	
230	238	-2	
231	239	-2	
224	231	3	
305	309	4	
309	317	-2	
314	319	4	
311	319	2	
209	212	-3	
213	221	-1	
412	420	-3	
419	421	4	
413	421	-2	
409	413	-1	
424	429	3	
429	437	1	
336	342	-5	
43	107	3	
490	493	4	
490	494	4	
481	486	1	
297	301	-2	
362	364	6	
378	383	-4	
504	509	4	
499	503	5	
275	276	3	
272	278	-4	
53	61	-3	
56	62	-3	
54	62	2	
464	471	-2	
121	125	-4	
249	252	1	
250	254	-2	
458	463	4	
288	292	3	
289	294	3	
195	198	3	
193	199	3	
114	178	3	
113	177	-2	
41	105	-3	
281	287	-3	
347	348	4	
483	487	3	
416	480	4	
138	142	2	
139	142	2	
139	203	4	
203	205	3	
233	297	1	
299	300	3	
144	148	5	
148	156	1	
150	158	-3	
321	385	-2	
384	391	-4	
320	384	3	
27	91	-4	
88	94	-3	
24	88	-3	
481	484	-3	
417	481	4	
336	340	-2	
337	341	-3	
337	343	4	
219	222	-3	
169	172	2	
120	126	-5	
184	188	1	
9	13	-4	
0	5	-4	
59	63	2	
34	39	-2	
257	262	-2	
80	87	2	
209	214	-3	
491	494	-2	
489	493	-4	
410	412	-3	
410	413	-4	
329	334	2	
328	334	4	
372	380	-2	
371	374	-2	
19	21	3	
18	22	2	
98	102	-4	
96	103	3	
432	438	4	
352	356	2	
354	357	-2	
352	357	-4	
73	77	2	
475	476	2	
424	428	3	
427	430	-2	
425	429	3	
448	452	-3	
323	387	-3	
322	386	2	
178	182	-3	
83	147	3	
147	148	-3	
441	447	3	
153	159	-3	
155	219	3	
153	217	4	
277	285	3	
282	285	-3	
278	286	2	
305	369	3	
40	45	1	
43	45	-5	
51	115	2	
114	119	1	
228	236	2	
229	237	2	
196	204	3	
199	207	-4	
386	389	-3	
390	398	4	
171	174	-2	
170	175	-4	
14	22	2	
27	30	-2	
26	30	2	
289	293	4	
289	353	1	
75	79	-4	
67	71	-3	
163	167	3	
347	349	-2	
344	350	-6	
400	464	1	
315	379	4	
377	383	-3	
313	377	4	
145	149	-4	
149	157	-2	
154	158	2	
145	150	-3	
459	460	-3	
458	461	2	
276	284	2	
279	287	3	
137	201	-3	
433	438	2	
434	498	4	
239	247	3	
234	239	1	
113	117	1	
48	112	-3	
409	414	-2	
490	495	-4	
35	37	2	
307	371	3	
370	375	4	
42	47	2	
81	85	-2	
65	68	-2	
443	446	3	
507	510	2	
442	506	2	
194	197	4	
194	258	-1	
192	256	-1	
211	212	1	
216	223	-3	
452	460	-1	
57	62	3	
337	401	3	
264	268	1	
200	264	2	
162	165	-4	
160	166	3	
11	14	-3	
8	13	2	
416	421	-2	
115	116	2	
115	179	2	
218	221	-2	
154	218	3	
259	260	2	
226	228	-4	
227	231	4	
17	20	-2	
107	171	3	
106	170	-2	
346	351	-2	
306	308	-3	
240	304	-2	
43	46	1	
361	365	4	
322	325	-2	
265	269	-2	
266	270	2	
264	271	-2	
391	399	4	
185	189	2	
186	250	2	
185	249	-2	
95	103	-2	
426	428	-2	
427	431	-2	
472	477	-2	
451	455	2	
449	454	3	
32	38	1	
411	415	4	
16	23	4	
291	355	1	
297	302	3	
298	303	-2	
339	340	1	
434	437	3	
496	500	-3	
176	182	3	
112	176	-1	
52	60	3	
152	216	-2	
197	205	3	
72	136	2	
105	169	-3	
104	168	-2	
187	190	-3	
184	190	-3	
396	404	2	
402	406	1	
398	406	-2	
99	163	1	
233	238	2	
258	261	1	
67	68	-2	
246	254	1	
504	508	-4	
506	511	-2	
506	509	3	
9	15	-1	
11	75	-3	
443	447	-1	
134	142	-3	
135	143	3	
376	382	-2	
312	376	3	
23	31	-1	
440	444	3	
494	502	-1	
495	503	1	
80	144	-1	
198	206	2	
304	311	3	
267	331	-3	
49	54	-4	
218	220	-1	
477	485	2	
480	485	2	
479	487	-3	
224	288	-2	
72	78	3	
338	402	1	
402	407	-3	
172	180	-2	
174	182	-1	
210	274	1	
273	279	-3	
209	273	1	
237	245	-1	
131	195	-2	
130	194	-2	
305	308	-1	
468	476	1	
470	478	-1	
442	445	-3	
408	412	2	
414	422	-1	
353	359	3	
55	63	-2	
327	335	-2	
314	378	-3	
290	295	2	
97	101	-3	
25	89	-3	
457	462	1	
321	324	-2	
385	389	3	
496	502	-3	
363	427	-1	
362	426	1	
146	150	-2	
306	310	-2	
28	36	-1	
30	38	2	
507	508	3	
240	244	-1	
256	263	2	
66	69	-2	
64	70	-2	
106	108	-2	
403	404	3	
432	439	-2	
497	501	2	
82	86	2	
146	151	1	
29	37	-2	
31	39	1	
268	276	1	
269	277	-1	
384	390	1	
114	117	2	
472	479	-2	
152	157	-2	
99	100	1	
41	44	-1	
449	453	-3	
93	101	1	
177	241	2	
418	422	2	
10	74	1	
96	160	-2	
350	358	-1	
133	141	-2	
178	242	1	
399	407	-1	
12	20	2	
44	52	2	
45	53	2	
26	90	-2	
210	213	1	
397	405	1	
328	332	-1	
345	409	1	
499	502	-1	
299	363	-1	
177	181	-1	
386	388	1	
296	300	-2	
346	410	-1	
58	61	1	
104	110	-1	
110	118	1	
111	119	-1	
465	469	2	
234	298	2	
226	290	-1	
170	173	1	
129	193	1	
313	316	-1	
270	278	-1	
271	279	1	
128	192	1	
498	503	1	
59	123	1	
404	412	1	
466	468	-1	
Energy:	-3328	
