NumberOfQubits	504	
NumberOfSubgraphs	840	
Serial	378	
PlantedSolution:	
0	-1	
1	-1	
2	1	
3	1	
4	1	
5	-1	
6	1	
8	1	
9	-1	
10	1	
11	1	
12	1	
13	1	
14	1	
15	-1	
16	1	
17	-1	
18	-1	
19	1	
20	-1	
21	1	
22	-1	
23	1	
24	1	
25	-1	
26	-1	
27	1	
28	1	
29	1	
30	1	
31	-1	
32	-1	
33	-1	
34	1	
35	-1	
36	-1	
37	-1	
38	1	
39	1	
40	1	
41	-1	
42	1	
43	-1	
44	-1	
45	-1	
46	1	
47	-1	
48	-1	
49	-1	
50	-1	
51	-1	
52	-1	
53	-1	
54	-1	
55	1	
56	1	
57	1	
58	1	
59	-1	
60	1	
61	1	
62	-1	
63	-1	
64	1	
65	1	
66	-1	
67	1	
68	-1	
69	1	
70	1	
71	-1	
72	-1	
73	-1	
74	1	
75	1	
76	1	
77	1	
78	1	
79	1	
80	-1	
81	1	
82	-1	
83	1	
84	1	
85	1	
86	-1	
87	-1	
88	1	
89	-1	
90	1	
91	-1	
92	-1	
93	1	
94	1	
95	-1	
96	1	
97	1	
98	-1	
99	-1	
100	1	
101	-1	
102	-1	
103	1	
104	-1	
105	-1	
106	1	
107	1	
108	1	
109	1	
110	1	
111	1	
112	-1	
113	1	
114	-1	
115	1	
116	1	
117	1	
118	-1	
119	1	
120	-1	
121	-1	
123	1	
124	-1	
125	-1	
126	1	
127	-1	
128	-1	
129	-1	
130	1	
131	1	
132	1	
133	1	
134	-1	
135	-1	
136	-1	
137	1	
138	-1	
139	-1	
141	1	
142	1	
143	1	
144	-1	
145	-1	
146	1	
147	-1	
148	-1	
149	1	
150	1	
151	1	
152	-1	
153	1	
154	1	
155	-1	
156	1	
157	-1	
158	-1	
159	1	
160	-1	
161	1	
162	-1	
163	1	
164	-1	
165	1	
166	-1	
167	-1	
168	-1	
169	-1	
170	-1	
171	1	
172	-1	
173	-1	
174	1	
175	-1	
176	1	
177	-1	
178	1	
179	-1	
180	1	
181	-1	
182	1	
183	-1	
184	-1	
185	-1	
186	-1	
187	1	
188	-1	
189	-1	
190	1	
191	-1	
192	-1	
193	1	
194	1	
195	-1	
196	1	
197	-1	
198	1	
199	-1	
200	-1	
201	-1	
202	1	
203	-1	
204	-1	
205	-1	
206	-1	
207	1	
208	-1	
209	-1	
210	-1	
211	-1	
212	-1	
213	1	
214	1	
215	-1	
216	1	
217	-1	
218	-1	
219	1	
220	-1	
221	-1	
222	1	
223	-1	
224	-1	
225	1	
226	1	
227	-1	
228	-1	
229	-1	
230	1	
231	1	
232	-1	
233	-1	
234	1	
235	1	
236	1	
237	1	
238	1	
239	1	
240	1	
241	1	
242	1	
243	-1	
244	1	
245	-1	
246	1	
247	1	
248	-1	
249	-1	
250	1	
251	-1	
252	1	
253	-1	
254	1	
255	1	
256	-1	
257	1	
258	1	
259	-1	
260	1	
261	1	
262	-1	
263	1	
264	1	
265	1	
266	-1	
267	-1	
268	-1	
269	-1	
270	-1	
271	1	
272	-1	
273	1	
274	-1	
275	1	
276	-1	
277	-1	
278	1	
279	-1	
280	1	
281	-1	
282	-1	
283	-1	
284	1	
285	1	
286	1	
287	1	
288	1	
289	1	
290	-1	
291	-1	
292	1	
293	-1	
294	1	
295	-1	
296	1	
297	-1	
298	1	
299	1	
300	1	
301	1	
302	1	
303	-1	
304	-1	
305	1	
306	1	
307	1	
308	-1	
309	-1	
310	-1	
311	1	
312	-1	
313	-1	
314	-1	
315	-1	
316	1	
317	-1	
318	1	
319	1	
320	-1	
321	1	
322	-1	
323	-1	
324	-1	
325	-1	
326	1	
327	1	
328	1	
329	-1	
330	-1	
331	1	
332	1	
333	1	
334	1	
335	1	
336	-1	
337	1	
338	-1	
339	1	
340	-1	
341	-1	
342	1	
343	1	
344	-1	
345	1	
346	1	
347	1	
348	-1	
349	1	
350	-1	
351	1	
352	1	
353	-1	
354	1	
355	1	
356	-1	
357	1	
358	1	
359	-1	
361	1	
362	-1	
363	-1	
364	-1	
365	1	
367	-1	
368	1	
369	1	
370	-1	
371	1	
372	-1	
373	-1	
374	1	
375	1	
376	1	
377	-1	
378	-1	
379	-1	
380	1	
382	1	
383	1	
384	-1	
385	-1	
386	1	
387	-1	
388	1	
389	1	
390	1	
391	1	
392	1	
393	-1	
394	-1	
396	-1	
397	-1	
398	-1	
399	1	
400	1	
401	-1	
402	-1	
403	1	
404	-1	
405	1	
406	-1	
407	1	
408	1	
409	1	
410	-1	
411	-1	
412	-1	
413	1	
414	1	
415	-1	
416	-1	
417	-1	
418	-1	
419	-1	
420	1	
421	-1	
422	1	
424	-1	
425	-1	
426	-1	
427	1	
428	1	
429	1	
430	-1	
431	-1	
432	-1	
433	-1	
434	-1	
435	-1	
436	1	
437	-1	
438	1	
439	-1	
440	-1	
441	1	
442	-1	
443	-1	
444	1	
445	-1	
446	1	
447	-1	
448	-1	
449	-1	
450	-1	
451	-1	
452	-1	
453	1	
454	-1	
455	-1	
456	1	
457	-1	
458	-1	
459	-1	
460	1	
461	-1	
462	-1	
463	1	
464	-1	
465	1	
466	-1	
467	-1	
468	1	
469	1	
470	1	
471	1	
472	1	
473	-1	
474	-1	
475	-1	
476	-1	
477	1	
478	1	
479	-1	
480	1	
481	-1	
482	-1	
483	1	
484	-1	
485	1	
486	-1	
487	-1	
488	1	
489	-1	
490	1	
491	-1	
492	-1	
493	1	
494	-1	
495	1	
496	1	
497	1	
498	-1	
499	1	
500	1	
501	1	
502	-1	
503	1	
504	1	
505	1	
506	1	
507	1	
508	1	
509	-1	
510	1	
511	1	
Js:	
385	388	5	
388	396	5	
392	396	4	
392	397	5	
389	397	3	
385	389	-2	
274	279	-3	
275	279	4	
275	339	-1	
339	343	-5	
338	343	-3	
274	338	-3	
496	500	-5	
500	508	-4	
506	508	-3	
506	510	-6	
502	510	3	
496	502	5	
81	84	-6	
83	84	-5	
83	86	-2	
80	86	-5	
80	87	-5	
81	87	3	
193	197	5	
195	197	-5	
195	198	4	
192	198	4	
192	199	-6	
193	199	-5	
481	484	-5	
482	484	-5	
482	485	3	
480	485	3	
480	486	4	
481	486	-6	
211	212	-5	
212	220	-4	
216	220	5	
216	223	4	
215	223	-5	
211	215	-3	
50	54	-6	
51	54	-7	
51	115	5	
115	117	-3	
114	117	7	
50	114	-4	
33	36	-4	
35	36	-5	
35	99	3	
99	101	-4	
97	101	4	
33	97	2	
65	68	4	
68	76	5	
72	76	-3	
72	77	4	
69	77	-4	
65	69	-3	
11	12	-4	
12	20	3	
19	20	6	
19	21	-4	
13	21	-2	
11	13	5	
88	92	4	
91	92	5	
91	155	-3	
155	159	7	
152	159	3	
88	152	2	
352	356	5	
355	356	5	
355	419	-2	
419	421	-3	
416	421	-4	
352	416	1	
224	228	-6	
227	228	-4	
227	291	-3	
291	292	4	
288	292	-4	
224	288	5	
105	110	5	
107	110	-6	
107	171	1	
171	175	5	
169	175	-6	
105	169	-2	
136	141	3	
138	141	4	
138	143	4	
137	143	-4	
137	142	4	
136	142	4	
177	183	-5	
178	183	7	
178	242	3	
242	245	5	
241	245	4	
177	241	3	
304	309	-2	
309	317	-6	
315	317	-3	
315	318	4	
310	318	4	
304	310	-6	
401	407	5	
402	407	6	
402	466	3	
466	471	3	
465	471	-7	
401	465	3	
322	324	4	
324	332	5	
330	332	5	
330	334	3	
326	334	-3	
322	326	6	
368	374	-6	
370	374	5	
370	434	-3	
434	438	5	
432	438	4	
368	432	2	
176	182	-4	
179	182	6	
179	243	-4	
243	244	4	
240	244	-7	
176	240	-4	
280	284	-6	
281	284	-5	
281	287	4	
282	287	4	
282	286	2	
280	286	-5	
24	29	2	
26	29	4	
26	31	-3	
25	31	-5	
25	30	4	
24	30	-6	
200	204	-5	
202	204	3	
202	207	-3	
201	207	4	
201	206	-6	
200	206	5	
297	300	5	
300	308	1	
307	308	3	
307	311	-5	
303	311	-1	
297	303	-6	
472	476	4	
473	476	-4	
473	477	5	
475	477	6	
475	478	3	
472	478	-5	
345	348	3	
346	348	6	
346	351	-4	
347	351	3	
347	349	-5	
345	349	-6	
440	445	-1	
441	445	7	
441	447	4	
443	447	-3	
443	446	3	
440	446	-6	
185	189	-3	
187	189	5	
187	251	4	
251	253	-4	
249	253	-3	
185	249	1	
256	260	5	
258	260	-6	
258	261	4	
259	261	5	
259	262	-5	
256	262	-6	
129	133	-5	
131	133	-6	
131	134	5	
128	134	-6	
128	135	-2	
129	135	-3	
361	364	3	
364	372	-5	
369	372	-4	
369	373	7	
365	373	5	
361	365	-7	
225	230	-5	
226	230	-5	
226	290	-3	
290	294	4	
289	294	-5	
225	289	-3	
34	38	-4	
38	46	1	
43	46	3	
43	47	-4	
39	47	2	
34	39	-4	
378	380	8	
379	380	3	
379	383	6	
377	383	5	
377	382	3	
378	382	5	
144	148	-3	
146	148	5	
146	149	-3	
145	149	7	
145	151	-5	
144	151	5	
320	325	-7	
325	333	-3	
328	333	-4	
328	335	-4	
327	335	-3	
320	327	6	
410	412	-4	
411	412	-4	
411	414	-4	
409	414	-5	
409	413	-2	
410	413	5	
121	124	-6	
123	124	4	
123	127	6	
120	127	-4	
120	125	2	
121	125	-4	
456	461	4	
459	461	-6	
459	463	5	
458	463	-4	
458	462	-3	
456	462	7	
265	268	4	
266	268	4	
266	269	-5	
264	269	5	
264	270	1	
265	270	4	
233	237	5	
234	237	-2	
234	238	-6	
232	238	3	
232	239	3	
233	239	4	
386	390	-3	
387	390	3	
387	451	-4	
451	453	5	
450	453	3	
386	450	5	
488	492	7	
491	492	-5	
491	495	5	
489	495	6	
489	493	5	
488	493	-3	
154	157	-4	
157	165	3	
162	165	6	
162	166	-4	
158	166	-4	
154	158	5	
104	108	4	
106	108	-3	
106	170	3	
170	174	4	
168	174	5	
104	168	-2	
424	428	6	
425	428	3	
425	429	6	
427	429	-3	
427	430	6	
424	430	-4	
48	55	5	
49	55	-5	
49	113	6	
113	116	-3	
112	116	4	
48	112	-7	
56	61	-5	
59	61	5	
59	63	-4	
57	63	7	
57	62	3	
56	62	5	
9	15	-7	
10	15	3	
10	74	-3	
74	79	-4	
73	79	5	
9	73	-3	
208	214	3	
209	214	4	
209	273	3	
273	277	5	
272	277	-4	
208	272	-2	
248	254	7	
250	254	-4	
250	314	-1	
314	316	3	
312	316	4	
248	312	-3	
0	4	4	
3	4	-6	
3	6	-3	
1	6	8	
1	5	-5	
0	5	-7	
498	501	6	
501	509	3	
507	509	5	
507	511	3	
503	511	-2	
498	503	5	
400	405	-3	
403	405	-4	
403	467	2	
467	468	3	
464	468	7	
400	464	4	
353	359	-5	
354	359	6	
354	418	3	
418	420	6	
417	420	-2	
353	417	-4	
298	302	-3	
299	302	-5	
299	363	4	
363	367	-3	
362	367	5	
298	362	4	
89	94	-3	
94	102	3	
96	102	5	
96	103	-4	
95	103	3	
89	95	-7	
336	340	-5	
337	340	5	
337	342	-6	
338	342	5	
338	341	-4	
336	341	-5	
161	164	3	
163	164	5	
163	165	3	
160	165	4	
160	167	-6	
161	167	5	
449	452	-6	
451	452	-3	
451	455	4	
448	455	-5	
448	454	-5	
449	454	-4	
433	437	-2	
435	437	-4	
435	499	-3	
499	502	6	
497	502	4	
433	497	5	
8	14	-5	
14	22	4	
18	22	-6	
18	23	4	
15	23	1	
8	15	-4	
217	221	-3	
219	221	5	
219	222	-5	
218	222	5	
218	223	3	
217	223	-3	
40	44	4	
44	52	-4	
49	52	-2	
49	53	-6	
45	53	-3	
40	45	-3	
64	68	5	
66	68	-4	
66	70	3	
67	70	-6	
67	71	5	
64	71	4	
393	399	1	
394	399	5	
394	458	-5	
458	460	-4	
457	460	4	
393	457	-5	
184	188	-3	
187	188	6	
187	191	-3	
186	191	-3	
186	190	8	
184	190	5	
289	293	4	
293	301	4	
296	301	-4	
296	303	3	
295	303	-4	
289	295	-4	
194	196	-6	
196	204	5	
203	204	6	
203	205	-3	
197	205	-4	
194	197	4	
171	172	-6	
172	180	1	
179	180	3	
179	181	-4	
173	181	-2	
171	173	3	
257	260	-4	
260	268	3	
267	268	-5	
267	271	3	
263	271	-4	
257	263	-5	
426	428	5	
428	436	1	
432	436	3	
432	439	-5	
431	439	-2	
426	431	-5	
90	92	4	
92	100	-2	
98	100	5	
98	101	-5	
93	101	4	
90	93	-3	
474	477	5	
477	485	2	
483	485	-5	
483	487	5	
479	487	-2	
474	479	-3	
344	350	-7	
345	350	2	
345	409	-3	
409	415	3	
408	415	6	
344	408	-2	
147	148	-7	
148	156	3	
153	156	-3	
153	158	-2	
150	158	3	
147	150	3	
27	28	-4	
28	36	3	
32	36	4	
32	37	-5	
29	37	2	
27	29	-7	
75	77	-5	
77	85	2	
82	85	4	
82	86	-3	
78	86	3	
75	78	-3	
105	109	6	
109	117	3	
113	117	-2	
113	119	-3	
111	119	-2	
105	111	1	
306	308	3	
308	316	7	
313	316	4	
313	319	-4	
311	319	-5	
306	311	-3	
384	390	4	
390	398	5	
392	398	5	
392	399	-6	
391	399	-5	
384	391	3	
235	236	-4	
236	244	-2	
240	247	2	
239	247	-2	
235	239	-5	
277	285	-2	
283	285	5	
283	286	3	
278	286	-4	
273	278	-3	
440	444	4	
441	444	-1	
441	505	-2	
505	511	1	
504	511	-7	
440	504	4	
371	374	-4	
374	382	-3	
376	382	-6	
376	383	-5	
375	383	-3	
371	375	-3	
210	213	4	
211	213	3	
211	275	-4	
275	276	4	
274	276	-3	
210	274	-5	
354	356	3	
354	358	-4	
355	358	-4	
355	357	-5	
352	357	7	
129	132	5	
131	132	-3	
130	134	3	
130	135	-6	
320	324	-3	
321	324	4	
321	326	5	
323	326	4	
323	327	5	
467	469	6	
466	469	3	
466	470	-5	
464	470	3	
112	118	-5	
118	126	4	
123	126	5	
119	127	6	
112	119	2	
16	21	-6	
17	21	5	
17	23	4	
16	22	3	
491	493	5	
490	495	-3	
490	494	5	
489	494	5	
329	332	4	
331	332	-3	
331	335	-4	
329	333	-3	
42	44	5	
42	46	4	
41	46	3	
41	47	-5	
40	47	3	
250	252	3	
251	252	6	
249	255	5	
250	255	-6	
57	60	-5	
58	60	-6	
58	62	4	
59	62	-5	
400	404	-5	
403	404	5	
403	407	-3	
401	406	-2	
400	406	5	
227	229	-6	
226	229	4	
226	231	-5	
224	231	3	
241	246	-7	
242	246	-4	
242	306	-4	
306	309	5	
305	309	2	
241	305	-2	
434	437	-3	
437	445	4	
442	445	-4	
442	447	-5	
439	447	-5	
434	439	-4	
139	141	5	
141	149	2	
145	150	3	
142	150	-3	
139	142	4	
416	422	6	
419	422	5	
419	483	5	
483	486	-3	
416	480	5	
2	4	-6	
2	66	5	
66	69	5	
64	69	3	
0	64	4	
384	388	-5	
386	388	-2	
386	389	-5	
387	389	6	
387	391	4	
411	413	5	
408	414	-4	
410	415	-4	
97	100	-4	
98	102	4	
97	103	-7	
90	95	2	
90	154	-2	
154	156	4	
89	153	3	
185	188	4	
186	188	-3	
186	189	-4	
184	189	-4	
184	191	-4	
185	191	-6	
339	340	5	
336	343	3	
336	342	3	
363	364	-4	
371	372	3	
371	373	4	
363	365	4	
152	157	-4	
155	157	-2	
155	219	4	
219	220	-3	
152	216	4	
312	317	-4	
315	319	6	
313	318	3	
312	318	5	
205	213	2	
208	213	4	
208	215	-6	
207	215	2	
203	207	7	
115	118	-2	
114	118	-2	
24	28	-3	
25	28	5	
26	30	-4	
24	31	6	
35	37	-5	
35	38	4	
33	38	4	
33	39	5	
32	39	-4	
298	300	-3	
361	367	6	
297	361	2	
232	236	4	
235	238	-3	
233	238	4	
232	237	5	
285	293	3	
288	293	3	
288	295	-2	
287	295	2	
283	287	6	
72	78	5	
75	139	-3	
139	143	5	
136	143	6	
72	136	-2	
393	397	-7	
397	405	2	
402	405	6	
402	406	4	
398	406	-4	
393	398	-3	
83	87	4	
82	87	-5	
81	85	-5	
417	421	5	
418	421	-4	
418	482	-5	
417	481	-5	
161	166	5	
166	174	-1	
169	174	4	
167	175	-3	
195	196	6	
195	259	-2	
259	263	4	
258	263	-3	
194	258	2	
452	460	4	
456	460	-4	
454	462	2	
426	429	3	
427	431	5	
425	430	-3	
193	198	-5	
193	257	-3	
257	262	-3	
192	256	-3	
474	476	-5	
474	478	3	
475	479	-2	
473	479	-5	
344	348	2	
346	350	5	
347	350	3	
344	349	3	
8	12	-5	
11	14	-2	
10	14	3	
10	13	-6	
8	13	-4	
202	206	3	
202	266	2	
200	264	2	
104	111	-6	
106	111	-5	
170	172	-6	
168	172	-2	
497	500	-3	
497	503	-4	
496	501	-4	
442	446	4	
443	507	4	
507	510	-6	
442	506	2	
461	469	-2	
465	469	-5	
463	471	-1	
3	5	6	
3	67	-3	
65	71	5	
1	65	2	
176	180	6	
178	180	-5	
177	182	7	
265	271	-5	
267	331	4	
331	334	-4	
329	334	5	
265	329	-4	
48	52	-4	
52	60	-2	
56	60	-4	
53	61	4	
48	53	-4	
218	221	-3	
218	282	-3	
282	284	4	
217	281	-4	
243	246	3	
246	254	-2	
248	255	-3	
247	255	-3	
243	247	5	
305	310	3	
305	369	-3	
369	375	-3	
368	375	-3	
304	368	5	
290	292	6	
292	300	-4	
296	300	5	
296	302	-5	
294	302	-4	
42	45	3	
43	45	4	
43	107	5	
107	109	-3	
106	109	-5	
42	106	-4	
74	138	2	
73	137	3	
120	124	-6	
123	125	6	
120	126	5	
146	151	-4	
146	210	2	
210	214	4	
145	209	-2	
130	132	-6	
128	133	4	
433	438	3	
435	438	2	
499	503	-6	
490	492	3	
488	494	4	
504	508	-4	
505	508	-7	
505	509	4	
506	509	4	
504	510	1	
225	229	3	
227	231	3	
227	230	-2	
353	357	3	
353	358	6	
352	359	2	
16	20	-3	
16	23	-5	
448	453	5	
453	461	-4	
457	461	-2	
457	463	5	
455	463	2	
99	163	3	
162	164	3	
98	162	-3	
377	380	4	
379	382	3	
88	93	-5	
91	93	5	
91	94	3	
90	94	-4	
88	95	5	
272	276	-4	
276	284	4	
272	278	4	
321	325	5	
323	325	-3	
322	327	3	
412	420	-1	
419	420	3	
414	422	-2	
410	414	3	
394	396	-4	
396	404	1	
403	406	3	
394	398	-3	
299	301	3	
301	309	1	
307	309	4	
307	310	3	
302	310	1	
107	108	-5	
108	116	-3	
110	118	2	
83	147	-2	
144	150	4	
80	144	-1	
0	6	5	
2	6	6	
64	70	-2	
169	173	-4	
178	181	4	
175	183	1	
385	390	-3	
450	452	-4	
385	449	-3	
337	341	3	
341	349	-3	
345	351	-6	
343	351	-3	
337	343	-4	
465	470	-3	
470	478	-3	
472	479	5	
471	479	3	
193	196	-2	
201	204	-2	
199	207	4	
370	373	-2	
434	436	3	
433	436	5	
369	433	3	
208	212	-4	
214	222	-4	
155	158	-3	
160	166	-2	
159	167	-2	
242	244	-2	
244	252	-3	
249	252	5	
245	253	-4	
267	270	-4	
270	278	3	
273	279	-4	
271	279	2	
34	37	4	
37	45	1	
41	45	-6	
54	62	-3	
58	63	4	
55	63	-1	
50	55	4	
11	15	5	
11	75	-4	
75	76	2	
73	76	6	
314	318	4	
314	378	-5	
376	380	3	
312	376	4	
442	444	6	
443	444	4	
34	36	6	
30	38	-3	
27	30	-4	
187	190	-2	
186	250	2	
234	236	-4	
235	237	-5	
234	239	4	
426	430	-4	
424	431	-4	
256	261	4	
256	263	4	
291	293	2	
297	301	4	
291	295	-7	
328	332	-3	
330	335	3	
329	335	4	
482	487	-5	
411	475	-4	
409	473	-3	
274	277	3	
338	340	-4	
272	336	-3	
115	116	-7	
115	179	-2	
113	177	1	
261	269	3	
265	269	-2	
262	270	-4	
384	389	4	
451	454	-6	
384	448	2	
202	205	4	
198	206	3	
209	213	-6	
213	221	3	
216	221	5	
209	215	-3	
96	100	-6	
97	102	-1	
99	102	-4	
99	103	5	
400	407	-2	
466	468	4	
362	364	-8	
370	372	-4	
370	375	4	
367	375	4	
85	93	-2	
88	94	-3	
86	94	4	
81	86	-3	
152	156	4	
156	164	3	
161	165	-2	
348	356	-3	
355	359	3	
351	359	-2	
225	228	5	
288	294	-5	
498	500	4	
243	245	-3	
240	246	-2	
393	396	-4	
147	149	2	
144	149	4	
40	46	-6	
41	105	-3	
104	110	4	
40	104	4	
25	29	3	
27	91	3	
89	92	-3	
25	89	-3	
58	61	-4	
305	308	4	
315	316	-2	
305	311	-4	
121	126	4	
121	185	-3	
120	184	3	
128	132	4	
130	194	-2	
194	199	-2	
128	192	-2	
67	68	2	
70	78	-4	
490	493	-5	
435	439	-2	
432	496	2	
416	420	4	
418	422	2	
417	422	4	
171	174	-6	
170	173	-3	
168	173	-6	
217	222	4	
282	285	4	
281	285	-2	
74	77	-5	
71	79	-3	
280	287	2	
283	347	3	
280	344	2	
137	141	-4	
138	142	5	
266	330	-4	
117	125	6	
114	119	6	
459	460	5	
457	462	4	
436	444	-5	
438	446	-4	
401	404	-7	
404	412	-4	
408	412	1	
408	413	-4	
405	413	-3	
401	405	-2	
363	427	3	
361	425	-2	
180	188	4	
181	189	-4	
176	181	3	
210	212	-4	
304	311	-2	
307	371	-2	
313	317	3	
314	317	-4	
313	377	-5	
234	298	-2	
298	301	-4	
232	296	3	
43	44	-4	
47	55	-4	
289	292	-2	
290	354	-2	
354	357	-2	
289	353	2	
410	474	4	
408	472	-3	
18	21	3	
18	82	-4	
82	84	2	
17	81	-4	
450	455	-5	
449	455	-4	
458	461	-2	
467	470	4	
462	470	2	
162	226	3	
224	229	3	
160	224	-2	
201	205	-4	
200	205	-3	
480	484	3	
483	484	2	
480	487	5	
31	39	2	
248	252	3	
9	12	4	
9	14	4	
339	342	3	
154	159	-2	
153	159	-4	
504	509	4	
506	511	5	
230	238	-2	
231	239	-2	
131	135	5	
59	60	3	
57	61	2	
105	108	3	
104	109	2	
19	23	4	
19	83	-3	
83	85	-4	
80	85	3	
16	80	3	
26	28	4	
51	53	-3	
46	54	3	
424	429	2	
429	437	-3	
299	300	-4	
299	303	-2	
269	277	2	
275	277	4	
264	271	-5	
315	379	-4	
164	172	-2	
170	175	2	
163	167	3	
116	124	-2	
75	79	-3	
182	190	4	
280	285	-4	
216	280	1	
472	477	3	
473	478	3	
145	148	-2	
499	500	-3	
497	501	4	
228	236	3	
233	236	-5	
229	237	3	
240	245	4	
241	247	4	
242	247	-2	
385	391	5	
96	101	-2	
339	403	-3	
336	400	1	
344	351	2	
464	471	3	
65	70	-5	
67	131	-1	
65	129	3	
209	212	-2	
211	214	4	
488	495	-4	
74	76	-2	
76	84	-2	
80	84	-3	
74	78	-4	
219	283	2	
113	118	5	
183	191	-4	
440	447	-3	
268	276	1	
1	4	5	
394	397	-3	
163	166	4	
97	161	2	
306	310	3	
306	370	-2	
139	203	-1	
203	206	-2	
136	200	-5	
409	412	4	
407	415	-3	
291	294	3	
291	355	1	
288	352	-1	
331	333	-3	
10	12	-3	
24	88	-3	
100	108	-2	
102	110	3	
17	20	-4	
18	20	-3	
19	22	3	
17	22	-3	
248	253	-5	
250	253	4	
251	254	2	
251	255	3	
379	443	2	
443	445	-4	
377	441	3	
425	431	-4	
59	123	-1	
57	121	3	
481	485	4	
485	493	1	
486	494	-2	
449	453	3	
450	454	-3	
35	39	3	
32	38	6	
264	328	-4	
50	52	-4	
51	52	-4	
115	119	1	
147	151	3	
82	146	2	
107	111	-2	
259	323	-2	
258	322	3	
468	476	3	
475	476	3	
467	471	3	
347	411	1	
505	510	-4	
217	220	-3	
368	372	2	
371	435	-4	
432	437	-4	
290	293	-4	
153	157	5	
138	202	5	
137	201	3	
129	134	-4	
64	128	-2	
353	356	-2	
352	358	-4	
272	279	-5	
273	337	-1	
121	127	-2	
185	190	3	
459	462	-4	
273	276	4	
281	286	3	
192	196	3	
194	198	-4	
26	90	5	
298	303	4	
233	297	-1	
386	391	-3	
235	299	-2	
34	98	2	
32	96	-1	
177	180	-1	
177	181	-3	
420	428	-4	
421	429	-3	
222	230	-3	
225	231	1	
223	231	4	
219	223	1	
133	141	-2	
135	143	-2	
257	261	-4	
322	325	-2	
257	321	-1	
330	333	5	
333	341	2	
335	343	-2	
160	164	-2	
456	463	-3	
392	456	-2	
282	346	3	
411	415	-2	
435	436	5	
144	208	-1	
476	484	-3	
478	486	3	
464	469	3	
241	244	2	
426	490	4	
425	489	-2	
41	44	-3	
42	47	4	
203	267	1	
266	270	-2	
72	79	4	
499	501	2	
498	502	-1	
171	235	-1	
170	234	2	
249	254	5	
201	265	1	
220	228	2	
221	229	-1	
210	215	-1	
340	348	-3	
347	348	3	
339	341	3	
66	71	-3	
304	308	2	
368	373	2	
192	197	-2	
314	319	-3	
427	491	2	
424	488	-4	
146	150	-4	
264	268	3	
328	334	-3	
155	156	3	
357	365	-2	
359	367	2	
323	324	-4	
320	326	2	
169	172	-3	
165	173	2	
441	446	-3	
376	440	2	
224	230	1	
33	37	-3	
73	78	3	
243	307	-3	
87	95	-2	
56	63	-4	
2	5	3	
434	498	-2	
275	278	-3	
179	183	-1	
176	183	2	
406	414	2	
334	342	-2	
168	175	-3	
168	232	-2	
184	248	-1	
491	494	-3	
369	374	-2	
96	160	2	
507	508	2	
349	357	-1	
350	358	2	
206	214	1	
152	158	3	
433	439	-2	
279	287	2	
267	269	-3	
143	151	1	
8	72	2	
297	302	2	
312	319	-2	
154	218	3	
218	220	-3	
153	217	3	
362	426	1	
484	492	2	
489	492	-2	
487	495	1	
84	92	2	
448	452	-3	
482	486	2	
195	199	-3	
258	262	-2	
99	100	-1	
21	29	-2	
22	30	-1	
460	468	-1	
465	468	-2	
49	54	1	
147	211	1	
178	182	-1	
101	109	1	
103	111	-2	
20	28	1	
23	31	2	
66	130	2	
130	133	-3	
149	157	2	
322	386	2	
320	384	2	
496	503	-2	
240	304	1	
286	294	1	
283	284	1	
216	222	1	
427	428	1	
422	430	1	
346	349	2	
151	159	-2	
266	271	1	
323	387	-2	
387	388	1	
321	385	2	
162	167	1	
67	69	-3	
492	500	1	
493	501	1	
169	233	1	
163	227	2	
161	225	3	
51	55	1	
372	380	2	
50	53	2	
204	212	-1	
91	95	1	
112	176	1	
238	246	-2	
274	278	3	
112	117	1	
378	442	-1	
79	87	1	
259	260	2	
114	116	-1	
27	31	-2	
337	401	-1	
356	364	-2	
494	502	-1	
495	503	-1	
9	13	2	
469	477	-1	
430	438	2	
399	407	-1	
321	327	1	
378	383	-1	
362	365	2	
56	120	2	
89	93	-1	
4	12	-1	
5	13	-1	
290	295	1	
338	402	1	
98	103	1	
413	421	-1	
249	313	1	
81	145	-1	
342	350	-1	
251	315	-1	
Energy:	-3778	
