NumberOfQubits	504	
NumberOfSubgraphs	504	
Serial	343	
PlantedSolution:	
0	1	
1	1	
2	1	
3	1	
4	-1	
5	1	
6	-1	
8	1	
9	1	
10	1	
11	-1	
12	1	
13	-1	
14	1	
15	-1	
16	1	
17	-1	
18	1	
19	-1	
20	-1	
21	-1	
22	1	
23	-1	
24	-1	
25	-1	
26	1	
27	-1	
28	1	
29	1	
30	1	
31	1	
32	1	
33	1	
34	1	
35	1	
36	1	
37	1	
38	-1	
39	-1	
40	1	
41	-1	
42	-1	
43	-1	
44	-1	
45	-1	
46	1	
47	1	
48	-1	
49	-1	
50	-1	
51	1	
52	1	
53	1	
54	-1	
55	-1	
56	-1	
57	1	
58	-1	
59	1	
60	-1	
61	-1	
62	1	
63	-1	
64	-1	
65	-1	
66	-1	
67	1	
68	-1	
69	1	
70	1	
71	-1	
72	-1	
73	1	
74	1	
75	-1	
76	1	
77	-1	
78	1	
79	1	
80	1	
81	-1	
82	1	
83	-1	
84	1	
85	1	
86	-1	
87	-1	
88	1	
89	1	
90	-1	
91	1	
92	1	
93	1	
94	1	
95	1	
96	1	
97	-1	
98	1	
99	-1	
100	1	
101	1	
102	-1	
103	1	
104	1	
105	-1	
106	-1	
107	1	
108	1	
109	-1	
110	-1	
111	-1	
112	1	
113	1	
114	-1	
115	1	
116	-1	
117	1	
118	-1	
119	1	
120	1	
121	-1	
123	-1	
124	-1	
125	-1	
126	1	
127	-1	
128	-1	
129	-1	
130	-1	
131	1	
132	-1	
133	-1	
134	1	
135	-1	
136	-1	
137	-1	
138	1	
139	1	
141	-1	
142	-1	
143	1	
144	1	
145	1	
146	1	
147	1	
148	1	
149	-1	
150	1	
151	-1	
152	-1	
153	1	
154	-1	
155	-1	
156	1	
157	1	
158	1	
159	1	
160	-1	
161	1	
162	-1	
163	-1	
164	1	
165	-1	
166	1	
167	1	
168	-1	
169	1	
170	1	
171	1	
172	1	
173	-1	
174	-1	
175	-1	
176	1	
177	-1	
178	1	
179	-1	
180	1	
181	1	
182	1	
183	-1	
184	-1	
185	1	
186	1	
187	1	
188	-1	
189	-1	
190	-1	
191	-1	
192	-1	
193	1	
194	1	
195	1	
196	1	
197	1	
198	-1	
199	-1	
200	1	
201	-1	
202	1	
203	1	
204	-1	
205	1	
206	-1	
207	-1	
208	-1	
209	-1	
210	-1	
211	-1	
212	1	
213	-1	
214	1	
215	-1	
216	1	
217	-1	
218	1	
219	1	
220	1	
221	1	
222	1	
223	-1	
224	-1	
225	1	
226	1	
227	-1	
228	1	
229	1	
230	-1	
231	-1	
232	-1	
233	-1	
234	-1	
235	1	
236	1	
237	-1	
238	-1	
239	-1	
240	1	
241	-1	
242	-1	
243	1	
244	-1	
245	-1	
246	1	
247	1	
248	1	
249	1	
250	1	
251	1	
252	1	
253	-1	
254	1	
255	-1	
256	1	
257	-1	
258	1	
259	1	
260	1	
261	1	
262	1	
263	-1	
264	-1	
265	-1	
266	-1	
267	1	
268	1	
269	1	
270	1	
271	-1	
272	-1	
273	1	
274	-1	
275	1	
276	1	
277	1	
278	-1	
279	1	
280	-1	
281	-1	
282	1	
283	-1	
284	1	
285	1	
286	1	
287	1	
288	-1	
289	1	
290	-1	
291	-1	
292	1	
293	1	
294	-1	
295	1	
296	-1	
297	-1	
298	-1	
299	1	
300	1	
301	1	
302	-1	
303	-1	
304	1	
305	1	
306	-1	
307	-1	
308	-1	
309	1	
310	-1	
311	-1	
312	-1	
313	-1	
314	-1	
315	1	
316	1	
317	-1	
318	-1	
319	1	
320	1	
321	-1	
322	-1	
323	-1	
324	-1	
325	1	
326	1	
327	1	
328	-1	
329	-1	
330	1	
331	1	
332	-1	
333	-1	
334	-1	
335	-1	
336	-1	
337	-1	
338	1	
339	1	
340	1	
341	1	
342	1	
343	1	
344	-1	
345	1	
346	-1	
347	1	
348	-1	
349	-1	
350	1	
351	1	
352	-1	
353	1	
354	1	
355	1	
356	-1	
357	1	
358	1	
359	-1	
361	1	
362	1	
363	1	
364	1	
365	-1	
367	-1	
368	-1	
369	-1	
370	-1	
371	1	
372	1	
373	1	
374	1	
375	1	
376	-1	
377	-1	
378	-1	
379	-1	
380	1	
382	-1	
383	1	
384	-1	
385	-1	
386	1	
387	-1	
388	-1	
389	1	
390	1	
391	-1	
392	1	
393	1	
394	1	
396	-1	
397	1	
398	1	
399	-1	
400	-1	
401	-1	
402	1	
403	-1	
404	1	
405	1	
406	1	
407	-1	
408	-1	
409	-1	
410	-1	
411	-1	
412	-1	
413	-1	
414	1	
415	1	
416	-1	
417	1	
418	1	
419	-1	
420	1	
421	1	
422	1	
424	-1	
425	1	
426	-1	
427	-1	
428	1	
429	-1	
430	-1	
431	-1	
432	-1	
433	1	
434	1	
435	1	
436	1	
437	1	
438	-1	
439	1	
440	1	
441	-1	
442	-1	
443	1	
444	-1	
445	1	
446	1	
447	1	
448	1	
449	-1	
450	-1	
451	-1	
452	-1	
453	-1	
454	-1	
455	1	
456	-1	
457	1	
458	-1	
459	1	
460	1	
461	1	
462	1	
463	-1	
464	-1	
465	-1	
466	-1	
467	1	
468	1	
469	-1	
470	-1	
471	-1	
472	-1	
473	1	
474	-1	
475	-1	
476	1	
477	1	
478	1	
479	-1	
480	1	
481	1	
482	1	
483	-1	
484	-1	
485	1	
486	-1	
487	-1	
488	-1	
489	-1	
490	1	
491	-1	
492	1	
493	-1	
494	1	
495	-1	
496	-1	
497	-1	
498	1	
499	1	
500	-1	
501	-1	
502	-1	
503	-1	
504	-1	
505	-1	
506	1	
507	-1	
508	1	
509	1	
510	-1	
511	-1	
Js:	
232	239	-3	
234	239	-3	
234	298	2	
298	303	-3	
296	303	-3	
232	296	-4	
41	44	-2	
43	44	-1	
43	46	2	
40	46	-2	
40	45	-2	
41	45	-4	
272	278	-3	
278	286	3	
283	286	3	
283	287	3	
279	287	-2	
272	279	4	
49	52	4	
51	52	-2	
51	55	3	
50	55	4	
50	53	4	
49	53	3	
74	76	3	
75	76	6	
75	78	3	
73	78	-4	
73	77	2	
74	77	2	
25	28	4	
26	28	-3	
26	31	2	
27	31	4	
27	29	3	
25	29	4	
329	333	-3	
333	341	1	
336	341	2	
336	342	-3	
334	342	2	
329	334	-4	
82	86	2	
83	86	-3	
83	147	1	
147	148	2	
146	148	-3	
82	146	-2	
184	190	1	
185	190	2	
185	249	-5	
249	255	3	
248	255	3	
184	248	3	
209	213	-2	
211	213	-3	
211	215	-4	
210	215	-2	
210	214	3	
209	214	4	
288	293	4	
293	301	-2	
299	301	3	
299	302	4	
294	302	-1	
288	294	-3	
384	390	-2	
385	390	2	
385	449	-2	
449	455	2	
448	455	-3	
384	448	3	
96	100	-3	
98	100	2	
98	101	-3	
99	101	2	
99	103	5	
96	103	-2	
466	468	4	
467	468	-2	
467	471	4	
465	471	-2	
465	470	-3	
466	470	1	
304	308	-2	
308	316	2	
313	316	3	
313	319	3	
311	319	3	
304	311	2	
241	245	-2	
245	253	-4	
250	253	2	
250	254	2	
246	254	-2	
241	246	4	
32	36	-2	
34	36	-4	
34	38	-1	
35	38	5	
35	37	-2	
32	37	-2	
152	157	-2	
154	157	2	
154	158	2	
155	158	4	
155	159	4	
152	159	1	
258	260	5	
260	268	-4	
266	268	3	
266	269	2	
261	269	-3	
258	261	-2	
138	141	2	
139	141	3	
139	142	-3	
137	142	-2	
137	143	3	
138	143	-4	
409	412	-2	
411	412	-4	
411	475	2	
475	479	-1	
473	479	5	
409	473	2	
368	374	-1	
370	374	3	
370	434	2	
434	437	-1	
432	437	3	
368	432	-1	
160	164	2	
164	172	-3	
169	172	-4	
169	174	2	
166	174	2	
160	166	-2	
161	165	4	
163	165	-2	
163	227	-4	
227	228	-2	
225	228	-3	
161	225	-3	
440	444	4	
442	444	-2	
442	506	2	
506	511	5	
504	511	-3	
440	504	2	
65	68	-2	
66	68	-2	
66	69	3	
67	69	-2	
67	70	-3	
65	70	4	
424	428	2	
428	436	2	
435	436	-3	
435	438	4	
430	438	-2	
424	430	-3	
362	365	3	
365	373	2	
371	373	1	
371	375	-4	
367	375	3	
362	367	4	
488	492	2	
491	492	2	
491	493	-3	
489	493	2	
489	494	4	
488	494	3	
56	60	-3	
57	60	3	
57	121	4	
121	127	1	
120	127	2	
56	120	3	
392	396	4	
393	396	3	
393	399	4	
394	399	4	
394	398	1	
392	398	-3	
114	116	3	
115	116	2	
115	119	-4	
112	119	-3	
112	118	3	
114	118	-2	
290	295	3	
291	295	3	
291	355	-1	
355	356	3	
354	356	2	
290	354	2	
480	485	-2	
483	485	2	
483	486	-3	
481	486	-3	
481	487	4	
480	487	2	
9	13	3	
13	21	2	
19	21	-4	
19	23	-2	
15	23	-2	
9	15	5	
256	263	1	
259	263	-1	
259	323	4	
323	324	-3	
320	324	2	
256	320	-5	
16	20	3	
17	20	-3	
17	81	-2	
81	87	-2	
80	87	2	
16	80	2	
193	196	-3	
194	196	-2	
194	199	5	
195	199	2	
195	198	4	
193	198	2	
104	108	-3	
105	108	3	
105	109	-2	
107	109	3	
107	111	1	
104	111	-2	
200	204	1	
202	204	3	
202	207	-2	
203	207	3	
203	206	3	
200	206	2	
218	220	-2	
219	220	-4	
219	223	3	
217	223	-2	
217	221	-3	
218	221	-4	
128	132	-2	
129	132	-3	
129	133	-4	
131	133	-2	
131	134	-3	
128	134	3	
456	460	2	
458	460	-2	
458	463	-3	
459	463	2	
459	462	-3	
456	462	2	
88	92	-2	
90	92	3	
90	94	3	
89	94	-4	
89	95	-3	
88	95	-2	
386	389	-2	
387	389	-3	
387	451	-3	
451	453	-3	
450	453	-3	
386	450	2	
0	4	4	
2	4	-3	
2	6	5	
1	6	2	
1	5	-4	
0	5	-5	
401	405	3	
405	413	4	
408	413	-2	
408	414	3	
406	414	2	
401	406	4	
242	244	-4	
243	244	3	
243	307	3	
307	309	4	
306	309	3	
242	306	3	
176	180	-3	
180	188	4	
186	188	4	
186	191	2	
183	191	-3	
176	183	-2	
264	271	-3	
267	271	3	
267	331	-3	
331	335	4	
328	335	2	
264	328	-2	
377	383	3	
379	383	3	
379	443	2	
443	446	-2	
441	446	3	
377	441	1	
226	229	-3	
229	237	2	
233	237	-3	
233	238	-2	
230	238	-3	
226	230	3	
361	364	-4	
363	364	3	
363	427	2	
427	429	-2	
425	429	5	
361	425	-1	
339	340	2	
340	348	1	
345	348	5	
345	351	-3	
343	351	-2	
339	343	-1	
417	420	-3	
419	420	4	
419	422	2	
418	422	-6	
418	421	-4	
417	421	4	
498	500	3	
499	500	4	
499	503	2	
496	503	-3	
496	501	-3	
498	501	2	
273	276	-3	
276	284	-1	
281	284	4	
281	285	1	
277	285	-4	
273	277	2	
312	317	-3	
314	317	-4	
314	378	-3	
378	380	3	
376	380	4	
312	376	-2	
346	349	-3	
349	357	1	
353	357	2	
353	358	-5	
350	358	-2	
346	350	2	
144	149	3	
145	149	-1	
145	150	-3	
147	150	-3	
147	151	3	
144	151	3	
505	508	5	
507	508	-2	
507	510	-5	
504	510	-2	
504	509	3	
505	509	3	
113	117	-4	
114	117	2	
114	178	3	
178	181	-2	
177	181	-1	
113	177	4	
170	173	3	
171	173	3	
171	174	2	
168	174	-2	
168	175	3	
170	175	3	
10	12	-3	
11	12	-3	
11	14	4	
8	14	-3	
8	13	2	
10	13	4	
400	404	-3	
403	404	4	
403	406	2	
402	406	-4	
402	407	3	
400	407	-4	
56	61	-2	
58	61	-3	
58	63	-4	
59	63	-2	
59	62	-3	
56	62	2	
474	476	3	
476	484	-2	
482	484	4	
482	485	-2	
477	485	-3	
474	477	2	
321	325	2	
322	325	2	
322	327	-2	
320	327	-3	
320	326	-2	
321	326	3	
433	439	-4	
435	439	-1	
435	499	-1	
499	502	4	
497	502	4	
433	497	1	
424	431	-3	
426	431	-3	
426	490	2	
490	495	2	
488	495	3	
424	488	-3	
153	156	-4	
156	164	-1	
162	164	3	
162	167	5	
159	167	1	
153	159	-3	
33	39	3	
34	39	2	
34	98	-3	
98	102	2	
97	102	1	
33	97	4	
179	181	3	
181	189	3	
187	189	3	
187	190	3	
182	190	-4	
179	182	3	
120	124	3	
121	124	2	
121	126	3	
123	126	4	
123	125	-1	
120	125	5	
81	84	3	
84	92	1	
91	92	-3	
91	93	-4	
85	93	-2	
81	85	3	
257	262	3	
262	270	-2	
265	270	4	
265	271	-1	
263	271	-3	
257	263	2	
18	21	3	
21	29	1	
24	29	2	
24	30	-5	
22	30	-2	
18	22	-4	
64	71	-3	
66	71	3	
66	130	-2	
130	135	-2	
128	135	-3	
64	128	-1	
289	292	4	
292	300	-2	
297	300	2	
297	301	2	
289	293	-3	
235	236	-4	
236	244	1	
240	244	2	
240	247	-4	
239	247	-2	
235	239	2	
216	222	-2	
222	230	-2	
224	230	-3	
224	231	-2	
223	231	-4	
216	223	1	
304	310	-3	
305	310	2	
305	369	1	
369	372	2	
368	372	3	
304	368	3	
192	197	3	
197	205	-2	
201	205	-2	
201	206	-2	
198	206	-3	
192	198	-2	
42	47	3	
43	47	2	
43	107	3	
107	110	2	
106	110	2	
42	106	-2	
408	415	2	
410	415	3	
410	474	-3	
474	478	2	
472	478	2	
408	472	-3	
457	461	-3	
461	469	2	
464	469	-2	
464	471	1	
463	471	-2	
457	463	4	
250	252	-4	
251	252	-3	
251	315	1	
315	318	5	
314	318	-2	
250	314	1	
274	276	2	
274	338	2	
338	343	-3	
337	343	-2	
273	337	3	
352	359	-4	
355	359	3	
355	419	2	
419	421	2	
416	421	3	
352	416	-2	
72	79	4	
75	79	-1	
75	139	1	
136	141	-4	
72	136	-2	
280	284	3	
282	284	-3	
282	346	3	
346	351	2	
344	351	2	
280	344	-2	
208	212	-3	
211	212	2	
211	275	2	
275	279	-3	
208	272	-2	
328	332	-2	
330	332	3	
330	394	-2	
394	397	-3	
392	397	-1	
328	392	-2	
48	52	4	
51	53	-3	
51	54	3	
48	54	-3	
449	452	3	
451	452	-3	
451	455	2	
448	454	3	
449	454	-3	
386	388	3	
387	388	-1	
385	389	2	
385	391	-2	
386	391	2	
442	445	-4	
441	445	2	
441	447	4	
440	447	-2	
378	382	-2	
377	382	3	
376	383	3	
3	5	-3	
3	67	-2	
67	71	2	
65	71	-2	
1	65	-2	
347	348	-2	
347	411	1	
411	415	2	
409	415	2	
345	409	1	
192	196	-3	
193	197	-3	
194	197	-2	
192	199	-2	
353	356	4	
354	357	-4	
352	357	2	
352	358	-1	
33	36	-2	
36	44	-3	
37	45	3	
33	37	-2	
144	150	-2	
146	150	-2	
146	210	1	
210	212	3	
144	208	2	
20	28	2	
25	31	-2	
23	31	3	
16	23	3	
171	235	-2	
234	236	-2	
170	234	2	
32	38	2	
38	46	3	
42	46	-4	
39	47	3	
32	39	3	
161	166	-3	
163	166	3	
227	231	2	
225	231	3	
185	191	2	
187	191	3	
187	251	-3	
249	252	4	
489	492	3	
492	500	1	
496	500	-3	
496	502	1	
494	502	2	
426	428	1	
427	428	3	
425	430	-1	
426	430	-3	
242	246	2	
243	246	-2	
307	311	-2	
306	311	-1	
200	205	3	
203	205	-1	
203	267	-2	
267	269	-2	
264	269	4	
200	264	2	
97	100	2	
99	100	3	
96	101	-3	
97	101	-4	
325	333	2	
331	333	-2	
327	335	3	
321	327	1	
297	302	-2	
298	302	-2	
298	362	3	
362	364	1	
297	361	2	
113	118	-1	
177	182	4	
176	182	-2	
112	176	-1	
152	156	2	
154	156	4	
154	218	2	
216	221	3	
152	216	2	
450	452	2	
452	460	2	
456	461	3	
453	461	1	
257	260	2	
259	260	-1	
259	261	-4	
256	261	2	
256	262	-4	
86	94	-1	
90	95	2	
87	95	2	
83	87	-3	
288	292	1	
291	292	-2	
291	294	-4	
289	294	2	
289	295	-2	
288	295	2	
472	476	4	
483	484	-3	
478	486	2	
54	62	3	
58	62	-1	
55	63	-4	
48	55	-2	
338	340	-2	
339	342	-3	
337	342	1	
337	341	4	
338	341	-2	
369	373	-2	
370	373	4	
434	436	-4	
433	436	-1	
369	433	2	
506	508	-1	
506	509	-2	
507	509	2	
505	510	2	
312	316	-3	
313	318	-3	
315	319	-2	
312	319	3	
282	285	-2	
283	285	4	
281	287	3	
281	286	1	
282	286	2	
8	12	-3	
9	12	1	
11	15	-2	
396	404	1	
403	405	-1	
397	405	-1	
393	397	-2	
153	157	-3	
155	157	2	
155	219	1	
217	220	-1	
153	217	1	
104	109	3	
106	109	-3	
106	111	-4	
105	111	-4	
105	110	2	
104	110	4	
64	68	-3	
68	76	3	
72	76	-1	
72	77	-2	
69	77	3	
64	69	4	
464	468	4	
466	469	3	
467	469	2	
467	470	2	
464	470	-3	
134	142	-2	
136	142	-3	
136	143	2	
135	143	2	
131	135	2	
116	124	2	
123	124	-3	
123	127	-3	
119	127	4	
169	175	4	
169	233	2	
232	237	-3	
168	232	-2	
437	445	-1	
443	445	-2	
443	447	-3	
439	447	1	
432	439	3	
493	501	-1	
497	501	-5	
497	503	-1	
495	503	2	
491	495	-2	
416	422	-1	
418	482	-3	
482	487	2	
416	480	2	
240	245	-3	
248	253	4	
247	255	3	
324	332	-2	
330	334	-2	
326	334	1	
323	326	2	
27	30	1	
27	91	3	
88	93	-2	
24	88	3	
160	167	3	
162	226	2	
224	229	-2	
160	224	-3	
201	204	-4	
202	266	-1	
266	270	2	
201	265	-1	
73	79	-2	
74	79	-2	
74	138	-1	
73	137	-2	
299	300	-1	
300	308	3	
305	308	3	
305	309	-1	
301	309	-3	
179	180	-1	
184	188	-3	
184	189	-3	
3	6	3	
410	412	-3	
412	420	2	
413	421	1	
410	413	-1	
390	398	-4	
393	398	-2	
391	399	-3	
384	391	-2	
19	22	2	
19	83	-2	
83	84	2	
82	84	2	
18	82	-2	
364	372	-1	
371	372	-3	
363	367	3	
145	151	-3	
145	209	1	
208	214	2	
66	70	-2	
130	133	-3	
65	129	-2	
336	343	-2	
338	402	-1	
336	400	-1	
475	476	2	
475	477	4	
473	477	-2	
474	479	-2	
346	348	-2	
347	350	-4	
344	350	1	
344	349	-5	
58	60	-2	
59	60	-3	
57	62	-3	
57	61	2	
272	276	3	
275	276	-3	
275	277	-2	
274	277	-4	
274	278	-3	
457	460	-2	
459	460	-3	
459	461	2	
458	461	1	
458	462	4	
457	462	-2	
80	85	2	
89	93	-1	
205	213	2	
207	215	-2	
200	207	3	
372	380	2	
379	380	1	
379	382	-4	
374	382	3	
371	374	-3	
178	183	2	
177	183	-2	
296	302	1	
302	310	-2	
305	311	2	
303	311	-2	
357	365	2	
361	365	2	
361	367	-1	
359	367	-1	
354	359	2	
432	438	-2	
434	438	2	
434	498	-2	
498	503	3	
432	496	-2	
157	165	-1	
162	165	-1	
162	166	1	
158	166	-1	
115	117	-1	
117	125	-2	
120	126	-1	
118	126	2	
115	118	4	
401	404	2	
401	465	-2	
400	464	-2	
226	228	-3	
228	236	-2	
233	236	-2	
264	268	2	
258	263	3	
145	148	-4	
146	149	3	
147	149	3	
217	222	3	
217	281	2	
280	287	2	
216	280	2	
184	191	-2	
186	250	-3	
248	254	-4	
35	36	-2	
40	44	4	
427	431	-2	
427	491	2	
490	493	3	
322	326	2	
322	386	1	
385	388	-3	
321	385	1	
440	446	2	
442	446	4	
100	108	1	
107	108	-3	
102	110	-2	
96	102	3	
10	74	-3	
74	78	-1	
9	73	2	
130	132	-2	
131	132	-3	
131	195	-1	
130	194	2	
17	22	3	
26	30	-4	
17	23	-2	
290	293	-2	
267	270	-1	
331	334	1	
265	329	3	
409	413	-3	
409	414	2	
448	453	3	
450	455	-2	
450	454	-3	
241	244	-3	
242	245	1	
243	245	2	
171	172	-2	
170	174	-4	
417	422	-2	
482	486	1	
417	481	-3	
50	52	1	
49	54	-1	
315	316	-1	
313	317	-2	
273	279	-1	
275	339	-3	
339	341	3	
75	77	1	
161	164	-2	
168	172	3	
168	173	-2	
165	173	-2	
306	310	-3	
306	370	-2	
368	373	3	
220	228	1	
203	204	1	
204	212	-1	
206	214	1	
185	189	2	
251	255	3	
443	507	1	
441	505	-1	
481	485	-1	
479	487	1	
91	94	2	
25	89	2	
352	356	-2	
355	358	-2	
353	359	-1	
322	324	-3	
330	335	1	
34	37	-2	
18	20	-3	
82	85	-2	
499	501	1	
498	502	2	
234	237	-3	
298	300	2	
296	300	2	
195	196	2	
195	259	-1	
257	261	1	
193	257	1	
133	141	-2	
137	141	-3	
129	134	1	
384	388	-3	
388	396	-2	
394	396	-2	
389	397	-3	
384	389	2	
425	431	2	
425	489	-1	
90	154	-1	
152	158	2	
88	152	-1	
59	123	1	
1	4	2	
4	12	1	
6	14	1	
369	374	2	
378	383	-2	
375	383	-1	
369	375	3	
347	349	3	
345	350	2	
408	412	-2	
411	414	2	
410	414	-2	
465	468	2	
416	420	-4	
419	483	-2	
480	484	2	
387	390	2	
392	399	-1	
387	391	-3	
178	180	3	
179	183	-3	
70	78	-2	
72	78	2	
71	79	-2	
163	167	2	
227	229	3	
454	462	2	
455	463	-1	
433	437	-3	
435	437	2	
43	45	-2	
202	205	-2	
209	215	-3	
299	303	-1	
299	363	-3	
363	365	1	
112	116	2	
148	156	-2	
151	159	2	
235	238	3	
238	246	1	
241	247	2	
259	262	-3	
323	325	2	
320	325	2	
16	21	2	
80	84	-3	
309	317	2	
310	318	-1	
307	310	1	
53	61	4	
56	63	-2	
218	282	-1	
332	340	3	
336	340	2	
328	334	-2	
128	192	2	
441	444	-1	
443	444	2	
3	4	2	
2	5	2	
290	292	3	
290	294	-1	
291	293	1	
42	44	-2	
41	46	1	
41	47	2	
40	47	-2	
185	188	1	
10	14	-2	
9	14	1	
8	15	3	
98	103	-2	
99	102	-2	
475	478	3	
473	478	-1	
472	479	2	
456	463	-2	
425	428	-2	
427	430	-3	
426	429	2	
488	493	-1	
490	494	-1	
489	495	-2	
400	405	2	
402	405	-1	
403	407	3	
507	511	-2	
139	143	1	
138	142	2	
377	380	2	
297	303	-2	
266	330	2	
330	333	2	
196	204	2	
80	86	2	
80	144	1	
212	220	-2	
219	222	-3	
214	222	-1	
211	214	-1	
434	439	-1	
49	113	-1	
112	117	-2	
48	112	1	
448	452	2	
67	68	2	
67	131	-1	
121	125	2	
337	340	2	
338	342	-2	
155	156	-1	
232	238	1	
354	358	2	
344	348	-2	
347	351	-2	
274	279	2	
282	287	-1	
280	285	-1	
315	317	1	
312	318	1	
314	319	1	
77	85	2	
81	86	-2	
78	86	-2	
328	333	-2	
323	327	3	
483	487	-2	
480	486	2	
370	372	1	
368	375	-1	
402	404	-1	
403	467	2	
466	471	-2	
402	466	-2	
17	21	-2	
16	22	2	
89	92	-2	
90	93	1	
258	322	2	
321	324	-2	
257	321	-3	
221	229	-1	
225	229	-1	
307	308	-2	
241	305	-1	
394	458	2	
392	456	1	
11	13	-1	
11	75	-2	
59	61	3	
465	469	-1	
469	477	2	
470	478	-2	
114	119	1	
64	70	1	
163	164	-1	
160	165	-2	
491	494	3	
97	103	1	
24	28	-1	
26	90	2	
41	105	1	
251	253	2	
251	254	-2	
249	254	-2	
195	197	-2	
194	198	-1	
193	199	2	
209	212	1	
210	213	-2	
208	213	-2	
149	157	2	
150	158	-2	
506	510	-2	
440	445	-1	
130	134	1	
273	278	2	
138	202	-3	
137	201	-2	
240	246	-1	
304	309	-1	
240	304	-1	
8	72	1	
351	359	-1	
314	316	-1	
313	377	-3	
484	492	-2	
490	492	-2	
485	493	2	
218	222	-1	
218	223	2	
19	20	-2	
27	28	-1	
411	413	-1	
407	415	-1	
401	407	-1	
460	468	-1	
462	470	-1	
331	332	2	
335	343	2	
173	181	2	
176	181	-1	
175	183	-2	
171	175	1	
177	180	1	
186	190	2	
52	60	-1	
233	239	-1	
233	297	-2	
296	301	-2	
376	382	-2	
376	440	-1	
266	271	-2	
449	453	-2	
139	203	-2	
136	200	1	
82	87	2	
424	429	1	
42	45	-1	
329	393	2	
50	54	2	
129	193	1	
497	500	-1	
500	508	-2	
501	509	2	
210	274	1	
209	273	1	
242	247	1	
356	364	1	
26	29	-1	
24	31	1	
265	268	2	
267	268	1	
265	269	1	
295	303	1	
219	283	1	
283	284	1	
386	390	2	
103	111	1	
216	220	-2	
429	437	2	
431	439	2	
288	352	-1	
315	379	2	
88	94	-2	
272	336	-2	
108	116	-1	
113	116	2	
109	117	1	
432	436	-1	
35	39	-1	
35	99	2	
231	239	-1	
146	151	-1	
186	189	1	
362	426	-1	
280	286	2	
286	294	-1	
287	295	-1	
451	454	-1	
504	508	2	
505	511	-1	
129	135	1	
178	182	-1	
144	148	1	
32	96	1	
224	228	-1	
281	345	-1	
128	133	-1	
12	20	1	
14	22	-1	
264	270	-1	
371	435	1	
433	438	1	
0	6	1	
202	206	1	
487	495	-1	
91	95	-2	
355	357	-1	
83	85	1	
79	87	-1	
178	242	1	
176	240	-1	
235	237	1	
436	444	1	
438	446	1	
486	494	1	
106	108	1	
471	479	-1	
418	420	-1	
414	422	1	
213	221	1	
76	84	-1	
227	291	-1	
226	290	1	
51	115	-1	
50	114	-1	
33	38	1	
342	350	1	
244	252	-1	
225	230	1	
225	289	1	
224	288	-1	
201	207	-1	
199	207	-1	
154	159	1	
153	158	1	
502	510	1	
503	511	-1	
167	175	-1	
232	236	1	
28	36	-1	
29	37	1	
404	412	1	
49	55	-1	
92	100	1	
95	103	-1	
468	476	1	
472	477	1	
208	215	-1	
275	278	-1	
393	457	1	
481	484	1	
Energy:	-2112	
