NumberOfQubits	504	
NumberOfSubgraphs	756	
Serial	333	
PlantedSolution:	
0	-1	
1	1	
2	-1	
3	-1	
4	-1	
5	-1	
6	-1	
8	-1	
9	-1	
10	-1	
11	-1	
12	-1	
13	1	
14	1	
15	-1	
16	1	
17	1	
18	1	
19	1	
20	1	
21	-1	
22	-1	
23	1	
24	-1	
25	1	
26	1	
27	1	
28	-1	
29	1	
30	1	
31	1	
32	1	
33	-1	
34	1	
35	1	
36	-1	
37	-1	
38	-1	
39	-1	
40	1	
41	-1	
42	1	
43	1	
44	1	
45	1	
46	-1	
47	-1	
48	1	
49	-1	
50	1	
51	1	
52	1	
53	-1	
54	-1	
55	1	
56	1	
57	-1	
58	-1	
59	1	
60	1	
61	-1	
62	-1	
63	-1	
64	-1	
65	1	
66	1	
67	-1	
68	-1	
69	-1	
70	1	
71	-1	
72	-1	
73	1	
74	-1	
75	-1	
76	-1	
77	1	
78	-1	
79	-1	
80	1	
81	-1	
82	-1	
83	-1	
84	-1	
85	-1	
86	-1	
87	1	
88	1	
89	-1	
90	1	
91	-1	
92	-1	
93	1	
94	1	
95	1	
96	-1	
97	-1	
98	1	
99	-1	
100	1	
101	-1	
102	-1	
103	-1	
104	1	
105	1	
106	-1	
107	1	
108	-1	
109	1	
110	1	
111	1	
112	1	
113	-1	
114	-1	
115	-1	
116	-1	
117	-1	
118	1	
119	-1	
120	-1	
121	1	
123	1	
124	-1	
125	1	
126	-1	
127	1	
128	1	
129	1	
130	1	
131	-1	
132	-1	
133	-1	
134	-1	
135	1	
136	-1	
137	-1	
138	1	
139	1	
141	-1	
142	-1	
143	1	
144	1	
145	1	
146	-1	
147	-1	
148	-1	
149	-1	
150	-1	
151	1	
152	1	
153	1	
154	1	
155	1	
156	1	
157	-1	
158	-1	
159	-1	
160	1	
161	1	
162	-1	
163	-1	
164	1	
165	1	
166	1	
167	1	
168	1	
169	-1	
170	1	
171	1	
172	-1	
173	1	
174	1	
175	1	
176	1	
177	1	
178	1	
179	1	
180	-1	
181	1	
182	1	
183	-1	
184	-1	
185	-1	
186	1	
187	1	
188	1	
189	1	
190	1	
191	-1	
192	1	
193	1	
194	1	
195	1	
196	1	
197	-1	
198	-1	
199	-1	
200	-1	
201	-1	
202	-1	
203	-1	
204	-1	
205	-1	
206	-1	
207	1	
208	1	
209	-1	
210	-1	
211	-1	
212	-1	
213	1	
214	-1	
215	-1	
216	1	
217	-1	
218	-1	
219	-1	
220	-1	
221	-1	
222	1	
223	1	
224	1	
225	1	
226	-1	
227	-1	
228	-1	
229	1	
230	1	
231	-1	
232	-1	
233	1	
234	-1	
235	1	
236	-1	
237	-1	
238	-1	
239	1	
240	-1	
241	1	
242	1	
243	1	
244	-1	
245	1	
246	-1	
247	1	
248	1	
249	-1	
250	-1	
251	1	
252	1	
253	-1	
254	1	
255	-1	
256	-1	
257	1	
258	-1	
259	-1	
260	1	
261	1	
262	-1	
263	1	
264	1	
265	1	
266	-1	
267	1	
268	1	
269	-1	
270	1	
271	1	
272	1	
273	-1	
274	-1	
275	1	
276	1	
277	-1	
278	-1	
279	1	
280	1	
281	1	
282	-1	
283	-1	
284	1	
285	-1	
286	-1	
287	1	
288	-1	
289	-1	
290	-1	
291	-1	
292	-1	
293	-1	
294	1	
295	-1	
296	-1	
297	-1	
298	-1	
299	-1	
300	1	
301	1	
302	-1	
303	1	
304	-1	
305	1	
306	1	
307	-1	
308	1	
309	1	
310	-1	
311	1	
312	-1	
313	1	
314	-1	
315	-1	
316	1	
317	-1	
318	-1	
319	-1	
320	1	
321	-1	
322	1	
323	-1	
324	-1	
325	-1	
326	1	
327	1	
328	1	
329	1	
330	1	
331	-1	
332	1	
333	1	
334	1	
335	-1	
336	-1	
337	-1	
338	-1	
339	-1	
340	-1	
341	-1	
342	-1	
343	1	
344	-1	
345	1	
346	1	
347	1	
348	1	
349	1	
350	1	
351	1	
352	1	
353	-1	
354	1	
355	1	
356	-1	
357	1	
358	-1	
359	-1	
361	1	
362	-1	
363	1	
364	-1	
365	1	
367	-1	
368	-1	
369	-1	
370	1	
371	-1	
372	1	
373	-1	
374	1	
375	1	
376	1	
377	1	
378	1	
379	1	
380	-1	
382	-1	
383	-1	
384	-1	
385	1	
386	-1	
387	1	
388	1	
389	-1	
390	-1	
391	-1	
392	-1	
393	-1	
394	-1	
396	1	
397	-1	
398	-1	
399	1	
400	-1	
401	-1	
402	-1	
403	-1	
404	-1	
405	-1	
406	1	
407	-1	
408	1	
409	1	
410	1	
411	1	
412	-1	
413	1	
414	1	
415	-1	
416	1	
417	1	
418	-1	
419	1	
420	1	
421	1	
422	-1	
424	-1	
425	-1	
426	-1	
427	1	
428	1	
429	1	
430	-1	
431	1	
432	1	
433	1	
434	1	
435	-1	
436	-1	
437	1	
438	-1	
439	1	
440	1	
441	-1	
442	1	
443	1	
444	-1	
445	1	
446	1	
447	-1	
448	-1	
449	-1	
450	-1	
451	1	
452	1	
453	1	
454	1	
455	-1	
456	-1	
457	-1	
458	-1	
459	-1	
460	1	
461	-1	
462	-1	
463	1	
464	-1	
465	1	
466	-1	
467	1	
468	-1	
469	1	
470	1	
471	-1	
472	1	
473	-1	
474	1	
475	-1	
476	-1	
477	1	
478	1	
479	-1	
480	1	
481	1	
482	-1	
483	1	
484	-1	
485	-1	
486	1	
487	-1	
488	-1	
489	1	
490	1	
491	1	
492	-1	
493	1	
494	-1	
495	1	
496	-1	
497	-1	
498	1	
499	-1	
500	1	
501	-1	
502	-1	
503	-1	
504	1	
505	-1	
506	1	
507	1	
508	1	
509	1	
510	1	
511	1	
Js:	
176	180	4	
178	180	6	
178	182	-3	
179	182	5	
179	181	-5	
176	181	-3	
128	133	5	
131	133	-4	
131	195	2	
195	196	-4	
192	196	-6	
128	192	-2	
24	28	-5	
26	28	4	
26	30	-3	
27	30	-6	
27	29	-6	
24	29	3	
280	284	-3	
282	284	-3	
282	346	4	
346	351	-3	
344	351	4	
280	344	3	
8	12	-5	
10	12	-3	
10	14	4	
11	14	5	
11	13	2	
8	13	4	
298	300	3	
299	300	4	
299	303	5	
297	303	3	
297	301	4	
298	301	7	
506	508	-4	
507	508	2	
507	510	-5	
505	510	4	
505	509	4	
506	509	-5	
432	436	4	
434	436	4	
434	498	-4	
498	502	5	
496	502	-4	
432	496	3	
305	309	-4	
307	309	3	
307	310	-4	
306	310	6	
306	311	2	
305	311	-4	
161	164	3	
163	164	6	
163	165	2	
160	165	-5	
160	166	-4	
161	166	-3	
225	228	4	
227	228	-4	
227	291	2	
291	293	-3	
289	293	-2	
225	289	2	
386	389	-5	
387	389	3	
387	390	5	
384	390	2	
384	391	-5	
386	391	-1	
97	100	4	
100	108	4	
105	108	7	
105	110	-1	
102	110	-2	
97	102	-6	
328	332	-5	
330	332	-3	
330	333	-5	
329	333	-6	
329	334	-4	
328	334	3	
266	268	4	
268	276	-4	
272	276	-4	
272	278	4	
270	278	-3	
266	270	5	
377	380	-3	
379	380	4	
379	382	5	
376	382	5	
376	383	4	
377	383	7	
33	36	3	
35	36	4	
35	39	4	
32	39	4	
32	38	5	
33	38	-4	
168	175	2	
170	175	-5	
170	234	3	
234	238	-4	
232	238	-4	
168	232	2	
473	476	-5	
476	484	-2	
481	484	3	
481	485	4	
477	485	2	
473	477	3	
138	141	4	
139	141	2	
139	142	5	
136	142	-4	
136	143	-3	
138	143	-5	
145	148	6	
148	156	-3	
154	156	-6	
154	158	2	
150	158	-4	
145	150	4	
83	84	-4	
84	92	-2	
89	92	-3	
89	93	5	
85	93	-2	
83	85	-4	
362	364	-6	
363	364	-4	
363	365	-7	
361	365	-5	
361	367	5	
362	367	-5	
74	78	-4	
78	86	-3	
81	86	-5	
81	87	-4	
79	87	2	
74	79	-3	
184	191	-4	
185	191	-4	
185	249	-4	
249	252	4	
248	252	-4	
184	248	4	
113	116	-4	
115	116	-5	
115	118	5	
114	118	4	
114	117	-5	
113	117	2	
368	372	7	
369	372	-2	
369	373	-5	
370	373	3	
370	374	-6	
368	374	2	
394	398	-2	
398	406	3	
402	406	4	
402	407	-4	
399	407	2	
394	399	6	
64	69	-5	
67	69	-2	
67	70	7	
65	70	-3	
65	71	3	
64	71	-5	
440	444	3	
442	444	2	
442	446	3	
441	446	3	
441	447	-5	
440	447	4	
56	60	-8	
58	60	-4	
58	63	-4	
59	63	4	
59	62	4	
56	62	5	
209	212	-3	
210	212	-5	
210	214	3	
208	214	5	
208	215	2	
209	215	-5	
312	317	-2	
313	317	6	
313	319	5	
314	319	-4	
314	318	-5	
312	318	-5	
240	245	4	
242	245	-3	
242	246	4	
241	246	4	
241	247	4	
240	247	4	
426	429	7	
429	437	2	
433	437	-2	
433	439	-4	
431	439	-2	
426	431	4	
256	261	4	
257	261	-3	
257	262	2	
259	262	-6	
259	263	3	
256	263	4	
320	324	5	
321	324	-5	
321	326	-2	
322	326	-3	
322	325	5	
320	325	1	
467	470	-4	
470	478	-2	
472	478	-6	
472	479	-3	
471	479	-4	
467	471	3	
489	492	4	
491	492	-3	
491	494	5	
488	494	-5	
488	495	3	
489	495	-2	
347	348	-3	
348	356	1	
354	356	5	
354	358	3	
350	358	-4	
347	350	-2	
409	412	6	
411	412	2	
411	414	-4	
408	414	-5	
408	413	-4	
409	413	-4	
449	452	6	
450	452	5	
450	454	5	
448	454	4	
448	453	6	
449	453	5	
217	221	-5	
221	229	3	
224	229	-7	
224	230	-4	
222	230	3	
217	222	3	
193	197	-2	
197	205	-5	
202	205	-3	
202	206	-3	
198	206	-3	
193	198	5	
18	20	-3	
19	20	-3	
19	22	5	
17	22	3	
17	21	3	
18	21	-6	
274	277	2	
275	277	6	
275	339	2	
339	340	-3	
338	340	-4	
274	338	-3	
186	189	-3	
187	189	-4	
187	251	-3	
251	254	-5	
250	254	4	
186	250	5	
49	52	4	
51	52	3	
51	54	4	
48	54	7	
48	53	5	
49	53	-1	
41	44	4	
42	44	-4	
42	46	-2	
40	46	5	
40	47	4	
41	47	-4	
457	461	-5	
458	461	-5	
458	462	-3	
459	462	5	
459	463	5	
457	463	6	
416	420	-4	
420	428	-2	
424	428	3	
424	430	3	
422	430	-4	
416	422	4	
400	405	-5	
401	405	-2	
401	465	3	
465	468	3	
464	468	-5	
400	464	3	
1	4	5	
3	4	-4	
3	6	4	
0	6	-3	
0	5	-4	
1	5	4	
169	172	2	
171	172	6	
171	235	-1	
235	236	5	
233	236	4	
169	233	2	
121	125	-3	
123	125	-3	
123	127	-6	
120	127	5	
120	126	-6	
121	126	-5	
201	204	-6	
203	204	-2	
203	267	-1	
267	271	-4	
265	271	-4	
201	265	2	
146	149	-4	
149	157	-2	
153	157	-3	
153	159	6	
151	159	3	
146	151	3	
98	101	4	
101	109	-2	
104	109	-3	
104	111	-2	
103	111	4	
98	103	6	
281	286	3	
286	294	3	
290	294	4	
290	295	2	
287	295	3	
281	287	-4	
418	421	5	
419	421	-5	
419	483	-5	
483	486	-5	
482	486	3	
418	482	-6	
128	132	4	
129	132	4	
129	135	4	
130	135	-5	
130	134	4	
128	134	1	
497	500	4	
500	508	-3	
504	508	-4	
504	511	-4	
503	511	-3	
497	503	-3	
336	341	-4	
339	341	-5	
339	342	-5	
337	342	-3	
337	343	3	
336	343	4	
216	223	-4	
219	223	4	
219	283	-1	
283	285	-7	
280	285	4	
216	280	1	
88	95	-6	
91	95	3	
91	155	2	
155	157	3	
152	157	5	
88	152	2	
66	68	4	
68	76	-5	
73	76	2	
73	77	-3	
69	77	-2	
66	69	4	
392	396	4	
396	404	3	
403	404	-4	
403	405	-3	
397	405	-2	
392	397	-5	
345	349	-3	
349	357	-3	
353	357	2	
353	359	-3	
351	359	2	
345	351	-3	
193	199	5	
194	199	3	
194	258	4	
258	260	-2	
257	260	-5	
193	257	-4	
410	415	3	
411	415	4	
411	475	4	
475	477	4	
474	477	-4	
410	474	5	
161	167	-5	
162	167	3	
162	226	-4	
226	231	4	
225	231	3	
161	225	-5	
42	45	-4	
43	45	-4	
43	107	-3	
107	111	-2	
106	111	5	
42	106	-4	
200	207	4	
202	207	-5	
202	266	-1	
266	269	-4	
264	269	6	
200	264	2	
9	12	-4	
12	20	3	
16	20	-3	
16	23	5	
15	23	3	
9	15	-3	
144	149	3	
147	149	-5	
147	211	3	
211	213	4	
208	213	-4	
144	208	-2	
25	31	-6	
26	31	-5	
26	90	4	
90	94	-5	
89	94	3	
25	89	4	
451	452	-4	
452	460	-2	
456	460	6	
456	463	3	
455	463	-2	
451	455	5	
480	485	-2	
485	493	3	
490	493	-4	
490	495	-4	
487	495	5	
480	487	5	
288	292	-3	
291	292	-4	
291	355	2	
355	357	-4	
352	357	2	
288	352	3	
112	119	5	
113	119	-3	
113	177	-2	
177	183	3	
176	183	4	
112	176	-3	
323	326	6	
326	334	4	
331	334	3	
331	335	-5	
327	335	4	
323	327	2	
435	437	3	
437	445	-4	
443	445	-4	
443	446	-3	
438	446	4	
435	438	3	
296	300	5	
300	308	-1	
304	308	4	
304	310	-4	
302	310	1	
296	302	-3	
50	53	-2	
53	61	-4	
57	61	-4	
57	63	-4	
55	63	3	
50	55	-3	
34	37	-3	
35	37	5	
35	99	3	
99	101	-4	
34	98	-4	
243	244	4	
244	252	5	
249	253	-5	
245	253	-3	
243	245	-5	
314	316	5	
315	316	-4	
315	379	2	
378	382	2	
314	378	1	
385	388	-5	
388	396	-4	
393	396	5	
393	398	5	
390	398	-3	
385	390	4	
466	468	-4	
466	469	4	
467	469	-4	
465	471	5	
216	220	5	
219	220	-5	
219	221	-3	
218	221	-4	
218	223	4	
72	78	-2	
73	78	-4	
73	137	4	
137	142	-3	
72	136	-4	
272	279	-4	
273	279	3	
273	337	-2	
337	341	-4	
272	336	-3	
425	428	5	
427	428	-6	
427	431	-2	
424	431	4	
424	429	4	
425	429	2	
177	180	5	
180	188	2	
185	188	-4	
185	190	3	
182	190	-5	
177	182	-3	
233	237	5	
234	237	-3	
234	239	4	
235	239	-4	
235	238	-3	
233	238	4	
496	501	-5	
498	501	2	
498	503	5	
499	503	-3	
499	502	-5	
165	173	-4	
168	173	-4	
168	174	-3	
166	174	-4	
371	373	-4	
371	374	-4	
370	375	-3	
369	375	5	
80	84	4	
82	84	-5	
82	87	4	
83	87	2	
83	86	3	
80	86	5	
8	14	4	
11	75	-2	
75	77	3	
72	77	3	
8	72	2	
354	359	3	
354	418	2	
417	421	-3	
353	417	-3	
246	254	4	
250	255	-5	
247	255	4	
3	5	-6	
2	5	-3	
2	6	-7	
1	6	-4	
112	116	2	
116	124	-5	
123	124	5	
119	127	5	
32	37	3	
33	37	-3	
33	97	-3	
96	102	-3	
32	96	4	
441	444	3	
443	444	5	
443	507	-2	
507	511	-4	
505	511	5	
441	505	-2	
288	294	2	
294	302	4	
297	302	4	
295	303	2	
288	295	-4	
392	399	3	
393	399	4	
393	457	-2	
456	461	-2	
392	456	2	
344	350	4	
346	350	1	
346	410	-2	
410	414	-3	
344	408	1	
209	213	3	
211	275	-3	
273	277	-6	
209	273	-3	
144	150	-4	
155	158	3	
155	159	3	
144	151	-4	
435	436	-5	
433	438	4	
432	439	-4	
200	204	-3	
201	206	-4	
203	206	-4	
203	205	-4	
200	205	2	
107	108	5	
107	171	-3	
171	174	-2	
169	174	5	
105	169	-2	
195	259	1	
259	260	4	
256	260	-3	
192	256	1	
264	268	-3	
267	268	-4	
267	331	4	
331	332	5	
264	328	5	
226	228	-4	
227	231	-5	
224	231	2	
226	229	3	
321	325	4	
325	333	3	
330	335	3	
321	327	5	
50	52	-5	
51	55	-5	
48	55	-2	
50	54	2	
65	68	4	
66	130	-2	
65	129	-2	
25	28	-2	
27	28	4	
24	30	3	
25	30	-3	
307	308	3	
307	311	3	
304	309	-4	
218	222	4	
218	282	-2	
282	287	5	
217	281	2	
88	93	3	
91	93	4	
91	94	3	
90	95	-4	
184	188	2	
187	188	-5	
187	190	1	
186	190	-4	
184	189	5	
488	492	-4	
489	493	4	
491	493	-4	
361	364	4	
364	372	-1	
368	375	3	
367	375	3	
480	484	5	
481	487	-3	
483	487	3	
480	486	-2	
384	388	3	
386	388	4	
385	389	4	
385	391	3	
449	454	-4	
450	455	-4	
448	455	-4	
57	60	2	
57	62	-4	
58	62	-5	
58	61	-5	
56	61	2	
248	253	4	
251	253	5	
251	315	2	
312	316	5	
248	312	2	
19	21	2	
17	23	-3	
18	23	-2	
40	44	-3	
43	44	-4	
41	45	3	
41	46	-4	
401	404	-5	
403	406	6	
400	406	3	
400	407	-4	
401	407	-4	
474	476	4	
475	476	-2	
475	478	4	
473	478	3	
473	479	3	
474	479	4	
74	76	-2	
75	76	-5	
75	139	4	
139	143	-5	
74	138	-4	
283	284	3	
284	292	-2	
290	292	-5	
290	293	-5	
285	293	-4	
115	117	2	
117	125	4	
120	125	6	
118	126	4	
170	173	2	
173	181	-2	
179	183	5	
175	183	2	
440	445	-3	
442	445	-5	
442	506	2	
504	509	-4	
440	504	-2	
81	85	3	
82	85	-4	
82	146	-2	
146	148	-3	
81	145	3	
265	270	-5	
274	278	-5	
274	279	3	
271	279	-4	
352	356	-2	
355	356	3	
355	419	-2	
419	422	4	
352	416	-3	
362	365	3	
363	427	-2	
427	430	5	
426	430	-4	
362	426	1	
256	262	-4	
258	262	-4	
258	322	1	
322	324	5	
256	320	-2	
376	380	5	
378	380	4	
378	383	-5	
377	382	3	
345	348	4	
347	411	-2	
409	415	3	
345	409	-1	
459	460	4	
460	468	2	
464	470	1	
462	470	2	
232	239	4	
234	298	2	
296	301	3	
232	296	-3	
133	141	-2	
137	141	-6	
134	142	-4	
131	134	-5	
99	103	-5	
99	163	-4	
162	164	3	
98	162	-1	
64	68	3	
67	71	-4	
496	500	4	
499	500	-5	
497	502	-3	
497	501	-4	
194	197	4	
195	197	3	
195	199	2	
194	198	-3	
106	109	5	
109	117	3	
110	118	-2	
106	110	4	
211	212	-2	
211	214	-4	
210	215	-4	
153	156	2	
154	157	3	
152	158	4	
153	158	3	
32	36	-2	
34	36	5	
34	39	3	
33	39	-5	
314	317	-2	
315	319	-4	
315	318	-2	
313	318	-2	
9	13	-4	
10	13	5	
10	15	-4	
8	15	-3	
9	14	3	
242	244	-2	
242	247	-4	
337	340	-4	
338	342	-2	
339	343	3	
410	412	3	
412	420	2	
417	420	-5	
413	421	2	
410	413	-2	
91	92	-4	
92	100	4	
96	100	5	
94	102	3	
258	261	-5	
261	269	3	
265	269	3	
263	271	-3	
258	263	4	
393	397	-3	
394	397	-4	
394	458	-2	
402	404	-3	
402	466	-3	
465	469	3	
59	123	-2	
121	124	5	
57	121	2	
232	236	-3	
235	237	6	
160	164	-3	
164	172	2	
171	175	4	
167	175	-2	
160	167	-3	
306	309	-2	
307	371	-2	
306	370	-3	
282	286	-3	
289	294	3	
289	295	4	
186	191	-3	
248	255	3	
44	52	2	
49	55	5	
47	55	2	
42	47	4	
425	431	4	
426	490	-3	
490	492	4	
425	489	5	
354	357	-4	
345	350	-4	
320	327	-6	
323	387	-2	
384	389	-4	
320	384	1	
472	476	3	
482	484	3	
478	486	-2	
16	21	2	
18	82	2	
80	87	-3	
16	80	-5	
0	4	-5	
2	4	-3	
504	510	-4	
220	228	-2	
224	228	2	
219	222	3	
274	276	4	
273	278	-3	
147	148	-3	
147	151	5	
146	150	-4	
451	453	-4	
41	105	-3	
105	109	-2	
40	104	-4	
75	79	-2	
432	437	-4	
434	437	-3	
434	439	2	
432	438	2	
178	183	1	
176	182	-2	
202	204	-4	
200	206	-3	
299	301	-2	
296	303	4	
329	332	-2	
328	335	3	
90	93	-2	
130	132	4	
128	135	-5	
129	133	-5	
353	356	-4	
355	359	3	
352	359	5	
352	358	3	
353	358	-4	
267	270	2	
267	269	3	
403	467	3	
466	470	5	
28	36	3	
31	39	1	
24	31	5	
363	367	3	
361	425	-1	
99	100	1	
106	108	1	
17	20	-4	
19	83	4	
17	81	3	
121	127	2	
115	119	-4	
225	230	-3	
227	230	4	
289	292	-3	
408	412	3	
409	473	4	
472	477	3	
408	472	-3	
154	159	-2	
154	218	3	
153	217	4	
11	12	-2	
11	15	-5	
379	383	3	
379	443	-4	
378	442	-4	
491	495	-4	
322	386	3	
386	390	-4	
321	385	2	
340	348	2	
347	351	-5	
343	351	1	
338	343	6	
458	463	2	
240	244	-3	
251	252	1	
240	246	-2	
498	500	-2	
499	501	-4	
281	285	3	
280	286	4	
29	37	1	
34	38	3	
30	38	3	
162	165	3	
169	173	4	
162	166	4	
306	308	-3	
308	316	4	
310	318	-4	
371	372	4	
371	375	-3	
368	373	-4	
205	213	3	
210	213	3	
207	215	3	
203	207	3	
45	53	2	
46	54	2	
43	46	4	
66	70	-3	
59	60	5	
59	61	3	
257	263	-4	
506	510	3	
507	509	-3	
387	391	4	
387	451	-2	
384	448	-3	
418	420	3	
416	480	-4	
155	156	-5	
152	156	-3	
309	317	4	
311	319	4	
304	311	4	
72	79	-4	
73	79	3	
136	141	3	
464	469	-3	
469	477	-2	
475	479	-4	
464	471	-4	
195	198	6	
192	197	4	
177	181	-2	
178	181	2	
178	242	-5	
177	241	-3	
226	290	-1	
288	293	3	
224	288	1	
323	325	-5	
104	110	-5	
107	110	-4	
168	172	5	
104	168	2	
490	494	3	
424	488	-4	
208	212	4	
212	220	-3	
216	222	3	
214	222	2	
405	413	4	
408	415	2	
407	415	4	
97	101	2	
163	167	4	
97	161	2	
341	349	-2	
344	349	3	
342	350	3	
336	342	-2	
50	114	4	
113	118	2	
49	113	-5	
299	302	-4	
299	363	2	
297	361	3	
141	149	1	
143	151	-2	
436	444	-3	
439	447	3	
435	439	3	
417	422	4	
481	486	-5	
417	481	-3	
131	132	-4	
129	134	4	
275	276	-3	
275	279	2	
232	237	-4	
394	396	2	
392	398	-3	
458	460	4	
459	461	-4	
112	117	4	
112	118	1	
187	191	4	
184	190	5	
409	414	-2	
227	229	-2	
223	231	2	
217	223	2	
74	77	5	
356	364	3	
357	365	-3	
96	101	-4	
93	101	-2	
434	438	-4	
243	247	1	
16	22	3	
305	308	-3	
369	374	3	
305	369	-2	
502	510	2	
496	503	-2	
170	174	-4	
163	166	1	
344	348	3	
346	348	-5	
346	349	3	
421	429	-2	
51	53	4	
49	54	3	
324	332	-1	
272	277	2	
336	340	-3	
64	70	2	
276	284	-2	
280	287	-3	
279	287	2	
25	29	-3	
215	223	-2	
37	45	-3	
39	47	-1	
298	303	3	
179	180	-1	
449	455	-3	
290	354	-1	
315	317	-4	
98	102	3	
95	103	-1	
492	500	-2	
493	501	3	
488	493	2	
400	404	-1	
425	430	1	
427	491	-2	
489	494	3	
77	85	2	
440	446	-5	
376	440	-3	
265	329	-3	
328	333	-1	
108	116	1	
111	119	2	
371	435	-1	
368	432	-1	
145	149	3	
209	214	-3	
145	209	1	
291	294	-2	
283	286	-4	
241	245	-3	
241	305	-2	
240	304	1	
482	487	2	
474	478	-1	
157	165	2	
159	167	3	
170	172	3	
186	188	-3	
249	254	2	
391	399	-3	
262	270	-2	
266	271	2	
457	462	-5	
275	278	2	
505	508	3	
137	143	1	
135	143	-2	
131	135	-2	
13	21	2	
199	207	2	
192	199	4	
411	413	-2	
403	407	-2	
155	219	-2	
2	66	3	
65	69	5	
1	65	-3	
181	189	-4	
389	397	-4	
297	300	4	
298	362	1	
243	307	-3	
242	306	-2	
230	238	2	
233	239	-3	
231	239	2	
72	76	-3	
76	84	-1	
82	86	1	
106	170	1	
169	175	3	
483	485	-3	
146	210	-2	
291	295	-3	
355	358	4	
289	353	-2	
88	92	-2	
88	94	-3	
130	194	-1	
259	261	3	
259	323	-1	
320	326	-3	
283	347	-2	
433	497	4	
313	377	-2	
312	376	1	
114	116	-1	
96	103	1	
333	341	2	
334	342	-1	
330	334	-3	
365	373	2	
414	422	2	
461	469	2	
463	471	2	
443	447	2	
14	22	2	
250	252	-2	
249	255	-2	
427	429	1	
450	453	3	
40	45	-2	
139	203	-2	
136	200	-4	
3	67	-4	
0	64	4	
123	126	1	
123	187	-1	
121	185	1	
501	509	2	
281	345	-3	
234	236	-2	
236	244	-2	
243	246	3	
238	246	1	
332	340	-2	
335	343	1	
193	196	-3	
194	196	-3	
89	95	3	
152	159	-1	
217	220	-2	
152	216	-3	
370	434	-1	
369	433	1	
211	215	-2	
292	300	1	
402	405	2	
465	470	-4	
20	28	2	
21	29	3	
265	268	1	
144	148	-3	
347	349	-4	
456	462	3	
454	462	2	
71	79	-4	
66	71	2	
323	324	-2	
322	327	1	
483	484	2	
176	240	-2	
196	204	-2	
228	236	-2	
229	237	-2	
281	284	-3	
372	380	2	
374	382	3	
48	52	-3	
114	119	1	
48	112	-1	
18	22	3	
22	30	2	
23	31	3	
96	160	-1	
359	367	-2	
401	406	2	
201	207	3	
137	201	-2	
426	428	-1	
416	421	-3	
331	333	1	
185	189	2	
51	115	2	
441	445	2	
377	441	3	
387	388	2	
451	454	-3	
305	310	1	
304	368	-1	
24	88	2	
163	227	1	
484	492	-3	
250	314	1	
64	128	-1	
468	476	-2	
183	191	3	
269	277	-1	
264	270	-3	
56	63	3	
506	511	-2	
329	335	2	
26	29	-2	
27	91	2	
90	92	3	
419	420	-2	
138	142	3	
138	202	2	
114	178	1	
467	468	2	
38	46	-1	
35	38	2	
433	436	-3	
435	499	-1	
67	68	-2	
67	131	1	
81	84	-2	
80	85	1	
301	309	1	
303	311	-1	
241	244	2	
260	268	2	
213	221	1	
216	221	2	
105	111	-3	
97	103	1	
120	124	1	
313	316	-2	
312	319	1	
282	285	1	
4	12	-1	
5	13	1	
404	412	-2	
406	414	2	
201	205	1	
293	301	-1	
298	302	-2	
158	166	-2	
482	485	-4	
70	78	3	
179	243	-2	
107	109	-3	
264	271	-1	
251	255	2	
248	254	1	
330	394	-2	
328	392	1	
370	372	-2	
130	133	2	
339	403	-2	
336	400	2	
494	502	1	
495	503	2	
239	247	1	
192	198	-1	
338	402	2	
337	401	-2	
99	102	-1	
43	47	3	
210	274	-1	
208	272	1	
171	173	-2	
19	23	-2	
375	383	1	
266	330	2	
104	108	2	
249	313	-1	
160	224	-2	
83	147	-1	
80	144	-2	
129	193	-1	
448	452	1	
486	494	-1	
75	78	-2	
9	73	2	
442	447	2	
338	341	1	
226	230	2	
142	150	-1	
147	150	-1	
145	151	1	
329	393	1	
86	94	1	
87	95	-1	
204	212	1	
36	44	1	
250	253	1	
428	436	1	
430	438	-1	
52	60	-1	
225	229	1	
273	276	-1	
283	287	1	
386	450	1	
206	214	-1	
218	220	1	
277	285	-1	
278	286	1	
156	164	1	
235	299	-1	
Energy:	-3330	
