NumberOfQubits	504	
NumberOfSubgraphs	420	
Serial	93	
PlantedSolution:	
0	1	
1	-1	
2	-1	
3	-1	
4	1	
5	1	
6	-1	
8	-1	
9	-1	
10	-1	
11	1	
12	1	
13	1	
14	-1	
15	1	
16	-1	
17	1	
18	-1	
19	1	
20	-1	
21	1	
22	-1	
23	-1	
24	-1	
25	-1	
26	-1	
27	-1	
28	-1	
29	1	
30	-1	
31	1	
32	1	
33	1	
34	1	
35	-1	
36	-1	
37	1	
38	1	
39	1	
40	1	
41	-1	
42	1	
43	1	
44	-1	
45	1	
46	1	
47	1	
48	-1	
49	1	
50	1	
51	1	
52	-1	
53	1	
54	1	
55	1	
56	-1	
57	-1	
58	1	
59	1	
60	1	
61	-1	
62	-1	
63	-1	
64	-1	
65	-1	
66	1	
67	-1	
68	1	
69	1	
70	-1	
71	-1	
72	1	
73	-1	
74	-1	
75	-1	
76	1	
77	-1	
78	-1	
79	-1	
80	-1	
81	-1	
82	-1	
83	-1	
84	1	
85	-1	
86	-1	
87	-1	
88	-1	
89	-1	
90	1	
91	-1	
92	-1	
93	1	
94	-1	
95	1	
96	1	
97	1	
98	-1	
99	1	
100	1	
101	1	
102	1	
103	-1	
104	-1	
105	1	
106	-1	
107	-1	
108	-1	
109	-1	
110	-1	
111	-1	
112	1	
113	-1	
114	-1	
115	1	
116	-1	
117	-1	
118	1	
119	-1	
120	-1	
121	-1	
123	-1	
124	-1	
125	-1	
126	-1	
127	1	
128	-1	
129	1	
130	-1	
131	-1	
132	-1	
133	-1	
134	1	
135	1	
136	1	
137	1	
138	-1	
139	-1	
141	1	
142	1	
143	1	
144	-1	
145	-1	
146	-1	
147	-1	
148	1	
149	1	
150	1	
151	-1	
152	-1	
153	-1	
154	1	
155	1	
156	1	
157	-1	
158	-1	
159	1	
160	-1	
161	1	
162	1	
163	1	
164	1	
165	1	
166	-1	
167	-1	
168	-1	
169	1	
170	1	
171	-1	
172	-1	
173	1	
174	-1	
175	-1	
176	-1	
177	-1	
178	-1	
179	1	
180	1	
181	1	
182	1	
183	-1	
184	1	
185	1	
186	1	
187	-1	
188	1	
189	1	
190	-1	
191	-1	
192	1	
193	-1	
194	1	
195	-1	
196	-1	
197	1	
198	1	
199	-1	
200	1	
201	-1	
202	-1	
203	1	
204	1	
205	1	
206	1	
207	-1	
208	1	
209	-1	
210	1	
211	-1	
212	-1	
213	-1	
214	-1	
215	-1	
216	1	
217	-1	
218	-1	
219	1	
220	-1	
221	1	
222	1	
223	1	
224	1	
225	1	
226	-1	
227	1	
228	1	
229	1	
230	-1	
231	1	
232	-1	
233	-1	
234	1	
235	-1	
236	1	
237	-1	
238	1	
239	1	
240	1	
241	1	
242	-1	
243	1	
244	-1	
245	-1	
246	1	
247	1	
248	-1	
249	1	
250	1	
251	-1	
252	1	
253	-1	
254	1	
255	1	
256	1	
257	-1	
258	-1	
259	1	
260	-1	
261	1	
262	-1	
263	-1	
264	-1	
265	1	
266	-1	
267	1	
268	-1	
269	1	
270	-1	
271	1	
272	1	
273	-1	
274	-1	
275	-1	
276	-1	
277	1	
278	1	
279	-1	
280	1	
281	1	
282	1	
283	1	
284	-1	
285	-1	
286	1	
287	-1	
288	-1	
289	-1	
290	1	
291	-1	
292	1	
293	1	
294	-1	
295	1	
296	1	
297	-1	
298	-1	
299	-1	
300	1	
301	-1	
302	-1	
303	1	
304	-1	
305	-1	
306	-1	
307	-1	
308	1	
309	1	
310	-1	
311	1	
312	1	
313	-1	
314	1	
315	1	
316	1	
317	-1	
318	1	
319	-1	
320	-1	
321	1	
322	-1	
323	-1	
324	-1	
325	1	
326	-1	
327	1	
328	1	
329	-1	
330	1	
331	1	
332	1	
333	1	
334	-1	
335	-1	
336	-1	
337	1	
338	1	
339	1	
340	1	
341	1	
342	-1	
343	-1	
344	-1	
345	-1	
346	1	
347	1	
348	1	
349	1	
350	-1	
351	-1	
352	-1	
353	1	
354	-1	
355	1	
356	-1	
357	-1	
358	1	
359	-1	
361	1	
362	1	
363	-1	
364	1	
365	-1	
367	-1	
368	-1	
369	-1	
370	-1	
371	-1	
372	1	
373	-1	
374	1	
375	-1	
376	-1	
377	-1	
378	1	
379	1	
380	-1	
382	1	
383	-1	
384	-1	
385	-1	
386	1	
387	-1	
388	1	
389	-1	
390	1	
391	-1	
392	1	
393	-1	
394	-1	
396	1	
397	-1	
398	1	
399	1	
400	-1	
401	-1	
402	-1	
403	-1	
404	-1	
405	-1	
406	-1	
407	-1	
408	-1	
409	-1	
410	-1	
411	1	
412	-1	
413	-1	
414	-1	
415	-1	
416	1	
417	-1	
418	-1	
419	1	
420	-1	
421	1	
422	1	
424	-1	
425	1	
426	1	
427	-1	
428	-1	
429	1	
430	1	
431	-1	
432	1	
433	1	
434	1	
435	-1	
436	-1	
437	-1	
438	1	
439	-1	
440	-1	
441	1	
442	1	
443	-1	
444	1	
445	-1	
446	-1	
447	-1	
448	1	
449	-1	
450	1	
451	-1	
452	-1	
453	1	
454	-1	
455	1	
456	1	
457	-1	
458	-1	
459	1	
460	-1	
461	1	
462	-1	
463	-1	
464	1	
465	-1	
466	-1	
467	1	
468	-1	
469	1	
470	-1	
471	1	
472	1	
473	-1	
474	-1	
475	-1	
476	1	
477	1	
478	-1	
479	1	
480	-1	
481	1	
482	1	
483	1	
484	-1	
485	1	
486	1	
487	1	
488	-1	
489	-1	
490	1	
491	1	
492	-1	
493	-1	
494	1	
495	-1	
496	-1	
497	-1	
498	1	
499	1	
500	1	
501	-1	
502	1	
503	-1	
504	1	
505	-1	
506	1	
507	1	
508	-1	
509	1	
510	-1	
511	1	
Js:	
306	308	1	
307	308	3	
307	309	-3	
304	309	2	
304	311	3	
306	311	2	
424	431	-1	
425	431	2	
425	489	2	
489	495	-3	
488	495	-2	
424	488	1	
224	229	-2	
227	229	-2	
227	291	1	
291	292	1	
288	292	3	
224	288	-1	
337	340	-2	
340	348	-2	
344	348	3	
344	349	3	
341	349	2	
337	341	-4	
185	189	-1	
187	189	2	
187	190	1	
184	190	3	
184	191	3	
185	191	3	
257	261	2	
259	261	-4	
259	263	2	
256	263	2	
256	262	2	
257	262	-4	
136	141	-4	
141	149	-3	
147	149	2	
147	150	3	
142	150	-2	
136	142	3	
385	388	4	
386	388	-3	
386	391	3	
387	391	-2	
387	390	3	
385	390	4	
177	181	2	
178	181	1	
178	182	4	
176	182	-1	
176	183	-3	
177	183	-3	
88	93	3	
91	93	3	
91	155	2	
155	158	3	
152	158	-4	
88	152	1	
65	68	2	
66	68	-2	
66	71	-3	
67	71	-4	
67	70	-1	
65	70	-1	
49	52	1	
52	60	2	
56	60	3	
56	62	2	
54	62	2	
49	54	-2	
216	220	-3	
219	220	3	
219	222	-2	
217	222	4	
217	221	2	
216	221	-3	
504	508	1	
506	508	3	
506	510	3	
507	510	-1	
507	511	-3	
504	511	-3	
432	436	2	
436	444	2	
442	444	-2	
442	447	2	
439	447	-3	
432	439	-2	
16	21	2	
18	21	2	
18	82	-3	
82	87	-1	
80	87	-3	
16	80	1	
409	413	-3	
410	413	-2	
410	474	1	
474	478	-4	
473	478	-3	
409	473	-2	
170	172	3	
171	172	-3	
171	235	-3	
235	236	3	
234	236	-2	
170	234	-2	
456	460	3	
459	460	-2	
459	462	3	
458	462	-3	
458	463	-3	
456	463	3	
353	356	1	
356	364	3	
363	364	3	
363	367	-2	
359	367	-3	
353	359	-1	
243	245	1	
245	253	-3	
250	253	1	
250	254	-2	
246	254	1	
243	246	-3	
370	374	3	
374	382	-3	
379	382	-3	
379	383	3	
375	383	-2	
370	375	1	
313	316	3	
314	316	-2	
314	318	-3	
312	318	-2	
312	319	3	
313	319	-2	
40	44	3	
41	44	-3	
41	45	2	
43	45	-3	
43	47	-2	
40	47	-3	
329	333	3	
330	333	-2	
330	394	1	
394	397	-3	
393	397	-1	
329	393	1	
274	276	2	
275	276	-2	
275	278	3	
273	278	2	
273	277	3	
274	277	2	
8	13	3	
10	13	3	
10	15	2	
9	15	2	
9	14	-3	
8	14	1	
160	164	3	
161	164	-2	
161	165	-3	
163	165	3	
163	166	2	
160	166	-3	
90	92	3	
92	100	2	
98	100	2	
98	103	-5	
95	103	-2	
90	95	-4	
491	492	-3	
492	500	1	
497	500	2	
497	501	-4	
493	501	-1	
491	493	3	
464	468	-2	
466	468	-2	
466	471	4	
465	471	1	
465	469	2	
464	469	-3	
264	268	-2	
267	268	3	
267	270	3	
265	270	2	
265	269	-4	
264	269	4	
416	420	1	
418	420	-4	
418	422	1	
419	422	4	
419	421	-1	
416	421	-3	
129	132	-3	
131	132	-2	
131	135	3	
128	135	3	
128	134	3	
129	134	-3	
74	76	2	
75	76	2	
75	77	-1	
73	77	-3	
73	79	-2	
74	79	2	
200	204	2	
202	204	3	
202	205	3	
203	205	-3	
203	207	1	
200	207	2	
112	116	2	
116	124	-3	
123	124	-1	
123	127	3	
119	127	2	
112	119	-2	
392	396	2	
396	404	1	
402	404	-2	
402	407	-3	
399	407	2	
392	399	-3	
298	300	3	
299	300	3	
299	301	-4	
296	301	2	
296	303	-2	
298	303	3	
210	212	2	
211	212	-4	
211	213	-2	
208	213	3	
208	214	5	
210	214	2	
226	230	-2	
230	238	1	
233	238	3	
233	239	-2	
231	239	-2	
226	231	2	
24	28	-4	
25	28	2	
25	29	3	
27	29	2	
27	30	-3	
24	30	-3	
450	452	2	
451	452	-2	
451	455	4	
449	455	-2	
449	454	-3	
450	454	2	
482	485	3	
483	485	-3	
483	486	-4	
480	486	3	
480	487	4	
482	487	-3	
104	109	-2	
105	109	-2	
105	169	-1	
169	173	-3	
168	173	2	
104	168	-1	
281	285	3	
283	285	-2	
283	286	-3	
282	286	-2	
282	287	2	
281	287	3	
193	196	-4	
194	196	-2	
194	197	-2	
192	197	-2	
192	199	4	
193	199	-2	
32	36	4	
34	36	3	
34	39	1	
35	39	4	
35	38	2	
32	38	-2	
321	325	2	
322	325	1	
322	326	-3	
323	326	-1	
323	327	2	
321	327	-2	
114	117	-2	
117	125	-3	
121	125	-2	
121	126	-2	
118	126	2	
114	118	2	
336	343	-2	
339	343	2	
339	403	2	
403	406	1	
400	406	-3	
336	400	-2	
0	4	-4	
2	4	1	
2	5	3	
3	5	4	
3	6	1	
0	6	2	
408	414	3	
411	414	1	
411	475	1	
475	477	4	
472	477	-1	
408	472	2	
240	244	2	
244	252	-2	
249	252	-2	
249	255	-2	
247	255	-2	
240	247	-3	
369	372	2	
371	372	2	
371	435	-2	
435	438	-2	
433	438	-2	
369	433	2	
17	23	2	
19	23	3	
19	83	3	
83	86	-3	
81	86	2	
17	81	3	
48	53	3	
53	61	2	
57	61	-2	
57	63	-3	
55	63	2	
48	55	-2	
144	148	2	
148	156	-4	
154	156	-2	
154	159	-2	
151	159	-3	
144	151	-4	
376	380	-2	
377	380	-3	
377	441	1	
441	445	2	
440	445	3	
376	440	-2	
424	428	4	
426	428	2	
426	429	-1	
427	429	4	
427	430	3	
424	430	2	
289	293	2	
290	293	-2	
290	354	-1	
354	357	-2	
353	357	2	
289	353	1	
106	108	-1	
107	108	-3	
107	111	-3	
104	111	1	
104	110	-3	
106	110	-4	
346	348	2	
347	348	-3	
347	351	2	
345	351	-3	
345	350	-2	
346	350	3	
96	100	-1	
97	100	-2	
97	101	-4	
99	101	-2	
99	102	-4	
96	102	3	
496	500	2	
499	500	-1	
499	503	3	
498	503	3	
498	502	3	
496	502	1	
328	332	-4	
329	332	3	
329	334	3	
331	334	4	
331	335	3	
328	335	1	
297	302	5	
298	302	-2	
298	362	1	
362	365	3	
361	365	2	
297	361	2	
137	143	-3	
139	143	4	
139	203	-2	
203	206	-1	
201	206	3	
137	201	2	
26	29	3	
29	37	-2	
33	37	-3	
33	39	-2	
31	39	1	
26	31	3	
448	452	1	
452	460	-3	
457	460	-1	
457	461	3	
453	461	-2	
448	453	2	
162	166	2	
166	174	1	
170	174	2	
170	175	2	
167	175	-1	
162	167	4	
89	94	-3	
91	94	-1	
155	157	-2	
153	157	-3	
89	153	-1	
145	150	3	
146	150	2	
146	210	-2	
210	215	3	
209	215	-4	
145	209	-2	
272	279	-2	
274	279	-3	
274	338	2	
338	342	2	
336	342	-3	
272	336	1	
113	116	-1	
115	116	3	
115	179	1	
179	180	-2	
177	180	1	
113	177	-2	
441	446	2	
443	446	-2	
443	507	1	
507	509	1	
505	509	4	
441	505	2	
474	476	-1	
476	484	3	
481	484	2	
481	487	-1	
479	487	-3	
474	479	3	
258	260	-3	
260	268	-2	
266	268	-3	
266	271	2	
263	271	2	
258	263	2	
248	252	-3	
251	252	2	
251	315	1	
315	317	3	
312	317	1	
248	312	2	
216	223	-2	
218	223	2	
218	282	2	
282	284	-1	
280	284	2	
216	280	-2	
288	294	2	
291	294	-4	
291	355	1	
355	358	-2	
352	358	3	
288	352	-1	
241	245	3	
242	245	3	
242	306	-2	
306	310	-3	
305	310	-4	
241	305	2	
11	12	-3	
12	20	3	
16	20	-2	
16	22	-2	
14	22	4	
11	14	2	
320	324	-3	
322	324	-3	
322	386	-1	
386	389	2	
384	389	-3	
320	384	-1	
64	69	2	
69	77	-2	
72	77	1	
72	78	2	
70	78	-2	
64	70	-2	
368	373	-2	
370	373	-3	
370	434	2	
434	437	1	
432	437	-1	
368	432	2	
225	228	2	
228	236	-2	
232	236	1	
232	237	-4	
229	237	1	
225	229	-3	
401	405	-2	
403	405	1	
403	467	3	
467	470	2	
465	470	-3	
401	465	-3	
130	133	-5	
131	133	-1	
131	195	-2	
195	198	-1	
194	198	-2	
130	194	1	
42	45	-2	
45	53	1	
50	53	-3	
50	54	-2	
46	54	-1	
42	46	-3	
59	60	-3	
59	123	2	
120	127	2	
56	120	1	
489	493	-3	
491	494	-3	
490	494	-2	
490	495	4	
80	84	3	
81	84	3	
81	85	-1	
83	85	2	
83	87	-3	
409	412	-1	
410	412	-3	
411	413	-1	
411	415	3	
409	415	-1	
185	188	-2	
186	188	-3	
186	189	4	
184	189	-2	
185	190	2	
416	422	-4	
417	422	2	
417	481	2	
481	485	-2	
480	485	2	
416	480	-1	
392	398	-2	
393	398	2	
393	457	-2	
456	461	3	
392	456	-1	
138	141	-2	
138	202	-2	
200	205	-2	
136	200	-2	
314	317	3	
315	379	1	
378	383	4	
314	378	-1	
1	4	2	
1	5	-2	
2	6	-4	
44	52	-1	
51	52	2	
51	55	-3	
47	55	1	
289	294	-2	
294	302	-1	
297	303	2	
295	303	-2	
289	295	3	
58	61	3	
58	62	4	
59	62	2	
59	63	2	
241	247	1	
305	311	1	
240	304	1	
220	228	1	
226	228	2	
223	231	1	
219	223	-2	
506	509	-2	
504	510	3	
505	511	-1	
323	324	-2	
323	325	4	
321	326	2	
320	326	-2	
169	174	-1	
171	174	-3	
235	238	2	
169	233	1	
248	253	-1	
249	253	2	
249	254	-3	
250	255	-3	
248	255	-1	
73	76	3	
74	138	-1	
138	142	2	
137	142	-2	
73	137	-1	
90	93	1	
89	95	3	
88	94	-3	
466	470	-2	
470	478	1	
472	478	3	
472	479	-2	
471	479	-2	
266	269	2	
266	330	2	
330	334	2	
328	334	-1	
264	328	2	
176	180	-1	
180	188	-3	
187	188	1	
187	191	-2	
183	191	-2	
363	365	-2	
363	427	2	
427	431	-3	
426	431	3	
362	426	-3	
195	197	2	
195	259	2	
256	261	-2	
192	256	2	
106	109	1	
107	109	-3	
105	111	2	
105	110	2	
401	404	3	
402	406	-2	
400	405	-2	
35	36	-2	
35	99	2	
32	96	-2	
345	349	2	
347	350	2	
344	350	-2	
146	148	2	
152	156	2	
152	159	1	
146	151	-1	
433	437	3	
437	445	1	
442	445	3	
442	446	1	
438	446	2	
34	37	-2	
34	98	-2	
97	103	1	
33	97	-2	
9	13	1	
13	21	-3	
19	21	-3	
15	23	-2	
354	356	-3	
355	356	-1	
355	357	2	
352	357	-2	
354	358	2	
112	117	3	
114	119	3	
115	119	1	
115	118	-2	
112	118	-2	
64	71	-2	
65	69	3	
387	388	1	
384	391	-2	
384	390	-1	
273	279	-3	
275	279	-1	
275	339	1	
339	341	-2	
273	337	-2	
163	164	-2	
162	165	-2	
160	167	-3	
498	501	1	
499	502	-3	
497	503	-1	
154	157	2	
154	218	2	
218	222	2	
153	217	-2	
272	276	2	
276	284	-2	
283	284	3	
277	285	2	
272	277	-1	
25	31	1	
27	31	2	
145	149	-3	
147	211	-2	
209	212	-2	
449	453	2	
450	453	-3	
451	454	-1	
128	132	-1	
129	135	-2	
130	135	1	
128	133	-3	
368	372	3	
369	375	-2	
371	375	-2	
371	374	-1	
368	374	2	
300	308	-1	
301	309	1	
434	436	2	
440	444	2	
440	447	1	
434	439	2	
206	214	-1	
208	215	1	
207	215	-1	
201	207	-3	
179	182	-2	
179	243	-2	
243	244	3	
242	244	-1	
178	242	1	
467	468	3	
468	476	1	
475	476	3	
469	477	-2	
467	469	1	
420	428	-1	
425	428	2	
425	429	-1	
421	429	1	
418	421	3	
483	484	2	
484	492	-1	
488	492	-3	
488	494	3	
486	494	2	
331	332	-2	
332	340	1	
338	340	-3	
338	343	2	
335	343	-1	
8	12	2	
11	75	2	
75	79	-2	
72	79	5	
8	72	-1	
120	124	-2	
121	124	-2	
123	125	-1	
123	126	-2	
120	126	2	
281	284	2	
284	292	-2	
290	292	-3	
290	295	-1	
287	295	3	
168	175	-2	
234	237	3	
168	232	2	
17	22	2	
18	22	-2	
82	84	-2	
262	270	-3	
267	271	-2	
257	263	-2	
313	318	2	
313	377	-1	
377	382	3	
376	382	-2	
312	376	1	
393	399	2	
394	399	2	
394	458	1	
457	463	-1	
42	44	2	
43	46	2	
41	47	2	
196	204	3	
202	206	-1	
198	206	-3	
193	198	2	
224	228	-2	
225	230	2	
227	230	2	
411	412	3	
408	415	-2	
410	414	-2	
361	364	-2	
361	367	3	
354	359	1	
49	55	-2	
51	115	1	
113	118	2	
49	113	3	
194	199	1	
194	258	2	
256	260	1	
274	278	-1	
278	286	-1	
280	286	-2	
280	287	1	
279	287	-1	
388	396	-3	
392	397	2	
389	397	-2	
378	380	2	
379	380	2	
379	443	-1	
443	447	-3	
378	442	-2	
3	67	-4	
65	71	-1	
1	65	-3	
74	77	-2	
77	85	-1	
80	85	-2	
80	86	1	
78	86	-1	
74	78	-2	
172	180	-1	
179	181	-3	
173	181	-2	
171	173	1	
448	454	2	
454	462	2	
459	463	3	
455	463	1	
448	455	-3	
134	142	-1	
139	142	2	
135	143	1	
238	246	-1	
240	246	-2	
239	247	-1	
417	421	-1	
418	482	1	
482	484	2	
425	430	-2	
426	430	-2	
426	490	1	
490	493	1	
213	221	2	
214	222	-1	
304	308	1	
308	316	-3	
315	316	-1	
315	319	-1	
311	319	3	
473	477	1	
473	479	2	
464	471	1	
152	157	2	
157	165	1	
161	166	3	
158	166	-1	
339	342	2	
403	407	2	
400	407	-1	
100	108	2	
105	108	1	
101	109	1	
288	293	-2	
293	301	2	
288	295	1	
369	373	-2	
371	373	2	
435	437	-3	
325	333	-2	
330	335	-2	
327	335	3	
20	28	-2	
26	28	-2	
23	31	2	
16	23	1	
500	508	2	
507	508	2	
503	511	-1	
496	503	-2	
48	52	-2	
58	60	-2	
48	54	2	
187	251	-1	
251	255	2	
186	250	-1	
282	285	2	
282	346	1	
281	345	2	
146	149	1	
144	150	1	
145	151	-1	
49	53	-2	
50	114	1	
113	119	-1	
34	38	-2	
33	38	1	
32	37	-2	
261	269	1	
397	405	-2	
402	405	-2	
398	406	1	
394	398	-3	
10	12	2	
11	15	3	
8	15	3	
91	92	-3	
89	93	-1	
353	358	-2	
355	419	-3	
419	420	2	
417	420	2	
353	417	3	
242	246	2	
243	307	1	
307	310	1	
283	347	2	
280	344	1	
209	213	2	
215	223	1	
387	451	-2	
449	452	-2	
385	449	1	
428	436	-1	
434	438	-2	
430	438	-1	
96	101	-2	
98	101	1	
99	103	1	
201	265	1	
265	271	-3	
264	271	-1	
200	264	1	
156	164	1	
162	164	-1	
159	167	1	
75	78	-2	
234	298	1	
296	300	-2	
232	296	-1	
482	486	1	
275	277	2	
272	278	-3	
289	292	2	
291	293	-1	
82	85	-2	
331	333	-1	
328	333	-2	
131	134	-2	
195	199	-2	
129	193	1	
121	127	3	
121	185	-2	
120	184	1	
175	183	-1	
169	175	-2	
40	46	-1	
42	106	-3	
40	104	2	
370	372	2	
372	380	-1	
3	4	3	
67	68	3	
64	68	3	
0	64	-3	
409	414	-3	
499	501	-2	
501	509	1	
504	509	-2	
502	510	2	
458	460	-2	
460	468	-1	
462	470	1	
305	309	-1	
309	317	2	
310	318	2	
241	244	2	
251	253	-3	
320	327	-2	
441	444	-2	
443	444	2	
443	445	-1	
440	446	-1	
365	373	-1	
368	375	-2	
367	375	1	
346	349	-1	
346	351	2	
343	351	-2	
337	343	1	
203	204	2	
203	267	-1	
202	266	-1	
56	61	-2	
57	62	2	
56	63	-2	
25	30	-3	
25	89	1	
24	88	-2	
404	412	-2	
407	415	-1	
401	407	-1	
137	141	-2	
386	450	-1	
384	448	2	
226	229	-1	
224	230	2	
224	231	-1	
225	231	-2	
147	148	2	
1	6	-3	
2	66	-2	
66	69	-3	
299	302	-1	
299	363	-1	
178	180	2	
186	190	2	
182	190	2	
352	359	-2	
355	359	1	
352	416	1	
429	437	-1	
435	439	-2	
431	439	-1	
248	254	3	
249	313	-1	
9	12	2	
17	20	1	
108	116	-2	
111	119	-1	
153	158	1	
155	219	-2	
217	220	-2	
38	46	-2	
41	46	-1	
39	47	-2	
259	260	-1	
168	174	-3	
235	239	2	
232	239	1	
27	91	-1	
26	90	-2	
120	125	-2	
115	117	-2	
163	167	-1	
163	227	-2	
160	224	2	
82	86	-2	
81	87	-2	
472	476	2	
474	477	1	
336	340	1	
338	341	1	
130	132	-2	
498	500	-2	
378	382	1	
376	383	-3	
457	462	-1	
50	52	2	
51	54	1	
433	436	-1	
433	497	2	
496	501	-1	
432	496	2	
393	396	2	
394	396	2	
197	205	-1	
193	197	1	
40	45	1	
43	107	1	
362	364	-2	
357	365	2	
164	172	1	
169	172	2	
165	173	1	
57	60	2	
57	121	1	
144	149	1	
143	151	1	
138	143	1	
315	318	1	
313	317	-1	
400	404	-1	
408	412	-1	
408	413	2	
405	413	-1	
10	14	-2	
176	181	-1	
176	240	2	
73	78	-1	
66	70	2	
505	508	-2	
506	511	2	
233	236	2	
234	239	2	
233	237	-2	
387	389	-2	
192	198	-2	
199	207	1	
485	493	1	
488	493	-1	
481	486	-1	
347	349	-2	
344	351	1	
424	429	2	
267	269	1	
306	370	-1	
305	369	1	
250	252	-1	
290	294	1	
286	294	2	
258	322	-1	
321	324	1	
257	321	1	
114	178	-1	
177	182	-1	
337	342	1	
210	213	-1	
19	20	-1	
24	31	1	
96	103	1	
296	302	1	
285	293	-1	
150	158	-1	
72	76	-2	
76	84	1	
79	87	-1	
467	471	-1	
402	466	-1	
473	476	2	
483	487	1	
259	323	-1	
320	325	1	
256	320	1	
307	371	-1	
304	368	-1	
106	111	-1	
41	105	2	
227	231	-2	
161	225	1	
211	214	-1	
211	275	-1	
208	272	1	
85	93	2	
86	94	1	
391	399	-1	
385	391	-2	
51	53	-1	
58	63	-1	
10	74	-1	
218	221	1	
490	492	2	
129	133	-1	
410	415	-1	
434	498	-1	
242	247	1	
312	316	-1	
307	311	-1	
162	226	-1	
177	241	-1	
241	246	-1	
99	100	-1	
104	108	1	
102	110	1	
326	334	-2	
322	327	1	
257	260	-1	
264	270	2	
390	398	-2	
440	504	-1	
339	340	1	
345	348	1	
401	406	-1	
464	470	-1	
400	464	1	
37	45	-1	
123	187	-1	
354	418	-1	
369	374	-1	
280	285	2	
292	300	-1	
153	156	1	
153	159	2	
362	367	1	
361	425	1	
232	238	-1	
435	499	1	
497	502	-1	
195	196	-1	
17	21	-2	
89	92	-1	
478	486	-1	
18	20	-1	
201	205	1	
477	485	-1	
291	295	2	
83	147	-1	
81	145	-1	
0	5	-1	
459	461	-2	
461	469	1	
466	469	1	
463	471	1	
36	44	1	
306	309	1	
314	319	-1	
227	228	-1	
170	173	1	
251	254	1	
347	411	-1	
346	410	1	
258	261	-1	
258	262	-1	
181	189	-1	
30	38	-1	
219	221	-1	
221	229	-1	
222	230	-1	
324	332	-1	
155	159	-1	
84	92	-1	
114	116	-1	
336	341	-1	
451	453	-1	
97	161	1	
96	160	1	
441	447	-1	
384	388	1	
385	389	1	
491	495	-1	
130	134	1	
297	301	-1	
299	303	1	
505	510	-1	
88	95	1	
403	404	-1	
465	468	-1	
200	206	-1	
305	308	-1	
184	188	-1	
178	183	1	
113	117	1	
48	112	1	
348	356	1	
352	356	1	
350	358	1	
218	220	-1	
413	421	-1	
414	422	1	
109	117	-1	
59	61	1	
432	438	1	
458	461	1	
75	139	-1	
139	141	-1	
72	136	-1	
330	332	1	
Energy:	-1732	
