NumberOfQubits	504	
NumberOfSubgraphs	672	
Serial	150	
PlantedSolution:	
0	-1	
1	-1	
2	-1	
3	1	
4	1	
5	-1	
6	-1	
8	1	
9	1	
10	1	
11	-1	
12	-1	
13	1	
14	-1	
15	-1	
16	1	
17	1	
18	-1	
19	-1	
20	-1	
21	1	
22	1	
23	-1	
24	1	
25	1	
26	-1	
27	1	
28	-1	
29	-1	
30	-1	
31	-1	
32	-1	
33	1	
34	1	
35	-1	
36	-1	
37	1	
38	1	
39	1	
40	1	
41	1	
42	-1	
43	1	
44	1	
45	1	
46	1	
47	1	
48	-1	
49	1	
50	1	
51	-1	
52	-1	
53	1	
54	-1	
55	1	
56	-1	
57	1	
58	1	
59	-1	
60	1	
61	-1	
62	-1	
63	1	
64	1	
65	-1	
66	-1	
67	1	
68	-1	
69	-1	
70	1	
71	-1	
72	-1	
73	1	
74	1	
75	-1	
76	-1	
77	-1	
78	1	
79	-1	
80	1	
81	-1	
82	-1	
83	-1	
84	-1	
85	1	
86	-1	
87	1	
88	-1	
89	1	
90	-1	
91	1	
92	1	
93	-1	
94	-1	
95	-1	
96	-1	
97	-1	
98	1	
99	-1	
100	-1	
101	-1	
102	-1	
103	1	
104	-1	
105	-1	
106	-1	
107	1	
108	-1	
109	1	
110	1	
111	1	
112	-1	
113	1	
114	1	
115	-1	
116	1	
117	1	
118	-1	
119	1	
120	1	
121	-1	
123	1	
124	-1	
125	1	
126	-1	
127	1	
128	-1	
129	1	
130	-1	
131	1	
132	1	
133	1	
134	-1	
135	-1	
136	-1	
137	1	
138	1	
139	1	
141	1	
142	1	
143	1	
144	1	
145	1	
146	1	
147	-1	
148	1	
149	1	
150	1	
151	-1	
152	-1	
153	-1	
154	-1	
155	-1	
156	-1	
157	-1	
158	-1	
159	-1	
160	1	
161	-1	
162	1	
163	-1	
164	1	
165	1	
166	1	
167	1	
168	-1	
169	-1	
170	-1	
171	1	
172	-1	
173	-1	
174	-1	
175	1	
176	1	
177	1	
178	1	
179	1	
180	1	
181	1	
182	1	
183	-1	
184	1	
185	1	
186	1	
187	-1	
188	-1	
189	-1	
190	1	
191	-1	
192	-1	
193	-1	
194	1	
195	-1	
196	1	
197	1	
198	-1	
199	-1	
200	1	
201	-1	
202	-1	
203	-1	
204	1	
205	1	
206	1	
207	1	
208	-1	
209	1	
210	-1	
211	1	
212	1	
213	-1	
214	-1	
215	-1	
216	1	
217	-1	
218	-1	
219	-1	
220	1	
221	-1	
222	1	
223	1	
224	1	
225	-1	
226	1	
227	1	
228	1	
229	1	
230	-1	
231	-1	
232	1	
233	-1	
234	-1	
235	-1	
236	1	
237	1	
238	-1	
239	-1	
240	1	
241	-1	
242	1	
243	1	
244	-1	
245	1	
246	-1	
247	-1	
248	1	
249	1	
250	1	
251	1	
252	1	
253	-1	
254	-1	
255	-1	
256	-1	
257	-1	
258	1	
259	-1	
260	-1	
261	1	
262	-1	
263	1	
264	1	
265	1	
266	-1	
267	-1	
268	-1	
269	1	
270	1	
271	1	
272	1	
273	1	
274	-1	
275	1	
276	-1	
277	1	
278	-1	
279	-1	
280	-1	
281	-1	
282	-1	
283	1	
284	1	
285	1	
286	1	
287	-1	
288	-1	
289	1	
290	-1	
291	-1	
292	1	
293	-1	
294	-1	
295	-1	
296	-1	
297	1	
298	1	
299	1	
300	1	
301	1	
302	-1	
303	1	
304	-1	
305	-1	
306	1	
307	-1	
308	1	
309	-1	
310	1	
311	-1	
312	-1	
313	-1	
314	-1	
315	-1	
316	1	
317	1	
318	1	
319	-1	
320	-1	
321	-1	
322	1	
323	-1	
324	1	
325	1	
326	1	
327	1	
328	1	
329	1	
330	1	
331	1	
332	-1	
333	-1	
334	-1	
335	1	
336	1	
337	1	
338	-1	
339	-1	
340	1	
341	-1	
342	-1	
343	1	
344	1	
345	-1	
346	-1	
347	1	
348	1	
349	1	
350	-1	
351	1	
352	-1	
353	1	
354	1	
355	1	
356	-1	
357	1	
358	1	
359	1	
361	-1	
362	1	
363	1	
364	-1	
365	-1	
367	1	
368	-1	
369	1	
370	-1	
371	1	
372	-1	
373	1	
374	1	
375	-1	
376	-1	
377	1	
378	1	
379	1	
380	1	
382	1	
383	-1	
384	1	
385	-1	
386	-1	
387	1	
388	-1	
389	-1	
390	1	
391	-1	
392	-1	
393	-1	
394	-1	
396	1	
397	1	
398	-1	
399	-1	
400	-1	
401	-1	
402	1	
403	-1	
404	1	
405	1	
406	-1	
407	-1	
408	-1	
409	1	
410	1	
411	-1	
412	1	
413	-1	
414	1	
415	1	
416	1	
417	-1	
418	-1	
419	-1	
420	-1	
421	-1	
422	-1	
424	-1	
425	-1	
426	-1	
427	-1	
428	-1	
429	1	
430	-1	
431	-1	
432	-1	
433	1	
434	1	
435	1	
436	-1	
437	-1	
438	-1	
439	1	
440	1	
441	1	
442	-1	
443	1	
444	1	
445	-1	
446	-1	
447	-1	
448	-1	
449	-1	
450	-1	
451	-1	
452	-1	
453	-1	
454	-1	
455	-1	
456	1	
457	-1	
458	-1	
459	1	
460	-1	
461	-1	
462	1	
463	-1	
464	1	
465	-1	
466	1	
467	1	
468	-1	
469	1	
470	-1	
471	-1	
472	1	
473	-1	
474	-1	
475	-1	
476	1	
477	-1	
478	-1	
479	1	
480	-1	
481	-1	
482	-1	
483	1	
484	1	
485	-1	
486	1	
487	1	
488	-1	
489	-1	
490	1	
491	-1	
492	-1	
493	1	
494	1	
495	-1	
496	1	
497	-1	
498	1	
499	-1	
500	1	
501	-1	
502	-1	
503	1	
504	1	
505	1	
506	-1	
507	1	
508	1	
509	1	
510	1	
511	-1	
Js:	
266	268	-1	
268	276	2	
275	276	3	
275	277	-2	
269	277	-4	
266	269	5	
200	207	-4	
201	207	4	
201	265	1	
265	270	-3	
264	270	1	
200	264	-1	
393	397	5	
397	405	-3	
402	405	-3	
402	407	4	
399	407	-2	
393	399	-5	
433	436	5	
435	436	6	
435	499	4	
499	500	3	
497	500	5	
433	497	3	
72	76	-3	
76	84	-2	
82	84	-2	
82	85	4	
77	85	-2	
72	77	-3	
137	141	-2	
141	149	-2	
147	149	4	
147	150	4	
142	150	-2	
137	142	5	
25	30	5	
27	30	4	
27	91	-3	
91	92	-4	
89	92	4	
25	89	-4	
168	174	-3	
171	174	6	
171	235	1	
235	238	-3	
232	238	-1	
168	232	1	
298	300	3	
300	308	-3	
307	308	5	
307	310	3	
302	310	3	
298	302	7	
113	117	-2	
115	117	3	
115	179	2	
179	182	-4	
177	182	-4	
113	177	-4	
305	309	-3	
306	309	5	
306	370	3	
370	373	3	
369	373	-3	
305	369	-1	
154	157	-4	
157	165	2	
161	165	5	
161	167	4	
159	167	2	
154	159	3	
448	453	-2	
450	453	-5	
450	455	-5	
451	455	4	
451	454	-6	
448	454	-5	
120	124	2	
121	124	-4	
121	127	3	
123	127	-4	
123	126	5	
120	126	-4	
99	100	-2	
100	108	-6	
107	108	-5	
107	111	-2	
103	111	-4	
99	103	6	
385	388	-2	
387	388	2	
387	389	5	
386	389	-1	
386	390	6	
385	390	-2	
352	357	2	
355	357	2	
355	419	4	
419	421	-2	
416	421	4	
352	416	3	
328	332	2	
330	332	4	
330	394	-2	
394	398	-6	
392	398	-3	
328	392	2	
51	52	-4	
52	60	-1	
59	60	5	
59	62	-6	
54	62	-1	
51	54	-5	
289	294	2	
290	294	-3	
290	354	-3	
354	356	4	
353	356	3	
289	353	-3	
184	188	5	
186	188	-3	
186	250	-3	
250	254	4	
248	254	4	
184	248	-3	
336	340	-4	
340	348	-2	
345	348	4	
345	349	-4	
341	349	3	
336	341	4	
224	228	-2	
225	228	4	
225	230	-4	
226	230	3	
226	231	2	
224	231	4	
10	12	5	
12	20	-2	
16	20	-3	
16	21	-5	
13	21	-2	
10	13	-4	
482	484	3	
484	492	3	
489	492	-5	
489	494	6	
486	494	-3	
482	486	-5	
65	68	-4	
66	68	-5	
66	71	-1	
67	71	6	
67	70	-3	
65	70	-3	
467	469	-3	
469	477	5	
474	477	3	
474	479	2	
471	479	3	
467	471	4	
128	132	4	
129	132	-4	
129	133	3	
131	133	-5	
131	134	4	
128	134	-5	
411	412	3	
412	420	2	
417	420	2	
417	422	-5	
414	422	2	
411	414	5	
34	37	3	
37	45	-2	
43	45	-2	
43	47	-6	
39	47	-1	
34	39	-2	
331	334	4	
334	342	-2	
337	342	4	
337	343	-5	
335	343	2	
331	335	-3	
1	4	3	
3	4	-4	
3	6	4	
0	6	2	
0	5	-5	
1	5	-5	
321	324	4	
322	324	-6	
322	327	3	
320	327	2	
320	326	4	
321	326	4	
504	508	-5	
506	508	5	
506	510	-3	
505	510	-6	
505	509	-5	
504	509	-3	
283	284	-5	
284	292	-2	
288	292	4	
288	293	-5	
285	293	4	
283	285	-3	
441	444	-3	
443	444	-3	
443	447	5	
442	447	3	
442	445	-5	
441	445	4	
312	316	2	
315	316	2	
315	319	-3	
313	319	2	
313	318	5	
312	318	4	
426	431	-3	
427	431	-4	
427	491	-3	
491	493	5	
490	493	-6	
426	490	3	
209	213	2	
210	213	-4	
210	215	-4	
208	215	2	
208	214	-3	
209	214	4	
90	93	-2	
93	101	-2	
96	101	-5	
96	102	-5	
94	102	1	
90	94	-4	
234	236	3	
236	244	3	
243	244	2	
243	247	3	
239	247	1	
234	239	-4	
48	53	3	
53	61	3	
56	61	-4	
56	63	-4	
55	63	-3	
48	55	4	
218	220	5	
219	220	3	
219	223	2	
217	223	7	
217	222	-2	
218	222	4	
185	189	3	
187	189	-3	
187	251	3	
251	255	2	
249	255	4	
185	249	3	
425	429	4	
429	437	-2	
432	437	-3	
432	438	-2	
430	438	-2	
425	430	-3	
362	364	-8	
364	372	-1	
371	372	3	
371	375	6	
367	375	3	
362	367	-3	
457	461	-4	
458	461	-3	
458	463	-5	
456	463	3	
456	462	2	
457	462	4	
8	14	3	
14	22	2	
19	22	5	
19	23	-2	
15	23	2	
8	15	5	
192	197	-3	
194	197	-2	
194	258	-3	
258	261	-3	
256	261	3	
192	256	-4	
138	143	-3	
139	143	-3	
139	203	3	
203	205	3	
202	205	2	
138	202	4	
176	180	-2	
178	180	-4	
178	242	-2	
242	246	5	
240	246	4	
176	240	-3	
153	156	-5	
156	164	2	
162	164	-3	
162	166	3	
158	166	2	
153	158	-4	
376	380	4	
377	380	2	
377	382	-5	
378	382	-4	
378	383	4	
376	383	-3	
280	286	4	
282	286	-1	
282	346	-4	
346	350	-3	
344	350	3	
280	344	3	
400	404	4	
401	404	5	
401	465	-3	
465	470	3	
464	470	4	
400	464	5	
408	413	-4	
409	413	-3	
409	473	4	
473	478	-4	
472	478	4	
408	472	3	
35	36	-6	
36	44	1	
41	44	-3	
41	46	-5	
38	46	-2	
35	38	-2	
80	86	4	
81	86	-3	
81	145	3	
145	148	-4	
144	148	-3	
80	144	-3	
297	303	-3	
299	303	-5	
299	363	1	
363	365	5	
361	365	-4	
297	361	1	
193	198	1	
195	198	-4	
195	259	-2	
259	263	3	
257	263	3	
193	257	-3	
105	109	4	
106	109	2	
106	170	-4	
170	175	-3	
169	175	3	
105	169	-3	
9	14	5	
11	14	-3	
11	75	-3	
75	78	5	
73	78	-4	
9	73	-3	
273	277	-2	
274	277	4	
274	278	-3	
272	278	3	
272	279	2	
273	279	3	
498	502	4	
502	510	1	
507	510	-5	
507	511	4	
503	511	-3	
498	503	-3	
112	116	2	
113	116	-4	
113	119	4	
114	119	-2	
114	118	6	
112	118	-3	
481	484	3	
483	484	-5	
483	485	3	
480	485	-4	
480	487	5	
481	487	4	
24	31	4	
26	31	-2	
26	90	-4	
90	95	-3	
88	95	4	
24	88	3	
384	391	2	
385	391	-4	
385	449	-2	
449	452	-5	
448	452	-5	
384	448	-2	
241	244	-2	
244	252	1	
250	252	-5	
250	253	1	
245	253	3	
241	245	-4	
203	204	-3	
204	212	-2	
211	212	-2	
211	214	4	
206	214	2	
203	206	5	
160	167	1	
163	167	4	
163	227	2	
227	229	-4	
224	229	-4	
160	224	-2	
152	156	-3	
155	156	-3	
155	219	-4	
219	221	-4	
216	221	3	
152	216	-3	
82	87	3	
83	87	4	
83	147	-1	
147	151	3	
146	151	3	
82	146	1	
459	460	4	
460	468	-2	
466	468	3	
466	471	5	
463	471	1	
459	463	3	
281	286	3	
286	294	4	
291	294	-4	
291	295	-3	
287	295	-2	
281	287	3	
64	69	3	
66	69	-3	
66	130	-2	
130	135	-5	
128	135	-3	
64	128	2	
424	428	-5	
427	428	3	
491	495	-5	
488	495	-2	
424	488	-3	
232	237	-4	
233	237	4	
233	297	3	
297	301	-4	
296	301	5	
232	296	-3	
40	45	-5	
42	45	4	
42	106	-4	
106	110	5	
104	110	-1	
40	104	3	
347	350	4	
350	358	4	
354	358	-3	
354	359	-3	
351	359	-4	
347	351	2	
323	325	4	
325	333	4	
329	333	4	
329	335	-3	
327	335	-3	
323	327	5	
304	311	2	
306	311	2	
370	374	2	
368	374	5	
304	368	-3	
338	343	3	
339	343	4	
339	403	-1	
403	406	-4	
402	406	5	
338	402	-1	
410	415	-4	
411	415	-2	
411	475	-3	
475	476	5	
474	476	3	
410	474	4	
432	439	4	
434	439	-4	
434	498	3	
498	501	6	
496	501	3	
432	496	2	
72	79	-3	
74	79	2	
74	138	2	
138	141	-3	
136	141	5	
72	136	-2	
27	28	4	
28	36	-2	
32	36	-3	
32	37	4	
29	37	3	
27	29	-2	
256	260	-3	
260	268	-1	
267	268	-2	
267	271	3	
263	271	1	
256	263	5	
171	172	2	
172	180	2	
179	180	3	
179	181	-2	
173	181	2	
171	173	3	
182	190	4	
185	190	-4	
185	191	2	
183	191	-4	
177	183	3	
33	38	-4	
34	38	-3	
34	98	-3	
98	102	5	
97	102	2	
33	97	4	
314	317	3	
315	317	5	
315	379	3	
379	383	4	
314	378	-4	
50	53	-5	
58	61	4	
58	63	-6	
50	55	-3	
17	20	4	
18	20	-3	
18	23	-4	
16	23	3	
16	22	1	
17	22	-4	
440	444	4	
442	444	5	
442	446	-2	
443	446	4	
443	445	3	
440	445	2	
192	196	-2	
193	196	3	
193	199	-5	
194	199	4	
194	198	4	
192	198	-5	
56	60	4	
57	60	3	
57	121	2	
121	125	4	
120	125	-6	
56	120	1	
418	420	-4	
420	428	1	
425	428	-2	
421	429	1	
418	421	-6	
392	396	2	
394	396	-4	
393	398	-2	
392	397	5	
2	4	6	
4	12	2	
11	12	2	
11	13	3	
5	13	2	
2	5	-2	
259	261	4	
261	269	-2	
266	270	4	
262	270	2	
259	262	3	
44	52	3	
49	52	2	
49	54	5	
46	54	-1	
273	276	3	
274	276	-4	
274	338	-3	
338	342	-5	
273	337	-2	
435	437	4	
434	437	4	
434	438	4	
433	438	-3	
291	293	-4	
291	355	-1	
355	358	-6	
352	358	3	
288	352	-3	
241	246	-3	
241	305	-4	
304	309	-3	
240	304	-2	
493	501	-2	
497	501	-3	
497	502	-3	
494	502	2	
490	494	-1	
331	332	3	
328	334	5	
328	333	3	
330	333	2	
68	76	-4	
74	76	4	
74	77	4	
69	77	-4	
65	69	-2	
200	204	-4	
202	204	2	
202	207	-4	
201	205	4	
200	205	-3	
458	460	-3	
466	470	3	
462	470	-1	
458	462	4	
216	220	-3	
218	221	-3	
217	221	3	
216	223	-3	
233	236	3	
235	239	3	
235	237	3	
146	149	-4	
149	157	2	
152	157	-3	
152	158	-4	
150	158	-3	
146	150	-3	
473	476	3	
475	477	4	
472	477	5	
472	479	-2	
473	479	5	
384	388	4	
386	388	-5	
387	390	3	
384	389	4	
248	252	-5	
249	252	2	
249	254	4	
251	254	3	
251	253	5	
248	253	2	
104	109	4	
109	117	1	
112	117	5	
112	119	3	
111	119	-1	
104	111	4	
404	412	2	
409	412	-4	
409	414	-2	
406	414	3	
400	406	-2	
280	284	4	
283	347	-2	
347	349	-3	
344	349	-2	
162	165	-4	
162	226	-2	
226	229	-3	
225	229	3	
161	225	2	
365	373	2	
371	373	4	
363	367	-7	
86	94	-3	
89	94	-3	
89	95	2	
87	95	3	
80	87	-3	
323	324	3	
322	325	2	
322	326	-3	
208	212	3	
209	212	-3	
209	215	-5	
211	215	4	
211	213	2	
208	213	-4	
482	485	-4	
483	486	-2	
483	487	-4	
440	447	4	
441	447	2	
441	505	2	
505	511	2	
504	511	4	
440	504	-3	
298	301	-2	
299	302	2	
296	303	3	
313	377	-3	
376	382	3	
312	376	-4	
169	172	-5	
170	172	-4	
168	175	4	
168	173	-4	
169	173	-4	
99	101	-3	
99	163	-2	
163	166	4	
160	166	-4	
96	160	2	
451	452	-2	
451	453	-4	
449	455	-3	
25	28	3	
26	28	-6	
26	29	-3	
24	29	6	
24	30	3	
130	132	5	
131	132	-3	
129	134	4	
129	135	-5	
403	405	4	
405	413	1	
408	415	4	
407	415	2	
403	407	2	
108	116	1	
114	116	-2	
110	118	1	
107	110	-3	
187	188	-4	
184	189	3	
184	191	2	
186	191	4	
275	279	3	
275	339	-2	
339	341	-3	
272	336	-3	
281	285	5	
282	285	3	
346	351	4	
345	351	3	
281	345	-3	
81	84	-5	
84	92	3	
91	93	2	
85	93	3	
81	85	-1	
3	67	-4	
64	71	3	
0	64	4	
73	79	4	
75	79	-3	
75	139	3	
137	143	-5	
73	137	-3	
492	500	-2	
496	500	-4	
496	503	-5	
495	503	2	
489	495	-4	
308	316	-3	
314	316	4	
314	319	-3	
311	319	-5	
307	311	3	
176	183	3	
178	183	5	
242	247	4	
240	247	-2	
289	295	3	
290	295	-3	
354	357	-4	
353	357	-4	
57	62	3	
59	123	-1	
121	126	-3	
33	39	-5	
35	39	-3	
35	99	-3	
97	103	2	
361	364	-4	
362	426	2	
425	431	-2	
361	425	-4	
369	372	3	
372	380	3	
379	380	-4	
379	382	-1	
374	382	1	
369	374	-6	
148	156	3	
153	159	3	
151	159	-2	
145	151	3	
42	44	-2	
43	44	-4	
40	47	-2	
19	20	-3	
18	21	-2	
17	21	-3	
264	268	6	
267	270	5	
265	271	-3	
264	271	-3	
258	260	5	
259	260	-4	
257	261	4	
257	262	-5	
258	262	-2	
456	460	3	
459	461	4	
457	463	4	
419	420	-4	
419	422	-4	
417	421	5	
400	407	-3	
401	407	3	
465	469	4	
464	469	-3	
195	196	5	
195	199	-1	
192	199	-3	
193	197	4	
8	12	3	
9	12	2	
10	14	1	
10	15	-1	
227	230	-1	
227	231	2	
507	508	-3	
506	509	5	
48	52	-3	
49	55	-3	
117	125	3	
120	127	-3	
119	127	-4	
115	119	2	
136	142	3	
138	142	-2	
202	206	2	
200	206	-2	
136	200	-2	
344	348	2	
348	356	2	
353	359	-4	
344	351	-3	
98	100	3	
105	108	1	
105	111	3	
98	103	-4	
424	430	-3	
431	439	2	
424	431	5	
388	396	3	
393	396	-2	
391	399	-6	
155	159	-4	
219	222	2	
154	218	-2	
2	66	-4	
66	70	3	
1	65	-4	
243	245	-5	
249	253	5	
247	255	-3	
289	292	-2	
292	300	-2	
299	300	-3	
295	303	-3	
275	278	3	
278	286	2	
280	287	2	
279	287	-1	
144	149	-2	
146	210	4	
210	214	1	
144	208	3	
30	38	2	
32	38	3	
32	39	4	
31	39	1	
27	31	-3	
488	492	-3	
488	494	-2	
481	486	4	
160	164	-3	
164	172	1	
170	174	2	
166	174	3	
73	77	1	
83	85	3	
83	86	-3	
78	86	1	
410	413	2	
474	478	-4	
304	310	3	
306	310	-3	
368	373	-2	
177	181	-2	
181	189	4	
186	189	3	
186	190	-3	
329	332	3	
332	340	-1	
337	340	-4	
337	341	3	
333	341	-1	
435	439	-2	
499	501	-2	
88	92	2	
89	93	3	
88	94	-4	
258	322	1	
320	324	2	
256	320	-1	
128	133	3	
130	133	2	
313	316	3	
315	318	-3	
59	63	2	
56	62	-3	
441	446	2	
450	454	-2	
448	455	-2	
234	237	2	
234	238	-5	
232	239	2	
465	468	-5	
467	468	-1	
467	470	4	
50	114	-4	
48	112	-3	
416	422	-3	
419	483	2	
416	480	3	
226	228	-3	
227	228	-5	
227	291	-2	
291	292	2	
290	292	4	
226	290	3	
115	116	4	
116	124	3	
123	124	7	
118	126	-2	
115	118	-3	
378	380	-3	
375	383	2	
243	307	3	
305	310	2	
500	508	-2	
201	204	3	
207	215	1	
346	349	2	
346	410	1	
409	415	-2	
345	409	1	
323	326	3	
326	334	2	
330	334	-1	
330	335	-4	
281	284	-3	
282	284	2	
282	287	-5	
283	287	3	
70	78	-5	
71	79	-3	
178	181	-3	
175	183	-1	
390	398	3	
394	399	-2	
386	391	1	
427	430	-4	
426	430	-4	
426	429	5	
424	429	2	
139	141	-3	
139	142	-4	
136	143	2	
297	300	-3	
296	302	-3	
251	252	3	
250	255	3	
248	255	4	
97	100	2	
97	101	-3	
34	36	3	
396	404	-3	
401	405	3	
163	164	-3	
40	46	-5	
41	105	-4	
272	276	4	
338	340	-2	
195	197	4	
197	205	-3	
198	206	-2	
80	84	-3	
145	150	-2	
144	150	-2	
91	95	4	
91	155	2	
155	157	-2	
88	152	-1	
8	13	-2	
10	74	-3	
8	72	-3	
347	348	-4	
355	356	3	
187	191	4	
184	190	-3	
18	22	3	
19	83	-4	
18	82	-4	
42	47	4	
43	107	-3	
242	244	3	
238	246	1	
233	238	-3	
403	467	4	
402	466	-2	
457	460	-2	
459	462	-3	
456	461	3	
3	5	-4	
67	69	2	
475	479	3	
213	221	-3	
215	223	2	
265	269	1	
266	271	3	
488	493	4	
490	495	2	
320	325	3	
321	325	3	
321	385	2	
385	389	-4	
320	384	4	
499	502	-4	
309	317	2	
312	317	3	
312	319	-3	
442	506	-2	
418	482	-3	
481	485	-3	
417	481	-2	
216	222	-3	
222	230	1	
223	231	-1	
289	293	-3	
21	29	2	
23	31	2	
154	158	-4	
217	220	-2	
153	217	-1	
176	182	3	
174	182	1	
339	342	-3	
1	6	-4	
2	6	-4	
416	420	3	
369	433	-2	
433	437	1	
368	432	3	
50	52	3	
449	453	3	
131	135	2	
147	148	3	
147	211	-1	
145	209	-2	
58	62	3	
57	63	-3	
265	268	-4	
265	329	-4	
264	328	-3	
273	278	4	
272	277	3	
11	15	-5	
9	15	3	
9	13	-3	
379	443	2	
440	446	3	
376	440	2	
177	180	-3	
288	294	-2	
352	359	3	
20	28	-1	
22	30	-1	
313	317	3	
490	492	2	
323	387	3	
224	230	4	
466	469	1	
305	308	2	
305	311	-4	
169	174	1	
171	175	-3	
152	159	-2	
346	348	2	
187	190	2	
400	405	2	
401	406	-2	
496	502	-2	
107	109	-2	
101	109	3	
411	413	-4	
475	478	-1	
370	372	-4	
370	375	-3	
296	300	-2	
298	303	-2	
160	165	2	
240	244	3	
243	246	2	
232	236	-3	
235	236	2	
233	239	-3	
201	206	3	
90	92	2	
143	151	2	
42	46	2	
387	391	3	
83	84	1	
82	86	-2	
75	77	-2	
338	341	-2	
0	4	3	
102	110	3	
105	110	3	
64	68	-2	
267	269	2	
271	279	3	
212	220	-3	
49	53	-3	
49	113	-3	
438	446	-3	
439	447	2	
349	357	-2	
154	156	-2	
153	157	-3	
130	134	-3	
310	318	-2	
58	60	-3	
57	61	5	
386	450	-2	
194	196	-4	
196	204	-2	
199	207	1	
403	404	-1	
25	31	4	
19	21	-2	
16	80	-2	
410	412	-4	
408	414	3	
33	37	-2	
32	96	-2	
283	286	2	
257	260	-3	
258	263	4	
48	54	-3	
51	115	2	
480	486	2	
106	111	2	
104	168	-2	
426	428	-1	
428	436	-2	
432	436	-2	
246	254	1	
468	476	3	
499	503	1	
235	299	4	
299	301	-3	
234	298	-2	
304	308	3	
307	371	-1	
371	374	-2	
6	14	2	
452	460	2	
454	462	2	
161	164	2	
146	148	1	
353	417	2	
214	222	-2	
331	333	2	
328	335	1	
491	494	2	
72	78	2	
64	70	-2	
264	269	-2	
288	295	-2	
176	181	-3	
179	183	2	
393	457	2	
392	456	3	
144	151	3	
256	262	-2	
242	245	-1	
237	245	1	
336	342	3	
185	188	2	
218	223	1	
218	282	-1	
217	281	-1	
280	285	2	
17	23	3	
81	87	2	
17	81	2	
361	367	3	
363	427	-2	
507	509	-3	
506	511	1	
65	129	2	
410	414	1	
321	327	3	
241	247	-3	
203	207	2	
47	55	1	
368	372	-2	
369	375	-1	
25	29	2	
450	452	-2	
449	454	-1	
104	108	-2	
155	158	-1	
165	173	2	
167	175	-2	
162	167	-3	
80	85	1	
88	93	-2	
339	340	-3	
67	68	-1	
301	309	2	
267	331	2	
266	330	-3	
356	364	-2	
362	365	3	
357	365	2	
230	238	3	
231	239	-3	
394	458	1	
470	478	1	
211	275	-3	
209	273	-2	
377	383	3	
377	441	-3	
418	422	-2	
131	195	2	
128	192	1	
41	45	-2	
35	37	2	
402	404	-3	
274	279	-2	
228	236	2	
229	237	-2	
107	171	-1	
464	468	2	
464	471	2	
455	463	-2	
97	161	-1	
161	166	-2	
90	154	1	
433	439	-2	
497	503	-2	
427	429	2	
425	489	1	
219	283	-1	
216	280	1	
307	309	1	
324	332	3	
389	397	2	
51	53	-1	
59	61	-2	
51	55	2	
26	30	-1	
437	445	2	
145	149	2	
210	212	3	
294	302	-1	
297	302	2	
130	194	-1	
476	484	-2	
477	485	-1	
453	461	-2	
352	356	2	
355	359	-2	
314	318	2	
504	510	1	
225	231	-2	
347	411	1	
344	408	-1	
179	243	-1	
240	245	-2	
137	201	-1	
329	334	2	
491	492	1	
33	36	-1	
478	486	2	
479	487	1	
225	289	-1	
73	76	-3	
180	188	2	
465	471	1	
41	47	-2	
436	444	1	
208	272	1	
472	476	-2	
322	386	-1	
114	117	2	
480	484	-2	
482	487	1	
168	172	-2	
91	94	-1	
133	141	1	
135	143	1	
79	87	1	
363	364	1	
336	343	-2	
163	165	1	
205	213	-1	
74	78	1	
277	285	1	
40	44	-1	
45	53	1	
92	100	-1	
96	100	-2	
368	375	-1	
370	434	1	
408	412	1	
123	125	-1	
443	507	-1	
65	71	1	
170	173	-1	
114	178	-2	
394	397	1	
378	442	-1	
242	306	1	
98	162	-1	
43	46	1	
392	399	1	
505	508	1	
50	54	-1	
106	108	1	
345	350	-1	
342	350	-1	
270	278	1	
485	493	1	
487	495	-1	
113	118	-1	
354	418	-1	
Energy:	-2942	
