NumberOfQubits	504	
NumberOfSubgraphs	756	
Serial	171	
PlantedSolution:	
0	-1	
1	-1	
2	1	
3	-1	
4	1	
5	1	
6	1	
8	1	
9	-1	
10	1	
11	-1	
12	-1	
13	1	
14	-1	
15	-1	
16	-1	
17	1	
18	-1	
19	1	
20	1	
21	1	
22	-1	
23	-1	
24	-1	
25	1	
26	1	
27	1	
28	-1	
29	1	
30	1	
31	1	
32	-1	
33	-1	
34	1	
35	1	
36	-1	
37	1	
38	-1	
39	-1	
40	-1	
41	-1	
42	-1	
43	-1	
44	-1	
45	1	
46	1	
47	-1	
48	1	
49	1	
50	1	
51	1	
52	1	
53	1	
54	1	
55	1	
56	-1	
57	-1	
58	-1	
59	-1	
60	1	
61	1	
62	-1	
63	-1	
64	1	
65	-1	
66	-1	
67	-1	
68	1	
69	-1	
70	-1	
71	1	
72	1	
73	1	
74	1	
75	-1	
76	-1	
77	-1	
78	1	
79	-1	
80	1	
81	1	
82	-1	
83	1	
84	1	
85	-1	
86	1	
87	-1	
88	-1	
89	-1	
90	1	
91	-1	
92	-1	
93	1	
94	1	
95	1	
96	1	
97	1	
98	1	
99	1	
100	1	
101	1	
102	-1	
103	-1	
104	-1	
105	1	
106	-1	
107	-1	
108	-1	
109	-1	
110	1	
111	1	
112	1	
113	-1	
114	-1	
115	1	
116	-1	
117	-1	
118	1	
119	1	
120	1	
121	-1	
123	-1	
124	-1	
125	1	
126	1	
127	-1	
128	1	
129	-1	
130	1	
131	1	
132	-1	
133	-1	
134	-1	
135	-1	
136	-1	
137	-1	
138	1	
139	1	
141	1	
142	1	
143	1	
144	-1	
145	1	
146	-1	
147	-1	
148	-1	
149	1	
150	-1	
151	-1	
152	-1	
153	1	
154	-1	
155	1	
156	1	
157	-1	
158	-1	
159	1	
160	-1	
161	-1	
162	-1	
163	1	
164	-1	
165	-1	
166	1	
167	1	
168	-1	
169	-1	
170	-1	
171	1	
172	1	
173	1	
174	-1	
175	1	
176	-1	
177	1	
178	-1	
179	-1	
180	1	
181	1	
182	1	
183	1	
184	1	
185	-1	
186	-1	
187	1	
188	-1	
189	1	
190	-1	
191	1	
192	1	
193	1	
194	-1	
195	1	
196	-1	
197	-1	
198	-1	
199	-1	
200	-1	
201	1	
202	1	
203	1	
204	1	
205	1	
206	-1	
207	1	
208	1	
209	1	
210	1	
211	1	
212	-1	
213	1	
214	-1	
215	-1	
216	-1	
217	1	
218	1	
219	1	
220	1	
221	-1	
222	1	
223	1	
224	1	
225	-1	
226	-1	
227	-1	
228	-1	
229	-1	
230	1	
231	1	
232	-1	
233	-1	
234	-1	
235	1	
236	-1	
237	-1	
238	-1	
239	-1	
240	-1	
241	-1	
242	-1	
243	-1	
244	1	
245	-1	
246	-1	
247	-1	
248	1	
249	1	
250	1	
251	1	
252	1	
253	1	
254	-1	
255	-1	
256	-1	
257	-1	
258	1	
259	1	
260	-1	
261	-1	
262	-1	
263	1	
264	1	
265	-1	
266	1	
267	-1	
268	-1	
269	-1	
270	1	
271	1	
272	1	
273	-1	
274	-1	
275	1	
276	1	
277	-1	
278	1	
279	-1	
280	-1	
281	1	
282	1	
283	-1	
284	1	
285	1	
286	1	
287	1	
288	-1	
289	-1	
290	-1	
291	1	
292	1	
293	1	
294	1	
295	1	
296	1	
297	-1	
298	1	
299	1	
300	1	
301	1	
302	-1	
303	-1	
304	-1	
305	-1	
306	-1	
307	-1	
308	1	
309	-1	
310	1	
311	1	
312	-1	
313	-1	
314	-1	
315	1	
316	1	
317	1	
318	-1	
319	-1	
320	1	
321	-1	
322	1	
323	1	
324	1	
325	1	
326	1	
327	-1	
328	1	
329	-1	
330	-1	
331	1	
332	1	
333	1	
334	-1	
335	-1	
336	-1	
337	-1	
338	-1	
339	1	
340	-1	
341	-1	
342	1	
343	-1	
344	1	
345	-1	
346	-1	
347	-1	
348	-1	
349	1	
350	1	
351	1	
352	1	
353	-1	
354	-1	
355	1	
356	-1	
357	1	
358	1	
359	-1	
361	1	
362	1	
363	1	
364	1	
365	-1	
367	-1	
368	-1	
369	1	
370	1	
371	-1	
372	-1	
373	-1	
374	1	
375	-1	
376	-1	
377	-1	
378	1	
379	1	
380	1	
382	-1	
383	1	
384	-1	
385	-1	
386	-1	
387	-1	
388	-1	
389	1	
390	1	
391	1	
392	-1	
393	-1	
394	1	
396	1	
397	1	
398	1	
399	1	
400	-1	
401	1	
402	1	
403	1	
404	1	
405	-1	
406	-1	
407	1	
408	1	
409	1	
410	-1	
411	1	
412	-1	
413	-1	
414	1	
415	-1	
416	1	
417	1	
418	1	
419	1	
420	1	
421	-1	
422	-1	
424	-1	
425	-1	
426	1	
427	1	
428	1	
429	-1	
430	1	
431	-1	
432	-1	
433	1	
434	-1	
435	1	
436	1	
437	1	
438	-1	
439	-1	
440	1	
441	1	
442	1	
443	-1	
444	-1	
445	1	
446	-1	
447	1	
448	-1	
449	-1	
450	-1	
451	-1	
452	1	
453	1	
454	1	
455	1	
456	-1	
457	-1	
458	-1	
459	-1	
460	1	
461	-1	
462	1	
463	-1	
464	-1	
465	-1	
466	-1	
467	-1	
468	-1	
469	-1	
470	-1	
471	-1	
472	1	
473	1	
474	-1	
475	-1	
476	1	
477	1	
478	-1	
479	-1	
480	-1	
481	-1	
482	-1	
483	-1	
484	1	
485	-1	
486	1	
487	1	
488	1	
489	-1	
490	1	
491	1	
492	1	
493	1	
494	-1	
495	1	
496	1	
497	1	
498	1	
499	1	
500	-1	
501	1	
502	-1	
503	1	
504	1	
505	1	
506	1	
507	1	
508	-1	
509	1	
510	-1	
511	-1	
Js:	
466	468	-4	
467	468	-3	
467	471	-5	
464	471	-3	
464	469	-5	
466	469	4	
256	260	-4	
260	268	3	
265	268	-3	
265	269	-4	
261	269	-2	
256	261	-3	
352	357	-4	
357	365	5	
361	365	5	
361	367	7	
359	367	-3	
352	359	-3	
1	5	5	
2	5	-5	
2	66	4	
66	68	5	
65	68	-2	
1	65	-6	
64	71	-2	
67	71	5	
67	131	2	
131	135	5	
128	135	4	
64	128	4	
306	310	4	
310	318	-5	
315	318	4	
315	319	4	
311	319	5	
306	311	3	
82	84	7	
83	84	-2	
83	87	5	
81	87	5	
81	85	2	
82	85	2	
178	182	3	
179	182	5	
179	243	-4	
243	245	-4	
242	245	-5	
178	242	4	
424	428	3	
428	436	2	
435	436	-6	
435	439	3	
431	439	-3	
424	431	-4	
113	118	-4	
118	126	-4	
123	126	3	
123	127	-4	
119	127	6	
113	119	4	
400	404	4	
402	404	-6	
402	405	-2	
403	405	5	
403	406	4	
400	406	-3	
418	421	3	
421	429	3	
426	429	5	
426	430	-4	
422	430	2	
418	422	5	
57	60	2	
58	60	6	
58	61	3	
56	61	6	
56	63	-3	
57	63	-4	
97	100	-5	
99	100	-3	
99	101	-5	
96	101	-6	
96	102	4	
97	102	-4	
225	231	6	
227	231	3	
227	291	-2	
291	295	-2	
289	295	5	
225	289	-3	
226	229	-5	
229	237	-4	
235	237	4	
235	238	3	
230	238	-3	
226	230	5	
201	204	-4	
204	212	2	
208	212	-5	
208	213	-5	
205	213	-2	
201	205	-5	
249	253	-5	
251	253	-6	
251	254	3	
248	254	6	
248	255	3	
249	255	6	
281	284	-4	
283	284	4	
283	285	-3	
282	285	-4	
282	287	-4	
281	287	-5	
393	397	4	
394	397	-4	
394	399	-5	
392	399	-2	
392	398	6	
393	398	3	
385	391	3	
386	391	6	
386	450	-2	
450	455	5	
449	455	-2	
385	449	-2	
480	484	-2	
483	484	3	
483	485	-5	
481	485	-3	
481	486	7	
480	486	3	
505	508	5	
506	508	3	
506	510	6	
504	510	5	
504	511	5	
505	511	3	
337	341	-4	
338	341	-3	
338	342	5	
336	342	5	
336	343	-5	
337	343	-4	
41	44	-4	
44	52	-4	
51	52	-4	
51	53	-5	
45	53	-5	
41	45	4	
26	28	-5	
28	36	-2	
34	36	4	
34	39	3	
31	39	1	
26	31	-3	
168	173	-3	
170	173	5	
170	234	-3	
234	236	-4	
232	236	-5	
168	232	-1	
90	93	-4	
91	93	2	
91	155	2	
155	158	4	
154	158	-2	
90	154	3	
320	324	-4	
322	324	-4	
322	327	-4	
321	327	-4	
321	326	3	
320	326	-5	
216	220	-3	
217	220	-3	
217	223	-5	
218	223	-3	
218	222	-5	
216	222	3	
161	164	6	
162	164	-3	
162	166	5	
163	166	-3	
163	165	3	
161	165	-4	
16	20	-3	
17	20	-4	
17	22	6	
19	22	6	
19	23	5	
16	23	-6	
296	300	4	
300	308	-2	
307	308	2	
307	309	-3	
301	309	3	
296	301	-4	
368	374	5	
370	374	-5	
370	434	-1	
434	437	3	
432	437	5	
368	432	-2	
74	76	4	
75	76	-5	
75	139	-3	
139	141	-3	
138	141	-5	
74	138	-3	
491	492	-2	
492	500	1	
499	500	6	
499	503	-3	
495	503	2	
491	495	-3	
442	444	3	
443	444	-3	
443	447	-3	
440	447	-3	
440	446	3	
442	446	4	
272	277	-2	
273	277	-5	
273	278	2	
274	278	5	
274	279	-3	
272	279	5	
344	348	2	
345	348	-5	
345	409	2	
409	415	2	
408	415	3	
344	408	1	
144	149	3	
147	149	6	
147	150	-4	
145	150	5	
145	151	3	
144	151	-3	
177	181	-2	
181	189	-3	
187	189	-1	
187	191	-5	
183	191	-4	
177	183	4	
193	196	5	
195	196	5	
195	198	4	
192	198	4	
192	199	-4	
193	199	6	
264	270	-4	
267	270	4	
267	331	2	
331	333	-5	
328	333	-3	
264	328	-3	
104	108	-3	
105	108	-4	
105	109	4	
107	109	-3	
107	111	4	
104	111	5	
456	460	5	
458	460	3	
458	461	-4	
457	461	-5	
457	462	-3	
456	462	4	
472	476	-4	
474	476	-2	
474	479	-8	
475	479	-3	
475	478	-6	
472	478	5	
312	317	3	
314	317	5	
314	378	4	
378	380	-7	
376	380	7	
312	376	4	
10	13	-6	
11	13	4	
11	15	-5	
9	15	-3	
9	14	-5	
10	14	-2	
384	388	-3	
387	388	-5	
387	451	3	
451	453	5	
448	453	6	
384	448	-3	
42	46	5	
46	54	-2	
50	54	-3	
50	55	-6	
47	55	-1	
42	47	-5	
88	94	5	
89	94	6	
89	153	2	
153	156	-4	
152	156	-3	
88	152	-3	
25	29	-4	
29	37	-1	
35	37	-7	
35	38	4	
30	38	-2	
25	30	-8	
120	125	-5	
121	125	-5	
121	185	-1	
185	190	-4	
184	190	4	
120	184	-2	
72	79	5	
73	79	4	
73	137	3	
137	142	4	
136	142	3	
72	136	-1	
488	493	-2	
493	501	1	
498	501	-3	
498	502	5	
494	502	-2	
488	494	4	
202	206	6	
206	214	-3	
211	214	4	
211	215	3	
207	215	3	
202	207	-3	
346	349	4	
347	349	4	
347	411	2	
411	413	4	
410	413	4	
346	410	-3	
298	302	6	
299	302	3	
299	363	-5	
363	364	-4	
362	364	-8	
298	362	-4	
353	358	5	
355	358	-5	
355	419	-2	
419	420	-3	
417	420	-2	
353	417	5	
265	271	4	
266	271	-3	
266	330	3	
330	332	-3	
329	332	4	
265	329	-4	
112	116	1	
114	116	5	
114	178	-1	
178	180	4	
176	180	2	
112	176	2	
288	292	-1	
290	292	4	
290	354	-3	
354	356	-3	
352	356	4	
288	352	2	
258	261	5	
259	261	2	
259	263	-4	
257	263	5	
257	262	3	
258	262	5	
369	373	4	
371	373	-5	
371	435	1	
435	438	-4	
433	438	2	
369	433	-2	
240	246	-4	
241	246	3	
241	305	-3	
305	308	3	
304	308	5	
240	304	-2	
377	383	4	
379	383	-6	
379	443	1	
443	445	4	
441	445	-5	
377	441	-2	
129	132	-6	
130	132	6	
130	133	-1	
131	133	5	
131	134	4	
129	134	-5	
169	172	4	
171	172	4	
171	175	-5	
168	175	4	
168	174	-6	
169	174	-4	
0	4	3	
4	12	2	
8	12	3	
8	14	-4	
6	14	3	
0	6	4	
67	69	2	
69	77	-4	
73	77	5	
73	78	-4	
70	78	4	
67	70	-5	
243	244	5	
244	252	-3	
250	252	-6	
250	255	-2	
247	255	-4	
243	247	-1	
465	469	-3	
469	477	1	
473	477	-5	
473	478	1	
470	478	3	
465	470	-3	
89	92	-3	
92	100	1	
98	100	-5	
98	103	-2	
95	103	3	
89	95	4	
155	157	2	
157	165	-2	
160	165	-4	
160	167	4	
159	167	-2	
155	159	3	
216	221	-4	
219	221	3	
219	283	-3	
283	286	5	
280	286	4	
216	280	-2	
145	148	3	
146	148	-5	
146	210	-1	
210	215	3	
209	215	5	
145	209	-1	
273	276	3	
275	276	-6	
275	339	-4	
339	340	4	
337	340	-3	
273	337	-2	
233	239	-3	
235	239	3	
235	299	-3	
299	303	-2	
297	303	-5	
233	297	-2	
16	21	4	
18	21	5	
18	82	3	
82	86	4	
80	86	-4	
16	80	2	
106	109	-3	
109	117	-3	
115	117	2	
115	118	-6	
110	118	1	
106	110	3	
49	53	-1	
53	61	1	
59	61	3	
59	62	-5	
54	62	2	
49	54	-6	
425	429	-3	
427	429	2	
427	491	-3	
491	494	4	
489	494	-4	
425	489	-3	
401	404	3	
404	412	3	
411	412	3	
411	415	4	
407	415	5	
401	407	-3	
320	325	-2	
323	325	4	
323	387	1	
387	389	3	
384	389	4	
320	384	4	
136	143	5	
139	143	-4	
139	203	-3	
203	207	-3	
200	207	4	
136	200	5	
497	501	-2	
501	509	-3	
507	509	-7	
507	511	3	
503	511	2	
497	503	-4	
224	228	5	
226	228	1	
226	290	-4	
290	294	2	
288	294	3	
224	288	3	
312	316	4	
313	316	5	
313	377	-4	
377	382	-4	
376	382	-3	
449	452	5	
452	460	1	
459	460	4	
459	462	4	
454	462	-1	
449	454	6	
416	422	-2	
418	482	4	
482	487	4	
480	487	5	
416	480	5	
330	333	6	
331	334	4	
329	334	3	
329	335	-3	
330	335	-4	
370	372	4	
371	372	-6	
371	375	-2	
369	375	6	
370	373	2	
184	188	-4	
185	188	-4	
185	191	4	
186	191	3	
186	189	7	
184	189	-5	
33	36	-5	
35	36	3	
32	37	4	
32	39	-5	
33	39	5	
342	350	-2	
346	350	2	
346	351	5	
343	351	-4	
338	343	-2	
24	28	-3	
27	28	-3	
27	30	-3	
26	30	-2	
26	29	-4	
24	29	3	
40	45	-2	
43	45	6	
43	46	5	
40	47	-6	
192	197	4	
194	197	-6	
194	198	-3	
193	198	4	
386	388	2	
388	396	5	
392	396	4	
390	398	-5	
386	390	3	
115	116	4	
116	124	-5	
120	124	4	
120	127	-3	
115	119	-3	
408	414	-5	
410	414	2	
410	474	-3	
472	479	-2	
408	472	-4	
432	438	-2	
434	438	-4	
434	498	4	
498	500	2	
496	500	4	
432	496	5	
2	4	-5	
3	4	6	
3	6	4	
1	6	-5	
453	461	-2	
459	461	-6	
459	463	-2	
455	463	2	
451	455	4	
488	492	-3	
490	492	4	
490	493	-4	
489	493	5	
489	495	2	
488	495	-7	
48	52	-4	
52	60	-2	
55	63	-3	
48	55	-2	
280	285	3	
285	293	3	
289	293	4	
287	295	-2	
280	287	3	
65	69	-6	
72	77	2	
71	79	4	
65	71	-3	
88	92	2	
91	92	-5	
91	95	3	
90	95	-4	
88	93	4	
264	268	5	
267	268	4	
267	271	4	
266	270	-4	
409	412	4	
412	420	3	
419	421	4	
413	421	1	
409	413	4	
272	276	-4	
275	277	3	
274	277	3	
272	278	-4	
106	111	3	
107	171	1	
171	173	-5	
106	170	2	
76	84	1	
83	86	4	
78	86	-1	
74	78	-5	
9	12	-6	
9	13	2	
10	15	-4	
8	15	3	
144	148	-4	
146	149	2	
147	151	-3	
306	309	-3	
303	311	-1	
296	303	4	
202	205	-3	
211	213	3	
160	164	-4	
161	167	3	
162	167	4	
160	166	4	
240	244	4	
242	244	3	
242	247	-3	
241	247	-4	
347	348	-5	
344	349	-3	
344	350	-4	
345	350	5	
64	68	-2	
66	130	2	
130	135	5	
99	103	3	
97	103	4	
400	405	-4	
401	405	4	
401	406	3	
403	407	-3	
400	407	-4	
482	484	4	
483	487	4	
481	487	3	
482	486	-3	
440	445	-5	
441	505	-2	
505	510	-5	
440	504	-3	
361	364	-3	
362	365	-4	
363	365	2	
363	367	4	
228	236	3	
234	239	-4	
231	239	4	
224	231	-2	
217	221	6	
218	221	3	
219	222	-6	
219	223	-3	
195	197	6	
195	259	-3	
259	260	5	
258	260	2	
194	258	-2	
315	317	-3	
315	379	4	
379	380	-2	
465	468	-5	
466	470	3	
464	470	-5	
465	471	-4	
153	159	-3	
154	159	5	
154	157	-6	
152	157	-2	
19	20	-5	
18	22	-3	
17	21	-5	
248	252	3	
251	252	-3	
249	254	3	
291	292	-7	
292	300	-4	
298	300	-3	
294	302	-5	
291	294	-4	
176	181	6	
179	181	4	
177	182	-4	
176	183	3	
355	356	5	
353	359	-3	
354	359	-6	
322	325	-4	
323	327	5	
322	326	-3	
425	428	5	
426	428	3	
427	430	-6	
427	431	2	
425	431	-4	
394	458	3	
458	463	-5	
457	463	-5	
393	457	4	
129	133	-5	
133	141	4	
137	141	4	
134	142	-5	
227	229	-4	
233	237	-3	
233	238	-4	
227	230	3	
40	44	-3	
41	105	2	
40	104	-4	
433	436	2	
436	444	4	
442	447	-5	
439	447	2	
433	439	4	
57	62	-6	
59	123	2	
121	126	4	
57	121	-3	
50	114	3	
114	117	-4	
112	117	4	
48	112	-5	
328	332	-3	
332	340	3	
339	342	-2	
334	342	-1	
328	334	4	
304	310	2	
305	310	2	
305	369	4	
368	375	-3	
304	368	4	
33	37	4	
33	38	-3	
34	38	-4	
450	452	6	
450	453	-2	
448	454	5	
186	188	-3	
187	188	5	
187	190	4	
507	508	4	
505	509	-3	
209	212	2	
209	213	-3	
210	213	-4	
210	214	3	
208	214	2	
258	263	-3	
256	262	-4	
203	204	-4	
203	206	2	
200	206	2	
200	205	2	
475	476	3	
476	484	-3	
480	485	-3	
477	485	2	
475	477	4	
314	316	5	
314	318	-3	
312	318	-4	
312	319	2	
313	319	-4	
385	389	4	
387	391	4	
385	390	5	
496	501	3	
499	501	-6	
497	502	6	
496	502	3	
170	172	3	
169	175	4	
170	174	-3	
80	85	-3	
83	85	6	
81	86	-4	
282	284	-4	
281	286	-3	
281	285	-3	
27	31	-5	
24	31	6	
74	77	3	
75	77	-2	
138	143	-5	
336	341	-3	
341	349	3	
344	351	-4	
3	67	-3	
64	70	3	
0	64	-3	
51	54	-1	
51	115	-3	
49	113	5	
374	382	4	
375	383	2	
393	396	3	
396	404	1	
402	407	-1	
399	407	-2	
393	399	5	
353	357	2	
417	421	4	
416	421	5	
352	416	-3	
177	180	-4	
179	180	4	
241	245	-3	
177	241	3	
149	157	4	
153	157	2	
153	158	4	
150	158	2	
56	60	4	
58	63	-4	
59	63	4	
56	62	-2	
41	46	-4	
43	107	-2	
107	110	5	
105	110	-4	
426	431	3	
426	490	-4	
490	495	-4	
424	488	-4	
123	124	-5	
123	125	3	
120	126	-5	
437	445	3	
438	446	-5	
98	102	-3	
99	102	2	
99	163	-3	
163	167	-3	
98	162	2	
293	301	-5	
297	301	4	
297	302	-2	
289	294	3	
321	324	4	
324	332	3	
327	335	-2	
220	228	2	
225	228	-4	
223	231	2	
128	132	3	
131	132	1	
131	195	-1	
192	196	3	
128	192	1	
462	470	-3	
467	470	-3	
463	471	-2	
456	463	-2	
269	277	-3	
273	279	3	
271	279	4	
13	21	1	
15	23	-3	
409	414	3	
409	473	-5	
473	476	-5	
307	310	5	
307	371	2	
306	370	4	
90	94	1	
152	158	-5	
250	253	-3	
234	237	-4	
232	239	-2	
232	238	-4	
474	478	-2	
478	486	-1	
483	486	2	
479	487	2	
218	282	-3	
280	284	2	
164	172	1	
169	173	2	
165	173	3	
68	76	4	
72	76	4	
66	71	-2	
18	20	4	
20	28	2	
23	31	2	
18	23	-3	
104	109	-4	
112	119	-2	
111	119	1	
200	204	4	
208	215	3	
275	278	-3	
339	341	-5	
274	338	-1	
98	101	-3	
96	103	4	
356	364	2	
355	357	-4	
443	507	3	
506	511	3	
442	506	-4	
435	437	-2	
432	439	-4	
378	383	4	
379	382	5	
305	309	-4	
307	311	5	
304	311	2	
392	397	4	
392	456	-3	
402	406	4	
403	467	3	
467	469	-4	
402	466	2	
80	87	3	
81	145	-3	
144	150	4	
80	144	3	
418	420	-6	
414	422	-2	
411	414	-3	
489	492	4	
490	494	2	
491	493	-4	
178	183	3	
176	240	-3	
325	333	-3	
330	334	-4	
326	334	2	
323	326	-3	
427	428	-4	
424	430	2	
424	429	-5	
43	44	-3	
50	52	-3	
50	53	-3	
224	229	-2	
290	295	4	
288	295	5	
136	141	2	
138	142	-3	
350	358	-2	
354	358	4	
351	359	1	
345	351	-2	
130	194	-1	
194	199	-3	
129	193	1	
148	156	4	
155	156	-6	
151	159	4	
146	151	-5	
297	361	3	
267	269	-1	
266	269	5	
11	14	-4	
11	75	-4	
75	78	-2	
9	73	2	
186	190	-3	
451	452	3	
451	454	3	
448	455	3	
84	92	3	
89	93	3	
85	93	3	
401	465	3	
464	468	-3	
400	464	-2	
166	174	-2	
167	175	-2	
385	388	3	
394	396	-5	
391	399	-4	
497	500	-3	
0	5	6	
64	69	4	
235	236	2	
299	300	-5	
232	296	4	
278	286	-3	
279	287	3	
219	220	-2	
225	230	2	
222	230	1	
42	106	2	
106	108	-5	
322	386	2	
384	390	3	
346	348	-3	
121	124	-2	
121	127	-3	
114	119	2	
245	253	2	
482	485	-3	
440	444	4	
441	444	4	
504	508	4	
331	332	-4	
336	340	-3	
335	343	2	
331	335	3	
298	301	2	
291	293	-3	
19	21	1	
16	22	-3	
203	205	-3	
201	207	-3	
201	206	-4	
417	422	4	
419	422	3	
419	483	-4	
417	481	3	
90	92	4	
91	94	3	
128	133	3	
130	134	-1	
128	134	3	
368	372	1	
369	374	-2	
368	373	-3	
48	54	-4	
112	118	-2	
458	462	3	
194	196	3	
210	212	-2	
209	214	4	
58	62	-3	
163	164	3	
163	227	-3	
224	230	-4	
160	224	2	
250	254	3	
246	254	3	
243	246	-3	
2	6	-4	
66	70	-3	
65	70	-3	
329	333	3	
329	393	-1	
328	392	-1	
443	446	-4	
506	509	-4	
405	413	-3	
410	415	-4	
32	38	-4	
34	98	-3	
32	96	2	
306	308	4	
308	316	-2	
498	503	-4	
496	503	-3	
471	479	-1	
321	385	1	
10	12	4	
10	74	2	
100	108	2	
107	108	-3	
102	110	3	
123	187	-1	
353	356	2	
83	147	2	
284	292	-2	
286	294	1	
338	340	-4	
338	402	3	
337	401	2	
218	220	-4	
216	223	4	
210	274	5	
274	276	-1	
208	272	-2	
203	267	3	
200	264	1	
171	174	2	
161	166	3	
257	261	-4	
256	263	-3	
152	159	-1	
309	317	-2	
313	317	3	
305	311	2	
347	350	3	
345	349	-3	
448	452	3	
450	454	-3	
234	238	2	
75	79	2	
8	72	-4	
365	373	-2	
367	375	3	
433	437	-5	
135	143	1	
129	135	-1	
186	250	2	
185	249	3	
170	175	2	
105	169	1	
82	146	2	
146	150	-3	
288	293	4	
377	380	2	
408	412	5	
472	477	3	
416	420	-3	
460	468	2	
461	469	-1	
51	55	-3	
27	91	-3	
24	88	-3	
323	324	-3	
321	325	5	
178	181	3	
233	236	-3	
328	335	4	
162	226	-2	
242	246	-3	
240	247	4	
57	61	3	
42	44	-3	
41	47	-4	
67	68	3	
35	39	-2	
434	436	-4	
441	446	2	
138	202	-2	
137	201	2	
281	345	1	
280	344	4	
265	270	3	
262	270	2	
259	262	2	
389	397	4	
168	172	4	
172	180	-2	
174	182	-1	
94	102	2	
3	5	-3	
147	148	-2	
248	253	2	
251	315	-1	
248	312	3	
113	117	2	
226	231	-1	
481	484	2	
484	492	4	
486	494	2	
411	475	2	
474	477	3	
372	380	-2	
371	374	2	
425	430	3	
214	222	-2	
215	223	1	
139	142	-3	
272	336	1	
81	84	-2	
304	309	-3	
8	13	-4	
72	78	-2	
499	502	-1	
441	447	-3	
25	28	3	
24	30	3	
105	111	-3	
137	143	3	
406	414	3	
192	256	2	
211	212	5	
212	220	2	
213	221	1	
33	97	1	
96	100	-2	
176	182	-2	
154	156	-2	
282	286	2	
282	346	1	
473	479	2	
17	23	1	
187	251	-2	
251	255	3	
364	372	3	
369	372	2	
362	367	1	
237	245	3	
238	246	-2	
27	29	-4	
26	90	-2	
387	390	2	
202	266	2	
113	116	-2	
114	118	3	
43	47	-2	
40	46	1	
348	356	-2	
349	357	1	
433	497	-3	
337	342	3	
315	316	-2	
236	244	1	
239	247	-2	
386	389	3	
77	85	2	
79	87	-2	
289	292	-2	
289	353	-1	
66	69	-2	
277	285	2	
184	248	-3	
257	260	-4	
264	269	3	
314	319	-1	
466	471	-3	
283	287	1	
162	165	2	
298	303	2	
32	36	-3	
34	37	2	
88	95	-1	
48	53	3	
49	55	-3	
209	273	3	
457	460	3	
180	188	2	
263	271	1	
1	4	2	
147	211	1	
144	208	1	
376	383	2	
378	442	-1	
376	440	2	
117	125	3	
500	508	2	
153	217	-3	
152	216	-2	
485	493	2	
339	403	-2	
403	404	-1	
17	81	-2	
394	398	-1	
97	101	-3	
355	359	-2	
59	60	4	
196	204	2	
197	205	-1	
211	275	-2	
283	347	-2	
435	499	-2	
259	323	2	
256	320	2	
449	453	3	
185	189	-2	
179	183	3	
250	314	2	
295	303	2	
36	44	-3	
38	46	-1	
86	94	-1	
232	237	-2	
12	20	-2	
80	84	-3	
87	95	-3	
5	13	-1	
49	52	-3	
35	99	-2	
398	406	1	
258	322	-1	
257	321	1	
198	206	-3	
199	207	2	
241	244	-2	
243	307	-1	
169	233	-3	
182	190	1	
145	149	-3	
352	358	2	
276	284	-2	
42	45	1	
21	29	2	
22	30	2	
410	412	2	
408	413	2	
378	382	2	
370	375	2	
104	110	-2	
240	245	-1	
290	293	-1	
363	427	1	
362	426	-1	
320	327	3	
195	199	1	
113	177	1	
347	351	2	
82	87	-2	
184	191	2	
296	302	2	
264	271	-2	
225	229	-2	
217	281	-2	
249	252	1	
103	111	2	
19	83	-1	
430	438	1	
297	300	-2	
502	510	1	
171	235	1	
108	116	-1	
202	204	-2	
227	228	-3	
161	225	-1	
39	47	-2	
456	461	-2	
11	12	-1	
266	268	1	
268	276	-2	
420	428	-1	
507	510	1	
504	509	1	
25	89	2	
313	318	-2	
354	357	2	
217	222	1	
384	391	1	
234	298	-1	
270	278	1	
434	439	-2	
56	120	1	
156	164	1	
158	166	1	
101	109	-1	
340	348	-1	
339	343	1	
221	229	-1	
25	31	1	
97	161	1	
193	197	-1	
193	257	1	
336	400	1	
175	183	-1	
74	79	1	
468	476	1	
155	219	1	
442	445	1	
Energy:	-3320	
