NumberOfQubits	504	
NumberOfSubgraphs	672	
Serial	111	
PlantedSolution:	
0	-1	
1	-1	
2	-1	
3	1	
4	1	
5	1	
6	-1	
8	1	
9	-1	
10	-1	
11	-1	
12	-1	
13	-1	
14	-1	
15	1	
16	-1	
17	-1	
18	-1	
19	1	
20	1	
21	-1	
22	1	
23	1	
24	-1	
25	1	
26	-1	
27	1	
28	1	
29	-1	
30	-1	
31	-1	
32	1	
33	1	
34	-1	
35	-1	
36	-1	
37	1	
38	1	
39	-1	
40	-1	
41	-1	
42	-1	
43	1	
44	1	
45	-1	
46	-1	
47	1	
48	1	
49	-1	
50	1	
51	1	
52	-1	
53	1	
54	-1	
55	-1	
56	-1	
57	-1	
58	1	
59	-1	
60	-1	
61	1	
62	-1	
63	-1	
64	-1	
65	1	
66	1	
67	1	
68	1	
69	-1	
70	1	
71	-1	
72	1	
73	-1	
74	-1	
75	-1	
76	-1	
77	-1	
78	-1	
79	1	
80	-1	
81	1	
82	-1	
83	-1	
84	1	
85	1	
86	-1	
87	1	
88	-1	
89	-1	
90	-1	
91	1	
92	-1	
93	1	
94	1	
95	-1	
96	1	
97	-1	
98	1	
99	1	
100	1	
101	1	
102	-1	
103	-1	
104	1	
105	1	
106	-1	
107	1	
108	1	
109	-1	
110	-1	
111	-1	
112	1	
113	-1	
114	-1	
115	1	
116	1	
117	1	
118	-1	
119	1	
120	-1	
121	-1	
123	-1	
124	-1	
125	-1	
126	-1	
127	-1	
128	-1	
129	-1	
130	1	
131	-1	
132	1	
133	1	
134	-1	
135	1	
136	-1	
137	-1	
138	-1	
139	1	
141	-1	
142	-1	
143	1	
144	1	
145	-1	
146	-1	
147	1	
148	-1	
149	-1	
150	-1	
151	1	
152	-1	
153	-1	
154	-1	
155	-1	
156	1	
157	-1	
158	-1	
159	1	
160	-1	
161	-1	
162	1	
163	-1	
164	1	
165	-1	
166	1	
167	-1	
168	1	
169	-1	
170	1	
171	1	
172	-1	
173	1	
174	1	
175	1	
176	-1	
177	-1	
178	1	
179	-1	
180	-1	
181	-1	
182	1	
183	1	
184	-1	
185	1	
186	1	
187	1	
188	-1	
189	1	
190	-1	
191	1	
192	-1	
193	1	
194	-1	
195	-1	
196	-1	
197	-1	
198	1	
199	-1	
200	1	
201	-1	
202	1	
203	-1	
204	-1	
205	-1	
206	-1	
207	1	
208	-1	
209	1	
210	-1	
211	-1	
212	-1	
213	1	
214	1	
215	-1	
216	1	
217	1	
218	-1	
219	-1	
220	1	
221	-1	
222	1	
223	1	
224	1	
225	1	
226	-1	
227	-1	
228	1	
229	1	
230	-1	
231	1	
232	-1	
233	-1	
234	1	
235	-1	
236	1	
237	1	
238	1	
239	-1	
240	-1	
241	1	
242	-1	
243	1	
244	-1	
245	-1	
246	1	
247	-1	
248	1	
249	1	
250	1	
251	-1	
252	-1	
253	1	
254	-1	
255	1	
256	-1	
257	1	
258	-1	
259	-1	
260	-1	
261	1	
262	-1	
263	1	
264	-1	
265	-1	
266	-1	
267	1	
268	-1	
269	1	
270	-1	
271	-1	
272	1	
273	-1	
274	1	
275	1	
276	1	
277	1	
278	-1	
279	1	
280	1	
281	1	
282	-1	
283	-1	
284	-1	
285	1	
286	-1	
287	1	
288	1	
289	-1	
290	1	
291	-1	
292	1	
293	1	
294	-1	
295	1	
296	1	
297	-1	
298	-1	
299	-1	
300	-1	
301	1	
302	1	
303	-1	
304	1	
305	1	
306	-1	
307	1	
308	1	
309	-1	
310	1	
311	1	
312	1	
313	1	
314	-1	
315	1	
316	-1	
317	-1	
318	1	
319	1	
320	-1	
321	1	
322	1	
323	-1	
324	1	
325	1	
326	1	
327	1	
328	1	
329	-1	
330	-1	
331	-1	
332	-1	
333	-1	
334	1	
335	1	
336	1	
337	1	
338	1	
339	-1	
340	-1	
341	-1	
342	-1	
343	1	
344	1	
345	-1	
346	1	
347	1	
348	-1	
349	-1	
350	1	
351	1	
352	1	
353	-1	
354	-1	
355	-1	
356	-1	
357	-1	
358	1	
359	1	
361	-1	
362	-1	
363	1	
364	1	
365	-1	
367	-1	
368	-1	
369	1	
370	1	
371	1	
372	-1	
373	-1	
374	-1	
375	-1	
376	1	
377	-1	
378	1	
379	-1	
380	-1	
382	1	
383	1	
384	1	
385	1	
386	-1	
387	1	
388	1	
389	-1	
390	-1	
391	1	
392	-1	
393	-1	
394	-1	
396	-1	
397	1	
398	-1	
399	-1	
400	1	
401	1	
402	1	
403	1	
404	1	
405	-1	
406	1	
407	1	
408	1	
409	1	
410	-1	
411	1	
412	1	
413	-1	
414	-1	
415	1	
416	-1	
417	1	
418	1	
419	1	
420	-1	
421	1	
422	1	
424	-1	
425	-1	
426	1	
427	-1	
428	1	
429	-1	
430	1	
431	-1	
432	1	
433	1	
434	1	
435	1	
436	-1	
437	-1	
438	-1	
439	1	
440	1	
441	-1	
442	-1	
443	-1	
444	1	
445	1	
446	-1	
447	1	
448	-1	
449	-1	
450	1	
451	1	
452	-1	
453	-1	
454	1	
455	1	
456	-1	
457	-1	
458	1	
459	1	
460	-1	
461	1	
462	1	
463	1	
464	-1	
465	1	
466	1	
467	1	
468	1	
469	1	
470	-1	
471	-1	
472	1	
473	-1	
474	1	
475	1	
476	-1	
477	-1	
478	1	
479	-1	
480	1	
481	1	
482	1	
483	1	
484	-1	
485	-1	
486	1	
487	-1	
488	-1	
489	1	
490	1	
491	-1	
492	-1	
493	-1	
494	-1	
495	-1	
496	1	
497	-1	
498	-1	
499	-1	
500	1	
501	1	
502	-1	
503	1	
504	-1	
505	-1	
506	1	
507	1	
508	1	
509	-1	
510	-1	
511	-1	
Js:	
328	333	2	
329	333	3	
329	335	4	
331	335	2	
331	334	4	
328	334	-3	
161	164	5	
163	164	5	
163	227	-4	
227	230	-3	
225	230	3	
161	225	-2	
432	436	3	
435	436	3	
435	437	4	
434	437	3	
434	439	-4	
432	439	2	
202	206	4	
203	206	1	
203	267	2	
267	269	-3	
266	269	3	
202	266	1	
80	85	3	
81	85	-4	
81	145	-2	
145	149	-3	
144	149	5	
80	144	2	
232	236	6	
235	236	4	
235	237	2	
234	237	-5	
234	239	-4	
232	239	-2	
57	63	6	
59	63	-5	
59	123	-2	
123	124	-5	
121	124	-6	
57	121	-1	
192	199	-2	
195	199	-6	
195	259	-2	
259	262	-7	
256	262	3	
192	256	-3	
240	246	3	
242	246	3	
242	306	1	
306	309	-4	
304	309	3	
240	304	2	
363	364	-4	
364	372	2	
369	372	-3	
369	373	4	
365	373	-3	
363	365	6	
385	389	3	
387	389	4	
387	451	2	
451	454	-3	
449	454	4	
385	449	2	
11	14	-6	
14	22	-1	
17	22	3	
17	23	4	
15	23	-1	
11	15	2	
129	132	5	
131	132	4	
131	134	4	
128	134	-5	
128	135	4	
129	135	4	
337	340	-3	
338	340	5	
338	343	-2	
339	343	3	
339	342	-6	
337	342	3	
1	4	6	
2	4	3	
2	5	5	
0	5	4	
0	6	-5	
1	6	2	
321	324	3	
322	324	-3	
322	327	-4	
320	327	4	
320	325	3	
321	325	-5	
489	492	5	
492	500	3	
498	500	4	
498	501	2	
493	501	3	
489	493	3	
186	189	-4	
187	189	-5	
187	190	3	
184	190	-5	
184	191	3	
186	191	2	
104	108	-3	
107	108	-5	
107	171	-4	
171	174	-3	
168	174	-3	
104	168	2	
91	93	-5	
93	101	-2	
97	101	3	
97	102	-5	
94	102	3	
91	94	2	
344	351	-2	
345	351	5	
345	409	2	
409	413	-2	
408	413	5	
344	408	-4	
216	223	2	
218	223	4	
218	282	-2	
282	285	3	
280	285	-3	
216	280	-3	
392	396	-3	
396	404	-1	
400	404	-4	
400	406	-4	
398	406	1	
392	398	-6	
419	420	4	
420	428	4	
426	428	-5	
426	430	4	
422	430	-1	
419	422	-5	
289	292	4	
291	292	2	
291	294	5	
290	294	4	
290	293	-3	
289	293	4	
473	476	-6	
475	476	4	
475	479	4	
472	479	4	
472	477	4	
473	477	3	
65	70	3	
70	78	2	
72	78	2	
72	79	-2	
71	79	3	
65	71	3	
25	29	3	
29	37	1	
33	37	-3	
33	39	-5	
31	39	-2	
25	31	3	
40	44	5	
42	44	-3	
42	45	-3	
41	45	-3	
41	46	-5	
40	46	-3	
113	116	5	
114	116	4	
114	117	3	
115	117	-4	
115	119	3	
113	119	2	
442	447	4	
443	447	4	
443	507	1	
507	508	-4	
506	508	-3	
442	506	-1	
273	277	3	
275	277	-5	
275	278	4	
274	278	-4	
274	279	-3	
273	279	6	
249	252	4	
250	252	2	
250	314	3	
314	319	2	
313	319	-4	
249	313	-3	
208	212	-3	
209	212	4	
209	215	4	
210	215	-5	
210	214	3	
208	214	-6	
296	301	5	
299	301	3	
299	303	-2	
297	303	-3	
297	302	3	
296	302	-4	
248	254	4	
251	254	-4	
251	315	3	
315	317	3	
312	317	3	
248	312	-3	
456	461	-3	
459	461	-4	
459	462	-7	
457	462	3	
457	463	4	
456	463	4	
217	222	-3	
219	222	2	
219	283	-3	
283	287	-3	
281	287	-6	
217	281	-2	
153	157	4	
157	165	-3	
160	165	-3	
160	167	-5	
159	167	3	
153	159	5	
480	484	2	
481	484	3	
481	487	4	
482	487	2	
482	485	-4	
480	485	3	
177	180	-4	
179	180	5	
179	182	2	
178	182	-5	
178	181	5	
177	181	-5	
466	468	-3	
467	468	-4	
467	470	5	
464	470	-4	
464	471	-5	
466	471	2	
82	84	3	
83	84	4	
83	147	-2	
147	151	-4	
146	151	2	
82	146	-2	
73	77	-3	
75	77	-5	
75	139	2	
139	141	5	
137	141	3	
73	137	-2	
347	348	3	
348	356	-6	
353	356	-2	
353	358	5	
350	358	4	
347	350	-4	
48	52	4	
49	52	5	
49	54	-1	
51	54	4	
51	55	2	
48	55	4	
193	198	-5	
194	198	4	
194	258	-1	
258	261	4	
257	261	-5	
193	257	2	
105	110	3	
106	110	-2	
106	170	1	
170	172	4	
169	172	-4	
105	169	-3	
376	380	4	
377	380	4	
377	382	5	
379	382	5	
379	383	4	
376	383	-4	
24	28	3	
26	28	4	
26	90	-3	
90	95	-3	
88	95	-4	
24	88	-4	
424	429	-6	
427	429	-3	
427	491	-3	
491	494	-3	
488	494	5	
424	488	-4	
241	244	4	
243	244	4	
243	307	-3	
307	310	-4	
305	310	-3	
241	305	-2	
440	445	-3	
441	445	-6	
441	505	-3	
505	509	-4	
504	509	-2	
440	504	3	
384	390	3	
386	390	-2	
386	450	2	
450	455	-3	
448	455	4	
384	448	2	
32	36	-3	
34	36	-5	
34	98	5	
98	103	4	
96	103	6	
32	96	-4	
393	397	3	
397	405	1	
401	405	4	
401	407	-4	
399	407	-1	
393	399	-3	
8	12	-3	
12	20	2	
18	20	3	
18	21	-2	
13	21	-2	
8	13	5	
200	207	-5	
201	207	4	
201	265	-1	
265	270	-2	
264	270	-4	
200	264	-2	
352	357	4	
354	357	-5	
354	418	-2	
418	421	-3	
416	421	4	
352	416	4	
432	438	2	
433	438	3	
433	497	3	
497	503	4	
496	503	3	
432	496	-3	
64	68	3	
67	68	-2	
67	70	-3	
66	70	-4	
66	69	-4	
64	69	-4	
146	148	-4	
148	156	3	
154	156	5	
154	158	-5	
150	158	2	
146	150	-4	
368	373	-4	
371	373	5	
371	375	4	
370	375	5	
370	374	4	
368	374	-4	
410	414	-4	
411	414	3	
411	475	-2	
475	478	-4	
474	478	3	
410	474	4	
224	229	-6	
226	229	2	
226	290	2	
290	295	-2	
288	295	3	
224	288	-3	
56	60	-6	
57	60	-3	
57	62	-4	
58	62	5	
58	61	-7	
56	61	3	
297	300	-2	
298	300	-5	
298	362	-2	
362	367	-6	
361	367	-4	
297	361	-2	
112	117	3	
117	125	4	
120	125	-5	
120	126	-3	
118	126	-6	
112	118	2	
72	76	7	
74	76	-5	
74	138	-3	
138	142	-5	
136	142	-5	
72	136	-3	
336	341	3	
341	349	-2	
346	349	-3	
346	351	-3	
343	351	-2	
336	343	-3	
257	260	3	
260	268	-3	
266	268	-3	
266	271	-4	
263	271	-4	
257	263	-2	
194	196	-2	
196	204	-5	
203	204	3	
203	205	-4	
197	205	-3	
194	197	-3	
176	180	-6	
180	188	-2	
185	188	4	
185	191	-4	
183	191	-4	
176	183	-3	
458	460	7	
460	468	2	
465	468	-3	
465	469	-7	
461	469	2	
458	461	-4	
242	245	4	
245	253	4	
248	253	-3	
248	255	-3	
247	255	4	
242	247	-4	
211	212	-3	
212	220	3	
216	220	-3	
216	221	3	
213	221	-2	
211	213	3	
89	92	-3	
92	100	2	
99	100	-3	
99	102	4	
89	94	-3	
43	45	5	
45	53	2	
50	53	-5	
50	55	3	
47	55	-1	
43	47	-4	
272	276	-3	
276	284	2	
282	284	-4	
282	286	-3	
278	286	2	
272	278	3	
483	486	-4	
486	494	-1	
490	494	4	
490	495	4	
487	495	-2	
483	487	3	
499	502	-2	
502	510	-2	
507	510	5	
507	511	4	
503	511	-3	
499	503	4	
323	324	4	
324	332	2	
330	332	-3	
330	334	2	
326	334	4	
323	326	4	
27	28	2	
28	36	1	
35	36	-3	
35	38	3	
30	38	2	
27	30	4	
230	238	-3	
233	238	6	
233	239	-3	
231	239	1	
225	231	-4	
130	133	-4	
133	141	2	
139	143	-4	
135	143	1	
130	135	-3	
162	165	3	
165	173	2	
170	173	-4	
170	174	3	
166	174	-3	
162	166	-4	
402	404	2	
404	412	-3	
410	412	3	
410	415	3	
407	415	-5	
402	407	-2	
353	359	2	
355	359	6	
355	419	1	
417	422	-4	
353	417	-3	
384	388	2	
388	396	6	
394	396	-5	
394	399	-6	
391	399	4	
384	391	-5	
305	308	-3	
308	316	3	
314	316	-5	
311	319	-2	
305	311	2	
16	22	4	
19	22	-4	
19	83	-3	
83	86	-4	
80	86	-4	
16	80	-2	
9	12	-4	
10	12	-4	
10	14	-4	
8	14	2	
8	15	-4	
9	15	4	
152	156	2	
155	156	-6	
155	157	-5	
154	157	-2	
152	158	-6	
99	101	-3	
101	109	4	
106	109	-4	
106	111	-5	
103	111	1	
99	103	2	
449	452	-3	
450	452	5	
450	453	3	
451	453	3	
425	430	4	
430	438	2	
435	438	2	
435	439	2	
431	439	2	
425	431	-6	
378	380	3	
378	442	-2	
442	444	3	
440	444	-3	
376	440	-3	
18	23	3	
18	82	-3	
82	87	4	
81	87	3	
17	81	4	
0	4	-3	
3	4	-5	
3	67	-4	
67	71	4	
64	71	-1	
0	64	-4	
123	125	-6	
120	127	-6	
121	127	-5	
104	110	3	
107	110	5	
171	175	-4	
168	175	-5	
218	220	1	
220	228	-4	
226	228	2	
226	231	4	
223	231	3	
336	342	4	
339	403	2	
403	405	3	
400	405	4	
336	400	-2	
307	309	2	
309	317	-4	
313	317	3	
313	318	-3	
310	318	3	
379	443	-1	
443	446	-5	
441	446	1	
377	441	-2	
181	189	2	
182	190	4	
177	182	2	
288	294	3	
291	355	-3	
352	359	-2	
288	352	-2	
128	132	3	
129	134	-3	
131	133	3	
128	133	3	
328	335	-3	
329	393	2	
393	398	-5	
328	392	2	
200	205	2	
205	213	-1	
210	213	5	
207	215	1	
265	268	-5	
267	268	3	
267	271	1	
264	271	3	
264	269	2	
265	269	4	
233	236	3	
234	238	-2	
232	237	-3	
499	500	3	
500	508	-2	
506	509	5	
501	509	3	
499	501	2	
244	252	-3	
249	253	-4	
241	245	2	
323	325	3	
320	326	3	
321	327	-3	
192	196	-4	
195	196	-2	
195	198	-2	
193	197	2	
192	197	-5	
33	38	-3	
38	46	2	
43	46	2	
39	47	3	
484	492	2	
485	493	-1	
481	485	3	
88	93	2	
91	155	1	
155	159	2	
152	159	3	
88	152	2	
361	364	5	
362	364	5	
363	367	4	
361	365	4	
281	284	3	
283	284	-3	
283	285	3	
280	287	3	
73	76	-1	
74	77	-2	
75	79	-4	
73	79	3	
162	164	-3	
162	167	2	
160	166	3	
161	166	3	
51	53	-1	
51	115	-4	
114	119	3	
50	114	3	
368	372	-3	
371	372	3	
369	375	3	
369	374	4	
386	389	-4	
386	391	2	
387	391	2	
387	390	4	
385	390	4	
293	301	-3	
296	303	4	
295	303	3	
289	295	2	
470	478	2	
472	478	-3	
471	479	-2	
467	471	-4	
273	276	3	
274	276	-6	
274	277	2	
272	277	-4	
272	279	-3	
344	349	3	
347	349	3	
347	411	-3	
411	412	-4	
408	412	3	
26	29	-3	
27	29	3	
27	31	4	
24	31	-2	
24	30	-4	
26	30	-3	
142	150	-2	
144	150	3	
144	151	-2	
143	151	-2	
138	143	-3	
456	460	-4	
458	462	1	
418	420	3	
424	428	2	
421	429	-3	
145	148	-5	
147	148	2	
147	211	3	
211	214	4	
209	214	-3	
145	209	-2	
59	60	-4	
59	62	2	
256	260	3	
259	260	-3	
258	262	-3	
258	263	2	
256	263	4	
179	183	4	
179	243	2	
243	246	-3	
176	240	-2	
332	340	1	
338	341	4	
333	341	-4	
330	333	-4	
426	431	-2	
427	431	-3	
491	495	-2	
426	490	-2	
49	113	-5	
112	116	-3	
48	112	-2	
1	5	2	
2	66	4	
65	69	3	
1	65	4	
401	406	-2	
402	406	-5	
402	466	-3	
466	469	4	
401	465	-2	
346	348	3	
354	356	-5	
354	358	2	
346	350	-3	
32	37	-3	
34	37	3	
98	100	-3	
96	100	1	
433	437	4	
434	498	5	
498	502	-4	
497	502	-3	
41	44	3	
42	106	-4	
105	111	4	
41	105	3	
409	414	4	
474	476	2	
409	473	-2	
81	84	-4	
84	92	3	
90	92	-3	
87	95	3	
300	308	4	
306	308	2	
306	311	5	
303	311	-3	
298	303	-1	
184	188	-2	
186	188	5	
186	250	-2	
250	255	4	
184	248	1	
19	20	-3	
19	21	3	
9	13	2	
217	221	4	
221	229	2	
227	229	3	
222	230	3	
170	175	-3	
168	173	2	
169	173	5	
201	204	-2	
202	204	-4	
200	206	4	
483	485	2	
480	487	3	
480	486	-5	
482	486	-2	
506	511	4	
504	511	-3	
504	510	-4	
505	510	2	
312	316	2	
315	316	-3	
315	318	-3	
312	319	-5	
451	452	4	
451	455	-6	
448	453	-4	
443	444	-3	
440	446	2	
440	447	-2	
224	228	2	
225	228	-5	
225	289	2	
288	292	-4	
241	246	-3	
246	254	-3	
251	255	3	
241	247	3	
3	5	-4	
5	13	3	
11	13	-4	
6	14	2	
3	6	3	
235	238	-3	
235	299	-4	
299	302	3	
233	297	-4	
386	388	3	
394	397	4	
389	397	-3	
77	85	2	
78	86	-2	
74	78	-3	
353	357	-2	
417	420	2	
416	420	-2	
114	118	-2	
121	126	2	
119	127	4	
97	100	4	
100	108	3	
104	109	4	
405	413	4	
408	415	-2	
403	407	-3	
370	372	3	
372	380	-2	
378	383	-4	
375	383	-1	
273	278	-2	
275	339	-2	
273	337	2	
435	499	5	
496	502	4	
258	322	2	
322	325	-4	
257	321	-3	
424	431	-3	
425	489	3	
489	494	2	
149	157	-3	
151	159	-2	
145	151	4	
281	286	2	
282	346	3	
345	350	3	
281	345	-1	
16	21	-4	
21	29	-3	
23	31	2	
16	23	-3	
136	141	-4	
137	143	4	
139	142	2	
219	220	1	
214	222	-1	
464	469	3	
462	470	1	
50	54	3	
54	62	-3	
55	63	-4	
131	195	-3	
194	199	2	
130	194	4	
267	270	4	
267	331	-3	
331	332	-5	
328	332	3	
264	328	3	
185	190	3	
178	183	-3	
36	44	2	
40	47	3	
35	39	-3	
89	95	-3	
89	153	-1	
153	158	-3	
304	310	-3	
65	68	-5	
66	68	1	
66	71	3	
67	69	3	
475	477	2	
473	478	3	
99	163	2	
163	167	1	
96	160	2	
433	436	3	
436	444	3	
441	444	2	
437	445	3	
491	493	-4	
497	501	3	
495	503	-1	
385	391	-3	
448	452	3	
163	166	3	
227	231	3	
162	226	-3	
285	293	-2	
291	293	3	
286	294	-2	
280	286	4	
418	422	-4	
419	483	-4	
483	484	-3	
482	484	4	
418	482	-4	
262	270	-2	
116	124	-2	
123	126	-3	
113	118	-3	
463	471	1	
458	463	-2	
314	318	3	
315	379	3	
314	378	2	
82	86	-2	
179	181	-1	
243	245	3	
178	242	2	
10	15	-5	
10	74	-3	
74	79	2	
9	73	-3	
256	261	3	
261	269	-3	
322	326	-4	
327	335	-1	
363	427	-2	
427	428	3	
362	426	1	
202	205	5	
274	338	-1	
336	340	3	
272	336	1	
347	351	-2	
409	412	2	
232	296	-2	
25	28	-4	
90	93	2	
89	93	4	
25	89	-2	
146	149	-3	
146	210	1	
208	213	2	
144	208	2	
40	45	-2	
48	53	-2	
48	54	4	
46	54	1	
304	308	-2	
307	308	-4	
307	371	1	
304	368	4	
187	188	3	
187	251	-1	
250	254	2	
392	399	-2	
107	111	2	
171	173	-2	
155	219	-2	
219	223	3	
154	218	-3	
344	348	-3	
349	357	-2	
57	61	2	
58	63	1	
56	63	2	
98	102	1	
33	97	-1	
68	76	-3	
64	70	4	
504	508	-4	
505	508	3	
505	511	-2	
130	132	-2	
130	134	3	
284	292	2	
290	292	-4	
287	295	-2	
417	421	-4	
417	481	-3	
481	486	-3	
416	480	-3	
337	341	3	
338	402	2	
337	401	-2	
198	206	-2	
201	206	-4	
199	207	2	
193	199	2	
320	324	4	
323	387	2	
320	384	2	
211	215	-3	
121	185	3	
185	189	-2	
184	189	-3	
120	184	-2	
434	438	-3	
438	446	-4	
442	446	-4	
439	447	-4	
228	236	-1	
234	236	-2	
229	237	-3	
27	91	-3	
88	94	2	
177	241	-2	
240	244	-3	
51	52	5	
113	117	1	
313	377	2	
376	382	-2	
312	376	1	
490	492	3	
496	500	-3	
494	502	1	
403	404	-4	
403	467	-2	
400	464	1	
355	357	-2	
357	365	-1	
359	367	1	
164	172	1	
171	172	2	
167	175	-2	
161	167	-3	
468	476	-1	
474	477	5	
469	477	1	
80	84	2	
32	38	-3	
41	47	-2	
32	39	3	
248	252	-2	
251	252	-3	
251	253	2	
249	254	3	
425	429	1	
489	495	3	
488	495	-4	
299	300	-4	
298	301	3	
450	454	3	
448	454	3	
410	413	-3	
409	415	-4	
408	414	2	
335	343	-3	
330	335	3	
457	460	-2	
459	463	-3	
456	462	3	
275	279	-3	
138	141	-4	
137	142	-3	
136	143	-2	
82	85	4	
79	87	-2	
217	220	-4	
218	221	-2	
218	222	-4	
216	222	-3	
370	373	-2	
371	374	3	
237	245	1	
240	245	-2	
240	247	-2	
239	247	-2	
163	165	-1	
427	430	2	
361	425	-1	
43	44	-3	
37	45	-1	
35	37	5	
329	332	-2	
91	92	3	
315	319	-3	
312	318	-2	
498	503	-1	
2	6	-4	
322	386	1	
385	388	-3	
321	385	1	
466	470	4	
465	470	-2	
238	246	-1	
235	239	-4	
177	183	3	
176	181	-2	
128	192	1	
337	343	-3	
129	133	4	
129	193	-2	
280	284	2	
281	285	-2	
291	295	2	
187	191	-3	
56	62	-2	
258	260	-4	
26	31	-3	
25	30	2	
17	20	3	
18	22	-3	
19	23	-3	
209	213	-3	
144	148	2	
11	12	-2	
11	75	2	
75	78	-3	
73	78	-4	
307	311	2	
305	309	5	
49	55	-2	
226	230	1	
224	230	3	
264	268	-2	
265	271	-2	
412	420	1	
414	422	-1	
377	383	3	
433	439	-2	
96	102	3	
95	103	-1	
105	108	-2	
108	116	-1	
111	119	-1	
387	388	-2	
491	492	-2	
496	501	3	
352	358	-3	
449	453	-4	
453	461	2	
454	462	-3	
160	164	-2	
161	165	-2	
297	301	-2	
169	174	3	
174	182	-1	
175	183	-1	
169	175	-1	
250	253	-3	
90	94	3	
86	94	3	
219	221	-3	
283	286	-3	
368	375	-2	
428	436	1	
506	510	3	
344	350	-3	
34	38	3	
35	99	-2	
98	101	-2	
42	46	-3	
266	270	-3	
331	333	-2	
266	330	-2	
217	223	-2	
257	262	-1	
259	323	-1	
323	327	4	
120	124	1	
16	20	3	
20	28	-2	
24	29	3	
53	61	-3	
476	484	-2	
478	486	-1	
147	150	3	
289	294	-2	
289	353	-2	
392	397	3	
393	457	-2	
392	456	-2	
168	172	2	
170	234	-1	
168	232	2	
139	203	-3	
203	207	3	
137	201	-2	
109	117	-1	
115	118	2	
110	118	-1	
426	429	2	
193	196	3	
200	204	1	
339	340	-3	
153	156	2	
154	159	1	
442	445	2	
464	468	3	
465	471	2	
313	316	3	
314	317	3	
449	455	3	
85	93	-1	
80	87	-3	
411	415	-2	
434	436	-1	
384	389	-2	
112	119	-3	
265	329	-2	
329	334	3	
234	298	2	
298	302	3	
379	380	-3	
378	382	-3	
42	47	-3	
40	104	3	
83	87	-1	
355	356	-2	
351	359	-2	
160	224	1	
459	460	2	
401	404	-2	
400	407	1	
186	190	-1	
147	149	-2	
477	485	-1	
479	487	2	
474	479	2	
215	223	2	
208	215	-3	
195	197	-3	
192	198	1	
97	103	2	
52	60	-2	
138	202	1	
416	422	3	
115	116	-1	
115	179	2	
112	176	1	
152	216	2	
227	228	2	
432	437	3	
443	445	2	
242	244	-2	
249	255	-2	
394	398	-1	
390	398	3	
269	277	-1	
270	278	1	
123	187	-1	
8	72	-2	
411	413	2	
472	476	-1	
408	472	-2	
49	53	3	
69	77	-2	
171	235	-1	
490	493	3	
488	493	2	
467	469	-1	
283	347	1	
59	61	3	
210	212	-2	
362	365	2	
367	375	-1	
17	21	-2	
91	95	-2	
304	311	-2	
306	370	-2	
340	348	-1	
345	348	-2	
342	350	-1	
136	200	2	
172	180	1	
173	181	1	
259	261	1	
259	263	2	
406	414	2	
473	479	-2	
325	333	1	
457	461	3	
352	356	-1	
275	276	-2	
9	14	-1	
507	509	2	
102	110	-2	
72	77	2	
227	291	-1	
81	86	1	
419	421	-2	
282	287	1	
88	92	-2	
393	396	-1	
302	310	1	
176	182	2	
374	382	-1	
56	120	1	
403	406	2	
338	342	2	
96	101	-2	
153	217	-1	
131	135	2	
345	349	3	
243	247	-1	
114	178	-1	
355	358	-2	
305	369	1	
394	458	-2	
321	326	1	
425	428	1	
424	430	1	
33	36	2	
105	109	-1	
83	85	2	
290	354	1	
354	359	-1	
452	460	-1	
455	463	2	
58	60	3	
4	12	1	
497	500	1	
296	300	1	
201	205	1	
202	207	-1	
488	492	-1	
224	231	1	
22	30	1	
233	237	2	
104	111	1	
306	310	2	
441	447	2	
107	109	2	
280	344	1	
369	433	-1	
368	432	-1	
232	238	-1	
277	285	-1	
279	287	1	
98	162	1	
288	293	1	
204	212	-1	
206	214	1	
339	341	-2	
97	161	1	
429	437	1	
121	125	-1	
123	127	-1	
152	157	-1	
134	142	1	
346	410	1	
Energy:	-2898	
