NumberOfQubits	504	
NumberOfSubgraphs	504	
Serial	35	
PlantedSolution:	
0	-1	
1	1	
2	-1	
3	-1	
4	1	
5	1	
6	-1	
8	1	
9	1	
10	-1	
11	-1	
12	-1	
13	1	
14	1	
15	1	
16	-1	
17	1	
18	1	
19	1	
20	-1	
21	-1	
22	-1	
23	-1	
24	1	
25	1	
26	-1	
27	1	
28	1	
29	-1	
30	-1	
31	1	
32	1	
33	-1	
34	-1	
35	1	
36	-1	
37	1	
38	1	
39	-1	
40	1	
41	-1	
42	1	
43	-1	
44	-1	
45	-1	
46	-1	
47	1	
48	-1	
49	1	
50	-1	
51	-1	
52	-1	
53	-1	
54	1	
55	-1	
56	-1	
57	-1	
58	1	
59	1	
60	-1	
61	1	
62	-1	
63	1	
64	1	
65	1	
66	-1	
67	1	
68	1	
69	1	
70	1	
71	-1	
72	-1	
73	1	
74	1	
75	-1	
76	1	
77	1	
78	-1	
79	-1	
80	1	
81	1	
82	1	
83	-1	
84	-1	
85	-1	
86	1	
87	1	
88	-1	
89	-1	
90	1	
91	1	
92	-1	
93	-1	
94	-1	
95	-1	
96	1	
97	-1	
98	1	
99	1	
100	1	
101	1	
102	1	
103	1	
104	-1	
105	1	
106	1	
107	1	
108	-1	
109	-1	
110	1	
111	-1	
112	1	
113	-1	
114	-1	
115	-1	
116	1	
117	1	
118	1	
119	1	
120	-1	
121	1	
123	1	
124	1	
125	1	
126	-1	
127	1	
128	1	
129	-1	
130	-1	
131	1	
132	1	
133	-1	
134	-1	
135	1	
136	1	
137	1	
138	-1	
139	-1	
141	-1	
142	-1	
143	1	
144	-1	
145	-1	
146	1	
147	1	
148	-1	
149	1	
150	-1	
151	1	
152	1	
153	-1	
154	1	
155	1	
156	1	
157	1	
158	1	
159	1	
160	1	
161	-1	
162	-1	
163	-1	
164	1	
165	1	
166	1	
167	1	
168	1	
169	1	
170	-1	
171	1	
172	-1	
173	1	
174	1	
175	1	
176	-1	
177	1	
178	1	
179	1	
180	1	
181	-1	
182	1	
183	1	
184	1	
185	1	
186	-1	
187	1	
188	1	
189	-1	
190	1	
191	-1	
192	-1	
193	-1	
194	-1	
195	1	
196	-1	
197	1	
198	-1	
199	-1	
200	1	
201	-1	
202	1	
203	-1	
204	1	
205	-1	
206	1	
207	1	
208	1	
209	1	
210	1	
211	-1	
212	1	
213	1	
214	-1	
215	-1	
216	1	
217	-1	
218	1	
219	-1	
220	1	
221	-1	
222	-1	
223	1	
224	1	
225	-1	
226	1	
227	1	
228	-1	
229	1	
230	1	
231	-1	
232	-1	
233	1	
234	1	
235	-1	
236	-1	
237	-1	
238	1	
239	-1	
240	-1	
241	-1	
242	-1	
243	-1	
244	1	
245	1	
246	1	
247	1	
248	-1	
249	-1	
250	1	
251	-1	
252	1	
253	1	
254	1	
255	1	
256	-1	
257	-1	
258	1	
259	1	
260	-1	
261	-1	
262	-1	
263	-1	
264	-1	
265	-1	
266	-1	
267	1	
268	-1	
269	1	
270	1	
271	-1	
272	-1	
273	1	
274	1	
275	-1	
276	-1	
277	-1	
278	1	
279	-1	
280	-1	
281	-1	
282	1	
283	-1	
284	-1	
285	1	
286	1	
287	-1	
288	-1	
289	-1	
290	1	
291	1	
292	-1	
293	-1	
294	1	
295	-1	
296	-1	
297	1	
298	1	
299	-1	
300	-1	
301	1	
302	-1	
303	1	
304	-1	
305	1	
306	-1	
307	1	
308	1	
309	-1	
310	-1	
311	1	
312	-1	
313	1	
314	-1	
315	1	
316	-1	
317	1	
318	1	
319	1	
320	-1	
321	-1	
322	-1	
323	1	
324	1	
325	1	
326	-1	
327	1	
328	1	
329	1	
330	1	
331	-1	
332	1	
333	-1	
334	1	
335	1	
336	1	
337	1	
338	-1	
339	1	
340	-1	
341	1	
342	-1	
343	1	
344	-1	
345	1	
346	-1	
347	-1	
348	1	
349	-1	
350	-1	
351	1	
352	-1	
353	1	
354	1	
355	-1	
356	-1	
357	1	
358	-1	
359	1	
361	-1	
362	-1	
363	1	
364	-1	
365	-1	
367	1	
368	1	
369	-1	
370	1	
371	1	
372	-1	
373	1	
374	1	
375	-1	
376	1	
377	1	
378	1	
379	-1	
380	-1	
382	1	
383	1	
384	-1	
385	1	
386	1	
387	-1	
388	1	
389	-1	
390	1	
391	1	
392	-1	
393	1	
394	-1	
396	1	
397	-1	
398	-1	
399	-1	
400	1	
401	-1	
402	1	
403	1	
404	-1	
405	1	
406	-1	
407	1	
408	1	
409	-1	
410	-1	
411	-1	
412	1	
413	-1	
414	1	
415	1	
416	1	
417	-1	
418	1	
419	-1	
420	-1	
421	1	
422	-1	
424	1	
425	1	
426	-1	
427	-1	
428	1	
429	-1	
430	1	
431	-1	
432	1	
433	1	
434	1	
435	-1	
436	1	
437	-1	
438	-1	
439	1	
440	-1	
441	1	
442	-1	
443	1	
444	1	
445	-1	
446	-1	
447	-1	
448	-1	
449	-1	
450	1	
451	1	
452	-1	
453	1	
454	1	
455	-1	
456	-1	
457	-1	
458	1	
459	-1	
460	1	
461	-1	
462	1	
463	-1	
464	-1	
465	1	
466	-1	
467	1	
468	1	
469	1	
470	-1	
471	-1	
472	1	
473	1	
474	1	
475	-1	
476	1	
477	-1	
478	-1	
479	1	
480	1	
481	-1	
482	1	
483	1	
484	-1	
485	1	
486	-1	
487	1	
488	1	
489	-1	
490	-1	
491	-1	
492	1	
493	-1	
494	1	
495	1	
496	1	
497	1	
498	-1	
499	1	
500	1	
501	-1	
502	1	
503	1	
504	-1	
505	1	
506	1	
507	-1	
508	1	
509	1	
510	1	
511	1	
Js:	
337	340	3	
339	340	3	
339	342	-2	
336	342	5	
336	343	-2	
337	343	-3	
145	149	2	
149	157	-2	
153	157	-1	
153	158	4	
150	158	2	
145	150	-5	
456	460	4	
459	460	2	
459	463	-6	
457	463	2	
457	462	2	
456	462	3	
280	284	-4	
281	284	2	
281	286	3	
283	286	4	
283	287	-2	
280	287	-4	
162	164	4	
163	164	3	
163	167	4	
161	167	2	
161	166	3	
162	166	2	
424	428	-5	
426	428	2	
426	431	-3	
425	431	3	
425	429	2	
424	429	2	
177	183	3	
178	183	-3	
178	242	2	
242	245	2	
241	245	4	
177	241	2	
264	269	1	
266	269	5	
266	330	2	
330	335	-4	
328	335	2	
264	328	2	
48	54	3	
49	54	-2	
49	113	3	
113	119	2	
112	119	-2	
48	112	3	
193	196	-1	
195	196	5	
195	199	2	
192	199	2	
192	198	-1	
193	198	-3	
297	300	2	
298	300	-4	
298	362	1	
362	365	-2	
361	365	-3	
297	361	2	
41	45	-2	
42	45	4	
42	46	2	
40	46	1	
40	47	3	
41	47	3	
305	308	-3	
308	316	-3	
315	316	3	
315	319	-2	
311	319	-3	
305	311	-4	
89	94	-2	
94	102	1	
98	102	-3	
98	103	-3	
95	103	-1	
89	95	-3	
410	413	-3	
413	421	2	
416	421	2	
416	422	2	
414	422	1	
410	414	3	
440	446	-2	
441	446	2	
441	505	1	
505	511	-3	
504	511	3	
440	504	-1	
26	28	3	
28	36	3	
34	36	4	
34	37	4	
29	37	2	
26	29	-3	
184	189	2	
185	189	2	
185	249	2	
249	252	4	
248	252	4	
184	248	-2	
16	20	-3	
17	20	2	
17	22	5	
18	22	4	
18	23	5	
16	23	2	
75	76	4	
76	84	2	
82	84	3	
82	87	1	
79	87	2	
75	79	-3	
322	325	4	
323	325	-3	
323	387	2	
387	391	3	
386	391	-3	
322	386	3	
274	276	4	
275	276	-3	
275	279	-4	
272	279	-3	
272	277	-5	
274	277	-1	
64	71	4	
65	71	3	
65	129	1	
129	135	-1	
128	135	-3	
64	128	-1	
346	348	1	
348	356	1	
355	356	-2	
355	359	-2	
351	359	-3	
346	351	2	
496	500	-4	
498	500	2	
498	503	2	
499	503	-4	
499	502	-2	
496	502	2	
368	372	3	
369	372	2	
369	374	4	
370	374	-3	
370	375	2	
368	375	2	
289	293	-4	
290	293	3	
290	295	3	
291	295	3	
291	294	4	
289	294	2	
259	262	3	
262	270	1	
265	270	2	
265	271	-2	
263	271	-2	
259	263	-1	
394	397	-5	
397	405	1	
401	405	3	
401	406	-3	
398	406	-1	
394	398	3	
168	172	4	
169	172	2	
169	174	-2	
171	174	-3	
171	173	-3	
168	173	-4	
464	468	2	
465	468	-3	
465	469	-4	
467	469	3	
467	470	4	
464	470	-3	
8	12	2	
11	12	-4	
11	15	3	
10	15	-3	
10	13	4	
8	13	-3	
217	221	-3	
218	221	3	
218	222	3	
216	222	3	
216	223	-3	
217	223	-4	
80	86	-2	
83	86	3	
83	147	2	
147	151	-2	
144	151	3	
80	144	-1	
202	205	3	
205	213	1	
209	213	-3	
209	215	3	
207	215	-1	
202	207	-2	
32	38	-3	
35	38	-3	
35	99	-3	
99	100	-3	
96	100	-2	
32	96	-4	
56	60	-5	
59	60	6	
59	123	-1	
123	125	2	
120	125	3	
56	120	-1	
482	484	3	
483	484	-2	
483	487	-2	
481	487	3	
481	485	3	
482	485	-3	
450	453	-3	
451	453	-3	
451	455	2	
449	455	2	
449	454	4	
450	454	-3	
233	237	-3	
235	237	-3	
235	238	2	
234	238	-4	
234	239	3	
233	239	4	
432	436	-3	
434	436	-3	
434	437	3	
433	437	3	
433	439	-2	
432	439	-2	
488	492	-4	
491	492	3	
491	495	-1	
490	495	2	
490	493	-3	
488	493	3	
225	228	-3	
226	228	3	
226	229	-3	
227	229	2	
227	230	-4	
225	230	2	
66	69	3	
69	77	-4	
74	77	-3	
74	78	-1	
70	78	3	
66	70	4	
106	108	2	
107	108	5	
107	109	2	
104	109	-2	
104	111	2	
106	111	2	
378	380	4	
379	380	-3	
379	382	3	
377	382	5	
377	383	-3	
378	383	-4	
24	30	2	
27	30	3	
27	91	-5	
91	93	2	
88	93	-3	
24	88	3	
137	142	4	
139	142	-3	
139	203	-2	
203	204	3	
201	204	-3	
137	201	4	
392	396	3	
396	404	-1	
403	404	3	
403	407	-4	
399	407	1	
392	399	-3	
296	301	3	
301	309	-1	
307	309	3	
307	310	4	
302	310	-1	
296	302	-4	
473	476	4	
475	476	3	
475	477	-5	
472	477	2	
472	479	-4	
473	479	-3	
344	350	-3	
347	350	-3	
347	411	-2	
411	415	5	
408	415	-2	
344	408	-2	
1	4	-3	
3	4	4	
3	6	-3	
0	6	-2	
0	5	3	
1	5	3	
320	327	2	
321	327	5	
321	385	1	
385	389	3	
384	389	-3	
320	384	2	
442	447	-3	
443	447	2	
443	507	2	
507	508	4	
506	508	3	
442	506	2	
115	116	3	
116	124	-3	
121	124	-4	
121	126	2	
118	126	4	
115	118	-2	
176	182	-2	
179	182	-4	
179	243	2	
243	247	4	
240	247	3	
176	240	-2	
51	53	3	
53	61	2	
57	61	2	
57	63	4	
55	63	2	
51	55	-4	
186	188	1	
187	188	-4	
187	251	-2	
251	254	3	
250	254	-3	
186	250	2	
353	357	-3	
354	357	-3	
354	418	-3	
418	420	4	
417	420	-2	
353	417	-2	
146	148	3	
148	156	1	
152	156	-4	
152	159	-3	
151	159	-1	
146	151	3	
313	316	2	
314	316	2	
314	318	2	
312	318	3	
312	317	3	
313	317	-1	
129	132	4	
131	132	-1	
131	133	-4	
130	133	-4	
130	134	-2	
129	134	-4	
329	332	3	
331	332	2	
331	333	-2	
328	333	3	
328	334	-2	
329	334	-3	
256	260	2	
257	260	-4	
257	261	-2	
258	261	4	
258	262	2	
256	262	-3	
210	212	-4	
211	212	4	
211	215	-2	
208	215	2	
208	214	-4	
210	214	2	
136	141	5	
138	141	1	
138	202	2	
202	206	-4	
200	206	-2	
136	200	-2	
288	292	-3	
292	300	-2	
299	300	2	
299	303	4	
295	303	2	
288	295	-2	
474	478	4	
478	486	-1	
480	486	2	
480	487	-4	
479	487	1	
474	479	-3	
273	278	-3	
274	278	3	
274	338	1	
338	341	4	
337	341	-2	
273	337	-1	
105	110	-3	
106	110	-2	
106	170	3	
170	175	4	
169	175	-4	
105	169	3	
160	165	-2	
162	165	1	
162	226	4	
226	231	-1	
224	231	4	
160	224	-2	
17	21	3	
19	21	3	
19	83	3	
83	85	-1	
81	85	2	
17	81	1	
8	14	-3	
9	14	-2	
9	73	-4	
73	78	3	
72	78	-2	
8	72	3	
25	30	2	
30	38	2	
33	38	3	
33	39	-3	
31	39	-3	
25	31	-3	
363	365	3	
365	373	2	
371	373	-3	
371	375	-2	
367	375	3	
363	367	-3	
43	44	-6	
44	52	1	
50	52	-2	
50	53	-4	
45	53	-2	
43	45	-2	
497	501	3	
501	509	-2	
504	509	2	
504	510	3	
502	510	-2	
497	502	-2	
232	236	-3	
236	244	1	
242	244	2	
242	246	-3	
238	246	-1	
232	238	2	
425	430	-4	
427	430	3	
427	491	-2	
491	494	3	
489	494	2	
425	489	-2	
90	92	3	
91	92	-2	
91	155	-1	
155	159	-4	
154	159	-2	
90	154	-2	
281	285	3	
282	285	-4	
282	346	2	
346	349	-3	
345	349	4	
281	345	-1	
400	405	-2	
402	405	-2	
402	466	3	
466	471	-4	
464	471	-3	
400	464	2	
448	452	-4	
452	460	2	
458	460	-2	
458	461	4	
453	461	2	
448	453	-1	
435	436	-1	
436	444	-3	
443	444	-1	
443	445	4	
437	445	-2	
435	437	-2	
113	117	3	
114	117	4	
114	178	-1	
178	181	3	
177	181	3	
113	177	2	
352	358	-4	
355	358	-4	
355	419	-2	
419	420	2	
416	420	3	
352	416	1	
384	388	3	
388	396	-4	
393	396	-3	
393	398	4	
390	398	4	
384	390	-1	
2	4	2	
3	67	3	
67	68	-4	
66	68	-2	
2	66	-4	
186	189	-5	
186	190	2	
185	190	-4	
185	191	-1	
184	191	4	
409	412	1	
410	412	-3	
411	413	-3	
409	415	4	
97	101	4	
101	109	3	
107	110	1	
102	110	-3	
97	102	2	
128	133	2	
130	194	-2	
194	197	3	
192	197	4	
128	192	2	
265	268	-3	
267	268	2	
267	271	-2	
266	271	-2	
265	269	2	
57	60	-3	
59	61	2	
58	61	-4	
58	62	5	
57	62	-3	
248	253	3	
251	253	3	
251	255	3	
249	255	2	
249	254	4	
248	254	-1	
217	220	3	
218	220	-4	
219	222	-3	
219	223	2	
320	324	4	
322	324	1	
323	326	-2	
320	326	-2	
304	308	2	
306	308	3	
306	310	-1	
305	310	2	
304	311	-4	
139	141	-3	
139	143	3	
138	143	2	
138	142	-3	
136	142	-2	
376	380	3	
378	442	2	
442	444	2	
440	444	-4	
376	440	1	
432	438	4	
433	438	2	
433	497	-4	
497	500	-3	
432	496	2	
353	356	3	
356	364	-4	
363	364	-2	
359	367	-2	
353	359	-2	
112	116	-4	
115	179	2	
179	180	-3	
176	180	4	
112	176	-1	
114	118	2	
120	126	-3	
120	127	3	
119	127	3	
114	119	5	
144	148	-3	
147	148	4	
147	211	-1	
208	212	-1	
144	208	1	
476	484	2	
481	484	-1	
477	485	2	
473	477	2	
370	373	-3	
371	435	1	
435	439	-3	
434	439	-3	
370	434	-1	
9	12	2	
11	13	-2	
10	14	2	
225	231	-2	
225	289	1	
289	292	-3	
224	288	1	
193	199	-3	
195	259	-1	
259	260	-2	
193	257	-1	
146	149	-3	
152	157	3	
152	158	-2	
146	150	2	
24	28	-2	
35	36	3	
35	39	3	
24	31	-3	
336	341	-3	
339	341	-3	
338	342	-2	
338	343	2	
160	166	-4	
166	174	-2	
170	174	3	
167	175	-3	
160	167	-2	
65	68	-3	
68	76	2	
72	76	2	
72	77	2	
65	69	-2	
402	404	3	
403	406	-2	
400	406	3	
400	407	-3	
402	407	-2	
41	46	-4	
46	54	2	
51	54	2	
47	55	-1	
315	318	2	
315	379	2	
379	383	2	
376	383	-3	
312	376	3	
298	301	-3	
298	303	1	
297	303	-4	
297	302	2	
386	390	-2	
387	390	2	
387	451	1	
451	452	2	
450	452	2	
386	450	1	
203	205	-2	
200	205	3	
200	207	-2	
201	207	3	
233	236	3	
234	236	1	
232	239	-3	
232	237	-1	
426	490	-2	
424	488	2	
89	92	-2	
90	94	2	
88	94	4	
89	93	-3	
240	244	2	
243	244	-3	
241	247	3	
240	245	2	
393	397	-2	
394	458	1	
458	462	-3	
393	457	3	
459	461	1	
461	469	1	
465	471	1	
463	471	-2	
16	22	-2	
18	82	-2	
82	85	3	
80	85	3	
16	80	-2	
505	509	-3	
506	509	-4	
506	510	2	
507	510	3	
507	511	2	
321	324	2	
324	332	-2	
330	332	-2	
327	335	3	
272	276	1	
273	276	2	
273	279	1	
275	277	-1	
216	221	2	
219	221	-2	
219	283	1	
283	285	2	
280	285	2	
216	280	1	
418	422	2	
419	422	-3	
419	483	4	
483	486	-2	
482	486	3	
418	482	-2	
164	172	2	
165	173	-3	
163	165	3	
345	348	-2	
347	348	3	
347	351	2	
344	351	-2	
344	349	-2	
98	100	-4	
100	108	2	
104	108	-3	
103	111	4	
32	37	2	
33	37	3	
33	97	-3	
96	101	-2	
2	5	4	
64	70	-2	
0	64	-3	
291	293	1	
291	355	2	
354	358	3	
290	354	1	
250	255	-3	
250	314	2	
314	319	3	
313	319	-4	
249	313	-1	
123	124	-3	
123	187	1	
187	190	-2	
121	185	-1	
489	493	2	
493	501	-2	
499	501	2	
495	503	-2	
489	495	4	
304	309	-2	
306	309	-2	
306	370	1	
370	372	-2	
304	368	2	
19	20	3	
20	28	2	
25	28	-2	
25	29	2	
21	29	1	
467	468	2	
468	476	-1	
472	476	-2	
472	478	2	
470	478	-3	
194	258	1	
256	261	-3	
192	256	1	
131	134	3	
134	142	-2	
137	143	1	
135	143	-3	
131	135	-3	
81	84	3	
81	87	2	
384	391	2	
385	391	-2	
385	449	-1	
448	454	2	
384	448	-1	
267	270	3	
267	331	3	
329	333	2	
265	329	3	
417	421	3	
421	429	1	
427	429	-3	
422	430	-1	
417	422	-3	
59	63	-3	
58	63	-3	
56	62	4	
40	44	3	
42	47	-3	
379	443	2	
441	445	3	
377	441	-1	
282	286	-2	
286	294	-1	
287	295	-1	
282	287	2	
208	213	-2	
210	213	-2	
210	215	2	
209	214	3	
408	412	-3	
411	412	2	
409	414	4	
408	414	1	
177	180	-2	
180	188	-3	
184	188	-2	
183	191	3	
154	156	-3	
155	156	1	
153	159	2	
154	158	-3	
352	356	-2	
361	364	2	
357	365	2	
352	357	2	
1	6	2	
67	71	-1	
1	65	-2	
220	228	1	
227	228	3	
222	230	-2	
48	52	-4	
49	53	1	
49	55	-2	
48	55	-2	
196	204	3	
203	206	3	
198	206	3	
195	198	-2	
117	125	-2	
393	399	-2	
457	461	-2	
456	461	-2	
392	456	-2	
260	268	1	
264	268	-5	
264	271	-3	
257	263	-2	
307	308	-3	
307	371	-1	
371	374	2	
305	369	2	
435	438	-3	
438	446	-2	
441	447	3	
439	447	1	
492	500	-2	
498	502	-2	
494	502	-2	
26	31	1	
27	31	-2	
91	95	-2	
90	95	1	
26	90	3	
9	15	-4	
10	74	2	
74	79	2	
73	79	2	
173	181	1	
179	181	2	
174	182	1	
99	101	-3	
105	109	3	
99	102	1	
241	244	-1	
244	252	-3	
245	253	-3	
81	86	-2	
145	151	2	
81	145	-2	
235	236	-3	
235	299	1	
299	301	3	
232	296	-2	
276	284	-1	
283	284	-2	
278	286	-1	
336	340	-1	
340	348	2	
344	348	3	
342	350	-1	
322	326	-3	
387	389	-2	
386	389	2	
466	469	2	
469	477	2	
474	477	-1	
466	470	-2	
161	164	-2	
225	229	2	
161	225	-2	
361	367	2	
362	367	2	
362	426	-2	
361	425	-1	
128	132	-3	
130	132	2	
129	133	1	
128	134	1	
480	485	1	
482	487	-1	
481	486	-3	
330	334	-2	
448	455	-4	
312	316	-2	
314	317	-2	
16	21	-3	
18	21	1	
17	23	-1	
400	404	1	
401	404	-2	
403	405	2	
505	508	-3	
506	511	-3	
34	98	2	
240	246	2	
242	306	-2	
240	304	-1	
385	388	2	
392	398	-2	
385	390	-3	
105	111	3	
412	420	1	
408	413	2	
288	294	2	
289	353	1	
353	358	-1	
288	352	-2	
259	261	3	
256	263	-2	
258	263	3	
49	52	4	
51	52	-1	
51	115	-2	
115	117	-1	
137	141	1	
201	205	2	
107	171	-1	
171	172	-3	
104	168	1	
153	156	3	
153	217	-1	
152	216	-2	
187	191	-2	
176	183	2	
5	13	-2	
6	14	3	
2	6	-2	
224	229	2	
229	237	2	
234	237	3	
230	238	-2	
224	230	-2	
377	380	1	
376	382	-2	
460	468	-1	
466	468	3	
456	463	1	
145	148	1	
144	149	3	
144	150	-1	
84	92	-2	
88	92	-3	
86	94	3	
82	86	-2	
267	269	-1	
269	277	3	
273	277	4	
270	278	-3	
32	39	1	
97	103	2	
96	103	1	
161	165	-3	
163	166	1	
211	214	1	
349	357	-2	
354	359	-2	
298	302	3	
299	302	-1	
199	207	3	
410	474	2	
409	473	-2	
338	340	3	
339	343	-4	
24	29	2	
34	38	-1	
56	61	2	
489	492	2	
490	494	3	
488	494	1	
67	69	-2	
73	77	-3	
67	70	2	
321	326	-1	
326	334	2	
331	334	3	
331	335	2	
243	246	1	
246	254	3	
247	255	-1	
434	498	2	
498	501	-2	
123	126	3	
112	118	1	
181	189	-2	
182	190	-2	
178	182	-3	
85	93	-3	
87	95	-2	
80	87	-3	
12	20	-2	
19	23	-3	
15	23	1	
41	44	1	
43	47	1	
427	428	2	
424	431	2	
362	364	-3	
364	372	-1	
369	375	-3	
389	397	-2	
394	399	-4	
391	399	-2	
74	76	-2	
75	139	1	
74	138	2	
154	157	-1	
155	157	-3	
155	219	2	
219	220	-2	
154	218	-1	
0	4	2	
228	236	1	
231	239	-1	
227	231	2	
309	317	3	
315	317	-3	
310	318	3	
483	485	-2	
402	406	2	
401	465	-2	
130	135	2	
131	195	1	
194	196	-3	
454	462	-1	
451	454	2	
500	508	1	
504	508	1	
503	511	-1	
496	503	-3	
268	276	-1	
271	279	1	
371	372	3	
368	373	-3	
368	374	-2	
251	252	1	
243	245	1	
347	349	1	
345	351	-2	
345	350	2	
323	324	1	
321	325	1	
121	125	-3	
121	127	-4	
50	54	-3	
50	55	-1	
441	444	-2	
440	447	1	
440	445	-3	
27	29	2	
290	292	2	
288	293	-2	
419	421	3	
411	475	-2	
475	479	-1	
408	472	-2	
455	463	1	
464	469	2	
465	470	-2	
467	471	2	
272	278	-1	
266	270	3	
363	427	1	
426	429	-1	
129	193	1	
193	197	3	
216	220	1	
217	222	-1	
8	15	1	
171	235	2	
235	239	-1	
168	232	-1	
43	107	2	
40	104	2	
480	484	3	
115	119	2	
113	118	2	
147	149	-1	
96	102	-2	
488	495	-2	
160	164	-1	
186	191	2	
296	300	-2	
200	204	-2	
202	204	1	
306	311	1	
250	253	-2	
248	255	3	
83	87	2	
133	141	-3	
90	93	-3	
89	153	-1	
59	62	2	
281	287	-3	
328	332	-3	
258	260	1	
325	333	3	
330	333	2	
209	212	-2	
443	446	-3	
442	446	-3	
346	350	-3	
346	410	1	
345	409	1	
106	109	1	
313	318	-2	
313	377	-2	
72	79	-2	
72	136	1	
227	291	-1	
290	294	-2	
226	290	-1	
449	452	2	
449	453	1	
450	455	3	
428	436	-1	
433	436	-1	
429	437	1	
25	89	3	
505	510	-2	
211	213	-1	
211	275	-3	
208	272	2	
241	246	2	
75	78	-3	
71	79	1	
194	199	-2	
112	117	1	
299	363	-1	
473	478	1	
499	500	-2	
496	501	-1	
459	462	3	
282	284	-2	
284	292	-1	
285	293	1	
221	229	1	
223	231	2	
416	480	2	
162	167	-1	
337	342	2	
337	401	1	
401	407	-1	
336	400	-1	
82	146	-1	
184	190	-2	
257	262	1	
257	321	-2	
256	320	-1	
107	111	-1	
40	45	1	
42	106	2	
104	110	2	
427	431	-1	
4	12	1	
11	14	-2	
192	196	-2	
194	198	-1	
369	373	-1	
387	388	-2	
274	279	-1	
64	68	-1	
64	69	-1	
475	478	-1	
392	397	-2	
457	460	1	
203	207	-1	
426	430	2	
490	492	2	
120	124	2	
123	127	2	
50	114	-2	
404	412	2	
405	413	2	
32	36	2	
141	149	1	
143	151	-1	
136	143	2	
242	247	1	
243	307	-1	
259	323	-2	
323	327	2	
322	327	2	
258	322	1	
283	347	1	
291	292	-1	
187	189	1	
43	46	-1	
320	325	-1	
83	84	-1	
168	174	-1	
197	205	-1	
297	301	-1	
296	303	1	
212	220	-1	
213	221	-1	
155	158	-1	
99	163	-1	
96	160	-1	
417	481	-2	
352	359	1	
65	70	1	
314	378	-1	
88	95	-1	
113	116	-2	
386	388	-1	
394	396	1	
275	278	1	
210	274	-2	
432	437	1	
435	499	2	
485	493	-1	
491	493	-1	
486	494	1	
26	30	-2	
22	30	1	
170	172	-1	
170	234	1	
406	414	1	
407	415	-1	
280	286	-1	
458	463	-2	
329	335	-1	
185	188	-2	
147	150	2	
424	430	1	
372	380	-1	
378	382	-1	
374	382	-1	
233	238	-1	
233	297	1	
203	267	1	
200	264	-1	
343	351	-1	
109	117	1	
110	118	1	
248	312	-1	
10	12	1	
13	21	1	
66	71	-1	
176	181	1	
430	438	-1	
431	439	1	
37	45	-1	
39	47	1	
209	273	-1	
195	197	-1	
224	228	-1	
80	84	1	
97	100	-1	
169	173	1	
304	310	-1	
484	492	1	
487	495	1	
403	467	-1	
42	44	1	
178	180	-2	
11	75	-1	
294	302	1	
218	223	-1	
99	103	1	
34	39	-1	
168	175	-1	
293	301	1	
289	295	1	
249	253	1	
418	421	1	
305	309	1	
507	509	1	
179	183	1	
Energy:	-2118	
