NumberOfQubits	504	
NumberOfSubgraphs	672	
Serial	409	
PlantedSolution:	
0	-1	
1	1	
2	1	
3	1	
4	-1	
5	1	
6	-1	
8	-1	
9	1	
10	1	
11	1	
12	-1	
13	1	
14	1	
15	-1	
16	-1	
17	1	
18	-1	
19	-1	
20	-1	
21	-1	
22	-1	
23	-1	
24	1	
25	-1	
26	1	
27	-1	
28	1	
29	-1	
30	-1	
31	-1	
32	-1	
33	-1	
34	-1	
35	1	
36	-1	
37	1	
38	1	
39	-1	
40	1	
41	-1	
42	-1	
43	1	
44	-1	
45	1	
46	1	
47	-1	
48	-1	
49	1	
50	-1	
51	-1	
52	1	
53	1	
54	-1	
55	1	
56	1	
57	1	
58	1	
59	-1	
60	-1	
61	1	
62	-1	
63	-1	
64	1	
65	1	
66	-1	
67	-1	
68	-1	
69	1	
70	-1	
71	1	
72	1	
73	-1	
74	1	
75	-1	
76	1	
77	-1	
78	1	
79	-1	
80	1	
81	-1	
82	-1	
83	1	
84	1	
85	-1	
86	1	
87	1	
88	-1	
89	-1	
90	1	
91	-1	
92	-1	
93	-1	
94	1	
95	1	
96	-1	
97	1	
98	-1	
99	1	
100	1	
101	1	
102	1	
103	-1	
104	-1	
105	-1	
106	1	
107	1	
108	-1	
109	-1	
110	1	
111	1	
112	1	
113	-1	
114	-1	
115	1	
116	1	
117	1	
118	1	
119	1	
120	-1	
121	-1	
123	1	
124	-1	
125	-1	
126	-1	
127	-1	
128	-1	
129	-1	
130	1	
131	-1	
132	-1	
133	-1	
134	1	
135	-1	
136	-1	
137	-1	
138	1	
139	-1	
141	-1	
142	1	
143	-1	
144	1	
145	1	
146	-1	
147	1	
148	1	
149	-1	
150	-1	
151	-1	
152	1	
153	1	
154	-1	
155	1	
156	-1	
157	-1	
158	-1	
159	1	
160	-1	
161	-1	
162	-1	
163	1	
164	-1	
165	1	
166	1	
167	1	
168	1	
169	1	
170	-1	
171	-1	
172	-1	
173	-1	
174	-1	
175	-1	
176	-1	
177	1	
178	1	
179	1	
180	1	
181	-1	
182	-1	
183	-1	
184	1	
185	1	
186	-1	
187	-1	
188	1	
189	1	
190	-1	
191	-1	
192	1	
193	-1	
194	-1	
195	-1	
196	1	
197	1	
198	-1	
199	1	
200	-1	
201	-1	
202	1	
203	1	
204	-1	
205	-1	
206	1	
207	1	
208	1	
209	-1	
210	-1	
211	1	
212	-1	
213	-1	
214	1	
215	-1	
216	1	
217	1	
218	-1	
219	-1	
220	1	
221	1	
222	-1	
223	-1	
224	-1	
225	1	
226	1	
227	-1	
228	-1	
229	1	
230	1	
231	-1	
232	1	
233	1	
234	-1	
235	-1	
236	-1	
237	1	
238	-1	
239	1	
240	-1	
241	-1	
242	1	
243	-1	
244	-1	
245	-1	
246	1	
247	-1	
248	1	
249	1	
250	-1	
251	1	
252	-1	
253	1	
254	-1	
255	-1	
256	-1	
257	-1	
258	-1	
259	1	
260	-1	
261	-1	
262	1	
263	1	
264	-1	
265	-1	
266	-1	
267	1	
268	1	
269	-1	
270	-1	
271	-1	
272	1	
273	-1	
274	-1	
275	1	
276	-1	
277	1	
278	-1	
279	-1	
280	-1	
281	1	
282	1	
283	1	
284	1	
285	-1	
286	1	
287	-1	
288	1	
289	-1	
290	-1	
291	-1	
292	-1	
293	-1	
294	1	
295	-1	
296	-1	
297	-1	
298	1	
299	-1	
300	-1	
301	1	
302	-1	
303	-1	
304	-1	
305	1	
306	-1	
307	1	
308	1	
309	1	
310	1	
311	-1	
312	1	
313	1	
314	1	
315	-1	
316	1	
317	-1	
318	1	
319	1	
320	-1	
321	-1	
322	-1	
323	-1	
324	-1	
325	1	
326	1	
327	-1	
328	1	
329	-1	
330	-1	
331	1	
332	1	
333	-1	
334	-1	
335	-1	
336	1	
337	1	
338	-1	
339	1	
340	1	
341	-1	
342	-1	
343	-1	
344	1	
345	-1	
346	-1	
347	-1	
348	1	
349	-1	
350	-1	
351	-1	
352	-1	
353	1	
354	-1	
355	-1	
356	-1	
357	1	
358	1	
359	1	
361	-1	
362	1	
363	-1	
364	-1	
365	-1	
367	1	
368	1	
369	-1	
370	-1	
371	-1	
372	1	
373	-1	
374	-1	
375	1	
376	1	
377	-1	
378	1	
379	1	
380	-1	
382	-1	
383	1	
384	-1	
385	1	
386	1	
387	1	
388	-1	
389	1	
390	-1	
391	-1	
392	1	
393	-1	
394	-1	
396	1	
397	-1	
398	1	
399	-1	
400	-1	
401	-1	
402	1	
403	1	
404	1	
405	1	
406	1	
407	-1	
408	1	
409	-1	
410	-1	
411	-1	
412	1	
413	1	
414	-1	
415	-1	
416	1	
417	1	
418	-1	
419	-1	
420	-1	
421	1	
422	1	
424	1	
425	-1	
426	1	
427	-1	
428	-1	
429	-1	
430	1	
431	1	
432	1	
433	1	
434	-1	
435	1	
436	1	
437	1	
438	1	
439	1	
440	1	
441	1	
442	-1	
443	1	
444	-1	
445	-1	
446	-1	
447	1	
448	-1	
449	-1	
450	1	
451	-1	
452	1	
453	1	
454	1	
455	1	
456	1	
457	1	
458	1	
459	1	
460	1	
461	-1	
462	-1	
463	1	
464	1	
465	1	
466	1	
467	1	
468	-1	
469	1	
470	1	
471	-1	
472	1	
473	-1	
474	1	
475	-1	
476	1	
477	1	
478	1	
479	1	
480	1	
481	1	
482	1	
483	1	
484	-1	
485	1	
486	1	
487	-1	
488	-1	
489	-1	
490	1	
491	-1	
492	1	
493	-1	
494	1	
495	1	
496	-1	
497	-1	
498	1	
499	-1	
500	1	
501	1	
502	1	
503	1	
504	1	
505	-1	
506	1	
507	1	
508	-1	
509	1	
510	-1	
511	-1	
Js:	
369	373	-4	
370	373	-4	
370	375	-2	
371	375	3	
371	374	-2	
369	374	-3	
249	253	3	
251	253	-4	
251	315	2	
315	316	3	
313	316	-4	
249	313	-3	
232	238	2	
235	238	-6	
235	299	1	
299	300	-5	
296	300	-1	
232	296	2	
344	348	-4	
345	348	2	
345	351	-3	
346	351	-3	
346	349	2	
344	349	2	
280	285	-3	
285	293	-1	
291	293	-4	
291	295	-4	
287	295	3	
280	287	-1	
16	20	-4	
19	20	-4	
19	23	-3	
18	23	-4	
18	22	-4	
16	22	-4	
88	95	3	
91	95	-3	
91	155	1	
155	158	3	
152	158	5	
88	152	2	
240	244	-3	
244	252	-4	
248	252	3	
248	254	-3	
246	254	4	
240	246	4	
178	181	-4	
179	181	3	
179	243	2	
243	245	-3	
242	245	4	
178	242	-3	
384	388	-3	
387	388	3	
387	389	-3	
386	389	-3	
386	390	3	
384	390	-3	
456	460	-3	
460	468	2	
464	468	3	
464	469	-5	
461	469	-1	
456	461	5	
48	52	3	
50	52	3	
50	53	4	
49	53	-3	
49	55	4	
48	55	4	
160	165	4	
162	165	4	
162	166	4	
163	166	-3	
163	167	-3	
160	167	-1	
169	175	3	
170	175	-3	
170	234	1	
234	236	-4	
233	236	5	
169	233	-1	
210	215	-4	
211	215	5	
211	275	3	
275	276	2	
274	276	-2	
210	274	-2	
257	263	4	
258	263	2	
258	322	-2	
322	326	-3	
321	326	5	
257	321	-1	
498	501	-3	
499	501	4	
499	502	2	
497	502	3	
497	503	-4	
498	503	-5	
362	365	8	
363	365	1	
363	427	-2	
427	431	4	
426	431	-3	
362	426	-1	
265	269	-3	
266	269	-3	
266	271	-3	
264	271	3	
264	270	-3	
265	270	-6	
195	196	3	
196	204	4	
200	204	-1	
200	205	-4	
197	205	-2	
195	197	4	
440	444	3	
441	444	6	
441	446	-2	
443	446	3	
443	447	-3	
440	447	-3	
338	340	3	
339	340	-3	
339	343	3	
337	343	3	
337	342	4	
338	342	2	
32	36	-4	
33	36	-3	
33	37	-3	
35	37	-3	
35	39	4	
32	39	-3	
112	117	-4	
113	117	5	
113	177	3	
177	180	4	
176	180	2	
112	176	2	
400	404	4	
404	412	4	
409	412	4	
409	413	2	
405	413	-4	
400	405	2	
82	84	4	
83	84	-4	
83	87	-5	
80	87	-2	
80	85	5	
82	85	-4	
24	28	-3	
26	28	-4	
26	31	4	
25	31	-4	
25	29	-5	
24	29	4	
97	101	-3	
99	101	-3	
99	102	-3	
98	102	4	
98	103	-4	
97	103	3	
480	485	-4	
482	485	-3	
482	486	2	
483	486	-3	
483	487	2	
480	487	4	
8	14	4	
9	14	-4	
9	73	2	
73	76	3	
72	76	2	
8	72	3	
289	294	2	
290	294	5	
290	354	-3	
354	357	-2	
353	357	-4	
289	353	1	
312	319	-3	
314	319	-4	
314	378	-4	
378	383	-2	
376	383	-5	
312	376	2	
40	44	-4	
43	44	4	
43	47	5	
41	47	-2	
41	46	6	
40	46	-5	
408	414	2	
410	414	-4	
410	474	3	
474	476	-3	
472	476	-3	
408	472	-4	
105	108	-2	
106	108	4	
106	109	-2	
107	109	3	
107	111	-3	
105	111	3	
488	492	3	
491	492	3	
491	495	5	
489	495	-2	
489	493	-4	
488	493	-3	
449	452	3	
451	452	4	
451	453	-3	
450	453	-3	
450	455	-4	
449	455	4	
65	69	-4	
66	69	3	
66	130	-1	
130	133	3	
129	133	-4	
65	129	1	
217	220	-3	
220	228	3	
227	228	-3	
227	231	-2	
223	231	-4	
217	223	4	
121	127	4	
123	127	5	
123	187	1	
187	191	-3	
185	191	3	
121	185	2	
144	148	-5	
147	148	-5	
147	150	5	
145	150	-2	
145	149	4	
144	149	3	
328	332	-3	
330	332	-4	
330	334	-5	
329	334	-4	
329	333	-3	
328	333	4	
418	420	-5	
419	420	-3	
419	421	4	
416	421	-2	
416	422	-4	
418	422	5	
434	436	2	
435	436	-4	
435	437	-3	
433	437	1	
433	439	-4	
434	439	2	
402	407	5	
403	407	3	
403	467	-2	
467	470	-4	
466	470	-4	
402	466	1	
56	60	4	
58	60	6	
58	61	-4	
59	61	-4	
59	62	-4	
56	62	4	
504	508	7	
507	508	4	
507	509	-3	
506	509	-6	
506	511	4	
504	511	3	
297	301	4	
301	309	-2	
306	309	-1	
306	311	-5	
303	311	-1	
297	303	-2	
256	262	5	
259	262	-5	
259	323	1	
323	324	-4	
320	324	3	
256	320	-2	
0	4	-3	
4	12	2	
11	12	3	
11	13	-4	
5	13	-2	
0	5	5	
218	221	4	
221	229	-4	
225	229	-3	
225	230	3	
222	230	3	
218	222	-3	
67	70	-5	
70	78	4	
75	78	4	
75	79	-4	
71	79	4	
67	71	3	
128	134	4	
134	142	3	
139	142	5	
139	143	-5	
135	143	-3	
128	135	-3	
208	213	4	
209	213	-5	
209	273	-2	
273	277	-3	
272	277	-4	
208	272	-3	
393	396	3	
394	396	-5	
394	399	-4	
392	399	3	
392	398	-3	
393	398	4	
89	94	3	
90	94	-5	
90	154	-1	
154	157	-4	
153	157	6	
89	153	2	
193	198	-4	
198	206	3	
201	206	3	
201	207	3	
199	207	-3	
193	199	-3	
352	356	-2	
356	364	5	
361	364	-3	
361	367	4	
359	367	-3	
352	359	3	
114	116	3	
116	124	3	
120	124	-6	
120	126	-2	
118	126	3	
114	118	3	
304	308	4	
307	308	-4	
307	311	-1	
305	311	4	
305	310	-2	
304	310	4	
282	284	-3	
283	284	3	
283	286	-3	
281	286	-2	
281	285	3	
282	285	4	
424	429	5	
429	437	-1	
432	437	-3	
432	438	-4	
430	438	-2	
424	430	-3	
457	460	-4	
458	460	-3	
458	463	-5	
459	463	4	
459	462	3	
457	462	6	
473	477	5	
475	477	3	
475	479	6	
474	479	4	
474	478	-4	
473	478	3	
184	188	-2	
185	188	-3	
185	189	-5	
186	189	2	
186	190	-4	
184	190	-4	
170	172	-3	
171	172	-4	
171	173	-2	
168	173	6	
168	174	3	
170	174	-3	
368	372	-2	
372	380	2	
377	380	-4	
377	382	-5	
374	382	2	
368	374	4	
73	77	-4	
74	77	3	
74	138	-3	
138	141	4	
137	141	-4	
73	137	-4	
202	205	3	
203	205	2	
203	267	-3	
267	268	-4	
266	268	-3	
202	266	2	
2	4	5	
3	4	-4	
3	5	-6	
1	5	-3	
1	6	4	
2	6	4	
17	21	4	
19	21	-4	
19	83	2	
83	86	-3	
81	86	6	
17	81	2	
288	292	2	
291	292	-3	
291	355	2	
355	358	2	
352	358	3	
288	352	2	
96	100	3	
100	108	3	
104	108	-2	
104	110	2	
102	110	4	
96	102	2	
232	237	-5	
237	245	-1	
241	245	-4	
241	247	-4	
239	247	2	
232	239	-6	
27	30	-4	
30	38	2	
34	38	2	
34	39	-3	
31	39	-1	
27	31	2	
50	54	-4	
51	54	-3	
51	115	2	
115	119	-4	
114	119	2	
50	114	3	
321	325	2	
325	333	-2	
331	333	3	
331	335	5	
327	335	-3	
321	327	-4	
400	406	4	
401	406	-2	
401	465	2	
465	471	5	
464	471	3	
400	464	3	
496	500	5	
500	508	1	
505	508	1	
505	510	-5	
502	510	3	
496	502	4	
154	156	2	
156	164	-4	
161	164	-5	
161	167	5	
159	167	-3	
154	159	3	
345	350	-4	
347	350	-4	
347	411	-2	
411	415	-4	
409	415	-4	
345	409	2	
425	428	-4	
426	428	3	
426	490	-3	
490	494	-2	
489	494	4	
425	489	-3	
64	68	-3	
67	68	-3	
67	131	-1	
131	132	-4	
128	132	-3	
64	128	1	
384	391	-4	
385	391	-5	
385	449	3	
449	454	4	
448	454	2	
384	448	-2	
192	197	-3	
194	197	3	
194	258	-4	
258	261	-3	
256	261	-3	
192	256	-3	
209	212	-3	
212	220	4	
216	220	-3	
216	222	-3	
214	222	3	
209	214	1	
417	421	-4	
419	483	-3	
483	484	4	
481	484	2	
417	481	-4	
56	63	3	
57	63	3	
57	121	2	
121	125	-4	
120	125	-4	
56	120	-2	
272	279	3	
275	279	4	
275	339	-3	
339	341	-2	
336	341	4	
272	336	-1	
249	255	3	
250	255	-3	
250	314	2	
314	318	-2	
313	318	3	
136	141	-2	
141	149	-2	
146	149	5	
146	151	-3	
143	151	-1	
136	143	-3	
378	382	4	
379	382	4	
379	443	2	
443	445	3	
442	445	-3	
378	442	2	
176	182	-4	
182	190	-4	
186	191	5	
183	191	-3	
176	183	-4	
224	228	-2	
225	228	6	
226	229	-4	
226	230	-3	
224	230	4	
298	300	5	
299	303	-4	
296	303	-5	
296	302	-4	
298	302	3	
42	45	6	
45	53	-2	
49	54	4	
46	54	1	
42	46	-3	
90	92	1	
91	92	-5	
89	95	2	
89	93	-4	
90	93	5	
10	13	-5	
11	14	-4	
8	15	-3	
10	15	4	
385	388	4	
388	396	4	
392	396	-3	
392	397	5	
389	397	4	
385	389	-3	
216	223	3	
219	223	2	
219	283	2	
280	286	2	
216	280	4	
259	260	4	
260	268	2	
264	268	4	
262	270	2	
273	278	-4	
274	278	-4	
274	338	-2	
338	343	-4	
273	337	-2	
305	308	-4	
308	316	-4	
315	317	4	
309	317	4	
305	309	-3	
394	398	3	
398	406	-3	
401	407	-3	
399	407	-2	
241	244	-3	
242	244	2	
242	247	4	
240	247	3	
241	246	3	
136	142	3	
138	142	-3	
138	202	-3	
202	206	4	
200	206	4	
136	200	-3	
104	109	-4	
106	111	-3	
106	110	-5	
234	237	5	
235	237	-2	
233	238	3	
467	469	-5	
469	477	-1	
472	477	-5	
472	478	2	
470	478	-2	
74	78	-3	
78	86	-1	
81	87	2	
79	87	-1	
74	79	3	
424	428	2	
427	428	3	
427	430	3	
425	430	3	
425	431	4	
424	431	-3	
281	284	-3	
284	292	2	
289	292	-5	
289	295	-2	
281	287	4	
353	356	3	
355	356	-3	
355	357	3	
354	358	2	
353	358	-4	
250	253	4	
251	255	4	
248	255	5	
250	254	-2	
112	116	1	
113	116	3	
113	118	3	
115	118	-3	
112	119	-4	
448	453	4	
451	455	-2	
451	454	6	
490	492	-4	
488	495	-4	
488	494	3	
163	165	-4	
165	173	-1	
166	174	3	
0	6	-3	
2	66	3	
64	69	-4	
0	64	5	
346	348	6	
346	410	-3	
410	415	-1	
408	415	5	
344	408	1	
152	156	5	
155	156	5	
153	158	3	
153	159	-2	
152	159	3	
369	372	3	
370	372	5	
368	373	3	
368	375	-4	
369	375	3	
442	444	-3	
442	506	2	
505	511	3	
441	505	3	
329	332	4	
330	335	2	
328	335	4	
433	436	-4	
434	498	3	
433	497	4	
438	446	4	
440	446	4	
439	447	-5	
432	439	2	
9	12	5	
12	20	1	
18	20	-2	
15	23	-2	
9	15	4	
76	84	-1	
77	85	-1	
72	77	3	
475	476	3	
476	484	2	
482	484	4	
482	487	-3	
479	487	2	
459	461	7	
458	462	-4	
456	463	-3	
194	196	2	
195	199	3	
194	198	-3	
34	36	-4	
36	44	-2	
40	45	-1	
37	45	-3	
34	37	5	
147	151	2	
147	211	-2	
146	210	-2	
179	180	-5	
180	188	-3	
184	189	-5	
181	189	-2	
97	100	-4	
99	100	-4	
99	103	-3	
98	101	4	
288	293	3	
293	301	2	
298	301	-3	
294	302	-2	
288	294	-4	
25	28	-3	
25	30	-2	
26	30	3	
26	29	3	
417	422	-4	
481	486	-4	
480	486	3	
416	480	-3	
57	60	3	
58	62	2	
57	61	-4	
130	132	5	
131	134	-3	
129	134	4	
129	135	-4	
130	135	4	
322	324	-4	
323	326	4	
320	326	-2	
320	325	4	
322	325	4	
362	364	3	
363	364	-5	
363	367	6	
361	365	3	
203	207	-5	
267	271	3	
265	271	-4	
201	265	1	
160	164	-2	
162	164	-2	
162	226	3	
226	231	3	
224	231	-3	
160	224	4	
403	404	-3	
411	412	2	
411	413	4	
403	405	-2	
341	349	-4	
347	349	-3	
342	350	-2	
336	342	3	
376	380	3	
379	383	-4	
44	52	1	
51	52	4	
51	55	4	
47	55	-2	
145	148	-5	
145	209	1	
144	208	1	
306	310	4	
310	318	-4	
312	318	-3	
311	319	4	
171	174	3	
174	182	-1	
178	182	3	
178	183	2	
175	183	-2	
171	175	-5	
501	509	-2	
507	510	4	
219	221	4	
219	222	-2	
217	222	4	
218	223	3	
465	468	4	
466	468	-5	
464	470	-2	
88	92	4	
89	92	-3	
88	93	-3	
121	124	-3	
121	126	3	
123	126	6	
123	125	4	
386	388	2	
387	390	6	
387	391	2	
19	22	-3	
17	22	4	
16	21	2	
257	260	-4	
259	263	5	
256	263	2	
257	261	-4	
3	67	3	
65	70	4	
1	65	-5	
32	38	3	
35	38	-3	
35	99	2	
32	96	-4	
105	109	-4	
105	169	2	
169	172	3	
168	172	3	
104	168	-3	
137	142	3	
139	203	-2	
203	204	3	
201	204	-4	
137	201	-2	
265	268	-1	
268	276	2	
272	276	5	
269	277	2	
243	246	3	
243	307	3	
307	310	-3	
240	304	-3	
416	420	4	
418	482	2	
393	397	-2	
397	405	-2	
402	405	-2	
402	406	-2	
492	500	-1	
496	501	4	
493	501	-2	
490	493	2	
278	286	-3	
282	286	-4	
282	287	2	
279	287	-3	
274	279	-3	
66	68	-3	
68	76	4	
75	76	3	
66	71	4	
290	293	-3	
355	359	2	
354	359	5	
250	252	-3	
314	317	2	
312	317	4	
248	312	1	
371	372	4	
371	435	3	
435	439	-3	
369	433	-1	
233	239	-3	
233	297	1	
296	301	-4	
146	150	-4	
211	214	-3	
210	214	-4	
161	165	-1	
157	165	2	
155	157	2	
409	414	-2	
48	53	3	
114	117	2	
48	112	2	
187	188	5	
177	183	3	
331	332	-2	
332	340	-2	
336	340	-3	
336	343	3	
335	343	1	
41	45	-2	
42	47	-3	
40	47	4	
128	133	3	
131	133	-4	
131	195	-2	
195	198	-2	
192	198	2	
128	192	2	
440	445	3	
443	507	-3	
440	504	2	
448	452	3	
452	460	-2	
457	463	-3	
455	463	-3	
448	455	3	
27	28	5	
28	36	-1	
33	38	5	
8	12	-3	
10	14	-2	
8	13	3	
80	84	2	
82	87	4	
426	429	3	
58	63	4	
56	61	-3	
323	327	-4	
320	327	-4	
227	229	3	
224	229	2	
225	231	2	
208	212	3	
219	220	4	
213	221	-1	
117	125	4	
119	127	4	
113	119	3	
193	197	4	
258	262	2	
257	262	2	
193	257	-3	
371	373	-3	
435	438	-1	
434	438	5	
370	434	1	
149	157	-1	
151	159	-2	
145	151	4	
16	23	-4	
453	461	4	
454	462	1	
313	317	2	
307	309	4	
97	102	-2	
107	110	-3	
103	111	3	
408	412	-2	
412	420	2	
414	422	-1	
330	394	-1	
329	393	-1	
280	284	4	
283	347	3	
347	351	-3	
344	351	3	
280	344	2	
169	173	-4	
170	173	-3	
292	300	-2	
298	303	2	
295	303	-2	
357	365	2	
176	181	-2	
185	190	2	
243	244	3	
243	247	-4	
491	493	-3	
466	469	-2	
467	471	2	
377	383	-3	
442	447	3	
441	447	-2	
377	441	3	
505	509	4	
506	510	1	
504	510	3	
273	279	-3	
339	342	2	
96	101	4	
98	162	1	
160	166	3	
96	160	-2	
384	389	3	
386	391	-2	
27	29	-3	
27	91	-2	
91	94	3	
88	94	-2	
24	88	2	
49	52	-4	
48	54	-4	
264	269	-3	
267	269	-2	
267	331	-4	
264	328	3	
69	77	4	
75	77	-3	
297	302	3	
299	302	-3	
299	363	-2	
297	361	-3	
235	236	-4	
234	239	4	
130	134	-2	
131	135	-2	
402	404	-3	
403	406	3	
3	6	-3	
498	500	-2	
499	500	5	
497	501	3	
248	253	-2	
251	254	3	
249	254	-2	
154	158	-3	
154	218	-3	
152	216	-2	
80	86	-3	
81	145	-2	
80	144	-2	
340	348	2	
345	349	-3	
338	341	-2	
108	116	1	
115	116	5	
110	118	-1	
192	196	-4	
192	199	-2	
432	436	-3	
436	444	-2	
437	445	5	
315	319	2	
315	379	3	
379	380	3	
162	167	2	
163	227	4	
227	230	-2	
273	276	-4	
270	278	-2	
266	270	-3	
10	74	1	
75	139	2	
137	143	-3	
304	309	2	
305	369	2	
304	368	-2	
393	399	-4	
393	457	2	
456	462	3	
392	456	2	
217	221	-2	
218	282	2	
217	281	2	
26	90	2	
25	89	-2	
409	473	2	
473	476	4	
41	44	-2	
43	107	-3	
41	105	-4	
54	62	-2	
59	63	-4	
55	63	2	
50	55	-2	
326	334	2	
210	212	-2	
209	215	-4	
64	71	-4	
64	70	1	
66	70	2	
450	452	-4	
449	453	2	
179	182	2	
261	269	-3	
263	271	3	
481	485	-3	
483	485	-4	
481	487	3	
186	188	3	
187	189	2	
184	191	2	
427	429	-3	
426	430	3	
401	405	4	
407	415	2	
344	350	2	
350	358	-3	
353	359	-1	
351	359	2	
1	4	4	
6	14	2	
92	100	1	
95	103	2	
39	47	-2	
394	397	-3	
394	458	2	
147	149	1	
144	150	3	
238	246	2	
235	239	-1	
129	132	-2	
164	172	2	
169	174	3	
161	166	2	
256	260	-3	
258	260	-3	
434	437	3	
498	502	3	
432	496	3	
443	444	-2	
442	446	-3	
441	445	2	
370	374	3	
274	277	3	
275	277	-3	
245	253	3	
297	300	-3	
227	291	-2	
291	294	1	
224	288	1	
491	494	4	
490	495	-3	
420	428	1	
425	429	-1	
421	429	3	
283	285	4	
466	471	4	
17	20	-3	
153	156	2	
155	159	-3	
99	163	1	
115	179	-2	
177	181	3	
81	84	3	
82	86	-1	
81	85	-1	
473	479	2	
73	78	-2	
506	508	-3	
24	31	3	
24	30	4	
378	380	4	
202	204	3	
202	207	-1	
194	199	-3	
337	340	-3	
337	341	2	
333	341	-2	
352	357	3	
435	499	-2	
497	500	2	
315	318	2	
104	111	3	
106	170	1	
347	348	-1	
411	414	-3	
226	228	-1	
226	290	2	
289	293	-3	
225	289	1	
208	214	-4	
401	404	-1	
465	470	-3	
484	492	2	
489	492	3	
485	493	2	
112	118	-3	
459	460	-2	
51	53	3	
234	238	2	
233	237	-3	
94	102	-1	
242	306	3	
306	308	-2	
323	325	-2	
72	79	3	
72	136	3	
11	15	-3	
355	419	-4	
419	422	2	
353	417	3	
276	284	-1	
43	46	-2	
107	108	2	
386	450	2	
450	454	-3	
299	301	-1	
187	190	-2	
35	36	2	
507	511	2	
503	511	-2	
496	503	2	
201	205	-3	
205	213	-2	
210	213	-2	
207	215	2	
475	478	3	
478	486	-2	
120	127	-3	
167	175	2	
150	158	-1	
144	151	4	
18	21	4	
21	29	-1	
22	30	-1	
331	334	-2	
328	334	2	
343	351	2	
193	196	3	
396	404	-1	
84	92	2	
91	93	-2	
85	93	-2	
83	85	-1	
312	316	-3	
418	421	2	
422	430	2	
57	62	4	
240	245	-1	
176	240	-2	
42	44	-3	
43	45	-2	
410	412	2	
410	413	3	
408	413	2	
249	252	4	
251	252	2	
288	295	-4	
338	402	3	
400	407	1	
336	400	2	
376	382	3	
376	440	-3	
33	97	2	
313	319	-3	
283	287	1	
281	345	-2	
330	333	-2	
329	335	-1	
86	94	-2	
90	95	-2	
87	95	2	
65	68	3	
195	259	2	
428	436	-1	
431	439	-2	
465	469	2	
186	250	-2	
184	248	-2	
10	12	2	
114	178	3	
486	494	2	
487	495	2	
172	180	-1	
179	183	2	
323	387	1	
322	386	2	
40	104	2	
275	278	1	
272	278	-2	
499	503	3	
18	82	-2	
16	80	-2	
152	157	-1	
354	418	-2	
352	416	-3	
339	403	-3	
337	401	-2	
424	488	3	
133	141	-2	
390	398	3	
241	305	1	
161	225	-1	
365	373	-2	
367	375	2	
362	367	-3	
2	5	-2	
346	350	-1	
406	414	2	
17	23	3	
321	324	-4	
32	37	-2	
286	294	-2	
290	295	-1	
211	212	-1	
59	60	-2	
391	399	-3	
200	207	2	
74	76	3	
433	438	-2	
375	383	-2	
417	420	1	
123	124	2	
427	491	1	
304	311	-1	
298	362	-1	
83	147	-1	
411	475	1	
474	477	-2	
101	109	2	
457	461	-1	
277	285	1	
266	330	-2	
265	329	-1	
290	292	-2	
468	476	1	
471	479	2	
155	219	-2	
218	220	1	
42	106	1	
34	98	-2	
11	75	-2	
72	78	-2	
139	141	-2	
138	143	3	
334	342	1	
307	371	1	
306	370	1	
82	146	1	
504	509	1	
177	182	2	
467	468	1	
187	251	-1	
73	79	1	
33	39	-3	
236	244	-1	
385	390	1	
387	451	-1	
313	377	-1	
361	425	1	
129	193	1	
211	213	2	
480	484	2	
168	175	1	
52	60	-1	
185	249	-1	
53	61	-1	
349	357	2	
320	384	-1	
130	194	1	
368	432	1	
107	171	2	
314	316	2	
203	206	-1	
206	214	-1	
462	470	-1	
413	421	1	
163	164	-1	
109	117	1	
111	119	-1	
232	236	-1	
267	270	2	
216	221	1	
98	100	1	
96	103	-1	
204	212	1	
178	180	-1	
142	150	1	
247	255	1	
348	356	-1	
354	356	-2	
13	21	1	
49	113	1	
324	332	1	
494	502	-1	
228	236	1	
230	238	1	
177	241	1	
259	261	1	
322	327	-1	
67	69	1	
146	148	1	
282	346	-1	
158	166	1	
38	46	1	
105	110	1	
208	215	-1	
9	13	-1	
153	217	1	
302	310	1	
120	184	1	
65	71	1	
Energy:	-2920	
