NumberOfQubits	504	
NumberOfSubgraphs	420	
Serial	292	
PlantedSolution:	
0	1	
1	1	
2	1	
3	1	
4	1	
5	1	
6	1	
8	-1	
9	1	
10	1	
11	-1	
12	-1	
13	-1	
14	1	
15	1	
16	-1	
17	1	
18	-1	
19	1	
20	1	
21	1	
22	-1	
23	1	
24	1	
25	-1	
26	-1	
27	1	
28	1	
29	-1	
30	1	
31	1	
32	-1	
33	1	
34	1	
35	-1	
36	-1	
37	-1	
38	1	
39	1	
40	-1	
41	-1	
42	1	
43	1	
44	1	
45	-1	
46	1	
47	1	
48	-1	
49	1	
50	1	
51	-1	
52	-1	
53	1	
54	-1	
55	1	
56	-1	
57	-1	
58	1	
59	1	
60	1	
61	1	
62	1	
63	1	
64	-1	
65	1	
66	-1	
67	-1	
68	1	
69	-1	
70	-1	
71	-1	
72	1	
73	1	
74	1	
75	-1	
76	-1	
77	1	
78	1	
79	1	
80	-1	
81	1	
82	1	
83	-1	
84	1	
85	1	
86	-1	
87	1	
88	1	
89	1	
90	1	
91	1	
92	1	
93	1	
94	1	
95	1	
96	1	
97	-1	
98	1	
99	-1	
100	-1	
101	-1	
102	1	
103	1	
104	1	
105	-1	
106	1	
107	-1	
108	1	
109	-1	
110	1	
111	-1	
112	-1	
113	1	
114	1	
115	-1	
116	1	
117	-1	
118	-1	
119	-1	
120	-1	
121	-1	
123	-1	
124	-1	
125	-1	
126	1	
127	-1	
128	1	
129	-1	
130	1	
131	1	
132	1	
133	-1	
134	-1	
135	1	
136	1	
137	1	
138	-1	
139	-1	
141	-1	
142	1	
143	-1	
144	-1	
145	1	
146	1	
147	1	
148	1	
149	1	
150	-1	
151	1	
152	-1	
153	1	
154	-1	
155	1	
156	-1	
157	1	
158	1	
159	1	
160	-1	
161	-1	
162	-1	
163	-1	
164	1	
165	-1	
166	-1	
167	1	
168	-1	
169	1	
170	1	
171	-1	
172	1	
173	-1	
174	1	
175	-1	
176	-1	
177	1	
178	1	
179	-1	
180	-1	
181	-1	
182	1	
183	-1	
184	-1	
185	-1	
186	-1	
187	1	
188	1	
189	-1	
190	1	
191	1	
192	1	
193	1	
194	-1	
195	-1	
196	1	
197	-1	
198	-1	
199	1	
200	-1	
201	-1	
202	1	
203	-1	
204	1	
205	-1	
206	1	
207	1	
208	-1	
209	1	
210	1	
211	1	
212	-1	
213	1	
214	1	
215	-1	
216	-1	
217	-1	
218	1	
219	-1	
220	-1	
221	-1	
222	-1	
223	1	
224	-1	
225	-1	
226	1	
227	1	
228	-1	
229	1	
230	1	
231	1	
232	-1	
233	1	
234	1	
235	1	
236	-1	
237	1	
238	-1	
239	1	
240	1	
241	-1	
242	-1	
243	-1	
244	-1	
245	-1	
246	-1	
247	-1	
248	-1	
249	1	
250	1	
251	1	
252	1	
253	-1	
254	1	
255	-1	
256	-1	
257	1	
258	-1	
259	1	
260	1	
261	1	
262	-1	
263	-1	
264	-1	
265	-1	
266	1	
267	1	
268	-1	
269	1	
270	-1	
271	-1	
272	1	
273	1	
274	-1	
275	1	
276	1	
277	1	
278	1	
279	1	
280	1	
281	1	
282	-1	
283	1	
284	-1	
285	1	
286	-1	
287	1	
288	1	
289	1	
290	-1	
291	-1	
292	-1	
293	1	
294	-1	
295	1	
296	1	
297	-1	
298	-1	
299	-1	
300	1	
301	-1	
302	1	
303	-1	
304	-1	
305	1	
306	-1	
307	-1	
308	1	
309	-1	
310	-1	
311	-1	
312	1	
313	-1	
314	1	
315	1	
316	1	
317	-1	
318	1	
319	1	
320	1	
321	-1	
322	1	
323	1	
324	-1	
325	1	
326	1	
327	1	
328	-1	
329	-1	
330	1	
331	-1	
332	-1	
333	1	
334	-1	
335	1	
336	1	
337	1	
338	1	
339	1	
340	-1	
341	-1	
342	-1	
343	1	
344	1	
345	-1	
346	-1	
347	-1	
348	1	
349	1	
350	-1	
351	1	
352	1	
353	1	
354	1	
355	-1	
356	-1	
357	-1	
358	-1	
359	-1	
361	-1	
362	1	
363	1	
364	-1	
365	1	
367	-1	
368	-1	
369	1	
370	-1	
371	-1	
372	1	
373	-1	
374	1	
375	-1	
376	1	
377	-1	
378	1	
379	1	
380	-1	
382	-1	
383	1	
384	1	
385	-1	
386	1	
387	1	
388	1	
389	1	
390	1	
391	-1	
392	1	
393	-1	
394	-1	
396	-1	
397	-1	
398	-1	
399	1	
400	-1	
401	1	
402	1	
403	-1	
404	-1	
405	-1	
406	-1	
407	-1	
408	-1	
409	-1	
410	1	
411	-1	
412	1	
413	1	
414	-1	
415	-1	
416	1	
417	-1	
418	1	
419	1	
420	-1	
421	-1	
422	-1	
424	1	
425	-1	
426	-1	
427	-1	
428	-1	
429	1	
430	-1	
431	-1	
432	1	
433	-1	
434	1	
435	1	
436	-1	
437	1	
438	1	
439	-1	
440	1	
441	1	
442	-1	
443	1	
444	-1	
445	-1	
446	-1	
447	-1	
448	-1	
449	-1	
450	-1	
451	1	
452	-1	
453	-1	
454	-1	
455	1	
456	-1	
457	1	
458	-1	
459	-1	
460	1	
461	1	
462	1	
463	1	
464	1	
465	-1	
466	1	
467	1	
468	1	
469	-1	
470	-1	
471	-1	
472	1	
473	1	
474	-1	
475	-1	
476	-1	
477	-1	
478	-1	
479	1	
480	-1	
481	-1	
482	-1	
483	-1	
484	1	
485	-1	
486	1	
487	-1	
488	1	
489	1	
490	1	
491	-1	
492	-1	
493	1	
494	-1	
495	1	
496	1	
497	-1	
498	1	
499	-1	
500	1	
501	-1	
502	1	
503	1	
504	-1	
505	1	
506	1	
507	-1	
508	-1	
509	1	
510	1	
511	1	
Js:	
80	84	3	
82	84	-2	
82	87	-3	
81	87	2	
81	86	1	
80	86	-3	
73	76	2	
75	76	-2	
75	79	-3	
72	79	-2	
72	77	-1	
73	77	-3	
96	103	-1	
99	103	2	
99	163	-1	
163	166	1	
160	166	-3	
96	160	1	
282	286	-3	
286	294	-4	
288	294	-1	
288	295	-3	
287	295	-2	
282	287	1	
194	196	1	
196	204	2	
200	204	1	
200	206	3	
198	206	3	
194	198	-3	
465	469	-4	
469	477	-2	
474	477	-3	
474	479	3	
471	479	-2	
465	471	-2	
467	468	-3	
468	476	2	
475	476	3	
475	478	-2	
470	478	-2	
467	470	3	
266	269	-2	
269	277	-1	
272	277	-4	
272	278	-2	
270	278	-1	
266	270	3	
433	437	3	
437	445	2	
442	445	-2	
442	446	-3	
438	446	2	
433	438	-1	
112	117	-2	
117	125	-2	
120	125	-1	
120	126	-3	
118	126	2	
112	118	-3	
425	428	-3	
426	428	1	
426	429	3	
424	429	-3	
424	431	3	
425	431	-2	
106	108	-3	
107	108	2	
107	110	1	
104	110	1	
104	111	2	
106	111	2	
352	356	3	
356	364	-1	
362	364	2	
362	367	4	
359	367	1	
352	359	4	
131	134	3	
134	142	2	
138	142	3	
138	143	-3	
135	143	1	
131	135	1	
241	244	-3	
243	244	4	
243	246	-2	
242	246	-5	
242	247	-3	
241	247	-2	
368	373	-3	
370	373	-2	
370	374	3	
371	374	-1	
371	375	-2	
368	375	-2	
33	38	-2	
38	46	-2	
43	46	3	
43	47	-3	
39	47	-1	
33	39	-3	
416	420	1	
418	420	4	
418	421	3	
417	421	2	
417	422	-4	
416	422	4	
50	52	3	
52	60	2	
58	60	-2	
58	63	-2	
55	63	-2	
50	55	-3	
336	343	-2	
338	343	-2	
338	402	-3	
402	407	-2	
400	407	-3	
336	400	3	
224	228	-2	
228	236	-3	
232	236	-3	
232	239	3	
231	239	1	
224	231	2	
482	484	2	
484	492	2	
491	492	-3	
491	494	-2	
486	494	-1	
482	486	2	
154	157	-2	
155	157	-3	
155	219	3	
219	221	-2	
218	221	3	
154	218	1	
179	181	-2	
181	189	-3	
186	189	1	
186	190	2	
182	190	-3	
179	182	3	
256	260	4	
259	260	-2	
259	263	-2	
258	263	-3	
258	261	3	
256	261	2	
297	300	-1	
299	300	3	
299	303	-1	
298	303	-2	
298	302	4	
297	302	4	
11	13	-3	
13	21	2	
16	21	2	
16	23	-3	
15	23	-3	
11	15	3	
24	28	-5	
25	28	2	
25	30	3	
27	30	-3	
27	29	3	
24	29	-1	
304	308	2	
306	308	-1	
306	311	-3	
305	311	1	
305	310	2	
304	310	-3	
312	319	-2	
314	319	-2	
314	378	-2	
378	380	3	
376	380	-1	
312	376	-2	
384	391	2	
386	391	-2	
386	450	3	
450	455	2	
448	455	2	
384	448	3	
321	324	3	
324	332	-2	
330	332	4	
330	334	3	
326	334	2	
321	326	2	
456	460	4	
458	460	3	
458	462	-2	
457	462	-4	
457	461	-2	
456	461	3	
145	148	-2	
147	148	-2	
147	211	-3	
211	213	-3	
209	213	-3	
145	209	3	
345	350	-4	
347	350	-2	
347	411	-2	
411	414	-2	
409	414	-2	
345	409	1	
64	68	2	
65	68	-2	
65	69	-3	
67	69	-2	
67	70	-3	
64	70	-2	
497	501	-3	
501	509	3	
504	509	-3	
504	511	2	
503	511	-3	
497	503	1	
8	12	-2	
12	20	1	
18	20	-3	
18	22	-1	
14	22	2	
8	14	2	
88	92	-3	
90	92	-2	
90	95	-3	
89	95	-2	
89	93	2	
88	93	-2	
168	173	-3	
170	173	-4	
170	174	-1	
171	174	3	
171	175	-3	
168	175	-3	
35	36	-4	
36	44	-3	
42	44	-4	
42	45	4	
37	45	-2	
35	37	-2	
401	404	2	
404	412	3	
408	412	2	
408	413	1	
405	413	2	
401	405	-3	
434	436	1	
436	444	-4	
443	444	-2	
443	447	3	
439	447	-4	
434	439	2	
144	151	-1	
146	151	-2	
146	210	-3	
210	214	-2	
208	214	3	
144	208	-3	
283	284	3	
284	292	-3	
290	292	-1	
290	293	3	
285	293	3	
283	285	-2	
264	268	-3	
265	268	-4	
265	329	-1	
329	335	-3	
328	335	4	
264	328	-2	
385	388	4	
387	388	-3	
387	451	-2	
451	452	2	
449	452	2	
385	449	-2	
49	53	2	
51	53	2	
51	115	-2	
115	116	2	
113	116	-2	
49	113	-3	
248	253	-3	
250	253	1	
250	254	-3	
251	254	-3	
251	255	-2	
248	255	-4	
193	197	3	
197	205	-2	
201	205	-3	
201	207	2	
199	207	3	
193	199	-2	
499	500	3	
500	508	2	
507	508	-2	
507	510	-1	
502	510	-2	
499	502	2	
57	61	2	
59	61	-3	
59	123	2	
123	124	-3	
121	124	-3	
57	121	1	
483	485	-3	
485	493	1	
489	493	-4	
489	495	-3	
487	495	2	
483	487	2	
161	165	-2	
162	165	-4	
162	226	2	
226	230	-3	
225	230	1	
161	225	1	
393	396	-3	
394	396	-1	
394	397	-2	
392	397	4	
392	398	2	
393	398	2	
176	180	-1	
180	188	2	
185	188	2	
185	191	3	
183	191	4	
176	183	2	
337	340	-3	
340	348	1	
344	348	-4	
344	349	-2	
341	349	2	
337	341	2	
152	158	2	
153	158	-3	
153	217	1	
217	223	1	
216	223	-2	
152	216	-3	
0	4	-3	
1	4	-2	
1	6	-3	
3	6	-2	
3	5	-3	
0	5	-2	
313	317	-1	
315	317	3	
315	379	-2	
379	383	-3	
377	383	-2	
313	377	-2	
320	325	3	
322	325	-3	
322	326	-2	
323	326	-2	
323	327	-4	
320	327	-1	
233	237	-3	
235	237	-2	
235	238	3	
234	238	-3	
234	239	-1	
233	239	-3	
353	356	2	
354	356	3	
354	358	-3	
355	358	-4	
355	357	-2	
353	357	5	
91	93	-2	
93	101	2	
98	101	1	
98	102	-1	
94	102	-2	
91	94	1	
274	276	4	
275	276	-2	
275	279	-3	
273	279	-4	
273	278	-4	
274	278	-1	
129	132	-3	
130	132	-3	
130	133	3	
128	133	1	
128	135	-2	
129	135	3	
361	365	3	
363	365	-3	
363	427	-1	
427	430	-4	
425	430	-2	
361	425	-1	
139	141	-4	
141	149	-1	
146	149	-3	
146	150	1	
142	150	1	
139	142	2	
225	229	2	
227	229	-2	
227	291	-1	
291	292	-4	
289	292	2	
225	289	2	
113	119	-1	
114	119	3	
114	178	-2	
178	180	3	
177	180	3	
113	177	-3	
154	156	-3	
156	164	-1	
163	164	4	
163	167	2	
159	167	-3	
154	159	4	
17	22	2	
19	22	4	
19	83	1	
83	85	-3	
81	85	-2	
17	81	-2	
257	262	3	
262	270	-2	
267	270	2	
267	271	-2	
263	271	-2	
257	263	2	
40	45	2	
41	45	-1	
41	105	-2	
105	109	-2	
104	109	3	
40	104	3	
240	244	2	
244	252	2	
249	252	-4	
249	253	-2	
245	253	-2	
240	245	4	
9	12	2	
10	12	3	
10	74	1	
74	78	-2	
73	78	-1	
9	73	-2	
48	52	-1	
56	60	3	
56	62	4	
54	62	1	
48	54	4	
403	406	-3	
406	414	-3	
410	414	-1	
410	415	4	
407	415	-2	
403	407	-2	
331	333	2	
333	341	2	
339	341	1	
339	342	3	
334	342	-1	
331	334	2	
296	301	4	
301	309	3	
307	309	-1	
307	311	-1	
303	311	-3	
296	303	1	
440	444	2	
441	444	2	
441	505	-4	
505	510	-3	
504	510	-2	
440	504	1	
120	127	-3	
123	127	-1	
123	187	1	
187	189	2	
184	189	-2	
120	184	1	
210	212	3	
212	220	3	
217	220	-2	
217	222	-2	
214	222	1	
32	38	2	
34	38	1	
34	98	-3	
98	100	1	
96	100	2	
32	96	3	
448	454	-1	
454	462	-2	
459	462	3	
459	463	3	
455	463	-2	
280	287	-2	
281	287	-4	
281	345	1	
345	351	2	
344	351	-2	
280	344	2	
432	436	2	
435	436	3	
435	499	-1	
496	500	-1	
432	496	-3	
0	6	-2	
2	6	-3	
2	66	3	
66	71	3	
64	71	-3	
0	64	1	
369	372	-2	
372	380	-2	
377	380	-2	
377	382	-2	
374	382	2	
369	374	-2	
488	492	2	
491	495	-1	
490	495	-2	
490	494	2	
488	494	4	
25	29	-3	
26	30	3	
26	31	-3	
25	31	2	
138	141	-1	
139	203	-2	
203	206	2	
202	206	-2	
138	202	-2	
169	172	-2	
171	172	-1	
168	174	2	
169	174	-2	
480	484	3	
483	484	3	
481	485	-3	
481	486	4	
480	486	-1	
466	470	3	
473	478	3	
473	479	-3	
466	471	2	
386	388	-2	
386	390	-3	
384	390	-2	
384	389	-3	
385	389	4	
307	308	3	
308	316	1	
314	316	-2	
314	318	-2	
310	318	1	
307	310	-2	
192	196	-3	
195	196	3	
195	199	3	
194	199	-2	
192	198	2	
136	143	3	
137	143	3	
137	201	2	
200	205	-2	
136	200	2	
498	501	2	
506	509	1	
506	511	-2	
498	503	-3	
464	468	-2	
472	476	3	
472	477	-2	
464	469	3	
97	101	-2	
101	109	-2	
106	109	1	
106	110	-4	
102	110	2	
97	102	2	
282	284	-3	
283	347	2	
347	351	1	
346	351	3	
282	346	1	
419	420	2	
419	422	3	
328	332	1	
330	394	1	
394	399	2	
392	399	-1	
328	392	2	
209	212	1	
218	220	2	
218	223	-2	
215	223	1	
209	215	2	
452	460	2	
458	461	2	
453	461	2	
449	453	-4	
161	164	3	
164	172	-1	
170	172	-4	
165	173	-1	
234	237	-2	
234	298	-1	
233	297	2	
74	77	-2	
77	85	-2	
83	87	1	
79	87	-1	
74	79	-1	
338	340	2	
339	340	3	
339	403	-2	
402	406	2	
291	293	2	
291	355	-2	
355	359	-2	
354	359	3	
290	354	-1	
48	53	2	
51	55	1	
50	54	1	
424	428	2	
427	428	-3	
427	431	-1	
426	431	-3	
426	430	3	
424	430	1	
268	276	1	
273	276	-2	
271	279	-1	
265	271	-3	
152	157	-2	
219	222	-2	
216	222	-3	
378	382	3	
379	382	1	
379	443	-2	
442	447	1	
378	442	2	
187	188	-4	
187	251	-2	
249	255	2	
185	249	2	
361	364	-4	
364	372	-1	
371	372	2	
371	373	-2	
365	373	1	
66	70	-1	
67	131	1	
131	133	3	
66	130	-1	
112	119	1	
115	119	-2	
115	179	-2	
176	182	2	
112	176	-1	
409	412	-3	
411	412	1	
411	413	2	
410	413	-3	
409	415	-2	
322	324	2	
323	324	1	
321	327	2	
321	325	-1	
208	213	1	
211	275	1	
275	277	-2	
208	272	2	
160	167	-2	
162	167	2	
226	231	-2	
160	224	-1	
19	20	-1	
19	23	-2	
17	23	-1	
17	21	-2	
18	21	2	
92	100	2	
97	100	-1	
97	103	3	
95	103	2	
88	95	-2	
258	260	-1	
258	262	-1	
259	262	1	
259	261	-3	
435	437	-1	
435	438	-2	
432	438	-3	
432	439	-1	
433	439	-3	
8	13	-2	
11	75	-2	
75	78	3	
72	78	-2	
8	72	-1	
312	316	-2	
313	316	1	
313	318	3	
315	318	-3	
312	317	-3	
241	246	-1	
242	306	1	
306	309	-2	
305	309	1	
241	305	3	
56	61	1	
58	61	-3	
57	63	-2	
57	62	2	
41	46	2	
43	107	3	
105	108	1	
128	132	-2	
129	193	2	
192	197	1	
128	192	-2	
32	36	1	
34	36	2	
34	39	-2	
33	37	3	
32	37	-1	
144	148	3	
145	151	1	
147	151	-4	
147	150	3	
144	150	-2	
114	116	-3	
116	124	-1	
121	126	1	
114	118	2	
387	390	-3	
390	398	2	
393	399	3	
391	399	4	
387	391	2	
227	228	-2	
232	238	-1	
230	238	3	
227	230	-3	
346	349	3	
349	357	-1	
353	358	1	
350	358	-1	
346	350	-2	
184	190	3	
186	250	3	
248	254	2	
184	248	1	
336	342	2	
337	342	1	
337	401	-2	
400	405	-1	
202	204	-2	
203	204	3	
203	267	2	
267	269	-3	
202	266	1	
89	94	-3	
90	94	2	
90	154	1	
153	156	2	
89	153	-2	
441	445	2	
442	506	2	
506	508	3	
505	508	-1	
281	286	-1	
289	294	1	
289	295	-2	
3	4	2	
3	67	1	
67	68	3	
1	65	-3	
298	300	-2	
299	363	1	
363	367	3	
298	362	1	
178	181	2	
179	183	2	
177	183	2	
451	453	1	
451	454	4	
26	28	-1	
24	31	-2	
416	421	1	
419	421	2	
419	483	2	
480	487	-2	
416	480	3	
305	369	-1	
369	375	-4	
304	368	-2	
9	13	1	
10	15	-2	
10	14	3	
9	14	-4	
243	245	1	
240	247	2	
81	84	-3	
82	85	-2	
82	86	2	
488	493	-1	
493	501	1	
497	502	2	
494	502	-1	
41	44	3	
40	47	4	
41	47	2	
329	333	2	
338	341	2	
335	343	-1	
376	383	-3	
443	446	1	
440	446	-2	
376	440	-2	
466	468	-2	
467	469	-1	
465	470	-2	
473	477	-1	
475	477	-2	
474	478	-3	
235	236	2	
235	299	-1	
299	301	-3	
232	296	2	
388	396	3	
392	396	2	
389	397	-1	
432	437	1	
434	437	-2	
434	498	-2	
496	503	-2	
280	285	-2	
347	348	1	
72	76	2	
73	137	1	
72	136	-2	
158	166	1	
153	159	-1	
1	5	-2	
2	5	-2	
66	69	-2	
115	117	-2	
121	125	-4	
121	127	-3	
119	127	1	
425	429	2	
426	490	2	
490	493	-2	
425	489	-2	
450	452	-2	
459	460	-2	
105	111	-2	
107	111	-2	
107	171	-1	
105	169	-1	
400	404	-1	
402	404	1	
402	466	-2	
464	471	-2	
400	464	2	
195	197	-2	
202	205	1	
202	207	-2	
32	39	3	
35	39	1	
35	99	-2	
99	101	-1	
96	101	-2	
186	191	-1	
250	252	-2	
288	293	-2	
289	293	-1	
289	353	-2	
352	357	-2	
288	352	-1	
221	229	-2	
227	231	-2	
223	231	-3	
256	262	-1	
257	321	2	
320	324	2	
256	320	2	
417	420	-1	
418	482	2	
417	481	3	
264	269	3	
267	331	-1	
331	335	2	
408	415	1	
409	473	1	
473	476	2	
408	472	2	
144	149	3	
210	215	2	
208	215	-2	
53	61	-1	
59	63	-3	
49	55	-2	
16	20	2	
17	20	-3	
19	21	-2	
16	22	1	
370	375	-2	
368	374	2	
507	511	2	
505	511	-1	
506	510	2	
274	279	2	
275	278	2	
91	92	-2	
88	94	-2	
313	319	2	
133	141	1	
130	134	2	
70	78	1	
71	79	2	
163	165	-2	
162	166	-2	
161	166	3	
259	323	-2	
323	325	-1	
258	322	2	
297	301	-1	
297	303	-2	
42	46	-1	
35	38	1	
99	100	-2	
100	108	2	
99	102	2	
393	397	-2	
394	458	-2	
458	463	1	
457	463	-3	
393	457	-1	
145	150	2	
211	214	-1	
209	214	-3	
131	132	-2	
131	195	-2	
176	181	-1	
184	191	2	
8	15	3	
489	492	1	
482	487	2	
433	436	-2	
440	447	-2	
337	343	-2	
291	294	1	
450	454	2	
219	220	-1	
216	220	-1	
49	54	1	
113	118	1	
48	112	-2	
247	255	1	
59	60	-2	
120	124	-3	
56	120	1	
266	271	-1	
264	270	-1	
226	229	-2	
229	237	-1	
362	365	-3	
361	367	2	
201	204	2	
200	207	4	
403	404	-2	
408	414	-2	
2	4	2	
27	28	-2	
26	29	-3	
169	175	3	
83	84	2	
83	86	-3	
80	87	-1	
329	332	-2	
370	372	2	
371	435	2	
434	438	2	
370	434	1	
34	37	2	
98	103	2	
33	97	2	
345	348	-2	
187	190	1	
178	182	-2	
497	500	2	
498	500	-2	
498	502	1	
496	502	-2	
496	501	2	
315	316	-2	
379	380	-2	
243	307	-2	
305	308	-2	
51	52	-3	
50	114	1	
401	407	1	
130	135	1	
130	194	2	
193	198	2	
68	76	-1	
74	76	3	
69	77	2	
448	453	2	
107	109	1	
217	281	2	
281	285	-1	
216	280	-1	
225	228	-2	
224	288	2	
480	485	-1	
210	274	1	
274	277	-1	
148	156	2	
152	156	-2	
152	159	1	
151	159	2	
443	445	1	
443	507	1	
507	509	2	
505	509	1	
257	260	-2	
320	326	-2	
296	302	1	
91	95	-1	
91	155	1	
155	158	-2	
411	475	-2	
490	492	2	
488	495	2	
460	468	1	
465	468	2	
461	469	1	
18	23	1	
18	82	1	
80	85	1	
16	80	-2	
251	252	2	
57	60	-1	
58	62	-3	
136	141	1	
137	141	-2	
136	142	-2	
315	319	-1	
312	318	-1	
123	125	-3	
123	126	2	
211	212	2	
217	221	-2	
213	221	1	
394	398	2	
109	117	-1	
114	117	-1	
111	119	-2	
300	308	-1	
304	309	-2	
462	470	1	
467	471	1	
463	471	-1	
376	382	2	
499	503	1	
65	71	2	
65	129	1	
129	134	-1	
128	134	2	
64	128	-1	
322	327	1	
347	349	2	
346	410	-1	
429	437	-1	
431	439	1	
282	285	2	
290	294	-2	
233	236	1	
234	236	1	
235	239	-1	
177	181	-2	
185	189	-2	
146	148	1	
145	149	-2	
396	404	-1	
403	405	-1	
397	405	1	
472	479	-1	
342	350	1	
343	351	-2	
339	343	-1	
368	372	1	
89	92	1	
44	52	1	
51	54	-2	
46	54	-1	
224	229	-1	
226	290	1	
290	295	2	
168	172	2	
171	173	-1	
331	332	-1	
328	334	1	
329	334	-1	
11	12	-1	
9	15	-1	
450	453	-1	
451	455	-1	
449	455	1	
243	247	-1	
241	245	-1	
355	356	-1	
27	31	-1	
160	164	1	
161	167	1	
466	469	1	
363	364	2	
108	116	1	
112	116	1	
110	118	2	
427	491	-1	
491	493	1	
441	446	2	
205	213	-1	
207	215	1	
302	310	-1	
306	310	-1	
186	188	1	
90	93	-2	
222	230	2	
219	223	-1	
45	53	1	
50	53	-2	
47	55	-1	
42	47	1	
157	165	1	
401	406	2	
482	485	-2	
483	486	2	
481	487	-2	
504	508	-2	
499	501	-1	
260	268	-1	
266	268	1	
412	420	1	
413	421	1	
409	413	1	
193	196	-1	
194	197	-2	
281	284	1	
283	286	-1	
280	286	1	
73	79	-1	
325	333	-2	
330	333	-2	
178	242	1	
240	246	1	
176	240	-1	
314	317	2	
307	371	1	
129	133	-2	
386	389	2	
448	452	-2	
456	463	2	
48	55	1	
113	117	-2	
171	235	-1	
169	233	-1	
272	276	-1	
274	338	1	
336	341	-1	
272	336	-1	
203	205	-1	
27	91	-1	
24	88	1	
220	228	-1	
424	488	1	
440	445	1	
475	479	1	
251	253	2	
250	255	-1	
296	300	-2	
299	302	1	
256	263	1	
155	159	1	
392	456	1	
65	70	1	
64	69	-1	
420	428	1	
421	429	1	
4	12	1	
10	13	1	
5	13	1	
104	108	-1	
179	180	-1	
369	433	1	
309	317	1	
311	319	1	
304	311	-1	
336	340	1	
288	292	1	
232	237	1	
237	245	-1	
242	245	-1	
239	247	1	
170	175	1	
169	173	-1	
74	138	-1	
265	270	-1	
201	265	1	
24	30	1	
418	422	1	
449	454	-1	
219	283	-1	
283	287	-1	
184	188	-1	
185	190	1	
56	63	-1	
257	261	-1	
261	269	-1	
264	271	1	
96	102	1	
411	415	1	
410	474	1	
75	77	2	
78	86	1	
329	393	-1	
294	302	-1	
295	303	1	
153	157	-1	
149	157	1	
251	315	-1	
249	313	1	
435	439	1	
43	44	-1	
40	46	1	
208	212	1	
210	213	-1	
464	470	-1	
150	158	1	
154	158	1	
352	358	1	
355	419	1	
352	416	1	
11	14	-1	
242	244	-1	
249	254	1	
246	254	1	
292	300	1	
293	301	-1	
Energy:	-1734	
