NumberOfQubits	504	
NumberOfSubgraphs	504	
Serial	496	
PlantedSolution:	
0	-1	
1	1	
2	-1	
3	-1	
4	-1	
5	-1	
6	1	
8	1	
9	-1	
10	-1	
11	-1	
12	1	
13	1	
14	-1	
15	-1	
16	1	
17	1	
18	1	
19	-1	
20	1	
21	-1	
22	1	
23	1	
24	1	
25	-1	
26	1	
27	-1	
28	-1	
29	-1	
30	1	
31	-1	
32	1	
33	-1	
34	-1	
35	1	
36	1	
37	1	
38	-1	
39	1	
40	-1	
41	-1	
42	1	
43	-1	
44	1	
45	-1	
46	-1	
47	-1	
48	1	
49	1	
50	1	
51	1	
52	-1	
53	1	
54	1	
55	1	
56	1	
57	1	
58	-1	
59	1	
60	1	
61	-1	
62	1	
63	1	
64	1	
65	1	
66	1	
67	-1	
68	-1	
69	1	
70	-1	
71	1	
72	1	
73	1	
74	1	
75	-1	
76	1	
77	-1	
78	-1	
79	-1	
80	1	
81	-1	
82	1	
83	-1	
84	-1	
85	-1	
86	-1	
87	-1	
88	-1	
89	-1	
90	-1	
91	1	
92	-1	
93	-1	
94	1	
95	-1	
96	-1	
97	1	
98	1	
99	1	
100	-1	
101	1	
102	1	
103	1	
104	-1	
105	1	
106	-1	
107	1	
108	-1	
109	-1	
110	1	
111	1	
112	1	
113	-1	
114	-1	
115	-1	
116	-1	
117	-1	
118	1	
119	-1	
120	-1	
121	-1	
123	-1	
124	1	
125	1	
126	-1	
127	1	
128	1	
129	-1	
130	1	
131	-1	
132	-1	
133	-1	
134	1	
135	1	
136	-1	
137	1	
138	1	
139	-1	
141	-1	
142	1	
143	-1	
144	-1	
145	-1	
146	-1	
147	-1	
148	1	
149	1	
150	-1	
151	-1	
152	1	
153	-1	
154	-1	
155	1	
156	-1	
157	-1	
158	-1	
159	-1	
160	1	
161	1	
162	-1	
163	1	
164	-1	
165	-1	
166	1	
167	1	
168	-1	
169	-1	
170	-1	
171	-1	
172	-1	
173	-1	
174	1	
175	-1	
176	-1	
177	-1	
178	1	
179	1	
180	-1	
181	-1	
182	-1	
183	-1	
184	-1	
185	1	
186	1	
187	-1	
188	-1	
189	-1	
190	1	
191	-1	
192	1	
193	1	
194	1	
195	1	
196	1	
197	1	
198	-1	
199	-1	
200	1	
201	1	
202	1	
203	1	
204	-1	
205	1	
206	1	
207	1	
208	1	
209	1	
210	1	
211	-1	
212	-1	
213	-1	
214	-1	
215	1	
216	1	
217	-1	
218	-1	
219	1	
220	-1	
221	1	
222	-1	
223	1	
224	1	
225	-1	
226	-1	
227	-1	
228	-1	
229	-1	
230	1	
231	1	
232	1	
233	-1	
234	1	
235	1	
236	1	
237	-1	
238	1	
239	-1	
240	1	
241	1	
242	-1	
243	1	
244	1	
245	-1	
246	-1	
247	-1	
248	1	
249	-1	
250	1	
251	1	
252	1	
253	-1	
254	-1	
255	1	
256	1	
257	1	
258	1	
259	1	
260	-1	
261	1	
262	-1	
263	-1	
264	1	
265	1	
266	-1	
267	1	
268	1	
269	1	
270	-1	
271	1	
272	1	
273	1	
274	-1	
275	-1	
276	-1	
277	1	
278	1	
279	1	
280	1	
281	1	
282	-1	
283	1	
284	1	
285	1	
286	1	
287	-1	
288	1	
289	-1	
290	-1	
291	-1	
292	-1	
293	1	
294	1	
295	1	
296	1	
297	-1	
298	-1	
299	1	
300	1	
301	1	
302	1	
303	1	
304	1	
305	1	
306	1	
307	-1	
308	1	
309	1	
310	1	
311	-1	
312	1	
313	-1	
314	-1	
315	1	
316	1	
317	-1	
318	-1	
319	-1	
320	1	
321	1	
322	1	
323	-1	
324	-1	
325	-1	
326	-1	
327	-1	
328	-1	
329	1	
330	1	
331	-1	
332	1	
333	-1	
334	-1	
335	-1	
336	1	
337	1	
338	-1	
339	-1	
340	1	
341	-1	
342	-1	
343	1	
344	1	
345	-1	
346	1	
347	-1	
348	1	
349	1	
350	1	
351	-1	
352	1	
353	-1	
354	-1	
355	-1	
356	-1	
357	-1	
358	1	
359	-1	
361	1	
362	1	
363	-1	
364	1	
365	1	
367	1	
368	1	
369	1	
370	1	
371	-1	
372	-1	
373	1	
374	-1	
375	-1	
376	-1	
377	-1	
378	1	
379	-1	
380	1	
382	-1	
383	-1	
384	1	
385	1	
386	1	
387	-1	
388	1	
389	-1	
390	1	
391	1	
392	1	
393	1	
394	1	
396	1	
397	-1	
398	-1	
399	-1	
400	1	
401	1	
402	1	
403	1	
404	-1	
405	-1	
406	1	
407	-1	
408	-1	
409	1	
410	1	
411	-1	
412	-1	
413	-1	
414	-1	
415	1	
416	-1	
417	-1	
418	1	
419	-1	
420	1	
421	-1	
422	1	
424	-1	
425	1	
426	1	
427	1	
428	1	
429	1	
430	1	
431	-1	
432	-1	
433	1	
434	1	
435	1	
436	-1	
437	-1	
438	-1	
439	1	
440	-1	
441	1	
442	1	
443	1	
444	1	
445	-1	
446	1	
447	1	
448	-1	
449	1	
450	1	
451	-1	
452	-1	
453	1	
454	-1	
455	1	
456	1	
457	-1	
458	1	
459	1	
460	1	
461	-1	
462	1	
463	1	
464	1	
465	-1	
466	1	
467	-1	
468	1	
469	1	
470	1	
471	1	
472	1	
473	1	
474	-1	
475	1	
476	1	
477	1	
478	-1	
479	-1	
480	1	
481	1	
482	1	
483	-1	
484	-1	
485	-1	
486	1	
487	-1	
488	1	
489	-1	
490	1	
491	1	
492	-1	
493	1	
494	-1	
495	-1	
496	-1	
497	1	
498	-1	
499	1	
500	-1	
501	-1	
502	-1	
503	-1	
504	1	
505	1	
506	-1	
507	1	
508	-1	
509	1	
510	-1	
511	1	
Js:	
305	308	-3	
306	308	-2	
306	309	-3	
307	309	2	
307	310	3	
305	310	3	
472	476	-3	
475	476	-4	
475	477	-2	
473	477	-3	
473	479	-2	
472	479	4	
185	191	1	
186	191	4	
186	250	-2	
250	254	2	
249	254	-3	
185	249	-2	
369	372	3	
370	372	4	
370	434	-3	
434	438	4	
433	438	3	
369	433	1	
490	492	3	
491	492	3	
491	493	-4	
488	493	2	
488	494	3	
490	494	1	
41	44	3	
43	44	3	
43	47	-4	
40	47	-3	
40	46	3	
41	46	-2	
48	55	-3	
51	55	-3	
51	115	2	
115	117	-3	
112	117	-3	
48	112	-4	
248	252	-4	
251	252	-4	
251	315	-3	
315	316	-3	
312	316	-1	
248	312	1	
384	388	-2	
387	388	5	
387	451	-2	
451	455	-3	
448	455	4	
384	448	2	
193	197	-3	
194	197	-3	
194	258	-2	
258	262	4	
257	262	2	
193	257	2	
81	85	-2	
82	85	5	
82	146	1	
146	150	-4	
145	150	-3	
81	145	1	
32	37	-2	
34	37	2	
34	98	-2	
98	101	-2	
96	101	3	
32	96	3	
137	141	4	
139	141	-2	
139	143	-4	
138	143	3	
138	142	-2	
137	142	-3	
290	292	-3	
291	292	4	
291	294	3	
288	294	-3	
288	295	-4	
290	295	3	
274	278	-2	
278	286	-2	
280	286	-2	
280	287	2	
279	287	1	
274	279	2	
66	70	4	
70	78	-1	
75	78	-2	
75	79	4	
71	79	3	
66	71	-3	
216	221	-3	
221	229	-1	
224	229	3	
224	231	-1	
223	231	-2	
216	223	-3	
400	404	2	
403	404	3	
403	406	-4	
402	406	2	
402	407	3	
400	407	3	
338	341	-2	
341	349	3	
344	349	-3	
344	350	-4	
342	350	-1	
338	342	-3	
128	132	-2	
130	132	4	
130	135	-3	
129	135	3	
129	134	3	
128	134	-3	
201	206	-4	
202	206	-2	
202	266	1	
266	269	-2	
265	269	-3	
201	265	-1	
169	173	-4	
171	173	-2	
171	235	1	
235	238	3	
233	238	4	
169	233	-2	
354	359	-3	
355	359	-2	
355	419	-2	
419	421	4	
418	421	2	
354	418	1	
105	108	-1	
107	108	4	
107	110	-3	
104	110	2	
104	109	-2	
105	109	3	
160	164	4	
162	164	-2	
162	166	3	
161	166	-4	
161	165	-1	
160	165	3	
458	460	3	
460	468	-1	
467	468	4	
467	470	3	
462	470	-1	
458	462	-3	
24	31	2	
26	31	3	
26	90	3	
90	92	-2	
88	92	1	
24	88	4	
176	180	-4	
177	180	-3	
177	182	-3	
179	182	-2	
179	183	4	
176	183	-3	
273	277	-1	
275	277	3	
275	339	-3	
339	343	2	
337	343	3	
273	337	-4	
297	300	3	
298	300	2	
298	301	2	
299	301	-3	
299	303	4	
297	303	3	
2	5	-4	
5	13	1	
11	13	3	
11	14	-3	
6	14	-1	
2	6	2	
323	324	-4	
324	332	2	
330	332	-1	
330	333	2	
325	333	1	
323	325	-5	
240	244	-3	
242	244	3	
242	245	-1	
243	245	3	
243	246	3	
240	246	-4	
208	212	-3	
210	212	3	
210	213	4	
211	213	-4	
211	214	-2	
208	214	4	
58	60	2	
59	60	-2	
59	63	-3	
56	63	3	
56	62	-3	
58	62	3	
440	444	3	
443	444	1	
443	447	-5	
442	447	-3	
442	446	-2	
440	446	3	
480	485	-2	
482	485	2	
482	487	5	
483	487	-1	
483	486	4	
480	486	-2	
496	501	-3	
501	509	2	
505	509	-5	
505	511	-2	
503	511	-2	
496	503	-4	
352	356	-4	
353	356	-2	
353	417	-2	
417	422	2	
416	422	2	
352	416	1	
426	429	3	
429	437	3	
432	437	-2	
432	439	4	
431	439	3	
426	431	5	
17	20	-3	
20	28	2	
25	28	1	
25	29	-5	
21	29	-1	
17	21	3	
392	397	3	
393	397	3	
393	399	3	
394	399	3	
394	398	3	
392	398	4	
377	380	2	
379	380	4	
379	382	-2	
378	382	3	
378	383	-3	
377	383	-3	
408	412	-4	
409	412	1	
409	414	3	
410	414	3	
410	413	5	
408	413	1	
200	207	-3	
203	207	-2	
203	267	1	
267	270	2	
264	270	3	
200	264	-1	
9	12	3	
10	12	-3	
10	74	2	
74	76	-2	
73	76	-3	
9	73	3	
217	220	-2	
220	228	-2	
225	228	-2	
225	230	3	
222	230	-1	
217	222	-3	
321	327	4	
322	327	4	
322	386	1	
386	390	-5	
385	390	-2	
321	385	-2	
91	94	-3	
94	102	-3	
97	102	-3	
97	103	-2	
95	103	-2	
91	95	4	
153	156	-2	
154	156	2	
154	158	-4	
152	158	3	
152	159	4	
153	159	-3	
361	364	-4	
363	364	-1	
363	427	2	
427	430	-3	
425	430	-2	
361	425	-2	
192	196	-3	
195	196	-4	
195	259	1	
259	261	-4	
256	261	-2	
192	256	-1	
498	500	4	
500	508	-2	
506	508	-4	
506	510	-4	
502	510	-2	
498	502	-4	
49	52	4	
50	52	2	
50	114	-3	
114	119	-2	
113	119	-3	
49	113	3	
16	22	-2	
19	22	3	
19	83	-3	
83	87	5	
80	87	1	
16	80	-3	
120	126	-4	
123	126	-3	
123	187	-3	
187	189	-2	
184	189	-3	
120	184	2	
362	365	-3	
365	373	-3	
368	373	-4	
368	375	2	
367	375	3	
362	367	-4	
282	284	3	
283	284	-4	
283	347	3	
347	348	-2	
346	348	-3	
282	346	1	
456	461	3	
461	469	-2	
464	469	-2	
464	471	-4	
463	471	-2	
456	463	-3	
168	175	-3	
170	175	-4	
170	234	-1	
234	236	-2	
232	236	-4	
168	232	2	
0	4	-3	
3	4	-3	
3	67	-4	
67	69	2	
64	69	-3	
0	64	-4	
328	333	3	
329	333	3	
329	334	2	
331	334	-4	
331	335	-2	
328	335	-3	
312	317	-1	
313	317	-2	
313	318	-3	
314	318	-2	
314	319	-3	
312	319	4	
33	36	-1	
35	36	-4	
35	39	-3	
34	39	2	
34	38	-3	
33	38	-3	
144	148	4	
148	156	2	
155	156	-3	
155	157	5	
149	157	2	
144	149	2	
448	452	1	
449	452	2	
449	453	-3	
450	453	-4	
450	454	3	
448	454	-3	
289	293	2	
293	301	-2	
296	301	-2	
296	302	-4	
294	302	2	
289	294	2	
145	151	1	
147	151	-4	
147	211	-2	
211	215	3	
209	215	-3	
145	209	2	
112	116	2	
116	124	3	
121	124	-2	
121	127	4	
119	127	3	
112	119	1	
257	260	2	
260	268	2	
267	268	-2	
267	271	1	
263	271	2	
257	263	3	
241	245	3	
245	253	-3	
250	253	5	
250	255	3	
247	255	3	
241	247	4	
50	53	-3	
53	61	3	
57	61	-1	
57	62	-1	
54	62	-3	
50	54	-2	
89	92	-4	
92	100	-3	
99	100	2	
99	101	-3	
93	101	-2	
89	93	-3	
401	405	3	
402	405	3	
402	466	-2	
466	468	-4	
465	468	-2	
401	465	3	
272	276	3	
276	284	2	
281	284	-1	
281	285	-3	
277	285	1	
272	277	-3	
481	484	3	
484	492	-2	
489	492	-2	
489	495	-1	
487	495	-2	
481	487	-1	
41	45	-3	
42	45	3	
42	106	3	
106	111	2	
105	111	5	
41	105	2	
18	22	-2	
22	30	-2	
27	30	-3	
27	31	-2	
23	31	1	
18	23	-3	
345	351	-5	
347	351	-4	
347	411	-2	
411	415	3	
409	415	-4	
345	409	2	
162	167	1	
163	167	2	
163	227	3	
227	231	3	
226	231	3	
162	226	-2	
433	436	4	
435	436	3	
435	499	-3	
499	501	-2	
497	501	2	
433	497	-2	
8	15	2	
9	15	-3	
73	77	2	
72	77	-1	
8	72	-4	
65	68	2	
67	68	-3	
67	131	-1	
131	133	3	
129	133	-2	
65	129	1	
304	311	5	
307	311	-3	
307	371	-3	
371	374	-2	
368	374	3	
304	368	-3	
441	445	-3	
443	445	3	
443	507	-3	
507	509	-3	
441	505	-2	
419	420	-1	
420	428	-2	
424	428	3	
424	430	4	
422	430	-2	
419	422	3	
171	172	-2	
172	180	1	
178	180	2	
178	182	3	
174	182	3	
171	174	3	
320	326	4	
321	326	3	
385	391	-5	
384	391	-3	
320	384	1	
200	204	2	
203	204	-2	
203	206	-2	
201	205	-2	
200	205	-2	
336	340	2	
340	348	-2	
346	349	-4	
336	341	3	
72	76	-1	
76	84	3	
81	84	-3	
81	86	-3	
78	86	1	
72	78	4	
234	237	4	
235	237	2	
235	239	4	
232	239	-2	
472	477	-1	
473	478	2	
474	478	-4	
474	479	3	
184	188	-2	
187	188	3	
185	189	2	
185	190	-3	
184	190	3	
458	461	1	
459	461	3	
459	462	3	
457	462	2	
457	463	4	
458	463	-3	
353	357	-3	
355	357	-3	
355	358	3	
352	358	-2	
352	359	3	
353	359	-3	
194	196	-1	
195	199	-4	
192	199	2	
192	198	4	
194	198	2	
117	125	-2	
120	125	1	
118	126	2	
115	118	2	
218	220	-3	
219	220	3	
219	283	-1	
283	286	-3	
282	286	-1	
218	282	-3	
388	396	-2	
392	396	-2	
389	397	-4	
387	389	1	
130	133	3	
133	141	2	
136	141	-2	
136	142	2	
134	142	-3	
130	134	-2	
0	6	3	
1	6	-4	
1	65	-3	
65	70	4	
64	70	2	
497	502	1	
504	510	4	
504	511	-4	
497	503	4	
177	181	-2	
178	181	2	
178	242	4	
241	244	-2	
177	241	-3	
376	380	3	
377	382	-3	
376	383	2	
320	325	3	
323	327	2	
322	326	2	
154	157	-3	
155	158	1	
153	158	-1	
154	159	2	
226	228	2	
226	229	-3	
224	230	-3	
249	252	2	
315	319	-1	
313	319	-3	
249	313	-2	
417	420	-3	
418	420	-3	
418	482	-4	
481	485	2	
417	481	4	
258	260	1	
259	260	-3	
256	263	4	
258	263	3	
329	332	-3	
332	340	-3	
336	343	-4	
335	343	1	
329	335	3	
98	102	-3	
98	103	-3	
24	29	-1	
25	89	-1	
88	93	-3	
202	204	3	
204	212	-1	
209	212	4	
207	215	1	
202	207	-3	
410	412	2	
411	413	2	
408	415	3	
80	86	2	
83	86	-3	
83	147	1	
144	151	-3	
80	144	1	
291	295	2	
289	295	4	
290	293	2	
427	428	-2	
428	436	2	
432	436	-1	
427	429	3	
52	60	2	
58	61	-5	
49	53	1	
424	431	-2	
426	490	-3	
490	495	-3	
488	495	1	
424	488	3	
265	270	2	
270	278	2	
275	278	-1	
275	279	3	
271	279	-3	
265	271	-3	
32	38	2	
38	46	-2	
43	46	2	
39	47	1	
32	39	-2	
440	445	-3	
441	446	-3	
440	447	2	
106	109	1	
107	109	2	
107	111	-2	
104	111	1	
106	110	2	
10	13	2	
11	15	-3	
8	14	-2	
10	14	-3	
363	365	3	
369	373	2	
369	375	4	
363	367	2	
16	20	1	
17	23	-3	
18	21	3	
16	21	2	
394	396	4	
396	404	2	
403	407	2	
399	407	-2	
246	254	-2	
248	254	2	
248	255	-2	
243	247	-1	
299	300	-1	
300	308	-1	
304	308	-2	
303	311	1	
97	100	3	
99	163	-1	
163	166	-2	
97	161	1	
170	173	-3	
168	174	2	
169	174	2	
400	406	-2	
401	406	2	
465	471	3	
400	464	-3	
36	44	2	
40	44	2	
40	45	-2	
37	45	1	
35	37	-2	
450	452	4	
451	452	-4	
451	453	3	
449	454	3	
305	309	-4	
309	317	3	
314	317	-4	
310	318	3	
217	221	1	
217	281	2	
281	287	3	
216	280	2	
476	484	1	
483	484	-3	
478	486	-1	
475	478	2	
371	372	-2	
371	435	-1	
435	438	1	
66	69	-2	
69	77	3	
74	77	-2	
74	79	2	
297	302	-1	
298	302	3	
298	362	2	
362	364	-3	
297	361	2	
57	63	-4	
59	123	-1	
123	125	4	
121	125	3	
57	121	1	
273	276	3	
274	276	-3	
274	338	-3	
337	342	-4	
264	268	2	
266	268	4	
266	330	2	
330	334	3	
328	334	-2	
264	328	2	
213	221	-2	
219	221	-2	
219	222	3	
214	222	-2	
210	214	3	
386	389	-2	
393	398	3	
390	398	3	
2	4	-3	
3	6	-2	
1	5	2	
349	357	2	
354	357	-3	
354	358	2	
350	358	2	
179	181	3	
181	189	2	
186	189	3	
183	191	-3	
80	84	3	
83	84	-2	
82	87	4	
80	85	2	
48	54	-2	
114	118	4	
112	118	-2	
233	237	-1	
234	238	-2	
233	239	-3	
496	500	-1	
499	502	2	
499	503	2	
457	460	2	
459	460	-4	
456	462	-2	
457	461	-3	
138	141	-3	
141	149	1	
146	149	3	
146	151	-2	
143	151	-1	
489	494	-4	
26	30	-2	
27	91	2	
91	92	2	
128	135	-3	
131	135	2	
131	195	2	
195	197	1	
192	197	-2	
128	192	-2	
467	469	-3	
469	477	-3	
474	477	3	
470	478	3	
164	172	-2	
170	172	-2	
167	175	2	
160	167	2	
507	508	2	
507	511	-3	
113	116	-3	
154	218	1	
218	223	3	
152	216	-1	
129	132	-1	
130	194	-2	
194	199	2	
193	199	2	
129	193	-2	
378	380	-3	
378	442	-2	
442	444	-3	
376	440	1	
72	79	1	
75	139	-2	
136	143	-2	
72	136	1	
416	421	-3	
480	487	3	
416	480	4	
411	414	2	
51	54	-3	
55	63	-2	
180	188	-2	
186	188	-2	
186	190	-1	
182	190	1	
176	182	-2	
42	47	2	
106	108	-3	
104	108	-3	
40	104	2	
267	269	-3	
267	331	3	
265	329	1	
33	97	-3	
96	100	-3	
208	215	-3	
211	275	1	
208	272	-2	
308	316	-3	
315	318	-2	
306	310	-1	
12	20	-2	
19	20	-2	
14	22	2	
9	14	-1	
285	293	-2	
288	293	-1	
286	294	-2	
281	286	2	
259	262	3	
259	323	1	
322	324	3	
258	322	1	
240	245	2	
197	205	-3	
203	205	3	
198	206	3	
193	198	3	
425	428	-3	
435	439	3	
425	431	1	
403	405	-1	
403	467	2	
163	165	3	
227	228	-3	
224	228	3	
160	224	-2	
385	449	1	
449	455	-3	
145	148	3	
145	149	-2	
144	150	-2	
66	68	-2	
67	71	3	
65	71	-2	
26	28	2	
27	28	-3	
27	29	-2	
25	31	3	
370	374	-3	
290	354	-1	
354	356	-2	
288	352	-2	
331	332	2	
339	340	3	
339	341	-3	
333	341	2	
331	333	-1	
297	301	3	
299	302	-2	
138	202	-1	
201	204	-2	
137	201	-2	
13	21	-2	
19	21	-3	
19	23	1	
15	23	2	
10	15	-2	
108	116	-1	
114	116	-1	
110	118	1	
338	343	2	
272	336	-2	
313	377	-3	
376	382	-3	
312	376	-3	
227	230	-2	
230	238	-2	
231	239	2	
505	508	2	
498	501	-3	
251	253	-1	
248	253	2	
249	255	2	
355	356	2	
152	156	2	
156	164	1	
161	164	2	
161	167	-3	
159	167	2	
44	52	-1	
51	52	1	
51	53	-3	
45	53	1	
64	68	2	
68	76	-1	
162	165	-3	
165	173	1	
166	174	-1	
187	190	2	
393	396	-2	
392	399	1	
90	93	-3	
90	95	-3	
89	95	2	
89	94	2	
88	94	3	
257	261	-2	
261	269	-1	
264	269	2	
264	271	-2	
361	365	-2	
425	429	-3	
483	485	-2	
485	493	2	
489	493	2	
486	494	2	
176	181	-1	
179	243	1	
243	244	-2	
176	240	2	
153	157	-3	
155	219	-3	
153	217	-3	
433	437	2	
437	445	-2	
438	446	2	
344	348	2	
345	348	3	
346	351	1	
346	350	-3	
401	404	2	
465	470	-2	
464	470	-2	
34	36	3	
33	37	-2	
33	39	3	
280	284	-2	
282	287	-2	
283	287	2	
283	285	1	
280	285	-3	
101	109	2	
103	111	-2	
99	103	-2	
256	260	2	
266	270	-2	
262	270	-1	
256	262	-2	
386	388	-3	
386	450	1	
209	213	2	
408	414	-2	
410	474	1	
408	472	2	
177	183	-1	
178	183	1	
242	247	-2	
56	60	-3	
57	60	3	
58	63	2	
56	61	3	
320	324	1	
321	324	-2	
323	326	-2	
304	310	2	
306	311	3	
1	4	3	
3	5	-3	
0	5	-2	
225	229	-4	
226	290	-1	
289	292	-2	
225	289	1	
8	12	-2	
11	12	2	
11	75	1	
131	132	-3	
128	133	2	
411	412	-2	
412	420	1	
416	420	2	
413	421	-2	
379	383	-3	
379	443	2	
273	279	-2	
339	342	-3	
426	430	-1	
427	491	-1	
491	495	3	
49	55	-2	
113	117	-2	
232	237	3	
234	298	1	
296	300	4	
232	296	-1	
468	476	2	
475	479	1	
471	479	2	
466	471	-3	
139	142	2	
139	203	2	
136	200	3	
434	439	-2	
434	498	-1	
496	502	-2	
432	496	-2	
18	20	-2	
24	28	-3	
24	30	-2	
364	372	-2	
371	373	3	
314	316	-2	
168	172	-3	
169	172	-2	
233	236	-2	
480	484	1	
185	188	3	
187	191	-1	
184	191	-3	
147	148	-1	
147	149	2	
400	405	2	
218	221	-1	
216	222	2	
330	335	3	
330	394	-1	
328	392	1	
196	204	2	
199	207	2	
99	102	-2	
96	103	-1	
384	389	3	
387	390	1	
387	391	3	
504	508	-2	
506	509	2	
43	45	-2	
42	46	3	
120	124	3	
123	124	2	
120	127	2	
16	23	-2	
17	81	-2	
409	473	-2	
473	476	1	
497	500	3	
499	500	3	
73	79	1	
74	138	-3	
73	137	-2	
436	444	-2	
288	292	2	
425	489	-1	
257	321	1	
320	327	2	
256	320	-1	
305	311	1	
306	370	-1	
369	374	1	
305	369	-1	
272	278	-3	
336	342	1	
466	469	-2	
59	61	2	
59	62	2	
298	303	2	
299	363	2	
115	116	2	
114	117	-2	
2	66	3	
347	350	1	
344	351	2	
137	143	1	
201	207	1	
107	171	2	
171	175	-2	
104	168	2	
250	252	-2	
249	253	1	
374	382	-1	
375	383	-1	
371	375	-1	
265	268	-2	
9	13	-2	
8	13	-2	
210	215	1	
209	214	1	
218	222	1	
398	406	1	
29	37	3	
31	39	1	
315	317	2	
312	318	2	
465	469	2	
482	484	2	
161	225	-1	
105	110	-2	
106	170	1	
105	169	1	
434	437	2	
163	164	1	
28	36	1	
35	38	1	
30	38	3	
273	278	2	
441	447	2	
377	441	1	
452	460	1	
454	462	1	
235	236	2	
236	244	-2	
237	245	-2	
75	76	2	
82	84	-1	
77	85	-1	
75	77	-3	
414	422	1	
356	364	2	
361	367	-2	
359	367	3	
337	340	-1	
48	52	2	
491	494	-1	
481	486	-2	
41	47	-2	
258	261	-3	
326	334	1	
146	148	2	
147	150	2	
242	246	-2	
440	504	-2	
115	119	-3	
307	308	-1	
269	277	-1	
274	277	1	
266	271	1	
291	293	3	
353	358	1	
251	255	-2	
313	316	-1	
74	78	1	
411	475	-1	
402	404	1	
397	405	1	
157	165	-1	
158	166	-2	
32	36	-1	
98	100	1	
121	185	1	
18	82	-2	
456	460	1	
418	422	2	
441	444	1	
442	506	1	
505	510	1	
234	239	2	
232	238	-2	
26	29	2	
49	54	2	
64	71	-1	
135	143	-1	
385	389	-2	
394	397	1	
391	399	1	
404	412	-2	
405	413	2	
314	378	1	
173	181	2	
432	438	-2	
368	432	1	
35	99	-2	
280	344	1	
488	492	-1	
42	44	-1	
328	332	1	
91	93	1	
227	229	1	
113	118	1	
493	501	2	
495	503	2	
202	205	-2	
200	206	-1	
67	70	-1	
506	511	-1	
419	483	-2	
315	379	-1	
17	22	-1	
384	390	1	
338	402	1	
401	407	1	
337	401	-1	
226	230	-1	
427	431	1	
48	53	-1	
50	55	-2	
322	325	1	
448	453	2	
451	454	2	
282	285	2	
88	95	-1	
82	86	-1	
482	486	-1	
212	220	-1	
219	223	2	
215	223	-1	
96	102	-1	
98	162	1	
96	160	1	
240	247	1	
239	247	-1	
73	78	1	
123	127	1	
121	126	1	
494	502	1	
151	159	-1	
289	353	1	
131	134	1	
466	470	-1	
275	276	-1	
187	251	1	
251	254	1	
442	445	1	
345	350	1	
393	457	-1	
392	456	-1	
169	175	1	
81	87	-1	
79	87	-1	
216	220	1	
272	279	1	
417	421	-1	
492	500	-1	
474	476	1	
338	340	1	
238	246	1	
150	158	-1	
357	365	-1	
406	414	-1	
435	437	1	
90	94	-1	
225	231	-1	
410	415	-1	
407	415	1	
184	248	-1	
368	372	1	
370	375	1	
292	300	1	
296	303	-1	
295	303	-1	
170	174	1	
281	345	1	
210	274	-1	
311	319	-1	
507	510	1	
217	223	1	
43	107	1	
464	468	-1	
337	341	1	
Energy:	-2088	
