NumberOfQubits	504	
NumberOfSubgraphs	420	
Serial	285	
PlantedSolution:	
0	1	
1	-1	
2	-1	
3	-1	
4	-1	
5	-1	
6	-1	
8	1	
9	1	
10	1	
11	1	
12	1	
13	1	
14	-1	
15	-1	
16	1	
17	1	
18	-1	
19	-1	
20	-1	
21	1	
22	1	
23	-1	
24	-1	
25	-1	
26	1	
27	-1	
28	1	
29	-1	
30	-1	
31	1	
32	1	
33	-1	
34	-1	
35	-1	
36	1	
37	1	
38	1	
39	1	
40	-1	
41	-1	
42	-1	
43	-1	
44	1	
45	-1	
46	-1	
47	1	
48	1	
49	1	
50	-1	
51	1	
52	1	
53	1	
54	1	
55	1	
56	1	
57	1	
58	-1	
59	1	
60	1	
61	-1	
62	-1	
63	-1	
64	1	
65	-1	
66	-1	
67	-1	
68	1	
69	1	
70	1	
71	1	
72	-1	
73	-1	
74	1	
75	1	
76	-1	
77	1	
78	1	
79	1	
80	-1	
81	1	
82	1	
83	-1	
84	1	
85	-1	
86	1	
87	1	
88	1	
89	1	
90	1	
91	-1	
92	-1	
93	-1	
94	1	
95	1	
96	-1	
97	1	
98	1	
99	1	
100	-1	
101	-1	
102	-1	
103	-1	
104	-1	
105	-1	
106	1	
107	-1	
108	1	
109	-1	
110	1	
111	-1	
112	1	
113	-1	
114	-1	
115	1	
116	-1	
117	1	
118	1	
119	-1	
120	1	
121	-1	
123	-1	
124	-1	
125	1	
126	1	
127	1	
128	-1	
129	-1	
130	1	
131	-1	
132	-1	
133	-1	
134	-1	
135	-1	
136	1	
137	1	
138	1	
139	-1	
141	-1	
142	1	
143	1	
144	1	
145	-1	
146	1	
147	-1	
148	1	
149	1	
150	1	
151	-1	
152	-1	
153	1	
154	1	
155	1	
156	-1	
157	1	
158	1	
159	1	
160	-1	
161	1	
162	-1	
163	-1	
164	1	
165	-1	
166	1	
167	-1	
168	-1	
169	1	
170	1	
171	-1	
172	-1	
173	-1	
174	1	
175	-1	
176	1	
177	1	
178	-1	
179	-1	
180	-1	
181	1	
182	-1	
183	-1	
184	1	
185	-1	
186	-1	
187	-1	
188	-1	
189	1	
190	1	
191	1	
192	1	
193	-1	
194	1	
195	-1	
196	-1	
197	1	
198	1	
199	1	
200	-1	
201	-1	
202	-1	
203	-1	
204	1	
205	-1	
206	-1	
207	-1	
208	-1	
209	-1	
210	1	
211	1	
212	1	
213	1	
214	-1	
215	1	
216	1	
217	1	
218	-1	
219	-1	
220	1	
221	1	
222	1	
223	1	
224	1	
225	1	
226	-1	
227	1	
228	-1	
229	-1	
230	1	
231	1	
232	-1	
233	1	
234	-1	
235	1	
236	-1	
237	-1	
238	-1	
239	-1	
240	1	
241	1	
242	1	
243	1	
244	1	
245	1	
246	1	
247	1	
248	1	
249	1	
250	1	
251	1	
252	1	
253	1	
254	-1	
255	1	
256	1	
257	1	
258	-1	
259	1	
260	1	
261	1	
262	-1	
263	-1	
264	-1	
265	1	
266	-1	
267	-1	
268	-1	
269	1	
270	-1	
271	-1	
272	-1	
273	1	
274	1	
275	-1	
276	-1	
277	-1	
278	-1	
279	1	
280	-1	
281	1	
282	1	
283	-1	
284	1	
285	1	
286	-1	
287	1	
288	-1	
289	-1	
290	-1	
291	1	
292	-1	
293	-1	
294	1	
295	1	
296	-1	
297	-1	
298	1	
299	-1	
300	-1	
301	-1	
302	-1	
303	1	
304	-1	
305	1	
306	1	
307	-1	
308	1	
309	1	
310	-1	
311	1	
312	1	
313	-1	
314	1	
315	-1	
316	1	
317	1	
318	-1	
319	-1	
320	-1	
321	1	
322	1	
323	-1	
324	-1	
325	-1	
326	1	
327	-1	
328	-1	
329	-1	
330	1	
331	1	
332	1	
333	-1	
334	-1	
335	-1	
336	-1	
337	1	
338	-1	
339	1	
340	1	
341	1	
342	1	
343	1	
344	1	
345	-1	
346	-1	
347	1	
348	1	
349	-1	
350	1	
351	1	
352	-1	
353	1	
354	1	
355	1	
356	1	
357	-1	
358	1	
359	-1	
361	1	
362	1	
363	-1	
364	-1	
365	-1	
367	-1	
368	1	
369	-1	
370	1	
371	-1	
372	1	
373	1	
374	1	
375	1	
376	1	
377	-1	
378	-1	
379	-1	
380	1	
382	-1	
383	1	
384	-1	
385	1	
386	-1	
387	-1	
388	1	
389	1	
390	-1	
391	1	
392	-1	
393	1	
394	1	
396	-1	
397	-1	
398	-1	
399	-1	
400	1	
401	-1	
402	-1	
403	1	
404	1	
405	-1	
406	1	
407	1	
408	1	
409	-1	
410	-1	
411	1	
412	-1	
413	1	
414	1	
415	1	
416	-1	
417	-1	
418	-1	
419	-1	
420	1	
421	-1	
422	-1	
424	1	
425	1	
426	1	
427	-1	
428	-1	
429	1	
430	-1	
431	-1	
432	1	
433	-1	
434	-1	
435	1	
436	-1	
437	-1	
438	-1	
439	-1	
440	-1	
441	-1	
442	1	
443	1	
444	-1	
445	-1	
446	-1	
447	1	
448	1	
449	-1	
450	1	
451	1	
452	1	
453	-1	
454	-1	
455	-1	
456	1	
457	1	
458	-1	
459	1	
460	1	
461	-1	
462	1	
463	1	
464	1	
465	-1	
466	1	
467	1	
468	1	
469	1	
470	-1	
471	-1	
472	-1	
473	-1	
474	-1	
475	1	
476	-1	
477	-1	
478	1	
479	1	
480	1	
481	1	
482	1	
483	1	
484	-1	
485	1	
486	1	
487	1	
488	-1	
489	-1	
490	1	
491	-1	
492	-1	
493	-1	
494	-1	
495	1	
496	-1	
497	1	
498	1	
499	-1	
500	-1	
501	-1	
502	1	
503	-1	
504	-1	
505	-1	
506	-1	
507	-1	
508	1	
509	1	
510	-1	
511	1	
Js:	
144	149	-2	
145	149	-3	
145	209	-1	
209	214	-4	
208	214	-1	
144	208	1	
64	70	-3	
67	70	4	
67	131	-1	
131	132	-3	
128	132	3	
64	128	2	
401	404	4	
403	404	-5	
403	405	-1	
400	405	2	
400	407	-3	
401	407	1	
48	52	-2	
51	52	3	
51	53	-2	
49	53	-4	
49	54	-2	
48	54	-3	
216	222	-3	
218	222	3	
218	282	3	
282	287	-3	
280	287	-1	
216	280	1	
41	44	2	
43	44	3	
43	45	-2	
42	45	-3	
42	47	3	
41	47	3	
265	268	4	
267	268	-3	
267	271	1	
264	271	-4	
264	270	-3	
265	270	1	
328	332	2	
331	332	-4	
331	335	3	
329	335	-3	
329	333	-4	
328	333	-2	
473	476	-2	
475	476	2	
475	479	3	
474	479	3	
474	477	-1	
473	477	-2	
185	188	-1	
187	188	-3	
187	189	4	
186	189	4	
186	191	1	
185	191	-3	
290	292	-2	
291	292	2	
291	293	1	
288	293	1	
288	295	3	
290	295	1	
25	29	-3	
26	29	2	
26	31	-3	
24	31	1	
24	30	-4	
25	30	3	
408	412	1	
409	412	-2	
409	415	2	
411	415	-1	
411	414	3	
408	414	-2	
194	199	-2	
195	199	3	
195	259	2	
259	260	2	
258	260	4	
194	258	1	
10	15	3	
11	15	2	
11	75	-2	
75	76	2	
74	76	-4	
10	74	-1	
304	308	3	
307	308	2	
307	311	3	
306	311	-2	
306	309	-3	
304	309	-4	
88	92	2	
91	92	-3	
91	94	3	
89	94	-2	
89	93	3	
88	93	3	
496	500	-2	
498	500	2	
498	503	2	
497	503	3	
497	501	3	
496	501	-3	
385	388	-3	
386	388	3	
386	391	1	
384	391	4	
384	390	-2	
385	390	-1	
489	492	-2	
490	492	-2	
490	493	2	
491	493	-4	
491	495	2	
489	495	2	
427	429	3	
429	437	-1	
435	437	3	
435	438	3	
430	438	-2	
427	430	-3	
104	108	4	
108	116	1	
113	116	-3	
113	117	3	
109	117	-1	
104	109	-3	
466	468	-3	
467	468	-2	
467	470	5	
464	470	1	
464	471	-2	
466	471	4	
449	452	-2	
450	452	-3	
450	455	3	
448	455	1	
448	454	3	
449	454	-3	
242	244	-3	
243	244	-2	
243	247	1	
241	247	-5	
241	246	-3	
242	246	-2	
112	118	-2	
114	118	1	
114	178	-1	
178	183	-3	
176	183	-1	
112	176	-1	
353	356	-3	
354	356	-2	
354	358	-5	
352	358	2	
352	359	-2	
353	359	2	
456	460	-1	
458	460	2	
458	462	5	
459	462	4	
459	461	1	
456	461	4	
314	316	-2	
315	316	3	
315	319	-4	
312	319	2	
312	318	2	
314	318	2	
210	213	-1	
211	213	3	
211	275	3	
275	278	-4	
274	278	2	
210	274	-2	
169	172	2	
171	172	-3	
171	235	2	
235	239	3	
233	239	2	
169	233	3	
168	173	1	
170	173	2	
170	234	3	
234	236	-2	
232	236	-3	
168	232	-2	
339	341	-2	
341	349	1	
347	349	-1	
347	350	-4	
342	350	-1	
339	342	-3	
377	380	2	
379	380	3	
379	443	-3	
443	446	1	
441	446	-2	
377	441	-2	
370	372	-3	
371	372	2	
371	375	-1	
369	375	5	
369	373	2	
370	373	-2	
96	102	1	
97	102	3	
97	161	-1	
161	167	3	
160	167	-4	
96	160	-2	
417	420	4	
418	420	-3	
418	482	4	
482	485	-2	
481	485	-3	
417	481	4	
152	156	-2	
153	156	2	
153	159	3	
154	159	-1	
154	157	-4	
152	157	2	
80	84	3	
82	84	-2	
82	85	2	
81	85	-3	
81	87	-1	
80	87	3	
192	198	-2	
193	198	3	
193	257	1	
257	263	4	
256	263	1	
192	256	2	
249	252	-2	
250	252	-2	
250	254	2	
248	254	2	
248	255	-2	
249	255	-3	
202	204	-2	
203	204	3	
203	205	-2	
201	205	-3	
201	207	-2	
202	207	-3	
56	62	3	
59	62	4	
59	123	-2	
123	125	2	
120	125	-2	
56	120	-3	
506	509	-3	
507	509	3	
507	510	-2	
504	510	-3	
504	511	2	
506	511	2	
392	396	-2	
394	396	4	
394	399	2	
393	399	3	
393	397	3	
392	397	2	
17	20	4	
18	20	-2	
18	22	3	
19	22	4	
19	21	2	
17	21	-3	
225	228	2	
227	228	-3	
227	230	-3	
226	230	1	
226	229	-3	
225	229	1	
32	36	-3	
33	36	3	
33	39	2	
35	39	-2	
35	37	2	
32	37	-2	
297	300	-3	
299	300	-3	
299	303	-1	
298	303	-2	
298	301	4	
297	301	-2	
72	79	1	
73	79	1	
73	137	2	
137	142	-4	
136	142	4	
72	136	1	
320	324	-4	
323	324	-2	
323	326	3	
321	326	-3	
321	327	-2	
320	327	-3	
1	6	-4	
2	6	2	
2	66	-3	
66	71	2	
65	71	3	
1	65	-3	
361	364	2	
363	364	-5	
363	367	-4	
362	367	3	
362	365	-3	
361	365	4	
129	133	-2	
133	141	-3	
139	141	3	
139	143	3	
135	143	2	
129	135	-3	
272	276	-1	
273	276	3	
273	337	1	
337	340	-2	
336	340	3	
272	336	-2	
425	428	3	
428	436	-1	
433	436	-2	
433	439	-3	
431	439	2	
425	431	2	
98	101	4	
99	101	2	
99	163	1	
163	165	-2	
162	165	-3	
98	162	-2	
376	383	-1	
378	383	3	
378	442	1	
442	447	2	
440	447	2	
376	440	2	
217	223	-3	
219	223	3	
219	283	-1	
283	285	1	
281	285	2	
217	281	-3	
416	421	-4	
419	421	2	
419	483	3	
483	487	-3	
480	487	-1	
416	480	3	
0	4	3	
4	12	2	
8	12	-1	
8	13	-2	
5	13	1	
0	5	-2	
105	109	-3	
107	109	2	
107	110	4	
106	110	-1	
106	111	3	
105	111	-3	
57	60	-3	
58	60	3	
58	61	-3	
59	61	-2	
59	63	3	
57	63	4	
176	180	3	
177	180	2	
177	182	4	
179	182	1	
179	181	2	
176	181	-2	
338	340	-2	
340	348	-1	
345	348	2	
345	351	3	
343	351	-1	
338	343	1	
82	86	-3	
83	86	-2	
83	147	-2	
147	151	-3	
146	151	5	
82	146	-1	
115	118	-3	
118	126	-4	
121	126	3	
121	127	3	
119	127	-4	
115	119	2	
457	461	2	
461	469	1	
465	469	2	
465	471	3	
463	471	1	
457	463	-3	
266	269	1	
269	277	-1	
273	277	2	
273	279	-2	
271	279	1	
266	271	-2	
296	302	-4	
302	310	-1	
305	310	2	
305	311	-2	
303	311	1	
296	303	2	
90	92	2	
92	100	-3	
99	100	3	
99	103	2	
95	103	2	
90	95	3	
145	148	4	
148	156	1	
155	156	-2	
155	158	-4	
150	158	-3	
145	150	1	
368	374	-2	
370	374	-1	
370	434	1	
434	436	-3	
432	436	-2	
368	432	-2	
424	429	2	
426	429	-3	
426	490	-3	
490	494	2	
488	494	-4	
424	488	3	
34	37	3	
37	45	1	
40	45	-2	
40	46	-3	
38	46	3	
34	38	-1	
344	351	-1	
346	351	2	
346	410	3	
410	413	2	
408	413	-1	
344	408	-2	
240	244	-2	
244	252	1	
251	252	-4	
251	253	-2	
245	253	-1	
240	245	-2	
472	476	-2	
476	484	-2	
482	484	2	
482	486	1	
478	486	-2	
472	478	2	
9	14	3	
14	22	1	
16	22	1	
16	23	3	
15	23	-1	
9	15	2	
289	294	-2	
291	294	-3	
291	355	-1	
355	357	4	
353	357	3	
289	353	2	
322	325	3	
323	325	-2	
323	387	-1	
387	389	-4	
386	389	3	
322	386	1	
499	500	-2	
500	508	2	
505	508	3	
505	510	-2	
502	510	2	
499	502	-2	
120	124	3	
121	124	-3	
121	185	1	
185	190	4	
184	190	-3	
120	184	-2	
163	164	4	
164	172	4	
168	172	1	
168	174	2	
166	174	-3	
163	166	3	
194	197	-2	
197	205	1	
200	205	-2	
200	206	-4	
198	206	1	
194	198	2	
67	69	3	
69	77	-3	
75	77	-3	
75	78	1	
70	78	-2	
209	212	-2	
212	220	-2	
216	220	-3	
216	221	-2	
213	221	-3	
209	213	2	
224	229	2	
229	237	-2	
235	237	1	
231	239	-2	
224	231	-3	
393	398	2	
398	406	-2	
402	406	3	
402	407	2	
399	407	2	
64	68	-2	
66	68	2	
66	130	1	
130	134	3	
128	134	1	
313	317	2	
314	317	-3	
314	378	-2	
378	382	-3	
377	382	-2	
313	377	-1	
330	332	-3	
331	333	-1	
329	334	-2	
330	334	3	
441	444	-2	
443	444	-2	
443	447	-2	
440	445	-3	
441	445	-4	
281	284	-3	
282	284	3	
282	285	-1	
280	285	3	
280	286	-4	
281	286	1	
26	28	-3	
27	28	2	
27	31	3	
25	31	-1	
258	261	2	
261	269	-3	
267	269	2	
267	270	-3	
262	270	3	
258	262	-3	
451	455	3	
451	453	3	
449	453	-2	
44	52	-1	
50	52	2	
50	55	3	
47	55	2	
169	175	1	
170	175	4	
234	238	-1	
233	238	3	
210	214	-1	
214	222	3	
217	222	-2	
215	223	-2	
210	215	-3	
193	196	-1	
196	204	2	
203	207	1	
199	207	2	
193	199	3	
417	422	1	
419	422	-4	
483	486	-4	
481	486	-1	
138	141	3	
141	149	-1	
146	149	-2	
143	151	1	
138	143	-3	
3	4	-2	
3	5	-4	
1	5	2	
0	6	3	
387	388	-1	
388	396	3	
394	398	2	
390	398	-2	
387	390	-4	
346	348	2	
347	348	-1	
344	350	2	
344	349	2	
346	349	-3	
72	77	3	
77	85	1	
81	86	-2	
78	86	-1	
72	78	3	
424	428	3	
425	489	-2	
489	494	-2	
403	467	-1	
465	470	-2	
401	465	1	
187	191	2	
184	191	1	
186	190	2	
98	100	-1	
100	108	1	
106	108	-3	
103	111	-2	
98	103	1	
89	95	-2	
90	154	-2	
153	157	-1	
89	153	-1	
208	212	3	
211	212	-1	
272	278	-2	
208	272	2	
179	183	-2	
179	243	3	
243	245	-4	
242	245	2	
178	242	2	
352	357	-1	
355	358	2	
354	359	2	
129	132	-3	
131	135	-2	
130	135	2	
130	133	2	
256	260	-2	
257	260	-1	
257	321	-1	
321	325	3	
320	325	-1	
256	320	-1	
410	412	-2	
411	412	2	
411	475	-2	
410	474	-2	
296	300	-2	
298	300	2	
297	302	-2	
312	317	-3	
315	317	1	
315	379	1	
379	382	-1	
376	382	3	
312	376	-2	
305	308	-3	
306	310	2	
161	165	2	
162	226	-1	
226	231	1	
225	231	-2	
161	225	2	
50	53	1	
50	114	-3	
114	116	-3	
49	113	-3	
43	46	-1	
43	107	-3	
104	110	-2	
40	104	-2	
10	12	-2	
12	20	-1	
13	21	-1	
10	13	-3	
371	374	2	
371	435	-1	
432	437	2	
171	173	-3	
173	181	-1	
177	181	-1	
174	182	2	
171	174	2	
32	38	-1	
33	38	3	
33	97	1	
97	101	-1	
96	101	-3	
32	96	3	
246	254	-1	
251	254	2	
251	255	-2	
247	255	-1	
56	61	2	
58	63	-3	
57	62	-1	
112	117	-2	
117	125	-3	
123	127	2	
112	119	3	
91	93	-1	
91	155	2	
155	159	1	
152	159	3	
88	152	1	
402	405	-2	
402	466	-1	
464	468	-2	
400	464	-1	
507	508	2	
507	511	3	
505	509	1	
457	460	-3	
459	463	-2	
83	87	3	
147	150	3	
144	150	-2	
80	144	-2	
499	501	-1	
499	503	2	
496	503	-2	
496	502	2	
497	502	-1	
288	292	-4	
290	293	-3	
289	293	-2	
289	295	2	
137	201	2	
201	206	-2	
136	200	4	
334	342	2	
339	343	-2	
335	343	2	
330	335	-1	
480	484	-3	
484	492	-2	
491	492	-2	
485	493	2	
480	485	-2	
433	438	-1	
427	431	-3	
274	276	2	
276	284	3	
283	284	-1	
283	287	2	
279	287	-2	
274	279	-1	
65	68	2	
68	76	3	
74	79	-4	
71	79	-2	
228	236	-2	
232	238	-1	
230	238	2	
409	413	2	
413	421	1	
416	422	-3	
414	422	1	
409	414	-1	
385	391	-3	
385	449	-2	
384	448	3	
24	28	2	
28	36	-2	
35	36	2	
35	38	1	
30	38	-1	
369	372	3	
372	380	2	
378	380	1	
375	383	-3	
192	197	-3	
195	197	1	
259	262	2	
256	262	1	
249	253	-2	
250	253	-2	
250	314	1	
313	316	2	
249	313	2	
467	469	-2	
469	477	-1	
472	477	-3	
470	478	2	
11	14	-2	
73	77	2	
9	73	2	
160	164	2	
162	166	2	
162	167	-2	
322	324	3	
322	326	-1	
336	341	-2	
338	341	3	
338	402	-2	
400	406	-2	
336	400	2	
16	21	-1	
18	21	2	
19	23	2	
202	206	-1	
202	266	-2	
266	268	2	
201	265	2	
51	54	-2	
48	55	-2	
49	55	1	
218	220	-1	
218	223	2	
219	221	3	
440	444	1	
442	444	1	
442	446	4	
482	487	-1	
481	487	-1	
453	461	-2	
456	463	-2	
455	463	-2	
307	310	-2	
310	318	-2	
313	318	-3	
313	319	2	
311	319	2	
259	261	-2	
264	269	-2	
263	271	-3	
259	263	2	
2	5	1	
3	67	-2	
66	69	2	
330	394	-1	
394	397	2	
328	392	-1	
115	116	2	
116	124	-3	
123	124	1	
123	126	2	
27	29	2	
29	37	1	
34	39	2	
31	39	-2	
408	415	-2	
409	473	-2	
408	472	-2	
285	293	1	
290	294	2	
286	294	-2	
99	102	1	
94	102	-1	
179	180	-2	
176	240	-2	
184	188	-3	
186	188	-2	
186	250	1	
248	253	-3	
184	248	-1	
432	438	1	
434	438	2	
434	498	2	
498	501	2	
432	496	1	
81	84	-2	
81	145	1	
144	148	-2	
168	175	3	
234	237	-1	
232	237	-3	
137	141	1	
138	142	-2	
348	356	-2	
355	356	2	
355	359	1	
351	359	2	
41	45	2	
42	106	1	
106	109	1	
41	105	-2	
208	215	2	
274	277	2	
272	277	-2	
427	491	-2	
490	495	1	
131	134	-2	
131	195	-1	
195	196	-3	
194	196	2	
130	194	1	
225	230	-2	
224	230	-1	
160	224	1	
154	156	3	
155	157	-2	
152	158	2	
300	308	1	
305	309	-1	
301	309	1	
299	301	3	
11	12	-2	
8	14	2	
8	15	2	
333	341	1	
337	341	-1	
337	342	3	
328	334	-2	
386	390	-1	
385	389	-1	
368	373	-2	
371	373	-3	
369	374	2	
368	375	-1	
58	62	1	
504	509	-2	
505	511	2	
25	89	2	
24	88	2	
169	173	1	
235	238	3	
452	460	-1	
459	460	-3	
454	462	1	
450	454	2	
200	204	-1	
202	205	-2	
200	207	-1	
40	44	3	
107	108	-1	
362	364	2	
361	367	2	
211	214	1	
275	276	-1	
209	273	-1	
241	244	-1	
240	246	2	
240	247	-2	
474	478	1	
479	487	1	
433	437	-2	
435	499	1	
433	497	2	
354	418	-1	
418	421	-2	
352	416	-1	
401	405	-1	
405	413	2	
411	413	-2	
406	414	-2	
401	406	1	
34	36	-1	
34	98	1	
424	430	1	
425	430	2	
488	495	2	
376	380	-2	
379	383	2	
377	383	3	
64	71	-2	
51	55	1	
51	115	-2	
114	119	-2	
18	23	-2	
19	83	-1	
83	84	2	
18	82	1	
153	158	-2	
151	159	2	
384	389	-1	
389	397	3	
391	399	2	
178	180	-2	
180	188	1	
181	189	-1	
178	181	1	
260	268	1	
283	286	-2	
291	295	-1	
287	295	-1	
129	193	-1	
193	197	3	
128	192	1	
248	252	-1	
249	254	-1	
465	468	2	
464	469	-2	
436	444	-2	
439	447	2	
434	439	-1	
219	220	2	
220	228	1	
226	228	2	
221	229	1	
404	412	-1	
410	415	2	
407	415	-1	
403	407	-1	
102	110	1	
105	110	2	
97	103	-3	
182	190	1	
183	191	1	
177	183	2	
9	13	-1	
73	78	-2	
8	72	1	
345	349	-2	
347	351	-1	
345	350	-2	
299	302	-2	
315	318	1	
27	91	1	
90	94	-2	
26	90	-1	
289	292	1	
352	356	1	
288	352	-1	
332	340	-1	
336	343	-1	
440	446	2	
442	506	2	
506	510	-1	
440	504	-2	
488	492	1	
492	500	-1	
498	502	-2	
494	502	1	
42	46	1	
39	47	-1	
419	420	1	
420	428	1	
426	428	2	
426	430	1	
422	430	1	
52	60	-2	
56	60	-1	
53	61	-2	
48	53	-3	
477	485	1	
475	477	2	
307	371	-3	
306	370	-3	
394	458	1	
456	462	1	
392	456	2	
16	20	2	
17	81	-1	
80	85	-1	
16	80	1	
169	174	-1	
160	166	-1	
232	239	-1	
257	261	-2	
265	269	-1	
265	271	-1	
210	212	-1	
211	215	-2	
208	213	1	
65	69	-1	
67	71	1	
65	70	1	
128	133	-2	
128	135	1	
146	148	-3	
147	149	2	
448	452	-1	
451	452	-1	
450	453	1	
448	453	-2	
192	196	-2	
339	340	-1	
338	342	1	
273	278	1	
275	279	-1	
272	279	1	
86	94	-2	
87	95	-1	
82	87	-1	
266	270	-2	
266	330	-1	
264	328	-1	
344	348	-2	
349	357	-1	
368	372	-1	
304	368	2	
235	236	1	
139	142	1	
139	203	-2	
203	206	-2	
392	398	-2	
393	457	1	
165	173	2	
167	175	-1	
426	431	-2	
325	333	-1	
327	335	1	
323	327	-2	
33	37	1	
437	445	-1	
312	316	-2	
248	312	1	
473	479	2	
59	60	-1	
54	62	1	
294	302	1	
297	303	2	
295	303	-2	
130	132	1	
129	134	1	
2	4	-2	
9	12	-2	
6	14	-1	
281	287	1	
25	28	-1	
88	95	-2	
256	261	1	
481	484	-1	
489	493	-2	
48	112	-2	
107	111	-2	
19	20	-1	
17	23	-2	
466	469	-2	
64	69	1	
497	500	1	
98	102	1	
474	476	-1	
43	47	-1	
374	382	-1	
234	239	-2	
234	298	-1	
233	297	1	
337	343	1	
339	403	-2	
337	401	2	
177	241	1	
283	347	1	
280	344	1	
56	63	1	
57	121	-1	
416	420	1	
417	421	-1	
76	84	1	
79	87	-1	
227	231	1	
227	291	-2	
224	288	1	
357	365	1	
359	367	-1	
438	446	-1	
435	439	2	
308	316	1	
486	494	1	
487	495	1	
393	396	-1	
250	255	2	
144	151	1	
277	285	2	
24	29	-1	
26	30	1	
11	13	-2	
10	14	-1	
425	429	1	
424	431	1	
322	327	2	
320	326	-1	
443	445	2	
458	463	2	
35	99	1	
96	100	1	
157	165	1	
158	166	1	
1	4	1	
392	399	-1	
120	127	-1	
123	187	-1	
364	372	1	
365	373	1	
363	365	1	
468	476	1	
473	478	-2	
41	46	-1	
46	54	1	
50	54	1	
387	451	2	
75	139	1	
137	143	1	
226	290	-2	
225	289	1	
506	508	2	
501	509	1	
106	170	-1	
104	168	-1	
85	93	1	
236	244	-1	
237	245	1	
267	331	-1	
265	329	1	
115	117	1	
121	125	1	
350	358	-1	
257	262	1	
309	317	-1	
304	310	-1	
131	133	1	
134	142	1	
274	338	1	
57	61	1	
298	302	2	
195	198	2	
176	182	-1	
178	182	-1	
0	64	-2	
97	100	1	
242	247	-1	
345	409	-1	
32	39	1	
449	455	-1	
136	141	1	
201	204	1	
204	212	1	
207	215	1	
73	76	-1	
75	79	-1	
74	78	-1	
227	229	-1	
233	236	-1	
146	150	1	
503	511	-1	
475	478	-1	
472	479	1	
331	334	-1	
330	333	1	
185	189	1	
363	427	-1	
362	426	-1	
321	324	-1	
218	221	-1	
275	277	-1	
278	286	1	
175	183	-1	
21	29	1	
22	30	1	
451	454	1	
386	450	1	
113	119	-1	
434	437	1	
292	300	1	
504	508	1	
36	44	1	
410	414	1	
480	486	1	
222	230	-1	
223	231	1	
216	223	-1	
120	126	-1	
155	219	1	
217	220	-1	
153	217	1	
457	462	1	
299	363	-1	
298	362	1	
67	68	-1	
72	76	-1	
55	63	1	
Energy:	-1726	
