NumberOfQubits	504	
NumberOfSubgraphs	588	
Serial	258	
PlantedSolution:	
0	1	
1	-1	
2	-1	
3	-1	
4	-1	
5	-1	
6	1	
8	-1	
9	-1	
10	-1	
11	1	
12	1	
13	-1	
14	-1	
15	1	
16	-1	
17	1	
18	-1	
19	1	
20	-1	
21	1	
22	-1	
23	1	
24	1	
25	-1	
26	1	
27	-1	
28	-1	
29	-1	
30	1	
31	1	
32	-1	
33	1	
34	-1	
35	-1	
36	1	
37	-1	
38	1	
39	-1	
40	1	
41	1	
42	-1	
43	1	
44	-1	
45	-1	
46	1	
47	-1	
48	1	
49	1	
50	1	
51	-1	
52	1	
53	1	
54	1	
55	-1	
56	-1	
57	-1	
58	1	
59	-1	
60	-1	
61	-1	
62	-1	
63	1	
64	1	
65	-1	
66	1	
67	1	
68	-1	
69	-1	
70	-1	
71	1	
72	-1	
73	1	
74	-1	
75	-1	
76	1	
77	-1	
78	-1	
79	-1	
80	1	
81	-1	
82	-1	
83	-1	
84	-1	
85	1	
86	1	
87	-1	
88	-1	
89	-1	
90	-1	
91	1	
92	1	
93	1	
94	-1	
95	1	
96	-1	
97	-1	
98	1	
99	-1	
100	-1	
101	-1	
102	1	
103	-1	
104	-1	
105	-1	
106	1	
107	-1	
108	1	
109	-1	
110	1	
111	-1	
112	1	
113	-1	
114	-1	
115	-1	
116	1	
117	1	
118	-1	
119	-1	
120	-1	
121	1	
123	-1	
124	-1	
125	-1	
126	1	
127	1	
128	-1	
129	1	
130	-1	
131	-1	
132	-1	
133	-1	
134	-1	
135	-1	
136	1	
137	1	
138	1	
139	1	
141	1	
142	1	
143	-1	
144	-1	
145	-1	
146	1	
147	1	
148	1	
149	1	
150	-1	
151	1	
152	-1	
153	1	
154	1	
155	-1	
156	-1	
157	1	
158	1	
159	-1	
160	1	
161	1	
162	-1	
163	1	
164	1	
165	1	
166	1	
167	-1	
168	1	
169	-1	
170	-1	
171	1	
172	1	
173	1	
174	1	
175	-1	
176	1	
177	1	
178	1	
179	-1	
180	1	
181	-1	
182	-1	
183	1	
184	-1	
185	-1	
186	1	
187	1	
188	1	
189	-1	
190	1	
191	1	
192	1	
193	-1	
194	1	
195	1	
196	-1	
197	1	
198	-1	
199	1	
200	1	
201	1	
202	1	
203	-1	
204	-1	
205	1	
206	1	
207	-1	
208	-1	
209	-1	
210	1	
211	1	
212	1	
213	-1	
214	-1	
215	-1	
216	1	
217	1	
218	1	
219	1	
220	-1	
221	1	
222	-1	
223	-1	
224	1	
225	1	
226	-1	
227	-1	
228	1	
229	-1	
230	-1	
231	-1	
232	1	
233	-1	
234	-1	
235	1	
236	1	
237	-1	
238	-1	
239	1	
240	1	
241	1	
242	1	
243	-1	
244	-1	
245	-1	
246	1	
247	1	
248	1	
249	1	
250	1	
251	1	
252	-1	
253	-1	
254	-1	
255	1	
256	-1	
257	1	
258	-1	
259	1	
260	-1	
261	1	
262	-1	
263	1	
264	-1	
265	1	
266	-1	
267	1	
268	-1	
269	1	
270	1	
271	-1	
272	-1	
273	1	
274	1	
275	-1	
276	1	
277	1	
278	-1	
279	-1	
280	-1	
281	1	
282	-1	
283	1	
284	-1	
285	1	
286	-1	
287	1	
288	-1	
289	1	
290	-1	
291	1	
292	1	
293	-1	
294	-1	
295	1	
296	-1	
297	-1	
298	-1	
299	1	
300	-1	
301	1	
302	1	
303	1	
304	1	
305	-1	
306	-1	
307	1	
308	1	
309	-1	
310	1	
311	1	
312	-1	
313	1	
314	1	
315	1	
316	1	
317	1	
318	-1	
319	-1	
320	1	
321	1	
322	-1	
323	1	
324	-1	
325	-1	
326	1	
327	-1	
328	1	
329	-1	
330	-1	
331	-1	
332	-1	
333	-1	
334	1	
335	-1	
336	1	
337	1	
338	-1	
339	1	
340	-1	
341	1	
342	1	
343	1	
344	1	
345	-1	
346	1	
347	1	
348	1	
349	1	
350	1	
351	-1	
352	-1	
353	-1	
354	-1	
355	1	
356	-1	
357	1	
358	1	
359	1	
361	1	
362	-1	
363	1	
364	-1	
365	1	
367	-1	
368	1	
369	1	
370	1	
371	-1	
372	-1	
373	-1	
374	-1	
375	-1	
376	1	
377	-1	
378	1	
379	-1	
380	-1	
382	1	
383	-1	
384	-1	
385	-1	
386	-1	
387	-1	
388	1	
389	1	
390	1	
391	1	
392	1	
393	-1	
394	1	
396	-1	
397	-1	
398	-1	
399	-1	
400	1	
401	-1	
402	-1	
403	-1	
404	-1	
405	1	
406	-1	
407	1	
408	-1	
409	1	
410	-1	
411	1	
412	-1	
413	-1	
414	1	
415	1	
416	1	
417	-1	
418	1	
419	-1	
420	1	
421	-1	
422	1	
424	-1	
425	-1	
426	1	
427	1	
428	1	
429	-1	
430	1	
431	-1	
432	-1	
433	1	
434	-1	
435	1	
436	1	
437	1	
438	-1	
439	1	
440	1	
441	1	
442	-1	
443	1	
444	1	
445	1	
446	-1	
447	1	
448	1	
449	1	
450	-1	
451	1	
452	-1	
453	-1	
454	1	
455	-1	
456	1	
457	-1	
458	1	
459	1	
460	-1	
461	1	
462	1	
463	1	
464	1	
465	1	
466	-1	
467	-1	
468	-1	
469	-1	
470	1	
471	1	
472	-1	
473	1	
474	-1	
475	-1	
476	1	
477	1	
478	1	
479	1	
480	1	
481	1	
482	1	
483	1	
484	1	
485	1	
486	1	
487	-1	
488	-1	
489	1	
490	-1	
491	-1	
492	-1	
493	-1	
494	-1	
495	1	
496	-1	
497	1	
498	1	
499	-1	
500	1	
501	1	
502	1	
503	-1	
504	-1	
505	-1	
506	1	
507	1	
508	1	
509	1	
510	-1	
511	1	
Js:	
232	236	-2	
234	236	3	
234	237	1	
233	237	-6	
233	239	2	
232	239	-5	
257	260	3	
258	260	-6	
258	262	-3	
256	262	-3	
256	263	3	
257	263	5	
241	245	4	
245	253	-3	
251	253	-2	
251	255	-3	
247	255	-4	
241	247	-3	
26	28	2	
27	28	-4	
27	91	-4	
91	92	-4	
90	92	3	
26	90	3	
442	444	-1	
443	444	-3	
443	446	4	
440	446	5	
440	447	-3	
442	447	3	
385	388	5	
386	388	2	
386	391	4	
387	391	-1	
387	389	4	
385	389	2	
488	492	-3	
490	492	-4	
490	495	-3	
491	495	2	
491	494	-4	
488	494	-3	
296	301	4	
301	309	3	
304	309	2	
304	311	-5	
303	311	1	
296	303	5	
264	268	3	
266	268	-3	
266	330	-1	
330	332	-5	
328	332	1	
264	328	4	
224	231	2	
227	231	-2	
227	291	3	
291	294	3	
288	294	-3	
224	288	3	
338	342	-1	
339	342	-4	
339	403	3	
403	405	2	
402	405	4	
338	402	-3	
352	359	4	
355	359	-5	
355	419	-3	
419	422	2	
416	422	-4	
352	416	1	
176	180	-3	
179	180	3	
179	243	-2	
243	246	-1	
240	246	-3	
176	240	-2	
265	269	-3	
269	277	-3	
274	277	-5	
274	279	-2	
271	279	-2	
265	271	2	
42	46	4	
46	54	-1	
50	54	-5	
50	55	3	
47	55	1	
42	47	-4	
449	452	5	
450	452	-5	
450	454	3	
451	454	-1	
451	455	4	
449	455	-1	
369	374	5	
370	374	3	
370	434	1	
434	439	3	
433	439	1	
369	433	-3	
66	68	3	
68	76	-2	
74	76	3	
74	77	-2	
69	77	-2	
66	69	3	
105	108	4	
106	108	1	
106	170	2	
170	175	-5	
169	175	-4	
105	169	-2	
425	428	3	
427	428	-1	
427	431	2	
426	431	2	
426	429	-5	
425	429	-2	
195	198	-1	
198	206	4	
201	206	-3	
201	207	3	
199	207	4	
195	199	-4	
121	126	-5	
123	126	-3	
123	187	1	
187	190	-3	
185	190	1	
121	185	1	
218	220	1	
219	220	4	
219	223	-3	
217	223	5	
217	221	-1	
218	221	-5	
289	293	-2	
290	293	-3	
290	354	-2	
354	357	5	
353	357	2	
289	353	4	
81	85	3	
82	85	4	
82	86	4	
80	86	-3	
80	87	5	
81	87	3	
312	316	4	
315	316	-3	
315	318	2	
314	318	6	
314	317	1	
312	317	4	
144	148	5	
148	156	2	
153	156	5	
153	157	-2	
149	157	2	
144	149	3	
64	71	-4	
67	71	2	
67	131	1	
131	133	-5	
128	133	-2	
64	128	1	
499	501	2	
501	509	-3	
507	509	-3	
507	510	-3	
502	510	3	
499	502	4	
481	484	-5	
483	484	-5	
483	486	1	
480	486	-3	
480	487	3	
481	487	2	
409	414	-2	
411	414	3	
411	475	2	
475	479	4	
473	479	-4	
409	473	-4	
51	52	4	
52	60	-2	
58	60	3	
58	61	7	
53	61	2	
51	53	5	
0	4	2	
2	4	-4	
2	5	-3	
3	5	-2	
3	6	5	
0	6	5	
9	13	-4	
11	13	-1	
11	14	3	
8	14	-2	
8	15	4	
9	15	2	
16	20	-3	
18	20	-3	
18	21	3	
17	21	3	
17	23	-4	
16	23	2	
210	213	4	
211	213	1	
211	215	4	
208	215	-5	
208	214	-2	
210	214	-4	
97	100	-4	
98	100	4	
98	162	1	
162	166	-4	
161	166	-2	
97	161	1	
458	461	4	
461	469	1	
466	469	-2	
466	470	5	
462	470	-1	
458	462	-3	
280	285	-5	
282	285	4	
282	346	2	
346	351	6	
344	351	2	
280	344	3	
34	36	5	
36	44	2	
41	44	4	
41	45	3	
37	45	1	
34	37	-5	
136	143	4	
138	143	3	
138	202	-4	
202	204	3	
200	204	-3	
136	200	-2	
89	93	5	
93	101	1	
99	101	-4	
99	103	-5	
95	103	-1	
89	95	3	
113	117	3	
114	117	3	
114	178	2	
178	182	4	
177	182	-1	
113	177	2	
320	325	5	
325	333	-3	
329	333	-3	
329	334	-1	
326	334	-2	
320	326	-3	
378	380	5	
379	380	-4	
379	383	-3	
377	383	4	
377	382	5	
378	382	-1	
393	396	-5	
394	396	-4	
394	398	4	
392	398	3	
392	397	5	
393	397	-2	
163	164	-2	
164	172	-1	
171	172	-3	
171	173	-4	
165	173	1	
163	165	-4	
281	284	3	
283	284	2	
283	347	-2	
347	350	-2	
345	350	4	
281	345	-3	
368	375	3	
371	375	-3	
371	435	2	
435	436	-4	
432	436	-5	
368	432	2	
400	404	3	
401	404	-4	
401	465	3	
465	471	-5	
464	471	-2	
400	464	-2	
129	135	5	
130	135	-2	
130	194	4	
194	196	-3	
193	196	-5	
129	193	4	
272	276	5	
273	276	-3	
273	337	-3	
337	340	-3	
336	340	3	
272	336	3	
297	300	-5	
298	300	-3	
298	362	-3	
362	365	2	
361	365	-4	
297	361	4	
147	150	5	
150	158	2	
152	158	3	
152	159	-2	
151	159	2	
147	151	-3	
498	500	-3	
500	508	-3	
505	508	-1	
505	511	5	
503	511	3	
498	503	2	
408	412	-2	
412	420	2	
418	420	-5	
418	421	2	
413	421	-2	
408	413	4	
25	30	-3	
30	38	-2	
35	38	4	
35	39	-4	
31	39	2	
25	31	5	
73	78	4	
75	78	-3	
75	139	-2	
139	141	-4	
137	141	-3	
73	137	-3	
104	110	1	
110	118	2	
112	118	3	
112	119	4	
111	119	1	
104	111	-5	
184	188	6	
186	188	-4	
186	250	-3	
250	252	4	
248	252	5	
184	248	2	
459	460	5	
460	468	-1	
467	468	-2	
467	471	-4	
463	471	-1	
459	463	-2	
56	62	-3	
59	62	-4	
59	123	-1	
123	127	-2	
120	127	4	
56	120	-2	
321	324	3	
323	324	-4	
323	327	3	
322	327	-5	
322	325	-1	
321	325	4	
216	220	4	
220	228	-2	
225	228	-4	
225	230	2	
222	230	-3	
216	222	5	
474	476	4	
475	476	3	
475	477	3	
472	477	6	
472	478	-2	
474	478	4	
305	308	-1	
306	308	5	
306	309	-3	
307	309	2	
307	310	-4	
305	310	6	
176	181	2	
181	189	-2	
185	189	-5	
185	191	3	
183	191	-4	
176	183	3	
32	37	-3	
33	37	-2	
33	97	3	
97	102	3	
96	102	3	
32	96	-3	
203	204	-2	
204	212	1	
209	212	-2	
209	213	-5	
205	213	1	
203	205	3	
298	302	3	
299	302	-4	
299	363	3	
363	364	1	
362	364	-6	
275	278	-2	
278	286	3	
283	286	3	
283	287	-4	
279	287	3	
275	279	-4	
65	70	-4	
70	78	-2	
72	78	-1	
72	79	5	
71	79	2	
65	71	3	
424	429	-2	
429	437	2	
435	437	-2	
435	438	-3	
430	438	2	
424	430	3	
402	406	-2	
406	414	4	
410	414	2	
410	415	4	
407	415	-3	
402	407	-1	
160	167	3	
162	167	-2	
162	226	-2	
226	229	-5	
224	229	3	
160	224	-3	
107	108	4	
108	116	2	
115	116	4	
115	117	4	
109	117	1	
107	109	-3	
265	270	3	
267	270	-3	
267	331	3	
331	335	-4	
329	335	-3	
265	329	2	
24	29	-4	
26	29	3	
90	94	-3	
88	94	-5	
24	88	1	
18	22	3	
19	22	3	
19	83	3	
83	84	-3	
82	84	-2	
18	82	-3	
384	390	2	
387	390	4	
387	451	3	
451	453	-5	
448	453	3	
384	448	3	
235	236	-5	
236	244	-1	
242	244	4	
242	246	-4	
238	246	1	
235	238	2	
249	254	3	
251	254	-3	
251	315	-2	
315	319	3	
313	319	2	
249	313	-2	
192	197	2	
195	197	-3	
195	259	-1	
259	261	-4	
256	261	4	
192	256	1	
482	485	2	
485	493	4	
489	493	3	
489	495	-4	
487	495	2	
482	487	4	
347	348	-3	
348	356	5	
354	356	-3	
349	357	2	
347	349	-3	
56	63	3	
57	63	5	
57	121	-1	
121	124	5	
120	124	-4	
441	445	2	
442	445	5	
442	506	3	
506	511	-1	
441	505	3	
392	399	3	
393	399	-3	
393	457	-3	
457	463	-3	
456	463	-4	
392	456	-2	
1	4	-4	
4	12	-1	
10	12	3	
10	13	-4	
5	13	-1	
1	5	-4	
338	341	3	
341	349	2	
346	349	-1	
343	351	3	
338	343	3	
154	156	2	
154	159	3	
155	159	2	
155	157	3	
168	172	-4	
170	172	3	
170	174	3	
169	174	3	
168	175	-1	
369	372	-2	
371	372	-3	
371	373	-3	
370	373	4	
40	44	3	
41	46	-2	
43	46	-4	
43	45	-2	
40	45	6	
145	148	2	
145	149	2	
146	149	-4	
146	150	3	
144	150	1	
49	52	-4	
48	53	-5	
48	55	4	
49	55	3	
289	292	-2	
292	300	3	
297	303	3	
295	303	-5	
289	295	3	
496	501	5	
497	501	-2	
497	503	3	
499	503	-4	
496	502	2	
128	132	-4	
130	132	-2	
130	134	-3	
131	134	2	
353	358	3	
355	358	-3	
419	421	-3	
417	421	-3	
353	417	-3	
74	79	-3	
74	138	3	
138	142	-2	
136	142	-4	
72	136	2	
376	380	4	
379	443	-2	
376	440	-3	
361	364	-3	
364	372	-3	
368	372	3	
367	375	-4	
361	367	3	
506	508	-4	
507	508	-4	
504	509	5	
504	510	-2	
506	510	4	
24	28	4	
27	29	-3	
25	29	-2	
24	30	-4	
409	412	3	
409	413	2	
410	413	3	
408	415	2	
466	468	-4	
468	476	-2	
470	478	-3	
57	60	-4	
59	60	-3	
58	62	3	
57	61	1	
267	268	4	
328	335	3	
43	47	4	
43	107	-1	
106	109	4	
42	106	2	
337	341	-2	
339	341	2	
403	404	-3	
337	401	1	
32	38	4	
35	99	3	
96	103	-4	
182	190	3	
187	191	3	
178	183	-4	
285	293	1	
291	293	4	
286	294	-2	
280	286	-3	
250	314	1	
312	318	-2	
248	312	1	
416	420	2	
418	482	-3	
482	486	-4	
416	480	-4	
259	260	2	
259	323	-3	
323	326	-2	
322	326	5	
258	322	-3	
86	94	2	
88	95	4	
87	95	-3	
216	221	-2	
218	223	2	
217	222	3	
452	460	1	
458	460	4	
454	462	-2	
449	454	-4	
194	197	-3	
197	205	-4	
202	205	-2	
202	206	-3	
194	198	3	
484	492	3	
488	493	2	
483	485	-4	
73	76	-5	
75	76	2	
65	68	-3	
67	68	4	
67	69	3	
64	69	3	
64	70	-3	
284	292	-2	
290	292	5	
290	295	2	
287	295	-1	
281	287	-2	
10	14	4	
14	22	-2	
17	22	2	
15	23	-2	
10	15	2	
307	308	-2	
305	311	-1	
306	311	2	
114	116	1	
115	118	-3	
113	118	2	
113	119	-2	
114	119	-2	
209	215	2	
209	273	1	
273	278	4	
272	278	-2	
208	272	-1	
436	444	-1	
441	444	-5	
441	447	-2	
439	447	-3	
432	439	3	
240	244	4	
241	244	1	
243	245	-4	
243	247	3	
240	247	1	
160	164	-3	
161	164	-3	
161	165	-4	
163	166	-2	
160	166	-4	
226	228	2	
226	230	3	
227	230	-3	
225	231	3	
424	428	3	
425	430	4	
427	430	3	
424	431	-3	
384	388	3	
385	391	4	
386	389	-1	
384	389	4	
235	237	-2	
235	239	-2	
234	239	3	
234	238	-5	
233	238	-4	
211	214	4	
211	275	1	
275	277	1	
210	274	-1	
398	406	-3	
400	406	2	
400	407	-4	
399	407	3	
394	399	3	
345	348	2	
352	356	-2	
352	358	2	
350	358	3	
177	180	-4	
180	188	1	
184	189	-3	
177	181	4	
257	261	-2	
261	269	-3	
266	269	3	
266	271	-4	
263	271	3	
81	84	-2	
84	92	4	
91	93	-3	
85	93	1	
433	437	-2	
434	437	4	
434	498	2	
497	500	3	
433	497	-4	
332	340	-1	
336	342	-5	
334	342	2	
330	334	5	
378	383	5	
376	382	-4	
100	108	2	
105	110	3	
102	110	-4	
98	102	3	
9	12	4	
12	20	-2	
16	21	3	
13	21	2	
464	469	4	
469	477	-2	
472	479	1	
471	479	-1	
453	461	1	
456	461	2	
455	463	2	
448	455	4	
129	134	-2	
134	142	3	
135	143	-3	
196	204	-2	
201	204	3	
193	199	-1	
107	111	-3	
107	171	2	
168	173	-3	
104	168	-2	
249	253	4	
315	317	-4	
313	317	-4	
33	36	-4	
34	39	-3	
33	38	2	
81	86	2	
83	86	1	
83	147	2	
145	151	-4	
81	145	-2	
235	299	2	
299	301	-3	
232	296	2	
427	429	2	
427	491	4	
490	494	-3	
426	490	2	
123	124	2	
123	125	-5	
120	125	-3	
120	126	3	
322	324	1	
320	327	3	
155	158	4	
155	219	3	
152	216	2	
0	5	4	
1	6	3	
352	357	3	
357	365	3	
363	365	-4	
363	367	4	
359	367	2	
49	53	-2	
49	54	-3	
11	15	-4	
11	75	2	
75	77	-3	
72	77	-4	
8	72	-2	
392	396	1	
396	404	-1	
401	405	3	
397	405	-3	
417	422	5	
417	481	2	
481	485	1	
480	485	-3	
246	254	-2	
250	254	2	
250	255	-3	
242	247	-3	
200	205	-3	
203	267	2	
264	270	2	
200	264	2	
304	308	-3	
308	316	2	
312	319	-4	
311	319	2	
294	302	3	
296	302	-2	
288	295	2	
166	174	-1	
167	175	1	
504	511	3	
496	503	-2	
275	276	4	
276	284	2	
282	284	-2	
282	287	4	
344	348	-3	
347	411	-3	
411	413	1	
344	408	2	
464	468	3	
465	468	2	
465	469	-3	
467	469	-2	
467	470	3	
464	470	-3	
146	148	-2	
146	210	1	
210	212	-4	
208	212	3	
144	208	-1	
459	462	-2	
457	462	5	
457	461	3	
131	132	3	
131	195	3	
192	199	-3	
128	192	3	
90	93	2	
90	154	2	
154	158	-2	
153	158	-2	
89	153	-1	
112	117	-1	
115	179	2	
179	182	-3	
176	182	2	
112	176	-2	
386	390	4	
451	452	3	
386	450	2	
331	333	-2	
333	341	3	
339	343	-2	
335	343	2	
437	445	-2	
443	445	-4	
438	446	-2	
434	438	3	
19	21	-2	
21	29	-1	
26	31	-4	
23	31	-2	
19	23	-4	
2	6	-1	
3	67	4	
67	70	2	
66	70	3	
2	66	4	
42	44	-2	
40	47	-2	
186	191	-4	
259	262	3	
257	262	1	
56	60	-4	
59	61	2	
59	63	4	
225	229	2	
226	290	-1	
225	289	1	
97	101	-2	
98	103	3	
489	494	3	
473	476	-2	
473	477	-2	
365	373	-1	
368	373	3	
321	327	2	
321	385	1	
384	391	3	
320	384	-1	
27	31	2	
91	94	2	
89	94	-2	
25	89	-2	
66	71	-3	
65	69	3	
137	143	-2	
137	201	-3	
169	172	1	
172	180	-2	
173	181	3	
169	173	-3	
306	310	-1	
302	310	-1	
377	441	2	
440	444	-2	
483	487	3	
481	486	-4	
354	358	3	
354	418	-1	
418	422	-3	
346	350	-3	
346	410	-1	
345	409	2	
496	500	3	
76	84	2	
83	85	-4	
77	85	1	
73	77	2	
224	230	-2	
223	231	-2	
32	39	-3	
33	39	3	
154	157	-4	
157	165	-2	
163	167	1	
159	167	3	
112	116	3	
116	124	3	
119	127	4	
232	237	3	
324	332	-2	
428	436	-3	
431	439	3	
274	278	3	
274	338	2	
337	343	-4	
449	453	4	
450	453	1	
450	455	-3	
448	454	-4	
403	406	1	
403	407	2	
243	244	3	
244	252	-3	
249	252	1	
20	28	-1	
22	30	2	
147	149	-2	
145	150	-3	
146	151	-2	
41	105	-3	
105	111	-3	
40	104	2	
260	268	-2	
265	268	3	
262	270	4	
50	114	3	
114	118	-3	
49	113	4	
219	221	-2	
219	283	1	
283	285	-2	
218	282	2	
211	212	-3	
209	214	-3	
8	12	2	
9	14	-3	
8	13	-2	
314	316	-3	
313	318	-3	
272	277	2	
272	279	1	
227	229	1	
288	293	-3	
388	396	3	
389	397	3	
96	101	3	
101	109	-2	
106	110	-3	
355	356	2	
351	359	2	
80	84	1	
88	92	2	
411	412	3	
139	142	-4	
139	203	3	
203	207	-3	
200	207	-3	
433	438	2	
435	499	2	
491	493	-3	
425	489	3	
378	442	1	
338	340	-4	
400	405	-2	
336	400	1	
155	156	-1	
156	164	2	
162	164	3	
158	166	-1	
48	54	3	
54	62	1	
57	62	-3	
55	63	1	
281	286	3	
345	349	3	
344	349	-3	
184	190	-3	
186	190	-4	
248	255	-2	
177	183	-2	
178	242	1	
241	246	-3	
177	241	-1	
419	420	3	
420	428	-1	
426	428	-3	
421	429	-1	
74	78	-2	
78	86	2	
82	87	1	
79	87	-1	
17	20	3	
19	20	2	
16	22	-2	
192	196	-2	
193	197	2	
192	198	3	
504	508	-2	
505	510	-2	
456	460	3	
459	461	-3	
456	462	1	
329	332	-4	
328	334	-2	
328	333	-2	
171	175	-3	
171	174	-1	
168	174	-5	
130	133	-3	
133	141	-2	
117	125	2	
115	119	-1	
305	309	-3	
307	311	1	
466	471	1	
3	4	-3	
163	227	-3	
227	228	2	
161	225	-2	
187	189	3	
187	251	-3	
185	249	2	
275	339	-2	
75	79	-2	
129	133	2	
128	135	-2	
152	157	3	
88	152	2	
99	100	-1	
404	412	1	
411	415	-2	
212	220	1	
215	223	-1	
390	398	-2	
498	502	-3	
313	316	-2	
314	319	3	
118	126	1	
289	294	2	
353	356	1	
288	352	-2	
232	238	-1	
42	45	-2	
40	46	1	
264	271	2	
320	324	2	
256	320	2	
425	431	2	
488	495	3	
424	488	-3	
298	301	3	
293	301	-1	
104	109	-3	
472	476	-2	
277	285	-2	
281	285	-2	
147	211	1	
145	209	-1	
306	370	-2	
304	368	-1	
25	28	-2	
405	413	2	
408	414	3	
401	406	-2	
297	302	1	
258	263	2	
321	326	-2	
257	321	-2	
153	159	2	
29	37	-1	
80	85	1	
82	146	2	
80	144	2	
417	420	-1	
416	421	3	
369	375	2	
433	436	2	
377	380	-2	
379	382	3	
391	399	2	
248	253	2	
138	141	2	
221	229	1	
218	222	1	
441	446	-2	
505	509	3	
440	504	2	
203	206	1	
200	206	-3	
489	492	3	
490	493	-2	
179	181	-3	
174	182	-1	
280	284	-3	
98	101	2	
97	103	-1	
11	12	-2	
17	81	2	
403	467	-3	
402	466	2	
50	52	-3	
458	463	-2	
356	364	-1	
1	65	-3	
432	438	-2	
426	430	-2	
233	297	1	
409	415	1	
410	474	-3	
473	478	-2	
121	125	2	
121	127	-2	
28	36	-1	
268	276	1	
273	277	1	
307	371	2	
371	374	-1	
305	369	-1	
248	254	2	
216	223	1	
128	134	-2	
443	447	1	
443	507	-2	
340	348	2	
91	155	1	
327	335	1	
210	215	2	
162	165	2	
161	167	2	
147	148	-3	
144	151	-2	
187	188	-1	
498	501	-2	
465	470	-1	
288	292	-1	
291	295	-3	
64	68	2	
0	64	-3	
330	394	1	
329	393	-1	
370	372	2	
370	375	-2	
362	367	-3	
51	54	-1	
376	383	2	
240	245	-2	
242	245	1	
242	306	1	
240	304	-2	
342	350	1	
152	156	-2	
153	217	2	
89	92	1	
83	87	-1	
107	110	1	
273	279	2	
96	100	-3	
43	44	1	
38	46	-2	
267	271	1	
331	334	2	
474	479	2	
234	298	-1	
56	61	2	
435	439	-1	
26	30	-2	
16	80	2	
243	307	-1	
241	305	2	
185	188	2	
480	484	1	
506	509	2	
507	511	-2	
224	228	-1	
154	218	1	
129	132	1	
372	380	-1	
374	382	-1	
368	374	2	
410	412	-1	
497	502	-2	
229	237	2	
231	239	2	
226	231	-1	
141	149	-1	
143	151	1	
139	143	1	
208	213	-2	
178	180	-3	
179	183	-1	
251	252	-1	
249	255	-2	
90	95	-1	
35	37	-2	
299	300	1	
442	446	-1	
353	359	1	
99	102	-1	
476	484	-1	
482	484	-1	
478	486	1	
202	266	-1	
344	350	-1	
228	236	-1	
233	236	2	
230	238	-1	
402	404	-2	
499	500	2	
193	198	-1	
194	258	-1	
193	257	1	
217	281	1	
323	387	1	
387	388	-1	
322	386	-1	
41	47	2	
104	108	-1	
106	111	2	
401	407	1	
290	294	-1	
217	220	2	
170	234	-1	
168	232	1	
136	141	-2	
51	55	-2	
51	115	-2	
113	116	-1	
474	477	1	
408	472	1	
266	270	2	
385	390	-2	
213	221	1	
214	222	1	
432	437	2	
346	348	-1	
394	397	1	
27	30	1	
264	269	-1	
309	317	-1	
310	318	1	
137	142	1	
201	205	-1	
48	52	-1	
48	112	1	
35	36	1	
250	253	-1	
299	303	1	
171	235	-1	
169	233	-1	
419	483	-1	
330	333	-1	
336	341	-2	
475	478	2	
323	325	-1	
131	135	-2	
195	196	2	
440	445	1	
304	310	1	
369	373	-1	
58	63	-1	
491	492	1	
291	292	1	
256	260	1	
331	332	1	
330	335	-1	
32	36	1	
434	436	1	
201	265	-1	
339	340	-1	
160	165	-1	
219	222	1	
73	79	1	
347	351	-1	
259	263	1	
394	458	-1	
202	207	-1	
105	109	-1	
296	300	1	
300	308	1	
34	98	1	
24	31	1	
39	47	1	
337	342	1	
186	189	1	
10	74	-1	
9	73	-1	
298	303	1	
274	276	-1	
313	377	-1	
312	376	1	
267	269	1	
258	261	1	
486	494	-1	
355	357	-1	
Energy:	-2500	
