NumberOfQubits	504	
NumberOfSubgraphs	672	
Serial	246	
PlantedSolution:	
0	1	
1	1	
2	-1	
3	-1	
4	-1	
5	1	
6	1	
8	1	
9	-1	
10	-1	
11	1	
12	-1	
13	1	
14	1	
15	1	
16	-1	
17	-1	
18	-1	
19	-1	
20	1	
21	-1	
22	-1	
23	1	
24	-1	
25	-1	
26	1	
27	-1	
28	-1	
29	-1	
30	-1	
31	1	
32	-1	
33	1	
34	-1	
35	1	
36	1	
37	-1	
38	1	
39	1	
40	-1	
41	1	
42	1	
43	1	
44	1	
45	1	
46	1	
47	-1	
48	-1	
49	-1	
50	1	
51	-1	
52	-1	
53	-1	
54	-1	
55	1	
56	1	
57	-1	
58	1	
59	1	
60	1	
61	1	
62	1	
63	1	
64	1	
65	-1	
66	1	
67	1	
68	1	
69	-1	
70	1	
71	1	
72	-1	
73	-1	
74	-1	
75	-1	
76	-1	
77	1	
78	1	
79	-1	
80	1	
81	1	
82	-1	
83	-1	
84	-1	
85	-1	
86	-1	
87	-1	
88	-1	
89	-1	
90	-1	
91	-1	
92	1	
93	1	
94	-1	
95	1	
96	1	
97	-1	
98	-1	
99	-1	
100	1	
101	-1	
102	-1	
103	1	
104	1	
105	1	
106	-1	
107	1	
108	-1	
109	-1	
110	-1	
111	-1	
112	1	
113	-1	
114	-1	
115	1	
116	-1	
117	-1	
118	-1	
119	1	
120	1	
121	1	
123	1	
124	-1	
125	-1	
126	-1	
127	-1	
128	1	
129	-1	
130	-1	
131	-1	
132	1	
133	1	
134	1	
135	-1	
136	1	
137	-1	
138	1	
139	1	
141	1	
142	1	
143	1	
144	-1	
145	1	
146	1	
147	-1	
148	1	
149	1	
150	1	
151	-1	
152	-1	
153	-1	
154	-1	
155	-1	
156	-1	
157	-1	
158	-1	
159	-1	
160	-1	
161	-1	
162	1	
163	1	
164	1	
165	1	
166	-1	
167	1	
168	1	
169	1	
170	-1	
171	1	
172	1	
173	1	
174	1	
175	-1	
176	1	
177	-1	
178	-1	
179	1	
180	-1	
181	1	
182	-1	
183	-1	
184	1	
185	-1	
186	-1	
187	-1	
188	1	
189	-1	
190	-1	
191	-1	
192	-1	
193	1	
194	-1	
195	-1	
196	1	
197	-1	
198	1	
199	-1	
200	-1	
201	1	
202	1	
203	1	
204	-1	
205	-1	
206	1	
207	1	
208	1	
209	-1	
210	1	
211	-1	
212	-1	
213	-1	
214	1	
215	1	
216	1	
217	-1	
218	-1	
219	-1	
220	1	
221	-1	
222	1	
223	1	
224	1	
225	-1	
226	-1	
227	1	
228	-1	
229	1	
230	1	
231	-1	
232	1	
233	1	
234	1	
235	-1	
236	-1	
237	-1	
238	1	
239	1	
240	-1	
241	-1	
242	1	
243	-1	
244	1	
245	-1	
246	-1	
247	1	
248	-1	
249	1	
250	-1	
251	1	
252	-1	
253	1	
254	-1	
255	-1	
256	-1	
257	-1	
258	1	
259	-1	
260	-1	
261	-1	
262	1	
263	1	
264	-1	
265	1	
266	-1	
267	-1	
268	1	
269	1	
270	-1	
271	-1	
272	-1	
273	-1	
274	1	
275	-1	
276	-1	
277	1	
278	1	
279	1	
280	1	
281	1	
282	1	
283	-1	
284	1	
285	1	
286	-1	
287	-1	
288	-1	
289	-1	
290	-1	
291	-1	
292	1	
293	-1	
294	1	
295	1	
296	-1	
297	-1	
298	1	
299	1	
300	1	
301	1	
302	-1	
303	1	
304	-1	
305	-1	
306	-1	
307	-1	
308	-1	
309	1	
310	1	
311	1	
312	1	
313	1	
314	1	
315	-1	
316	-1	
317	-1	
318	1	
319	-1	
320	1	
321	-1	
322	-1	
323	1	
324	1	
325	-1	
326	-1	
327	1	
328	-1	
329	-1	
330	-1	
331	1	
332	-1	
333	-1	
334	-1	
335	-1	
336	-1	
337	1	
338	1	
339	1	
340	1	
341	1	
342	-1	
343	-1	
344	-1	
345	1	
346	1	
347	-1	
348	1	
349	-1	
350	-1	
351	1	
352	1	
353	-1	
354	-1	
355	-1	
356	-1	
357	-1	
358	-1	
359	-1	
361	-1	
362	-1	
363	-1	
364	-1	
365	1	
367	1	
368	-1	
369	1	
370	-1	
371	1	
372	1	
373	1	
374	1	
375	-1	
376	-1	
377	1	
378	1	
379	-1	
380	-1	
382	1	
383	-1	
384	-1	
385	-1	
386	-1	
387	1	
388	1	
389	1	
390	-1	
391	-1	
392	1	
393	1	
394	-1	
396	1	
397	-1	
398	-1	
399	1	
400	1	
401	1	
402	-1	
403	1	
404	1	
405	1	
406	1	
407	-1	
408	1	
409	-1	
410	1	
411	-1	
412	1	
413	-1	
414	1	
415	1	
416	1	
417	1	
418	-1	
419	-1	
420	1	
421	-1	
422	-1	
424	1	
425	1	
426	-1	
427	-1	
428	1	
429	1	
430	-1	
431	1	
432	1	
433	1	
434	1	
435	1	
436	1	
437	1	
438	1	
439	-1	
440	1	
441	1	
442	-1	
443	1	
444	-1	
445	-1	
446	-1	
447	-1	
448	-1	
449	1	
450	-1	
451	1	
452	-1	
453	-1	
454	1	
455	1	
456	-1	
457	1	
458	1	
459	1	
460	1	
461	-1	
462	-1	
463	-1	
464	-1	
465	-1	
466	1	
467	-1	
468	-1	
469	-1	
470	1	
471	-1	
472	1	
473	1	
474	1	
475	-1	
476	1	
477	1	
478	-1	
479	-1	
480	1	
481	1	
482	1	
483	1	
484	-1	
485	-1	
486	-1	
487	1	
488	-1	
489	1	
490	1	
491	-1	
492	1	
493	1	
494	-1	
495	1	
496	-1	
497	1	
498	-1	
499	1	
500	1	
501	1	
502	-1	
503	-1	
504	1	
505	-1	
506	-1	
507	1	
508	1	
509	1	
510	-1	
511	-1	
Js:	
328	334	-4	
330	334	-5	
330	394	-2	
394	396	6	
392	396	3	
328	392	2	
104	109	3	
106	109	-3	
106	170	-2	
170	174	-2	
168	174	-6	
104	168	-1	
257	263	3	
259	263	4	
259	323	-1	
323	326	3	
321	326	-5	
257	321	-2	
457	460	-5	
458	460	-3	
458	461	5	
456	461	-3	
456	463	-4	
457	463	-3	
88	94	-5	
91	94	-4	
91	155	-1	
155	159	-4	
152	159	-4	
88	152	1	
489	492	-3	
490	492	-4	
490	494	4	
491	494	-3	
491	493	5	
489	493	-4	
288	293	-3	
291	293	-5	
291	295	3	
290	295	5	
290	294	2	
288	294	3	
18	22	2	
19	22	-5	
19	83	-2	
83	85	-2	
82	85	-5	
18	82	-4	
400	404	-4	
401	404	-3	
401	405	-5	
403	405	-3	
403	406	-3	
400	406	-4	
464	468	-4	
466	468	3	
466	471	5	
467	471	-5	
467	469	2	
464	469	-6	
232	237	2	
235	237	-2	
235	238	3	
234	238	-3	
234	239	3	
232	239	-5	
144	151	-4	
146	151	3	
146	210	-4	
210	212	-4	
208	212	2	
144	208	2	
112	117	6	
115	117	3	
115	179	-1	
179	183	3	
176	183	-5	
112	176	-1	
34	36	3	
35	36	-7	
35	38	2	
32	38	4	
32	39	4	
34	39	4	
473	477	-4	
475	477	4	
475	479	-6	
474	479	3	
474	478	4	
473	478	5	
216	221	3	
218	221	-5	
218	223	1	
217	223	-6	
217	222	3	
216	222	-5	
161	164	3	
164	172	-5	
169	172	-2	
169	175	-2	
167	175	3	
161	167	3	
273	276	3	
275	276	-4	
275	277	4	
274	277	-4	
274	279	-4	
273	279	4	
346	348	-3	
348	356	1	
352	356	-1	
352	359	5	
351	359	2	
346	351	-4	
424	429	-3	
426	429	4	
426	431	3	
427	431	4	
427	430	-3	
424	430	-2	
41	45	-2	
45	53	-2	
51	53	-4	
51	54	-4	
46	54	1	
41	46	-5	
137	141	-4	
138	141	-4	
138	202	-4	
202	204	4	
201	204	3	
137	201	3	
368	372	2	
369	372	2	
369	373	-6	
371	373	-4	
371	375	4	
368	375	-3	
242	244	3	
243	244	4	
243	247	4	
240	247	3	
240	246	-4	
242	246	4	
64	69	2	
66	69	5	
66	71	-3	
67	71	3	
67	70	-7	
64	70	-4	
96	100	-3	
98	100	3	
98	102	-4	
99	102	-5	
99	103	-2	
96	103	-5	
281	284	-3	
283	284	4	
283	285	5	
280	285	-3	
280	286	-4	
281	286	4	
297	301	-2	
298	301	-5	
298	362	2	
362	367	4	
361	367	5	
297	361	-2	
224	228	3	
227	228	4	
227	229	3	
225	229	4	
225	230	3	
224	230	-4	
256	260	1	
258	260	4	
258	322	1	
322	324	4	
320	324	-3	
256	320	2	
0	4	5	
3	4	-4	
3	6	6	
2	6	-2	
2	5	4	
0	5	-3	
9	12	-4	
10	12	-4	
10	15	-4	
11	15	-4	
11	13	-4	
9	13	6	
192	196	-1	
193	196	-6	
193	197	3	
195	197	-5	
195	199	-2	
192	199	-3	
353	358	-6	
354	358	4	
354	418	-3	
418	420	5	
417	420	-4	
353	417	3	
305	308	4	
306	308	-4	
306	311	3	
307	311	4	
307	309	5	
305	309	3	
497	500	-2	
500	508	-2	
505	508	4	
505	509	7	
501	509	2	
497	501	-4	
376	380	-3	
378	380	3	
378	383	3	
379	383	-5	
379	382	3	
376	382	-4	
331	332	3	
332	340	2	
336	340	3	
336	341	3	
333	341	1	
331	333	-5	
16	21	-4	
21	29	-1	
24	29	-5	
24	31	1	
23	31	2	
16	23	3	
312	317	3	
315	317	4	
315	319	-2	
313	319	4	
313	318	-3	
312	318	-4	
408	412	-3	
409	412	3	
409	413	-5	
410	413	4	
410	414	-4	
408	414	2	
120	126	4	
123	126	3	
123	187	2	
187	189	-2	
184	189	3	
120	184	1	
249	253	-3	
250	253	-4	
250	255	-3	
248	255	-5	
248	254	-3	
249	254	4	
434	437	-3	
435	437	-3	
435	439	4	
432	439	4	
432	438	-2	
434	438	-4	
89	92	-4	
90	92	4	
90	154	-1	
154	156	-3	
153	156	-6	
89	153	-1	
72	76	-2	
75	76	-5	
75	78	2	
73	78	3	
73	79	-3	
72	79	-3	
440	444	3	
441	444	4	
441	447	3	
442	447	-5	
442	446	-4	
440	446	-2	
448	452	-4	
449	452	2	
449	455	-5	
451	455	-2	
451	453	3	
448	453	3	
113	116	-6	
114	116	-4	
114	178	1	
178	182	-5	
177	182	-2	
113	177	-1	
56	60	-2	
58	60	-4	
58	63	-4	
59	63	-4	
59	62	4	
56	62	-4	
129	132	5	
131	132	6	
131	134	5	
128	134	5	
128	133	-5	
129	133	5	
384	388	4	
386	388	5	
386	391	-4	
387	391	2	
387	389	-4	
384	389	2	
265	269	4	
266	269	4	
266	270	-4	
267	270	-3	
267	271	-3	
265	271	3	
481	484	4	
482	484	3	
482	486	2	
483	486	3	
483	485	4	
481	485	4	
200	205	2	
205	213	-3	
211	213	-3	
211	215	3	
207	215	-3	
200	207	3	
42	44	4	
44	52	2	
48	52	-3	
48	55	5	
47	55	1	
42	47	3	
499	502	3	
502	510	-3	
506	510	3	
506	511	-5	
503	511	-3	
499	503	3	
105	110	3	
110	118	-2	
115	118	4	
115	119	-2	
111	119	-2	
105	111	3	
17	20	-5	
20	28	2	
25	28	-4	
25	30	-3	
22	30	-1	
17	22	-3	
345	348	4	
347	348	2	
347	350	-6	
344	350	-5	
344	349	-4	
345	349	3	
329	334	-2	
334	342	-1	
337	342	-4	
337	343	4	
335	343	-2	
329	335	-4	
139	141	-2	
141	149	-2	
145	149	-3	
145	150	3	
142	150	-2	
139	142	-6	
416	422	4	
419	422	-5	
419	483	3	
483	487	-4	
480	487	-3	
416	480	-4	
80	84	-2	
83	84	-3	
83	86	-4	
81	86	5	
81	87	2	
80	87	4	
289	292	4	
292	300	-2	
299	300	4	
299	302	2	
294	302	4	
289	294	4	
160	165	2	
162	165	-5	
162	166	-4	
163	166	3	
163	167	-4	
160	167	5	
186	188	5	
187	188	5	
187	191	-3	
185	191	-5	
185	190	-5	
186	190	-3	
385	389	5	
389	397	4	
393	397	4	
393	398	4	
390	398	-3	
385	390	-5	
355	356	-5	
356	364	-3	
363	364	-4	
363	365	4	
357	365	4	
355	357	-5	
219	220	3	
220	228	-1	
226	228	-3	
226	231	-5	
223	231	1	
219	223	5	
40	45	4	
43	45	-5	
43	107	-4	
107	108	3	
104	108	-3	
40	104	4	
241	244	3	
244	252	2	
251	252	4	
251	253	-3	
245	253	3	
241	245	-4	
203	206	-4	
206	214	-2	
209	214	3	
209	215	3	
203	207	3	
120	124	3	
121	124	5	
121	127	-5	
123	127	3	
123	125	4	
120	125	4	
65	68	5	
66	68	-2	
66	130	-2	
130	135	-6	
129	135	-3	
65	129	-1	
296	302	-4	
302	310	2	
304	310	2	
304	311	3	
303	311	1	
296	303	6	
32	37	-3	
33	37	5	
33	97	2	
97	101	4	
96	101	2	
32	96	3	
338	340	-2	
339	340	-4	
339	403	-3	
403	407	3	
402	407	3	
338	402	3	
169	173	-5	
171	173	3	
171	235	3	
235	236	-4	
233	236	3	
169	233	-3	
272	278	5	
278	286	3	
282	286	4	
282	287	4	
279	287	4	
272	279	3	
424	428	-4	
425	428	-5	
425	489	-3	
489	495	3	
488	495	2	
424	488	4	
433	436	-4	
436	444	-3	
443	444	3	
443	445	5	
437	445	2	
433	437	-3	
459	461	4	
461	469	-1	
465	469	4	
465	470	3	
462	470	2	
459	462	5	
8	14	-5	
10	14	4	
10	74	-3	
74	77	5	
72	77	4	
8	72	-2	
408	415	-5	
411	415	4	
411	475	1	
475	476	4	
472	476	-3	
408	472	-2	
147	149	3	
149	157	1	
154	157	-3	
154	158	-4	
150	158	-1	
147	150	5	
49	52	-3	
52	60	3	
57	60	5	
57	61	4	
53	61	-3	
49	53	-2	
26	31	-3	
27	31	5	
27	91	-4	
91	95	4	
90	95	3	
26	90	3	
370	372	5	
372	380	-2	
377	380	4	
377	382	-4	
374	382	-2	
370	374	4	
260	268	3	
264	268	5	
264	269	-2	
261	269	4	
258	261	6	
313	316	3	
315	316	-3	
314	319	-4	
314	318	-4	
192	197	-4	
194	199	-4	
194	198	3	
192	198	6	
449	453	4	
451	454	-5	
450	454	2	
450	455	4	
507	508	2	
507	510	3	
504	510	6	
504	509	-2	
176	180	3	
177	180	4	
177	181	2	
178	181	3	
176	182	2	
322	325	-4	
325	333	-3	
331	335	3	
327	335	4	
322	327	4	
496	501	2	
498	501	4	
498	503	-2	
497	503	4	
497	502	3	
496	502	-5	
134	142	-2	
136	142	-5	
136	143	-3	
135	143	3	
128	135	4	
88	93	3	
93	101	-1	
98	101	-3	
94	102	-2	
413	421	2	
419	421	-4	
414	422	3	
409	414	2	
50	55	2	
50	114	6	
114	119	2	
112	119	-6	
48	112	3	
392	397	4	
393	399	-4	
394	399	4	
394	398	1	
392	398	6	
2	4	-5	
3	5	4	
1	5	-4	
1	6	-4	
144	148	1	
148	156	2	
153	159	-4	
151	159	2	
256	262	-3	
257	262	4	
320	326	4	
339	341	-3	
341	349	-2	
347	349	-2	
342	350	-1	
339	342	3	
211	212	-4	
208	213	4	
208	214	-3	
210	214	-4	
434	498	-2	
498	500	4	
496	500	4	
432	496	2	
243	245	-3	
241	246	3	
452	460	3	
457	462	2	
454	462	-3	
448	454	4	
248	252	3	
250	252	-2	
250	314	1	
314	316	5	
312	316	3	
248	312	2	
227	230	-3	
230	238	-4	
232	238	-3	
231	239	3	
227	231	4	
290	293	-2	
293	301	3	
298	303	-3	
295	303	3	
64	68	-3	
68	76	-5	
75	79	-4	
71	79	5	
64	71	-2	
474	476	5	
476	484	2	
480	484	3	
480	485	1	
477	485	2	
474	477	-3	
440	445	5	
443	507	-2	
507	511	5	
504	511	-2	
440	504	-3	
274	276	3	
275	278	3	
272	277	2	
486	494	1	
491	495	3	
487	495	-2	
482	487	-3	
265	268	-2	
266	268	3	
266	271	3	
265	270	3	
160	164	2	
170	172	4	
166	174	3	
160	166	-3	
385	391	4	
384	390	-4	
92	100	-2	
97	100	1	
97	103	3	
95	103	-1	
89	95	4	
106	108	3	
108	116	-1	
113	118	-4	
106	110	-5	
401	465	2	
464	470	5	
400	464	-1	
81	84	4	
82	84	-4	
82	87	3	
80	86	2	
12	20	3	
17	21	-5	
13	21	3	
280	284	-5	
282	284	-2	
282	346	-1	
344	351	2	
280	344	-1	
371	374	-4	
368	374	4	
369	375	4	
34	38	5	
38	46	-3	
41	47	3	
39	47	-2	
24	28	-3	
26	30	-3	
26	29	4	
353	359	-2	
417	421	5	
416	421	3	
352	416	2	
200	204	-3	
201	205	-5	
202	205	2	
202	206	-4	
200	206	2	
216	220	-4	
218	220	4	
219	221	-3	
219	222	3	
56	61	-5	
58	61	-3	
57	63	-3	
57	62	4	
362	365	-5	
363	427	-3	
426	430	-4	
362	426	-2	
304	308	-3	
307	308	2	
306	309	2	
306	310	4	
185	188	-1	
184	190	3	
184	191	5	
67	69	-2	
69	77	2	
73	77	3	
70	78	-4	
377	383	4	
378	442	-2	
377	441	-2	
428	436	-3	
433	439	3	
431	439	-2	
425	431	-2	
173	181	-1	
179	181	-3	
175	183	-1	
171	175	4	
161	165	2	
162	226	3	
226	229	2	
161	225	2	
40	44	3	
43	44	-4	
107	111	3	
104	111	4	
402	406	4	
403	467	2	
467	468	-5	
402	466	-1	
14	22	2	
19	23	-4	
15	23	-2	
8	15	-3	
233	237	4	
234	237	4	
234	298	3	
298	300	-1	
297	300	5	
233	297	3	
355	358	-2	
355	419	-2	
419	420	2	
323	324	-3	
324	332	3	
329	332	-4	
323	327	3	
130	133	2	
130	194	2	
194	196	4	
129	193	1	
400	405	-4	
405	413	2	
410	415	-3	
407	415	2	
400	407	-2	
259	261	2	
258	262	-2	
488	492	4	
490	493	-3	
489	494	-3	
488	494	-3	
284	292	1	
291	292	4	
285	293	1	
146	148	-6	
147	148	-2	
145	151	3	
136	141	-3	
137	143	4	
139	143	-3	
473	476	-3	
473	479	4	
472	478	5	
337	341	-3	
338	341	-4	
338	343	3	
336	343	-3	
336	342	-3	
121	125	4	
120	127	3	
152	156	-2	
153	158	-2	
155	158	-5	
155	157	3	
152	157	-5	
33	36	-2	
35	99	-1	
97	102	-2	
248	253	-1	
251	254	1	
251	255	4	
50	54	-2	
51	115	4	
114	117	-1	
456	460	5	
459	463	4	
361	364	-4	
364	372	-2	
370	375	-2	
367	375	3	
225	228	-3	
225	289	-3	
288	292	-2	
224	288	3	
1	4	4	
1	65	4	
0	64	-3	
217	221	-2	
218	282	4	
281	287	4	
217	281	3	
345	350	-2	
347	411	-3	
411	412	3	
345	409	4	
232	236	3	
235	299	3	
299	303	1	
232	296	3	
18	21	-3	
80	85	3	
16	80	-2	
130	132	3	
131	195	-1	
195	198	3	
379	380	-4	
379	443	1	
443	446	4	
376	440	1	
42	106	3	
105	109	4	
41	105	3	
49	54	-4	
54	62	3	
55	63	-3	
49	55	4	
387	388	-3	
387	451	-3	
451	452	3	
450	452	-4	
386	450	-2	
180	188	3	
186	189	3	
181	189	3	
176	181	-4	
242	306	2	
305	310	4	
241	305	-2	
11	12	4	
11	75	2	
75	77	2	
210	274	-1	
209	273	-3	
435	499	-3	
499	500	3	
203	205	1	
203	267	3	
267	268	3	
200	264	-3	
25	31	4	
91	93	4	
89	93	4	
25	89	2	
163	165	-2	
165	173	-3	
168	173	1	
353	356	-3	
354	356	-3	
354	357	-3	
352	357	-3	
352	358	3	
73	76	-2	
74	76	-2	
74	138	3	
138	143	-3	
73	137	-4	
466	470	-4	
463	471	-2	
429	437	-2	
433	438	-3	
430	438	-1	
308	316	-2	
314	317	1	
309	317	3	
28	36	-2	
32	36	2	
29	37	-2	
506	508	5	
507	509	-4	
397	405	2	
401	407	4	
399	407	2	
483	484	2	
480	486	5	
481	486	-2	
321	324	3	
323	325	5	
321	327	3	
116	124	-3	
121	126	3	
118	126	4	
196	204	-3	
202	207	-2	
199	207	3	
193	199	4	
100	108	3	
105	108	3	
101	109	-3	
209	212	-3	
211	275	2	
273	277	3	
84	92	-1	
87	95	2	
83	87	-3	
283	287	-3	
162	164	-2	
163	164	-3	
163	227	3	
256	261	-3	
264	271	-3	
263	271	3	
256	263	5	
472	477	-3	
299	363	2	
363	367	3	
178	180	-3	
179	182	4	
177	183	-4	
346	349	5	
346	410	-2	
410	412	2	
344	408	3	
249	252	5	
251	315	2	
313	317	3	
249	313	-3	
154	159	-2	
420	428	-1	
425	429	2	
421	429	2	
340	348	-3	
345	351	-3	
343	351	2	
34	37	-2	
37	45	-1	
42	45	-2	
42	46	-4	
378	382	-5	
5	13	1	
9	14	2	
6	14	-1	
465	471	-3	
450	453	-4	
449	454	-2	
448	455	3	
236	244	3	
237	245	1	
434	436	-4	
435	436	-1	
499	501	-4	
424	431	-5	
427	491	3	
488	493	3	
387	390	3	
384	391	-3	
307	371	2	
304	368	-3	
50	52	2	
50	53	2	
187	190	-2	
72	78	3	
266	330	-4	
330	333	-4	
329	333	2	
265	329	4	
81	85	3	
85	93	3	
86	94	2	
290	292	3	
291	294	3	
289	295	-2	
197	205	-3	
201	206	-3	
198	206	-1	
144	150	4	
144	149	2	
146	149	-3	
168	172	-3	
171	172	-2	
169	174	-4	
131	133	-3	
18	20	3	
18	23	4	
16	22	-3	
402	404	3	
404	412	-2	
411	414	3	
406	414	2	
117	125	-4	
119	127	3	
224	229	2	
229	237	3	
102	110	-2	
107	110	3	
103	111	2	
315	318	2	
315	379	3	
376	383	-4	
312	376	4	
359	367	1	
355	359	-2	
417	422	1	
418	422	-2	
418	482	4	
482	485	-4	
417	481	-3	
494	502	-2	
495	503	-1	
490	495	-3	
246	254	-3	
250	254	-3	
247	255	2	
2	66	-3	
65	69	-3	
27	30	-4	
30	38	1	
33	38	-3	
33	39	-4	
31	39	1	
328	332	-3	
328	333	-1	
320	325	-4	
209	213	-2	
273	278	-1	
208	272	2	
97	161	-2	
96	160	2	
442	445	-2	
442	506	-2	
296	301	-2	
393	396	3	
392	399	-3	
41	44	-3	
43	47	2	
40	47	-3	
40	46	2	
8	13	-3	
458	463	3	
456	462	-2	
139	203	-4	
136	200	3	
370	373	3	
339	343	2	
59	60	-2	
58	62	3	
48	53	-3	
257	260	-5	
259	260	-3	
259	262	3	
322	326	-2	
326	334	2	
331	334	2	
26	28	3	
35	37	3	
242	247	-3	
239	247	-1	
441	446	4	
438	446	2	
208	215	-3	
275	279	2	
409	415	-2	
416	420	3	
145	148	-5	
155	156	-2	
107	171	1	
170	175	-3	
67	131	1	
64	128	-2	
311	319	4	
16	20	2	
19	21	-2	
427	428	-2	
361	425	3	
115	116	2	
221	229	2	
222	230	-2	
465	468	-2	
466	469	3	
74	79	1	
353	357	1	
185	189	-3	
182	190	3	
240	245	-3	
243	307	2	
304	309	3	
240	304	-2	
90	94	-4	
193	198	1	
157	165	2	
158	166	-1	
297	303	2	
267	269	1	
267	331	3	
281	285	2	
386	390	3	
403	404	-2	
0	6	5	
496	503	-3	
475	478	1	
368	373	2	
369	433	-2	
432	437	3	
368	432	2	
225	231	-1	
224	231	2	
160	224	2	
268	276	-2	
274	278	-2	
270	278	2	
187	251	2	
186	250	-3	
99	100	4	
99	101	-3	
170	173	3	
170	234	2	
233	239	-3	
422	430	-1	
212	220	1	
215	223	-2	
210	215	-2	
178	183	-2	
9	15	3	
9	73	-1	
194	197	-1	
195	259	-3	
194	258	2	
133	141	1	
24	30	-4	
88	95	2	
24	88	-1	
59	61	-3	
59	123	-1	
56	120	1	
288	295	3	
290	354	1	
354	359	-2	
288	352	2	
34	98	2	
98	103	3	
81	145	-2	
80	144	3	
336	400	3	
443	447	-3	
439	447	-3	
460	468	1	
203	204	-3	
310	318	-3	
305	311	1	
109	117	-1	
113	117	-1	
113	119	1	
228	236	2	
226	230	2	
385	388	-2	
388	396	-2	
394	397	-2	
361	365	2	
168	175	3	
217	220	-1	
186	191	-2	
184	248	-2	
458	462	-2	
298	302	2	
274	338	-2	
273	337	2	
411	413	-2	
147	151	4	
147	211	-2	
211	214	2	
330	332	-1	
328	335	-3	
472	479	3	
337	340	-2	
152	158	3	
484	492	-2	
491	492	2	
485	493	1	
241	247	3	
264	270	2	
262	270	2	
440	447	2	
391	399	3	
51	52	-3	
3	67	2	
289	353	-1	
123	124	3	
121	185	-1	
201	207	-2	
277	285	-4	
282	285	1	
299	301	-4	
362	364	-3	
249	255	2	
74	78	2	
179	180	3	
184	188	-2	
371	435	-1	
435	438	-4	
370	434	-1	
99	163	1	
161	166	-2	
276	284	1	
192	256	-2	
112	118	2	
114	118	2	
216	223	-1	
504	508	-3	
505	510	-1	
320	327	-2	
204	212	-2	
427	429	3	
25	29	-3	
171	174	-1	
168	232	2	
227	291	-1	
481	487	-3	
369	374	2	
432	436	-3	
88	92	4	
96	102	-1	
82	146	-1	
314	378	-3	
130	134	3	
442	444	-3	
441	445	-2	
8	12	3	
338	342	-2	
384	448	2	
240	244	1	
296	300	1	
193	257	-1	
35	39	3	
153	157	-2	
459	460	-1	
396	404	-2	
401	406	-1	
398	406	2	
48	54	-2	
258	263	-1	
313	377	-2	
425	430	3	
426	490	2	
347	351	3	
300	308	1	
297	302	-2	
234	236	-1	
213	221	1	
218	222	1	
214	222	-2	
98	162	1	
49	113	-3	
385	449	1	
371	372	-1	
498	502	-2	
83	147	-2	
350	358	-1	
27	28	2	
75	139	1	
72	136	-2	
242	245	2	
394	458	1	
457	461	-3	
393	457	-1	
312	319	-2	
233	238	-2	
156	164	-1	
210	213	-1	
145	209	2	
216	280	-2	
412	420	-1	
272	276	-3	
467	470	-2	
179	243	2	
177	241	-1	
506	509	1	
402	405	-2	
89	94	1	
219	283	-1	
226	290	1	
56	63	-2	
43	46	-1	
11	14	-2	
65	71	3	
235	239	1	
137	142	-1	
138	142	-2	
264	328	1	
183	191	-1	
453	461	-2	
107	109	2	
289	293	2	
257	261	1	
195	196	-2	
505	511	1	
418	421	-2	
337	401	-1	
455	463	2	
27	29	-1	
272	336	-1	
322	386	-1	
321	385	-1	
479	487	1	
162	167	-1	
344	348	1	
408	413	1	
283	286	1	
67	68	-1	
434	439	2	
243	246	-1	
238	246	-1	
155	219	-1	
153	217	-1	
365	373	1	
128	132	-2	
323	387	-1	
320	384	1	
90	93	1	
82	86	-1	
426	428	1	
346	350	-1	
478	486	-1	
178	242	2	
176	240	1	
19	20	1	
306	370	1	
468	476	-1	
471	479	-1	
154	218	1	
152	216	1	
441	505	-1	
17	23	-1	
17	81	2	
410	474	1	
386	389	-1	
275	339	1	
129	134	-1	
66	70	-1	
433	497	1	
280	287	-1	
307	310	-1	
104	110	1	
91	92	-1	
51	55	-1	
185	249	-1	
492	500	1	
10	13	-1	
146	150	-1	
269	277	-1	
271	279	1	
Energy:	-2906	
