NumberOfQubits	504	
NumberOfSubgraphs	840	
Serial	11	
PlantedSolution:	
0	1	
1	1	
2	1	
3	-1	
4	1	
5	-1	
6	-1	
8	1	
9	-1	
10	-1	
11	-1	
12	-1	
13	1	
14	-1	
15	1	
16	1	
17	1	
18	1	
19	-1	
20	-1	
21	1	
22	1	
23	1	
24	-1	
25	1	
26	-1	
27	-1	
28	-1	
29	-1	
30	-1	
31	-1	
32	1	
33	-1	
34	1	
35	-1	
36	-1	
37	-1	
38	-1	
39	1	
40	1	
41	1	
42	1	
43	1	
44	-1	
45	-1	
46	-1	
47	1	
48	-1	
49	-1	
50	-1	
51	1	
52	-1	
53	1	
54	1	
55	1	
56	1	
57	-1	
58	-1	
59	1	
60	-1	
61	-1	
62	1	
63	-1	
64	1	
65	1	
66	1	
67	1	
68	1	
69	-1	
70	1	
71	1	
72	-1	
73	-1	
74	1	
75	1	
76	1	
77	1	
78	-1	
79	-1	
80	-1	
81	1	
82	-1	
83	1	
84	-1	
85	-1	
86	1	
87	-1	
88	1	
89	-1	
90	-1	
91	-1	
92	-1	
93	1	
94	-1	
95	1	
96	1	
97	-1	
98	-1	
99	1	
100	-1	
101	-1	
102	-1	
103	1	
104	1	
105	1	
106	1	
107	1	
108	1	
109	1	
110	1	
111	-1	
112	1	
113	-1	
114	-1	
115	1	
116	-1	
117	-1	
118	-1	
119	1	
120	-1	
121	1	
123	-1	
124	1	
125	-1	
126	1	
127	-1	
128	-1	
129	1	
130	1	
131	1	
132	-1	
133	1	
134	-1	
135	-1	
136	-1	
137	1	
138	1	
139	-1	
141	1	
142	-1	
143	-1	
144	-1	
145	1	
146	-1	
147	1	
148	1	
149	1	
150	1	
151	1	
152	1	
153	-1	
154	-1	
155	-1	
156	1	
157	1	
158	-1	
159	-1	
160	-1	
161	-1	
162	-1	
163	1	
164	1	
165	-1	
166	-1	
167	-1	
168	-1	
169	1	
170	1	
171	-1	
172	1	
173	1	
174	1	
175	-1	
176	1	
177	1	
178	1	
179	1	
180	-1	
181	1	
182	-1	
183	-1	
184	-1	
185	1	
186	-1	
187	1	
188	1	
189	-1	
190	1	
191	-1	
192	-1	
193	1	
194	1	
195	1	
196	-1	
197	1	
198	-1	
199	1	
200	-1	
201	1	
202	-1	
203	1	
204	-1	
205	-1	
206	1	
207	1	
208	1	
209	-1	
210	-1	
211	-1	
212	1	
213	-1	
214	-1	
215	-1	
216	-1	
217	1	
218	1	
219	1	
220	1	
221	-1	
222	1	
223	-1	
224	1	
225	1	
226	1	
227	1	
228	-1	
229	1	
230	1	
231	-1	
232	-1	
233	-1	
234	1	
235	-1	
236	-1	
237	-1	
238	-1	
239	1	
240	1	
241	-1	
242	1	
243	1	
244	-1	
245	-1	
246	-1	
247	-1	
248	-1	
249	1	
250	-1	
251	1	
252	1	
253	1	
254	1	
255	-1	
256	-1	
257	-1	
258	1	
259	1	
260	1	
261	-1	
262	-1	
263	1	
264	-1	
265	-1	
266	1	
267	1	
268	1	
269	1	
270	1	
271	1	
272	-1	
273	1	
274	-1	
275	1	
276	1	
277	1	
278	-1	
279	1	
280	-1	
281	-1	
282	1	
283	1	
284	-1	
285	-1	
286	1	
287	-1	
288	1	
289	-1	
290	-1	
291	-1	
292	-1	
293	1	
294	1	
295	1	
296	1	
297	1	
298	1	
299	-1	
300	1	
301	1	
302	-1	
303	-1	
304	1	
305	-1	
306	1	
307	1	
308	-1	
309	-1	
310	-1	
311	-1	
312	-1	
313	-1	
314	-1	
315	-1	
316	1	
317	-1	
318	-1	
319	-1	
320	-1	
321	-1	
322	1	
323	-1	
324	-1	
325	1	
326	-1	
327	-1	
328	1	
329	-1	
330	1	
331	1	
332	-1	
333	-1	
334	1	
335	-1	
336	1	
337	-1	
338	-1	
339	1	
340	-1	
341	1	
342	-1	
343	1	
344	1	
345	1	
346	1	
347	1	
348	-1	
349	-1	
350	1	
351	1	
352	-1	
353	-1	
354	1	
355	1	
356	1	
357	-1	
358	-1	
359	1	
361	-1	
362	1	
363	-1	
364	-1	
365	1	
367	-1	
368	-1	
369	-1	
370	1	
371	-1	
372	1	
373	-1	
374	-1	
375	1	
376	1	
377	1	
378	1	
379	1	
380	-1	
382	-1	
383	1	
384	-1	
385	1	
386	-1	
387	1	
388	1	
389	-1	
390	1	
391	-1	
392	1	
393	1	
394	1	
396	-1	
397	1	
398	-1	
399	1	
400	1	
401	1	
402	1	
403	1	
404	-1	
405	-1	
406	-1	
407	1	
408	1	
409	1	
410	1	
411	1	
412	1	
413	-1	
414	1	
415	1	
416	-1	
417	-1	
418	1	
419	1	
420	-1	
421	1	
422	-1	
424	-1	
425	-1	
426	-1	
427	1	
428	-1	
429	-1	
430	1	
431	-1	
432	1	
433	-1	
434	-1	
435	-1	
436	-1	
437	1	
438	-1	
439	1	
440	-1	
441	1	
442	-1	
443	1	
444	-1	
445	-1	
446	-1	
447	1	
448	-1	
449	-1	
450	-1	
451	1	
452	1	
453	1	
454	-1	
455	-1	
456	-1	
457	1	
458	-1	
459	1	
460	-1	
461	1	
462	1	
463	1	
464	-1	
465	-1	
466	-1	
467	-1	
468	-1	
469	1	
470	1	
471	1	
472	1	
473	-1	
474	-1	
475	1	
476	-1	
477	-1	
478	1	
479	-1	
480	-1	
481	1	
482	-1	
483	-1	
484	-1	
485	-1	
486	1	
487	1	
488	-1	
489	1	
490	-1	
491	-1	
492	1	
493	-1	
494	-1	
495	-1	
496	1	
497	-1	
498	1	
499	-1	
500	-1	
501	1	
502	1	
503	1	
504	-1	
505	-1	
506	1	
507	-1	
508	-1	
509	-1	
510	1	
511	-1	
Js:	
89	92	-3	
90	92	-4	
90	154	3	
154	159	-3	
153	159	-4	
89	153	-4	
266	269	-4	
269	277	-3	
274	277	6	
274	279	5	
271	279	2	
266	271	-7	
336	341	-7	
339	341	1	
339	342	4	
338	342	-7	
338	343	4	
336	343	-5	
209	212	6	
210	212	4	
210	215	-5	
208	215	2	
208	214	5	
209	214	2	
98	101	1	
101	109	4	
104	109	-3	
104	110	-6	
102	110	2	
98	102	-3	
248	255	-4	
249	255	4	
249	313	-1	
313	317	-3	
312	317	-5	
248	312	-1	
232	237	-4	
234	237	5	
234	298	2	
298	301	-3	
296	301	-6	
232	296	3	
409	415	4	
410	415	-5	
410	474	2	
474	477	-9	
473	477	-3	
409	473	4	
441	444	6	
443	444	6	
443	445	5	
442	445	-4	
442	447	4	
441	447	-6	
392	396	-5	
394	396	6	
394	397	-5	
393	397	-4	
393	399	-5	
392	399	-5	
130	134	3	
134	142	4	
137	142	7	
137	143	4	
135	143	-5	
130	135	4	
353	357	-2	
354	357	3	
354	358	3	
352	358	8	
352	359	2	
353	359	5	
193	196	5	
195	196	6	
195	199	-5	
192	199	5	
192	198	4	
193	198	6	
499	501	3	
501	509	5	
507	509	-7	
507	511	-4	
503	511	4	
499	503	6	
48	53	6	
50	53	-5	
50	114	-3	
114	119	5	
112	119	-3	
48	112	4	
465	470	4	
470	478	-2	
475	478	-6	
475	479	6	
471	479	2	
465	471	-2	
297	300	-3	
299	300	4	
299	363	-4	
363	367	-6	
361	367	-6	
297	361	4	
168	174	4	
174	182	4	
177	182	-2	
177	183	6	
175	183	-2	
168	175	-5	
400	404	6	
402	404	-3	
402	407	-6	
401	407	-1	
401	406	5	
400	406	3	
64	70	-6	
70	78	4	
73	78	-3	
73	79	-6	
71	79	5	
64	71	-5	
419	421	-3	
421	429	4	
427	429	-4	
427	430	-4	
422	430	3	
419	422	2	
162	164	4	
163	164	-5	
163	167	5	
161	167	5	
161	166	-6	
162	166	-5	
282	285	5	
285	293	4	
290	293	4	
290	295	3	
287	295	-3	
282	287	3	
34	36	4	
36	44	-4	
42	44	4	
42	46	5	
38	46	-3	
34	38	5	
8	12	3	
9	12	-7	
9	14	6	
10	14	-3	
10	15	4	
8	15	-7	
482	484	-4	
484	492	1	
491	492	4	
491	495	3	
487	495	1	
482	487	5	
448	452	6	
449	452	5	
449	455	2	
450	455	-4	
450	453	4	
448	453	6	
369	374	-4	
370	374	6	
370	434	2	
434	438	-3	
433	438	-5	
369	433	3	
330	332	4	
331	332	-4	
331	334	-4	
328	334	-6	
328	335	1	
330	335	4	
144	149	6	
145	149	-5	
145	150	-6	
146	150	6	
146	151	5	
144	151	5	
201	204	2	
202	204	-5	
202	205	-4	
203	205	4	
203	206	-6	
201	206	-6	
176	181	-3	
179	181	-6	
179	243	-3	
243	245	-4	
240	245	4	
176	240	-3	
344	348	6	
345	348	4	
345	349	5	
347	349	2	
347	351	-4	
344	351	-5	
304	308	5	
307	308	4	
307	310	3	
306	310	4	
306	309	6	
304	309	3	
224	230	-4	
225	230	-5	
225	289	3	
289	294	4	
288	294	4	
224	288	-3	
184	189	-3	
186	189	-6	
186	191	5	
185	191	5	
185	190	-6	
184	190	5	
257	263	4	
259	263	-5	
259	323	-3	
323	325	5	
321	325	4	
257	321	-3	
65	69	5	
67	69	5	
67	131	-2	
131	132	-6	
129	132	4	
65	129	-2	
18	20	4	
19	20	6	
19	21	4	
17	21	-2	
17	22	-6	
18	22	-4	
113	117	-3	
117	125	-7	
121	125	4	
121	126	-4	
118	126	7	
113	118	2	
41	45	4	
43	45	4	
43	107	-4	
107	108	-5	
105	108	-4	
41	105	-3	
385	388	-5	
387	388	-4	
387	391	4	
384	391	-5	
384	390	6	
385	390	4	
56	60	4	
59	60	3	
59	62	-5	
58	62	6	
58	63	-4	
56	63	-5	
457	460	-2	
458	460	-3	
458	462	5	
459	462	-6	
459	461	-5	
457	461	-7	
152	157	-6	
155	157	4	
155	219	5	
219	223	5	
216	223	2	
152	216	6	
0	4	-8	
2	4	-4	
2	5	6	
1	5	7	
1	6	7	
0	6	2	
82	84	-6	
83	84	3	
83	85	4	
81	85	4	
81	86	4	
82	86	3	
24	28	-5	
27	28	-4	
27	30	-6	
26	30	-4	
26	31	-5	
24	31	4	
241	244	-6	
244	252	3	
250	252	4	
250	254	4	
246	254	-4	
241	246	-4	
483	485	-4	
485	493	-3	
490	493	-4	
490	494	-6	
486	494	-3	
483	486	5	
497	500	-2	
500	508	6	
506	508	4	
506	510	-7	
502	510	-3	
497	502	4	
377	380	4	
379	380	6	
379	382	5	
376	382	5	
376	383	-7	
377	383	-4	
74	77	-4	
75	77	-4	
75	139	4	
139	141	3	
138	141	-6	
74	138	-4	
273	276	-3	
276	284	2	
283	284	6	
283	286	-4	
278	286	-3	
273	278	5	
33	37	-6	
35	37	-5	
35	99	5	
99	100	4	
97	100	3	
33	97	-4	
425	428	-3	
428	436	-4	
435	436	-5	
435	439	4	
431	439	2	
425	431	-6	
169	173	5	
171	173	4	
171	235	-4	
235	236	-6	
233	236	-4	
169	233	4	
218	220	-4	
220	228	3	
226	228	3	
226	229	-5	
221	229	4	
218	221	-4	
256	262	-5	
258	262	6	
258	322	3	
322	326	6	
320	326	-6	
256	320	-3	
362	364	7	
364	372	2	
371	372	2	
371	373	-5	
365	373	-4	
362	365	-5	
200	207	-5	
201	207	-3	
201	265	2	
265	268	3	
264	268	4	
200	264	-2	
90	93	4	
91	93	6	
91	94	-3	
88	94	5	
88	95	-4	
90	95	3	
313	316	-4	
314	316	6	
314	318	-3	
315	318	-5	
315	319	-4	
313	319	-3	
408	412	-5	
412	420	-1	
418	420	4	
418	422	5	
414	422	3	
408	414	-5	
466	468	-4	
467	468	-4	
467	469	-4	
464	469	5	
464	471	6	
466	471	5	
49	54	4	
51	54	-6	
51	115	-4	
115	116	-4	
113	116	-6	
49	113	-5	
120	127	-3	
123	127	-5	
123	187	1	
187	188	-4	
184	188	5	
120	184	1	
232	238	-3	
238	246	-4	
242	246	2	
242	247	6	
239	247	4	
232	239	4	
16	23	4	
17	23	-5	
17	81	-4	
81	87	4	
80	87	-6	
16	80	6	
440	446	-4	
441	446	2	
441	505	4	
505	509	-4	
504	509	3	
440	504	-5	
217	222	-5	
222	230	-3	
227	230	2	
227	231	4	
223	231	-4	
217	223	4	
8	13	-3	
11	13	7	
11	75	1	
75	76	-3	
72	76	-3	
8	72	5	
32	39	-5	
34	39	-6	
34	98	4	
98	103	6	
96	103	4	
32	96	-3	
144	148	3	
147	148	-8	
147	211	4	
211	213	-6	
208	213	-4	
144	208	4	
337	340	-5	
339	340	5	
339	403	-3	
403	405	3	
401	405	4	
337	401	-3	
296	302	2	
302	310	-2	
305	310	-3	
305	311	6	
303	311	-1	
296	303	6	
105	111	4	
106	111	5	
106	170	2	
170	172	-7	
169	172	-4	
105	169	-2	
368	375	4	
371	375	-5	
371	435	-3	
435	437	6	
432	437	-4	
368	432	2	
416	420	-4	
417	420	-4	
417	481	-7	
481	485	3	
480	485	-4	
416	480	-5	
40	44	4	
44	52	-2	
48	52	-4	
48	55	-3	
47	55	-2	
40	47	-4	
386	389	-6	
387	389	3	
387	451	-5	
451	454	4	
450	454	-5	
386	450	4	
288	292	5	
291	292	-3	
291	355	-2	
355	356	-2	
352	356	4	
288	352	2	
128	133	4	
130	133	-5	
130	194	-4	
194	197	-4	
192	197	-4	
128	192	-5	
346	350	-5	
347	350	-6	
347	411	2	
411	413	4	
410	413	4	
346	410	-3	
265	270	6	
267	270	-5	
267	331	3	
331	333	5	
329	333	-5	
265	329	-4	
2	6	5	
3	6	8	
3	67	4	
67	68	-2	
66	68	-6	
2	66	-3	
424	430	4	
425	430	3	
425	489	6	
489	492	-3	
488	492	6	
424	488	-4	
153	156	3	
156	164	-3	
160	164	6	
160	165	2	
157	165	3	
153	157	3	
392	398	2	
394	398	6	
394	458	2	
458	463	4	
456	463	8	
392	456	2	
57	61	-5	
59	61	6	
59	123	3	
123	124	5	
121	124	-4	
57	121	-2	
473	476	-4	
474	476	-5	
472	477	-2	
472	478	-5	
473	478	5	
257	260	6	
258	260	5	
258	263	-3	
256	263	5	
256	261	-2	
257	261	-5	
250	253	3	
251	253	-5	
251	315	1	
315	316	3	
250	314	1	
26	29	5	
27	29	-4	
25	30	6	
25	31	6	
280	286	2	
281	286	5	
281	345	-2	
280	344	3	
177	180	5	
179	180	4	
179	183	2	
178	183	2	
178	181	-4	
177	181	3	
432	436	-3	
434	436	-3	
434	498	7	
498	500	2	
496	500	4	
432	496	-5	
321	324	-5	
322	324	4	
322	327	-2	
320	327	-5	
321	326	-4	
272	276	-6	
275	276	-6	
275	279	-3	
274	278	-4	
272	278	-3	
152	158	3	
155	158	3	
219	220	-7	
216	220	4	
72	79	-4	
74	79	-2	
136	141	5	
72	136	-3	
378	380	5	
378	383	-5	
424	428	-5	
427	428	-4	
427	431	4	
426	431	-5	
426	429	-4	
424	429	-4	
18	21	-7	
19	23	3	
16	22	-3	
384	388	3	
385	389	5	
386	391	-4	
234	236	2	
298	302	6	
297	302	4	
233	297	3	
218	222	-3	
218	282	-2	
282	284	4	
281	284	5	
217	281	3	
402	405	3	
405	413	-3	
411	414	5	
406	414	2	
402	406	4	
82	85	-6	
85	93	2	
89	93	4	
89	95	3	
87	95	4	
82	87	2	
289	292	-4	
290	292	-4	
290	354	-1	
353	358	-4	
289	353	-3	
280	285	-3	
291	293	3	
291	295	5	
280	287	-9	
148	156	-3	
154	156	-5	
154	158	-6	
150	158	3	
147	150	-3	
494	502	-2	
496	502	-4	
496	503	-4	
495	503	2	
490	495	-5	
53	61	2	
58	61	-4	
54	62	-3	
50	54	5	
224	228	3	
225	228	3	
225	231	5	
227	229	-2	
224	229	-5	
248	252	-5	
251	252	-5	
251	255	3	
249	253	-5	
248	253	4	
305	308	-5	
307	309	6	
306	311	4	
417	421	4	
418	421	-2	
418	482	5	
481	484	5	
40	45	5	
41	47	5	
43	47	-6	
43	46	3	
40	46	3	
162	165	-5	
163	165	5	
160	167	-4	
160	166	-5	
205	213	-3	
210	213	-3	
210	214	-7	
206	214	3	
451	453	-4	
453	461	-2	
456	461	3	
455	463	2	
451	455	5	
176	180	2	
178	180	5	
178	242	-5	
240	247	2	
337	341	6	
337	342	4	
100	108	4	
104	108	-4	
97	101	-4	
328	332	4	
329	335	-4	
329	334	-2	
116	124	4	
120	124	5	
120	125	-3	
115	117	3	
0	5	6	
1	65	-3	
65	70	3	
0	64	-4	
465	468	-7	
466	470	3	
464	470	4	
465	469	-4	
194	199	-5	
194	198	4	
267	268	-6	
267	271	-4	
266	270	-3	
264	270	4	
404	412	-1	
408	415	-3	
407	415	-4	
400	407	-5	
505	508	-5	
507	508	-4	
507	510	-2	
506	511	4	
505	511	-4	
131	133	-6	
128	134	-2	
129	134	7	
361	365	5	
368	373	-3	
367	375	2	
84	92	-3	
91	92	-2	
86	94	-3	
83	86	-5	
186	188	4	
187	190	-4	
185	189	4	
168	172	3	
170	175	4	
171	175	-5	
168	173	5	
68	76	-4	
73	76	4	
73	77	-3	
69	77	5	
66	69	4	
32	37	-6	
33	38	-4	
35	38	-4	
35	39	4	
211	212	4	
211	275	-2	
275	277	-3	
273	277	-3	
209	273	4	
440	444	-2	
443	447	2	
440	445	-4	
10	12	-4	
10	13	4	
11	14	-5	
106	110	-7	
110	118	2	
112	118	-2	
111	119	2	
452	460	2	
459	460	6	
454	462	2	
449	454	-8	
49	52	-5	
52	60	-3	
57	60	6	
57	63	-4	
55	63	4	
49	55	2	
346	349	5	
349	357	-6	
355	357	-3	
355	359	-4	
351	359	-3	
346	351	-3	
136	143	-4	
139	143	-4	
139	203	5	
203	204	4	
200	204	-6	
136	200	-5	
472	476	4	
476	484	-3	
483	484	-3	
483	487	3	
479	487	4	
472	479	6	
236	244	-5	
241	245	-4	
237	245	-3	
235	237	-4	
433	439	3	
434	439	4	
498	501	-3	
497	501	6	
433	497	-4	
298	300	-6	
363	364	-4	
298	362	2	
146	149	-3	
145	151	-2	
20	28	-3	
25	28	3	
25	29	4	
21	29	3	
259	261	5	
323	324	-6	
309	317	-3	
312	318	-5	
310	318	-3	
304	310	-5	
491	493	-5	
489	493	3	
489	495	6	
488	495	-3	
96	101	5	
97	102	-5	
99	102	4	
99	103	-4	
368	372	5	
369	372	5	
369	373	-5	
370	373	3	
368	374	-4	
393	396	3	
394	399	-3	
392	397	-4	
419	420	6	
419	483	5	
480	486	5	
138	142	3	
138	202	5	
202	207	5	
137	201	3	
429	437	1	
433	437	-3	
430	438	3	
426	430	3	
235	238	-5	
243	246	1	
243	247	6	
235	239	-1	
314	319	4	
314	378	3	
313	377	5	
325	333	4	
331	335	4	
327	335	-6	
323	327	-5	
3	4	6	
67	71	-6	
114	118	3	
123	126	4	
119	127	6	
442	446	-5	
442	506	4	
504	510	5	
172	180	3	
178	182	-3	
169	174	-5	
344	350	-2	
345	350	-4	
345	409	-2	
409	413	4	
408	413	3	
344	408	1	
296	300	-3	
297	303	3	
299	303	-6	
299	301	-3	
403	407	-5	
403	467	3	
466	469	5	
402	466	3	
152	159	3	
153	217	3	
217	221	4	
216	221	-4	
42	47	-3	
106	108	-1	
42	106	3	
256	260	5	
259	262	4	
80	84	-3	
88	92	6	
283	285	6	
288	293	-4	
286	294	-2	
390	398	4	
393	398	6	
391	399	6	
10	74	3	
74	78	-4	
72	78	-3	
28	36	-2	
32	36	4	
29	37	-3	
24	29	-3	
209	215	-5	
208	272	1	
128	135	-3	
162	226	2	
226	231	4	
161	225	3	
187	191	4	
187	251	-3	
251	254	-3	
186	250	-3	
56	62	-5	
51	55	-5	
338	340	3	
336	342	3	
266	268	2	
265	269	4	
475	477	-2	
435	499	2	
499	502	3	
353	356	5	
354	359	-4	
24	30	2	
26	90	-3	
90	94	-3	
24	88	4	
370	372	-5	
372	380	1	
378	382	-5	
374	382	-2	
185	188	2	
185	249	-3	
249	254	-4	
248	254	3	
184	248	-3	
482	485	-3	
491	494	-5	
482	486	3	
196	204	-2	
200	205	2	
197	205	3	
195	197	-4	
165	173	2	
167	175	-2	
403	404	2	
403	406	4	
400	405	4	
155	156	4	
154	218	2	
56	61	3	
121	127	6	
56	120	3	
409	412	5	
411	412	-2	
411	475	-3	
75	78	5	
459	463	1	
179	182	3	
176	182	5	
176	183	5	
16	20	5	
19	83	4	
80	86	4	
227	228	7	
227	291	-3	
226	290	3	
129	135	3	
50	52	-3	
51	52	3	
114	117	-4	
387	390	-5	
386	390	-1	
322	325	4	
328	333	4	
326	334	2	
14	22	2	
15	23	-3	
9	15	3	
98	100	-4	
96	102	5	
242	245	2	
242	306	3	
306	308	3	
240	304	-3	
104	111	2	
40	104	-4	
147	151	4	
211	214	-1	
146	210	-2	
243	244	1	
243	307	-3	
307	311	3	
241	305	-3	
275	278	4	
272	279	4	
49	53	4	
112	116	-4	
229	237	3	
230	238	3	
283	347	3	
282	346	-2	
198	206	4	
202	206	1	
199	207	-1	
193	199	2	
27	31	-2	
27	91	-4	
25	89	-1	
66	71	2	
464	468	-2	
467	470	4	
467	471	5	
416	421	5	
481	487	-3	
480	487	4	
312	316	3	
424	431	3	
340	348	-4	
343	351	-2	
339	343	-5	
443	507	3	
82	146	-1	
146	148	3	
145	148	3	
81	145	-2	
170	174	-2	
170	234	4	
234	239	-5	
233	239	3	
320	324	1	
324	332	-4	
329	332	-3	
354	356	-5	
355	419	-4	
354	418	-4	
426	490	3	
490	492	2	
261	269	-3	
267	269	-2	
263	271	-3	
292	300	-3	
294	302	3	
209	213	-1	
213	221	-3	
218	223	3	
215	223	-2	
133	141	-3	
139	142	-4	
131	134	2	
216	222	-3	
281	287	-4	
216	280	-1	
410	412	-4	
410	414	-2	
409	414	-1	
393	457	-2	
457	463	5	
161	165	-3	
158	166	-2	
153	158	-3	
11	12	-4	
9	13	3	
33	36	-4	
35	36	-2	
106	109	-2	
107	109	-6	
107	111	-3	
105	110	-2	
58	60	-4	
437	445	5	
441	445	2	
438	446	-4	
432	438	3	
448	455	-5	
498	502	4	
370	375	-4	
315	317	-4	
315	379	5	
249	252	-3	
250	255	-5	
159	167	2	
155	159	-5	
123	125	-4	
120	126	5	
293	301	-3	
297	301	-5	
295	303	3	
288	295	2	
346	348	2	
348	356	-1	
352	357	-3	
260	268	-3	
262	270	3	
396	404	-2	
401	404	6	
397	405	3	
141	149	-2	
143	151	-1	
427	491	3	
488	493	-3	
128	132	-5	
130	132	3	
460	468	2	
462	470	-3	
330	334	-7	
330	333	1	
375	383	1	
369	375	4	
115	119	-3	
115	179	-2	
114	178	-1	
477	485	-3	
273	279	-2	
50	55	4	
284	292	1	
290	294	5	
99	101	-3	
163	227	-2	
160	224	3	
345	351	-3	
386	388	4	
91	95	4	
89	94	-5	
22	30	2	
23	31	2	
362	367	4	
363	427	1	
426	428	-3	
362	426	2	
173	181	-3	
171	174	4	
201	205	4	
43	44	3	
41	46	5	
323	326	-2	
320	325	3	
74	76	-5	
75	79	3	
81	84	4	
336	340	2	
338	341	2	
4	12	1	
5	13	-1	
149	157	-3	
131	195	-3	
129	193	-2	
219	221	-1	
413	421	2	
416	422	-3	
433	436	-2	
26	28	-3	
16	21	-2	
65	68	-5	
66	70	-4	
67	70	-3	
232	236	2	
233	238	-3	
234	238	2	
59	63	3	
299	302	3	
264	271	3	
264	269	4	
48	54	3	
440	447	4	
474	478	2	
474	479	2	
180	188	3	
183	191	-3	
240	244	3	
240	246	5	
308	316	4	
312	319	-5	
311	319	-4	
451	452	-2	
450	452	5	
226	230	3	
456	460	-5	
458	461	4	
398	406	2	
88	93	1	
289	293	2	
355	358	3	
83	87	2	
83	147	-2	
80	144	1	
72	77	-2	
499	500	-4	
504	508	-3	
504	511	-4	
104	168	1	
361	364	-4	
275	339	2	
274	338	-3	
411	415	-4	
208	212	-4	
212	220	1	
219	222	-2	
214	222	2	
376	380	4	
461	469	-1	
457	462	2	
194	196	3	
193	197	-5	
449	453	4	
37	45	-1	
19	22	3	
18	23	-3	
388	396	4	
131	135	3	
436	444	-3	
439	447	-4	
432	439	-3	
113	119	-1	
187	189	4	
417	422	-4	
353	417	1	
210	274	1	
266	330	-4	
1	4	-3	
307	371	1	
304	368	2	
39	47	-2	
33	39	-2	
93	101	3	
94	102	-3	
283	287	1	
505	510	-3	
498	503	-2	
9	73	1	
321	385	2	
384	389	2	
320	384	-2	
168	232	2	
105	109	-5	
480	484	4	
289	295	4	
161	164	1	
163	166	3	
363	365	5	
211	215	-3	
207	215	-3	
203	207	-3	
272	277	4	
115	118	4	
420	428	1	
350	358	2	
379	383	3	
379	443	-1	
377	441	-2	
136	142	-3	
371	374	-4	
281	285	1	
282	286	-4	
152	156	2	
65	71	2	
96	100	-3	
97	103	2	
42	45	5	
329	393	2	
328	392	-2	
11	15	3	
195	198	2	
186	190	-2	
184	191	-3	
389	397	4	
378	442	2	
376	440	1	
76	84	-1	
77	85	2	
30	38	-2	
314	317	-3	
305	309	2	
475	476	-3	
481	486	-2	
478	486	-2	
224	231	2	
145	209	2	
268	276	-2	
233	237	1	
347	348	-3	
496	501	-3	
258	261	3	
247	255	-2	
13	21	2	
103	111	2	
217	220	1	
129	133	-2	
312	376	3	
443	446	3	
435	438	2	
356	364	3	
359	367	-2	
344	349	3	
336	400	-1	
264	328	-3	
291	294	4	
64	68	-3	
242	244	-2	
177	241	1	
112	117	3	
45	53	-1	
279	287	2	
408	472	-3	
171	172	2	
182	190	3	
304	311	2	
489	494	2	
151	159	3	
12	20	-1	
17	20	-3	
385	449	3	
338	402	-1	
169	175	2	
162	167	-2	
18	82	2	
114	116	-2	
352	416	-1	
138	143	-2	
492	500	2	
493	501	-2	
313	318	-4	
154	157	1	
147	149	-1	
41	44	3	
3	5	-2	
357	365	-1	
257	262	2	
113	177	3	
112	176	2	
31	39	1	
73	137	3	
333	341	1	
335	343	-1	
192	196	-2	
506	509	-1	
361	425	1	
323	387	1	
95	103	-2	
488	494	-2	
8	14	2	
92	100	-2	
332	340	-1	
334	342	1	
78	86	1	
448	454	1	
57	62	1	
473	479	-2	
300	308	1	
377	382	3	
245	253	3	
181	189	-1	
456	462	2	
321	327	-2	
231	239	-3	
64	69	-1	
66	130	-1	
64	128	1	
399	407	1	
91	155	1	
337	343	1	
273	337	-1	
164	172	1	
166	174	1	
442	444	3	
434	437	1	
137	141	3	
32	38	2	
98	162	-2	
97	161	-2	
322	386	-1	
204	212	1	
272	336	2	
51	53	2	
298	303	1	
497	503	2	
144	150	1	
385	391	-1	
342	350	1	
265	271	1	
274	276	1	
170	173	-1	
384	448	2	
425	429	-3	
280	284	-2	
305	369	-1	
341	349	1	
225	229	-1	
400	464	1	
80	85	-2	
107	110	1	
259	260	-1	
34	37	-1	
401	465	1	
277	285	1	
468	476	-1	
469	477	-1	
107	171	-1	
228	236	-1	
270	278	-1	
142	150	1	
46	54	1	
Energy:	-3778	
