NumberOfQubits	504	
NumberOfSubgraphs	420	
Serial	341	
PlantedSolution:	
0	-1	
1	-1	
2	1	
3	-1	
4	1	
5	1	
6	-1	
8	-1	
9	-1	
10	-1	
11	1	
12	1	
13	-1	
14	1	
15	1	
16	-1	
17	-1	
18	-1	
19	1	
20	-1	
21	-1	
22	-1	
23	1	
24	1	
25	1	
26	1	
27	1	
28	1	
29	-1	
30	-1	
31	-1	
32	-1	
33	-1	
34	-1	
35	1	
36	-1	
37	1	
38	-1	
39	1	
40	1	
41	1	
42	-1	
43	-1	
44	-1	
45	-1	
46	-1	
47	-1	
48	1	
49	-1	
50	1	
51	-1	
52	-1	
53	-1	
54	1	
55	1	
56	1	
57	1	
58	-1	
59	1	
60	-1	
61	1	
62	1	
63	1	
64	1	
65	1	
66	-1	
67	-1	
68	1	
69	-1	
70	-1	
71	-1	
72	-1	
73	-1	
74	-1	
75	-1	
76	1	
77	-1	
78	-1	
79	1	
80	-1	
81	1	
82	-1	
83	1	
84	1	
85	-1	
86	1	
87	-1	
88	1	
89	1	
90	1	
91	-1	
92	-1	
93	1	
94	-1	
95	1	
96	-1	
97	1	
98	-1	
99	-1	
100	1	
101	-1	
102	1	
103	1	
104	-1	
105	1	
106	1	
107	-1	
108	1	
109	1	
110	-1	
111	1	
112	-1	
113	-1	
114	1	
115	-1	
116	-1	
117	1	
118	-1	
119	-1	
120	1	
121	-1	
123	-1	
124	1	
125	-1	
126	-1	
127	1	
128	1	
129	-1	
130	1	
131	-1	
132	-1	
133	1	
134	-1	
135	-1	
136	1	
137	-1	
138	-1	
139	-1	
141	1	
142	1	
143	1	
144	-1	
145	-1	
146	1	
147	1	
148	1	
149	-1	
150	-1	
151	1	
152	1	
153	1	
154	1	
155	1	
156	-1	
157	-1	
158	-1	
159	-1	
160	-1	
161	-1	
162	1	
163	-1	
164	1	
165	-1	
166	1	
167	-1	
168	-1	
169	-1	
170	1	
171	1	
172	1	
173	1	
174	1	
175	1	
176	-1	
177	-1	
178	-1	
179	1	
180	-1	
181	-1	
182	-1	
183	1	
184	1	
185	1	
186	1	
187	1	
188	1	
189	1	
190	1	
191	-1	
192	-1	
193	-1	
194	1	
195	-1	
196	-1	
197	-1	
198	1	
199	1	
200	1	
201	1	
202	1	
203	-1	
204	1	
205	1	
206	1	
207	-1	
208	1	
209	-1	
210	1	
211	1	
212	1	
213	-1	
214	-1	
215	1	
216	-1	
217	-1	
218	1	
219	-1	
220	-1	
221	-1	
222	1	
223	1	
224	-1	
225	-1	
226	-1	
227	1	
228	1	
229	1	
230	1	
231	1	
232	1	
233	-1	
234	1	
235	1	
236	1	
237	-1	
238	-1	
239	1	
240	-1	
241	-1	
242	-1	
243	-1	
244	-1	
245	1	
246	1	
247	-1	
248	1	
249	-1	
250	1	
251	1	
252	1	
253	-1	
254	-1	
255	-1	
256	1	
257	1	
258	1	
259	1	
260	-1	
261	1	
262	-1	
263	-1	
264	1	
265	-1	
266	1	
267	1	
268	1	
269	1	
270	-1	
271	1	
272	-1	
273	1	
274	-1	
275	-1	
276	-1	
277	-1	
278	1	
279	-1	
280	1	
281	1	
282	1	
283	1	
284	-1	
285	-1	
286	1	
287	1	
288	-1	
289	1	
290	-1	
291	-1	
292	-1	
293	1	
294	-1	
295	1	
296	-1	
297	-1	
298	1	
299	-1	
300	1	
301	-1	
302	1	
303	-1	
304	-1	
305	-1	
306	1	
307	-1	
308	1	
309	1	
310	1	
311	-1	
312	-1	
313	1	
314	1	
315	1	
316	1	
317	-1	
318	1	
319	-1	
320	1	
321	1	
322	1	
323	1	
324	1	
325	-1	
326	1	
327	-1	
328	-1	
329	1	
330	1	
331	1	
332	-1	
333	1	
334	-1	
335	-1	
336	-1	
337	1	
338	1	
339	1	
340	1	
341	1	
342	1	
343	1	
344	1	
345	1	
346	-1	
347	-1	
348	1	
349	1	
350	-1	
351	-1	
352	1	
353	-1	
354	-1	
355	-1	
356	-1	
357	-1	
358	1	
359	-1	
361	1	
362	-1	
363	1	
364	1	
365	-1	
367	-1	
368	1	
369	1	
370	1	
371	1	
372	1	
373	-1	
374	-1	
375	1	
376	-1	
377	1	
378	-1	
379	1	
380	-1	
382	1	
383	-1	
384	1	
385	1	
386	-1	
387	-1	
388	-1	
389	1	
390	-1	
391	1	
392	1	
393	1	
394	-1	
396	1	
397	-1	
398	1	
399	-1	
400	-1	
401	-1	
402	1	
403	1	
404	1	
405	1	
406	-1	
407	-1	
408	-1	
409	-1	
410	-1	
411	1	
412	-1	
413	1	
414	-1	
415	-1	
416	-1	
417	-1	
418	-1	
419	1	
420	1	
421	1	
422	1	
424	-1	
425	-1	
426	1	
427	1	
428	-1	
429	1	
430	1	
431	1	
432	-1	
433	1	
434	1	
435	-1	
436	1	
437	1	
438	-1	
439	-1	
440	-1	
441	1	
442	-1	
443	-1	
444	-1	
445	-1	
446	1	
447	-1	
448	-1	
449	-1	
450	1	
451	-1	
452	1	
453	1	
454	-1	
455	-1	
456	-1	
457	-1	
458	-1	
459	-1	
460	-1	
461	-1	
462	-1	
463	-1	
464	1	
465	1	
466	-1	
467	1	
468	1	
469	1	
470	1	
471	1	
472	1	
473	-1	
474	-1	
475	1	
476	-1	
477	1	
478	1	
479	1	
480	-1	
481	1	
482	1	
483	1	
484	-1	
485	1	
486	-1	
487	1	
488	1	
489	-1	
490	-1	
491	1	
492	1	
493	1	
494	1	
495	1	
496	1	
497	1	
498	1	
499	-1	
500	-1	
501	1	
502	1	
503	1	
504	-1	
505	-1	
506	-1	
507	1	
508	1	
509	1	
510	-1	
511	-1	
Js:	
410	413	2	
411	413	1	
411	475	-2	
475	476	4	
474	476	-1	
410	474	-3	
457	460	-3	
458	460	-2	
458	462	-3	
456	462	-2	
456	463	-3	
457	463	-2	
249	253	-2	
251	253	-1	
251	315	-2	
315	316	-2	
313	316	-3	
249	313	2	
112	117	-3	
114	117	-3	
114	178	1	
178	183	2	
176	183	3	
112	176	-2	
64	68	-2	
67	68	3	
67	131	-1	
131	135	-4	
128	135	1	
64	128	2	
346	348	2	
348	356	3	
355	356	1	
355	359	-3	
351	359	-2	
346	351	-2	
162	166	-3	
163	166	2	
163	227	2	
227	228	1	
226	228	4	
162	226	2	
168	172	3	
172	180	3	
177	180	1	
177	181	-3	
173	181	3	
168	173	2	
280	286	-4	
281	286	-2	
281	345	-2	
345	350	2	
344	350	3	
280	344	1	
10	13	-2	
13	21	-2	
19	21	-1	
19	22	3	
14	22	2	
10	14	2	
393	397	4	
397	405	1	
402	405	-3	
402	406	4	
398	406	-1	
393	398	-2	
80	86	2	
83	86	-3	
83	147	-2	
147	149	3	
144	149	-2	
80	144	-2	
488	492	-4	
492	500	2	
499	500	2	
499	502	4	
494	502	-2	
488	494	-2	
265	271	2	
267	271	1	
267	331	-2	
331	333	-3	
329	333	-1	
265	329	2	
401	404	3	
403	404	-1	
403	467	-2	
467	471	-3	
465	471	-2	
401	465	-3	
424	429	4	
425	429	2	
425	431	2	
426	431	-3	
426	430	-3	
424	430	2	
505	509	4	
506	509	1	
506	510	-2	
507	510	-3	
507	511	3	
505	511	-2	
417	420	2	
418	420	2	
418	482	4	
482	485	1	
481	485	-2	
417	481	3	
192	198	4	
194	198	-2	
194	258	1	
258	261	-2	
256	261	-2	
192	256	1	
98	100	-3	
99	100	1	
99	102	3	
97	102	-2	
97	101	1	
98	101	-2	
384	389	3	
385	389	-2	
385	449	2	
449	452	3	
448	452	2	
384	448	4	
299	300	3	
300	308	1	
305	308	3	
305	310	2	
302	310	-1	
299	302	2	
202	204	-2	
203	204	2	
203	205	3	
200	205	-2	
200	206	-2	
202	206	3	
73	76	2	
75	76	3	
75	139	1	
139	142	2	
137	142	2	
73	137	-1	
24	28	-2	
28	36	-1	
33	36	-3	
33	39	3	
31	39	1	
24	31	2	
320	324	-3	
323	324	-3	
323	326	-2	
322	326	-1	
322	327	-2	
320	327	3	
145	148	2	
148	156	-3	
153	156	2	
153	158	2	
150	158	-4	
145	150	-4	
210	215	-2	
211	215	-2	
211	275	3	
275	277	1	
274	277	-2	
210	274	2	
432	437	1	
437	445	1	
442	445	-4	
442	446	-2	
438	446	2	
432	438	-3	
88	93	-1	
89	93	-2	
89	95	-2	
90	95	1	
90	94	2	
88	94	3	
48	52	3	
52	60	2	
57	60	1	
57	63	-4	
55	63	-2	
48	55	-3	
378	380	-2	
379	380	4	
379	383	-1	
376	383	-3	
376	382	2	
378	382	2	
225	229	2	
229	237	2	
232	237	-3	
232	238	2	
230	238	1	
225	230	2	
1	4	2	
2	4	-3	
2	66	3	
66	69	2	
65	69	2	
1	65	4	
369	372	-2	
371	372	2	
371	375	-2	
370	375	-1	
370	373	4	
369	373	2	
40	44	3	
43	44	-3	
43	45	-2	
41	45	3	
41	47	2	
40	47	4	
120	127	-4	
121	127	2	
121	185	-1	
185	188	-2	
184	188	-2	
120	184	-2	
336	341	2	
337	341	-3	
337	342	-3	
338	342	-2	
338	343	2	
336	343	4	
416	421	1	
419	421	-3	
419	483	-1	
483	486	4	
480	486	-2	
416	480	4	
289	293	-2	
290	293	3	
290	354	-1	
354	357	-3	
353	357	-3	
289	353	-1	
216	220	-2	
218	220	2	
218	221	2	
219	221	-1	
219	223	-1	
216	223	3	
242	244	-3	
243	244	-2	
243	245	3	
240	245	3	
240	246	-3	
242	246	1	
434	436	-2	
436	444	2	
440	444	-1	
440	447	-3	
439	447	1	
434	439	1	
386	391	4	
387	391	2	
387	451	-3	
451	453	-2	
450	453	-4	
386	450	3	
233	236	4	
234	236	-2	
234	298	2	
298	303	1	
297	303	-5	
233	297	-1	
248	255	3	
250	255	-1	
250	314	-2	
314	319	1	
312	319	-4	
248	312	2	
264	270	3	
266	270	3	
266	330	1	
330	334	2	
328	334	-1	
264	328	1	
152	157	3	
157	165	-1	
161	165	-3	
161	167	-3	
159	167	1	
152	159	2	
25	29	3	
29	37	-1	
32	37	4	
32	38	-2	
30	38	-1	
25	30	1	
104	108	2	
107	108	2	
107	111	2	
105	111	1	
105	110	2	
104	110	-2	
17	20	1	
18	20	-3	
18	82	-4	
82	84	3	
81	84	-1	
17	81	3	
50	53	3	
53	61	-2	
56	61	-2	
56	62	-3	
54	62	-2	
50	54	-3	
115	116	-1	
116	124	3	
123	124	3	
123	126	2	
118	126	-4	
115	118	-3	
208	214	2	
209	214	2	
209	273	3	
273	276	2	
272	276	-2	
208	272	2	
490	493	3	
493	501	-1	
498	501	-1	
498	503	-3	
495	503	1	
490	495	3	
193	197	-2	
195	197	-3	
195	259	1	
259	260	3	
257	260	-2	
193	257	1	
72	78	-3	
74	78	-1	
74	138	-1	
138	143	2	
136	143	2	
72	136	1	
408	412	-3	
409	412	2	
409	473	-3	
473	477	3	
472	477	-2	
408	472	2	
361	364	-3	
362	364	4	
362	367	2	
363	367	3	
363	365	2	
361	365	2	
283	284	3	
284	292	1	
288	292	-1	
288	295	1	
287	295	-1	
283	287	-2	
128	132	3	
130	132	3	
130	134	2	
129	134	1	
129	133	3	
128	133	-3	
8	12	2	
11	12	2	
11	15	-4	
9	15	2	
9	13	-3	
8	13	-2	
169	173	-2	
171	173	-2	
171	175	-4	
170	175	-1	
170	174	-4	
169	174	2	
186	189	-2	
187	189	-3	
187	191	2	
185	191	2	
185	190	-3	
186	190	-2	
464	468	-3	
467	468	3	
467	470	-1	
466	470	2	
466	469	3	
464	469	-3	
394	396	1	
396	404	-2	
400	404	-1	
400	407	-4	
399	407	-2	
394	399	-3	
306	309	-2	
307	309	2	
307	311	3	
304	311	-5	
304	310	1	
306	310	-2	
75	77	-3	
77	85	-2	
83	85	1	
83	87	2	
79	87	-2	
75	79	1	
0	4	5	
2	6	-2	
3	6	-4	
3	5	3	
0	5	3	
224	229	2	
235	237	2	
235	239	-4	
231	239	1	
224	231	2	
90	92	3	
91	92	-2	
91	155	1	
155	158	-2	
154	158	2	
90	154	-1	
177	182	-3	
179	182	2	
179	243	2	
243	247	-3	
241	247	-2	
177	241	2	
330	332	3	
332	340	2	
339	340	-3	
339	343	1	
335	343	1	
330	335	2	
425	428	-1	
427	428	2	
427	491	-3	
491	494	-2	
489	494	2	
425	489	2	
96	103	2	
99	103	2	
99	163	-2	
163	164	3	
160	164	-4	
96	160	-2	
49	53	1	
51	53	-3	
51	115	-3	
115	119	-1	
113	119	-4	
49	113	-2	
41	46	3	
42	46	-2	
42	106	-2	
106	109	-3	
105	109	-3	
41	105	-2	
194	196	3	
196	204	2	
201	204	-2	
201	207	-1	
199	207	3	
194	199	-1	
217	222	-3	
218	222	-2	
218	282	-2	
282	285	3	
281	285	1	
217	281	1	
288	294	1	
291	294	-3	
291	355	-1	
355	358	2	
352	358	-2	
288	352	1	
346	349	2	
347	349	4	
347	411	2	
411	415	3	
410	415	-2	
346	410	2	
497	500	2	
500	508	1	
504	508	2	
504	509	2	
501	509	1	
497	501	-3	
453	461	2	
459	461	-1	
459	463	2	
455	463	-3	
450	455	1	
16	21	-3	
21	29	-2	
27	29	1	
27	31	4	
23	31	-1	
16	23	3	
369	374	3	
371	374	2	
371	435	2	
435	437	2	
433	437	-4	
369	433	1	
476	484	-2	
482	484	3	
482	487	1	
479	487	-2	
475	479	-2	
377	380	2	
379	443	1	
443	446	2	
441	446	-3	
377	441	1	
257	263	1	
258	263	2	
258	322	2	
322	325	3	
321	325	4	
257	321	-2	
144	151	2	
146	151	-3	
146	210	-3	
210	213	2	
208	213	-2	
144	208	2	
385	388	4	
388	396	2	
392	396	-3	
392	398	-2	
390	398	3	
385	390	-1	
314	317	-1	
315	317	3	
315	319	3	
312	318	2	
314	318	-3	
296	300	-3	
299	303	-2	
297	301	-2	
296	301	-3	
64	69	2	
66	71	-1	
65	71	3	
65	70	2	
64	70	4	
275	278	2	
278	286	1	
280	287	-2	
279	287	1	
275	279	-2	
248	252	2	
251	252	-3	
251	255	3	
249	255	-2	
249	254	-3	
248	254	2	
264	268	-1	
268	276	-1	
273	277	1	
269	277	2	
264	269	-1	
57	61	-3	
58	61	2	
58	62	-2	
59	62	-2	
59	63	-1	
412	420	4	
419	420	-3	
419	422	-3	
414	422	3	
409	414	-3	
32	36	3	
35	36	1	
35	39	-2	
34	39	4	
34	37	2	
434	438	3	
434	498	2	
496	503	-2	
432	496	2	
131	133	2	
133	141	-1	
136	141	2	
136	142	-4	
134	142	2	
131	134	-2	
211	212	-2	
212	220	3	
219	220	-2	
219	222	3	
214	222	3	
211	214	2	
368	374	2	
374	382	3	
375	383	2	
368	375	2	
384	388	2	
387	388	-1	
451	454	1	
448	454	-2	
112	116	-3	
121	124	3	
121	125	-4	
117	125	3	
256	262	-3	
259	262	2	
259	323	-1	
256	320	-1	
470	478	-2	
474	478	2	
474	479	2	
471	479	2	
466	471	2	
19	20	2	
20	28	-1	
26	28	-2	
26	30	4	
22	30	-2	
97	100	-3	
98	102	1	
96	102	2	
97	103	-2	
225	228	4	
226	230	-1	
224	230	3	
225	231	1	
178	180	-3	
179	180	1	
179	183	-2	
176	182	2	
178	182	-2	
198	206	1	
200	207	2	
192	199	2	
290	292	-3	
291	292	-3	
291	295	-1	
289	295	-3	
289	294	3	
290	294	-1	
76	84	1	
80	84	3	
78	86	1	
73	78	-3	
325	333	2	
331	335	2	
327	335	-2	
321	327	-1	
88	92	2	
89	92	1	
89	153	-1	
153	157	-2	
88	152	-1	
441	445	1	
442	506	-2	
506	508	2	
505	508	-2	
441	505	1	
40	46	3	
43	46	1	
43	107	-2	
107	109	1	
104	109	2	
40	104	2	
345	349	-1	
347	350	2	
344	351	2	
345	351	2	
161	166	3	
166	174	1	
171	174	-2	
167	175	1	
236	244	-2	
241	244	-2	
241	246	3	
238	246	1	
233	238	-2	
352	356	3	
353	356	-2	
353	417	-1	
417	422	-1	
416	422	3	
352	416	1	
427	429	-2	
491	493	-2	
488	493	-2	
424	488	-1	
386	389	2	
389	397	2	
394	397	2	
391	399	3	
270	278	3	
272	278	2	
272	279	-2	
271	279	-2	
266	271	-1	
49	52	-2	
49	54	4	
50	55	1	
308	316	-2	
313	317	1	
309	317	-3	
305	309	3	
400	406	2	
406	414	-1	
408	414	-1	
408	415	-2	
407	415	-1	
10	12	3	
11	14	2	
8	15	2	
452	460	3	
459	460	-3	
459	462	-2	
454	462	-2	
449	454	2	
336	340	-1	
338	340	-2	
338	341	-1	
336	342	2	
481	484	2	
484	492	1	
489	492	-2	
489	495	1	
487	495	-3	
481	487	-1	
186	188	3	
187	190	-3	
184	189	-2	
137	141	3	
141	149	1	
147	151	-1	
143	151	1	
137	143	3	
232	239	-2	
234	239	-2	
298	302	-1	
296	302	3	
232	296	1	
357	365	1	
361	367	3	
359	367	-1	
354	359	-2	
201	205	-2	
203	267	2	
267	269	2	
265	269	2	
201	265	2	
426	428	2	
428	436	2	
433	436	-1	
433	439	-3	
431	439	3	
114	118	-2	
120	126	1	
119	127	2	
114	119	1	
209	213	-2	
213	221	3	
216	221	-3	
215	223	-3	
209	215	2	
306	311	2	
306	370	-2	
368	373	1	
304	368	-1	
443	447	-2	
443	507	1	
504	510	-2	
440	504	-2	
17	23	3	
18	23	-1	
82	87	-2	
81	87	2	
477	485	-2	
483	485	-2	
478	486	-2	
473	478	2	
154	156	4	
328	332	3	
329	332	1	
329	393	-2	
392	397	1	
328	392	1	
1	6	-3	
106	110	-1	
106	170	-1	
170	172	-2	
169	172	2	
105	169	1	
401	405	2	
403	405	-3	
467	469	-1	
465	469	-2	
245	253	2	
250	253	2	
250	254	2	
246	254	2	
68	76	-1	
74	76	2	
74	79	2	
71	79	2	
67	71	3	
129	132	-1	
130	194	-1	
193	196	1	
129	193	-3	
56	60	3	
59	60	2	
59	123	2	
123	125	-2	
120	125	1	
56	120	1	
274	276	-3	
276	284	-1	
283	285	-3	
277	285	-1	
25	31	-2	
27	91	1	
91	93	3	
25	89	-2	
41	44	-2	
42	44	-1	
42	45	-4	
43	47	-2	
456	461	-3	
458	461	4	
457	462	-3	
499	501	2	
496	502	-2	
497	503	-3	
162	164	-1	
162	167	2	
160	165	-2	
34	36	-2	
35	38	3	
33	38	-2	
298	301	-2	
299	301	-1	
299	363	2	
363	364	-2	
298	362	1	
258	260	1	
259	263	2	
256	263	2	
258	262	2	
418	421	-2	
413	421	-3	
408	413	2	
72	77	-1	
81	85	3	
72	79	3	
138	141	1	
139	141	2	
139	203	2	
203	207	-1	
202	207	3	
138	202	2	
400	405	1	
402	466	-1	
466	468	2	
400	464	2	
108	116	-1	
113	116	-1	
111	119	2	
104	111	2	
24	30	2	
26	90	-2	
24	88	3	
235	236	-2	
242	247	-3	
239	247	1	
153	159	1	
155	159	4	
155	219	-2	
217	220	-3	
153	217	2	
313	318	-1	
314	378	1	
378	383	-2	
377	383	2	
313	377	1	
129	135	-2	
131	195	2	
181	189	1	
184	191	2	
183	191	1	
177	183	-1	
344	348	-2	
354	356	-1	
354	358	3	
350	358	-1	
306	308	-2	
307	308	1	
307	371	1	
370	372	-3	
326	334	-1	
329	334	3	
329	335	3	
323	327	2	
425	430	2	
426	490	2	
489	493	3	
58	63	4	
51	55	2	
227	230	-1	
227	291	-1	
291	293	1	
288	293	2	
224	288	-2	
435	436	3	
441	444	3	
435	438	1	
260	268	3	
266	268	-2	
266	269	-2	
261	269	-3	
257	261	-2	
145	151	2	
210	212	-2	
209	212	2	
145	209	1	
93	101	2	
98	103	2	
95	103	-1	
91	95	-2	
384	390	2	
387	390	2	
451	455	-3	
448	455	-2	
472	476	-2	
480	484	-2	
480	485	2	
9	12	-1	
12	20	1	
16	20	-2	
280	284	1	
282	286	-2	
66	68	3	
66	70	-2	
178	181	2	
339	341	-2	
333	341	-1	
330	333	1	
250	252	-3	
248	253	-1	
440	445	-2	
506	511	-3	
504	511	-2	
368	372	1	
372	380	1	
379	382	-1	
121	126	-1	
8	14	3	
9	14	1	
9	73	-1	
8	72	1	
200	204	-2	
201	206	-2	
460	468	1	
461	469	1	
273	278	-1	
273	279	3	
264	271	-3	
217	223	1	
208	215	-1	
96	101	-2	
99	101	-1	
315	318	-1	
310	318	-3	
498	500	-1	
498	502	-1	
170	234	-1	
234	238	2	
169	233	1	
401	407	-2	
392	399	-1	
292	300	2	
293	301	2	
18	22	-1	
19	83	1	
82	86	1	
135	143	1	
130	135	2	
429	437	-2	
424	431	2	
386	388	1	
449	453	2	
152	156	-1	
154	159	1	
155	157	1	
409	413	2	
352	357	-2	
353	359	-1	
35	37	-1	
37	45	-1	
38	46	-1	
186	191	3	
362	365	-3	
365	373	-2	
369	375	-2	
367	375	1	
144	148	2	
146	148	-2	
146	150	1	
147	150	-1	
472	478	-1	
483	487	-3	
472	479	-1	
168	175	3	
171	235	-2	
168	232	2	
226	231	2	
227	231	-3	
227	229	2	
243	307	-2	
240	304	-2	
339	342	-2	
339	403	-1	
403	406	2	
338	402	1	
322	324	-2	
321	326	-2	
320	326	-2	
294	302	2	
297	302	1	
295	303	-2	
100	108	-1	
107	110	3	
102	110	2	
10	15	-1	
11	75	2	
74	77	-2	
10	74	-2	
192	196	2	
195	196	-2	
194	197	2	
3	4	1	
2	5	-2	
0	6	-1	
507	508	-3	
507	509	2	
27	28	-2	
26	29	2	
363	427	-1	
427	430	2	
361	425	1	
80	85	-1	
16	80	2	
112	118	-1	
115	179	1	
265	268	2	
267	268	1	
331	334	3	
211	213	1	
281	287	-3	
282	287	1	
282	346	1	
313	319	2	
59	61	-3	
57	121	-1	
417	421	1	
274	338	2	
272	336	-1	
465	470	-2	
475	478	-1	
432	436	2	
435	499	1	
66	130	1	
394	398	2	
109	117	1	
113	117	1	
106	111	-2	
491	495	-3	
44	52	-1	
51	52	-1	
47	55	-1	
376	380	-3	
377	382	2	
162	165	3	
84	92	1	
87	95	2	
34	38	-1	
33	37	1	
240	244	-2	
257	262	2	
442	444	-2	
443	444	-2	
441	447	-3	
442	447	-1	
139	143	3	
138	142	2	
434	437	-2	
433	497	-1	
418	422	2	
482	486	1	
3	67	-2	
67	69	1	
337	340	-1	
340	348	1	
345	348	-1	
342	350	1	
410	414	-1	
474	477	-2	
25	28	-2	
89	94	2	
48	53	1	
50	114	-2	
114	116	-1	
48	112	1	
393	396	2	
314	316	2	
195	199	2	
193	199	2	
328	335	-2	
221	229	1	
223	231	-1	
218	223	-1	
505	510	-3	
58	60	-2	
57	62	1	
123	127	2	
123	187	1	
184	190	2	
304	308	-1	
224	228	1	
225	289	-1	
272	277	-1	
267	270	2	
402	404	1	
233	237	-2	
83	84	-1	
147	148	1	
355	357	1	
353	358	2	
34	98	-1	
33	97	-1	
19	23	1	
18	21	-1	
176	180	2	
179	181	2	
176	181	-1	
105	108	1	
106	108	-1	
464	471	-1	
490	492	1	
490	494	-1	
435	439	-1	
432	439	-1	
368	432	1	
145	149	-1	
149	157	-2	
42	47	1	
72	76	-1	
280	285	2	
298	300	-1	
450	454	1	
200	264	1	
364	372	1	
192	197	-1	
197	205	-2	
202	205	-1	
92	100	1	
96	100	1	
90	93	1	
341	349	-1	
344	349	-2	
343	351	-1	
216	222	1	
152	216	1	
416	420	1	
247	255	1	
312	317	-2	
307	310	1	
443	445	-2	
160	167	1	
160	166	1	
290	295	2	
17	21	-1	
17	22	2	
69	77	-1	
73	77	-1	
70	78	2	
51	54	-1	
113	118	-2	
394	458	-1	
392	456	2	
496	500	2	
499	503	-1	
496	501	-2	
424	428	-1	
430	438	-1	
187	188	-1	
185	189	-2	
297	361	-1	
256	260	-1	
203	206	2	
137	201	1	
154	218	1	
1	5	-1	
65	68	-1	
347	348	1	
352	359	1	
347	351	1	
130	133	1	
128	134	1	
35	99	1	
32	96	1	
464	470	-1	
178	242	-2	
242	245	1	
241	245	1	
486	494	-1	
324	332	1	
328	333	2	
323	325	1	
274	278	-1	
86	94	2	
473	479	-1	
120	124	1	
386	390	2	
393	399	1	
315	379	-1	
312	376	1	
4	12	1	
5	13	1	
249	252	1	
251	254	1	
50	52	-1	
49	55	1	
193	198	1	
262	270	-1	
263	271	1	
56	63	-1	
281	284	1	
282	284	-1	
337	343	1	
24	29	-1	
226	229	-1	
136	200	1	
85	93	-1	
91	94	-1	
81	86	-1	
64	71	1	
208	212	1	
393	457	1	
15	23	-1	
98	162	1	
97	161	1	
378	442	-1	
440	446	1	
376	440	-1	
450	452	1	
451	452	1	
449	455	-1	
103	111	-1	
497	502	-1	
154	157	1	
146	149	1	
131	132	1	
170	173	-1	
174	182	-1	
234	237	-1	
321	324	-1	
115	117	-1	
473	476	-1	
475	477	-1	
403	407	1	
346	350	-1	
371	373	-1	
275	276	-1	
275	339	-1	
323	387	1	
387	389	1	
320	384	-1	
175	183	-1	
465	468	-1	
219	283	1	
283	286	1	
485	493	1	
151	159	1	
163	165	1	
244	252	-1	
259	261	1	
411	412	-1	
411	414	1	
457	461	-1	
385	391	-1	
312	316	-1	
488	495	-1	
330	394	1	
210	214	1	
0	64	-1	
202	266	-1	
Energy:	-1728	
