NumberOfQubits	504	
NumberOfSubgraphs	672	
Serial	239	
PlantedSolution:	
0	1	
1	-1	
2	-1	
3	-1	
4	1	
5	1	
6	1	
8	-1	
9	1	
10	-1	
11	1	
12	1	
13	-1	
14	1	
15	1	
16	-1	
17	1	
18	1	
19	1	
20	-1	
21	1	
22	1	
23	-1	
24	-1	
25	-1	
26	1	
27	-1	
28	-1	
29	1	
30	1	
31	1	
32	-1	
33	-1	
34	-1	
35	-1	
36	1	
37	1	
38	1	
39	1	
40	-1	
41	-1	
42	1	
43	-1	
44	1	
45	-1	
46	1	
47	1	
48	-1	
49	1	
50	1	
51	-1	
52	-1	
53	-1	
54	-1	
55	1	
56	-1	
57	1	
58	-1	
59	-1	
60	-1	
61	1	
62	-1	
63	-1	
64	1	
65	-1	
66	1	
67	-1	
68	-1	
69	1	
70	-1	
71	1	
72	-1	
73	-1	
74	-1	
75	1	
76	-1	
77	1	
78	-1	
79	1	
80	1	
81	-1	
82	-1	
83	-1	
84	1	
85	-1	
86	-1	
87	-1	
88	-1	
89	1	
90	1	
91	1	
92	-1	
93	-1	
94	1	
95	-1	
96	1	
97	-1	
98	1	
99	-1	
100	1	
101	-1	
102	-1	
103	-1	
104	-1	
105	1	
106	-1	
107	-1	
108	-1	
109	-1	
110	-1	
111	-1	
112	1	
113	1	
114	-1	
115	-1	
116	-1	
117	-1	
118	1	
119	-1	
120	1	
121	1	
123	-1	
124	1	
125	1	
126	-1	
127	-1	
128	1	
129	-1	
130	-1	
131	-1	
132	-1	
133	-1	
134	-1	
135	1	
136	1	
137	1	
138	1	
139	-1	
141	-1	
142	1	
143	-1	
144	-1	
145	-1	
146	1	
147	1	
148	1	
149	1	
150	-1	
151	-1	
152	-1	
153	1	
154	-1	
155	1	
156	1	
157	-1	
158	1	
159	1	
160	-1	
161	-1	
162	-1	
163	-1	
164	-1	
165	1	
166	1	
167	1	
168	-1	
169	1	
170	1	
171	1	
172	-1	
173	1	
174	-1	
175	1	
176	-1	
177	1	
178	-1	
179	-1	
180	-1	
181	-1	
182	-1	
183	1	
184	-1	
185	-1	
186	-1	
187	-1	
188	1	
189	-1	
190	-1	
191	1	
192	-1	
193	1	
194	1	
195	1	
196	1	
197	1	
198	1	
199	1	
200	1	
201	1	
202	1	
203	-1	
204	1	
205	1	
206	-1	
207	1	
208	-1	
209	-1	
210	1	
211	1	
212	1	
213	-1	
214	-1	
215	1	
216	-1	
217	1	
218	-1	
219	1	
220	-1	
221	-1	
222	1	
223	1	
224	-1	
225	-1	
226	1	
227	-1	
228	-1	
229	-1	
230	1	
231	1	
232	-1	
233	1	
234	-1	
235	-1	
236	-1	
237	1	
238	-1	
239	-1	
240	1	
241	-1	
242	-1	
243	1	
244	1	
245	-1	
246	1	
247	-1	
248	-1	
249	-1	
250	1	
251	1	
252	1	
253	-1	
254	1	
255	1	
256	-1	
257	-1	
258	1	
259	-1	
260	1	
261	1	
262	1	
263	1	
264	-1	
265	-1	
266	-1	
267	1	
268	-1	
269	-1	
270	1	
271	1	
272	1	
273	1	
274	-1	
275	-1	
276	1	
277	1	
278	1	
279	1	
280	1	
281	1	
282	-1	
283	1	
284	1	
285	1	
286	1	
287	1	
288	-1	
289	1	
290	1	
291	1	
292	1	
293	-1	
294	-1	
295	1	
296	-1	
297	1	
298	1	
299	-1	
300	1	
301	1	
302	-1	
303	-1	
304	1	
305	-1	
306	-1	
307	1	
308	-1	
309	-1	
310	1	
311	1	
312	1	
313	1	
314	1	
315	-1	
316	1	
317	1	
318	-1	
319	1	
320	-1	
321	1	
322	-1	
323	1	
324	-1	
325	1	
326	1	
327	1	
328	1	
329	1	
330	1	
331	-1	
332	-1	
333	1	
334	1	
335	1	
336	1	
337	-1	
338	-1	
339	-1	
340	-1	
341	1	
342	-1	
343	1	
344	1	
345	1	
346	-1	
347	-1	
348	-1	
349	-1	
350	-1	
351	-1	
352	1	
353	1	
354	-1	
355	-1	
356	-1	
357	1	
358	-1	
359	-1	
361	1	
362	1	
363	1	
364	-1	
365	1	
367	1	
368	-1	
369	1	
370	-1	
371	-1	
372	1	
373	1	
374	-1	
375	-1	
376	-1	
377	-1	
378	-1	
379	1	
380	-1	
382	1	
383	1	
384	1	
385	1	
386	-1	
387	1	
388	-1	
389	-1	
390	-1	
391	-1	
392	1	
393	1	
394	1	
396	-1	
397	-1	
398	1	
399	1	
400	-1	
401	1	
402	1	
403	-1	
404	-1	
405	-1	
406	-1	
407	-1	
408	1	
409	1	
410	-1	
411	-1	
412	-1	
413	-1	
414	1	
415	-1	
416	1	
417	-1	
418	-1	
419	-1	
420	1	
421	-1	
422	1	
424	-1	
425	1	
426	1	
427	1	
428	1	
429	-1	
430	1	
431	-1	
432	1	
433	1	
434	1	
435	-1	
436	-1	
437	1	
438	-1	
439	1	
440	-1	
441	1	
442	-1	
443	1	
444	-1	
445	-1	
446	1	
447	1	
448	-1	
449	1	
450	1	
451	-1	
452	1	
453	-1	
454	-1	
455	-1	
456	-1	
457	-1	
458	-1	
459	1	
460	1	
461	-1	
462	1	
463	-1	
464	1	
465	-1	
466	-1	
467	-1	
468	-1	
469	1	
470	-1	
471	-1	
472	-1	
473	1	
474	1	
475	-1	
476	1	
477	1	
478	-1	
479	-1	
480	1	
481	1	
482	1	
483	1	
484	-1	
485	1	
486	-1	
487	-1	
488	-1	
489	1	
490	-1	
491	1	
492	-1	
493	-1	
494	1	
495	1	
496	-1	
497	1	
498	-1	
499	-1	
500	1	
501	1	
502	1	
503	1	
504	-1	
505	-1	
506	1	
507	-1	
508	1	
509	1	
510	-1	
511	1	
Js:	
26	28	5	
27	28	-4	
27	31	5	
25	31	5	
25	30	4	
26	30	-2	
264	268	4	
266	268	-2	
266	270	6	
265	270	2	
265	271	5	
264	271	3	
82	84	2	
84	92	-1	
91	92	5	
91	94	-4	
86	94	2	
82	86	-3	
2	5	5	
5	13	2	
10	13	7	
10	14	3	
6	14	-3	
2	6	5	
200	205	-5	
201	205	-4	
201	207	-3	
203	207	3	
203	206	2	
200	206	2	
272	276	-3	
273	276	-3	
273	277	-3	
275	277	-3	
275	278	3	
272	278	-4	
440	446	3	
443	446	-3	
443	507	4	
507	510	-5	
504	510	-5	
440	504	-3	
96	100	-5	
97	100	3	
97	101	-3	
98	101	3	
98	102	3	
96	102	3	
480	485	4	
481	485	-4	
481	486	5	
482	486	2	
482	487	4	
480	487	4	
112	116	-1	
113	116	4	
113	118	-2	
114	118	4	
114	117	-3	
112	117	5	
250	252	-6	
251	252	-2	
251	315	2	
315	319	5	
314	319	-4	
250	314	1	
65	69	4	
69	77	-3	
75	77	-3	
75	78	3	
70	78	2	
65	70	-4	
144	148	3	
148	156	1	
153	156	-4	
153	157	3	
149	157	3	
144	149	4	
362	365	-6	
363	365	-5	
363	427	-1	
427	430	-4	
426	430	3	
362	426	-1	
233	236	4	
235	236	-4	
235	299	2	
299	301	3	
297	301	-3	
233	297	-3	
177	183	-3	
178	183	3	
178	242	-3	
242	247	-2	
241	247	-4	
177	241	4	
329	333	-4	
330	333	4	
330	335	-4	
331	335	2	
331	334	5	
329	334	-2	
256	261	5	
257	261	3	
257	321	1	
321	325	-5	
320	325	2	
256	320	1	
384	388	4	
387	388	4	
387	389	3	
386	389	-4	
386	391	1	
384	391	4	
448	452	4	
452	460	-2	
459	460	-1	
459	462	6	
454	462	2	
448	454	-3	
376	380	-6	
379	380	3	
379	382	-4	
378	382	-4	
378	383	3	
376	383	3	
56	63	-4	
57	63	-2	
57	121	-2	
121	125	-5	
120	125	-4	
56	120	3	
409	415	3	
410	415	-5	
410	474	5	
474	476	-4	
473	476	-4	
409	473	1	
162	166	3	
166	174	3	
171	174	3	
171	175	-4	
167	175	1	
162	167	3	
160	165	4	
161	165	5	
161	225	-2	
225	230	4	
224	230	3	
160	224	3	
280	285	-2	
281	285	-5	
281	345	-3	
345	350	3	
344	350	3	
280	344	-3	
488	492	-5	
492	500	1	
499	500	3	
499	503	3	
495	503	1	
488	495	3	
337	340	-5	
338	340	-4	
338	402	-2	
402	405	5	
401	405	2	
337	401	2	
288	293	-4	
291	293	2	
291	355	-3	
355	357	3	
352	357	-4	
288	352	2	
298	300	-4	
300	308	1	
304	308	4	
304	311	-5	
303	311	-1	
298	303	3	
465	469	2	
467	469	6	
467	471	-2	
464	471	4	
464	470	-2	
465	470	-4	
194	197	-5	
195	197	-4	
195	259	3	
259	263	2	
258	263	-3	
194	258	3	
208	212	3	
211	212	-2	
211	215	-4	
209	215	3	
209	214	-3	
208	214	-6	
41	45	-5	
42	45	-4	
42	106	3	
106	109	-4	
105	109	2	
41	105	3	
9	12	-4	
12	20	2	
17	20	-4	
17	23	3	
15	23	4	
9	15	-3	
128	132	4	
130	132	-5	
130	135	2	
131	135	3	
131	134	-5	
128	134	2	
289	294	3	
290	294	4	
290	354	2	
354	356	-3	
353	356	-4	
289	353	-3	
369	372	-4	
371	372	-4	
371	374	-4	
368	374	-6	
368	375	-5	
369	375	5	
184	189	-5	
187	189	-2	
187	190	-5	
186	190	-4	
186	191	3	
184	191	3	
152	158	-3	
154	158	3	
154	218	-4	
218	223	3	
216	223	3	
152	216	-4	
403	404	-4	
404	412	-1	
408	412	-3	
408	414	-4	
406	414	3	
403	406	-3	
48	53	-5	
49	53	2	
49	55	-3	
50	55	-6	
50	54	-2	
48	54	-4	
432	436	4	
434	436	-3	
434	439	-3	
435	439	5	
435	437	5	
432	437	-2	
34	36	1	
36	44	-2	
43	44	4	
43	47	4	
39	47	2	
34	39	4	
336	341	-3	
341	349	3	
346	349	-3	
346	351	-5	
343	351	3	
336	343	-3	
392	397	4	
393	397	3	
393	399	-5	
394	399	-6	
394	398	3	
392	398	-5	
176	182	3	
179	182	-3	
179	243	2	
243	245	3	
240	245	3	
176	240	3	
489	493	4	
493	501	1	
496	501	3	
496	502	3	
494	502	1	
489	494	-3	
417	420	6	
419	420	2	
419	422	6	
418	422	5	
418	421	-3	
417	421	-4	
137	141	4	
138	141	3	
138	143	6	
139	143	-3	
139	142	3	
137	142	-5	
449	453	3	
453	461	2	
458	461	-4	
458	463	-4	
455	463	-2	
449	455	5	
168	172	-2	
170	172	5	
170	234	3	
234	239	4	
232	239	-3	
168	232	-2	
16	21	5	
19	21	-3	
19	83	5	
83	85	-4	
80	85	3	
16	80	3	
219	220	3	
220	228	-3	
226	228	4	
226	229	2	
221	229	-3	
219	221	-2	
0	4	-4	
3	4	7	
3	67	4	
67	71	3	
64	71	-2	
0	64	-3	
305	309	-4	
309	317	3	
312	317	-2	
312	318	4	
310	318	2	
305	310	4	
441	445	5	
442	445	-3	
442	506	-3	
506	509	-5	
505	509	4	
441	505	4	
66	68	-3	
68	76	-3	
73	76	-3	
73	79	3	
71	79	-4	
66	71	-6	
115	118	3	
118	126	4	
123	126	-4	
123	127	-4	
119	127	-4	
115	119	1	
280	284	-3	
283	284	-5	
283	287	-3	
282	287	-4	
282	286	2	
280	286	-4	
320	324	-4	
323	324	4	
323	327	-2	
322	327	4	
322	326	5	
320	326	-3	
249	253	-3	
250	253	3	
250	255	-2	
248	255	6	
248	254	2	
249	254	5	
32	37	-4	
33	37	3	
33	39	5	
35	39	3	
35	38	4	
32	38	4	
145	148	6	
147	148	5	
147	150	2	
146	150	7	
146	151	4	
145	151	-6	
57	60	3	
59	60	-2	
59	61	5	
58	61	3	
58	62	-4	
57	62	4	
472	477	5	
474	477	-3	
474	479	2	
475	479	4	
475	478	-5	
472	478	-3	
88	93	-5	
90	93	-4	
90	94	-3	
89	94	-3	
89	95	3	
88	95	-5	
424	428	3	
427	428	-4	
427	429	3	
425	429	3	
425	431	5	
424	431	5	
128	133	4	
129	133	-3	
129	193	2	
193	196	-4	
192	196	-5	
128	192	2	
104	108	-4	
107	108	1	
107	111	-6	
106	111	-2	
106	110	-4	
104	110	-4	
98	103	3	
99	103	-4	
99	163	-2	
163	164	-5	
162	164	-2	
98	162	-2	
433	438	5	
434	438	4	
434	498	4	
498	503	4	
497	503	-3	
433	497	-5	
336	342	3	
339	342	-5	
339	403	2	
403	407	-3	
400	407	-4	
336	400	2	
344	348	3	
347	348	-4	
347	411	-2	
411	413	-5	
408	413	3	
344	408	-2	
169	172	3	
172	180	-2	
176	180	-4	
176	181	-3	
173	181	3	
169	173	4	
210	213	4	
211	213	-3	
211	275	2	
275	279	3	
274	279	5	
210	274	2	
306	311	3	
307	311	-3	
307	371	3	
371	373	4	
370	373	6	
306	370	-3	
153	159	-3	
155	159	-3	
155	219	-3	
219	222	-5	
217	222	-4	
153	217	-3	
264	269	4	
267	269	2	
267	331	4	
331	332	-2	
328	332	6	
264	328	3	
352	356	4	
356	364	-3	
361	364	6	
361	367	-6	
359	367	5	
352	359	3	
18	21	-3	
21	29	-2	
24	29	5	
24	30	4	
22	30	-3	
18	22	-3	
40	44	4	
44	52	1	
51	52	-4	
51	54	-3	
46	54	-1	
40	46	4	
386	390	-4	
387	390	2	
387	451	3	
451	454	-3	
450	454	5	
386	450	-2	
8	12	5	
11	12	-3	
11	75	-4	
75	79	-4	
72	79	2	
8	72	3	
483	484	3	
484	492	-4	
491	492	1	
491	493	6	
485	493	3	
483	485	3	
294	302	-4	
296	302	3	
296	303	-1	
295	303	4	
290	295	-3	
236	244	3	
243	244	-3	
243	246	-2	
238	246	-1	
233	238	5	
457	460	5	
460	468	2	
466	468	-3	
466	470	-3	
462	470	-1	
457	462	3	
224	231	3	
227	231	4	
227	291	2	
291	292	-4	
288	292	-1	
224	288	-3	
195	198	-3	
198	206	3	
202	206	5	
202	207	5	
199	207	-3	
195	199	-5	
313	316	-4	
314	316	-4	
314	378	4	
377	382	4	
313	377	4	
121	124	-4	
123	124	4	
123	187	1	
187	188	2	
185	188	5	
121	185	1	
256	260	2	
260	268	3	
262	270	-3	
256	262	3	
81	85	-2	
82	85	-3	
82	87	-3	
80	87	5	
80	86	-3	
81	86	-4	
442	447	4	
443	447	-4	
507	511	3	
506	511	-6	
72	78	-3	
74	78	-4	
74	138	3	
136	143	3	
72	136	3	
440	444	-3	
441	444	6	
505	508	5	
504	508	3	
392	396	5	
394	396	3	
394	458	2	
456	463	-4	
392	456	-2	
352	358	-1	
355	358	-4	
355	419	-2	
416	422	-3	
352	416	-2	
1	4	4	
67	68	-3	
65	68	-4	
1	65	-3	
424	429	-3	
426	429	-3	
426	490	5	
490	494	3	
488	494	3	
424	488	-4	
235	237	3	
237	245	2	
240	247	-2	
239	247	-2	
235	239	-3	
201	204	-4	
204	212	1	
210	212	-5	
205	213	2	
385	388	2	
388	396	3	
393	396	2	
393	398	-4	
390	398	4	
385	390	3	
409	412	4	
412	420	4	
413	421	-3	
409	413	4	
465	468	4	
468	476	2	
473	479	5	
471	479	-2	
465	471	-4	
90	92	4	
91	95	3	
28	36	-2	
35	36	3	
35	37	3	
29	37	-2	
27	29	4	
298	302	4	
299	302	-3	
299	363	3	
298	362	1	
104	109	-4	
107	109	-3	
107	171	2	
168	175	3	
104	168	3	
105	108	5	
108	116	-2	
113	119	4	
111	119	1	
105	111	3	
339	341	4	
339	343	-2	
97	102	-4	
97	161	-3	
96	160	3	
321	324	4	
322	324	-2	
323	326	-3	
323	325	-5	
251	254	-5	
315	317	4	
313	317	-2	
249	313	-1	
400	404	-2	
402	404	3	
402	466	-3	
466	469	4	
464	469	-3	
400	464	4	
433	437	-3	
435	499	-3	
499	501	3	
497	501	-3	
179	181	-3	
181	189	-3	
185	189	-5	
185	190	-2	
182	190	2	
193	198	-3	
194	198	-3	
258	260	-4	
257	260	3	
193	257	2	
11	14	2	
14	22	-2	
19	22	-3	
19	23	2	
11	15	-3	
146	149	-3	
155	157	3	
155	158	-4	
150	158	2	
222	230	-2	
226	230	2	
226	231	-4	
223	231	-2	
217	223	-4	
372	380	-1	
377	380	-2	
377	383	5	
375	383	3	
49	52	4	
52	60	-3	
58	60	-5	
58	63	-2	
55	63	-4	
305	308	-4	
307	309	4	
307	310	-2	
304	310	4	
282	284	-3	
283	286	-2	
281	286	-3	
282	285	4	
177	180	-2	
178	180	-3	
242	246	3	
241	246	2	
265	269	-3	
269	277	2	
272	277	-4	
272	279	-2	
271	279	-2	
481	484	3	
482	484	3	
483	487	-3	
483	486	3	
449	452	4	
450	455	3	
450	453	4	
448	453	-4	
131	133	-2	
133	141	-3	
134	142	-2	
51	53	-3	
51	115	-4	
115	117	-3	
48	112	4	
43	45	-4	
43	46	3	
40	47	5	
41	47	-3	
144	151	-3	
145	209	-3	
144	208	-4	
218	220	2	
227	228	-2	
227	229	-2	
218	221	-3	
340	348	-2	
345	348	5	
342	350	-2	
337	342	2	
330	332	4	
329	335	-4	
328	333	-3	
0	5	-5	
2	66	2	
66	69	3	
64	69	-2	
289	292	-4	
292	300	-3	
297	300	-4	
293	301	-3	
289	293	4	
154	156	2	
156	164	5	
163	167	5	
159	167	6	
154	159	3	
9	13	3	
10	74	-3	
74	76	-3	
9	73	2	
425	428	-3	
428	436	3	
432	439	-3	
431	439	3	
401	406	3	
411	414	-1	
411	415	-4	
407	415	-2	
401	407	4	
56	62	-4	
59	62	-2	
59	123	1	
120	127	4	
385	389	4	
389	397	-4	
391	399	-3	
385	391	5	
168	173	4	
170	173	-3	
234	237	3	
232	237	2	
184	188	-3	
186	188	5	
186	250	3	
248	252	4	
184	248	-2	
354	359	-5	
19	20	3	
83	84	5	
81	84	2	
17	81	2	
498	500	-3	
500	508	-3	
507	508	3	
502	510	2	
498	502	4	
136	142	3	
139	203	-5	
203	204	2	
200	204	-4	
136	200	-3	
489	492	4	
490	492	-3	
490	495	4	
491	495	3	
312	316	-4	
315	316	-1	
313	319	-2	
313	318	5	
469	477	1	
475	477	4	
470	478	-3	
467	470	-5	
128	135	-3	
129	135	5	
274	276	-1	
274	278	2	
34	38	-5	
35	99	-3	
99	100	1	
98	100	-4	
34	98	3	
368	372	3	
370	374	-3	
259	261	3	
259	262	5	
257	262	3	
257	263	-4	
256	263	5	
26	29	-2	
26	31	-3	
456	460	4	
457	461	-5	
459	461	3	
456	462	4	
347	349	-2	
349	357	2	
353	357	-2	
353	358	5	
350	358	2	
347	350	-2	
443	445	-3	
440	447	5	
441	447	-1	
18	82	4	
114	116	-3	
116	124	3	
120	124	3	
120	126	4	
0	6	4	
1	6	4	
64	70	5	
131	132	5	
131	195	1	
130	194	1	
89	93	-2	
93	101	-2	
97	103	-2	
95	103	-1	
416	420	-3	
418	420	-2	
418	482	5	
416	480	-4	
169	174	6	
174	182	-2	
178	182	-4	
175	183	-3	
169	175	-3	
501	509	-3	
504	509	3	
504	511	4	
503	511	2	
496	503	3	
326	334	-3	
328	334	-2	
328	335	-2	
327	335	-3	
320	327	4	
187	191	4	
187	251	2	
251	255	3	
286	294	-1	
287	295	-3	
280	287	-3	
241	244	4	
242	244	-3	
242	306	-2	
306	310	3	
241	305	-1	
73	77	4	
72	77	2	
203	267	1	
267	271	-2	
266	271	2	
202	266	1	
152	157	3	
154	157	-3	
216	221	-3	
410	412	-2	
472	476	3	
408	472	2	
384	390	3	
451	455	-3	
448	455	3	
384	448	2	
430	438	2	
33	38	3	
38	46	-1	
42	46	-5	
42	47	-2	
232	238	-3	
296	300	3	
232	296	-4	
147	211	-3	
378	380	-4	
379	383	-4	
376	382	-2	
161	166	3	
162	226	2	
225	228	3	
50	53	3	
53	61	3	
59	63	-4	
338	343	3	
400	405	-3	
107	110	-3	
245	253	-4	
246	254	-3	
240	246	-5	
32	36	4	
41	44	3	
37	45	1	
117	125	3	
121	127	4	
114	119	-2	
394	397	2	
339	340	-1	
401	404	3	
429	437	2	
137	143	-2	
135	143	1	
18	23	3	
219	283	-2	
281	284	-2	
217	281	1	
88	94	2	
91	155	-1	
88	152	-1	
224	229	-2	
225	229	-4	
227	230	3	
345	409	1	
3	5	3	
362	364	4	
362	367	4	
363	367	-3	
361	365	-2	
425	430	-3	
489	495	-3	
425	489	-4	
416	421	4	
417	481	3	
480	486	-3	
171	172	4	
171	235	1	
96	101	-2	
99	101	-3	
160	164	-3	
331	333	3	
333	341	2	
338	341	2	
338	342	-2	
334	342	2	
505	510	-4	
499	502	-4	
56	60	-3	
57	61	-5	
56	61	-2	
267	268	3	
268	276	2	
273	278	-3	
270	278	-2	
267	270	2	
259	260	2	
259	323	1	
322	325	-2	
258	322	1	
308	316	-3	
312	319	-3	
311	319	-2	
180	188	-1	
202	205	-2	
208	213	1	
206	214	-2	
78	86	-3	
81	87	-4	
79	87	-1	
147	149	-4	
147	151	2	
144	150	1	
76	84	3	
77	85	-1	
74	77	3	
436	444	-3	
442	444	-2	
442	446	-3	
438	446	4	
432	438	3	
369	373	-4	
450	452	-4	
451	453	-5	
296	301	3	
298	301	-3	
299	303	-4	
473	478	3	
285	293	3	
288	295	4	
196	204	-4	
192	199	3	
25	28	3	
26	90	-2	
89	92	4	
25	89	3	
212	220	3	
216	220	-2	
215	223	-3	
210	215	-4	
467	468	-2	
466	471	-3	
355	359	-2	
354	418	1	
456	461	-2	
457	463	-1	
459	463	4	
48	52	2	
243	307	-1	
306	309	-2	
265	329	3	
329	332	3	
177	182	2	
183	191	-2	
165	173	-2	
160	166	2	
344	351	-3	
346	410	-1	
410	414	2	
100	108	-2	
106	108	-2	
102	110	-3	
49	54	4	
50	114	1	
49	113	-3	
16	20	-3	
20	28	-1	
23	31	-2	
16	23	-2	
491	494	-3	
486	494	3	
4	12	1	
8	14	4	
498	501	1	
324	332	2	
321	327	-3	
314	317	-3	
314	318	-2	
249	255	2	
247	255	3	
243	247	-3	
64	68	-3	
67	69	4	
67	70	-2	
34	37	3	
403	405	-3	
402	407	1	
402	406	2	
400	406	3	
377	441	-1	
376	440	-2	
130	133	-4	
138	142	-4	
130	134	-3	
258	261	-3	
192	197	2	
193	199	4	
192	198	4	
42	44	-2	
232	236	-2	
234	236	-3	
234	238	2	
233	237	-3	
275	276	3	
274	277	3	
497	500	3	
496	500	3	
432	496	4	
123	125	4	
121	126	-2	
11	13	4	
458	460	-2	
464	468	3	
463	471	-1	
379	443	-2	
378	442	-1	
487	495	-2	
481	487	3	
17	21	3	
17	22	-4	
411	475	-2	
474	478	-2	
101	109	-3	
103	111	-4	
96	103	2	
386	388	-3	
387	391	3	
354	358	-2	
354	357	3	
250	254	-1	
129	132	-2	
186	189	1	
179	183	4	
152	156	2	
155	156	-2	
219	223	-1	
217	221	-3	
369	374	1	
209	212	2	
209	213	-4	
266	269	3	
18	20	-3	
409	414	-3	
50	52	2	
51	55	-2	
419	483	4	
482	485	-2	
346	350	-4	
171	173	2	
146	148	1	
110	118	-1	
393	457	2	
283	285	-1	
283	347	-3	
347	351	-3	
345	351	2	
290	292	-3	
226	290	-2	
449	454	3	
3	6	2	
72	76	-3	
80	84	-1	
297	303	3	
363	364	2	
297	361	2	
33	36	4	
99	102	3	
33	97	-1	
273	279	-3	
274	338	3	
273	337	3	
194	196	-3	
197	205	2	
433	439	-2	
497	502	-2	
325	333	-2	
330	334	-2	
229	237	3	
230	238	2	
312	376	-3	
185	191	2	
184	190	-3	
10	15	2	
8	15	4	
9	14	-2	
475	476	-1	
472	479	-3	
216	222	3	
218	222	2	
218	282	-2	
216	280	1	
411	412	-2	
41	46	2	
105	110	-1	
162	165	4	
163	166	3	
427	491	-3	
434	437	-1	
437	445	3	
357	365	-2	
353	359	1	
264	270	1	
396	404	3	
397	405	-3	
27	91	-1	
307	308	3	
276	284	-2	
278	286	2	
112	118	-2	
138	202	-2	
201	206	2	
137	201	-2	
211	214	2	
224	228	2	
336	340	3	
480	484	3	
32	96	1	
443	444	2	
66	70	1	
66	130	1	
64	128	1	
179	180	-2	
170	175	2	
371	375	-1	
370	375	-2	
368	373	1	
24	88	2	
153	158	2	
458	462	2	
249	252	4	
251	253	-2	
75	139	-1	
139	141	-4	
136	141	2	
113	117	-2	
315	318	3	
315	379	3	
177	181	4	
398	406	2	
385	449	1	
439	447	-2	
321	326	2	
85	93	-3	
277	285	-1	
279	287	-1	
355	356	-2	
410	413	1	
408	415	2	
240	244	-3	
160	167	1	
152	159	1	
54	62	-2	
346	348	2	
344	349	2	
345	349	2	
225	289	-1	
288	294	-2	
208	215	-1	
261	269	2	
263	271	-2	
24	31	2	
129	134	-4	
299	300	1	
291	295	3	
399	407	2	
73	78	-1	
73	137	3	
265	268	-2	
106	170	3	
105	169	-2	
115	116	-3	
115	179	2	
114	178	-3	
81	145	-2	
80	144	-1	
2	4	2	
1	5	3	
451	452	2	
426	431	2	
427	431	-1	
490	493	-1	
473	477	-3	
435	436	3	
242	245	-3	
248	253	2	
193	197	1	
421	429	-2	
424	430	3	
422	430	1	
401	465	2	
112	119	-2	
113	177	-1	
112	176	2	
275	339	-2	
337	341	2	
92	100	1	
94	102	-2	
65	71	1	
30	38	-1	
27	30	2	
323	387	-1	
320	384	-2	
506	508	-2	
234	298	1	
185	249	1	
403	467	-3	
163	227	-1	
305	311	2	
207	215	-1	
168	174	-2	
301	309	1	
304	309	2	
302	310	1	
10	12	-1	
228	236	-2	
233	239	3	
231	239	1	
225	231	2	
158	166	-2	
16	22	1	
213	221	-2	
88	92	-1	
142	150	-1	
143	151	-1	
384	389	-1	
272	336	-2	
440	445	-2	
290	293	-2	
364	372	1	
365	373	1	
90	95	2	
87	95	-2	
40	104	3	
258	262	-2	
235	238	-3	
337	343	2	
335	343	-1	
32	39	3	
83	86	1	
417	422	2	
414	422	1	
374	382	2	
203	205	-1	
161	164	1	
505	511	-1	
306	308	1	
291	294	2	
289	295	-1	
209	273	1	
488	493	-1	
24	28	1	
420	428	-1	
426	428	-2	
266	330	2	
176	183	1	
281	287	-2	
201	265	1	
200	264	1	
43	107	-1	
217	220	-1	
370	372	-1	
305	369	1	
282	346	-1	
31	39	-1	
145	150	-1	
202	204	-1	
284	292	-1	
304	368	1	
321	385	-1	
157	165	-1	
25	29	1	
441	446	1	
353	417	1	
210	214	-1	
208	272	1	
507	509	-1	
83	87	1	
48	55	-1	
75	76	1	
200	207	-1	
194	199	-1	
297	302	1	
370	434	1	
369	433	1	
241	245	1	
90	154	-1	
89	153	-1	
82	146	-1	
332	340	-1	
Energy:	-2952	
