NumberOfQubits	504	
NumberOfSubgraphs	504	
Serial	469	
PlantedSolution:	
0	-1	
1	1	
2	1	
3	1	
4	1	
5	-1	
6	-1	
8	-1	
9	-1	
10	1	
11	-1	
12	-1	
13	1	
14	-1	
15	-1	
16	1	
17	1	
18	1	
19	1	
20	1	
21	-1	
22	-1	
23	1	
24	-1	
25	1	
26	1	
27	-1	
28	-1	
29	-1	
30	-1	
31	-1	
32	-1	
33	1	
34	1	
35	1	
36	-1	
37	1	
38	1	
39	-1	
40	-1	
41	-1	
42	-1	
43	-1	
44	-1	
45	-1	
46	1	
47	1	
48	-1	
49	-1	
50	1	
51	-1	
52	1	
53	-1	
54	1	
55	-1	
56	-1	
57	-1	
58	-1	
59	1	
60	1	
61	-1	
62	1	
63	-1	
64	1	
65	-1	
66	1	
67	-1	
68	-1	
69	1	
70	1	
71	1	
72	1	
73	-1	
74	-1	
75	-1	
76	1	
77	-1	
78	1	
79	1	
80	-1	
81	1	
82	-1	
83	1	
84	-1	
85	-1	
86	-1	
87	-1	
88	-1	
89	-1	
90	-1	
91	-1	
92	-1	
93	-1	
94	1	
95	-1	
96	-1	
97	1	
98	1	
99	-1	
100	1	
101	-1	
102	-1	
103	-1	
104	1	
105	1	
106	-1	
107	1	
108	1	
109	-1	
110	1	
111	1	
112	1	
113	1	
114	1	
115	1	
116	-1	
117	1	
118	1	
119	-1	
120	1	
121	1	
123	-1	
124	1	
125	1	
126	1	
127	1	
128	-1	
129	-1	
130	-1	
131	-1	
132	1	
133	1	
134	1	
135	1	
136	-1	
137	-1	
138	-1	
139	-1	
141	1	
142	-1	
143	-1	
144	-1	
145	1	
146	-1	
147	-1	
148	1	
149	1	
150	-1	
151	1	
152	-1	
153	1	
154	1	
155	1	
156	1	
157	-1	
158	-1	
159	-1	
160	1	
161	-1	
162	-1	
163	1	
164	-1	
165	1	
166	1	
167	1	
168	-1	
169	-1	
170	1	
171	1	
172	1	
173	1	
174	1	
175	1	
176	1	
177	1	
178	-1	
179	-1	
180	-1	
181	1	
182	1	
183	1	
184	-1	
185	-1	
186	-1	
187	-1	
188	1	
189	-1	
190	1	
191	1	
192	1	
193	1	
194	1	
195	1	
196	1	
197	1	
198	-1	
199	1	
200	1	
201	1	
202	-1	
203	1	
204	1	
205	1	
206	1	
207	-1	
208	1	
209	1	
210	1	
211	1	
212	1	
213	-1	
214	-1	
215	1	
216	-1	
217	1	
218	1	
219	-1	
220	1	
221	-1	
222	1	
223	-1	
224	-1	
225	1	
226	1	
227	-1	
228	1	
229	1	
230	1	
231	1	
232	-1	
233	-1	
234	-1	
235	-1	
236	-1	
237	-1	
238	-1	
239	1	
240	-1	
241	1	
242	1	
243	1	
244	1	
245	-1	
246	1	
247	1	
248	1	
249	-1	
250	1	
251	1	
252	-1	
253	1	
254	1	
255	1	
256	1	
257	-1	
258	1	
259	1	
260	-1	
261	1	
262	-1	
263	-1	
264	1	
265	1	
266	-1	
267	-1	
268	-1	
269	-1	
270	1	
271	-1	
272	-1	
273	-1	
274	-1	
275	-1	
276	-1	
277	-1	
278	1	
279	1	
280	1	
281	-1	
282	-1	
283	1	
284	-1	
285	-1	
286	1	
287	-1	
288	1	
289	-1	
290	-1	
291	1	
292	1	
293	-1	
294	-1	
295	-1	
296	-1	
297	1	
298	1	
299	1	
300	-1	
301	-1	
302	-1	
303	1	
304	-1	
305	-1	
306	-1	
307	-1	
308	-1	
309	1	
310	-1	
311	1	
312	1	
313	-1	
314	1	
315	1	
316	1	
317	1	
318	1	
319	-1	
320	-1	
321	-1	
322	-1	
323	1	
324	-1	
325	1	
326	-1	
327	-1	
328	-1	
329	1	
330	1	
331	1	
332	1	
333	-1	
334	-1	
335	1	
336	-1	
337	1	
338	-1	
339	1	
340	-1	
341	-1	
342	1	
343	-1	
344	-1	
345	1	
346	1	
347	-1	
348	-1	
349	1	
350	1	
351	1	
352	1	
353	1	
354	1	
355	1	
356	-1	
357	1	
358	1	
359	-1	
361	-1	
362	-1	
363	1	
364	1	
365	1	
367	-1	
368	-1	
369	-1	
370	1	
371	1	
372	1	
373	-1	
374	1	
375	1	
376	-1	
377	-1	
378	1	
379	-1	
380	-1	
382	1	
383	-1	
384	1	
385	1	
386	-1	
387	-1	
388	-1	
389	1	
390	-1	
391	1	
392	1	
393	1	
394	1	
396	1	
397	1	
398	-1	
399	1	
400	-1	
401	-1	
402	1	
403	-1	
404	1	
405	1	
406	-1	
407	-1	
408	1	
409	1	
410	-1	
411	-1	
412	1	
413	-1	
414	-1	
415	1	
416	1	
417	1	
418	1	
419	-1	
420	-1	
421	1	
422	1	
424	1	
425	1	
426	1	
427	-1	
428	-1	
429	-1	
430	-1	
431	-1	
432	-1	
433	1	
434	-1	
435	1	
436	-1	
437	1	
438	1	
439	1	
440	-1	
441	-1	
442	1	
443	-1	
444	-1	
445	1	
446	1	
447	-1	
448	1	
449	-1	
450	-1	
451	-1	
452	1	
453	-1	
454	1	
455	-1	
456	1	
457	1	
458	-1	
459	1	
460	1	
461	1	
462	-1	
463	-1	
464	-1	
465	-1	
466	-1	
467	-1	
468	1	
469	-1	
470	-1	
471	-1	
472	-1	
473	-1	
474	-1	
475	-1	
476	-1	
477	-1	
478	-1	
479	1	
480	-1	
481	1	
482	-1	
483	-1	
484	1	
485	-1	
486	1	
487	-1	
488	1	
489	-1	
490	-1	
491	-1	
492	-1	
493	-1	
494	-1	
495	1	
496	-1	
497	-1	
498	-1	
499	1	
500	-1	
501	-1	
502	1	
503	-1	
504	-1	
505	-1	
506	-1	
507	-1	
508	1	
509	1	
510	1	
511	-1	
Js:	
72	77	3	
75	77	-4	
75	79	3	
74	79	2	
74	78	3	
72	78	-3	
145	148	-3	
147	148	3	
147	211	2	
211	214	2	
209	214	3	
145	209	-3	
394	398	3	
398	406	2	
400	406	-2	
400	407	-4	
399	407	1	
394	399	-4	
114	117	-4	
117	125	3	
123	125	3	
123	127	3	
119	127	4	
114	119	2	
200	206	-3	
202	206	3	
202	266	2	
266	269	-2	
264	269	2	
200	264	-2	
368	374	2	
374	382	-3	
376	382	2	
376	383	-3	
375	383	2	
368	375	-1	
168	174	3	
169	174	3	
169	233	-2	
233	236	-2	
232	236	-2	
168	232	-2	
184	190	3	
187	190	2	
187	251	3	
251	252	3	
248	252	2	
184	248	-1	
64	71	-3	
65	71	3	
65	129	-2	
129	133	4	
128	133	3	
64	128	-2	
26	28	3	
27	28	-2	
27	30	-3	
24	30	-4	
24	31	-3	
26	31	3	
320	324	-3	
323	324	2	
323	325	-4	
321	325	2	
321	327	-2	
320	327	-4	
194	197	-3	
195	197	-1	
195	259	-1	
259	262	2	
258	262	3	
194	258	1	
2	5	3	
3	5	-4	
3	67	1	
67	68	-3	
66	68	4	
2	66	-3	
89	94	2	
94	102	3	
99	102	-2	
99	103	-3	
95	103	2	
89	95	-2	
42	44	-4	
44	52	1	
51	52	-3	
51	53	-3	
45	53	-1	
42	45	-4	
281	287	-2	
283	287	3	
283	347	3	
347	349	3	
345	349	2	
281	345	2	
337	340	4	
338	340	-1	
338	341	-2	
339	341	3	
339	343	-2	
337	343	3	
105	108	-2	
106	108	4	
106	111	2	
107	111	-4	
107	109	-2	
105	109	3	
456	460	3	
460	468	-1	
466	468	1	
466	471	-2	
463	471	-2	
456	463	4	
416	420	2	
420	428	-1	
427	428	-2	
427	429	-3	
421	429	-2	
416	421	-5	
434	436	-3	
435	436	2	
435	438	-2	
432	438	3	
432	437	2	
434	437	3	
307	308	1	
308	316	4	
315	316	-2	
315	317	-3	
309	317	-3	
307	309	3	
483	485	-2	
485	493	-3	
489	493	-3	
489	494	-2	
486	494	2	
483	486	-2	
449	453	-5	
450	453	-2	
450	454	-5	
448	454	-3	
448	455	3	
449	455	-2	
282	285	-4	
285	293	-3	
291	293	1	
291	294	5	
286	294	-2	
282	286	1	
179	181	-1	
181	189	3	
186	189	-2	
186	191	5	
183	191	-3	
179	183	3	
442	447	3	
443	447	2	
443	507	-1	
507	509	3	
506	509	3	
442	506	2	
57	60	2	
58	60	2	
58	61	1	
56	61	-3	
56	62	2	
57	62	1	
234	237	-4	
235	237	-3	
235	299	-1	
299	302	4	
298	302	4	
234	298	2	
9	13	4	
13	21	3	
18	21	3	
18	22	4	
14	22	-3	
9	14	-3	
97	100	2	
98	100	-2	
98	162	1	
162	164	-3	
161	164	-2	
97	161	2	
409	413	4	
411	413	3	
411	414	-1	
410	414	-3	
410	415	2	
409	415	-3	
272	277	-3	
274	277	-4	
274	278	3	
273	278	3	
273	279	4	
272	279	3	
81	84	3	
83	84	2	
83	86	3	
82	86	-3	
82	87	-2	
81	87	4	
152	156	-4	
153	156	-3	
153	158	2	
154	158	2	
154	159	3	
152	159	-3	
216	220	-1	
219	220	3	
219	222	2	
217	222	-3	
217	223	4	
216	223	-5	
497	500	-2	
500	508	2	
504	508	2	
504	510	2	
502	510	-3	
497	502	-3	
240	244	3	
243	244	3	
243	247	-4	
241	247	-2	
241	246	-3	
240	246	2	
288	295	3	
290	295	-4	
290	354	1	
354	356	4	
352	356	1	
288	352	1	
472	476	-2	
476	484	1	
480	484	3	
480	487	4	
479	487	1	
472	479	4	
328	332	4	
330	332	-2	
330	333	3	
329	333	3	
329	334	3	
328	334	-4	
139	141	4	
141	149	2	
146	149	3	
146	151	3	
143	151	1	
139	143	-2	
32	36	-3	
34	36	3	
34	39	3	
33	39	2	
33	37	-4	
32	37	3	
467	469	3	
469	477	-2	
475	477	-4	
475	478	-3	
470	478	-3	
467	470	-2	
225	229	-2	
227	229	4	
227	230	-3	
226	230	-2	
226	231	-2	
225	231	-2	
201	207	3	
203	207	3	
203	267	-1	
267	268	-2	
265	268	3	
201	265	-1	
393	396	-3	
396	404	1	
403	404	3	
403	405	4	
397	405	-2	
393	397	-2	
384	389	-3	
387	389	2	
387	390	3	
386	390	-3	
386	391	3	
384	391	-3	
353	357	-2	
355	357	3	
355	419	3	
419	422	4	
417	422	-2	
353	417	-3	
11	12	-4	
12	20	3	
17	20	-2	
17	23	-3	
15	23	3	
11	15	-3	
306	310	-5	
310	318	-1	
314	318	-3	
314	319	3	
311	319	2	
306	311	3	
424	431	4	
426	431	3	
426	490	1	
490	495	2	
488	495	-5	
424	488	2	
192	199	-2	
193	199	-3	
193	257	-1	
257	260	-4	
256	260	2	
192	256	-1	
40	46	2	
46	54	-1	
49	54	4	
49	55	-4	
47	55	-1	
40	47	4	
361	364	-4	
362	364	1	
362	367	-5	
363	367	4	
363	365	-2	
361	365	5	
112	118	-4	
113	118	-3	
113	177	-2	
177	180	-3	
176	180	2	
112	176	-2	
163	165	-4	
165	173	-3	
171	173	-3	
171	175	-3	
167	175	2	
163	167	-2	
440	444	-3	
441	444	-4	
441	505	-2	
505	511	2	
504	511	-3	
440	504	-3	
369	372	1	
371	372	4	
371	435	-1	
435	439	-3	
433	439	-3	
369	433	1	
120	126	-4	
121	126	-3	
121	185	-2	
185	188	4	
184	188	2	
120	184	2	
210	212	2	
211	212	-2	
211	215	-3	
208	215	-4	
208	213	3	
210	213	3	
242	245	4	
245	253	3	
250	253	3	
250	254	-3	
246	254	-4	
242	246	-2	
131	134	2	
134	142	4	
137	142	-2	
137	143	-3	
135	143	2	
131	135	-4	
296	300	3	
297	300	3	
297	303	-3	
298	303	-3	
298	301	2	
296	301	-3	
336	340	3	
340	348	-2	
346	348	2	
346	350	-2	
342	350	-2	
336	342	2	
88	92	1	
90	92	-5	
90	93	-2	
91	93	-3	
91	95	-4	
88	95	-2	
458	461	3	
459	461	-2	
459	462	4	
457	462	3	
457	463	2	
458	463	-2	
496	501	-4	
499	501	4	
499	502	-2	
498	502	-1	
498	503	-3	
496	503	-4	
0	4	4	
3	4	-3	
1	5	2	
1	6	4	
0	6	-4	
344	350	-2	
350	358	-3	
355	358	-2	
355	359	2	
351	359	1	
344	351	3	
385	388	4	
387	388	-3	
387	451	1	
451	452	4	
449	452	3	
385	449	2	
144	149	-2	
149	157	2	
155	157	2	
155	158	4	
150	158	-2	
144	150	-5	
96	101	-3	
99	101	-2	
99	163	-1	
163	166	-2	
160	166	-3	
96	160	2	
313	317	-1	
314	317	-1	
314	378	-2	
378	380	3	
377	380	-2	
313	377	-2	
275	276	-2	
276	284	-3	
280	284	1	
280	287	2	
279	287	3	
275	279	-3	
322	326	-3	
326	334	-3	
331	334	3	
331	335	-3	
327	335	3	
322	327	-3	
425	430	4	
427	430	-2	
427	491	-2	
491	492	-3	
489	492	-3	
425	489	-1	
170	172	-3	
172	180	2	
178	180	-1	
178	182	-3	
174	182	-1	
170	174	-1	
218	220	-4	
220	228	1	
224	228	2	
224	229	2	
221	229	1	
218	221	2	
25	29	2	
29	37	-2	
35	37	-2	
35	38	-3	
30	38	2	
25	30	3	
16	23	-2	
19	23	3	
19	83	-4	
83	85	2	
80	85	-3	
16	80	3	
104	108	-2	
108	116	1	
115	116	-1	
115	118	-3	
110	118	-1	
104	110	-3	
408	412	-4	
412	420	2	
418	420	4	
418	422	-3	
414	422	-1	
408	414	3	
401	407	2	
401	465	-4	
465	468	3	
464	468	3	
400	464	-4	
10	13	-3	
10	74	2	
74	76	-1	
73	76	3	
9	73	-2	
192	196	-2	
196	204	-2	
200	204	-1	
200	205	-3	
197	205	1	
192	197	-3	
305	310	-3	
306	370	1	
370	373	4	
369	373	4	
305	369	-2	
48	53	-3	
53	61	2	
59	61	4	
59	63	2	
55	63	-3	
48	55	-2	
257	261	2	
261	269	3	
267	269	-3	
267	271	-2	
263	271	3	
257	263	-2	
65	70	-1	
66	70	-3	
66	130	1	
130	132	4	
129	132	1	
248	255	-4	
249	255	2	
249	313	3	
313	318	1	
312	318	-3	
248	312	-2	
443	444	-2	
443	446	3	
442	446	1	
442	445	-3	
440	445	3	
289	292	3	
291	292	-2	
288	294	3	
289	295	-2	
230	238	3	
233	238	-3	
233	239	4	
231	239	-3	
227	231	2	
41	44	-1	
43	45	5	
43	46	2	
41	46	3	
473	476	-4	
474	476	-4	
474	478	-2	
473	477	2	
480	485	-1	
482	485	-3	
482	486	2	
481	486	-3	
481	487	1	
392	397	-3	
402	405	-3	
402	406	3	
392	398	4	
195	198	-3	
198	206	3	
203	206	-3	
199	207	2	
195	199	-4	
130	133	1	
133	141	2	
136	141	2	
136	142	-3	
130	134	3	
304	311	2	
307	311	3	
307	371	1	
368	372	4	
304	368	-2	
8	12	-4	
10	12	3	
10	15	2	
11	14	2	
8	14	-2	
114	116	3	
116	124	4	
123	124	3	
266	268	-3	
266	271	2	
264	271	2	
264	270	-3	
265	270	-2	
376	380	-2	
379	380	4	
379	382	2	
377	382	3	
377	383	-4	
64	69	-2	
69	77	-2	
73	77	-1	
73	78	2	
70	78	-2	
64	70	-3	
50	52	-2	
52	60	-2	
56	60	3	
54	62	-3	
50	54	-2	
241	244	-2	
240	247	4	
240	245	-1	
241	245	3	
209	215	-2	
209	273	1	
273	277	1	
208	272	2	
91	92	-1	
91	155	1	
155	156	-1	
154	156	1	
90	154	1	
96	100	3	
161	167	2	
160	167	-3	
498	500	4	
499	500	2	
345	348	3	
347	348	1	
344	349	2	
345	351	-3	
386	450	1	
450	455	-4	
384	448	-2	
411	412	3	
408	415	-1	
16	22	4	
18	82	1	
80	86	2	
24	28	-2	
28	36	2	
31	39	-2	
297	302	2	
299	303	-2	
296	303	3	
352	358	-2	
353	358	2	
417	421	-3	
352	416	-3	
457	460	-3	
457	461	-2	
458	462	-2	
456	462	3	
362	365	3	
362	426	3	
425	431	2	
361	425	-2	
234	236	-3	
235	236	-3	
235	239	1	
232	239	-3	
232	238	-2	
234	238	-1	
176	181	-2	
178	181	3	
179	182	3	
176	183	-1	
187	191	2	
250	252	2	
186	250	-1	
104	109	2	
107	171	-1	
171	172	-1	
168	172	4	
104	168	1	
331	332	-3	
331	333	2	
330	335	-2	
328	335	-1	
217	281	1	
281	285	1	
280	285	3	
216	280	2	
258	261	-2	
259	261	3	
259	323	-2	
322	325	2	
258	322	2	
274	276	-3	
283	284	-3	
283	286	-2	
278	286	-4	
401	404	5	
403	467	-3	
465	469	-3	
356	364	3	
363	364	-3	
359	367	2	
354	359	2	
336	341	-3	
339	342	-4	
337	342	1	
336	343	-2	
144	148	-3	
146	148	2	
147	151	3	
147	150	-3	
433	436	-3	
433	438	-2	
490	492	-3	
491	495	3	
488	493	2	
490	493	-2	
505	508	-2	
506	508	3	
507	510	3	
505	510	3	
138	142	-1	
138	202	-2	
202	204	-2	
201	204	-3	
137	201	2	
75	76	-3	
76	84	2	
79	87	1	
105	110	-2	
106	110	1	
106	170	1	
170	175	-1	
169	175	-3	
105	169	1	
88	93	-3	
93	101	-1	
98	101	3	
98	102	1	
88	94	-2	
213	221	-2	
219	221	-4	
214	222	3	
210	214	-3	
225	228	-2	
226	228	-3	
226	290	-2	
290	293	-5	
289	293	-2	
225	289	3	
113	116	2	
121	124	-3	
121	127	3	
113	119	2	
321	324	4	
321	385	1	
385	389	-2	
320	384	1	
153	157	4	
157	165	2	
162	165	1	
162	166	4	
158	166	-2	
305	308	-2	
305	309	-2	
64	68	3	
67	131	-1	
131	132	3	
128	132	4	
419	483	-2	
483	484	3	
482	484	1	
418	482	-3	
1	4	-3	
2	4	2	
0	5	-3	
392	396	-3	
393	399	-3	
466	470	-4	
472	478	2	
471	479	3	
20	28	2	
27	29	4	
21	29	-2	
17	21	2	
438	446	-2	
441	446	-3	
441	447	-1	
439	447	3	
432	439	2	
57	61	-4	
59	62	-2	
58	62	-4	
58	63	-3	
57	63	-5	
193	196	-3	
193	197	-2	
194	198	3	
192	198	2	
32	38	1	
38	46	-3	
41	47	-3	
39	47	1	
32	39	-2	
424	428	3	
425	429	3	
424	430	-1	
180	188	2	
185	190	3	
182	190	-2	
177	182	-1	
258	260	3	
259	260	-1	
259	263	3	
256	263	3	
256	262	3	
313	319	-4	
312	319	1	
452	460	-3	
459	460	3	
453	461	2	
451	453	-3	
370	374	-2	
371	374	-3	
371	375	-3	
369	375	2	
51	115	-3	
48	112	3	
410	413	-1	
410	474	-3	
474	477	-3	
409	473	3	
185	189	-2	
184	189	-2	
156	164	2	
160	164	2	
159	167	2	
74	138	-3	
138	143	-3	
136	143	-3	
72	136	2	
379	443	-1	
443	445	3	
378	442	-1	
35	99	-3	
97	103	3	
33	97	-4	
40	44	-2	
43	44	-2	
43	107	2	
104	111	2	
40	104	2	
25	31	4	
26	90	2	
89	92	-3	
25	89	2	
282	284	1	
284	292	2	
290	292	1	
493	501	-2	
497	501	-1	
494	502	2	
229	237	2	
232	237	-2	
224	231	3	
300	308	-1	
304	308	3	
304	309	3	
301	309	1	
297	301	4	
17	22	-1	
19	22	2	
81	85	2	
17	81	-2	
400	405	-1	
402	466	3	
464	470	-3	
323	326	3	
323	387	1	
322	386	-1	
65	69	3	
66	69	1	
67	70	3	
67	71	2	
202	205	3	
266	270	1	
208	212	-2	
212	220	-2	
218	222	-2	
208	214	-1	
333	341	-1	
338	343	-4	
335	343	-1	
329	335	-2	
49	52	2	
50	114	-2	
113	117	1	
49	113	2	
346	349	-2	
349	357	-1	
354	357	-3	
354	358	1	
481	484	-3	
483	487	-3	
480	486	3	
8	13	2	
72	76	1	
8	72	1	
170	173	-4	
169	173	2	
168	175	2	
506	511	-3	
503	511	-2	
275	278	1	
281	286	2	
144	151	-1	
145	151	-3	
129	135	3	
448	453	2	
388	396	3	
389	397	-3	
137	141	-1	
139	203	2	
203	204	-3	
265	271	3	
267	331	-1	
265	329	-2	
299	301	-1	
404	412	-2	
411	415	3	
407	415	3	
42	47	2	
42	106	-1	
41	105	3	
242	244	-2	
242	306	2	
241	305	-1	
275	277	-3	
275	339	2	
338	342	-2	
274	338	-3	
291	295	1	
291	355	-1	
353	359	2	
289	353	-1	
19	20	-2	
8	15	-3	
394	458	2	
393	457	2	
89	93	-2	
89	153	-1	
152	157	-3	
88	152	-1	
468	476	2	
464	471	1	
428	436	-2	
431	439	1	
177	181	3	
187	189	-3	
177	183	-2	
257	262	-2	
257	321	-1	
321	326	-2	
320	326	1	
256	320	1	
34	98	-4	
32	96	1	
243	307	2	
240	304	1	
59	60	-3	
59	123	-1	
120	125	-3	
56	120	1	
163	164	2	
161	165	1	
161	166	-1	
211	213	2	
217	221	2	
215	223	-1	
86	94	3	
91	94	2	
87	95	-2	
80	87	-2	
440	446	1	
505	509	3	
504	509	2	
312	316	-2	
314	316	1	
378	382	-2	
312	376	2	
48	54	2	
51	54	2	
115	119	2	
112	119	1	
228	236	2	
235	238	2	
344	348	-3	
346	410	2	
344	408	-1	
272	276	-2	
273	276	-2	
273	337	3	
272	336	-2	
194	196	2	
195	196	-3	
193	198	1	
417	420	2	
481	485	3	
417	481	-2	
488	492	1	
490	494	-2	
491	494	2	
145	149	-2	
146	210	3	
209	212	-3	
370	375	-4	
368	373	-3	
3	6	2	
249	252	-3	
251	254	-2	
248	254	1	
248	253	-2	
249	253	3	
315	319	-2	
315	379	2	
379	383	-1	
155	159	2	
155	219	-2	
154	218	-2	
403	406	-1	
466	469	-2	
426	429	2	
429	437	-2	
434	438	2	
430	438	1	
426	430	3	
82	84	-2	
82	85	-3	
77	85	-1	
352	357	-2	
419	421	2	
282	287	-1	
347	351	3	
346	351	-2	
282	346	-2	
264	268	2	
266	330	2	
264	328	-1	
37	45	2	
33	38	-2	
227	228	-2	
227	291	2	
224	288	3	
171	235	2	
170	234	-2	
97	102	-1	
102	110	3	
107	110	-2	
103	111	2	
130	135	3	
454	462	2	
451	454	2	
186	188	2	
186	190	2	
176	182	-2	
11	13	2	
507	511	-2	
497	503	-2	
256	261	-2	
265	269	1	
386	388	-2	
384	390	3	
385	391	1	
440	447	-3	
441	445	1	
473	478	-2	
67	69	4	
72	79	-2	
71	79	-2	
200	207	3	
435	499	-2	
432	496	-2	
120	124	-2	
123	126	2	
456	461	-2	
461	469	-1	
465	471	-2	
218	223	1	
218	282	-1	
288	292	-2	
348	356	-1	
353	356	2	
345	350	-2	
2	6	2	
0	64	-1	
35	39	2	
99	100	1	
115	117	-2	
115	179	1	
178	183	2	
114	178	-1	
50	53	3	
50	55	1	
260	268	-2	
267	270	-3	
262	270	2	
250	255	-1	
251	255	-2	
251	315	1	
315	318	-2	
250	314	-2	
16	20	2	
26	29	2	
16	21	3	
75	78	2	
75	139	-1	
138	141	-1	
304	310	1	
369	374	2	
9	15	3	
10	14	2	
435	437	-2	
424	429	2	
330	394	-1	
393	398	2	
329	393	2	
451	455	-2	
449	454	2	
131	195	2	
129	193	2	
488	494	2	
357	365	-3	
401	406	2	
187	188	2	
507	508	3	
410	412	1	
411	475	-1	
475	479	-1	
474	479	2	
211	275	-1	
378	383	2	
482	487	-3	
419	420	-3	
418	421	1	
80	84	1	
281	284	-2	
130	194	-2	
128	192	2	
298	300	3	
299	300	-2	
296	302	-2	
233	237	-1	
392	399	-1	
391	399	-3	
387	391	-2	
361	367	-1	
249	254	-2	
325	333	2	
328	333	1	
100	108	-2	
106	109	-3	
101	109	1	
280	286	1	
36	44	-2	
145	150	1	
406	414	-2	
409	414	-2	
66	71	-2	
1	65	1	
26	30	-2	
312	317	-2	
434	439	2	
434	498	-2	
433	497	2	
219	223	1	
216	222	2	
467	471	-2	
204	212	-1	
205	213	-2	
201	205	-3	
81	86	1	
293	301	1	
295	303	1	
162	226	-2	
161	225	2	
442	444	2	
169	172	1	
171	174	-2	
322	324	1	
324	332	2	
73	79	2	
73	137	2	
408	413	2	
408	472	1	
96	102	-2	
96	103	-1	
484	492	-1	
244	252	2	
247	255	1	
341	349	2	
337	341	-1	
35	36	2	
269	277	-1	
270	278	-1	
390	398	-1	
128	134	3	
352	359	3	
416	422	1	
65	68	2	
501	509	-1	
154	157	1	
427	431	-2	
448	452	2	
458	460	1	
455	463	-1	
43	47	1	
194	199	-1	
112	117	-1	
118	126	-1	
18	23	3	
432	436	-1	
364	372	-1	
365	373	1	
179	243	2	
243	245	1	
178	242	2	
24	29	-2	
27	91	-1	
24	88	-1	
97	101	2	
48	52	2	
401	405	1	
467	468	-2	
347	411	1	
386	389	-2	
385	390	2	
82	146	-1	
80	144	-1	
238	246	1	
239	247	1	
131	133	-2	
163	227	-1	
160	224	1	
107	108	1	
105	111	-1	
475	476	-1	
472	477	1	
473	479	1	
217	220	1	
184	191	-2	
413	421	-1	
307	310	-2	
305	311	2	
289	294	1	
425	428	2	
426	428	-2	
402	407	-1	
84	92	2	
90	94	2	
394	397	-2	
280	344	1	
147	149	1	
142	150	-1	
139	142	-1	
320	325	2	
34	38	1	
98	103	1	
207	215	1	
506	510	-1	
175	183	-1	
25	28	1	
27	31	-2	
41	45	-2	
51	55	-1	
363	427	-1	
18	20	-1	
433	437	1	
437	445	-2	
56	63	1	
313	316	-1	
176	240	-1	
355	356	1	
354	418	1	
166	174	-2	
377	441	1	
376	440	-1	
112	116	-1	
153	217	-1	
152	216	1	
258	263	-1	
121	125	1	
224	230	-1	
225	230	-1	
492	500	1	
496	500	-1	
495	503	1	
489	495	1	
370	372	-1	
436	444	1	
11	75	-1	
74	77	1	
422	430	1	
332	340	-1	
339	340	1	
334	342	1	
85	93	1	
405	413	1	
403	407	-1	
216	221	1	
347	350	1	
148	156	-1	
153	159	-1	
151	159	1	
306	308	-1	
42	46	-1	
164	172	1	
160	165	1	
283	285	1	
287	295	1	
372	380	1	
109	117	-1	
111	119	1	
496	502	-1	
177	241	-1	
19	21	1	
83	87	-1	
210	215	1	
416	480	-1	
459	463	1	
232	296	-1	
400	404	1	
464	469	1	
251	253	-1	
185	249	1	
162	167	1	
34	37	1	
328	392	1	
226	229	-1	
290	294	-1	
274	279	-1	
Energy:	-2116	
