NumberOfQubits	504	
NumberOfSubgraphs	672	
Serial	458	
PlantedSolution:	
0	-1	
1	1	
2	1	
3	-1	
4	1	
5	1	
6	1	
8	-1	
9	1	
10	1	
11	-1	
12	-1	
13	1	
14	-1	
15	1	
16	-1	
17	1	
18	-1	
19	1	
20	1	
21	-1	
22	-1	
23	-1	
24	1	
25	1	
26	-1	
27	-1	
28	1	
29	1	
30	-1	
31	-1	
32	-1	
33	1	
34	-1	
35	1	
36	1	
37	-1	
38	-1	
39	-1	
40	1	
41	1	
42	1	
43	-1	
44	1	
45	1	
46	1	
47	1	
48	1	
49	1	
50	-1	
51	1	
52	-1	
53	1	
54	1	
55	1	
56	-1	
57	1	
58	1	
59	1	
60	-1	
61	-1	
62	-1	
63	1	
64	-1	
65	-1	
66	1	
67	1	
68	-1	
69	1	
70	-1	
71	-1	
72	-1	
73	1	
74	1	
75	1	
76	-1	
77	-1	
78	1	
79	1	
80	1	
81	1	
82	-1	
83	1	
84	-1	
85	-1	
86	-1	
87	-1	
88	1	
89	1	
90	1	
91	-1	
92	-1	
93	-1	
94	-1	
95	-1	
96	-1	
97	1	
98	1	
99	-1	
100	1	
101	1	
102	-1	
103	-1	
104	-1	
105	1	
106	1	
107	-1	
108	1	
109	-1	
110	1	
111	-1	
112	-1	
113	1	
114	1	
115	1	
116	-1	
117	1	
118	1	
119	1	
120	-1	
121	-1	
123	-1	
124	-1	
125	1	
126	1	
127	1	
128	-1	
129	1	
130	1	
131	1	
132	-1	
133	1	
134	-1	
135	-1	
136	1	
137	-1	
138	1	
139	1	
141	-1	
142	-1	
143	1	
144	1	
145	1	
146	-1	
147	-1	
148	1	
149	1	
150	-1	
151	1	
152	-1	
153	-1	
154	1	
155	-1	
156	1	
157	-1	
158	1	
159	-1	
160	1	
161	1	
162	-1	
163	-1	
164	1	
165	-1	
166	1	
167	1	
168	1	
169	-1	
170	-1	
171	1	
172	1	
173	1	
174	1	
175	1	
176	-1	
177	1	
178	1	
179	-1	
180	1	
181	1	
182	1	
183	1	
184	1	
185	1	
186	-1	
187	1	
188	1	
189	-1	
190	-1	
191	1	
192	-1	
193	-1	
194	1	
195	1	
196	1	
197	1	
198	1	
199	1	
200	1	
201	-1	
202	1	
203	1	
204	-1	
205	1	
206	-1	
207	1	
208	-1	
209	1	
210	-1	
211	1	
212	1	
213	1	
214	1	
215	1	
216	-1	
217	-1	
218	1	
219	-1	
220	-1	
221	1	
222	1	
223	-1	
224	-1	
225	-1	
226	1	
227	1	
228	1	
229	1	
230	-1	
231	-1	
232	-1	
233	-1	
234	1	
235	1	
236	1	
237	-1	
238	-1	
239	1	
240	-1	
241	-1	
242	-1	
243	-1	
244	-1	
245	1	
246	1	
247	-1	
248	-1	
249	1	
250	1	
251	-1	
252	-1	
253	1	
254	1	
255	-1	
256	-1	
257	-1	
258	-1	
259	-1	
260	1	
261	1	
262	-1	
263	1	
264	1	
265	1	
266	1	
267	1	
268	1	
269	1	
270	-1	
271	-1	
272	-1	
273	-1	
274	1	
275	1	
276	1	
277	1	
278	1	
279	-1	
280	-1	
281	1	
282	-1	
283	-1	
284	1	
285	-1	
286	-1	
287	-1	
288	-1	
289	1	
290	-1	
291	-1	
292	1	
293	-1	
294	-1	
295	1	
296	1	
297	-1	
298	-1	
299	1	
300	-1	
301	1	
302	1	
303	1	
304	-1	
305	-1	
306	-1	
307	-1	
308	-1	
309	1	
310	-1	
311	1	
312	1	
313	-1	
314	1	
315	1	
316	-1	
317	1	
318	-1	
319	1	
320	-1	
321	-1	
322	1	
323	1	
324	-1	
325	-1	
326	1	
327	-1	
328	-1	
329	1	
330	-1	
331	1	
332	1	
333	1	
334	-1	
335	-1	
336	-1	
337	-1	
338	-1	
339	-1	
340	-1	
341	1	
342	1	
343	-1	
344	-1	
345	-1	
346	-1	
347	1	
348	1	
349	1	
350	1	
351	-1	
352	1	
353	-1	
354	-1	
355	-1	
356	1	
357	1	
358	1	
359	1	
361	-1	
362	1	
363	1	
364	1	
365	1	
367	1	
368	1	
369	-1	
370	-1	
371	1	
372	-1	
373	1	
374	1	
375	1	
376	-1	
377	-1	
378	-1	
379	-1	
380	-1	
382	1	
383	-1	
384	-1	
385	-1	
386	-1	
387	-1	
388	-1	
389	-1	
390	-1	
391	1	
392	-1	
393	1	
394	-1	
396	1	
397	-1	
398	1	
399	1	
400	-1	
401	-1	
402	1	
403	1	
404	1	
405	1	
406	-1	
407	-1	
408	-1	
409	-1	
410	1	
411	1	
412	-1	
413	1	
414	1	
415	-1	
416	1	
417	-1	
418	1	
419	-1	
420	1	
421	-1	
422	1	
424	-1	
425	-1	
426	-1	
427	1	
428	1	
429	-1	
430	-1	
431	1	
432	-1	
433	1	
434	-1	
435	-1	
436	1	
437	1	
438	1	
439	-1	
440	1	
441	-1	
442	-1	
443	1	
444	1	
445	-1	
446	1	
447	1	
448	1	
449	1	
450	-1	
451	1	
452	-1	
453	1	
454	-1	
455	-1	
456	1	
457	1	
458	-1	
459	-1	
460	-1	
461	-1	
462	1	
463	1	
464	-1	
465	1	
466	-1	
467	-1	
468	1	
469	-1	
470	-1	
471	1	
472	-1	
473	-1	
474	-1	
475	-1	
476	1	
477	1	
478	1	
479	1	
480	-1	
481	-1	
482	1	
483	-1	
484	1	
485	1	
486	-1	
487	1	
488	1	
489	1	
490	-1	
491	1	
492	-1	
493	-1	
494	1	
495	1	
496	-1	
497	1	
498	-1	
499	1	
500	1	
501	-1	
502	-1	
503	1	
504	-1	
505	1	
506	1	
507	-1	
508	-1	
509	1	
510	1	
511	-1	
Js:	
321	326	5	
322	326	-5	
322	386	-1	
386	391	3	
385	391	4	
321	385	-1	
433	437	-4	
435	437	-4	
435	499	3	
499	502	5	
497	502	3	
433	497	-5	
48	54	-5	
50	54	-4	
50	114	3	
114	119	-5	
112	119	2	
48	112	4	
265	268	1	
267	268	-4	
267	331	-3	
331	335	3	
329	335	5	
265	329	-4	
169	172	3	
170	172	4	
170	234	2	
234	238	4	
233	238	5	
169	233	-1	
153	156	4	
154	156	-5	
154	159	-3	
155	159	-5	
155	158	2	
153	158	4	
504	508	-4	
505	508	4	
505	511	4	
507	511	-5	
507	509	-2	
504	509	5	
66	69	-3	
67	69	-5	
67	70	5	
64	70	-6	
64	71	-3	
66	71	2	
208	212	-3	
212	220	2	
218	220	3	
218	223	1	
215	223	3	
208	215	5	
97	101	-5	
101	109	2	
104	109	-2	
104	110	-3	
102	110	2	
97	102	5	
160	164	4	
161	164	-2	
161	165	3	
162	165	-4	
162	167	4	
160	167	-4	
346	348	-4	
347	348	-2	
347	350	-4	
344	350	4	
344	351	-4	
346	351	-2	
25	30	4	
30	38	2	
33	38	5	
33	39	3	
31	39	-3	
25	31	2	
418	420	-3	
420	428	2	
426	428	3	
426	430	-3	
422	430	2	
418	422	-7	
465	469	4	
467	469	-5	
467	471	-2	
466	471	5	
466	470	-4	
465	470	5	
240	246	4	
246	254	1	
248	254	2	
248	255	-5	
247	255	-3	
240	247	-4	
313	316	-3	
314	316	2	
314	317	-6	
312	317	-4	
312	318	-4	
313	318	-5	
336	340	-5	
337	340	-5	
337	343	-2	
338	343	-3	
338	341	5	
336	341	-2	
194	196	-5	
196	204	4	
203	204	2	
203	206	6	
198	206	-1	
194	198	-3	
290	292	-3	
292	300	2	
296	300	2	
296	303	-4	
295	303	-1	
290	295	3	
304	310	-3	
307	310	-3	
307	371	3	
371	373	2	
368	373	-6	
304	368	2	
408	413	5	
409	413	-3	
409	473	-4	
473	477	6	
472	477	2	
408	472	-3	
3	4	6	
4	12	2	
9	12	3	
9	14	2	
6	14	-2	
3	6	6	
32	36	5	
36	44	-2	
42	44	-4	
42	45	-6	
37	45	-2	
32	37	-4	
376	380	-6	
377	380	-3	
377	441	-3	
441	447	3	
440	447	3	
376	440	2	
449	452	5	
452	460	-3	
457	460	4	
457	462	-4	
454	462	-3	
449	454	3	
224	228	3	
226	228	-4	
226	230	3	
227	230	3	
227	229	-2	
224	229	4	
184	188	3	
185	188	-4	
185	191	-4	
187	191	-5	
187	190	4	
184	190	4	
88	92	3	
91	92	-5	
91	95	-4	
90	95	3	
90	93	-4	
88	93	3	
72	77	-4	
75	77	2	
75	78	-5	
73	78	3	
73	79	-2	
72	79	3	
387	388	-4	
388	396	-3	
392	396	4	
392	397	-3	
389	397	-2	
387	389	-4	
273	277	3	
275	277	-4	
275	279	2	
272	279	-4	
272	278	5	
273	278	3	
256	260	-4	
258	260	4	
258	261	4	
257	261	3	
257	262	-4	
256	262	-3	
58	60	6	
59	60	2	
59	63	6	
56	63	5	
56	62	-6	
58	62	3	
489	492	4	
490	492	-2	
490	493	-5	
491	493	5	
491	494	-5	
489	494	-4	
401	405	-2	
402	405	-5	
402	406	4	
403	406	4	
403	407	1	
401	407	-4	
378	383	-5	
379	383	-3	
379	443	4	
443	445	4	
442	445	-3	
378	442	-3	
145	149	-4	
146	149	-5	
146	151	4	
147	151	4	
147	150	-5	
145	150	3	
305	311	4	
306	311	3	
306	370	-3	
370	372	2	
369	372	-6	
305	369	-2	
16	20	3	
18	20	3	
18	22	5	
19	22	2	
19	23	6	
16	23	-5	
130	134	4	
134	142	2	
137	142	-4	
137	143	4	
135	143	2	
130	135	3	
280	284	2	
282	284	6	
282	285	-3	
283	285	-4	
283	286	-3	
280	286	-5	
178	182	-5	
179	182	4	
179	243	-3	
243	244	1	
242	244	-4	
178	242	2	
120	125	4	
121	125	5	
121	127	3	
123	127	-3	
123	126	5	
120	126	3	
289	293	3	
293	301	-1	
297	301	2	
297	302	3	
294	302	2	
289	294	4	
352	356	-4	
354	356	2	
354	358	3	
353	358	4	
353	357	2	
352	357	3	
416	421	4	
419	421	-4	
419	483	-4	
483	487	3	
480	487	-3	
416	480	3	
362	364	-5	
363	364	-4	
363	367	-5	
361	367	3	
361	365	5	
362	365	-4	
136	141	4	
138	141	6	
138	202	3	
202	207	-2	
200	207	-5	
136	200	-2	
82	84	-4	
83	84	3	
83	86	3	
81	86	3	
81	85	2	
82	85	-5	
129	132	5	
131	132	-3	
131	195	-2	
195	197	-5	
193	197	5	
129	193	3	
41	46	-6	
43	46	2	
43	107	-3	
107	108	3	
105	108	-2	
41	105	-4	
264	269	-4	
266	269	-4	
266	330	5	
330	334	3	
328	334	-4	
264	328	4	
210	213	4	
213	221	-3	
219	221	2	
219	222	5	
214	222	2	
210	214	4	
410	414	-5	
411	414	-4	
411	475	4	
475	478	4	
474	478	1	
410	474	-3	
49	55	-3	
51	55	-3	
51	115	-3	
115	117	4	
113	117	-4	
49	113	-2	
171	173	3	
173	181	-2	
177	181	-3	
177	183	-4	
175	183	-2	
171	175	-5	
432	439	-5	
434	439	-4	
434	498	1	
498	501	-4	
496	501	-4	
432	496	-3	
450	453	2	
453	461	3	
459	461	-3	
459	463	6	
455	463	3	
450	455	-4	
250	252	4	
251	252	2	
251	254	4	
249	254	-6	
249	253	-3	
250	253	-5	
480	484	2	
482	484	-4	
482	485	2	
481	485	4	
481	486	-5	
480	486	-2	
98	100	-5	
99	100	4	
99	163	-3	
163	166	4	
162	166	2	
98	162	-2	
424	431	5	
425	431	-3	
425	489	3	
489	495	-3	
488	495	-5	
424	488	4	
320	324	3	
323	324	5	
323	327	5	
321	327	-2	
321	325	-4	
320	325	-5	
10	12	3	
11	12	-5	
11	13	-3	
8	13	5	
8	15	4	
10	15	-3	
225	229	4	
229	237	-2	
235	237	3	
235	239	-4	
231	239	3	
225	231	-3	
24	28	-3	
27	28	2	
27	31	-4	
26	31	-2	
26	29	2	
24	29	-5	
1	5	-6	
2	5	5	
2	66	-5	
66	68	4	
65	68	-4	
1	65	5	
384	390	-4	
390	398	4	
393	398	-3	
393	399	3	
391	399	-5	
384	391	4	
464	468	5	
468	476	3	
474	476	3	
474	479	4	
471	479	-2	
464	471	4	
259	262	-4	
262	270	-5	
265	270	5	
265	271	4	
263	271	4	
259	263	5	
434	436	4	
436	444	-3	
442	444	-3	
442	446	3	
438	446	-2	
434	438	2	
400	404	6	
404	412	3	
410	412	3	
410	415	3	
407	415	4	
400	407	-4	
49	52	7	
52	60	1	
57	60	4	
57	61	5	
53	61	2	
49	53	-3	
216	222	-2	
217	222	2	
217	281	2	
281	287	3	
280	287	-3	
216	280	-2	
88	94	4	
89	94	5	
89	153	1	
153	157	-5	
152	157	-5	
88	152	-2	
16	21	-3	
17	21	4	
17	81	-3	
81	87	4	
80	87	-5	
16	80	2	
104	111	-3	
106	111	-3	
106	170	3	
170	174	3	
168	174	-3	
104	168	2	
274	276	-4	
275	276	-4	
275	339	2	
339	342	4	
338	342	4	
274	338	-2	
288	293	-6	
291	293	-3	
291	355	1	
355	359	2	
352	359	-3	
288	352	2	
232	236	5	
236	244	-2	
241	244	-4	
241	245	4	
237	245	3	
232	237	-3	
128	133	5	
130	133	4	
130	194	-2	
194	199	-3	
192	199	4	
128	192	-3	
176	180	5	
180	188	-3	
186	188	4	
186	189	-6	
181	189	3	
176	181	3	
74	76	4	
75	76	-3	
75	139	-2	
139	141	3	
74	138	-3	
201	204	4	
204	212	2	
209	212	-2	
209	213	-3	
205	213	-3	
201	205	4	
34	37	-3	
34	98	4	
98	103	3	
96	103	-3	
32	96	3	
371	374	4	
374	382	-4	
378	382	1	
375	383	3	
371	375	-1	
299	300	-3	
300	308	-1	
307	308	-2	
307	309	5	
301	309	-3	
299	301	-4	
112	116	-2	
116	124	-7	
123	124	-2	
118	126	-3	
112	118	-3	
502	510	2	
506	510	-5	
506	511	2	
503	511	3	
499	503	2	
392	398	4	
394	398	-3	
394	458	-3	
458	462	5	
456	462	-3	
392	456	4	
144	148	-4	
147	148	3	
147	211	3	
211	214	-3	
208	214	4	
144	208	2	
35	38	3	
38	46	2	
40	46	-4	
40	47	5	
39	47	2	
35	39	3	
417	421	-5	
421	429	-2	
427	429	3	
427	430	3	
417	422	-3	
328	332	-4	
331	332	-4	
329	333	-3	
328	333	4	
250	255	-2	
251	255	-4	
251	315	2	
315	319	-3	
314	319	-2	
250	314	-2	
344	349	3	
346	349	4	
346	350	3	
345	350	-2	
345	351	-5	
448	452	4	
449	453	-4	
451	453	-5	
451	455	-2	
448	455	5	
496	500	4	
497	500	-4	
497	501	6	
498	503	5	
496	503	5	
235	238	-1	
235	299	-2	
299	303	-2	
298	303	3	
234	298	3	
0	4	3	
2	6	-2	
0	5	4	
227	228	3	
225	230	-2	
226	231	3	
484	492	2	
488	492	4	
488	494	2	
486	494	2	
482	486	4	
50	53	2	
51	53	-3	
48	55	-3	
96	100	3	
100	108	-2	
106	108	-3	
103	111	-4	
304	308	3	
306	308	-3	
370	373	3	
243	246	4	
242	246	2	
65	69	-4	
65	71	-4	
477	485	-1	
483	485	-4	
479	487	-3	
472	479	4	
339	340	-3	
339	403	2	
403	405	-4	
337	401	-3	
21	29	3	
24	30	1	
22	30	2	
17	22	3	
90	92	2	
91	94	-2	
89	95	-1	
131	134	3	
136	142	2	
136	143	-4	
131	135	4	
408	412	-3	
409	412	-3	
409	414	3	
411	413	-2	
155	156	2	
156	164	-2	
159	167	3	
320	327	3	
323	387	1	
387	390	-2	
320	384	-1	
361	364	-4	
363	365	-3	
257	260	3	
257	263	3	
258	263	5	
256	261	5	
273	276	-4	
274	277	-4	
272	277	5	
441	445	-4	
443	446	-3	
440	446	-3	
43	44	4	
43	47	3	
41	47	-3	
41	45	-3	
290	294	-5	
290	354	1	
289	353	2	
18	23	2	
19	83	-2	
83	85	4	
18	82	-3	
433	436	-3	
435	436	4	
435	439	1	
432	438	6	
433	438	-3	
121	185	2	
185	189	2	
184	189	-3	
120	184	2	
202	205	-4	
203	205	-2	
200	206	-2	
145	148	-5	
146	148	2	
144	149	-4	
144	151	-2	
145	151	-1	
74	77	5	
74	78	-1	
281	284	-3	
282	286	3	
283	287	-3	
393	396	-4	
394	396	3	
458	460	-1	
393	457	3	
192	197	3	
193	198	-3	
195	198	-4	
195	199	-4	
107	109	-4	
109	117	2	
114	117	-2	
114	118	-3	
110	118	2	
107	110	3	
305	310	-2	
310	318	-4	
312	319	-3	
311	319	-4	
264	268	-4	
266	268	-4	
266	271	-2	
267	271	1	
267	269	-4	
11	15	6	
10	14	3	
8	14	-4	
152	158	3	
154	158	-2	
154	218	-3	
216	220	-3	
152	216	2	
506	508	4	
507	510	5	
505	509	-4	
424	428	2	
425	428	4	
425	429	-4	
427	431	-3	
168	172	-3	
169	175	4	
171	174	-4	
467	468	4	
464	470	2	
315	316	3	
315	379	3	
379	380	-3	
313	377	-3	
322	324	3	
324	332	4	
330	332	2	
330	333	2	
325	333	2	
322	325	2	
59	61	2	
57	62	4	
99	102	2	
161	166	-4	
97	161	-2	
177	180	-3	
177	241	-1	
241	247	-3	
176	240	-2	
232	239	-3	
233	239	2	
233	297	-3	
296	302	-4	
232	296	2	
345	348	3	
348	356	-3	
355	356	4	
355	357	-2	
349	357	-3	
345	349	2	
217	221	-3	
217	223	-4	
209	215	-5	
115	116	1	
119	127	-4	
115	119	-2	
386	389	-3	
387	451	5	
451	454	4	
450	454	-4	
386	450	-4	
336	343	-5	
338	402	2	
402	404	-1	
336	400	1	
372	380	1	
376	382	4	
369	374	2	
416	420	-5	
417	420	-3	
418	421	3	
416	422	-3	
249	252	4	
251	253	3	
248	253	4	
249	255	2	
25	28	-4	
28	36	1	
34	36	2	
34	39	-4	
288	292	2	
291	292	4	
289	295	-3	
288	295	-3	
81	84	3	
83	87	3	
80	86	4	
186	191	2	
185	190	2	
128	132	-3	
129	135	4	
131	133	-5	
475	476	4	
476	484	-2	
481	484	2	
478	486	2	
491	492	3	
491	495	-2	
490	495	4	
489	493	-2	
458	461	-4	
456	463	4	
146	150	-3	
146	210	1	
137	141	-3	
139	203	-3	
201	206	1	
137	201	-4	
333	341	-4	
337	341	3	
337	342	3	
334	342	4	
329	334	2	
27	29	3	
27	91	-1	
91	93	-3	
26	90	5	
385	388	-3	
394	399	4	
0	6	4	
1	6	2	
64	68	-2	
0	64	-3	
35	99	-2	
99	101	3	
33	97	-3	
40	44	-2	
44	52	4	
50	52	-4	
50	55	3	
47	55	-3	
233	236	2	
234	236	-3	
298	300	-4	
297	300	-4	
466	469	-2	
469	477	3	
473	478	4	
470	478	-2	
308	316	-4	
312	316	2	
309	317	-2	
304	309	3	
163	164	4	
164	172	-2	
170	173	2	
165	173	-2	
163	165	-1	
259	261	3	
261	269	1	
267	270	2	
281	285	4	
283	347	3	
347	351	-3	
281	345	4	
499	500	-4	
113	119	-2	
113	177	-3	
176	183	2	
112	176	1	
393	397	5	
397	405	3	
398	406	-2	
9	13	-4	
10	13	-3	
10	74	-4	
73	76	-2	
9	73	-4	
440	444	-4	
441	444	2	
441	505	-1	
440	504	2	
222	230	3	
224	230	-4	
224	231	-3	
223	231	1	
219	223	-3	
354	359	4	
355	419	-2	
419	420	3	
354	418	-2	
243	245	5	
243	307	1	
305	309	1	
241	305	-2	
426	490	2	
322	327	4	
8	12	1	
12	20	4	
17	20	-4	
14	22	-3	
104	108	-3	
105	110	-4	
107	111	-3	
401	404	3	
411	412	4	
411	415	2	
195	196	1	
192	198	3	
275	278	-4	
273	279	-4	
155	157	-2	
371	372	4	
368	375	-5	
369	375	2	
56	60	-3	
58	61	5	
506	509	-5	
504	511	-2	
117	125	-2	
121	126	3	
115	118	-3	
408	415	-4	
409	415	-3	
473	476	-2	
472	476	4	
226	290	3	
288	294	-2	
224	288	1	
93	101	-1	
98	101	-2	
95	103	-2	
88	95	3	
356	364	-2	
359	367	2	
332	340	2	
335	343	2	
330	335	-4	
51	52	-1	
51	54	-6	
48	53	-3	
200	204	-2	
202	204	2	
202	266	-2	
200	264	-2	
168	175	-2	
171	235	-2	
168	232	1	
315	317	4	
314	378	2	
430	438	-3	
431	439	4	
296	301	4	
299	302	-3	
298	302	3	
248	252	-3	
250	254	-3	
179	180	1	
182	190	2	
456	460	2	
460	468	2	
463	471	-2	
77	85	-2	
80	85	2	
79	87	2	
75	79	-4	
437	445	3	
434	437	3	
216	221	3	
218	221	-4	
218	282	1	
139	142	4	
142	150	-2	
144	150	-1	
143	151	-2	
139	143	-2	
19	20	2	
18	21	-3	
2	4	-4	
3	67	-3	
67	71	3	
89	92	2	
92	100	-1	
96	102	-3	
94	102	-2	
384	388	-2	
385	390	3	
386	390	-3	
384	389	-2	
344	348	3	
347	349	-4	
160	165	4	
169	173	4	
169	174	3	
166	174	-1	
160	166	-2	
72	76	3	
76	84	-1	
82	86	-2	
78	86	3	
72	78	2	
42	46	-2	
42	106	2	
106	109	3	
105	109	3	
362	426	3	
426	429	-4	
361	425	-3	
130	132	3	
129	134	4	
129	133	-2	
493	501	2	
498	502	-4	
494	502	2	
306	310	-3	
313	319	4	
26	28	4	
26	30	3	
27	30	-4	
24	31	4	
208	213	1	
207	215	2	
201	207	3	
480	485	4	
481	487	3	
114	116	-2	
120	124	-5	
120	127	4	
35	36	4	
35	37	4	
33	37	3	
259	260	3	
240	244	-2	
238	246	3	
232	238	-2	
284	292	3	
291	295	2	
287	295	4	
282	287	-2	
148	156	2	
152	156	1	
149	157	3	
210	212	3	
211	212	-4	
211	275	-2	
210	274	-3	
339	341	-2	
405	413	2	
410	413	-2	
406	414	3	
161	167	-3	
162	226	-2	
226	229	-1	
161	225	2	
370	374	4	
376	383	-2	
370	375	-2	
178	181	3	
183	191	-2	
178	183	-3	
355	358	5	
353	417	-3	
331	334	3	
326	334	2	
323	326	1	
448	453	-2	
457	461	3	
448	454	2	
270	278	-1	
271	279	-3	
242	245	-2	
242	247	-4	
239	247	2	
217	220	-4	
219	220	-3	
219	283	1	
64	69	3	
57	63	-2	
475	477	-1	
474	477	5	
394	397	-3	
467	470	-3	
465	471	-3	
443	444	-2	
443	447	-4	
442	447	-4	
40	45	-2	
43	45	2	
192	196	3	
193	196	3	
138	142	-2	
418	482	-3	
68	76	-3	
70	78	2	
66	70	2	
25	29	-3	
29	37	2	
32	38	-3	
450	452	-4	
459	460	4	
163	227	3	
160	224	1	
113	116	-3	
113	118	-2	
187	251	-1	
184	248	1	
357	365	-2	
354	357	4	
91	155	-1	
152	159	-3	
145	209	2	
315	318	1	
379	382	-3	
377	382	4	
178	180	-2	
179	181	2	
176	182	3	
368	372	2	
369	373	3	
401	406	1	
199	207	-3	
168	173	3	
170	175	2	
323	325	-3	
157	165	-2	
158	166	3	
285	293	-2	
280	285	-2	
203	267	-2	
298	301	-2	
297	303	3	
428	436	-1	
429	437	-2	
241	246	2	
385	389	3	
82	87	-1	
105	111	2	
99	103	-2	
507	508	3	
305	308	3	
307	311	2	
490	494	-1	
33	36	-2	
96	101	3	
227	291	-2	
291	294	-2	
225	289	2	
216	223	-4	
209	214	-2	
274	279	2	
209	273	2	
73	77	4	
352	358	-1	
352	416	-1	
40	104	3	
424	430	-2	
266	270	-1	
123	187	2	
89	93	4	
25	89	-3	
378	380	-5	
312	376	2	
339	343	-3	
440	445	2	
441	446	3	
483	484	4	
482	487	-3	
362	367	-3	
363	427	-2	
427	428	-4	
385	449	4	
456	461	3	
186	250	2	
185	249	2	
56	61	-2	
58	63	-2	
59	62	3	
234	237	2	
233	237	-3	
400	406	-2	
403	467	2	
400	464	3	
67	68	1	
71	79	4	
115	179	3	
179	183	3	
112	117	2	
475	479	3	
257	321	-3	
321	324	-1	
256	320	-3	
351	359	1	
155	219	-2	
218	222	-2	
138	143	-2	
242	306	2	
306	309	2	
240	304	-3	
371	435	2	
370	434	-2	
286	294	1	
162	164	2	
171	172	2	
167	175	-1	
84	92	3	
86	94	-1	
20	28	-2	
16	22	-3	
208	272	1	
465	468	-1	
466	468	3	
11	14	-2	
9	15	3	
225	228	3	
227	231	3	
72	136	2	
268	276	-1	
123	125	3	
417	481	-2	
85	93	-1	
3	5	1	
19	21	2	
23	31	1	
458	463	3	
472	478	-3	
42	47	-2	
172	180	-2	
235	236	-2	
234	239	-2	
280	344	2	
259	323	1	
331	333	1	
34	38	-3	
187	189	2	
184	191	-3	
186	190	2	
353	359	4	
200	205	-3	
210	215	1	
364	372	-1	
367	375	-3	
194	197	-3	
193	199	2	
403	404	-3	
402	407	-4	
111	119	1	
128	135	-3	
128	134	-3	
45	53	-3	
46	54	2	
81	145	-1	
80	144	-3	
302	310	1	
392	399	3	
377	383	3	
69	77	1	
74	79	-1	
206	214	1	
202	206	3	
97	103	-2	
276	284	-2	
278	286	2	
439	447	2	
350	358	-3	
495	503	-1	
174	182	-2	
386	388	2	
384	448	3	
265	269	2	
17	23	2	
15	23	-2	
154	157	-1	
108	116	1	
258	322	-1	
340	348	1	
343	351	-1	
314	318	2	
504	510	-3	
299	363	-2	
297	361	1	
258	262	2	
492	500	-1	
402	466	2	
401	465	3	
65	70	-1	
220	228	-1	
13	21	1	
289	292	-2	
83	147	-1	
90	94	2	
24	88	1	
73	137	1	
59	123	-1	
57	121	1	
304	311	2	
353	356	1	
408	414	1	
55	63	-1	
106	110	-2	
105	169	-1	
279	287	1	
298	362	1	
87	95	-1	
424	429	-1	
488	493	1	
327	335	-2	
260	268	-2	
264	271	2	
96	160	1	
498	500	2	
500	508	-1	
427	491	1	
8	72	-2	
244	252	3	
228	236	-2	
464	469	-2	
1	4	1	
303	311	-1	
272	276	-1	
277	285	1	
221	229	1	
365	373	2	
187	188	-2	
48	52	1	
320	326	-1	
153	159	-1	
249	313	-1	
248	312	1	
211	213	-2	
264	270	-2	
82	146	-1	
97	100	1	
121	124	2	
163	167	3	
274	278	-1	
240	245	-1	
203	207	1	
499	501	2	
153	217	-1	
281	286	2	
369	433	1	
432	436	-1	
368	432	1	
425	430	-1	
443	507	1	
419	422	-1	
32	39	-1	
283	284	2	
282	346	1	
399	407	1	
269	277	-1	
150	158	2	
151	159	-1	
505	510	1	
336	342	1	
449	455	2	
98	102	-2	
245	253	-1	
67	131	1	
64	128	-1	
483	486	1	
290	293	-1	
426	431	1	
230	238	1	
459	462	1	
114	178	1	
485	493	-1	
487	495	-1	
256	263	-1	
49	54	1	
Energy:	-2902	
