NumberOfQubits	504	
NumberOfSubgraphs	504	
Serial	374	
PlantedSolution:	
0	-1	
1	-1	
2	1	
3	1	
4	-1	
5	-1	
6	-1	
8	1	
9	-1	
10	1	
11	-1	
12	-1	
13	1	
14	-1	
15	1	
16	-1	
17	1	
18	1	
19	-1	
20	-1	
21	1	
22	-1	
23	1	
24	1	
25	-1	
26	1	
27	1	
28	-1	
29	1	
30	-1	
31	-1	
32	1	
33	-1	
34	1	
35	-1	
36	1	
37	-1	
38	1	
39	-1	
40	1	
41	1	
42	1	
43	1	
44	1	
45	1	
46	1	
47	1	
48	1	
49	1	
50	-1	
51	-1	
52	-1	
53	1	
54	1	
55	1	
56	-1	
57	-1	
58	-1	
59	-1	
60	-1	
61	-1	
62	1	
63	-1	
64	-1	
65	-1	
66	1	
67	-1	
68	-1	
69	-1	
70	-1	
71	-1	
72	1	
73	-1	
74	1	
75	-1	
76	-1	
77	1	
78	-1	
79	-1	
80	1	
81	1	
82	1	
83	-1	
84	-1	
85	-1	
86	-1	
87	1	
88	-1	
89	-1	
90	-1	
91	1	
92	-1	
93	1	
94	1	
95	1	
96	-1	
97	-1	
98	-1	
99	-1	
100	1	
101	-1	
102	1	
103	-1	
104	1	
105	-1	
106	-1	
107	1	
108	1	
109	-1	
110	-1	
111	-1	
112	1	
113	-1	
114	-1	
115	1	
116	-1	
117	-1	
118	-1	
119	-1	
120	1	
121	1	
123	-1	
124	1	
125	1	
126	1	
127	-1	
128	-1	
129	-1	
130	1	
131	-1	
132	-1	
133	1	
134	1	
135	-1	
136	-1	
137	-1	
138	1	
139	1	
141	-1	
142	-1	
143	-1	
144	1	
145	-1	
146	-1	
147	-1	
148	1	
149	-1	
150	-1	
151	1	
152	-1	
153	-1	
154	1	
155	-1	
156	1	
157	-1	
158	-1	
159	1	
160	-1	
161	-1	
162	-1	
163	-1	
164	-1	
165	1	
166	-1	
167	1	
168	-1	
169	-1	
170	-1	
171	1	
172	1	
173	1	
174	1	
175	-1	
176	1	
177	-1	
178	1	
179	1	
180	-1	
181	-1	
182	-1	
183	1	
184	-1	
185	-1	
186	-1	
187	-1	
188	-1	
189	1	
190	1	
191	1	
192	1	
193	-1	
194	-1	
195	-1	
196	1	
197	-1	
198	1	
199	1	
200	1	
201	-1	
202	1	
203	1	
204	-1	
205	1	
206	-1	
207	1	
208	-1	
209	-1	
210	-1	
211	-1	
212	-1	
213	1	
214	-1	
215	1	
216	1	
217	1	
218	-1	
219	1	
220	-1	
221	1	
222	1	
223	1	
224	-1	
225	1	
226	1	
227	1	
228	-1	
229	-1	
230	-1	
231	-1	
232	-1	
233	1	
234	-1	
235	1	
236	1	
237	-1	
238	1	
239	1	
240	1	
241	1	
242	-1	
243	-1	
244	-1	
245	1	
246	-1	
247	-1	
248	-1	
249	-1	
250	1	
251	-1	
252	1	
253	-1	
254	1	
255	-1	
256	1	
257	1	
258	1	
259	-1	
260	1	
261	1	
262	-1	
263	1	
264	-1	
265	1	
266	-1	
267	-1	
268	1	
269	-1	
270	1	
271	-1	
272	1	
273	1	
274	-1	
275	1	
276	-1	
277	1	
278	1	
279	-1	
280	1	
281	1	
282	1	
283	1	
284	1	
285	-1	
286	-1	
287	1	
288	-1	
289	1	
290	-1	
291	-1	
292	1	
293	-1	
294	1	
295	-1	
296	1	
297	1	
298	-1	
299	1	
300	1	
301	-1	
302	1	
303	1	
304	1	
305	-1	
306	-1	
307	1	
308	-1	
309	-1	
310	-1	
311	-1	
312	-1	
313	-1	
314	1	
315	1	
316	-1	
317	-1	
318	1	
319	1	
320	1	
321	-1	
322	1	
323	1	
324	-1	
325	-1	
326	1	
327	1	
328	1	
329	-1	
330	1	
331	1	
332	-1	
333	1	
334	-1	
335	-1	
336	1	
337	1	
338	-1	
339	1	
340	-1	
341	-1	
342	1	
343	1	
344	1	
345	1	
346	1	
347	-1	
348	-1	
349	1	
350	1	
351	1	
352	1	
353	-1	
354	1	
355	1	
356	1	
357	1	
358	1	
359	1	
361	-1	
362	-1	
363	-1	
364	1	
365	1	
367	-1	
368	-1	
369	-1	
370	1	
371	1	
372	1	
373	-1	
374	-1	
375	1	
376	-1	
377	-1	
378	1	
379	-1	
380	1	
382	-1	
383	-1	
384	1	
385	-1	
386	1	
387	1	
388	-1	
389	-1	
390	-1	
391	-1	
392	1	
393	-1	
394	1	
396	1	
397	-1	
398	-1	
399	1	
400	1	
401	1	
402	-1	
403	1	
404	-1	
405	-1	
406	1	
407	1	
408	-1	
409	1	
410	-1	
411	-1	
412	-1	
413	-1	
414	1	
415	-1	
416	1	
417	-1	
418	-1	
419	-1	
420	-1	
421	1	
422	1	
424	-1	
425	-1	
426	1	
427	-1	
428	1	
429	1	
430	-1	
431	-1	
432	-1	
433	1	
434	-1	
435	-1	
436	-1	
437	1	
438	1	
439	1	
440	-1	
441	1	
442	1	
443	1	
444	1	
445	1	
446	-1	
447	1	
448	-1	
449	-1	
450	1	
451	-1	
452	1	
453	1	
454	1	
455	-1	
456	-1	
457	-1	
458	-1	
459	-1	
460	-1	
461	1	
462	-1	
463	-1	
464	1	
465	1	
466	-1	
467	-1	
468	-1	
469	-1	
470	1	
471	1	
472	-1	
473	-1	
474	1	
475	-1	
476	-1	
477	1	
478	-1	
479	-1	
480	-1	
481	-1	
482	-1	
483	-1	
484	1	
485	-1	
486	1	
487	-1	
488	1	
489	-1	
490	-1	
491	1	
492	-1	
493	1	
494	1	
495	-1	
496	1	
497	1	
498	1	
499	1	
500	1	
501	-1	
502	1	
503	-1	
504	-1	
505	1	
506	-1	
507	-1	
508	1	
509	1	
510	1	
511	-1	
Js:	
153	158	-3	
154	158	2	
154	218	-1	
218	221	4	
217	221	-2	
153	217	3	
330	332	4	
331	332	-1	
331	333	-4	
329	333	3	
329	334	-2	
330	334	4	
320	327	-3	
322	327	-3	
322	386	-2	
386	391	2	
384	391	3	
320	384	-2	
353	356	3	
354	356	-3	
354	359	-4	
355	359	2	
355	357	-1	
353	357	5	
17	21	-3	
19	21	3	
19	22	4	
18	22	3	
18	23	-4	
17	23	-2	
104	108	-3	
108	116	2	
114	116	-5	
114	119	-2	
111	119	-2	
104	111	-1	
96	100	6	
99	100	-1	
99	102	4	
97	102	3	
97	101	-2	
96	101	-4	
401	404	2	
403	404	2	
403	405	2	
400	405	3	
400	407	-2	
401	407	2	
409	412	2	
410	412	-3	
410	414	4	
411	414	2	
411	413	3	
409	413	2	
241	244	-3	
244	252	1	
249	252	2	
249	254	4	
246	254	3	
241	246	3	
225	228	-2	
227	228	2	
227	291	1	
291	292	2	
289	292	-3	
225	289	-2	
75	76	-4	
76	84	-1	
83	84	-5	
83	87	2	
79	87	1	
75	79	1	
34	37	4	
37	45	1	
41	45	-3	
41	46	-3	
38	46	-1	
34	38	2	
170	172	2	
172	180	4	
178	180	3	
178	181	3	
173	181	3	
170	173	4	
296	300	-2	
297	300	-3	
297	303	-3	
298	303	-2	
298	301	-2	
296	301	4	
57	62	2	
59	62	3	
59	123	-2	
123	127	-1	
121	127	3	
57	121	-3	
345	348	4	
346	348	2	
346	351	-3	
344	351	-4	
344	350	-3	
345	350	1	
257	260	-2	
258	260	-3	
258	262	2	
256	262	3	
256	261	-3	
257	261	-3	
200	204	3	
203	204	-1	
203	207	-1	
202	207	-1	
202	206	5	
200	206	3	
312	316	-3	
313	316	-3	
313	317	2	
314	317	3	
314	318	-3	
312	318	3	
9	12	4	
10	12	3	
10	13	-2	
11	13	3	
11	14	-3	
9	14	-3	
208	213	-4	
209	213	3	
209	273	2	
273	278	-5	
272	278	-1	
208	272	1	
456	461	2	
461	469	2	
466	469	-4	
466	471	1	
463	471	1	
456	463	3	
73	78	-3	
74	78	4	
74	138	-2	
138	142	2	
137	142	-3	
73	137	-2	
65	70	2	
67	70	-3	
67	131	-2	
131	133	3	
129	133	3	
65	129	-2	
368	373	-3	
370	373	5	
370	375	-2	
371	375	-3	
371	374	3	
368	374	-2	
155	156	3	
156	164	-1	
161	164	-3	
161	165	3	
157	165	1	
155	157	-2	
24	29	-4	
27	29	-2	
27	91	-3	
91	93	2	
88	93	3	
24	88	2	
377	382	-3	
379	382	-3	
379	443	-1	
443	447	-4	
441	447	-2	
377	441	3	
32	36	-3	
36	44	-3	
42	44	-4	
42	47	-1	
39	47	-3	
32	39	3	
49	52	4	
50	52	-1	
50	53	4	
48	53	1	
48	55	-3	
49	55	-2	
280	284	-2	
282	284	1	
282	286	3	
281	286	3	
281	287	-3	
280	287	-3	
504	509	2	
506	509	5	
506	510	3	
505	510	-2	
505	511	4	
504	511	4	
264	268	1	
265	268	-3	
265	270	3	
267	270	3	
267	269	-1	
264	269	-3	
432	436	3	
435	436	-3	
435	439	3	
433	439	-2	
433	437	-2	
432	437	4	
1	4	-3	
3	4	5	
3	6	4	
0	6	3	
0	5	-3	
1	5	-4	
488	492	3	
489	492	5	
489	495	-3	
491	495	3	
491	493	-3	
488	493	-4	
192	197	2	
194	197	3	
194	198	4	
195	198	2	
195	199	3	
192	199	-4	
416	420	3	
419	420	-3	
419	422	4	
417	422	-4	
417	421	3	
416	421	-4	
472	476	-4	
476	484	-2	
480	484	2	
480	485	-5	
477	485	3	
472	477	3	
145	148	4	
147	148	3	
147	150	-3	
144	150	3	
144	151	-2	
145	151	3	
184	189	1	
186	189	3	
186	191	4	
185	191	5	
185	190	-2	
184	190	4	
424	428	4	
427	428	3	
427	431	-2	
426	431	2	
426	430	4	
424	430	3	
497	500	-3	
498	500	2	
498	501	3	
499	501	4	
499	503	4	
497	503	4	
450	452	1	
451	452	4	
451	453	3	
449	453	4	
449	454	4	
450	454	-4	
235	237	2	
237	245	1	
243	245	2	
243	247	2	
239	247	2	
235	239	-2	
210	212	-4	
212	220	-2	
216	220	3	
216	222	-4	
214	222	2	
210	214	-2	
336	341	3	
339	341	4	
339	343	-2	
338	343	3	
338	342	-3	
336	342	-2	
393	396	-2	
394	396	-3	
394	399	-3	
392	399	-2	
392	397	3	
393	397	-4	
113	117	1	
115	117	2	
115	179	-2	
179	183	-2	
177	183	3	
113	177	-3	
305	308	-3	
306	308	-3	
306	310	-3	
304	310	3	
304	309	4	
305	309	-3	
474	478	-1	
478	486	3	
483	486	3	
483	487	-2	
479	487	-4	
474	479	3	
361	364	4	
362	364	2	
362	365	5	
363	365	4	
363	367	2	
361	367	-3	
459	460	-4	
460	468	-1	
465	468	3	
465	470	-3	
462	470	-2	
459	462	-3	
160	166	3	
166	174	1	
171	174	-1	
171	175	4	
167	175	2	
160	167	3	
321	324	-1	
323	324	3	
323	387	-2	
387	389	-4	
385	389	-3	
321	385	-2	
64	69	-2	
66	69	4	
66	130	1	
130	135	4	
128	135	-3	
64	128	-1	
224	229	3	
226	229	2	
226	290	1	
290	294	2	
288	294	3	
224	288	-2	
25	31	3	
26	31	2	
26	90	3	
90	92	-3	
89	92	-1	
25	89	-2	
376	383	-3	
378	383	2	
378	442	-3	
442	446	2	
440	446	3	
376	440	-3	
266	269	-4	
269	277	3	
275	277	-4	
275	279	2	
271	279	3	
266	271	-4	
250	252	5	
251	252	2	
251	253	-6	
248	253	-2	
248	255	-4	
250	255	3	
136	141	-3	
141	149	-1	
146	149	-3	
146	151	2	
143	151	1	
136	143	3	
168	173	1	
169	173	-2	
169	233	2	
233	236	-3	
232	236	3	
168	232	-3	
106	109	2	
109	117	-2	
112	117	1	
112	118	5	
110	118	-2	
106	110	-3	
16	20	-3	
18	20	2	
18	82	-3	
82	85	2	
80	85	2	
16	80	4	
58	60	-3	
59	60	-2	
59	61	-3	
56	61	-4	
56	63	-2	
58	63	4	
72	77	-3	
77	85	1	
81	85	-2	
81	86	2	
78	86	-1	
72	78	1	
234	238	3	
235	238	-3	
235	299	2	
299	302	-3	
298	302	3	
234	298	-2	
307	309	3	
309	317	-3	
315	317	2	
315	319	-3	
311	319	3	
307	311	-2	
496	500	-4	
500	508	2	
507	508	4	
507	510	4	
502	510	-2	
496	502	-2	
120	126	3	
123	126	3	
123	187	-1	
187	188	-3	
184	188	-3	
120	184	1	
274	276	-5	
276	284	1	
283	284	-3	
283	285	3	
277	285	-1	
274	277	2	
91	94	2	
94	102	-1	
98	102	2	
98	103	-2	
95	103	2	
91	95	-2	
211	212	-3	
219	220	-3	
219	223	-3	
215	223	-1	
211	215	3	
176	182	3	
178	182	1	
178	242	3	
242	244	-2	
240	244	-1	
176	240	-3	
193	196	4	
195	196	1	
195	259	-1	
259	263	3	
257	263	-2	
193	257	-1	
425	429	3	
429	437	-2	
434	437	-2	
434	438	4	
430	438	2	
425	430	-2	
337	340	3	
338	340	2	
338	402	-2	
402	406	3	
401	406	-3	
337	401	-2	
347	349	2	
349	357	-2	
352	357	-1	
352	358	4	
350	358	-1	
347	350	4	
40	46	-3	
43	46	-3	
43	107	-3	
107	110	2	
104	110	3	
40	104	-3	
393	398	-2	
394	398	3	
394	458	2	
458	460	-4	
457	460	1	
393	457	-2	
418	421	3	
418	482	-4	
482	484	4	
481	484	3	
417	481	-5	
384	388	2	
386	388	3	
386	450	-2	
450	455	3	
448	455	-4	
384	448	2	
137	141	-2	
139	141	2	
139	203	-2	
203	205	3	
201	205	4	
137	201	-2	
162	165	2	
163	165	3	
163	227	3	
227	230	2	
226	230	3	
162	226	3	
27	28	2	
28	36	1	
35	36	1	
35	38	4	
30	38	2	
27	30	-4	
369	372	1	
372	380	-3	
376	380	2	
376	382	3	
374	382	-1	
369	374	-4	
408	415	-4	
411	415	-2	
411	475	-3	
475	476	-3	
408	472	2	
323	325	2	
325	333	1	
328	333	-2	
328	335	1	
327	335	-2	
323	327	-2	
65	71	-4	
67	71	-1	
131	132	-2	
129	132	2	
400	406	2	
403	406	-2	
403	467	2	
467	471	4	
464	471	-2	
400	464	-3	
51	53	4	
51	54	-2	
48	54	-2	
50	55	3	
8	13	-4	
9	13	2	
11	15	3	
8	15	-3	
290	293	-2	
291	293	1	
291	295	-5	
288	295	-2	
440	444	-1	
442	444	-3	
441	446	3	
441	445	-3	
440	445	2	
152	156	2	
154	156	-4	
154	157	3	
155	159	4	
152	159	3	
491	492	3	
491	494	-2	
490	494	4	
490	495	-3	
2	5	4	
2	66	-3	
66	68	3	
64	68	-2	
0	64	-3	
42	45	-2	
42	106	-3	
106	108	1	
105	108	3	
41	105	3	
57	61	-1	
121	124	-4	
120	124	-2	
56	120	1	
320	324	4	
324	332	1	
328	332	3	
328	334	2	
326	334	2	
320	326	-2	
130	134	-1	
134	142	2	
136	142	-2	
135	143	-3	
217	222	-3	
222	230	-1	
225	230	4	
225	231	2	
223	231	2	
217	223	-3	
473	477	1	
480	487	-3	
473	479	2	
33	39	-2	
35	39	-3	
35	99	-3	
99	103	3	
97	103	-3	
33	97	-3	
385	390	-2	
387	390	2	
387	451	-1	
385	449	-1	
81	84	2	
80	87	-3	
80	86	-2	
202	205	-1	
205	213	-1	
211	213	2	
211	214	-2	
206	214	1	
219	221	-3	
219	283	-2	
283	287	-2	
282	287	-3	
218	282	-1	
314	316	-2	
315	318	-2	
312	319	2	
457	461	3	
458	461	2	
458	463	-3	
456	462	-3	
457	462	-2	
428	436	2	
432	439	1	
431	439	2	
424	431	-3	
497	501	2	
499	502	-3	
496	503	-2	
179	180	1	
180	188	-2	
186	188	-1	
181	189	-2	
179	181	3	
25	28	-4	
26	28	2	
26	29	-2	
24	31	3	
299	300	-2	
300	308	-1	
305	311	-3	
303	311	2	
299	303	-3	
168	175	-3	
170	175	1	
170	234	-2	
232	238	2	
504	508	4	
505	508	-1	
505	509	-3	
506	511	-2	
272	276	-2	
274	278	3	
273	279	3	
272	279	3	
192	198	-2	
194	258	1	
256	260	-2	
192	256	1	
240	245	-3	
243	307	3	
307	310	2	
240	304	2	
266	268	3	
267	268	4	
265	271	2	
336	340	3	
337	341	3	
339	342	-3	
12	20	-1	
17	20	3	
15	23	1	
10	15	-3	
355	358	-5	
355	419	2	
352	416	-2	
371	372	-4	
379	380	3	
379	383	-2	
375	383	2	
346	410	-1	
408	414	1	
344	408	1	
146	148	2	
147	149	2	
145	150	-1	
160	164	-2	
162	164	-3	
162	166	-2	
163	166	-3	
163	167	4	
249	255	-2	
247	255	1	
241	247	4	
113	118	-3	
176	183	3	
112	176	-1	
88	92	-3	
92	100	1	
93	101	-2	
74	76	2	
75	77	-1	
72	79	2	
74	79	3	
361	365	2	
362	426	-2	
426	429	-2	
361	425	-3	
105	109	-3	
107	109	-1	
107	171	-2	
171	172	-3	
169	172	2	
105	169	-2	
356	364	-3	
363	364	3	
359	367	3	
466	468	4	
467	469	-1	
467	470	3	
392	396	-3	
396	404	1	
402	404	-3	
402	405	-2	
397	405	1	
52	60	2	
58	62	3	
54	62	-2	
49	54	-3	
196	204	3	
201	204	1	
201	207	3	
199	207	-3	
193	199	2	
369	373	-2	
370	434	-2	
433	438	-2	
369	433	2	
224	228	-2	
228	236	-2	
233	239	-3	
231	239	3	
224	231	-1	
116	124	3	
121	125	-2	
117	125	-4	
114	117	-4	
3	5	-1	
2	6	3	
1	6	-3	
347	348	-3	
347	411	-1	
345	409	-1	
281	285	2	
285	293	-1	
289	293	-4	
289	294	-2	
286	294	2	
187	191	1	
187	251	-1	
249	253	-2	
185	249	1	
483	485	-2	
485	493	1	
490	493	1	
486	494	1	
89	94	2	
90	94	3	
90	154	2	
89	153	1	
436	444	3	
443	444	-2	
439	447	2	
448	452	3	
451	454	2	
322	324	-3	
322	326	-3	
321	326	3	
321	325	-5	
320	325	2	
128	132	-2	
130	132	2	
130	133	2	
131	134	2	
128	134	2	
34	36	-1	
40	44	-3	
40	47	-2	
34	39	1	
257	262	3	
259	262	-3	
256	263	2	
298	300	-3	
296	302	-3	
297	302	-1	
144	148	-2	
146	210	-2	
210	215	2	
208	215	-1	
144	208	3	
19	20	-1	
16	21	4	
16	22	1	
17	22	1	
384	390	2	
390	398	4	
392	398	2	
391	399	4	
329	332	-2	
331	334	2	
331	335	3	
329	335	2	
418	422	2	
473	476	-3	
474	476	-1	
474	477	-3	
475	477	1	
475	478	-3	
473	478	-3	
115	118	2	
118	126	2	
120	127	3	
119	127	-3	
115	119	4	
65	68	-3	
67	68	-3	
64	70	-4	
64	71	2	
313	319	2	
314	319	-2	
314	378	-2	
378	382	2	
313	377	2	
153	159	3	
217	220	-1	
152	216	2	
33	37	2	
34	98	4	
404	412	-3	
408	412	1	
407	415	3	
403	407	-3	
186	190	-3	
186	250	1	
184	248	-1	
284	292	-2	
287	295	-1	
138	141	3	
138	143	3	
139	143	3	
139	142	3	
264	270	4	
270	278	-1	
275	278	-2	
264	271	-2	
229	237	-3	
234	237	-2	
234	239	2	
226	231	-2	
179	182	2	
174	182	3	
170	174	3	
348	356	-1	
243	244	-2	
306	309	1	
242	306	-2	
43	44	-1	
107	111	3	
106	111	-3	
193	197	-2	
197	205	-2	
200	205	-1	
200	207	-3	
493	501	-3	
498	502	-3	
494	502	-1	
488	494	-2	
53	61	2	
58	61	-2	
55	63	2	
51	55	2	
387	388	1	
388	396	3	
394	397	1	
389	397	-3	
443	445	1	
443	507	2	
507	511	-1	
441	505	-2	
82	84	2	
84	92	-2	
88	95	2	
87	95	2	
82	87	-2	
69	77	4	
73	77	3	
73	79	-2	
71	79	-3	
66	71	2	
29	37	-1	
32	37	3	
32	38	-1	
26	30	3	
459	461	2	
464	469	4	
464	470	-2	
11	12	-2	
9	15	2	
145	209	-3	
369	375	-2	
163	164	1	
161	166	-2	
161	167	1	
363	427	-3	
427	429	4	
336	343	-2	
268	276	-1	
275	276	2	
481	486	3	
481	487	-2	
475	479	2	
216	221	2	
218	223	3	
219	222	-1	
24	28	3	
25	30	-1	
27	31	3	
345	349	3	
346	349	-3	
346	350	-2	
345	351	-2	
168	172	1	
177	180	1	
177	182	-3	
168	174	4	
224	230	-2	
288	293	-3	
194	196	2	
202	204	-3	
198	206	2	
401	405	1	
401	465	2	
465	471	-4	
50	54	3	
50	114	1	
113	116	-2	
49	113	2	
302	310	1	
305	310	1	
434	498	1	
433	497	-2	
19	23	2	
19	83	-2	
83	86	3	
82	86	2	
419	421	1	
100	108	-2	
104	109	-2	
101	109	-2	
378	380	-3	
442	447	-2	
440	447	2	
427	430	-1	
427	491	-1	
426	490	3	
248	254	2	
250	254	-2	
57	63	-2	
59	63	-2	
123	125	4	
412	420	-2	
418	420	-3	
414	422	2	
409	414	-2	
368	372	-3	
371	435	1	
435	437	1	
368	432	-1	
322	325	-2	
386	389	1	
241	245	-1	
242	245	2	
242	247	-1	
240	247	-2	
240	246	3	
209	214	-3	
209	215	2	
233	297	-2	
297	301	3	
232	296	2	
452	460	2	
455	463	-2	
315	316	2	
315	379	3	
377	383	-3	
40	45	-3	
43	45	3	
43	47	-2	
41	47	-2	
89	93	3	
90	95	1	
149	157	-3	
152	157	-2	
152	158	-3	
150	158	-1	
8	14	3	
10	14	-1	
10	74	-3	
72	76	3	
8	72	-1	
48	52	3	
51	52	-2	
51	115	2	
112	119	2	
48	112	3	
398	406	1	
402	407	-1	
399	407	-1	
393	399	2	
185	189	1	
187	189	3	
187	190	3	
259	260	3	
258	263	-3	
258	261	2	
330	335	2	
0	4	-3	
129	134	3	
128	133	3	
280	285	2	
282	285	3	
283	286	2	
280	286	2	
98	162	1	
97	161	-1	
17	81	-3	
362	367	3	
353	359	2	
425	431	-3	
425	489	-2	
424	488	2	
235	236	-2	
227	229	4	
105	111	1	
169	175	-2	
203	267	1	
201	265	1	
70	78	-2	
66	70	-1	
308	316	-2	
310	318	2	
334	342	2	
335	343	2	
409	415	2	
410	415	-1	
410	474	2	
409	473	3	
453	461	1	
454	462	1	
467	468	-2	
466	470	2	
33	36	3	
35	37	-1	
153	156	-1	
155	158	-2	
499	500	-1	
498	503	1	
443	446	2	
442	445	-3	
385	388	-3	
386	390	2	
387	391	2	
385	391	1	
138	202	-2	
136	200	2	
192	196	-2	
195	197	-3	
483	484	1	
482	487	1	
178	183	-2	
323	326	-2	
290	292	3	
290	295	-3	
56	60	-3	
57	60	2	
304	311	-1	
123	124	3	
3	67	2	
75	139	-2	
72	136	2	
408	413	-3	
410	413	-1	
102	110	2	
103	111	-2	
261	269	-1	
262	270	1	
291	355	1	
354	358	1	
290	354	1	
22	30	-2	
23	31	3	
281	284	3	
426	428	1	
490	492	-1	
171	235	1	
233	238	-2	
457	463	-2	
392	456	2	
209	212	-1	
210	213	1	
208	214	-2	
507	509	-1	
11	75	1	
75	78	-1	
336	400	-1	
251	255	-2	
160	165	2	
160	224	-2	
175	183	2	
85	93	2	
89	95	3	
148	156	1	
144	149	1	
459	463	-1	
451	455	2	
299	301	2	
312	376	-1	
370	374	2	
434	439	2	
161	225	2	
419	483	-2	
495	503	-2	
377	380	1	
368	375	2	
42	46	-2	
120	125	-2	
339	403	-1	
20	28	-2	
21	29	1	
267	271	-1	
267	331	-2	
265	329	3	
307	308	2	
241	305	1	
88	94	2	
86	94	2	
441	444	1	
438	446	2	
435	438	2	
420	428	-1	
421	429	-1	
137	143	1	
203	206	2	
201	206	-1	
4	12	-1	
8	12	1	
6	14	1	
464	468	1	
468	476	1	
469	477	1	
185	188	-1	
354	357	-3	
352	359	-3	
353	358	3	
193	198	2	
147	151	1	
147	211	2	
321	327	2	
65	69	1	
449	452	2	
450	453	2	
448	453	2	
99	101	-1	
98	101	-1	
232	237	-2	
233	237	-2	
272	277	2	
281	345	1	
280	344	-2	
49	53	-1	
411	412	-1	
405	413	-3	
158	166	-1	
159	167	1	
266	330	-1	
264	328	2	
249	313	-1	
312	317	-2	
248	312	-1	
432	496	-1	
13	21	-1	
14	22	-1	
82	146	1	
146	150	-2	
80	144	-1	
91	92	2	
179	243	2	
177	241	2	
291	294	2	
294	302	-1	
296	303	1	
295	303	1	
242	246	-2	
304	308	1	
129	135	1	
218	220	-2	
220	228	-1	
489	494	2	
416	480	-3	
1	65	2	
440	504	1	
41	44	-1	
370	372	1	
176	180	1	
176	181	-1	
273	276	1	
274	338	-2	
337	342	-3	
273	337	-1	
204	212	1	
207	215	-1	
81	87	2	
213	221	-1	
218	222	1	
332	340	-1	
333	341	1	
330	333	1	
25	29	-2	
98	100	-2	
32	96	2	
306	311	-1	
504	510	1	
503	511	-1	
184	191	2	
151	159	1	
448	454	1	
449	455	1	
226	228	1	
384	389	1	
131	135	-1	
131	195	-2	
130	194	2	
352	356	1	
344	348	-1	
347	351	2	
434	436	-1	
259	261	1	
472	479	-1	
472	478	-2	
248	252	2	
250	253	1	
83	147	-1	
81	145	-1	
406	414	1	
113	119	1	
91	155	1	
216	280	-1	
482	486	1	
480	486	1	
506	508	1	
501	509	1	
496	501	1	
292	300	1	
293	301	-1	
73	76	-1	
129	193	-1	
128	192	-1	
236	244	1	
365	373	1	
371	373	1	
367	375	1	
275	339	-2	
339	340	2	
272	336	-1	
313	318	-2	
355	356	1	
33	38	-2	
121	126	2	
458	462	1	
245	253	-1	
251	254	1	
68	76	-1	
67	69	1	
437	445	-1	
162	167	1	
227	231	2	
208	212	1	
488	495	1	
305	369	-1	
304	368	1	
259	323	1	
257	321	-1	
282	346	-1	
344	349	1	
83	85	-1	
288	292	-1	
342	350	-1	
343	351	-1	
337	343	2	
9	73	-1	
153	157	1	
243	246	1	
274	279	-1	
133	141	-1	
107	108	-1	
400	404	-1	
402	466	-1	
258	322	-1	
256	320	1	
234	236	-1	
289	353	1	
288	352	1	
425	428	1	
340	348	-1	
341	349	1	
497	502	1	
481	485	-1	
165	173	-1	
171	173	1	
442	506	-1	
210	274	1	
Energy:	-2134	
