NumberOfQubits	504	
NumberOfSubgraphs	840	
Serial	447	
PlantedSolution:	
0	-1	
1	1	
2	1	
3	1	
4	-1	
5	1	
6	1	
8	-1	
9	-1	
10	-1	
11	1	
12	1	
13	1	
14	1	
15	-1	
16	1	
17	1	
18	-1	
19	-1	
20	-1	
21	1	
22	1	
23	-1	
24	1	
25	-1	
26	-1	
27	1	
28	-1	
29	1	
30	-1	
31	1	
32	1	
33	-1	
34	-1	
35	-1	
36	1	
37	1	
38	1	
39	1	
40	1	
41	-1	
42	-1	
43	-1	
44	1	
45	-1	
46	1	
47	1	
48	1	
49	1	
50	-1	
51	-1	
52	-1	
53	1	
54	-1	
55	-1	
56	-1	
57	-1	
58	1	
59	-1	
60	-1	
61	-1	
62	-1	
63	-1	
64	-1	
65	1	
66	-1	
67	1	
68	-1	
69	-1	
70	1	
71	1	
72	1	
73	1	
74	-1	
75	-1	
76	1	
77	-1	
78	-1	
79	-1	
80	1	
81	-1	
82	-1	
83	1	
84	-1	
85	-1	
86	-1	
87	1	
88	1	
89	-1	
90	-1	
91	-1	
92	1	
93	-1	
94	1	
95	-1	
96	-1	
97	1	
98	-1	
99	1	
100	-1	
101	1	
102	1	
103	1	
104	-1	
105	1	
106	1	
107	-1	
108	-1	
109	1	
110	-1	
111	1	
112	-1	
113	-1	
114	-1	
115	1	
116	-1	
117	1	
118	1	
119	-1	
120	1	
121	-1	
123	-1	
124	-1	
125	1	
126	1	
127	-1	
128	-1	
129	1	
130	-1	
131	-1	
132	1	
133	1	
134	1	
135	1	
136	-1	
137	-1	
138	1	
139	-1	
141	1	
142	1	
143	-1	
144	1	
145	-1	
146	-1	
147	1	
148	1	
149	-1	
150	-1	
151	1	
152	1	
153	1	
154	-1	
155	1	
156	-1	
157	-1	
158	-1	
159	1	
160	1	
161	1	
162	1	
163	1	
164	-1	
165	1	
166	-1	
167	1	
168	1	
169	1	
170	1	
171	1	
172	1	
173	-1	
174	-1	
175	1	
176	-1	
177	-1	
178	-1	
179	-1	
180	-1	
181	1	
182	-1	
183	-1	
184	-1	
185	1	
186	1	
187	1	
188	1	
189	-1	
190	1	
191	1	
192	1	
193	1	
194	-1	
195	-1	
196	1	
197	-1	
198	-1	
199	1	
200	1	
201	-1	
202	-1	
203	1	
204	-1	
205	1	
206	-1	
207	1	
208	1	
209	1	
210	-1	
211	1	
212	-1	
213	1	
214	1	
215	-1	
216	1	
217	-1	
218	1	
219	1	
220	1	
221	-1	
222	1	
223	-1	
224	1	
225	-1	
226	1	
227	1	
228	-1	
229	1	
230	1	
231	-1	
232	-1	
233	-1	
234	-1	
235	1	
236	1	
237	-1	
238	-1	
239	-1	
240	-1	
241	-1	
242	1	
243	1	
244	1	
245	-1	
246	-1	
247	1	
248	-1	
249	-1	
250	-1	
251	1	
252	1	
253	1	
254	-1	
255	1	
256	1	
257	-1	
258	-1	
259	-1	
260	1	
261	-1	
262	-1	
263	1	
264	1	
265	-1	
266	1	
267	1	
268	-1	
269	1	
270	1	
271	-1	
272	-1	
273	1	
274	-1	
275	-1	
276	1	
277	-1	
278	-1	
279	-1	
280	1	
281	1	
282	1	
283	1	
284	1	
285	1	
286	1	
287	1	
288	1	
289	1	
290	-1	
291	-1	
292	-1	
293	1	
294	1	
295	-1	
296	-1	
297	-1	
298	1	
299	1	
300	-1	
301	1	
302	1	
303	1	
304	-1	
305	-1	
306	-1	
307	-1	
308	-1	
309	1	
310	1	
311	-1	
312	-1	
313	-1	
314	1	
315	-1	
316	1	
317	-1	
318	1	
319	1	
320	1	
321	-1	
322	1	
323	-1	
324	-1	
325	-1	
326	-1	
327	1	
328	1	
329	1	
330	1	
331	1	
332	1	
333	-1	
334	-1	
335	-1	
336	-1	
337	1	
338	-1	
339	-1	
340	1	
341	-1	
342	-1	
343	-1	
344	-1	
345	1	
346	-1	
347	1	
348	-1	
349	1	
350	1	
351	1	
352	-1	
353	-1	
354	-1	
355	-1	
356	1	
357	1	
358	-1	
359	-1	
361	-1	
362	-1	
363	-1	
364	-1	
365	1	
367	1	
368	-1	
369	-1	
370	-1	
371	1	
372	-1	
373	-1	
374	1	
375	1	
376	1	
377	1	
378	1	
379	1	
380	1	
382	1	
383	-1	
384	-1	
385	-1	
386	-1	
387	1	
388	1	
389	-1	
390	-1	
391	1	
392	-1	
393	1	
394	1	
396	1	
397	-1	
398	-1	
399	1	
400	1	
401	-1	
402	1	
403	1	
404	1	
405	-1	
406	1	
407	-1	
408	-1	
409	-1	
410	-1	
411	1	
412	-1	
413	-1	
414	-1	
415	-1	
416	1	
417	-1	
418	1	
419	1	
420	-1	
421	-1	
422	1	
424	1	
425	-1	
426	1	
427	-1	
428	-1	
429	-1	
430	1	
431	1	
432	1	
433	-1	
434	-1	
435	1	
436	1	
437	-1	
438	1	
439	1	
440	1	
441	1	
442	-1	
443	-1	
444	-1	
445	-1	
446	1	
447	-1	
448	1	
449	1	
450	-1	
451	-1	
452	1	
453	1	
454	-1	
455	-1	
456	-1	
457	1	
458	1	
459	-1	
460	1	
461	1	
462	-1	
463	1	
464	1	
465	1	
466	-1	
467	1	
468	-1	
469	1	
470	1	
471	-1	
472	1	
473	1	
474	1	
475	1	
476	1	
477	-1	
478	1	
479	-1	
480	1	
481	1	
482	1	
483	1	
484	1	
485	1	
486	1	
487	1	
488	-1	
489	1	
490	-1	
491	-1	
492	1	
493	1	
494	1	
495	-1	
496	-1	
497	1	
498	1	
499	-1	
500	-1	
501	-1	
502	1	
503	-1	
504	-1	
505	1	
506	1	
507	-1	
508	-1	
509	1	
510	1	
511	-1	
Js:	
226	228	6	
227	228	3	
227	230	-6	
224	230	-4	
224	231	4	
226	231	4	
203	206	-4	
206	214	2	
208	214	-4	
208	215	5	
207	215	1	
203	207	-3	
474	476	3	
475	476	-6	
475	477	5	
473	477	3	
473	478	-4	
474	478	-6	
384	388	5	
386	388	-4	
386	450	-4	
450	454	-3	
448	454	5	
384	448	3	
304	310	-2	
306	310	5	
306	370	-4	
370	375	3	
368	375	4	
304	368	-3	
153	156	4	
154	156	-3	
154	157	-6	
155	157	3	
155	159	-5	
153	159	-6	
27	28	4	
28	36	3	
32	36	-5	
32	38	-5	
30	38	-1	
27	30	4	
377	383	6	
378	383	6	
378	442	3	
442	444	-4	
441	444	4	
377	441	3	
480	484	3	
484	492	-3	
489	492	-6	
489	494	-3	
486	494	-2	
480	486	-6	
185	190	2	
187	190	-6	
187	251	-2	
251	253	-3	
249	253	6	
185	249	2	
40	44	-3	
41	44	4	
41	47	5	
43	47	4	
43	46	4	
40	46	-6	
217	221	3	
219	221	4	
219	222	-7	
216	222	-5	
216	223	2	
217	223	-5	
352	356	3	
355	356	-5	
355	358	-5	
353	358	-6	
353	357	7	
352	357	4	
74	79	2	
75	79	-3	
75	139	-4	
139	142	5	
138	142	-3	
74	138	5	
162	165	3	
163	165	-4	
163	166	4	
160	166	3	
160	167	-5	
162	167	-3	
233	236	5	
235	236	-5	
235	299	-1	
299	302	-3	
297	302	8	
233	297	3	
259	260	6	
260	268	5	
265	268	4	
265	271	-5	
263	271	5	
259	263	5	
89	92	4	
91	92	5	
91	94	6	
88	94	-3	
88	93	4	
89	93	-3	
425	428	-4	
427	428	5	
427	430	4	
424	430	-4	
424	429	4	
425	429	-4	
169	173	5	
173	181	3	
178	181	3	
178	183	-3	
175	183	-3	
169	175	-5	
456	460	5	
457	460	-4	
457	461	-4	
458	461	1	
458	463	-7	
456	463	4	
337	342	-4	
339	342	-6	
339	403	2	
403	405	4	
401	405	-3	
337	401	5	
129	133	-5	
130	133	6	
130	134	4	
128	134	3	
128	135	-3	
129	135	-5	
11	12	-3	
12	20	-1	
18	20	-6	
18	22	1	
14	22	-3	
11	14	-5	
96	100	-5	
97	100	5	
97	103	-5	
98	103	-3	
98	101	5	
96	101	4	
107	108	-3	
108	116	-2	
114	116	-3	
114	117	-5	
109	117	-4	
107	109	6	
282	284	-4	
283	284	-5	
283	286	-4	
281	286	-4	
281	285	-5	
282	285	3	
497	500	-2	
498	500	5	
498	502	-5	
496	502	4	
496	503	-5	
497	503	5	
504	508	-5	
505	508	-4	
505	509	-6	
506	509	-3	
506	511	8	
504	511	-4	
0	6	6	
1	6	-5	
1	65	5	
65	69	4	
64	69	-6	
0	64	-4	
408	412	-5	
411	412	5	
411	413	4	
410	413	-6	
410	414	3	
408	414	-5	
81	84	-5	
83	84	-4	
83	87	-4	
82	87	6	
82	86	-3	
81	86	-5	
312	316	3	
315	316	6	
315	379	3	
379	380	-6	
376	380	5	
312	376	5	
288	292	5	
291	292	4	
291	295	-6	
289	295	2	
289	294	-5	
288	294	-6	
400	404	-2	
402	404	-4	
402	466	5	
466	469	5	
464	469	3	
400	464	-1	
346	349	4	
347	349	-4	
347	350	-6	
344	350	-2	
344	351	7	
346	351	3	
192	196	3	
193	196	-5	
193	198	4	
194	198	-2	
194	199	4	
192	199	-4	
432	438	4	
438	446	-5	
443	446	4	
443	447	-5	
439	447	4	
432	439	-3	
320	325	3	
325	333	-4	
331	333	3	
331	335	-6	
327	335	2	
320	327	-2	
48	52	5	
50	52	-8	
50	55	-2	
51	55	-6	
51	54	4	
48	54	3	
272	277	-4	
273	277	6	
273	278	5	
274	278	4	
274	279	-4	
272	279	-5	
482	485	-2	
485	493	-1	
491	493	6	
491	495	-4	
487	495	4	
482	487	3	
121	125	5	
123	125	4	
123	127	-7	
120	127	6	
120	126	-7	
121	126	-5	
144	148	-4	
146	148	5	
146	151	5	
145	151	4	
145	150	-3	
144	150	4	
232	238	-3	
238	246	2	
243	246	3	
243	247	-3	
239	247	1	
232	239	-6	
58	60	-3	
59	60	-8	
59	62	-3	
56	62	-6	
56	63	-4	
58	63	5	
26	29	4	
29	37	-2	
35	37	-4	
35	39	6	
31	39	-4	
26	31	3	
2	5	-4	
3	5	-8	
3	67	3	
67	70	-3	
66	70	7	
2	66	4	
307	309	5	
309	317	4	
313	317	-5	
313	319	4	
311	319	5	
307	311	3	
322	324	4	
324	332	-2	
330	332	-4	
330	334	5	
326	334	-2	
322	326	6	
256	261	5	
261	269	2	
264	269	5	
264	270	-5	
262	270	4	
256	262	5	
113	119	-6	
115	119	-3	
115	179	4	
179	180	-5	
177	180	-5	
113	177	-3	
72	76	-2	
73	76	4	
73	137	3	
137	143	-2	
136	143	-6	
72	136	4	
201	204	-5	
204	212	-1	
209	212	4	
209	213	-4	
205	213	-2	
201	205	-2	
387	389	4	
389	397	-5	
392	397	-6	
392	399	3	
391	399	-4	
387	391	-6	
361	364	-5	
362	364	-5	
362	365	5	
363	365	-5	
363	367	4	
361	367	6	
416	420	6	
417	420	-1	
417	421	-6	
418	421	5	
418	422	-4	
416	422	3	
9	13	6	
13	21	-2	
17	21	-4	
17	23	5	
15	23	2	
9	15	-4	
184	189	-4	
186	189	4	
186	250	4	
250	255	6	
248	255	-6	
184	248	-4	
369	372	-3	
371	372	4	
371	435	-3	
435	437	3	
433	437	-4	
369	433	2	
104	110	-4	
106	110	-6	
106	170	-3	
170	172	-5	
168	172	-4	
104	168	3	
234	236	3	
236	244	2	
242	244	-3	
242	245	1	
237	245	-3	
234	237	-7	
338	340	4	
340	348	-3	
345	348	5	
345	349	-2	
341	349	3	
338	341	-4	
449	452	-6	
451	452	5	
451	453	8	
450	453	-3	
450	455	-6	
449	455	4	
459	460	4	
460	468	2	
465	468	-3	
465	470	-2	
462	470	2	
459	462	-5	
296	300	-4	
299	300	5	
299	303	-4	
298	303	-3	
298	301	-7	
296	301	-4	
385	388	5	
388	396	-5	
393	396	-5	
393	398	4	
390	398	-4	
385	390	4	
499	501	4	
501	509	3	
507	509	3	
507	510	8	
502	510	-2	
499	502	3	
42	44	5	
44	52	2	
49	52	4	
49	53	-4	
45	53	-3	
42	45	-5	
280	285	-6	
285	293	-3	
290	293	5	
290	295	-4	
287	295	2	
280	287	-4	
240	245	-2	
241	245	-5	
241	305	-3	
305	308	-6	
304	308	-4	
240	304	-5	
424	431	-2	
426	431	-5	
426	490	-5	
490	494	5	
488	494	5	
424	488	6	
97	102	-2	
99	102	-6	
99	163	-3	
163	164	4	
161	164	3	
97	161	-3	
408	415	-2	
409	415	-8	
409	473	4	
473	479	5	
472	479	4	
408	472	-3	
128	132	6	
131	132	4	
131	195	-3	
195	197	2	
192	197	5	
128	192	3	
80	85	-5	
83	85	3	
83	147	-3	
147	149	5	
144	149	4	
80	144	-2	
105	110	4	
110	118	4	
112	118	4	
112	119	2	
111	119	2	
105	111	-5	
210	212	-4	
211	212	4	
211	275	5	
275	276	4	
274	276	6	
210	274	-5	
171	174	4	
174	182	-3	
176	182	-5	
176	183	-5	
171	175	-6	
434	436	5	
436	444	5	
440	444	5	
440	445	6	
437	445	-4	
434	437	1	
88	95	3	
90	95	5	
90	154	-1	
154	158	-7	
152	158	1	
88	152	-3	
218	220	-6	
220	228	2	
225	228	5	
225	229	4	
221	229	2	
218	221	4	
8	12	6	
10	12	5	
10	74	1	
74	77	-5	
72	77	3	
8	72	4	
419	421	-4	
419	483	-6	
483	485	-4	
481	485	-5	
417	481	5	
202	205	-3	
203	205	-5	
203	267	-4	
267	269	-5	
266	269	-4	
202	266	5	
336	343	-5	
337	343	5	
401	406	3	
400	406	-5	
336	400	5	
257	261	-5	
258	261	-6	
258	322	3	
322	327	-5	
321	327	7	
257	321	3	
312	318	4	
314	318	-5	
314	378	-3	
378	382	-3	
376	382	-6	
56	61	-5	
57	61	4	
57	121	-1	
121	124	-8	
120	124	4	
56	120	1	
402	407	-3	
403	407	4	
403	467	-3	
467	471	5	
466	471	-5	
17	20	-2	
19	20	-8	
19	22	3	
16	22	-7	
16	21	-3	
249	252	8	
251	252	-4	
251	255	-2	
248	254	-4	
249	254	-1	
354	356	5	
352	358	-3	
352	359	-5	
354	359	-5	
33	36	5	
33	37	-4	
34	37	5	
34	38	7	
370	372	-4	
370	374	4	
368	374	6	
368	373	-3	
369	373	-7	
66	68	2	
67	68	4	
67	71	-5	
64	71	3	
64	70	4	
328	334	3	
330	394	-2	
394	399	-5	
328	392	-1	
24	29	-3	
27	29	-4	
27	31	-5	
25	31	3	
25	30	5	
24	30	6	
184	188	4	
186	188	-4	
186	190	-5	
187	191	2	
184	191	3	
136	141	3	
137	141	4	
137	201	-5	
200	204	6	
136	200	4	
323	324	-4	
329	332	-5	
329	333	5	
323	325	-7	
0	4	-6	
3	4	3	
1	5	-6	
75	77	-5	
77	85	1	
81	85	-4	
78	86	-2	
75	78	-2	
339	340	4	
345	350	-2	
342	350	2	
92	100	2	
99	100	-3	
99	103	-4	
95	103	4	
91	95	-5	
168	173	-4	
177	181	3	
177	182	-3	
168	174	4	
377	380	-5	
379	443	3	
441	446	-6	
104	108	-4	
105	109	-4	
104	111	2	
161	167	-3	
161	225	3	
225	231	-4	
160	224	3	
476	484	-3	
483	484	-2	
483	486	-3	
478	486	-3	
393	397	1	
394	397	-5	
394	458	-3	
458	462	5	
457	462	3	
393	457	-4	
433	436	3	
435	436	5	
435	499	4	
499	503	-5	
433	497	6	
297	300	-5	
300	308	-4	
307	308	1	
307	310	5	
302	310	-2	
57	60	-4	
58	61	5	
59	61	-4	
59	63	-5	
57	63	-5	
41	46	-2	
46	54	2	
49	54	5	
49	55	3	
47	55	3	
426	429	6	
490	495	-4	
489	495	5	
425	489	3	
283	287	-6	
281	287	-2	
282	286	-3	
112	116	-5	
114	118	3	
113	118	3	
113	117	-3	
112	117	4	
169	172	-4	
171	172	-5	
171	235	-3	
235	239	5	
233	239	1	
169	233	4	
146	150	-5	
147	150	3	
147	211	-3	
211	214	-3	
210	214	-4	
146	210	-2	
195	199	4	
195	259	-1	
259	262	-3	
258	262	-6	
194	258	3	
289	292	5	
290	292	-2	
288	293	-3	
507	508	-5	
506	510	-2	
505	511	4	
268	276	2	
275	279	-2	
271	279	-3	
451	455	-4	
448	455	5	
449	454	6	
410	412	-4	
412	420	-2	
419	420	3	
419	422	-4	
414	422	3	
153	158	3	
155	158	4	
155	219	3	
219	223	5	
153	217	4	
465	469	-6	
467	469	-3	
467	470	-4	
464	470	-8	
464	471	-4	
465	471	4	
10	13	3	
11	13	6	
11	15	4	
9	14	5	
10	14	5	
209	215	3	
209	273	-2	
272	278	-3	
208	272	-2	
384	389	-4	
387	390	3	
386	390	-5	
386	391	4	
384	391	-2	
131	133	3	
133	141	2	
139	141	4	
134	142	-5	
131	134	5	
240	244	6	
242	247	-6	
241	247	3	
241	246	-5	
240	246	2	
363	364	-4	
362	367	-4	
361	365	4	
430	438	-2	
434	438	3	
434	439	-5	
431	439	-4	
427	431	4	
267	270	-1	
267	331	-5	
328	335	5	
264	328	-4	
152	156	5	
156	164	-3	
162	164	4	
157	165	3	
152	157	5	
313	316	3	
315	319	-6	
314	319	-3	
314	317	4	
76	84	1	
82	84	-4	
79	87	2	
73	79	6	
227	229	-3	
229	237	3	
234	238	-5	
230	238	-5	
25	28	-2	
26	28	-4	
26	90	-4	
90	94	2	
89	94	5	
25	89	-5	
491	492	4	
492	500	-3	
498	501	4	
493	501	3	
301	309	1	
306	309	3	
306	311	-5	
303	311	3	
256	260	-3	
257	260	5	
321	326	-4	
320	326	6	
256	320	-3	
176	180	-2	
180	188	3	
185	188	-4	
185	191	-6	
183	191	4	
371	374	3	
374	382	-4	
375	383	3	
371	375	-4	
138	141	-5	
141	149	-2	
145	149	-5	
143	151	2	
138	143	4	
33	39	5	
34	39	3	
34	98	-4	
97	101	-3	
33	97	-2	
336	341	5	
344	349	5	
343	351	4	
402	405	4	
405	413	-4	
409	413	-2	
407	415	-5	
477	485	-4	
480	485	-4	
480	487	-4	
479	487	2	
475	479	3	
65	71	3	
66	71	4	
66	130	-1	
130	135	2	
65	129	-2	
193	197	4	
197	205	5	
200	205	-3	
200	206	3	
198	206	-6	
457	463	5	
459	463	4	
459	461	5	
456	461	6	
40	45	3	
48	53	-3	
48	55	5	
40	47	-4	
216	220	-5	
218	222	1	
216	221	3	
123	124	-5	
123	126	5	
120	125	-3	
354	418	-4	
418	420	5	
352	416	4	
16	20	-2	
19	21	3	
18	21	6	
18	23	-5	
16	23	5	
243	245	4	
245	253	-5	
250	253	2	
250	254	-4	
246	254	-3	
442	445	-4	
443	445	-4	
440	446	3	
440	447	4	
442	447	-5	
396	404	-4	
401	404	4	
398	406	-4	
35	36	6	
35	99	2	
96	102	4	
32	96	4	
115	116	-6	
179	181	4	
114	178	-2	
346	348	-3	
347	348	4	
347	411	-2	
346	410	2	
43	44	4	
43	107	-5	
107	111	-4	
106	111	-4	
42	106	6	
200	207	-3	
202	207	4	
200	264	-1	
289	293	-2	
291	293	4	
291	355	-2	
355	357	2	
289	353	2	
2	4	6	
4	12	-1	
8	14	3	
6	14	-1	
2	6	-4	
147	148	-4	
211	213	-4	
208	213	-4	
144	208	2	
129	132	-5	
130	132	3	
130	194	-4	
194	196	3	
129	193	-4	
275	277	-3	
277	285	4	
280	286	-5	
278	286	-2	
275	278	-5	
323	327	4	
323	387	-2	
385	391	4	
321	385	-2	
496	501	-4	
504	509	5	
503	511	2	
161	166	-5	
162	166	5	
162	226	-3	
226	229	-3	
50	53	4	
53	61	2	
57	62	-4	
54	62	-2	
50	54	-4	
424	428	4	
427	491	-4	
488	493	4	
68	76	6	
74	76	3	
69	77	3	
67	69	5	
305	310	3	
370	373	-3	
305	369	1	
481	484	-4	
482	484	-5	
482	486	-6	
481	487	4	
170	174	6	
170	234	-2	
234	239	-3	
168	232	3	
89	153	1	
152	159	3	
329	334	5	
334	342	-2	
338	342	-5	
338	343	-3	
335	343	1	
329	335	2	
250	252	-1	
250	314	3	
313	318	4	
249	313	-1	
464	468	4	
468	476	-1	
472	476	-3	
472	478	-3	
470	478	-2	
73	78	3	
80	86	5	
80	87	2	
298	300	3	
296	303	7	
429	437	2	
432	437	6	
187	188	-5	
187	189	-4	
185	189	4	
450	452	4	
448	453	-3	
449	453	-3	
24	28	4	
51	52	-2	
51	115	4	
49	113	4	
265	270	5	
256	263	-3	
406	414	3	
409	414	-2	
400	407	-3	
209	214	-4	
145	209	3	
392	396	4	
386	389	-3	
84	92	-3	
90	92	3	
90	93	-5	
85	93	-4	
469	477	-2	
472	477	5	
471	479	-1	
155	156	4	
160	164	5	
159	167	2	
192	198	2	
201	206	-3	
201	207	-3	
199	207	-6	
379	382	-4	
376	383	-3	
218	223	-2	
218	282	-3	
281	284	-4	
217	281	3	
37	45	2	
43	45	-3	
38	46	-3	
228	236	2	
233	238	-2	
320	324	6	
322	325	-4	
179	182	-3	
179	243	-1	
243	244	-5	
176	240	-2	
364	372	3	
368	372	-5	
365	373	3	
488	492	3	
494	502	-3	
290	294	6	
273	276	-2	
274	277	1	
273	279	4	
441	445	2	
441	505	-3	
505	510	-5	
504	510	-3	
440	504	3	
104	109	3	
332	340	-2	
336	340	4	
333	341	-1	
330	333	2	
56	60	4	
58	62	5	
251	254	6	
251	315	3	
312	319	2	
248	312	-1	
453	461	-3	
454	462	3	
451	454	-1	
305	309	4	
304	311	-5	
202	204	-3	
203	204	2	
267	268	3	
266	268	3	
158	166	-2	
170	173	3	
1	4	4	
283	347	-4	
280	344	3	
258	260	-1	
257	263	4	
178	180	-4	
178	242	3	
177	241	2	
8	13	3	
11	75	2	
72	78	5	
139	143	-5	
135	143	3	
354	358	-3	
417	422	5	
353	417	-3	
428	436	2	
435	438	-2	
425	430	5	
94	102	-2	
98	102	6	
17	22	-5	
403	404	-4	
467	468	5	
466	468	-3	
394	398	3	
443	507	-2	
506	508	5	
442	506	-2	
232	237	-3	
233	237	-3	
296	302	3	
232	296	-2	
100	108	-3	
106	108	2	
106	109	-1	
101	109	2	
223	231	1	
128	133	4	
195	196	6	
411	475	-4	
474	479	5	
410	474	3	
348	356	2	
355	359	-3	
351	359	1	
345	351	-5	
433	438	4	
432	496	4	
24	31	-3	
367	375	-2	
9	12	-4	
10	15	-6	
8	15	-4	
456	462	2	
80	84	3	
331	332	-5	
328	333	5	
489	493	3	
488	495	-2	
211	215	-3	
210	213	2	
41	45	-4	
41	105	5	
105	108	4	
40	104	-4	
339	341	-5	
337	341	2	
194	197	4	
435	439	-3	
499	500	-4	
434	498	4	
357	365	-3	
359	367	4	
353	359	-2	
408	413	-3	
403	406	-3	
416	421	4	
418	482	-4	
416	480	-3	
117	125	-6	
119	127	-4	
114	119	-5	
65	68	4	
75	76	2	
71	79	5	
136	142	3	
137	142	4	
224	229	-5	
222	230	1	
244	252	-4	
25	29	5	
148	156	-1	
149	157	-3	
42	47	3	
466	470	2	
235	238	3	
282	287	-4	
282	346	3	
186	191	-3	
371	373	4	
369	375	4	
259	261	2	
258	263	3	
283	285	-1	
281	345	2	
393	399	-5	
392	456	-3	
288	295	3	
217	222	3	
202	206	-4	
267	271	2	
266	271	1	
163	167	-4	
96	160	2	
179	183	3	
177	183	-2	
448	452	2	
378	380	-5	
379	383	4	
298	302	-3	
426	428	2	
425	431	3	
426	430	-2	
33	38	4	
308	316	4	
242	246	5	
242	306	-2	
170	175	-1	
51	53	4	
48	112	4	
401	407	-2	
497	501	-2	
73	77	3	
70	78	4	
265	329	2	
82	85	-3	
82	146	-2	
88	92	-3	
24	88	-4	
196	204	3	
355	419	3	
107	110	-2	
507	511	-2	
394	396	-2	
400	405	4	
397	405	-3	
212	220	4	
213	221	4	
249	255	2	
247	255	-4	
240	247	3	
131	135	5	
384	390	-4	
320	384	2	
50	114	2	
297	301	2	
298	362	4	
297	361	-2	
312	317	-5	
310	318	-3	
176	181	3	
181	189	4	
184	190	4	
182	190	-3	
410	415	-2	
169	174	2	
350	358	-3	
346	350	5	
452	460	-3	
458	460	-4	
491	494	2	
64	68	-4	
226	230	-2	
227	291	2	
226	290	-2	
272	276	4	
276	284	2	
279	287	2	
266	330	-3	
81	87	5	
145	148	4	
81	145	1	
32	39	1	
192	256	-1	
372	380	-1	
377	382	-3	
20	28	1	
21	29	-2	
443	444	-2	
34	36	-1	
36	44	-2	
129	134	1	
214	222	-3	
215	223	-5	
337	340	-3	
139	203	2	
163	227	-1	
227	231	5	
22	30	-1	
23	31	2	
89	95	2	
65	70	-2	
363	427	-1	
361	425	-1	
193	199	-2	
150	158	3	
151	159	-3	
144	151	-4	
116	124	-3	
315	317	-2	
315	318	2	
369	374	-3	
172	180	3	
74	78	4	
330	335	4	
269	277	2	
270	278	1	
321	324	-4	
248	252	3	
498	503	2	
404	412	2	
411	415	3	
83	86	3	
286	294	-2	
496	500	3	
483	487	-3	
387	388	-3	
385	389	-4	
42	46	3	
402	406	-2	
392	398	-3	
413	421	1	
154	218	2	
152	216	-3	
161	165	-3	
165	173	3	
167	175	-3	
91	93	-2	
93	101	2	
224	228	2	
225	289	2	
224	288	-2	
3	6	4	
442	446	2	
115	118	-3	
118	126	-3	
299	301	3	
299	363	4	
420	428	-3	
421	429	2	
195	198	-4	
208	212	3	
147	151	2	
32	37	-3	
19	23	1	
138	202	-1	
293	301	-3	
295	303	3	
376	440	-1	
399	407	3	
241	244	2	
243	307	4	
387	451	-2	
99	101	-4	
500	508	-1	
231	239	-4	
370	434	-2	
17	81	2	
16	80	-3	
331	334	3	
264	268	-3	
264	271	4	
314	316	4	
411	414	-4	
401	465	3	
349	357	-2	
354	357	2	
66	69	-2	
27	91	3	
441	447	-2	
168	175	2	
232	236	3	
103	111	-3	
353	356	2	
153	157	-2	
160	165	-2	
422	430	-1	
313	377	3	
178	182	-3	
497	502	-3	
304	309	-3	
307	371	2	
321	325	2	
113	116	-3	
219	220	1	
210	215	-3	
338	402	2	
154	159	1	
490	492	3	
490	493	-3	
284	292	-3	
306	308	1	
266	270	-4	
274	338	-2	
273	337	-1	
345	409	2	
409	412	-2	
344	408	2	
35	38	2	
248	253	-2	
121	127	3	
275	339	-1	
272	336	-2	
495	503	-1	
265	269	-2	
26	30	-3	
257	262	-2	
98	100	2	
473	476	4	
474	477	1	
0	5	4	
427	429	-2	
280	284	-2	
356	364	3	
329	393	1	
455	463	1	
432	436	-2	
19	83	3	
18	82	-2	
171	173	2	
166	174	-1	
344	348	-1	
217	220	-2	
259	323	-3	
290	354	-1	
288	352	-1	
52	60	1	
328	332	-2	
292	300	1	
294	302	-1	
433	439	1	
55	63	1	
9	73	1	
72	79	-2	
305	311	-1	
385	449	1	
112	176	1	
475	478	-2	
201	265	2	
336	342	1	
235	237	1	
225	230	2	
323	326	-2	
123	187	1	
120	184	-1	
96	103	1	
146	149	1	
339	343	2	
39	47	1	
463	471	1	
64	128	1	
461	469	1	
86	94	2	
91	155	1	
164	172	-1	
368	432	1	
193	257	1	
87	95	1	
Energy:	-3754	
