NumberOfQubits	504	
NumberOfSubgraphs	840	
Serial	78	
PlantedSolution:	
0	-1	
1	-1	
2	1	
3	1	
4	-1	
5	1	
6	1	
8	-1	
9	-1	
10	-1	
11	1	
12	1	
13	-1	
14	-1	
15	1	
16	1	
17	-1	
18	1	
19	1	
20	1	
21	1	
22	-1	
23	-1	
24	-1	
25	-1	
26	-1	
27	-1	
28	-1	
29	1	
30	-1	
31	1	
32	-1	
33	1	
34	-1	
35	-1	
36	-1	
37	1	
38	-1	
39	1	
40	-1	
41	1	
42	-1	
43	-1	
44	1	
45	1	
46	1	
47	1	
48	1	
49	-1	
50	-1	
51	1	
52	1	
53	-1	
54	-1	
55	-1	
56	-1	
57	-1	
58	-1	
59	1	
60	-1	
61	-1	
62	1	
63	-1	
64	-1	
65	1	
66	-1	
67	1	
68	1	
69	1	
70	-1	
71	1	
72	1	
73	-1	
74	-1	
75	1	
76	1	
77	-1	
78	1	
79	1	
80	-1	
81	1	
82	1	
83	1	
84	1	
85	1	
86	1	
87	1	
88	-1	
89	1	
90	-1	
91	1	
92	-1	
93	-1	
94	1	
95	1	
96	1	
97	1	
98	-1	
99	-1	
100	-1	
101	1	
102	1	
103	-1	
104	1	
105	-1	
106	1	
107	1	
108	-1	
109	1	
110	1	
111	1	
112	-1	
113	-1	
114	-1	
115	1	
116	1	
117	1	
118	1	
119	1	
120	1	
121	-1	
123	1	
124	1	
125	-1	
126	-1	
127	1	
128	1	
129	-1	
130	-1	
131	-1	
132	1	
133	1	
134	-1	
135	-1	
136	-1	
137	1	
138	1	
139	-1	
141	-1	
142	1	
143	-1	
144	1	
145	-1	
146	1	
147	-1	
148	1	
149	1	
150	-1	
151	-1	
152	1	
153	-1	
154	-1	
155	1	
156	-1	
157	-1	
158	-1	
159	1	
160	1	
161	1	
162	-1	
163	-1	
164	-1	
165	-1	
166	1	
167	1	
168	-1	
169	1	
170	1	
171	1	
172	1	
173	-1	
174	-1	
175	-1	
176	-1	
177	-1	
178	1	
179	1	
180	-1	
181	1	
182	1	
183	1	
184	1	
185	-1	
186	1	
187	-1	
188	1	
189	-1	
190	-1	
191	-1	
192	1	
193	1	
194	1	
195	1	
196	1	
197	-1	
198	-1	
199	-1	
200	1	
201	-1	
202	-1	
203	1	
204	1	
205	1	
206	1	
207	-1	
208	-1	
209	1	
210	1	
211	1	
212	-1	
213	1	
214	-1	
215	-1	
216	1	
217	-1	
218	-1	
219	-1	
220	-1	
221	-1	
222	1	
223	-1	
224	1	
225	1	
226	1	
227	1	
228	-1	
229	1	
230	1	
231	-1	
232	-1	
233	1	
234	1	
235	1	
236	-1	
237	-1	
238	1	
239	-1	
240	-1	
241	1	
242	1	
243	1	
244	-1	
245	1	
246	1	
247	1	
248	1	
249	1	
250	-1	
251	1	
252	1	
253	1	
254	-1	
255	1	
256	1	
257	1	
258	-1	
259	-1	
260	-1	
261	1	
262	-1	
263	-1	
264	-1	
265	1	
266	1	
267	-1	
268	1	
269	-1	
270	1	
271	-1	
272	1	
273	-1	
274	1	
275	-1	
276	1	
277	-1	
278	1	
279	1	
280	1	
281	-1	
282	-1	
283	1	
284	-1	
285	-1	
286	1	
287	-1	
288	1	
289	1	
290	-1	
291	1	
292	-1	
293	1	
294	-1	
295	1	
296	-1	
297	-1	
298	-1	
299	1	
300	-1	
301	1	
302	-1	
303	-1	
304	1	
305	1	
306	1	
307	-1	
308	1	
309	1	
310	1	
311	1	
312	-1	
313	1	
314	1	
315	1	
316	-1	
317	-1	
318	1	
319	-1	
320	1	
321	1	
322	1	
323	1	
324	1	
325	1	
326	-1	
327	-1	
328	1	
329	1	
330	1	
331	-1	
332	1	
333	-1	
334	1	
335	1	
336	1	
337	-1	
338	1	
339	1	
340	-1	
341	-1	
342	1	
343	1	
344	-1	
345	-1	
346	-1	
347	-1	
348	1	
349	-1	
350	1	
351	-1	
352	-1	
353	-1	
354	-1	
355	1	
356	1	
357	1	
358	1	
359	-1	
361	-1	
362	-1	
363	-1	
364	1	
365	-1	
367	1	
368	-1	
369	1	
370	-1	
371	-1	
372	-1	
373	1	
374	1	
375	-1	
376	1	
377	1	
378	1	
379	-1	
380	1	
382	1	
383	-1	
384	1	
385	-1	
386	-1	
387	-1	
388	1	
389	1	
390	1	
391	-1	
392	-1	
393	-1	
394	-1	
396	-1	
397	-1	
398	-1	
399	-1	
400	1	
401	1	
402	1	
403	-1	
404	-1	
405	1	
406	-1	
407	-1	
408	-1	
409	-1	
410	-1	
411	-1	
412	1	
413	1	
414	1	
415	1	
416	1	
417	-1	
418	-1	
419	1	
420	-1	
421	1	
422	1	
424	1	
425	-1	
426	-1	
427	1	
428	-1	
429	-1	
430	-1	
431	1	
432	1	
433	-1	
434	-1	
435	1	
436	-1	
437	-1	
438	-1	
439	-1	
440	-1	
441	-1	
442	-1	
443	1	
444	-1	
445	-1	
446	-1	
447	1	
448	-1	
449	1	
450	-1	
451	1	
452	1	
453	1	
454	-1	
455	1	
456	-1	
457	1	
458	1	
459	1	
460	1	
461	1	
462	1	
463	1	
464	1	
465	1	
466	-1	
467	-1	
468	-1	
469	1	
470	-1	
471	-1	
472	-1	
473	-1	
474	-1	
475	-1	
476	-1	
477	1	
478	1	
479	1	
480	1	
481	1	
482	1	
483	-1	
484	1	
485	-1	
486	-1	
487	1	
488	1	
489	1	
490	-1	
491	-1	
492	1	
493	1	
494	-1	
495	1	
496	-1	
497	-1	
498	-1	
499	1	
500	-1	
501	-1	
502	-1	
503	-1	
504	1	
505	1	
506	1	
507	-1	
508	1	
509	1	
510	1	
511	-1	
Js:	
491	492	5	
492	500	-2	
496	500	-2	
496	501	-5	
493	501	2	
491	493	7	
275	277	-4	
277	285	-6	
280	285	4	
280	287	8	
279	287	4	
275	279	5	
27	28	-3	
28	36	-4	
34	36	-5	
34	37	3	
29	37	-3	
27	29	4	
400	405	-6	
405	413	-4	
409	413	-2	
409	414	4	
406	414	3	
400	406	5	
72	76	-5	
74	76	6	
74	138	2	
138	141	4	
136	141	-4	
72	136	4	
152	158	4	
155	158	5	
155	219	2	
219	223	4	
216	223	4	
152	216	-3	
40	44	2	
44	52	2	
50	52	6	
50	54	-4	
46	54	2	
40	46	5	
168	175	5	
171	175	4	
171	235	-3	
235	236	3	
232	236	-6	
168	232	-2	
194	196	-2	
195	196	-4	
195	199	5	
193	199	-4	
193	197	5	
194	197	6	
306	311	-2	
307	311	3	
307	371	4	
371	373	4	
370	373	6	
306	370	3	
105	110	4	
110	118	-2	
112	118	4	
112	119	3	
111	119	1	
105	111	2	
338	341	4	
341	349	-2	
344	349	-4	
344	350	3	
342	350	-3	
338	342	2	
250	253	6	
251	253	3	
251	315	-4	
315	317	2	
314	317	5	
250	314	3	
258	260	-4	
260	268	4	
266	268	-3	
266	271	7	
263	271	-6	
258	263	2	
474	477	4	
477	485	3	
481	485	-2	
481	486	5	
478	486	3	
474	478	4	
184	189	-4	
187	189	-6	
187	190	-5	
185	190	-5	
185	191	-4	
184	191	6	
465	468	7	
466	468	-4	
466	470	-5	
467	470	3	
467	469	8	
465	469	-2	
361	365	-5	
362	365	-6	
362	426	-2	
426	428	-4	
425	428	-4	
361	425	2	
32	39	5	
35	39	-3	
35	99	-5	
99	102	3	
96	102	-5	
32	96	3	
433	436	-4	
434	436	-4	
434	437	6	
435	437	4	
435	439	2	
433	439	-6	
328	335	-5	
330	335	3	
330	394	1	
394	396	-3	
392	396	-6	
328	392	1	
450	452	6	
451	452	2	
451	453	-6	
448	453	6	
448	454	-3	
450	454	-5	
320	324	-7	
323	324	-3	
323	325	3	
322	325	-3	
322	327	3	
320	327	3	
18	22	5	
19	22	-3	
19	83	-2	
83	87	-4	
82	87	-4	
18	82	-5	
146	148	-6	
147	148	-5	
147	149	3	
144	149	-5	
144	150	3	
146	150	3	
416	421	-4	
419	421	-5	
419	483	-4	
483	484	4	
480	484	-4	
416	480	-4	
201	205	3	
203	205	3	
203	206	-4	
200	206	-3	
200	207	2	
201	207	-5	
176	180	-5	
179	180	4	
179	182	-4	
178	182	-5	
178	183	3	
176	183	5	
208	212	-2	
209	212	2	
209	273	-3	
273	278	5	
272	278	-5	
208	272	3	
353	357	3	
354	357	-4	
354	418	-3	
418	422	3	
417	422	6	
353	417	-1	
442	446	-4	
443	446	6	
443	507	2	
507	511	-5	
506	511	4	
442	506	-2	
376	382	-5	
377	382	-6	
377	441	2	
441	447	4	
440	447	-4	
376	440	2	
408	412	8	
411	412	-1	
411	475	-4	
475	479	4	
472	479	4	
408	472	-4	
458	460	-4	
459	460	4	
459	462	-4	
457	462	-4	
457	461	-5	
458	461	-4	
73	78	2	
75	78	6	
75	139	6	
139	143	-3	
137	143	4	
73	137	2	
64	71	5	
65	71	-7	
65	129	1	
129	133	-8	
128	133	-2	
64	128	2	
160	167	-4	
162	167	5	
162	226	2	
226	231	5	
224	231	3	
160	224	-2	
217	222	-4	
218	222	5	
218	282	-2	
282	284	-6	
281	284	-2	
217	281	-4	
161	164	5	
163	164	-6	
163	227	3	
227	230	4	
225	230	-4	
161	225	-3	
56	63	-6	
57	63	-4	
57	121	-2	
121	124	5	
120	124	-4	
56	120	2	
169	173	-4	
170	173	5	
170	234	-4	
234	237	6	
233	237	5	
169	233	-3	
291	292	4	
292	300	3	
298	300	-5	
298	301	3	
293	301	-2	
291	293	-4	
363	364	5	
364	372	-2	
369	372	4	
369	375	4	
367	375	2	
363	367	7	
386	389	4	
389	397	6	
393	397	-5	
393	398	-4	
390	398	6	
386	390	5	
1	4	-6	
2	4	5	
2	6	-7	
0	6	5	
0	5	-5	
1	5	7	
242	244	-6	
244	252	5	
248	252	-5	
248	255	-4	
247	255	-5	
242	247	-4	
88	93	-4	
89	93	-5	
89	94	-3	
91	94	-5	
91	95	-7	
88	95	6	
10	12	3	
12	20	3	
16	20	-4	
16	21	-5	
13	21	4	
10	13	-5	
345	348	5	
348	356	-2	
352	356	5	
352	359	-2	
351	359	-6	
345	351	-3	
107	108	5	
108	116	2	
115	116	-1	
115	117	-3	
109	117	1	
107	109	-3	
489	494	-3	
494	502	-2	
497	502	-2	
497	503	-3	
495	503	2	
489	495	-4	
66	68	-4	
67	68	-3	
67	131	1	
131	135	-3	
130	135	-5	
66	130	-2	
265	270	-4	
267	270	5	
267	331	-4	
331	334	4	
329	334	-4	
265	329	-5	
289	294	5	
294	302	-6	
297	302	-4	
297	303	6	
295	303	3	
289	295	-5	
304	308	3	
308	316	4	
312	316	-4	
312	318	4	
310	318	-4	
304	310	-4	
337	340	-4	
339	340	4	
339	403	3	
403	407	-3	
401	407	4	
337	401	-2	
43	45	4	
45	53	4	
48	53	6	
48	55	5	
47	55	-2	
43	47	3	
96	100	2	
97	100	6	
97	103	4	
98	103	3	
98	101	3	
96	101	-4	
209	213	-7	
210	213	-2	
210	214	5	
211	214	-2	
211	215	5	
209	215	3	
424	429	5	
427	429	3	
427	431	6	
426	431	4	
426	430	-3	
424	430	4	
80	84	4	
82	84	-5	
82	86	-3	
81	86	-6	
81	85	3	
80	85	5	
58	60	-6	
59	60	7	
59	62	-5	
57	62	6	
57	61	-6	
58	61	7	
9	14	5	
14	22	-4	
17	22	-5	
17	23	-7	
15	23	3	
9	15	7	
504	508	-4	
505	508	-5	
505	510	-5	
507	510	4	
507	509	7	
504	509	-5	
257	260	7	
259	260	-3	
259	262	-4	
256	262	5	
256	261	-3	
257	261	-2	
176	181	2	
177	181	5	
177	241	2	
241	246	3	
240	246	7	
176	240	-3	
384	388	-6	
387	388	5	
387	389	-3	
385	389	5	
385	391	-4	
384	391	4	
153	156	1	
155	156	5	
155	157	3	
154	157	-5	
154	159	3	
153	159	7	
24	30	-4	
30	38	4	
33	38	5	
33	39	-3	
31	39	-3	
24	31	6	
218	220	-4	
220	228	-2	
226	228	3	
226	229	-3	
221	229	-3	
218	221	-3	
113	117	-3	
117	125	3	
123	125	5	
123	126	5	
118	126	6	
113	118	3	
264	268	4	
268	276	-3	
274	276	-4	
274	277	-4	
269	277	-1	
264	269	-4	
376	380	-5	
379	380	6	
379	382	4	
378	382	4	
378	383	9	
376	383	5	
305	309	-5	
309	317	5	
313	317	4	
313	319	-4	
311	319	7	
305	311	-4	
185	188	-5	
186	188	-4	
186	250	3	
250	254	-5	
249	254	6	
185	249	2	
192	196	-6	
196	204	-4	
202	204	2	
202	206	3	
198	206	6	
192	198	-3	
282	286	5	
283	286	-4	
283	347	5	
347	349	-4	
346	349	-5	
282	346	-3	
464	468	4	
468	476	-3	
473	476	-5	
473	479	3	
471	479	3	
464	471	-6	
402	404	3	
404	412	2	
410	412	3	
410	415	5	
407	415	3	
402	407	4	
368	374	6	
371	374	-3	
371	435	2	
435	438	3	
432	438	2	
368	432	1	
25	29	5	
26	29	5	
26	90	2	
90	92	-9	
89	92	3	
25	89	6	
449	453	-5	
453	461	2	
456	461	6	
456	463	3	
455	463	-3	
449	455	-4	
237	245	3	
243	245	-4	
243	246	2	
238	246	-2	
233	238	-4	
42	46	5	
42	106	4	
106	108	5	
104	108	3	
40	104	-4	
328	332	-4	
332	340	4	
336	340	-3	
336	341	5	
333	341	-3	
328	333	4	
160	164	-3	
164	172	4	
170	172	-3	
170	174	4	
166	174	4	
160	166	-4	
67	69	-6	
69	77	-6	
72	77	1	
72	78	-7	
70	78	4	
67	70	5	
288	292	5	
291	355	3	
355	358	-4	
352	358	6	
288	352	3	
417	420	-3	
418	420	5	
418	482	6	
482	487	-3	
481	487	-4	
417	481	6	
232	239	-3	
235	239	7	
235	299	-2	
299	302	-3	
296	302	-5	
232	296	-4	
137	142	-4	
142	150	1	
145	150	-3	
145	151	-6	
143	151	2	
259	261	6	
259	323	1	
323	326	5	
321	326	-2	
257	321	-3	
49	52	4	
51	52	-4	
51	55	4	
49	53	-3	
130	132	5	
131	132	6	
131	134	-3	
128	134	6	
128	135	5	
442	444	-6	
443	444	3	
441	446	-4	
441	445	5	
442	445	-3	
9	12	3	
11	12	-7	
11	14	5	
8	14	-4	
8	15	5	
488	492	-4	
490	493	-5	
490	494	-4	
488	494	6	
497	500	-5	
499	500	5	
499	503	3	
498	503	-6	
498	501	3	
497	501	-5	
114	116	5	
116	124	6	
121	127	2	
119	127	-5	
114	119	2	
42	44	3	
43	44	6	
41	47	-5	
41	45	-3	
42	45	-4	
162	165	-3	
165	173	-5	
169	174	4	
162	166	6	
336	343	-4	
338	343	-6	
338	402	2	
402	405	-5	
336	400	-1	
0	4	-5	
3	6	-5	
3	5	-7	
65	68	-4	
68	76	-4	
75	76	-3	
75	79	-3	
71	79	-4	
387	390	4	
392	398	-4	
392	399	-4	
391	399	-5	
387	391	-4	
289	293	-4	
290	293	4	
290	354	-4	
354	359	-4	
353	359	-5	
289	353	4	
192	197	-1	
194	258	3	
258	262	-5	
192	256	-6	
265	269	3	
266	269	4	
266	330	-3	
330	334	-3	
452	460	-2	
457	460	-4	
457	463	-4	
450	455	6	
97	101	-4	
99	101	-5	
99	163	-1	
163	165	-3	
161	165	4	
97	161	-2	
283	287	1	
347	348	-6	
344	348	2	
280	344	4	
241	245	-5	
245	253	-4	
249	253	-4	
249	255	-2	
241	247	-4	
411	414	6	
475	476	-5	
409	473	-3	
32	36	-6	
32	38	-4	
27	30	-5	
297	301	3	
299	301	-5	
299	363	4	
361	367	5	
297	361	-3	
314	316	5	
315	316	4	
315	379	3	
379	383	-4	
314	378	-3	
321	324	-3	
322	324	-6	
322	326	4	
320	326	-3	
320	325	-4	
321	325	-5	
18	20	-3	
19	20	-6	
19	23	-4	
16	23	3	
18	21	-3	
368	372	-5	
370	372	-5	
369	373	-5	
369	374	-7	
184	188	-6	
187	188	3	
186	189	-4	
186	191	4	
432	436	3	
433	438	-5	
434	438	-6	
432	437	3	
81	84	-3	
83	84	-3	
83	85	-4	
80	86	-2	
104	109	3	
105	109	6	
107	110	-2	
107	111	-5	
104	111	-5	
144	148	-2	
147	211	3	
211	213	-4	
208	213	4	
144	208	6	
424	428	4	
425	430	-4	
427	430	3	
424	431	-3	
88	92	-2	
90	154	-4	
154	156	-4	
152	156	4	
88	152	-3	
225	228	4	
227	228	3	
227	231	5	
224	229	-7	
225	229	2	
506	508	6	
506	510	-4	
504	510	-4	
505	509	-4	
482	485	4	
483	485	4	
483	486	-4	
480	486	4	
480	487	-4	
138	202	5	
202	205	4	
200	205	6	
136	200	5	
216	220	3	
219	220	-5	
219	222	3	
217	223	-5	
59	61	2	
56	61	-4	
58	63	-5	
408	413	4	
410	413	5	
410	474	3	
472	477	4	
305	308	-5	
306	309	-1	
306	310	-7	
466	469	6	
467	471	-4	
464	470	4	
178	181	-5	
179	183	-3	
177	183	4	
273	276	6	
275	276	5	
275	278	1	
272	279	5	
273	279	2	
385	388	-3	
385	449	4	
449	454	4	
384	448	3	
337	343	3	
339	343	-5	
403	406	-6	
401	406	2	
201	204	3	
204	212	-2	
210	212	7	
210	215	3	
207	215	-3	
355	356	4	
356	364	-5	
362	364	3	
357	365	5	
355	357	-5	
94	102	-2	
98	102	6	
95	103	2	
145	149	-2	
149	157	3	
153	157	-5	
151	159	4	
251	252	-4	
315	319	3	
312	319	-3	
248	312	-4	
264	270	4	
331	332	7	
264	328	-4	
284	292	-2	
290	292	-4	
290	294	3	
286	294	1	
281	286	4	
129	134	-4	
131	195	2	
129	193	1	
419	420	5	
416	422	-3	
8	13	3	
10	74	-3	
74	79	4	
72	79	-3	
8	72	2	
49	54	-4	
50	114	-5	
114	117	6	
49	113	-4	
393	396	-6	
393	399	-4	
394	399	-5	
394	397	-4	
392	397	5	
234	236	3	
234	298	-3	
296	300	-4	
64	69	1	
73	77	-6	
64	70	-4	
120	125	3	
121	125	-7	
121	126	2	
123	127	-6	
120	127	-7	
498	502	-7	
488	495	-5	
346	350	3	
350	358	4	
353	358	6	
346	351	-4	
171	172	-5	
172	180	-2	
177	180	-5	
175	183	2	
33	37	-4	
35	37	7	
99	100	-3	
33	97	-4	
440	444	-5	
441	444	-3	
442	447	4	
440	445	-5	
243	244	4	
243	247	-3	
240	247	2	
242	246	-2	
25	31	4	
24	88	-3	
459	461	-3	
456	462	4	
458	462	-5	
313	318	-5	
313	377	-5	
377	380	-5	
312	376	3	
48	54	4	
51	54	4	
51	115	-4	
115	119	-6	
48	112	-3	
432	439	5	
435	499	-6	
499	502	3	
496	502	-3	
432	496	-4	
130	133	4	
133	141	3	
139	141	-5	
139	142	-3	
134	142	4	
130	134	-3	
288	294	3	
298	302	1	
298	303	-5	
288	295	-3	
226	230	-5	
230	238	-3	
235	238	-4	
231	239	-4	
325	333	3	
329	333	4	
329	335	-3	
327	335	-4	
321	327	5	
425	429	-3	
426	429	-3	
426	490	-4	
489	493	-2	
425	489	5	
219	221	-5	
216	221	4	
42	47	2	
106	109	-4	
41	105	-3	
409	415	6	
411	415	5	
475	478	3	
473	478	-5	
3	4	4	
1	6	3	
386	388	3	
387	451	3	
451	454	5	
386	450	-2	
81	87	-4	
17	81	-1	
265	268	-5	
265	271	-1	
259	263	-6	
197	205	3	
194	198	4	
281	285	-4	
278	286	-5	
274	278	-3	
400	404	3	
401	404	6	
401	465	-3	
465	471	3	
400	464	-3	
307	310	5	
371	375	-4	
370	375	-4	
337	341	3	
345	349	-3	
345	350	5	
337	342	6	
144	151	3	
146	151	3	
146	210	3	
208	214	-2	
184	190	2	
248	254	3	
184	248	1	
34	39	5	
26	31	3	
168	172	3	
167	175	1	
161	167	-4	
481	484	-3	
482	484	-4	
443	447	-6	
504	511	5	
440	504	2	
64	68	5	
128	132	-5	
11	13	6	
56	62	5	
290	295	3	
354	358	-2	
428	436	-5	
429	437	-2	
283	284	5	
346	348	2	
240	244	3	
243	307	4	
304	311	-5	
240	304	3	
160	165	5	
41	44	-6	
51	53	4	
272	276	1	
275	339	3	
339	342	-2	
336	342	-4	
272	336	-3	
365	373	2	
368	373	3	
368	375	-4	
362	367	6	
448	452	5	
449	452	-3	
451	455	4	
448	455	3	
211	212	-4	
212	220	-3	
218	223	-6	
215	223	-3	
85	93	5	
91	93	1	
87	95	-4	
80	87	-4	
181	189	4	
182	190	5	
148	156	5	
146	149	-4	
467	468	-3	
474	476	-3	
469	477	1	
138	143	6	
202	207	-5	
137	201	5	
314	318	-3	
377	383	-2	
26	28	-5	
33	36	4	
26	30	-5	
412	420	3	
419	422	-5	
414	422	3	
408	414	3	
98	100	-3	
100	108	-3	
103	111	4	
297	300	-3	
299	300	3	
296	301	3	
296	303	-4	
372	380	1	
374	382	1	
192	199	4	
193	257	-3	
257	262	2	
326	334	4	
331	335	5	
323	327	5	
66	69	-2	
65	70	3	
66	71	3	
227	229	-3	
229	237	2	
234	238	-3	
115	118	4	
115	179	-2	
112	176	-3	
430	438	-2	
431	439	5	
267	269	4	
266	270	-2	
264	271	-2	
17	21	4	
75	77	2	
73	79	6	
500	508	3	
501	509	-2	
499	501	3	
484	492	-3	
489	492	-4	
487	495	-3	
49	55	-5	
50	55	3	
113	116	5	
396	404	-2	
403	404	-4	
398	406	-2	
84	92	4	
90	94	-3	
86	94	-5	
83	86	-4	
322	386	3	
384	390	3	
320	384	-2	
213	221	2	
217	221	-3	
214	222	2	
209	214	5	
136	142	5	
139	203	3	
203	204	-5	
200	204	-4	
187	191	-3	
187	251	-2	
251	255	-5	
250	255	4	
459	463	-7	
43	46	4	
43	107	3	
104	110	-3	
338	340	2	
340	348	3	
343	351	-2	
312	317	4	
150	158	-4	
153	158	-2	
274	279	-3	
228	236	3	
233	236	4	
233	239	3	
225	231	5	
361	364	5	
470	478	-1	
472	478	4	
466	471	-3	
195	198	4	
195	259	-2	
258	261	5	
131	133	3	
129	135	-4	
98	162	-3	
96	160	2	
246	254	4	
502	510	3	
503	511	2	
8	12	6	
10	14	-2	
10	15	5	
416	420	4	
418	421	5	
417	421	4	
329	332	-2	
330	333	6	
56	60	-3	
59	63	4	
224	228	5	
227	291	-2	
288	293	-4	
224	288	2	
171	173	3	
171	174	3	
168	174	-5	
170	175	3	
24	28	-3	
25	28	-4	
27	31	-3	
35	36	-2	
34	38	-3	
249	252	-5	
242	245	-2	
101	109	-3	
106	110	-5	
102	110	-2	
193	196	-4	
257	263	-3	
256	263	3	
433	497	-3	
456	460	5	
460	468	-1	
465	470	5	
462	470	2	
270	278	1	
282	287	-2	
147	150	-4	
180	188	2	
183	191	3	
123	124	-3	
163	166	-3	
163	167	4	
363	427	2	
427	428	3	
216	222	-3	
386	391	3	
384	389	-2	
40	47	5	
40	45	4	
480	485	4	
483	487	4	
137	141	-3	
203	207	4	
339	341	3	
53	61	1	
54	62	2	
450	453	-1	
18	23	4	
16	80	4	
355	359	3	
344	351	-5	
73	76	1	
490	495	5	
424	488	-4	
394	398	-4	
232	238	4	
89	153	2	
205	213	-1	
206	214	-2	
409	412	-3	
410	414	1	
96	103	4	
507	508	2	
505	511	4	
208	215	-3	
211	275	2	
300	308	-2	
301	309	-2	
474	479	4	
475	477	4	
473	477	4	
289	292	2	
48	52	-2	
112	117	4	
378	380	-3	
437	445	-3	
443	445	2	
438	446	-4	
334	342	-3	
179	181	-4	
186	190	5	
464	469	3	
138	142	-3	
135	143	-3	
261	269	4	
435	436	3	
169	172	-3	
347	350	2	
281	345	2	
24	29	2	
354	356	3	
352	416	3	
120	126	5	
178	180	-2	
178	242	-4	
458	463	2	
83	147	3	
81	145	5	
3	67	-4	
65	69	-3	
1	65	4	
411	413	3	
402	406	-2	
273	277	-2	
274	338	-4	
273	337	-2	
298	362	-3	
9	73	3	
285	293	2	
283	285	-2	
385	390	2	
41	46	-3	
371	372	-3	
156	164	-1	
159	167	2	
152	159	-2	
52	60	2	
55	63	3	
472	476	-2	
476	484	2	
482	486	-3	
304	309	-4	
314	319	-3	
498	500	3	
427	491	3	
267	268	3	
262	270	-4	
20	28	-1	
21	29	-1	
19	21	-5	
121	185	-2	
120	184	-1	
107	171	-2	
104	168	-2	
194	199	4	
2	66	5	
0	64	-5	
394	458	3	
392	456	-2	
22	30	1	
23	31	1	
179	243	-3	
352	357	-1	
355	419	-1	
434	439	2	
276	284	-3	
97	102	2	
91	155	-3	
152	157	2	
50	53	-2	
80	144	1	
168	173	-3	
169	175	5	
421	429	2	
422	430	-2	
479	487	2	
490	492	2	
401	405	3	
90	93	-4	
82	85	2	
210	274	-2	
9	13	-2	
113	119	3	
347	411	1	
345	409	-2	
281	287	-4	
216	280	-3	
161	166	2	
307	308	-1	
241	305	-3	
267	271	-3	
330	332	-4	
66	70	4	
388	396	3	
235	237	3	
496	503	-4	
353	356	-1	
291	294	2	
291	295	-5	
195	197	3	
193	198	-3	
379	443	-1	
154	158	-4	
141	149	1	
147	151	-2	
105	108	-2	
32	37	-2	
250	252	-1	
27	91	-3	
176	182	4	
240	245	-2	
306	308	-5	
157	165	-2	
323	387	3	
222	230	-3	
491	495	1	
57	60	-2	
59	123	2	
441	505	2	
346	410	3	
344	408	-2	
370	434	1	
272	277	3	
282	285	-2	
400	407	2	
129	132	2	
136	143	-2	
433	437	-2	
440	446	2	
162	164	-1	
321	385	2	
347	351	-2	
506	509	-4	
287	295	-1	
413	421	-2	
37	45	-1	
38	46	-1	
35	38	-3	
17	20	3	
153	217	1	
58	62	2	
74	77	-4	
88	94	2	
241	244	3	
177	182	2	
485	493	3	
491	494	-2	
486	494	3	
34	98	4	
251	254	2	
315	318	-4	
249	313	1	
258	322	-1	
307	309	3	
16	22	2	
145	209	2	
112	116	3	
248	253	-3	
463	471	1	
201	206	2	
74	78	1	
99	103	-3	
239	247	-2	
217	220	3	
363	365	-2	
114	178	1	
105	169	3	
305	310	1	
130	194	-1	
2	5	-1	
403	405	2	
403	467	2	
402	466	2	
349	357	2	
113	177	2	
233	297	1	
219	283	1	
185	189	-2	
155	159	2	
393	457	-3	
335	343	-2	
67	71	-1	
106	170	1	
92	100	1	
234	239	1	
145	148	2	
36	44	1	
39	47	1	
408	415	1	
93	101	1	
328	334	-2	
256	260	-2	
236	244	-1	
123	187	-1	
399	407	2	
425	431	2	
304	368	1	
91	92	-1	
299	303	-1	
199	207	-1	
242	306	-2	
106	111	-1	
76	84	-1	
77	85	-1	
439	447	-2	
280	286	-1	
226	290	2	
313	316	-1	
256	320	-1	
303	311	1	
271	279	-1	
232	237	1	
225	289	2	
11	15	-2	
378	442	1	
454	462	-1	
82	146	1	
201	265	2	
200	264	2	
302	310	1	
370	374	-1	
436	444	1	
25	30	-1	
89	95	-1	
114	118	-1	
224	230	-1	
434	498	1	
488	493	1	
203	267	-1	
158	166	-1	
324	332	-1	
202	266	-1	
Energy:	-3716	
