NumberOfQubits	504	
NumberOfSubgraphs	420	
Serial	497	
PlantedSolution:	
0	-1	
1	1	
2	1	
3	-1	
4	1	
5	-1	
6	-1	
8	1	
9	1	
10	-1	
11	-1	
12	1	
13	1	
14	1	
15	-1	
16	1	
17	-1	
18	-1	
19	1	
20	-1	
21	1	
22	1	
23	1	
24	1	
25	1	
26	-1	
27	1	
28	-1	
29	1	
30	1	
31	-1	
32	1	
33	1	
34	1	
35	1	
36	-1	
37	-1	
38	1	
39	-1	
40	1	
41	1	
42	1	
43	1	
44	-1	
45	-1	
46	-1	
47	1	
48	-1	
49	-1	
50	1	
51	-1	
52	1	
53	-1	
54	1	
55	-1	
56	1	
57	1	
58	1	
59	-1	
60	-1	
61	-1	
62	-1	
63	1	
64	-1	
65	-1	
66	1	
67	1	
68	-1	
69	-1	
70	-1	
71	-1	
72	-1	
73	-1	
74	1	
75	1	
76	1	
77	-1	
78	-1	
79	-1	
80	1	
81	-1	
82	-1	
83	1	
84	-1	
85	-1	
86	1	
87	-1	
88	1	
89	1	
90	-1	
91	-1	
92	-1	
93	1	
94	1	
95	1	
96	1	
97	1	
98	1	
99	-1	
100	-1	
101	-1	
102	1	
103	-1	
104	1	
105	1	
106	1	
107	-1	
108	-1	
109	1	
110	-1	
111	-1	
112	-1	
113	1	
114	-1	
115	-1	
116	-1	
117	-1	
118	-1	
119	1	
120	1	
121	1	
123	1	
124	1	
125	1	
126	-1	
127	-1	
128	-1	
129	-1	
130	1	
131	1	
132	-1	
133	-1	
134	1	
135	1	
136	1	
137	-1	
138	1	
139	-1	
141	-1	
142	-1	
143	-1	
144	-1	
145	-1	
146	-1	
147	-1	
148	-1	
149	-1	
150	-1	
151	-1	
152	1	
153	-1	
154	-1	
155	1	
156	1	
157	-1	
158	-1	
159	1	
160	1	
161	1	
162	-1	
163	-1	
164	1	
165	1	
166	-1	
167	-1	
168	-1	
169	-1	
170	-1	
171	-1	
172	-1	
173	-1	
174	-1	
175	-1	
176	-1	
177	1	
178	-1	
179	-1	
180	1	
181	1	
182	-1	
183	-1	
184	1	
185	1	
186	1	
187	-1	
188	-1	
189	1	
190	1	
191	-1	
192	-1	
193	1	
194	1	
195	1	
196	1	
197	-1	
198	-1	
199	1	
200	-1	
201	-1	
202	-1	
203	1	
204	-1	
205	1	
206	-1	
207	1	
208	-1	
209	1	
210	1	
211	-1	
212	-1	
213	1	
214	-1	
215	1	
216	-1	
217	-1	
218	-1	
219	-1	
220	-1	
221	-1	
222	1	
223	1	
224	-1	
225	1	
226	1	
227	1	
228	-1	
229	-1	
230	-1	
231	-1	
232	-1	
233	1	
234	-1	
235	-1	
236	-1	
237	-1	
238	1	
239	-1	
240	-1	
241	-1	
242	-1	
243	1	
244	1	
245	1	
246	1	
247	1	
248	1	
249	-1	
250	-1	
251	-1	
252	-1	
253	1	
254	1	
255	-1	
256	-1	
257	-1	
258	1	
259	1	
260	-1	
261	1	
262	1	
263	-1	
264	-1	
265	1	
266	-1	
267	1	
268	-1	
269	-1	
270	-1	
271	-1	
272	1	
273	-1	
274	1	
275	1	
276	1	
277	1	
278	1	
279	-1	
280	-1	
281	1	
282	1	
283	-1	
284	1	
285	-1	
286	-1	
287	1	
288	-1	
289	1	
290	-1	
291	-1	
292	1	
293	1	
294	1	
295	-1	
296	1	
297	-1	
298	1	
299	1	
300	-1	
301	1	
302	-1	
303	1	
304	1	
305	1	
306	-1	
307	-1	
308	-1	
309	-1	
310	-1	
311	-1	
312	-1	
313	1	
314	-1	
315	-1	
316	-1	
317	-1	
318	1	
319	1	
320	1	
321	1	
322	1	
323	1	
324	-1	
325	1	
326	1	
327	1	
328	-1	
329	1	
330	-1	
331	1	
332	-1	
333	-1	
334	-1	
335	1	
336	1	
337	-1	
338	1	
339	-1	
340	-1	
341	-1	
342	-1	
343	-1	
344	-1	
345	1	
346	1	
347	1	
348	-1	
349	1	
350	1	
351	-1	
352	1	
353	-1	
354	1	
355	-1	
356	1	
357	-1	
358	-1	
359	1	
361	1	
362	-1	
363	-1	
364	1	
365	-1	
367	1	
368	-1	
369	-1	
370	1	
371	-1	
372	1	
373	-1	
374	1	
375	-1	
376	-1	
377	-1	
378	-1	
379	1	
380	1	
382	1	
383	1	
384	1	
385	-1	
386	-1	
387	-1	
388	-1	
389	-1	
390	-1	
391	1	
392	1	
393	-1	
394	1	
396	1	
397	1	
398	-1	
399	-1	
400	1	
401	-1	
402	-1	
403	-1	
404	-1	
405	-1	
406	1	
407	-1	
408	1	
409	1	
410	1	
411	-1	
412	-1	
413	-1	
414	-1	
415	-1	
416	1	
417	-1	
418	1	
419	-1	
420	1	
421	1	
422	1	
424	1	
425	-1	
426	1	
427	-1	
428	-1	
429	1	
430	-1	
431	-1	
432	-1	
433	-1	
434	-1	
435	1	
436	1	
437	-1	
438	1	
439	-1	
440	1	
441	-1	
442	-1	
443	1	
444	1	
445	1	
446	1	
447	1	
448	-1	
449	1	
450	-1	
451	1	
452	1	
453	-1	
454	-1	
455	1	
456	-1	
457	1	
458	-1	
459	-1	
460	1	
461	1	
462	-1	
463	-1	
464	-1	
465	1	
466	-1	
467	-1	
468	-1	
469	-1	
470	-1	
471	-1	
472	-1	
473	1	
474	1	
475	1	
476	1	
477	1	
478	-1	
479	-1	
480	-1	
481	1	
482	-1	
483	1	
484	-1	
485	-1	
486	-1	
487	1	
488	-1	
489	1	
490	1	
491	1	
492	-1	
493	-1	
494	1	
495	-1	
496	1	
497	1	
498	1	
499	-1	
500	1	
501	1	
502	1	
503	-1	
504	-1	
505	-1	
506	-1	
507	1	
508	1	
509	1	
510	-1	
511	1	
Js:	
265	268	1	
267	268	4	
267	271	2	
266	271	-2	
266	270	-2	
265	270	-3	
400	405	2	
403	405	-2	
403	467	-1	
467	469	-2	
464	469	-3	
400	464	-1	
129	134	3	
131	134	-3	
131	195	2	
195	199	-2	
193	199	-3	
129	193	2	
418	421	-3	
419	421	3	
419	483	4	
483	487	-2	
482	487	2	
418	482	-2	
184	189	-2	
185	189	-1	
185	249	2	
249	253	-3	
248	253	-2	
184	248	-2	
425	429	2	
426	429	-3	
426	490	-1	
490	492	2	
489	492	2	
425	489	-2	
368	373	-3	
371	373	2	
371	435	1	
435	439	3	
432	439	-3	
368	432	-2	
32	36	1	
35	36	3	
35	39	3	
34	39	2	
34	38	3	
32	38	-3	
280	284	4	
281	284	-2	
281	286	2	
282	286	4	
282	287	2	
280	287	2	
154	157	-3	
157	165	2	
161	165	-2	
161	166	3	
158	166	-2	
154	158	-3	
345	349	-2	
347	349	-2	
347	411	2	
411	412	-4	
409	412	2	
345	409	1	
81	84	-4	
82	84	1	
82	87	-3	
80	87	2	
80	85	2	
81	85	-3	
320	324	2	
323	324	-2	
323	327	-3	
322	327	-2	
322	325	-2	
320	325	-4	
105	108	2	
107	108	3	
107	110	-3	
106	110	2	
106	109	-2	
105	109	-3	
297	300	-4	
299	300	2	
299	302	2	
296	302	-1	
296	301	-5	
297	301	3	
233	236	3	
236	244	1	
243	244	-2	
243	245	-2	
237	245	-1	
233	237	2	
48	52	1	
52	60	2	
58	60	3	
58	63	-3	
55	63	-1	
48	55	-4	
226	228	3	
227	228	-1	
227	231	3	
224	231	-1	
224	229	-4	
226	229	2	
504	508	1	
506	508	1	
506	510	-3	
507	510	1	
507	511	-4	
504	511	-2	
304	309	2	
309	317	-3	
313	317	-1	
313	318	-3	
310	318	3	
304	310	2	
449	452	-2	
450	452	-2	
450	455	2	
451	455	-3	
451	454	1	
449	454	3	
24	28	2	
26	28	-4	
26	29	2	
27	29	-1	
27	31	4	
24	31	-2	
8	12	-4	
10	12	-2	
10	74	1	
74	79	2	
72	79	-3	
8	72	1	
114	116	-3	
116	124	-4	
123	124	-4	
123	127	3	
119	127	3	
114	119	3	
257	260	-2	
258	260	4	
258	262	-2	
259	262	-4	
259	263	2	
257	263	-2	
169	172	-2	
172	180	1	
179	180	4	
179	183	1	
175	183	-1	
169	175	-3	
1	6	3	
3	6	-2	
3	67	2	
67	69	4	
65	69	-2	
1	65	-3	
408	415	3	
410	415	5	
410	474	-3	
474	478	-1	
472	478	-4	
408	472	4	
331	334	4	
334	342	-1	
339	342	-1	
339	343	-2	
335	343	2	
331	335	1	
352	357	3	
353	357	-2	
353	359	-2	
354	359	-1	
354	358	2	
352	358	3	
272	279	-1	
274	279	2	
274	338	-1	
338	341	3	
336	341	2	
272	336	-2	
305	308	3	
306	308	-2	
306	370	1	
370	374	-4	
369	374	-3	
305	369	1	
209	212	3	
210	212	2	
210	214	3	
208	214	-3	
208	213	2	
209	213	-2	
427	428	-2	
428	436	1	
434	436	2	
434	438	2	
430	438	-1	
427	430	-3	
218	220	-3	
219	220	-1	
219	222	2	
217	222	2	
217	223	2	
218	223	-1	
202	204	-1	
203	204	3	
203	206	3	
200	206	2	
200	207	3	
202	207	2	
9	13	2	
13	21	-1	
18	21	2	
18	22	2	
14	22	-1	
9	14	-3	
442	444	1	
443	444	-4	
443	445	-2	
440	445	-3	
440	447	-3	
442	447	-3	
392	396	-3	
393	396	2	
393	398	-3	
394	398	3	
394	397	4	
392	397	-1	
314	316	-3	
315	316	-1	
315	379	-2	
379	380	-3	
378	380	1	
314	378	-3	
40	44	-1	
43	44	3	
43	47	-2	
41	47	-5	
41	46	1	
40	46	3	
289	292	-2	
290	292	3	
290	293	-2	
288	293	2	
288	294	3	
289	294	-2	
137	141	-3	
138	141	-3	
138	143	1	
136	143	3	
136	142	3	
137	142	-2	
98	101	3	
99	101	2	
99	102	2	
97	102	-4	
97	103	3	
98	103	2	
456	460	4	
457	460	-2	
457	462	2	
459	462	3	
459	461	4	
456	461	2	
66	68	2	
68	76	-3	
75	76	-1	
75	78	2	
70	78	-4	
66	70	3	
385	388	-3	
387	388	-2	
387	390	-3	
384	390	3	
384	391	-3	
385	391	-1	
89	92	1	
90	92	-2	
90	95	2	
88	95	2	
88	94	-1	
89	94	-3	
144	148	-3	
147	148	-3	
147	149	-3	
145	149	2	
145	151	-3	
144	151	-3	
50	53	3	
53	61	-2	
59	61	-4	
59	62	-3	
54	62	-1	
50	54	-4	
168	173	-2	
173	181	1	
178	181	2	
178	182	-4	
174	182	1	
168	174	-4	
496	500	-3	
497	500	2	
497	503	3	
499	503	-3	
499	502	3	
496	502	-3	
475	476	-3	
476	484	2	
481	484	3	
481	485	3	
477	485	1	
475	477	4	
128	133	-2	
130	133	2	
130	194	-2	
194	196	-2	
192	196	-1	
128	192	-2	
361	364	-2	
362	364	4	
362	367	-2	
363	367	2	
363	365	-4	
361	365	4	
401	404	-3	
402	404	-3	
402	466	-1	
466	470	3	
465	470	2	
401	465	1	
235	238	2	
238	246	-1	
242	246	2	
242	247	3	
239	247	1	
235	239	1	
153	156	2	
156	164	-2	
162	164	-1	
162	167	-3	
159	167	2	
153	159	4	
112	117	-1	
117	125	4	
121	125	-4	
121	126	-2	
118	126	-3	
112	118	-2	
186	191	2	
187	191	1	
187	251	-2	
251	255	-3	
250	255	-4	
186	250	2	
0	5	2	
2	5	2	
2	66	-3	
66	71	2	
64	71	-4	
0	64	-2	
330	332	-3	
332	340	-1	
337	340	-3	
337	341	1	
333	341	-2	
330	333	-2	
345	348	3	
346	348	-1	
346	351	2	
344	351	-3	
344	350	3	
345	350	-2	
273	276	3	
275	276	1	
275	278	-4	
274	278	-2	
274	277	-1	
273	277	3	
480	486	-1	
486	494	-2	
491	494	-3	
491	495	3	
487	495	2	
480	487	2	
17	20	-3	
19	20	2	
19	23	-4	
16	23	-4	
16	22	-2	
17	22	-2	
312	319	3	
313	319	1	
313	377	1	
377	382	2	
376	382	2	
312	376	-2	
412	420	-1	
417	420	2	
417	422	4	
414	422	2	
411	414	-2	
321	326	-4	
322	326	-3	
322	386	1	
386	389	3	
385	389	-4	
321	385	1	
256	261	3	
261	269	3	
264	269	-3	
264	270	-2	
262	270	-1	
256	262	1	
49	53	-3	
51	53	-1	
51	115	-1	
115	118	-2	
113	118	-2	
49	113	1	
96	100	2	
99	100	-2	
99	163	-1	
163	167	-3	
160	167	3	
96	160	1	
201	205	2	
205	213	-2	
211	213	-3	
211	215	4	
207	215	-2	
201	207	1	
466	468	-4	
468	476	1	
473	476	-1	
473	479	3	
471	479	-2	
466	471	1	
176	183	2	
177	183	3	
177	241	1	
241	244	2	
240	244	3	
176	240	-2	
498	500	-2	
500	508	-2	
505	508	-3	
505	509	1	
501	509	-3	
498	501	-3	
290	295	-2	
291	295	-2	
291	355	-2	
355	356	2	
354	356	3	
290	354	2	
424	431	2	
425	431	-2	
489	493	2	
488	493	-3	
424	488	2	
298	302	2	
302	310	-1	
307	310	-1	
307	311	-3	
303	311	-2	
298	303	-3	
216	221	-1	
219	221	-3	
219	283	-1	
283	285	-1	
280	285	2	
216	280	-1	
82	86	2	
83	86	-4	
83	147	-2	
147	150	-3	
146	150	-3	
82	146	-1	
33	36	2	
36	44	2	
42	44	3	
42	45	2	
37	45	-2	
33	37	3	
88	93	-3	
91	93	3	
91	155	1	
155	157	1	
152	157	-3	
88	152	-1	
448	453	-2	
453	461	2	
458	461	-1	
458	463	-3	
455	463	2	
448	455	3	
433	437	-4	
437	445	2	
441	445	1	
441	446	4	
438	446	-2	
433	438	-3	
9	15	2	
11	15	-2	
11	75	1	
75	77	1	
73	77	3	
9	73	1	
106	111	2	
107	111	-2	
107	171	-1	
171	175	-4	
170	175	-2	
106	170	-1	
225	230	2	
230	238	2	
232	238	3	
232	239	-3	
231	239	-2	
225	231	-2	
371	372	2	
372	380	-2	
376	380	-1	
376	383	3	
375	383	1	
371	375	-2	
56	60	2	
57	60	-2	
57	121	-2	
120	125	-2	
56	120	-2	
328	333	-2	
329	333	1	
329	393	2	
393	399	-3	
392	399	3	
328	392	-1	
128	132	-4	
130	132	3	
130	135	1	
129	135	3	
128	134	1	
193	197	2	
194	197	-3	
194	198	3	
192	198	-1	
192	199	3	
24	29	-3	
25	29	-4	
25	30	-3	
27	30	-1	
400	404	1	
403	404	-1	
403	406	3	
402	406	1	
402	407	-3	
400	407	-1	
184	188	3	
187	188	-3	
251	254	2	
248	254	4	
409	413	2	
413	421	1	
416	421	2	
416	422	-2	
409	414	3	
185	190	-4	
186	190	2	
250	252	-3	
249	252	-2	
2	4	1	
4	12	-2	
11	12	2	
11	13	2	
5	13	2	
137	143	1	
139	143	-3	
139	203	1	
201	204	-3	
137	201	-3	
104	110	-1	
105	110	3	
105	169	1	
169	173	-2	
104	168	1	
232	237	-1	
234	237	-2	
234	298	2	
298	301	1	
232	296	1	
281	285	3	
285	293	1	
288	295	-1	
287	295	-1	
281	287	-2	
357	365	-2	
359	367	-1	
283	286	-2	
283	347	-2	
347	350	-2	
346	350	-2	
282	346	-2	
256	260	2	
259	260	1	
259	323	-2	
320	327	-2	
256	320	1	
84	92	-1	
91	92	2	
85	93	1	
112	116	1	
114	178	-1	
176	182	-2	
112	176	-1	
209	214	1	
211	214	-1	
211	275	1	
275	277	-2	
209	273	-2	
16	20	2	
17	23	-1	
17	21	3	
16	21	-1	
474	477	-2	
475	478	2	
472	479	-1	
474	479	2	
368	372	1	
370	372	-2	
369	373	-2	
499	501	2	
496	503	3	
498	502	-2	
448	452	2	
451	452	-2	
451	453	-3	
450	453	-3	
450	454	-2	
448	454	-2	
96	101	2	
98	102	-2	
96	103	-2	
339	340	2	
338	343	3	
338	342	1	
337	342	-3	
49	52	3	
51	52	3	
51	54	4	
48	54	2	
49	55	-2	
436	444	-2	
440	444	-1	
439	447	-2	
434	439	-2	
154	159	1	
154	218	-3	
217	220	3	
153	217	-2	
34	37	2	
40	45	3	
38	46	1	
160	164	3	
161	164	-3	
162	166	-2	
162	165	2	
160	165	-3	
56	61	2	
58	62	2	
56	63	2	
145	148	-2	
146	151	-3	
144	150	2	
464	468	-2	
465	468	2	
465	471	3	
467	471	-2	
467	470	-4	
464	470	1	
241	246	-1	
243	246	-3	
243	307	1	
307	308	-1	
241	305	3	
314	317	-1	
315	317	-4	
379	382	-3	
378	382	2	
225	228	4	
224	230	2	
65	68	1	
67	68	2	
64	69	-2	
65	71	-2	
384	388	1	
386	388	-2	
386	391	2	
387	391	-3	
482	484	-2	
484	492	-2	
491	492	3	
482	486	-4	
72	77	-2	
74	77	1	
74	78	-1	
73	78	-2	
73	79	-1	
329	332	-2	
331	332	2	
328	334	-2	
328	335	3	
329	335	-2	
138	142	2	
138	202	2	
202	206	-2	
136	200	2	
235	236	-3	
235	299	-2	
233	297	1	
424	429	2	
426	431	1	
427	431	-3	
424	430	3	
506	509	2	
507	509	-2	
504	510	-3	
26	30	2	
26	90	-1	
89	95	-3	
25	89	2	
240	247	-1	
242	306	-3	
306	309	-2	
240	304	1	
113	117	4	
115	117	-2	
115	179	-2	
177	180	1	
113	177	-2	
264	268	3	
266	269	-1	
459	460	3	
458	462	-2	
457	463	3	
401	405	-2	
405	413	3	
410	413	1	
407	415	-1	
401	407	-1	
416	420	-2	
417	481	-2	
480	485	-3	
416	480	2	
344	348	1	
348	356	1	
355	359	2	
351	359	2	
258	263	2	
258	322	1	
257	321	2	
121	124	-2	
123	126	2	
120	126	3	
120	127	-2	
121	127	2	
208	212	-3	
210	274	-3	
272	278	1	
208	272	2	
0	4	1	
3	4	4	
3	5	2	
1	5	2	
0	6	-3	
152	156	2	
155	156	-3	
155	219	1	
219	223	2	
216	223	3	
152	216	2	
377	383	3	
378	383	-3	
378	442	-1	
442	446	2	
377	441	-1	
131	133	2	
133	141	2	
139	141	-2	
135	143	1	
131	135	-4	
168	172	-2	
171	172	-3	
170	174	2	
288	292	-2	
291	292	1	
289	295	2	
193	196	-2	
195	196	-3	
195	198	2	
82	85	-2	
83	85	1	
80	86	2	
490	493	3	
490	494	3	
489	494	-1	
489	495	1	
488	495	-3	
104	108	3	
106	108	2	
105	111	-1	
104	111	3	
10	13	2	
11	14	3	
8	14	1	
8	15	3	
10	15	-3	
388	396	2	
394	396	-2	
389	397	2	
432	436	1	
435	436	-3	
435	438	-1	
432	437	-3	
43	45	2	
41	45	1	
42	47	1	
32	37	-2	
35	37	2	
33	39	2	
33	38	-3	
313	316	2	
314	319	2	
312	318	-2	
362	426	1	
426	428	2	
425	428	-3	
361	425	-1	
245	253	-2	
249	254	2	
246	254	-1	
180	188	2	
186	188	2	
186	189	-2	
181	189	-2	
179	181	-3	
276	284	-2	
279	287	2	
273	279	-3	
324	332	3	
325	333	2	
483	486	2	
392	398	-2	
398	406	1	
403	407	-2	
399	407	-2	
218	221	-1	
221	229	-2	
227	229	-2	
227	230	2	
222	230	2	
218	222	2	
344	349	2	
349	357	2	
350	358	-1	
408	414	2	
409	473	2	
473	478	2	
72	76	2	
72	78	-1	
200	205	2	
248	252	1	
251	252	-2	
250	254	1	
149	157	-1	
150	158	1	
18	20	-2	
20	28	1	
22	30	-2	
452	460	-2	
456	462	1	
454	462	-2	
235	237	-2	
299	303	-2	
187	190	2	
185	191	-3	
184	191	2	
441	444	2	
443	507	-2	
507	508	-1	
441	505	-3	
50	55	2	
50	114	2	
112	119	3	
48	112	2	
92	100	-1	
97	100	1	
94	102	1	
90	94	3	
304	311	2	
307	371	1	
368	375	-1	
304	368	1	
265	269	2	
265	271	2	
263	271	1	
256	263	-3	
338	340	1	
339	341	-2	
336	343	2	
461	469	1	
465	469	-2	
463	471	-1	
456	463	-3	
58	61	-2	
59	63	2	
57	63	-2	
57	62	2	
163	164	1	
129	132	1	
498	503	2	
496	501	-1	
497	501	-1	
1	4	-2	
67	71	1	
442	506	-3	
440	504	2	
241	247	2	
387	451	1	
384	448	1	
202	205	3	
203	205	-1	
203	267	-2	
267	270	-1	
202	266	-2	
89	93	-1	
24	88	-2	
365	373	2	
370	373	1	
370	375	1	
367	375	3	
361	367	-2	
435	437	1	
435	499	-1	
497	502	-2	
433	497	2	
155	159	-1	
153	158	-2	
152	158	1	
289	293	1	
291	293	2	
355	358	-2	
353	358	-2	
289	353	2	
427	491	1	
488	492	1	
377	380	3	
115	116	-2	
115	119	1	
80	84	2	
81	145	-2	
80	144	-1	
404	412	-1	
411	413	-2	
257	262	2	
321	324	2	
170	172	-2	
170	234	-2	
234	236	-2	
169	233	-1	
101	109	1	
104	109	-2	
103	111	-1	
99	103	-2	
419	422	1	
481	487	-2	
209	215	-2	
210	215	1	
10	14	2	
272	276	-2	
277	285	-2	
272	277	-2	
330	335	1	
330	394	-1	
27	28	3	
28	36	-2	
31	39	2	
75	79	3	
75	139	-2	
139	142	-2	
74	138	-2	
216	220	-1	
220	228	-1	
223	231	1	
177	181	-2	
352	356	-2	
354	418	-2	
418	420	-3	
352	416	-2	
347	348	-2	
347	351	2	
346	349	-2	
292	300	2	
297	302	2	
294	302	2	
290	294	1	
474	476	-2	
473	477	-2	
86	94	-1	
91	94	1	
91	95	-2	
87	95	1	
83	87	3	
196	204	-2	
201	206	-1	
198	206	-2	
312	317	-1	
315	319	2	
314	318	1	
18	23	-1	
69	77	-2	
64	70	-2	
42	46	3	
43	46	2	
40	47	3	
260	268	-1	
258	261	-1	
301	309	1	
305	309	1	
305	311	1	
296	303	-2	
34	98	-1	
98	100	2	
32	96	-2	
386	450	-1	
449	453	2	
385	449	1	
163	165	2	
165	173	1	
171	173	-1	
171	174	-1	
166	174	1	
163	166	-2	
336	342	-2	
337	401	-1	
401	406	2	
400	406	-2	
336	400	-1	
244	252	2	
240	245	1	
278	286	2	
275	279	2	
485	493	2	
490	495	1	
443	446	-1	
505	511	-2	
321	325	1	
331	333	1	
326	334	2	
364	372	-1	
369	372	2	
369	375	-2	
136	141	-1	
141	149	-1	
146	149	-2	
143	151	-1	
192	197	-3	
368	374	2	
370	434	-1	
410	412	-2	
187	189	1	
2	6	2	
393	397	1	
394	458	1	
393	457	1	
217	221	1	
216	222	2	
424	428	1	
427	429	-1	
426	430	2	
56	62	2	
396	404	-1	
322	324	1	
328	332	-1	
327	335	-1	
304	308	2	
308	316	2	
161	167	-1	
162	226	2	
161	225	-1	
41	44	3	
39	47	1	
73	76	2	
74	76	-1	
73	137	-1	
442	445	2	
504	509	-2	
270	278	1	
271	279	-2	
19	21	-2	
21	29	1	
19	22	-1	
283	284	1	
282	285	1	
458	460	1	
457	461	2	
297	303	1	
299	363	2	
297	361	-1	
384	389	1	
227	291	1	
291	294	2	
224	288	-2	
247	255	1	
243	247	2	
114	117	-1	
257	261	-1	
83	84	-1	
353	417	1	
170	173	1	
340	348	-2	
342	350	2	
469	477	-1	
464	471	-1	
266	268	2	
97	101	2	
8	13	-1	
443	447	-1	
90	93	2	
176	180	1	
178	180	-1	
178	242	-1	
240	246	2	
420	428	-1	
421	429	-2	
505	510	-1	
502	510	2	
232	236	1	
233	239	2	
472	476	-1	
339	403	1	
402	405	-1	
338	402	1	
449	455	-2	
374	382	-1	
177	182	1	
182	190	2	
183	191	-2	
307	309	1	
311	319	2	
296	300	1	
293	301	-2	
110	118	-1	
111	119	-1	
434	498	1	
200	204	1	
355	357	1	
251	253	1	
249	255	-1	
265	329	-2	
329	334	1	
264	328	-1	
27	91	1	
88	92	1	
478	486	1	
155	158	-1	
323	326	1	
274	276	1	
197	205	2	
199	207	2	
48	53	-1	
51	55	1	
35	99	1	
96	102	-1	
19	83	-1	
16	80	-1	
43	107	1	
42	106	-1	
312	316	-2	
65	70	-1	
363	364	2	
298	362	-1	
273	337	-1	
337	343	1	
123	187	1	
120	184	-1	
386	390	-1	
390	398	1	
391	399	1	
130	134	-2	
128	135	-1	
503	511	-1	
440	446	1	
432	438	1	
234	238	1	
168	232	-1	
353	356	1	
152	159	-1	
241	245	1	
242	245	1	
306	310	-2	
305	310	-1	
406	414	1	
72	136	1	
283	287	1	
345	351	1	
281	345	-1	
34	36	2	
26	31	-1	
483	485	1	
195	259	-1	
193	257	-1	
267	331	-2	
330	334	-2	
266	330	-1	
18	82	-1	
81	86	-1	
17	81	-1	
146	148	-1	
144	149	-1	
163	227	-1	
226	231	1	
282	284	-1	
280	344	1	
29	37	1	
30	38	1	
24	30	-1	
134	142	1	
483	484	-1	
356	364	1	
467	468	-1	
466	469	-1	
433	436	-1	
59	60	-1	
411	415	-1	
411	475	1	
233	238	1	
234	239	-1	
315	318	-1	
71	79	1	
210	213	-1	
506	511	1	
323	325	-1	
323	387	1	
320	384	-1	
169	174	1	
224	228	-1	
225	289	-1	
355	419	1	
419	420	1	
248	255	1	
488	494	1	
178	183	-1	
408	413	1	
76	84	1	
77	85	-1	
211	212	-1	
212	220	-1	
215	223	-1	
67	131	1	
65	129	-1	
267	269	1	
148	156	1	
151	159	-1	
147	151	-1	
336	340	1	
417	421	1	
422	430	1	
25	31	-1	
50	52	-1	
49	54	-1	
394	399	1	
298	300	-1	
499	500	-1	
441	447	1	
268	276	1	
264	271	-1	
35	38	1	
346	410	-1	
81	87	-1	
145	150	-1	
113	119	1	
Energy:	-1714	
