NumberOfQubits	504	
NumberOfSubgraphs	504	
Serial	276	
PlantedSolution:	
0	1	
1	1	
2	1	
3	1	
4	-1	
5	1	
6	-1	
8	1	
9	-1	
10	1	
11	-1	
12	1	
13	-1	
14	1	
15	1	
16	1	
17	1	
18	1	
19	1	
20	-1	
21	1	
22	-1	
23	-1	
24	-1	
25	1	
26	-1	
27	-1	
28	-1	
29	-1	
30	1	
31	1	
32	1	
33	-1	
34	1	
35	-1	
36	-1	
37	-1	
38	-1	
39	-1	
40	-1	
41	1	
42	1	
43	1	
44	-1	
45	1	
46	1	
47	1	
48	-1	
49	-1	
50	-1	
51	1	
52	-1	
53	-1	
54	-1	
55	-1	
56	1	
57	1	
58	1	
59	-1	
60	-1	
61	-1	
62	-1	
63	1	
64	1	
65	-1	
66	-1	
67	1	
68	1	
69	1	
70	1	
71	1	
72	1	
73	-1	
74	-1	
75	-1	
76	-1	
77	1	
78	-1	
79	-1	
80	1	
81	1	
82	1	
83	-1	
84	1	
85	1	
86	1	
87	1	
88	1	
89	-1	
90	-1	
91	-1	
92	-1	
93	-1	
94	-1	
95	-1	
96	1	
97	-1	
98	-1	
99	-1	
100	1	
101	-1	
102	1	
103	1	
104	1	
105	-1	
106	-1	
107	1	
108	1	
109	1	
110	-1	
111	1	
112	-1	
113	1	
114	-1	
115	1	
116	1	
117	-1	
118	-1	
119	-1	
120	-1	
121	-1	
123	-1	
124	-1	
125	1	
126	1	
127	-1	
128	1	
129	-1	
130	1	
131	1	
132	-1	
133	-1	
134	-1	
135	-1	
136	1	
137	-1	
138	1	
139	-1	
141	-1	
142	1	
143	1	
144	-1	
145	-1	
146	-1	
147	1	
148	1	
149	-1	
150	-1	
151	-1	
152	-1	
153	-1	
154	-1	
155	-1	
156	-1	
157	1	
158	1	
159	-1	
160	1	
161	1	
162	1	
163	1	
164	1	
165	-1	
166	1	
167	-1	
168	1	
169	1	
170	1	
171	-1	
172	-1	
173	-1	
174	-1	
175	1	
176	-1	
177	1	
178	1	
179	-1	
180	1	
181	-1	
182	-1	
183	-1	
184	1	
185	-1	
186	1	
187	-1	
188	1	
189	1	
190	1	
191	1	
192	-1	
193	1	
194	1	
195	1	
196	-1	
197	-1	
198	-1	
199	1	
200	-1	
201	1	
202	1	
203	1	
204	-1	
205	-1	
206	1	
207	1	
208	-1	
209	1	
210	-1	
211	1	
212	1	
213	1	
214	-1	
215	-1	
216	1	
217	-1	
218	-1	
219	1	
220	-1	
221	1	
222	1	
223	1	
224	-1	
225	1	
226	-1	
227	-1	
228	-1	
229	-1	
230	-1	
231	1	
232	-1	
233	1	
234	-1	
235	1	
236	-1	
237	-1	
238	1	
239	1	
240	-1	
241	-1	
242	-1	
243	-1	
244	-1	
245	-1	
246	1	
247	1	
248	-1	
249	1	
250	-1	
251	1	
252	-1	
253	1	
254	-1	
255	-1	
256	1	
257	-1	
258	1	
259	-1	
260	1	
261	-1	
262	-1	
263	1	
264	-1	
265	-1	
266	-1	
267	-1	
268	-1	
269	1	
270	1	
271	-1	
272	-1	
273	-1	
274	1	
275	-1	
276	-1	
277	1	
278	1	
279	1	
280	1	
281	1	
282	1	
283	-1	
284	-1	
285	1	
286	1	
287	-1	
288	1	
289	-1	
290	1	
291	-1	
292	1	
293	1	
294	-1	
295	1	
296	1	
297	-1	
298	1	
299	-1	
300	-1	
301	-1	
302	1	
303	1	
304	1	
305	-1	
306	1	
307	-1	
308	-1	
309	-1	
310	1	
311	-1	
312	1	
313	1	
314	-1	
315	1	
316	1	
317	1	
318	1	
319	1	
320	1	
321	-1	
322	1	
323	1	
324	-1	
325	-1	
326	-1	
327	1	
328	-1	
329	1	
330	1	
331	1	
332	1	
333	1	
334	-1	
335	1	
336	-1	
337	1	
338	-1	
339	1	
340	-1	
341	1	
342	-1	
343	1	
344	-1	
345	1	
346	1	
347	1	
348	1	
349	-1	
350	-1	
351	-1	
352	1	
353	-1	
354	1	
355	1	
356	1	
357	-1	
358	-1	
359	1	
361	1	
362	1	
363	1	
364	-1	
365	1	
367	-1	
368	-1	
369	1	
370	-1	
371	1	
372	-1	
373	-1	
374	-1	
375	1	
376	-1	
377	-1	
378	1	
379	1	
380	1	
382	-1	
383	1	
384	1	
385	1	
386	1	
387	1	
388	-1	
389	-1	
390	1	
391	-1	
392	-1	
393	1	
394	-1	
396	1	
397	1	
398	1	
399	1	
400	-1	
401	1	
402	1	
403	1	
404	-1	
405	-1	
406	-1	
407	-1	
408	1	
409	-1	
410	-1	
411	-1	
412	-1	
413	1	
414	1	
415	1	
416	1	
417	1	
418	-1	
419	-1	
420	-1	
421	-1	
422	1	
424	-1	
425	1	
426	-1	
427	-1	
428	-1	
429	-1	
430	-1	
431	1	
432	-1	
433	1	
434	1	
435	-1	
436	-1	
437	1	
438	1	
439	-1	
440	-1	
441	1	
442	-1	
443	-1	
444	-1	
445	1	
446	1	
447	-1	
448	-1	
449	-1	
450	1	
451	-1	
452	1	
453	1	
454	-1	
455	1	
456	1	
457	1	
458	-1	
459	1	
460	1	
461	-1	
462	-1	
463	-1	
464	-1	
465	-1	
466	1	
467	1	
468	1	
469	1	
470	1	
471	1	
472	1	
473	-1	
474	1	
475	-1	
476	1	
477	1	
478	1	
479	-1	
480	1	
481	1	
482	-1	
483	-1	
484	1	
485	1	
486	-1	
487	-1	
488	-1	
489	1	
490	-1	
491	-1	
492	-1	
493	-1	
494	1	
495	-1	
496	-1	
497	1	
498	-1	
499	1	
500	1	
501	-1	
502	1	
503	-1	
504	-1	
505	1	
506	1	
507	1	
508	-1	
509	-1	
510	1	
511	-1	
Js:	
408	412	-2	
409	412	-3	
409	413	4	
410	413	3	
410	415	2	
408	415	-4	
249	252	3	
250	252	-3	
250	314	2	
314	316	2	
313	316	-4	
249	313	-2	
505	508	5	
506	508	4	
506	510	-3	
507	510	-3	
507	509	4	
505	509	4	
82	84	-3	
84	92	4	
89	92	-2	
89	93	-4	
85	93	-1	
82	85	-3	
1	4	5	
4	12	-1	
8	12	-2	
8	14	-4	
6	14	1	
1	6	4	
49	52	-2	
51	52	2	
51	54	3	
48	54	-4	
48	53	-2	
49	53	-3	
162	165	4	
163	165	3	
163	227	2	
227	231	2	
226	231	3	
162	226	-2	
234	237	2	
235	237	3	
235	239	-4	
232	239	3	
232	238	2	
234	238	3	
288	292	1	
292	300	3	
296	300	3	
296	303	-3	
295	303	-3	
288	295	-4	
74	78	-2	
78	86	2	
83	86	4	
83	87	3	
79	87	2	
74	79	-3	
192	196	-2	
195	196	4	
195	259	1	
259	261	-4	
256	261	-2	
192	256	1	
368	372	-3	
372	380	3	
378	380	-3	
378	383	-3	
375	383	-1	
368	375	-2	
216	220	3	
218	220	3	
218	221	2	
219	221	-3	
219	222	-4	
216	222	-4	
274	276	3	
276	284	-2	
282	284	3	
282	287	2	
279	287	2	
274	279	-2	
64	70	-3	
65	70	3	
65	129	1	
129	133	-2	
128	133	4	
64	128	-1	
307	310	1	
310	318	-3	
315	318	-1	
315	319	3	
311	319	3	
307	311	-3	
201	204	1	
203	204	2	
203	267	1	
267	269	4	
265	269	2	
201	265	-1	
425	430	5	
430	438	1	
435	438	4	
435	439	-2	
431	439	-2	
425	431	-1	
328	334	1	
334	342	-2	
337	342	1	
337	343	-5	
335	343	-1	
328	335	2	
240	244	-2	
243	244	-3	
243	246	-3	
242	246	4	
242	245	-2	
240	245	-1	
352	357	1	
354	357	2	
354	418	2	
418	422	5	
416	422	-1	
352	416	2	
17	21	-3	
21	29	2	
25	29	3	
25	31	-4	
23	31	1	
17	23	-4	
186	188	-5	
187	188	3	
187	190	2	
185	190	3	
185	189	2	
186	189	3	
489	493	3	
493	501	-2	
497	501	4	
497	502	4	
494	502	-3	
489	494	-3	
144	148	-1	
146	148	2	
146	151	-3	
147	151	3	
147	149	2	
144	149	-3	
91	94	-3	
94	102	-2	
99	102	3	
99	103	2	
95	103	1	
91	95	-3	
42	44	4	
43	44	3	
43	45	-3	
41	45	-3	
41	46	-3	
42	46	-3	
104	108	-2	
106	108	3	
106	109	3	
107	109	-3	
107	110	-2	
104	110	5	
208	212	3	
211	212	-4	
211	215	2	
209	215	-3	
209	213	-3	
208	213	3	
472	476	-2	
473	476	2	
473	478	4	
474	478	-3	
474	477	-2	
472	477	-3	
344	348	5	
345	348	-1	
345	349	-4	
346	349	3	
346	350	2	
344	350	-2	
115	116	-3	
116	124	3	
120	124	-2	
120	127	-5	
119	127	-3	
115	119	2	
58	60	5	
59	60	-2	
59	63	-3	
56	63	-5	
56	62	5	
58	62	5	
152	157	3	
155	157	4	
155	159	-2	
154	159	-3	
154	158	2	
152	158	4	
169	173	4	
171	173	-3	
171	174	-5	
168	174	2	
168	175	2	
169	175	-1	
456	460	-2	
460	468	-2	
465	468	-2	
465	469	3	
461	469	1	
456	461	4	
73	77	3	
75	77	2	
75	139	-3	
139	142	4	
137	142	-1	
73	137	-3	
480	484	-3	
482	484	3	
482	487	-3	
483	487	-3	
483	485	-3	
480	485	-1	
401	404	4	
403	404	2	
403	405	2	
402	405	4	
402	406	-3	
401	406	2	
176	180	1	
178	180	-3	
178	183	-3	
177	183	3	
177	182	1	
176	182	-3	
392	397	-2	
393	397	-3	
393	399	-1	
394	399	5	
394	398	3	
392	398	2	
321	324	-2	
323	324	3	
323	325	3	
320	325	-2	
320	326	1	
321	326	-3	
66	68	3	
67	68	-2	
67	131	-1	
131	134	2	
130	134	3	
66	130	-1	
193	197	5	
194	197	4	
194	258	1	
258	263	-3	
257	263	2	
193	257	1	
386	391	2	
387	391	2	
387	451	3	
451	452	-3	
450	452	-2	
386	450	-2	
136	141	4	
138	141	3	
138	202	-4	
202	205	3	
200	205	-2	
136	200	3	
442	444	-3	
443	444	-2	
443	447	1	
441	447	3	
441	445	-3	
442	445	3	
160	166	-2	
161	166	-4	
161	225	-2	
225	230	-2	
224	230	-2	
160	224	2	
33	36	3	
35	36	-3	
35	37	-4	
34	37	2	
34	38	4	
33	38	-3	
298	302	2	
299	302	2	
299	363	3	
363	365	-5	
362	365	-3	
298	362	-2	
281	285	-4	
285	293	-2	
291	293	3	
291	294	-3	
286	294	-1	
281	286	-3	
330	332	-2	
332	340	-1	
336	340	-2	
336	341	2	
333	341	-2	
330	333	-3	
458	462	-3	
462	470	1	
466	470	-4	
466	471	-4	
463	471	-2	
458	463	-6	
424	428	-2	
426	428	-2	
426	490	-3	
490	495	-3	
488	495	2	
424	488	-4	
16	20	4	
20	28	1	
26	28	-4	
26	30	2	
22	30	2	
16	22	3	
353	356	2	
355	356	-3	
355	419	2	
419	420	-2	
417	420	3	
353	417	2	
369	374	3	
370	374	-2	
370	434	-3	
434	437	-3	
433	437	-2	
369	433	-3	
384	389	3	
385	389	-3	
385	449	3	
449	455	4	
448	455	2	
384	448	2	
112	117	-3	
117	125	3	
121	125	3	
121	126	2	
118	126	3	
112	118	3	
9	12	4	
10	12	2	
10	13	3	
11	13	-5	
11	15	5	
9	15	3	
496	500	3	
499	500	-4	
499	503	-3	
498	503	-4	
498	501	-2	
496	501	-3	
184	191	-3	
187	191	2	
187	251	3	
251	253	-4	
248	253	3	
184	248	3	
240	247	-2	
241	247	2	
241	305	-2	
305	308	-5	
304	308	3	
240	304	2	
96	100	1	
97	100	3	
97	103	2	
98	103	2	
98	101	-3	
96	101	2	
264	268	1	
265	268	-3	
265	271	-3	
266	271	-3	
266	270	3	
264	270	3	
376	382	-3	
379	382	2	
379	443	3	
443	446	3	
440	446	3	
376	440	3	
273	277	3	
275	277	3	
275	279	2	
272	279	-5	
272	278	2	
273	278	4	
233	236	2	
234	236	-3	
234	298	-2	
298	301	3	
297	301	-3	
233	297	2	
80	85	-3	
81	85	3	
81	145	2	
145	150	-2	
144	150	-2	
80	144	2	
195	198	3	
198	206	-3	
201	206	-5	
201	207	-3	
199	207	-2	
195	199	-3	
0	5	-4	
2	5	-4	
2	66	2	
66	69	2	
64	69	1	
0	64	-3	
347	350	3	
350	358	-2	
354	358	3	
354	359	-1	
351	359	-1	
347	351	4	
32	37	3	
37	45	1	
40	45	3	
40	47	-3	
39	47	2	
32	39	4	
361	367	-3	
363	367	2	
363	427	2	
427	429	-3	
425	429	2	
361	425	-2	
153	156	-4	
155	156	-1	
155	219	2	
219	223	1	
217	223	4	
153	217	-2	
408	414	-3	
411	414	3	
411	475	-2	
475	479	-3	
472	479	-2	
408	472	-2	
49	55	-3	
50	55	-3	
50	114	3	
114	119	-3	
113	119	2	
49	113	3	
481	484	-2	
484	492	2	
491	492	3	
491	494	2	
486	494	2	
481	486	4	
400	407	-2	
403	407	3	
403	467	-3	
467	469	-2	
464	469	-2	
400	464	-4	
368	373	-3	
371	373	2	
371	435	1	
435	436	3	
432	436	-5	
368	432	-1	
163	164	2	
164	172	1	
170	172	4	
170	175	-2	
167	175	3	
163	167	2	
306	309	-2	
309	317	2	
312	317	-4	
312	318	-3	
306	310	-4	
450	453	-4	
453	461	-2	
457	461	4	
457	462	2	
454	462	-3	
450	454	2	
386	388	3	
388	396	-3	
393	396	-2	
393	398	-3	
390	398	-2	
386	390	-4	
68	76	2	
72	76	2	
72	79	-3	
71	79	2	
67	71	-3	
24	29	-3	
26	29	2	
26	90	-2	
90	94	-3	
88	94	3	
24	88	1	
225	229	-1	
226	229	-2	
226	290	1	
290	292	-4	
289	292	2	
225	289	2	
322	324	3	
324	332	2	
329	332	-2	
329	335	-2	
327	335	3	
322	327	-3	
57	61	3	
59	61	-5	
59	123	2	
123	124	-3	
121	124	-2	
57	121	2	
209	212	-3	
211	214	3	
210	214	-3	
210	215	-2	
177	180	-3	
178	181	1	
179	181	2	
179	183	-3	
129	132	-4	
131	132	4	
128	134	4	
128	135	-2	
129	135	-2	
257	260	3	
259	260	3	
258	261	4	
258	262	-1	
257	262	-3	
283	284	-2	
283	287	4	
280	287	4	
280	285	-3	
282	285	-2	
43	46	-3	
43	107	-1	
107	111	-2	
105	111	3	
41	105	-1	
337	340	3	
338	340	-2	
338	341	2	
339	341	-4	
339	343	2	
498	502	3	
502	510	1	
504	510	4	
504	511	-4	
503	511	-2	
19	20	2	
19	22	3	
18	22	2	
18	23	4	
16	23	-1	
251	255	2	
249	255	-3	
249	254	2	
248	254	-2	
25	28	-1	
27	28	-4	
27	91	-2	
91	93	-2	
25	89	1	
352	356	2	
356	364	3	
362	364	3	
362	367	2	
359	367	4	
352	359	-2	
220	228	1	
227	228	-2	
227	230	-3	
222	230	2	
416	421	4	
419	421	-3	
419	483	-3	
480	487	2	
416	480	-3	
142	150	-2	
145	151	-2	
143	151	2	
139	143	4	
2	4	-2	
3	5	-5	
3	6	3	
325	333	1	
331	333	-4	
331	334	-2	
326	334	-2	
323	326	2	
377	380	3	
378	442	3	
441	444	-3	
377	441	3	
459	460	-4	
466	468	-1	
459	463	2	
168	172	4	
169	172	3	
169	233	-2	
233	237	2	
232	237	-2	
168	232	-2	
475	476	2	
475	478	-1	
473	477	2	
200	204	3	
203	205	3	
202	207	-1	
200	207	2	
404	412	-1	
411	412	-2	
411	415	3	
407	415	2	
401	407	-2	
428	436	-2	
434	436	2	
429	437	3	
424	429	1	
35	39	-3	
34	39	2	
100	108	-2	
105	108	2	
105	109	-3	
101	109	2	
97	101	-3	
154	157	2	
157	165	1	
160	165	-2	
160	167	1	
159	167	-2	
504	508	-2	
506	509	-2	
507	511	1	
48	52	3	
51	55	3	
50	54	-2	
83	84	-1	
88	92	4	
88	95	3	
87	95	3	
308	316	-4	
313	319	-2	
305	311	-1	
488	492	-3	
489	492	3	
491	493	-2	
491	495	-3	
266	268	-2	
267	268	3	
264	269	4	
418	420	-2	
418	482	-2	
482	485	4	
481	485	1	
417	481	-4	
8	15	-2	
10	14	-4	
57	60	5	
58	63	-1	
56	61	-2	
387	389	3	
451	455	2	
73	76	-1	
75	76	-3	
72	77	-2	
72	78	1	
73	78	3	
275	278	2	
275	339	2	
339	342	4	
336	342	-3	
272	336	-3	
294	302	4	
296	302	-4	
291	295	2	
369	372	2	
371	372	3	
371	375	-3	
370	375	3	
370	373	2	
369	373	2	
241	244	-3	
242	244	-1	
243	245	-3	
241	246	1	
112	116	-3	
115	118	2	
114	118	-1	
114	117	-2	
280	286	1	
283	286	2	
283	347	2	
347	348	-2	
280	344	1	
185	188	1	
186	190	-2	
184	190	3	
184	189	-2	
192	197	-2	
193	198	-1	
194	198	2	
194	199	-2	
192	199	3	
156	164	2	
162	164	-2	
162	166	-1	
158	166	3	
153	158	2	
433	438	-3	
438	446	-3	
440	447	-2	
439	447	2	
433	439	3	
384	388	3	
392	396	3	
392	399	2	
391	399	3	
384	391	3	
345	351	3	
346	351	2	
346	410	1	
345	409	-2	
315	317	-4	
315	379	-2	
379	383	-3	
376	383	3	
312	376	2	
217	221	2	
221	229	2	
224	229	-2	
224	231	2	
223	231	1	
130	133	2	
133	141	2	
137	141	-3	
137	143	3	
135	143	1	
130	135	3	
173	181	-1	
176	181	2	
174	182	-2	
40	44	-3	
42	106	-1	
106	111	3	
104	111	-2	
40	104	1	
18	21	-3	
18	82	1	
82	86	-2	
81	86	-2	
17	81	-3	
289	293	3	
291	355	1	
355	357	-2	
353	357	-4	
289	353	-2	
120	125	3	
123	125	3	
123	126	4	
121	127	2	
210	213	2	
210	274	1	
273	276	2	
209	273	1	
233	238	3	
235	238	-2	
235	299	2	
299	301	-2	
400	405	-1	
401	405	2	
401	465	2	
465	470	2	
464	470	-1	
256	263	-4	
258	322	-2	
320	327	-4	
256	320	1	
427	431	4	
426	431	-2	
362	426	2	
246	254	2	
250	254	2	
250	255	-2	
247	255	3	
242	247	2	
65	69	4	
69	77	-2	
74	77	-2	
65	71	1	
145	148	2	
147	148	-3	
146	149	1	
145	149	-3	
448	452	3	
452	460	-3	
456	462	-1	
448	454	-3	
499	501	3	
496	502	3	
329	334	3	
330	334	2	
330	394	2	
394	397	3	
329	393	1	
306	308	1	
307	308	-1	
307	309	-4	
304	309	-1	
304	310	-3	
27	29	-2	
27	31	-2	
24	31	3	
24	30	3	
25	30	-3	
32	38	2	
35	38	-2	
35	99	-2	
96	102	-2	
32	96	2	
413	421	2	
418	421	-1	
414	422	1	
409	414	1	
226	228	-3	
228	236	-3	
232	236	-3	
231	239	3	
338	402	1	
400	406	-1	
336	400	-1	
377	382	-3	
374	382	2	
368	374	-2	
3	67	-3	
67	70	2	
264	271	-2	
267	271	-2	
267	331	1	
328	333	-2	
264	328	-2	
288	293	-3	
290	293	-3	
290	354	-1	
352	358	3	
288	352	2	
206	214	-2	
208	214	-2	
208	215	-2	
207	215	2	
131	195	-1	
193	196	2	
129	193	-1	
432	437	3	
437	445	-1	
443	445	-3	
432	438	1	
459	461	-2	
459	462	2	
457	463	1	
361	364	4	
355	359	-4	
161	167	2	
152	159	-2	
179	182	-3	
182	190	2	
185	191	4	
183	191	2	
50	53	-2	
114	116	1	
113	116	-2	
74	76	-3	
74	138	-2	
72	136	-2	
424	430	-2	
426	430	-3	
490	493	-3	
488	493	-2	
19	83	3	
80	86	2	
16	80	-3	
217	220	-2	
218	282	1	
282	286	-3	
217	281	1	
98	102	-1	
102	110	2	
106	110	-1	
103	111	-2	
251	252	2	
251	315	-1	
314	317	1	
478	486	-1	
480	486	3	
479	487	-1	
473	479	-3	
259	323	-1	
257	321	-2	
384	390	1	
385	390	-3	
449	453	2	
448	453	2	
91	155	1	
90	154	-3	
345	350	2	
505	510	1	
506	511	3	
266	269	-1	
269	277	-2	
270	278	-3	
464	468	2	
467	468	-3	
467	470	-2	
464	471	3	
52	60	-2	
57	62	2	
54	62	-2	
11	12	-1	
9	14	2	
41	44	1	
42	47	-2	
170	174	-1	
169	174	1	
168	173	1	
297	300	-2	
297	302	2	
290	294	-3	
320	324	2	
331	332	-3	
331	335	-2	
205	213	3	
203	206	-1	
107	108	-3	
105	110	-2	
476	484	-1	
477	485	1	
475	477	2	
434	439	3	
492	500	1	
498	500	2	
495	503	-2	
489	495	-2	
396	404	1	
402	404	1	
397	405	2	
179	180	2	
180	188	-3	
187	189	2	
181	189	3	
82	87	-3	
312	319	-1	
314	319	3	
314	378	1	
378	382	-2	
410	412	-3	
410	414	2	
112	119	-2	
99	101	-1	
99	163	2	
160	164	-3	
96	160	-2	
227	229	-3	
275	276	-3	
272	277	1	
274	277	-3	
128	132	-2	
130	132	2	
130	194	-1	
194	196	2	
128	192	1	
1	65	2	
237	245	1	
241	245	-3	
239	247	-1	
224	228	1	
225	228	4	
289	295	3	
224	288	1	
58	61	1	
416	420	2	
420	428	2	
427	428	-1	
421	429	-1	
33	39	-3	
34	98	-1	
98	100	4	
33	97	-1	
440	444	-2	
442	447	-2	
440	445	2	
386	389	-1	
451	453	2	
296	301	2	
301	309	-2	
303	311	-2	
337	341	2	
338	342	-3	
338	343	2	
147	211	-2	
210	212	1	
146	210	3	
18	20	2	
19	21	-3	
281	284	4	
75	78	-2	
256	260	-3	
260	268	-2	
265	270	1	
262	270	1	
256	262	3	
398	406	2	
403	406	-2	
399	407	1	
45	53	2	
51	53	2	
47	55	-1	
43	47	-2	
136	142	-3	
138	142	-1	
202	204	3	
417	422	2	
419	422	2	
483	486	-2	
185	249	-1	
235	236	1	
299	300	-1	
298	300	3	
364	372	-2	
365	373	-1	
361	365	-2	
90	93	-3	
154	156	1	
89	153	-2	
435	499	2	
432	496	-2	
344	349	-3	
349	357	2	
353	358	-4	
113	118	3	
315	316	1	
377	383	2	
313	377	1	
0	6	-2	
64	71	-2	
244	252	-3	
250	253	2	
245	253	-2	
469	477	-2	
471	479	2	
465	471	1	
257	261	1	
322	325	2	
321	325	-4	
165	173	-1	
171	175	-3	
162	167	2	
490	494	3	
425	489	1	
449	452	1	
450	455	2	
451	454	-2	
449	454	-2	
305	309	-3	
32	36	3	
34	36	-3	
33	37	-2	
154	218	-1	
218	223	3	
216	223	2	
152	216	1	
266	330	1	
265	329	-2	
177	181	3	
177	241	1	
176	240	-3	
507	508	2	
504	509	2	
131	133	-2	
131	135	2	
129	134	-2	
385	391	-2	
8	13	2	
192	198	-3	
458	460	2	
456	463	1	
70	78	2	
66	70	2	
115	179	-2	
178	182	3	
114	178	2	
170	234	2	
497	503	2	
468	476	-2	
474	476	-3	
470	478	2	
248	255	-2	
313	318	-2	
248	312	1	
259	262	-2	
371	374	3	
161	164	-2	
163	166	1	
328	332	4	
330	335	-2	
346	348	-1	
348	356	-1	
146	150	-3	
147	150	2	
203	207	-2	
50	52	-2	
340	348	-2	
344	351	-1	
343	351	1	
216	221	-1	
77	85	-1	
274	278	-1	
0	4	3	
2	6	2	
291	292	-1	
323	327	-1	
19	23	1	
283	285	-1	
405	413	1	
408	413	-1	
406	414	2	
99	100	-2	
97	102	2	
89	95	-2	
24	28	2	
26	31	2	
242	306	1	
306	311	1	
304	311	2	
42	45	-2	
41	47	2	
297	303	-2	
299	303	2	
297	361	1	
229	237	-2	
393	457	-2	
392	456	-2	
113	177	-1	
176	183	-2	
112	176	-1	
134	142	1	
425	428	3	
422	430	1	
483	484	1	
481	487	-1	
120	126	1	
409	473	1	
497	500	-1	
433	497	1	
400	404	-3	
149	157	3	
151	159	2	
144	151	-2	
389	397	-2	
53	61	-1	
55	63	1	
376	380	1	
379	380	-2	
138	143	-2	
202	206	-3	
137	201	-2	
230	238	2	
274	338	2	
9	73	-1	
73	79	-1	
8	72	-2	
27	30	2	
107	171	1	
104	168	-1	
424	431	3	
427	491	-2	
505	511	2	
251	254	2	
243	247	2	
196	204	-2	
197	205	-1	
369	375	-2	
367	375	-1	
148	156	-2	
152	156	-2	
150	158	1	
314	318	3	
64	68	-2	
65	68	-1	
66	71	2	
402	407	-2	
466	469	-2	
402	466	-1	
219	283	1	
216	280	-1	
17	20	1	
81	84	1	
80	84	-2	
434	498	-1	
96	103	-3	
97	161	-1	
410	474	-1	
485	493	2	
487	495	-2	
115	117	1	
387	388	2	
394	396	1	
387	390	-2	
298	303	-2	
341	349	2	
342	350	-1	
457	460	1	
322	326	2	
186	191	1	
186	250	1	
259	263	-1	
44	52	-1	
209	214	-1	
10	15	1	
57	63	2	
170	173	2	
193	199	2	
153	159	1	
225	231	1	
1	5	1	
67	69	-1	
305	310	1	
442	446	1	
347	411	1	
409	415	1	
249	253	-1	
121	185	1	
120	184	1	
51	115	-2	
48	112	-2	
178	242	2	
240	246	2	
98	162	1	
233	239	-1	
139	203	-1	
16	21	1	
83	85	1	
273	279	1	
273	337	1	
336	343	1	
472	478	1	
280	284	2	
38	46	1	
40	46	2	
144	208	-2	
104	109	1	
357	365	1	
219	220	-1	
412	420	1	
113	117	-1	
12	20	2	
15	23	-1	
268	276	-1	
267	270	1	
339	340	2	
166	174	1	
3	4	1	
354	356	-1	
248	252	-1	
49	54	1	
243	307	1	
263	271	2	
88	93	1	
93	101	-1	
455	463	2	
153	157	-1	
217	222	1	
282	346	-1	
500	508	-1	
496	503	-1	
226	230	-1	
145	209	-1	
106	170	-1	
105	169	1	
14	22	1	
258	260	1	
288	294	-1	
474	479	1	
467	471	2	
313	317	-1	
321	327	-1	
81	87	-1	
306	370	1	
370	372	1	
304	368	1	
411	413	-1	
90	92	1	
91	92	-1	
89	94	-1	
11	75	-1	
75	79	-1	
204	212	-1	
211	213	-1	
284	292	-1	
76	84	1	
17	22	1	
385	388	1	
214	222	1	
215	223	1	
417	421	-1	
48	55	-1	
272	276	-1	
161	165	1	
261	269	1	
328	392	1	
458	461	-1	
312	316	-1	
175	183	1	
488	494	-1	
Energy:	-2116	
